4172 0.06 0.06 0.265998 -12 -12
-1.92 0.06 1.67657e-06
-1.92 0.12 1.58317e-06
-1.92 0.18 1.47441e-06
-1.92 0.24 1.35428e-06
-1.92 0.3 1.22682e-06
-1.86 -0.24 3.15935e-06
-1.86 -0.18 3.19711e-06
-1.86 -0.12 3.19088e-06
-1.86 -0.06 3.14086e-06
-1.86 9.71445e-15 3.04915e-06
-1.86 0.06 2.91941e-06
-1.86 0.12 2.75675e-06
-1.86 0.18 2.56742e-06
-1.86 0.24 2.35819e-06
-1.86 0.3 2.13627e-06
-1.86 0.36 1.90861e-06
-1.86 0.42 1.68176e-06
-1.8 -0.42 4.81847e-06
-1.8 -0.36 5.08281e-06
-1.8 -0.3 5.28796e-06
-1.8 -0.24 5.42578e-06
-1.8 -0.18 5.4906e-06
-1.8 -0.12 5.47987e-06
-1.8 -0.06 5.39396e-06
-1.8 9.71445e-15 5.23648e-06
-1.8 0.06 5.0137e-06
-1.8 0.12 4.73439e-06
-1.8 0.18 4.40915e-06
-1.8 0.24 4.0499e-06
-1.8 0.3 3.66874e-06
-1.8 0.36 3.27777e-06
-1.8 0.42 2.88822e-06
-1.8 0.48 2.51e-06
-1.8 0.54 2.1513e-06
-1.74 -0.6 6.399e-06
-1.74 -0.54 7.03623e-06
-1.74 -0.48 7.63055e-06
-1.74 -0.42 8.16138e-06
-1.74 -0.36 8.60905e-06
-1.74 -0.3 8.95657e-06
-1.74 -0.24 9.18991e-06
-1.74 -0.18 9.29971e-06
-1.74 -0.12 9.28165e-06
-1.74 -0.06 9.1361e-06
-1.74 9.71445e-15 8.86936e-06
-1.74 0.06 8.49195e-06
-1.74 0.12 8.01892e-06
-1.74 0.18 7.46812e-06
-1.74 0.24 6.85954e-06
-1.74 0.3 6.21398e-06
-1.74 0.36 5.55177e-06
-1.74 0.42 4.89196e-06
-1.74 0.48 4.25132e-06
-1.74 0.54 3.64379e-06
-1.74 0.6 3.08013e-06
-1.74 0.66 2.5679e-06
-1.68 -0.72 8.48133e-06
-1.68 -0.66 9.58777e-06
-1.68 -0.6 1.06894e-05
-1.68 -0.54 1.17539e-05
-1.68 -0.48 1.27467e-05
-1.68 -0.42 1.36334e-05
-1.68 -0.36 1.43813e-05
-1.68 -0.3 1.49617e-05
-1.68 -0.24 1.53515e-05
-1.68 -0.18 1.55351e-05
-1.68 -0.12 1.55048e-05
-1.68 -0.06 1.52618e-05
-1.68 9.71445e-15 1.48161e-05
-1.68 0.06 1.41857e-05
-1.68 0.12 1.33954e-05
-1.68 0.18 1.24754e-05
-1.68 0.24 1.14587e-05
-1.68 0.3 1.03803e-05
-1.68 0.36 9.27405e-06
-1.68 0.42 8.1719e-06
-1.68 0.48 7.10166e-06
-1.68 0.54 6.08685e-06
-1.68 0.6 5.14531e-06
-1.68 0.66 4.28961e-06
-1.68 0.72 3.52705e-06
-1.62 -0.84 1.04897e-05
-1.62 -0.78 1.21909e-05
-1.62 -0.72 1.39733e-05
-1.62 -0.66 1.5796e-05
-1.62 -0.6 1.76111e-05
-1.62 -0.54 1.93647e-05
-1.62 -0.48 2.10003e-05
-1.62 -0.42 2.24611e-05
-1.62 -0.36 2.36934e-05
-1.62 -0.3 2.46494e-05
-1.62 -0.24 2.5292e-05
-1.62 -0.18 2.55945e-05
-1.62 -0.12 2.55443e-05
-1.62 -0.06 2.51441e-05
-1.62 9.71445e-15 2.44097e-05
-1.62 0.06 2.33711e-05
-1.62 0.12 2.20691e-05
-1.62 0.18 2.05533e-05
-1.62 0.24 1.88784e-05
-1.62 0.3 1.71017e-05
-1.62 0.36 1.52792e-05
-1.62 0.42 1.34633e-05
-1.62 0.48 1.17002e-05
-1.62 0.54 1.00281e-05
-1.62 0.6 8.47698e-06
-1.62 0.66 7.06726e-06
-1.62 0.72 5.81094e-06
-1.62 0.78 4.71228e-06
-1.62 0.84 3.76883e-06
-1.56 -0.96 1.21061e-05
-1.56 -0.9 1.44644e-05
-1.56 -0.84 1.70443e-05
-1.56 -0.78 1.98087e-05
-1.56 -0.72 2.27047e-05
-1.56 -0.66 2.56664e-05
-1.56 -0.6 2.86156e-05
-1.56 -0.54 3.14653e-05
-1.56 -0.48 3.4123e-05
-1.56 -0.42 3.64964e-05
-1.56 -0.36 3.84988e-05
-1.56 -0.3 4.00524e-05
-1.56 -0.24 4.10963e-05
-1.56 -0.18 4.15874e-05
-1.56 -0.12 4.15064e-05
-1.56 -0.06 4.08556e-05
-1.56 9.71445e-15 3.96628e-05
-1.56 0.06 3.79752e-05
-1.56 0.12 3.58594e-05
-1.56 0.18 3.33965e-05
-1.56 0.24 3.0675e-05
-1.56 0.3 2.77882e-05
-1.56 0.36 2.48268e-05
-1.56 0.42 2.1876e-05
-1.56 0.48 1.90113e-05
-1.56 0.54 1.62945e-05
-1.56 0.6 1.37739e-05
-1.56 0.66 1.14833e-05
-1.56 0.72 9.44203e-06
-1.56 0.78 7.65683e-06
-1.56 0.84 6.12383e-06
-1.56 0.9 4.83045e-06
-1.5 -1.02 1.60145e-05
-1.5 -0.96 1.94005e-05
-1.5 -0.9 2.31799e-05
-1.5 -0.84 2.73143e-05
-1.5 -0.78 3.1744e-05
-1.5 -0.72 3.63851e-05
-1.5 -0.66 4.11314e-05
-1.5 -0.6 4.58577e-05
-1.5 -0.54 5.04239e-05
-1.5 -0.48 5.4683e-05
-1.5 -0.42 5.8487e-05
-1.5 -0.36 6.16957e-05
-1.5 -0.3 6.41853e-05
-1.5 -0.24 6.58579e-05
-1.5 -0.18 6.66459e-05
-1.5 -0.12 6.65152e-05
-1.5 -0.06 6.54731e-05
-1.5 9.71445e-15 6.35608e-05
-1.5 0.06 6.08563e-05
-1.5 0.12 5.74659e-05
-1.5 0.18 5.35192e-05
-1.5 0.24 4.91576e-05
-1.5 0.3 4.45312e-05
-1.5 0.36 3.97859e-05
-1.5 0.42 3.50574e-05
-1.5 0.48 3.04661e-05
-1.5 0.54 2.61125e-05
-1.5 0.6 2.20734e-05
-1.5 0.66 1.84025e-05
-1.5 0.72 1.51312e-05
-1.5 0.78 1.22704e-05
-1.5 0.84 9.8137e-06
-1.5 0.9 7.74101e-06
-1.5 0.96 6.02207e-06
-1.44 -1.14 1.65451e-05
-1.44 -1.08 2.0606e-05
-1.44 -1.02 2.53108e-05
-1.44 -0.96 3.06626e-05
-1.44 -0.9 3.66357e-05
-1.44 -0.84 4.31706e-05
-1.44 -0.78 5.01716e-05
-1.44 -0.72 5.75067e-05
-1.44 -0.66 6.50086e-05
-1.44 -0.6 7.24779e-05
-1.44 -0.54 7.96957e-05
-1.44 -0.48 8.64271e-05
-1.44 -0.42 9.24397e-05
-1.44 -0.36 9.75104e-05
-1.44 -0.3 0.000101446
-1.44 -0.24 0.000104089
-1.44 -0.18 0.000105333
-1.44 -0.12 0.000105128
-1.44 -0.06 0.00010348
-1.44 9.71445e-15 0.000100458
-1.44 0.06 9.6184e-05
-1.44 0.12 9.08261e-05
-1.44 0.18 8.45877e-05
-1.44 0.24 7.76944e-05
-1.44 0.3 7.03825e-05
-1.44 0.36 6.28818e-05
-1.44 0.42 5.54087e-05
-1.44 0.48 4.81523e-05
-1.44 0.54 4.12713e-05
-1.44 0.6 3.48871e-05
-1.44 0.66 2.90852e-05
-1.44 0.72 2.39147e-05
-1.44 0.78 1.93934e-05
-1.44 0.84 1.55105e-05
-1.44 0.9 1.22347e-05
-1.44 0.96 9.51803e-06
-1.44 1.02 7.30275e-06
-1.38 -1.2 2.04229e-05
-1.38 -1.14 2.57901e-05
-1.38 -1.08 3.212e-05
-1.38 -1.02 3.94541e-05
-1.38 -0.96 4.77969e-05
-1.38 -0.9 5.71069e-05
-1.38 -0.84 6.72934e-05
-1.38 -0.78 7.8207e-05
-1.38 -0.72 8.96406e-05
-1.38 -0.66 0.000101333
-1.38 -0.6 0.000112977
-1.38 -0.54 0.000124228
-1.38 -0.48 0.000134722
-1.38 -0.42 0.000144093
-1.38 -0.36 0.000151997
-1.38 -0.3 0.000158132
-1.38 -0.24 0.000162254
-1.38 -0.18 0.000164192
-1.38 -0.12 0.000163871
-1.38 -0.06 0.000161302
-1.38 9.71445e-15 0.000156593
-1.38 0.06 0.00014993
-1.38 0.12 0.000141578
-1.38 0.18 0.000131852
-1.38 0.24 0.000121109
-1.38 0.3 0.00010971
-1.38 0.36 9.80195e-05
-1.38 0.42 8.63697e-05
-1.38 0.48 7.50595e-05
-1.38 0.54 6.43329e-05
-1.38 0.6 5.43814e-05
-1.38 0.66 4.53374e-05
-1.38 0.72 3.72784e-05
-1.38 0.78 3.02302e-05
-1.38 0.84 2.41777e-05
-1.38 0.9 1.9071e-05
-1.38 0.96 1.48365e-05
-1.38 1.02 1.13834e-05
-1.38 1.08 8.614e-06
-1.32 -1.26 2.4521e-05
-1.32 -1.2 3.1397e-05
-1.32 -1.14 3.96481e-05
-1.32 -1.08 4.93803e-05
-1.32 -1.02 6.06556e-05
-1.32 -0.96 7.34806e-05
-1.32 -0.9 8.77947e-05
-1.32 -0.84 0.000103454
-1.32 -0.78 0.000120232
-1.32 -0.72 0.000137811
-1.32 -0.66 0.000155786
-1.32 -0.6 0.000173688
-1.32 -0.54 0.000190984
-1.32 -0.48 0.000207114
-1.32 -0.42 0.00022152
-1.32 -0.36 0.000233674
-1.32 -0.3 0.000243104
-1.32 -0.24 0.000249441
-1.32 -0.18 0.000252424
-1.32 -0.12 0.000251929
-1.32 -0.06 0.000247982
-1.32 9.71445e-15 0.00024074
-1.32 0.06 0.000230496
-1.32 0.12 0.000217654
-1.32 0.18 0.000202705
-1.32 0.24 0.000186186
-1.32 0.3 0.000168665
-1.32 0.36 0.000150691
-1.32 0.42 0.00013278
-1.32 0.48 0.000115392
-1.32 0.54 9.89013e-05
-1.32 0.6 8.36037e-05
-1.32 0.66 6.97005e-05
-1.32 0.72 5.73102e-05
-1.32 0.78 4.64747e-05
-1.32 0.84 3.71699e-05
-1.32 0.9 2.93193e-05
-1.32 0.96 2.2809e-05
-1.32 1.02 1.75003e-05
-1.32 1.08 1.32427e-05
-1.32 1.14 9.88314e-06
-1.26 -1.32 2.86383e-05
-1.26 -1.26 3.71797e-05
-1.26 -1.2 4.76053e-05
-1.26 -1.14 6.01159e-05
-1.26 -1.08 7.48717e-05
-1.26 -1.02 9.19668e-05
-1.26 -0.96 0.000111414
-1.26 -0.9 0.000133116
-1.26 -0.84 0.000156861
-1.26 -0.78 0.000182298
-1.26 -0.72 0.00020895
-1.26 -0.66 0.000236206
-1.26 -0.6 0.000263349
-1.26 -0.54 0.000289572
-1.26 -0.48 0.000314032
-1.26 -0.42 0.000335877
-1.26 -0.36 0.000354301
-1.26 -0.3 0.000368602
-1.26 -0.24 0.000378209
-1.26 -0.18 0.000382729
-1.26 -0.12 0.000381979
-1.26 -0.06 0.000375995
-1.26 9.71445e-15 0.000365013
-1.26 0.06 0.000349482
-1.26 0.12 0.000330016
-1.26 0.18 0.000307346
-1.26 0.24 0.000282302
-1.26 0.3 0.000255731
-1.26 0.36 0.000228482
-1.26 0.42 0.000201327
-1.26 0.48 0.000174962
-1.26 0.54 0.000149958
-1.26 0.6 0.000126763
-1.26 0.66 0.000105681
-1.26 0.72 8.68951e-05
-1.26 0.78 7.04662e-05
-1.26 0.84 5.6358e-05
-1.26 0.9 4.44544e-05
-1.26 0.96 3.45836e-05
-1.26 1.02 2.65346e-05
-1.26 1.08 2.0079e-05
-1.26 1.14 1.49851e-05
-1.26 1.2 1.10298e-05
-1.2 -1.38 3.25333e-05
-1.2 -1.32 4.28253e-05
-1.2 -1.26 5.55977e-05
-1.2 -1.2 7.1188e-05
-1.2 -1.14 8.98962e-05
-1.2 -1.08 0.000111962
-1.2 -1.02 0.000137527
-1.2 -0.96 0.000166605
-1.2 -0.9 0.000199061
-1.2 -0.84 0.000234565
-1.2 -0.78 0.000272606
-1.2 -0.72 0.000312464
-1.2 -0.66 0.00035322
-1.2 -0.6 0.000393811
-1.2 -0.54 0.000433025
-1.2 -0.48 0.000469597
-1.2 -0.42 0.000502264
-1.2 -0.36 0.000529817
-1.2 -0.3 0.000551202
-1.2 -0.24 0.000565566
-1.2 -0.18 0.000572331
-1.2 -0.12 0.00057121
-1.2 -0.06 0.00056226
-1.2 9.71445e-15 0.00054584
-1.2 0.06 0.000522612
-1.2 0.12 0.000493496
-1.2 0.18 0.000459603
-1.2 0.24 0.000422145
-1.2 0.3 0.000382421
-1.2 0.36 0.000341669
-1.2 0.42 0.00030106
-1.2 0.48 0.000261634
-1.2 0.54 0.000224244
-1.2 0.6 0.000189559
-1.2 0.66 0.000158035
-1.2 0.72 0.000129941
-1.2 0.78 0.000105374
-1.2 0.84 8.42764e-05
-1.2 0.9 6.64768e-05
-1.2 0.96 5.17159e-05
-1.2 1.02 3.96794e-05
-1.2 1.08 3.00258e-05
-1.2 1.14 2.24085e-05
-1.2 1.2 1.64939e-05
-1.2 1.26 1.19735e-05
-1.14 -1.44 3.59491e-05
-1.14 -1.38 4.79813e-05
-1.14 -1.32 6.31597e-05
-1.14 -1.26 8.19966e-05
-1.14 -1.2 0.00010499
-1.14 -1.14 0.000132582
-1.14 -1.08 0.000165123
-1.14 -1.02 0.000202828
-1.14 -0.96 0.000245715
-1.14 -0.9 0.000293579
-1.14 -0.84 0.000345943
-1.14 -0.78 0.00040205
-1.14 -0.72 0.00046083
-1.14 -0.66 0.00052094
-1.14 -0.6 0.000580802
-1.14 -0.54 0.000638641
-1.14 -0.48 0.000692582
-1.14 -0.42 0.000740751
-1.14 -0.36 0.000781395
-1.14 -0.3 0.000812927
-1.14 -0.24 0.00083412
-1.14 -0.18 0.000844089
-1.14 -0.12 0.00084244
-1.14 -0.06 0.000829234
-1.14 9.71445e-15 0.000805022
-1.14 0.06 0.00077077
-1.14 0.12 0.000727826
-1.14 0.18 0.000677834
-1.14 0.24 0.0006226
-1.14 0.3 0.000564007
-1.14 0.36 0.0005039
-1.14 0.42 0.00044401
-1.14 0.48 0.000385867
-1.14 0.54 0.000330723
-1.14 0.6 0.000279564
-1.14 0.66 0.000233074
-1.14 0.72 0.000191642
-1.14 0.78 0.000155408
-1.14 0.84 0.000124294
-1.14 0.9 9.80417e-05
-1.14 0.96 7.62718e-05
-1.14 1.02 5.85197e-05
-1.14 1.08 4.42828e-05
-1.14 1.14 3.30486e-05
-1.14 1.2 2.43256e-05
-1.14 1.26 1.76589e-05
-1.14 1.32 1.26429e-05
-1.08 -1.5 3.8639e-05
-1.08 -1.44 5.22904e-05
-1.08 -1.38 6.97914e-05
-1.08 -1.32 9.18691e-05
-1.08 -1.26 0.00011927
-1.08 -1.2 0.000152714
-1.08 -1.14 0.000192849
-1.08 -1.08 0.000240182
-1.08 -1.02 0.000295023
-1.08 -0.96 0.000357405
-1.08 -0.9 0.000427025
-1.08 -0.84 0.000503198
-1.08 -0.78 0.000584806
-1.08 -0.72 0.000670299
-1.08 -0.66 0.000757739
-1.08 -0.6 0.000844801
-1.08 -0.54 0.000928937
-1.08 -0.48 0.00100741
-1.08 -0.42 0.00107748
-1.08 -0.36 0.00113659
-1.08 -0.3 0.00118246
-1.08 -0.24 0.00121327
-1.08 -0.18 0.00122777
-1.08 -0.12 0.00122537
-1.08 -0.06 0.00120616
-1.08 9.71445e-15 0.00117094
-1.08 0.06 0.00112113
-1.08 0.12 0.00105867
-1.08 0.18 0.00098595
-1.08 0.24 0.000905613
-1.08 0.3 0.000820379
-1.08 0.36 0.000732948
-1.08 0.42 0.000645846
-1.08 0.48 0.000561266
-1.08 0.54 0.00048106
-1.08 0.6 0.000406644
-1.08 0.66 0.000339015
-1.08 0.72 0.000278753
-1.08 0.78 0.000226049
-1.08 0.84 0.000180792
-1.08 0.9 0.000142608
-1.08 0.96 0.000110942
-1.08 1.02 8.51208e-05
-1.08 1.08 6.44121e-05
-1.08 1.14 4.80714e-05
-1.08 1.2 3.53829e-05
-1.08 1.26 2.56857e-05
-1.08 1.32 1.83898e-05
-1.02 -1.56 4.03968e-05
-1.02 -1.5 5.54303e-05
-1.02 -1.44 7.50139e-05
-1.02 -1.38 0.000100119
-1.02 -1.32 0.000131793
-1.02 -1.26 0.000171101
-1.02 -1.2 0.000219079
-1.02 -1.14 0.000276654
-1.02 -1.08 0.000344558
-1.02 -1.02 0.000423232
-1.02 -0.96 0.000512726
-1.02 -0.9 0.000612597
-1.02 -0.84 0.000721872
-1.02 -0.78 0.000838937
-1.02 -0.72 0.00096159
-1.02 -0.66 0.00108702
-1.02 -0.6 0.00121193
-1.02 -0.54 0.00133261
-1.02 -0.48 0.00144518
-1.02 -0.42 0.00154571
-1.02 -0.36 0.0016305
-1.02 -0.3 0.0016963
-1.02 -0.24 0.00174051
-1.02 -0.18 0.00176132
-1.02 -0.12 0.00175786
-1.02 -0.06 0.00173032
-1.02 9.71445e-15 0.00167979
-1.02 0.06 0.00160832
-1.02 0.12 0.00151873
-1.02 0.18 0.0014144
-1.02 0.24 0.00129916
-1.02 0.3 0.00117687
-1.02 0.36 0.00105147
-1.02 0.42 0.000926508
-1.02 0.48 0.000805172
-1.02 0.54 0.00069011
-1.02 0.6 0.00058336
-1.02 0.66 0.000486342
-1.02 0.72 0.000399891
-1.02 0.78 0.000324284
-1.02 0.84 0.000259359
-1.02 0.9 0.00020458
-1.02 0.96 0.000159152
-1.02 1.02 0.000122112
-1.02 1.08 9.24029e-05
-1.02 1.14 6.89614e-05
-1.02 1.2 5.07592e-05
-1.02 1.26 3.68481e-05
-1.02 1.32 2.63815e-05
-1.02 1.38 1.86285e-05
-0.96 -1.62 4.10808e-05
-0.96 -1.56 5.71548e-05
-0.96 -1.5 7.84247e-05
-0.96 -1.44 0.000106133
-0.96 -1.38 0.000141655
-0.96 -1.32 0.000186466
-0.96 -1.26 0.00024208
-0.96 -1.2 0.000309963
-0.96 -1.14 0.000391423
-0.96 -1.08 0.000487493
-0.96 -1.02 0.000598805
-0.96 -0.96 0.000725424
-0.96 -0.9 0.000866726
-0.96 -0.84 0.00102133
-0.96 -0.78 0.00118697
-0.96 -0.72 0.0013605
-0.96 -0.66 0.00153797
-0.96 -0.6 0.00171469
-0.96 -0.54 0.00188545
-0.96 -0.48 0.00204471
-0.96 -0.42 0.00218693
-0.96 -0.36 0.00230691
-0.96 -0.3 0.00240002
-0.96 -0.24 0.00246257
-0.96 -0.18 0.00249198
-0.96 -0.12 0.00248713
-0.96 -0.06 0.00244812
-0.96 9.71445e-15 0.00237666
-0.96 0.06 0.00227554
-0.96 0.12 0.00214877
-0.96 0.18 0.00200116
-0.96 0.24 0.00183811
-0.96 0.3 0.00166511
-0.96 0.36 0.00148766
-0.96 0.42 0.00131086
-0.96 0.48 0.0011392
-0.96 0.54 0.000976399
-0.96 0.6 0.000825356
-0.96 0.66 0.000688098
-0.96 0.72 0.000565783
-0.96 0.78 0.00045881
-0.96 0.84 0.000366951
-0.96 0.9 0.000289448
-0.96 0.96 0.000225177
-0.96 1.02 0.000172768
-0.96 1.08 0.000130737
-0.96 1.14 9.75696e-05
-0.96 1.2 7.18158e-05
-0.96 1.26 5.21341e-05
-0.96 1.32 3.73256e-05
-0.96 1.38 2.63562e-05
-0.96 1.44 1.83546e-05
-0.9 -1.68 4.06358e-05
-0.9 -1.62 5.73242e-05
-0.9 -1.56 7.97541e-05
-0.9 -1.5 0.000109435
-0.9 -1.44 0.000148098
-0.9 -1.38 0.000197663
-0.9 -1.32 0.000260194
-0.9 -1.26 0.000337798
-0.9 -1.2 0.00043252
-0.9 -1.14 0.000546186
-0.9 -1.08 0.000680251
-0.9 -1.02 0.000835579
-0.9 -0.96 0.00101226
-0.9 -0.9 0.00120944
-0.9 -0.84 0.00142517
-0.9 -0.78 0.00165629
-0.9 -0.72 0.00189845
-0.9 -0.66 0.00214608
-0.9 -0.6 0.00239269
-0.9 -0.54 0.00263095
-0.9 -0.48 0.00285317
-0.9 -0.42 0.00305162
-0.9 -0.36 0.00321906
-0.9 -0.3 0.00334893
-0.9 -0.24 0.00343625
-0.9 -0.18 0.00347734
-0.9 -0.12 0.00347051
-0.9 -0.06 0.00341615
-0.9 9.71445e-15 0.00331638
-0.9 0.06 0.00317526
-0.9 0.12 0.00299838
-0.9 0.18 0.00279243
-0.9 0.24 0.00256488
-0.9 0.3 0.00232348
-0.9 0.36 0.00207588
-0.9 0.42 0.00182917
-0.9 0.48 0.00158963
-0.9 0.54 0.00136246
-0.9 0.6 0.0011517
-0.9 0.66 0.000960178
-0.9 0.72 0.000789494
-0.9 0.78 0.000640223
-0.9 0.84 0.000512046
-0.9 0.9 0.000403897
-0.9 0.96 0.00031421
-0.9 1.02 0.000241081
-0.9 1.08 0.000182428
-0.9 1.14 0.000136148
-0.9 1.2 0.000100213
-0.9 1.26 7.27482e-05
-0.9 1.32 5.2084e-05
-0.9 1.38 3.67777e-05
-0.9 1.44 2.56121e-05
-0.84 -1.68 5.59243e-05
-0.84 -1.62 7.88908e-05
-0.84 -1.56 0.000109758
-0.84 -1.5 0.000150607
-0.84 -1.44 0.000203814
-0.84 -1.38 0.00027203
-0.84 -1.32 0.000358083
-0.84 -1.26 0.000464885
-0.84 -1.2 0.000595237
-0.84 -1.14 0.000751677
-0.84 -1.08 0.000936179
-0.84 -1.02 0.00114993
-0.84 -0.96 0.00139307
-0.84 -0.9 0.00166445
-0.84 -0.84 0.00196134
-0.84 -0.78 0.00227942
-0.84 -0.72 0.00261266
-0.84 -0.66 0.00295349
-0.84 -0.6 0.00329285
-0.84 -0.54 0.00362076
-0.84 -0.48 0.00392658
-0.84 -0.42 0.00419974
-0.84 -0.36 0.00443014
-0.84 -0.3 0.00460892
-0.84 -0.24 0.00472898
-0.84 -0.18 0.00478557
-0.84 -0.12 0.00477622
-0.84 -0.06 0.00470136
-0.84 9.71445e-15 0.00456405
-0.84 0.06 0.00436987
-0.84 0.12 0.00412643
-0.84 0.18 0.00384302
-0.84 0.24 0.00352982
-0.84 0.3 0.00319763
-0.84 0.36 0.00285686
-0.84 0.42 0.00251734
-0.84 0.48 0.00218765
-0.84 0.54 0.00187504
-0.84 0.6 0.001585
-0.84 0.66 0.00132141
-0.84 0.72 0.0010865
-0.84 0.78 0.000881085
-0.84 0.84 0.00070468
-0.84 0.9 0.000555852
-0.84 0.96 0.000432424
-0.84 1.02 0.000331781
-0.84 1.08 0.000251062
-0.84 1.14 0.000187371
-0.84 1.2 0.000137915
-0.84 1.26 0.000100116
-0.84 1.32 7.16792e-05
-0.84 1.38 5.06138e-05
-0.84 1.44 3.52481e-05
-0.84 1.5 2.42095e-05
-0.78 -1.74 5.30688e-05
-0.78 -1.68 7.5906e-05
-0.78 -1.62 0.000107077
-0.78 -1.56 0.000148975
-0.78 -1.5 0.000204417
-0.78 -1.44 0.000276637
-0.78 -1.38 0.000369225
-0.78 -1.32 0.000486029
-0.78 -1.26 0.00063099
-0.78 -1.2 0.000807924
-0.78 -1.14 0.00102026
-0.78 -1.08 0.00127067
-0.78 -1.02 0.00156078
-0.78 -0.96 0.00189083
-0.78 -0.9 0.00225913
-0.78 -0.84 0.00266213
-0.78 -0.78 0.00309386
-0.78 -0.72 0.00354615
-0.78 -0.66 0.00400875
-0.78 -0.6 0.00446935
-0.78 -0.54 0.00491444
-0.78 -0.48 0.00532958
-0.78 -0.42 0.00570031
-0.78 -0.36 0.00601299
-0.78 -0.3 0.00625571
-0.78 -0.24 0.00641871
-0.78 -0.18 0.00649537
-0.78 -0.12 0.00648274
-0.78 -0.06 0.00638108
-0.78 9.71445e-15 0.00619476
-0.78 0.06 0.00593123
-0.78 0.12 0.00560083
-0.78 0.18 0.00521609
-0.78 0.24 0.00479107
-0.78 0.3 0.00434013
-0.78 0.36 0.00387763
-0.78 0.42 0.00341679
-0.78 0.48 0.00296934
-0.78 0.54 0.00254501
-0.78 0.6 0.00215132
-0.78 0.66 0.00179354
-0.78 0.72 0.00147472
-0.78 0.78 0.0011959
-0.78 0.84 0.000956461
-0.78 0.9 0.000754451
-0.78 0.96 0.000586931
-0.78 1.02 0.000450325
-0.78 1.08 0.000340768
-0.78 1.14 0.000254319
-0.78 1.2 0.00018719
-0.78 1.26 0.000135888
-0.78 1.32 9.72899e-05
-0.78 1.38 6.86977e-05
-0.78 1.44 4.7842e-05
-0.78 1.5 3.28598e-05
-0.78 1.56 2.22589e-05
-0.72 -1.8 4.8984e-05
-0.72 -1.74 7.10401e-05
-0.72 -1.68 0.000101611
-0.72 -1.62 0.000143339
-0.72 -1.56 0.000199424
-0.72 -1.5 0.000273641
-0.72 -1.44 0.000370318
-0.72 -1.38 0.000494264
-0.72 -1.32 0.000650619
-0.72 -1.26 0.000844661
-0.72 -1.2 0.00108152
-0.72 -1.14 0.00136575
-0.72 -1.08 0.00170097
-0.72 -1.02 0.00208936
-0.72 -0.96 0.00253114
-0.72 -0.9 0.0030242
-0.72 -0.84 0.0035636
-0.72 -0.78 0.00414158
-0.72 -0.72 0.00474708
-0.72 -0.66 0.00536631
-0.72 -0.6 0.00598292
-0.72 -0.54 0.00657874
-0.72 -0.48 0.0071344
-0.72 -0.42 0.00763063
-0.72 -0.36 0.00804929
-0.72 -0.3 0.00837412
-0.72 -0.24 0.00859237
-0.72 -0.18 0.00869506
-0.72 -0.12 0.00867812
-0.72 -0.06 0.00854205
-0.72 9.71445e-15 0.00829266
-0.72 0.06 0.00793982
-0.72 0.12 0.00749745
-0.72 0.18 0.00698251
-0.72 0.24 0.0064135
-0.72 0.3 0.00580993
-0.72 0.36 0.00519076
-0.72 0.42 0.00457382
-0.72 0.48 0.00397486
-0.72 0.54 0.00340683
-0.72 0.6 0.00287983
-0.72 0.66 0.00240093
-0.72 0.72 0.00197413
-0.72 0.78 0.00160088
-0.72 0.84 0.00128036
-0.72 0.9 0.00100995
-0.72 0.96 0.00078569
-0.72 1.02 0.00060282
-0.72 1.08 0.000456165
-0.72 1.14 0.00034044
-0.72 1.2 0.000250581
-0.72 1.26 0.000181906
-0.72 1.32 0.000130236
-0.72 1.38 9.1962e-05
-0.72 1.44 6.40433e-05
-0.72 1.5 4.39872e-05
-0.72 1.56 2.97967e-05
-0.66 -1.8 6.4671e-05
-0.66 -1.74 9.37904e-05
-0.66 -1.68 0.000134151
-0.66 -1.62 0.000189242
-0.66 -1.56 0.000263289
-0.66 -1.5 0.000361272
-0.66 -1.44 0.000488911
-0.66 -1.38 0.000652542
-0.66 -1.32 0.000858977
-0.66 -1.26 0.00111517
-0.66 -1.2 0.00142788
-0.66 -1.14 0.00180313
-0.66 -1.08 0.00224569
-0.66 -1.02 0.00275844
-0.66 -0.96 0.00334173
-0.66 -0.9 0.00399265
-0.66 -0.84 0.00470486
-0.66 -0.78 0.00546789
-0.66 -0.72 0.00626725
-0.66 -0.66 0.00708478
-0.66 -0.6 0.00789884
-0.66 -0.54 0.00868548
-0.66 -0.48 0.00941916
-0.66 -0.42 0.0100743
-0.66 -0.36 0.010627
-0.66 -0.3 0.0110559
-0.66 -0.24 0.011344
-0.66 -0.18 0.0114795
-0.66 -0.12 0.0114571
-0.66 -0.06 0.0112775
-0.66 9.71445e-15 0.0109482
-0.66 0.06 0.0104825
-0.66 0.12 0.00989853
-0.66 0.18 0.00921856
-0.66 0.24 0.00846741
-0.66 0.3 0.00767046
-0.66 0.36 0.00685307
-0.66 0.42 0.00603861
-0.66 0.48 0.00524782
-0.66 0.54 0.00449788
-0.66 0.6 0.00380209
-0.66 0.66 0.00316978
-0.66 0.72 0.00260633
-0.66 0.78 0.00211356
-0.66 0.84 0.00169039
-0.66 0.9 0.00133336
-0.66 0.96 0.0010373
-0.66 1.02 0.000795873
-0.66 1.08 0.000602252
-0.66 1.14 0.000449465
-0.66 1.2 0.000330825
-0.66 1.26 0.00024016
-0.66 1.32 0.000171944
-0.66 1.38 0.000121412
-0.66 1.44 8.45526e-05
-0.66 1.5 5.80743e-05
-0.66 1.56 3.9339e-05
-0.66 1.62 2.6282e-05
-0.6 -1.86 5.72659e-05
-0.6 -1.8 8.42082e-05
-0.6 -1.74 0.000122124
-0.6 -1.68 0.000174678
-0.6 -1.62 0.000246413
-0.6 -1.56 0.000342826
-0.6 -1.5 0.000470414
-0.6 -1.44 0.000636605
-0.6 -1.38 0.00084968
-0.6 -1.32 0.00111847
-0.6 -1.26 0.00145206
-0.6 -1.2 0.00185922
-0.6 -1.14 0.00234785
-0.6 -1.08 0.00292412
-0.6 -1.02 0.00359176
-0.6 -0.96 0.00435122
-0.6 -0.9 0.00519884
-0.6 -0.84 0.00612619
-0.6 -0.78 0.00711969
-0.6 -0.72 0.00816058
-0.6 -0.66 0.00922514
-0.6 -0.6 0.0102851
-0.6 -0.54 0.0113094
-0.6 -0.48 0.0122646
-0.6 -0.42 0.0131178
-0.6 -0.36 0.0138374
-0.6 -0.3 0.0143959
-0.6 -0.24 0.0147709
-0.6 -0.18 0.0149475
-0.6 -0.12 0.0149184
-0.6 -0.06 0.0146845
-0.6 9.71445e-15 0.0142557
-0.6 0.06 0.0136492
-0.6 0.12 0.0128888
-0.6 0.18 0.0120035
-0.6 0.24 0.0110253
-0.6 0.3 0.00998774
-0.6 0.36 0.00892335
-0.6 0.42 0.00786285
-0.6 0.48 0.00683313
-0.6 0.54 0.00585667
-0.6 0.6 0.00495071
-0.6 0.66 0.00412738
-0.6 0.72 0.00339366
-0.6 0.78 0.00275205
-0.6 0.84 0.00220103
-0.6 0.9 0.00173619
-0.6 0.96 0.00135067
-0.6 1.02 0.00103631
-0.6 1.08 0.000784189
-0.6 1.14 0.000585249
-0.6 1.2 0.000430771
-0.6 1.26 0.000312708
-0.6 1.32 0.000223887
-0.6 1.38 0.00015809
-0.6 1.44 0.000110096
-0.6 1.5 7.56182e-05
-0.6 1.56 5.12228e-05
-0.6 1.62 3.42214e-05
-0.54 -1.86 7.35402e-05
-0.54 -1.8 0.00010814
-0.54 -1.74 0.00015683
-0.54 -1.68 0.000224321
-0.54 -1.62 0.000316444
-0.54 -1.56 0.000440259
-0.54 -1.5 0.000604106
-0.54 -1.44 0.000817532
-0.54 -1.38 0.00109116
-0.54 -1.32 0.00143633
-0.54 -1.26 0.00186472
-0.54 -1.2 0.00238758
-0.54 -1.14 0.00301509
-0.54 -1.08 0.00375516
-0.54 -1.02 0.00461258
-0.54 -0.96 0.00558785
-0.54 -0.9 0.00667639
-0.54 -0.84 0.00786721
-0.54 -0.78 0.00914312
-0.54 -0.72 0.0104798
-0.54 -0.66 0.0118469
-0.54 -0.6 0.0132082
-0.54 -0.54 0.0145234
-0.54 -0.48 0.0157502
-0.54 -0.42 0.0168458
-0.54 -0.36 0.01777
-0.54 -0.3 0.0184871
-0.54 -0.24 0.0189687
-0.54 -0.18 0.0191957
-0.54 -0.12 0.0191582
-0.54 -0.06 0.0188579
-0.54 9.71445e-15 0.0183071
-0.54 0.06 0.0175283
-0.54 0.12 0.0165517
-0.54 0.18 0.0154149
-0.54 0.24 0.0141587
-0.54 0.3 0.0128262
-0.54 0.36 0.0114593
-0.54 0.42 0.0100974
-0.54 0.48 0.00877498
-0.54 0.54 0.00752107
-0.54 0.6 0.0063577
-0.54 0.66 0.00530039
-0.54 0.72 0.00435815
-0.54 0.78 0.00353417
-0.54 0.84 0.00282659
-0.54 0.9 0.00222961
-0.54 0.96 0.00173452
-0.54 1.02 0.00133082
-0.54 1.08 0.00100705
-0.54 1.14 0.000751575
-0.54 1.2 0.000553199
-0.54 1.26 0.000401584
-0.54 1.32 0.000287516
-0.54 1.38 0.000203021
-0.54 1.44 0.000141386
-0.54 1.5 9.71078e-05
-0.54 1.56 6.57806e-05
-0.54 1.62 4.39471e-05
-0.48 -1.92 6.24708e-05
-0.48 -1.86 9.31427e-05
-0.48 -1.8 0.000136963
-0.48 -1.74 0.000198634
-0.48 -1.68 0.000284111
-0.48 -1.62 0.000400789
-0.48 -1.56 0.000557609
-0.48 -1.5 0.000765125
-0.48 -1.44 0.00103544
-0.48 -1.38 0.00138199
-0.48 -1.32 0.00181918
-0.48 -1.26 0.00236174
-0.48 -1.2 0.00302401
-0.48 -1.14 0.0038187
-0.48 -1.08 0.00475606
-0.48 -1.02 0.00584205
-0.48 -0.96 0.00707731
-0.48 -0.9 0.00845596
-0.48 -0.84 0.00996418
-0.48 -0.78 0.0115801
-0.48 -0.72 0.0132733
-0.48 -0.66 0.0150046
-0.48 -0.6 0.0167288
-0.48 -0.54 0.0183946
-0.48 -0.48 0.0199482
-0.48 -0.42 0.0213358
-0.48 -0.36 0.0225064
-0.48 -0.3 0.0234145
-0.48 -0.24 0.024025
-0.48 -0.18 0.0243123
-0.48 -0.12 0.0242646
-0.48 -0.06 0.0238844
-0.48 9.71445e-15 0.0231869
-0.48 0.06 0.0222002
-0.48 0.12 0.0209634
-0.48 0.18 0.0195236
-0.48 0.24 0.0179326
-0.48 0.3 0.016245
-0.48 0.36 0.0145138
-0.48 0.42 0.0127888
-0.48 0.48 0.011114
-0.48 0.54 0.00952573
-0.48 0.6 0.00805229
-0.48 0.66 0.00671321
-0.48 0.72 0.00551984
-0.48 0.78 0.00447621
-0.48 0.84 0.00358003
-0.48 0.9 0.00282389
-0.48 0.96 0.00219685
-0.48 1.02 0.00168555
-0.48 1.08 0.00127547
-0.48 1.14 0.000951896
-0.48 1.2 0.000700651
-0.48 1.26 0.000508627
-0.48 1.32 0.000364153
-0.48 1.38 0.000257135
-0.48 1.44 0.00017907
-0.48 1.5 0.000122991
-0.48 1.56 8.33146e-05
-0.48 1.62 5.56609e-05
-0.48 1.68 3.66752e-05
-0.42 -1.92 7.80353e-05
-0.42 -1.86 0.000116348
-0.42 -1.8 0.000171086
-0.42 -1.74 0.00024812
-0.42 -1.68 0.000354896
-0.42 -1.62 0.000500641
-0.42 -1.56 0.000696528
-0.42 -1.5 0.000955745
-0.42 -1.44 0.00129341
-0.42 -1.38 0.00172631
-0.42 -1.32 0.0022724
-0.42 -1.26 0.00295015
-0.42 -1.2 0.00377739
-0.42 -1.14 0.00477013
-0.42 -1.08 0.00594096
-0.42 -1.02 0.00729746
-0.42 -0.96 0.00884045
-0.42 -0.9 0.0105626
-0.42 -0.84 0.0124466
-0.42 -0.78 0.0144653
-0.42 -0.72 0.01658
-0.42 -0.66 0.0187429
-0.42 -0.6 0.0208964
-0.42 -0.54 0.0229775
-0.42 -0.48 0.0249183
-0.42 -0.42 0.0266515
-0.42 -0.36 0.0281137
-0.42 -0.3 0.0292482
-0.42 -0.24 0.0300105
-0.42 -0.18 0.0303692
-0.42 -0.12 0.03031
-0.42 -0.06 0.0298347
-0.42 9.71445e-15 0.0289636
-0.42 0.06 0.0277314
-0.42 0.12 0.0261863
-0.42 0.18 0.0243878
-0.42 0.24 0.0224004
-0.42 0.3 0.0202923
-0.42 0.36 0.0181296
-0.42 0.42 0.015975
-0.42 0.48 0.0138829
-0.42 0.54 0.011899
-0.42 0.6 0.0100584
-0.42 0.66 0.00838566
-0.42 0.72 0.006895
-0.42 0.78 0.00559136
-0.42 0.84 0.0044719
-0.42 0.9 0.00352744
-0.42 0.96 0.00274417
-0.42 1.02 0.00210547
-0.42 1.08 0.00159324
-0.42 1.14 0.00118905
-0.42 1.2 0.000875205
-0.42 1.26 0.000635339
-0.42 1.32 0.000454873
-0.42 1.38 0.000321195
-0.42 1.44 0.000223684
-0.42 1.5 0.000153634
-0.42 1.56 0.00010407
-0.42 1.62 6.95285e-05
-0.42 1.68 4.58122e-05
-0.36 -1.98 6.35926e-05
-0.36 -1.92 9.61361e-05
-0.36 -1.86 0.000143337
-0.36 -1.8 0.000210773
-0.36 -1.74 0.000305678
-0.36 -1.68 0.000437217
-0.36 -1.62 0.000616772
-0.36 -1.56 0.000858099
-0.36 -1.5 0.00117745
-0.36 -1.44 0.00159343
-0.36 -1.38 0.00212674
-0.36 -1.32 0.00279954
-0.36 -1.26 0.00363449
-0.36 -1.2 0.00465363
-0.36 -1.14 0.00587661
-0.36 -1.08 0.00731911
-0.36 -1.02 0.00899031
-0.36 -0.96 0.0108912
-0.36 -0.9 0.0130128
-0.36 -0.84 0.0153338
-0.36 -0.78 0.0178206
-0.36 -0.72 0.0204261
-0.36 -0.66 0.0230905
-0.36 -0.6 0.0257439
-0.36 -0.54 0.0283074
-0.36 -0.48 0.0306981
-0.36 -0.42 0.0328336
-0.36 -0.36 0.0346349
-0.36 -0.3 0.0360326
-0.36 -0.24 0.0369718
-0.36 -0.18 0.037414
-0.36 -0.12 0.0373406
-0.36 -0.06 0.0367557
-0.36 9.71445e-15 0.0356822
-0.36 0.06 0.0341638
-0.36 0.12 0.0322604
-0.36 0.18 0.0300448
-0.36 0.24 0.0275963
-0.36 0.3 0.0249993
-0.36 0.36 0.0223353
-0.36 0.42 0.0196806
-0.36 0.48 0.0171033
-0.36 0.54 0.0146591
-0.36 0.6 0.0123917
-0.36 0.66 0.0103309
-0.36 0.72 0.00849443
-0.36 0.78 0.00688843
-0.36 0.84 0.00550927
-0.36 0.9 0.00434568
-0.36 0.96 0.00338072
-0.36 1.02 0.00259389
-0.36 1.08 0.00196282
-0.36 1.14 0.00146487
-0.36 1.2 0.00107823
-0.36 1.26 0.000782723
-0.36 1.32 0.000560395
-0.36 1.38 0.000395704
-0.36 1.44 0.000275571
-0.36 1.5 0.000189271
-0.36 1.56 0.000128212
-0.36 1.62 8.5656e-05
-0.36 1.68 5.64391e-05
-0.36 1.74 3.66767e-05
-0.3 -1.98 7.72671e-05
-0.3 -1.92 0.000116809
-0.3 -1.86 0.000174158
-0.3 -1.8 0.000256098
-0.3 -1.74 0.000371406
-0.3 -1.68 0.000531237
-0.3 -1.62 0.000749399
-0.3 -1.56 0.00104262
-0.3 -1.5 0.00143065
-0.3 -1.44 0.00193607
-0.3 -1.38 0.00258407
-0.3 -1.32 0.00340151
-0.3 -1.26 0.00441606
-0.3 -1.2 0.0056543
-0.3 -1.14 0.00714037
-0.3 -1.08 0.00889298
-0.3 -1.02 0.0109235
-0.3 -0.96 0.0132332
-0.3 -0.9 0.015811
-0.3 -0.84 0.0186312
-0.3 -0.78 0.0216526
-0.3 -0.72 0.0248182
-0.3 -0.66 0.0280558
-0.3 -0.6 0.0312795
-0.3 -0.54 0.0343942
-0.3 -0.48 0.0372995
-0.3 -0.42 0.0398943
-0.3 -0.36 0.0420827
-0.3 -0.3 0.0437813
-0.3 -0.24 0.0449216
-0.3 -0.18 0.045459
-0.3 -0.12 0.0453703
-0.3 -0.06 0.0446592
-0.3 9.71445e-15 0.0433548
-0.3 0.06 0.0415102
-0.3 0.12 0.039198
-0.3 0.18 0.0365056
-0.3 0.24 0.0335307
-0.3 0.3 0.030375
-0.3 0.36 0.027138
-0.3 0.42 0.0239128
-0.3 0.48 0.020781
-0.3 0.54 0.0178115
-0.3 0.6 0.0150563
-0.3 0.66 0.0125523
-0.3 0.72 0.0103209
-0.3 0.78 0.00836964
-0.3 0.84 0.0066939
-0.3 0.9 0.00528015
-0.3 0.96 0.00410769
-0.3 1.02 0.00315167
-0.3 1.08 0.0023849
-0.3 1.14 0.00177988
-0.3 1.2 0.00131008
-0.3 1.26 0.000951024
-0.3 1.32 0.000680898
-0.3 1.38 0.000480789
-0.3 1.44 0.000334829
-0.3 1.5 0.000229972
-0.3 1.56 0.000155782
-0.3 1.62 0.000104075
-0.3 1.68 6.85755e-05
-0.3 1.74 4.45633e-05
-0.24 -1.98 9.25917e-05
-0.24 -1.92 0.000139976
-0.24 -1.86 0.000208699
-0.24 -1.8 0.000306888
-0.24 -1.74 0.000445069
-0.24 -1.68 0.000636595
-0.24 -1.62 0.000898024
-0.24 -1.56 0.00124941
-0.24 -1.5 0.00171437
-0.24 -1.44 0.00232007
-0.24 -1.38 0.00309656
-0.24 -1.32 0.00407615
-0.24 -1.26 0.00529189
-0.24 -1.2 0.00677579
-0.24 -1.14 0.00855652
-0.24 -1.08 0.0106566
-0.24 -1.02 0.0130898
-0.24 -0.96 0.0158577
-0.24 -0.9 0.0189465
-0.24 -0.84 0.0223263
-0.24 -0.78 0.0259472
-0.24 -0.72 0.0297404
-0.24 -0.66 0.0336199
-0.24 -0.6 0.0374829
-0.24 -0.54 0.0412159
-0.24 -0.48 0.0446974
-0.24 -0.42 0.0478065
-0.24 -0.36 0.050429
-0.24 -0.3 0.0524645
-0.24 -0.24 0.0538317
-0.24 -0.18 0.0544746
-0.24 -0.12 0.0543684
-0.24 -0.06 0.0535157
-0.24 9.71445e-15 0.0519535
-0.24 0.06 0.0497433
-0.24 0.12 0.0469722
-0.24 0.18 0.0437454
-0.24 0.24 0.040181
-0.24 0.3 0.0363992
-0.24 0.36 0.0325203
-0.24 0.42 0.0286555
-0.24 0.48 0.0249028
-0.24 0.54 0.0213441
-0.24 0.6 0.0180423
-0.24 0.66 0.0150417
-0.24 0.72 0.012368
-0.24 0.78 0.0100296
-0.24 0.84 0.00802152
-0.24 0.9 0.00632732
-0.24 0.96 0.00492238
-0.24 1.02 0.00377671
-0.24 1.08 0.00285791
-0.24 1.14 0.00213288
-0.24 1.2 0.00156989
-0.24 1.26 0.00113965
-0.24 1.32 0.000815937
-0.24 1.38 0.000576145
-0.24 1.44 0.000401233
-0.24 1.5 0.000275584
-0.24 1.56 0.000186678
-0.24 1.62 0.000124718
-0.24 1.68 8.21762e-05
-0.24 1.74 5.34018e-05
-0.18 -2.04 7.13916e-05
-0.18 -1.98 0.00010943
-0.18 -1.92 0.000165432
-0.18 -1.86 0.000246655
-0.18 -1.8 0.000362697
-0.18 -1.74 0.000526011
-0.18 -1.68 0.00075237
-0.18 -1.62 0.00106134
-0.18 -1.56 0.00147661
-0.18 -1.5 0.00202614
-0.18 -1.44 0.00274197
-0.18 -1.38 0.00365972
-0.18 -1.32 0.00481745
-0.18 -1.26 0.00625421
-0.18 -1.2 0.00800798
-0.18 -1.14 0.0101125
-0.18 -1.08 0.0125946
-0.18 -1.02 0.0154705
-0.18 -0.96 0.0187416
-0.18 -0.9 0.0223924
-0.18 -0.84 0.0263863
-0.18 -0.78 0.0306659
-0.18 -0.72 0.0351493
-0.18 -0.66 0.0397342
-0.18 -0.6 0.0443
-0.18 -0.54 0.0487116
-0.18 -0.48 0.0528258
-0.18 -0.42 0.0565003
-0.18 -0.36 0.0596001
-0.18 -0.3 0.0620054
-0.18 -0.24 0.0636213
-0.18 -0.18 0.0643818
-0.18 -0.12 0.0642563
-0.18 -0.06 0.0632489
-0.18 9.71445e-15 0.0614022
-0.18 0.06 0.0587895
-0.18 0.12 0.0555139
-0.18 0.18 0.0517012
-0.18 0.24 0.047488
-0.18 0.3 0.0430191
-0.18 0.36 0.0384345
-0.18 0.42 0.0338664
-0.18 0.48 0.0294314
-0.18 0.54 0.0252255
-0.18 0.6 0.0213235
-0.18 0.66 0.0177775
-0.18 0.72 0.0146172
-0.18 0.78 0.0118536
-0.18 0.84 0.00948033
-0.18 0.9 0.00747804
-0.18 0.96 0.00581757
-0.18 1.02 0.00446354
-0.18 1.08 0.00337763
-0.18 1.14 0.00252076
-0.18 1.2 0.00185541
-0.18 1.26 0.00134691
-0.18 1.32 0.000964325
-0.18 1.38 0.000680925
-0.18 1.44 0.000474202
-0.18 1.5 0.000325699
-0.18 1.56 0.000220627
-0.18 1.62 0.000147398
-0.18 1.68 9.71199e-05
-0.18 1.74 6.31132e-05
-0.12 -2.04 8.3215e-05
-0.12 -1.98 0.000127554
-0.12 -1.92 0.000192829
-0.12 -1.86 0.000287504
-0.12 -1.8 0.000422765
-0.12 -1.74 0.000613126
-0.12 -1.68 0.000876969
-0.12 -1.62 0.0012371
-0.12 -1.56 0.00172117
-0.12 -1.5 0.0023617
-0.12 -1.44 0.00319609
-0.12 -1.38 0.00426579
-0.12 -1.32 0.0056153
-0.12 -1.26 0.00729003
-0.12 -1.2 0.0093343
-0.12 -1.14 0.0117874
-0.12 -1.08 0.0146805
-0.12 -1.02 0.0180325
-0.12 -0.96 0.0218456
-0.12 -0.9 0.0261008
-0.12 -0.84 0.0307565
-0.12 -0.78 0.0357446
-0.12 -0.72 0.0409703
-0.12 -0.66 0.0463143
-0.12 -0.6 0.0516363
-0.12 -0.54 0.0567787
-0.12 -0.48 0.0615747
-0.12 -0.42 0.0658577
-0.12 -0.36 0.0694704
-0.12 -0.3 0.0722746
-0.12 -0.24 0.0741582
-0.12 -0.18 0.0750441
-0.12 -0.12 0.0748973
-0.12 -0.06 0.0737234
-0.12 9.71445e-15 0.0715708
-0.12 0.06 0.0685258
-0.12 0.12 0.0647084
-0.12 0.18 0.0602632
-0.12 0.24 0.055353
-0.12 0.3 0.0501432
-0.12 0.36 0.0447999
-0.12 0.42 0.0394754
-0.12 0.48 0.034306
-0.12 0.54 0.0294034
-0.12 0.6 0.0248551
-0.12 0.66 0.0207215
-0.12 0.72 0.0170381
-0.12 0.78 0.0138167
-0.12 0.84 0.0110505
-0.12 0.9 0.00871642
-0.12 0.96 0.00678104
-0.12 1.02 0.00520279
-0.12 1.08 0.00393703
-0.12 1.14 0.00293823
-0.12 1.2 0.00216268
-0.12 1.26 0.00156998
-0.12 1.32 0.00112403
-0.12 1.38 0.000793696
-0.12 1.44 0.000552734
-0.12 1.5 0.000379642
-0.12 1.56 0.000257168
-0.12 1.62 0.00017181
-0.12 1.68 0.000113205
-0.12 1.74 7.35662e-05
-0.12 1.8 4.71493e-05
-0.06 -2.04 9.56636e-05
-0.06 -1.98 0.000146633
-0.06 -1.92 0.000221676
-0.06 -1.86 0.000330514
-0.06 -1.8 0.00048601
-0.06 -1.74 0.000704846
-0.06 -1.68 0.00100816
-0.06 -1.62 0.00142218
-0.06 -1.56 0.00197863
-0.06 -1.5 0.002715
-0.06 -1.44 0.00367418
-0.06 -1.38 0.00490396
-0.06 -1.32 0.00645532
-0.06 -1.26 0.00838057
-0.06 -1.2 0.0107306
-0.06 -1.14 0.0135507
-0.06 -1.08 0.0168766
-0.06 -1.02 0.0207301
-0.06 -0.96 0.0251134
-0.06 -0.9 0.0300054
-0.06 -0.84 0.0353574
-0.06 -0.78 0.0410916
-0.06 -0.72 0.0470994
-0.06 -0.66 0.0532432
-0.06 -0.6 0.0593612
-0.06 -0.54 0.0652725
-0.06 -0.48 0.0707853
-0.06 -0.42 0.0757097
-0.06 -0.36 0.0798629
-0.06 -0.3 0.0830865
-0.06 -0.24 0.0852509
-0.06 -0.18 0.0862702
-0.06 -0.12 0.0861023
-0.06 -0.06 0.0847523
-0.06 9.71445e-15 0.0822778
-0.06 0.06 0.0787766
-0.06 0.12 0.0743881
-0.06 0.18 0.0692788
-0.06 0.24 0.063633
-0.06 0.3 0.0576447
-0.06 0.36 0.0515017
-0.06 0.42 0.0453806
-0.06 0.48 0.0394378
-0.06 0.54 0.0338019
-0.06 0.6 0.0285732
-0.06 0.66 0.0238215
-0.06 0.72 0.0195867
-0.06 0.78 0.0158837
-0.06 0.84 0.0127034
-0.06 0.9 0.0100204
-0.06 0.96 0.00779546
-0.06 1.02 0.00598108
-0.06 1.08 0.00452599
-0.06 1.14 0.00337778
-0.06 1.2 0.00248621
-0.06 1.26 0.00180482
-0.06 1.32 0.00129218
-0.06 1.38 0.000912422
-0.06 1.44 0.000635424
-0.06 1.5 0.000436434
-0.06 1.56 0.000295636
-0.06 1.62 0.00019751
-0.06 1.68 0.000130139
-0.06 1.74 8.4571e-05
-0.06 1.8 5.42028e-05
9.71445e-15 -2.1 6.9787e-05
9.71445e-15 -2.04 0.000108462
9.71445e-15 -1.98 0.000166253
9.71445e-15 -1.92 0.000251335
9.71445e-15 -1.86 0.000374731
9.71445e-15 -1.8 0.000551033
9.71445e-15 -1.74 0.000799142
9.71445e-15 -1.68 0.00114305
9.71445e-15 -1.62 0.00161246
9.71445e-15 -1.56 0.00224337
9.71445e-15 -1.5 0.00307826
9.71445e-15 -1.44 0.00416579
9.71445e-15 -1.38 0.00556008
9.71445e-15 -1.32 0.00731892
9.71445e-15 -1.26 0.00950179
9.71445e-15 -1.2 0.0121662
9.71445e-15 -1.14 0.0153636
9.71445e-15 -1.08 0.0191346
9.71445e-15 -1.02 0.0235036
9.71445e-15 -0.96 0.0284732
9.71445e-15 -0.9 0.0340198
9.71445e-15 -0.84 0.0400879
9.71445e-15 -0.78 0.0465896
9.71445e-15 -0.72 0.0534007
9.71445e-15 -0.66 0.0603668
9.71445e-15 -0.6 0.0673028
9.71445e-15 -0.54 0.0740055
9.71445e-15 -0.48 0.0802564
9.71445e-15 -0.42 0.0858388
9.71445e-15 -0.36 0.0905484
9.71445e-15 -0.3 0.0942023
9.71445e-15 -0.24 0.0966572
9.71445e-15 -0.18 0.0978127
9.71445e-15 -0.12 0.0976221
9.71445e-15 -0.06 0.0960914
9.71445e-15 9.71445e-15 0.0932857
9.71445e-15 0.06 0.0893168
9.71445e-15 0.12 0.0843406
9.71445e-15 0.18 0.0785479
9.71445e-15 0.24 0.0721469
9.71445e-15 0.3 0.0653571
9.71445e-15 0.36 0.0583917
9.71445e-15 0.42 0.051452
9.71445e-15 0.48 0.0447139
9.71445e-15 0.54 0.0383242
9.71445e-15 0.6 0.0323959
9.71445e-15 0.66 0.0270084
9.71445e-15 0.72 0.0222073
9.71445e-15 0.78 0.0180086
9.71445e-15 0.84 0.0144031
9.71445e-15 0.9 0.0113611
9.71445e-15 0.96 0.00883839
9.71445e-15 1.02 0.00678127
9.71445e-15 1.08 0.00513149
9.71445e-15 1.14 0.0038297
9.71445e-15 1.2 0.00281885
9.71445e-15 1.26 0.00204629
9.71445e-15 1.32 0.00146505
9.71445e-15 1.38 0.0010345
9.71445e-15 1.44 0.000720439
9.71445e-15 1.5 0.000494821
9.71445e-15 1.56 0.000335188
9.71445e-15 1.62 0.000223936
9.71445e-15 1.68 0.000147551
9.71445e-15 1.74 9.58847e-05
9.71445e-15 1.8 6.14544e-05
0.06 -2.1 7.8037e-05
0.06 -2.04 0.000121283
0.06 -1.98 0.000185907
0.06 -1.92 0.000281044
0.06 -1.86 0.000419024
0.06 -1.8 0.000616167
0.06 -1.74 0.000893601
0.06 -1.68 0.00127815
0.06 -1.62 0.00180306
0.06 -1.56 0.00250857
0.06 -1.5 0.00344212
0.06 -1.44 0.00465823
0.06 -1.38 0.00621728
0.06 -1.32 0.00818403
0.06 -1.26 0.010625
0.06 -1.2 0.0136043
0.06 -1.14 0.0171797
0.06 -1.08 0.0213964
0.06 -1.02 0.026282
0.06 -0.96 0.0318392
0.06 -0.9 0.0380413
0.06 -0.84 0.0448269
0.06 -0.78 0.0520967
0.06 -0.72 0.059713
0.06 -0.66 0.0675024
0.06 -0.6 0.0752588
0.06 -0.54 0.0827529
0.06 -0.48 0.0897432
0.06 -0.42 0.0959852
0.06 -0.36 0.101252
0.06 -0.3 0.105337
0.06 -0.24 0.108082
0.06 -0.18 0.109375
0.06 -0.12 0.109161
0.06 -0.06 0.10745
0.06 9.71445e-15 0.104312
0.06 0.06 0.0998744
0.06 0.12 0.0943105
0.06 0.18 0.0878325
0.06 0.24 0.0806753
0.06 0.3 0.0730822
0.06 0.36 0.0652938
0.06 0.42 0.0575343
0.06 0.48 0.0499995
0.06 0.54 0.0428545
0.06 0.6 0.0362254
0.06 0.66 0.0302011
0.06 0.72 0.0248324
0.06 0.78 0.0201373
0.06 0.84 0.0161057
0.06 0.9 0.0127041
0.06 0.96 0.00988303
0.06 1.02 0.00758289
0.06 1.08 0.00573802
0.06 1.14 0.00428237
0.06 1.2 0.00315207
0.06 1.26 0.0022882
0.06 1.32 0.00163824
0.06 1.38 0.00115679
0.06 1.44 0.000805598
0.06 1.5 0.000553311
0.06 1.56 0.000374814
0.06 1.62 0.000250407
0.06 1.68 0.000164994
0.06 1.74 0.00010722
0.06 1.8 6.87181e-05
0.12 -2.1 8.60621e-05
0.12 -2.04 0.000133755
0.12 -1.98 0.000205024
0.12 -1.92 0.000309944
0.12 -1.86 0.000462118
0.12 -1.8 0.000679527
0.12 -1.74 0.000985502
0.12 -1.68 0.00140959
0.12 -1.62 0.00198847
0.12 -1.56 0.00276652
0.12 -1.5 0.00379607
0.12 -1.44 0.00513722
0.12 -1.38 0.00685664
0.12 -1.32 0.00902569
0.12 -1.26 0.0117176
0.12 -1.2 0.0150034
0.12 -1.14 0.0189463
0.12 -1.08 0.0235966
0.12 -1.02 0.0289847
0.12 -0.96 0.0351135
0.12 -0.9 0.0419533
0.12 -0.84 0.0494364
0.12 -0.78 0.057454
0.12 -0.72 0.0658539
0.12 -0.66 0.0744435
0.12 -0.6 0.0829982
0.12 -0.54 0.0912635
0.12 -0.48 0.0989719
0.12 -0.42 0.105855
0.12 -0.36 0.111663
0.12 -0.3 0.11617
0.12 -0.24 0.119198
0.12 -0.18 0.120623
0.12 -0.12 0.120387
0.12 -0.06 0.1185
0.12 9.71445e-15 0.11504
0.12 0.06 0.110145
0.12 0.12 0.104008
0.12 0.18 0.096864
0.12 0.24 0.0889712
0.12 0.3 0.080598
0.12 0.36 0.0720086
0.12 0.42 0.0634504
0.12 0.48 0.0551416
0.12 0.54 0.0472613
0.12 0.6 0.0399506
0.12 0.66 0.0333069
0.12 0.72 0.0273862
0.12 0.78 0.0222082
0.12 0.84 0.017762
0.12 0.9 0.0140104
0.12 0.96 0.0108994
0.12 1.02 0.00836268
0.12 1.08 0.00632815
0.12 1.14 0.00472271
0.12 1.2 0.0034762
0.12 1.26 0.00252351
0.12 1.32 0.00180671
0.12 1.38 0.00127575
0.12 1.44 0.000888433
0.12 1.5 0.000610215
0.12 1.56 0.000413358
0.12 1.62 0.000276158
0.12 1.68 0.000181961
0.12 1.74 0.000118246
0.12 1.8 7.57853e-05
0.18 -2.1 9.36074e-05
0.18 -2.04 0.000145482
0.18 -1.98 0.000223
0.18 -1.92 0.000337121
0.18 -1.86 0.000502631
0.18 -1.8 0.000739112
0.18 -1.74 0.0010719
0.18 -1.68 0.00153319
0.18 -1.62 0.00216283
0.18 -1.56 0.0030091
0.18 -1.5 0.00412893
0.18 -1.44 0.00558769
0.18 -1.38 0.00745783
0.18 -1.32 0.00981696
0.18 -1.26 0.012745
0.18 -1.2 0.0163187
0.18 -1.14 0.0206075
0.18 -1.08 0.0256657
0.18 -1.02 0.031526
0.18 -0.96 0.038192
0.18 -0.9 0.0456317
0.18 -0.84 0.0537711
0.18 -0.78 0.0624916
0.18 -0.72 0.0716274
0.18 -0.66 0.0809713
0.18 -0.6 0.090275
0.18 -0.54 0.0992649
0.18 -0.48 0.10765
0.18 -0.42 0.115137
0.18 -0.36 0.121455
0.18 -0.3 0.126355
0.18 -0.24 0.129648
0.18 -0.18 0.131199
0.18 -0.12 0.130942
0.18 -0.06 0.12889
0.18 9.71445e-15 0.125125
0.18 0.06 0.119803
0.18 0.12 0.113128
0.18 0.18 0.105358
0.18 0.24 0.0967725
0.18 0.3 0.0876646
0.18 0.36 0.0783217
0.18 0.42 0.0690141
0.18 0.48 0.0599757
0.18 0.54 0.0514053
0.18 0.6 0.0434534
0.18 0.66 0.036227
0.18 0.72 0.0297871
0.18 0.78 0.0241553
0.18 0.84 0.0193193
0.18 0.9 0.0152389
0.18 0.96 0.011855
0.18 1.02 0.00909589
0.18 1.08 0.00688294
0.18 1.14 0.00513684
0.18 1.2 0.003781
0.18 1.26 0.00274476
0.18 1.32 0.00196511
0.18 1.38 0.00138761
0.18 1.44 0.00096634
0.18 1.5 0.000663715
0.18 1.56 0.000449599
0.18 1.62 0.000300371
0.18 1.68 0.000197915
0.18 1.74 0.000128613
0.18 1.8 8.24295e-05
0.24 -2.1 0.000100415
0.24 -2.04 0.000156064
0.24 -1.98 0.000239216
0.24 -1.92 0.000361638
0.24 -1.86 0.000539193
0.24 -1.8 0.000792863
0.24 -1.74 0.00114987
0.24 -1.68 0.0016447
0.24 -1.62 0.00232011
0.24 -1.56 0.0032279
0.24 -1.5 0.00442919
0.24 -1.44 0.00599401
0.24 -1.38 0.00800023
0.24 -1.32 0.0105311
0.24 -1.26 0.0136718
0.24 -1.2 0.0175056
0.24 -1.14 0.0221062
0.24 -1.08 0.0275321
0.24 -1.02 0.0338188
0.24 -0.96 0.0409694
0.24 -0.9 0.0489503
0.24 -0.84 0.0576809
0.24 -0.78 0.0670363
0.24 -0.72 0.0768372
0.24 -0.66 0.0868598
0.24 -0.6 0.0968408
0.24 -0.54 0.106485
0.24 -0.48 0.115478
0.24 -0.42 0.123511
0.24 -0.36 0.130287
0.24 -0.3 0.135545
0.24 -0.24 0.139078
0.24 -0.18 0.14074
0.24 -0.12 0.140466
0.24 -0.06 0.138263
0.24 9.71445e-15 0.134226
0.24 0.06 0.128515
0.24 0.12 0.121355
0.24 0.18 0.11302
0.24 0.24 0.10381
0.24 0.3 0.0940405
0.24 0.36 0.0840187
0.24 0.42 0.0740325
0.24 0.48 0.0643377
0.24 0.54 0.0551434
0.24 0.6 0.0466136
0.24 0.66 0.0388619
0.24 0.72 0.0319536
0.24 0.78 0.0259122
0.24 0.84 0.0207242
0.24 0.9 0.0163471
0.24 0.96 0.0127173
0.24 1.02 0.00975739
0.24 1.08 0.00738358
0.24 1.14 0.00551042
0.24 1.2 0.00405596
0.24 1.26 0.00294437
0.24 1.32 0.00210803
0.24 1.38 0.00148852
0.24 1.44 0.00103662
0.24 1.5 0.000711985
0.24 1.56 0.000482295
0.24 1.62 0.000322215
0.24 1.68 0.000212306
0.24 1.74 0.000137967
0.24 1.8 8.84253e-05
0.3 -2.16 6.74164e-05
0.3 -2.1 0.000106237
0.3 -2.04 0.000165113
0.3 -1.98 0.000253087
0.3 -1.92 0.000382603
0.3 -1.86 0.000570455
0.3 -1.8 0.000838841
0.3 -1.74 0.00121654
0.3 -1.68 0.00174004
0.3 -1.62 0.00245463
0.3 -1.56 0.00341508
0.3 -1.5 0.00468605
0.3 -1.44 0.00634155
0.3 -1.38 0.00846401
0.3 -1.32 0.0111417
0.3 -1.26 0.0144647
0.3 -1.2 0.0185207
0.3 -1.14 0.023388
0.3 -1.08 0.0291288
0.3 -1.02 0.0357797
0.3 -0.96 0.0433452
0.3 -0.9 0.0517887
0.3 -0.84 0.0610262
0.3 -0.78 0.070922
0.3 -0.72 0.081292
0.3 -0.66 0.0918959
0.3 -0.6 0.102456
0.3 -0.54 0.112658
0.3 -0.48 0.122173
0.3 -0.42 0.130672
0.3 -0.36 0.13784
0.3 -0.3 0.143404
0.3 -0.24 0.147141
0.3 -0.18 0.1489
0.3 -0.12 0.148609
0.3 -0.06 0.146281
0.3 9.71445e-15 0.142008
0.3 0.06 0.135965
0.3 0.12 0.128392
0.3 0.18 0.119573
0.3 0.24 0.109829
0.3 0.3 0.0994922
0.3 0.36 0.0888905
0.3 0.42 0.0783259
0.3 0.48 0.0680685
0.3 0.54 0.058341
0.3 0.6 0.0493168
0.3 0.66 0.0411152
0.3 0.72 0.0338061
0.3 0.78 0.0274148
0.3 0.84 0.0219258
0.3 0.9 0.017295
0.3 0.96 0.0134547
0.3 1.02 0.0103232
0.3 1.08 0.00781169
0.3 1.14 0.00582995
0.3 1.2 0.00429115
0.3 1.26 0.00311508
0.3 1.32 0.00223028
0.3 1.38 0.00157482
0.3 1.44 0.00109672
0.3 1.5 0.000753268
0.3 1.56 0.000510262
0.3 1.62 0.000340895
0.3 1.68 0.000224618
0.3 1.74 0.000145967
0.3 1.8 9.35521e-05
0.3 1.86 5.91339e-05
0.36 -2.16 7.03445e-05
0.36 -2.1 0.000110853
0.36 -2.04 0.000172284
0.36 -1.98 0.000264083
0.36 -1.92 0.000399225
0.36 -1.86 0.000595228
0.36 -1.8 0.000875277
0.36 -1.74 0.00126938
0.36 -1.68 0.00181562
0.36 -1.62 0.00256127
0.36 -1.56 0.00356345
0.36 -1.5 0.00488957
0.36 -1.44 0.00661708
0.36 -1.38 0.00883169
0.36 -1.32 0.0116256
0.36 -1.26 0.015093
0.36 -1.2 0.0193252
0.36 -1.14 0.024404
0.36 -1.08 0.0303939
0.36 -1.02 0.0373339
0.36 -0.96 0.0452281
0.36 -0.9 0.054038
0.36 -0.84 0.0636773
0.36 -0.78 0.0740039
0.36 -0.72 0.084823
0.36 -0.66 0.0958877
0.36 -0.6 0.106906
0.36 -0.54 0.117551
0.36 -0.48 0.127481
0.36 -0.42 0.136349
0.36 -0.36 0.143829
0.36 -0.3 0.149633
0.36 -0.24 0.153533
0.36 -0.18 0.155369
0.36 -0.12 0.155064
0.36 -0.06 0.152634
0.36 9.71445e-15 0.148176
0.36 0.06 0.141873
0.36 0.12 0.13397
0.36 0.18 0.124767
0.36 0.24 0.1146
0.36 0.3 0.103814
0.36 0.36 0.092751
0.36 0.42 0.0817284
0.36 0.48 0.0710251
0.36 0.54 0.0608755
0.36 0.6 0.0514589
0.36 0.66 0.0429009
0.36 0.72 0.0352748
0.36 0.78 0.0286054
0.36 0.84 0.0228784
0.36 0.9 0.0180463
0.36 0.96 0.014039
0.36 1.02 0.0107716
0.36 1.08 0.00815095
0.36 1.14 0.00608318
0.36 1.2 0.00447754
0.36 1.26 0.00325042
0.36 1.32 0.00232715
0.36 1.38 0.00164324
0.36 1.44 0.00114436
0.36 1.5 0.000785987
0.36 1.56 0.000532429
0.36 1.62 0.000355706
0.36 1.68 0.000234376
0.36 1.74 0.000152307
0.36 1.8 9.76145e-05
0.36 1.86 6.17028e-05
0.42 -2.16 7.23916e-05
0.42 -2.1 0.000114077
0.42 -2.04 0.000177298
0.42 -1.98 0.000271764
0.42 -1.92 0.000410843
0.42 -1.86 0.000612551
0.42 -1.8 0.000900749
0.42 -1.74 0.00130632
0.42 -1.68 0.00186847
0.42 -1.62 0.0026358
0.42 -1.56 0.00366711
0.42 -1.5 0.00503188
0.42 -1.44 0.00680955
0.42 -1.38 0.00908872
0.42 -1.32 0.0119639
0.42 -1.26 0.0155322
0.42 -1.2 0.0198873
0.42 -1.14 0.0251141
0.42 -1.08 0.0312785
0.42 -1.02 0.0384202
0.42 -0.96 0.0465437
0.42 -0.9 0.0556106
0.42 -0.84 0.0655299
0.42 -0.78 0.0761569
0.42 -0.72 0.0872911
0.42 -0.66 0.0986784
0.42 -0.6 0.110017
0.42 -0.54 0.120972
0.42 -0.48 0.13119
0.42 -0.42 0.140317
0.42 -0.36 0.148014
0.42 -0.3 0.153988
0.42 -0.24 0.157998
0.42 -0.18 0.159889
0.42 -0.12 0.159577
0.42 -0.06 0.157076
0.42 9.71445e-15 0.152488
0.42 0.06 0.146
0.42 0.12 0.137867
0.42 0.18 0.128398
0.42 0.24 0.117934
0.42 0.3 0.106835
0.42 0.36 0.0954501
0.42 0.42 0.0841064
0.42 0.48 0.0730912
0.42 0.54 0.0626467
0.42 0.6 0.0529563
0.42 0.66 0.0441493
0.42 0.72 0.0363008
0.42 0.78 0.0294378
0.42 0.84 0.0235439
0.42 0.9 0.0185714
0.42 0.96 0.0144476
0.42 1.02 0.0110851
0.42 1.08 0.00838816
0.42 1.14 0.00626022
0.42 1.2 0.00460784
0.42 1.26 0.00334496
0.42 1.32 0.00239486
0.42 1.38 0.00169104
0.42 1.44 0.00117767
0.42 1.5 0.000808858
0.42 1.56 0.000547916
0.42 1.62 0.000366053
0.42 1.68 0.000241194
0.42 1.74 0.000156739
0.42 1.8 0.000100456
0.42 1.86 6.3498e-05
0.48 -2.16 7.34737e-05
0.48 -2.1 0.000115783
0.48 -2.04 0.000179947
0.48 -1.98 0.00027583
0.48 -1.92 0.000416985
0.48 -1.86 0.000621705
0.48 -1.8 0.000914209
0.48 -1.74 0.00132584
0.48 -1.68 0.00189639
0.48 -1.62 0.00267521
0.48 -1.56 0.00372196
0.48 -1.5 0.00510708
0.48 -1.44 0.00691143
0.48 -1.38 0.00922458
0.48 -1.32 0.0121426
0.48 -1.26 0.0157644
0.48 -1.2 0.0201847
0.48 -1.14 0.0254895
0.48 -1.08 0.0317459
0.48 -1.02 0.0389946
0.48 -0.96 0.0472399
0.48 -0.9 0.0564419
0.48 -0.84 0.0665097
0.48 -0.78 0.0772959
0.48 -0.72 0.0885962
0.48 -0.66 0.100153
0.48 -0.6 0.111661
0.48 -0.54 0.122781
0.48 -0.48 0.133152
0.48 -0.42 0.142414
0.48 -0.36 0.150227
0.48 -0.3 0.156289
0.48 -0.24 0.160362
0.48 -0.18 0.16228
0.48 -0.12 0.161962
0.48 -0.06 0.159424
0.48 9.71445e-15 0.154767
0.48 0.06 0.148184
0.48 0.12 0.139929
0.48 0.18 0.130317
0.48 0.24 0.119698
0.48 0.3 0.108432
0.48 0.36 0.0968764
0.48 0.42 0.0853638
0.48 0.48 0.0741842
0.48 0.54 0.0635833
0.48 0.6 0.0537478
0.48 0.66 0.0448093
0.48 0.72 0.0368439
0.48 0.78 0.0298777
0.48 0.84 0.0238961
0.48 0.9 0.0188491
0.48 0.96 0.0146635
0.48 1.02 0.0112508
0.48 1.08 0.00851352
0.48 1.14 0.00635375
0.48 1.2 0.00467672
0.48 1.26 0.003395
0.48 1.32 0.00243065
0.48 1.38 0.00171634
0.48 1.44 0.00119526
0.48 1.5 0.000820949
0.48 1.56 0.000556111
0.48 1.62 0.000371529
0.48 1.68 0.000244802
0.48 1.74 0.000159082
0.48 1.8 0.000101957
0.48 1.86 6.44476e-05
0.54 -2.16 7.35472e-05
0.54 -2.1 0.000115899
0.54 -2.04 0.000180129
0.54 -1.98 0.000276105
0.54 -1.92 0.000417397
0.54 -1.86 0.000622332
0.54 -1.8 0.000915129
0.54 -1.74 0.00132718
0.54 -1.68 0.00189829
0.54 -1.62 0.00267786
0.54 -1.56 0.00372568
0.54 -1.5 0.00511221
0.54 -1.44 0.00691832
0.54 -1.38 0.00923373
0.54 -1.32 0.0121549
0.54 -1.26 0.0157802
0.54 -1.2 0.020205
0.54 -1.14 0.0255151
0.54 -1.08 0.0317778
0.54 -1.02 0.0390334
0.54 -0.96 0.0472873
0.54 -0.9 0.0564983
0.54 -0.84 0.0665764
0.54 -0.78 0.0773726
0.54 -0.72 0.0886844
0.54 -0.66 0.100253
0.54 -0.6 0.111773
0.54 -0.54 0.122902
0.54 -0.48 0.133285
0.54 -0.42 0.142557
0.54 -0.36 0.150376
0.54 -0.3 0.156446
0.54 -0.24 0.160523
0.54 -0.18 0.162441
0.54 -0.12 0.162123
0.54 -0.06 0.159583
0.54 9.71445e-15 0.154922
0.54 0.06 0.148331
0.54 0.12 0.140069
0.54 0.18 0.130447
0.54 0.24 0.119817
0.54 0.3 0.108539
0.54 0.36 0.0969743
0.54 0.42 0.0854494
0.54 0.48 0.0742588
0.54 0.54 0.063647
0.54 0.6 0.0538019
0.54 0.66 0.0448541
0.54 0.72 0.0368807
0.54 0.78 0.0299079
0.54 0.84 0.02392
0.54 0.9 0.0188678
0.54 0.96 0.0146782
0.54 1.02 0.0112621
0.54 1.08 0.00852209
0.54 1.14 0.00636014
0.54 1.2 0.00468138
0.54 1.26 0.00339839
0.54 1.32 0.0024331
0.54 1.38 0.00171805
0.54 1.44 0.00119646
0.54 1.5 0.00082177
0.54 1.56 0.000556669
0.54 1.62 0.000371899
0.54 1.68 0.000245047
0.54 1.74 0.000159242
0.54 1.8 0.00010206
0.54 1.86 6.45119e-05
0.6 -2.16 7.2609e-05
0.6 -2.1 0.00011442
0.6 -2.04 0.000177831
0.6 -1.98 0.00027258
0.6 -1.92 0.000412073
0.6 -1.86 0.000614395
0.6 -1.8 0.000903449
0.6 -1.74 0.00131025
0.6 -1.68 0.00187408
0.6 -1.62 0.00264369
0.6 -1.56 0.00367812
0.6 -1.5 0.00504697
0.6 -1.44 0.00682997
0.6 -1.38 0.00911598
0.6 -1.32 0.0119999
0.6 -1.26 0.0155788
0.6 -1.2 0.0199473
0.6 -1.14 0.0251894
0.6 -1.08 0.0313723
0.6 -1.02 0.0385355
0.6 -0.96 0.0466838
0.6 -0.9 0.0557776
0.6 -0.84 0.0657265
0.6 -0.78 0.076385
0.6 -0.72 0.0875535
0.6 -0.66 0.0989736
0.6 -0.6 0.110347
0.6 -0.54 0.121335
0.6 -0.48 0.131583
0.6 -0.42 0.140737
0.6 -0.36 0.148457
0.6 -0.3 0.15445
0.6 -0.24 0.158474
0.6 -0.18 0.160369
0.6 -0.12 0.160056
0.6 -0.06 0.157548
0.6 9.71445e-15 0.152947
0.6 0.06 0.146438
0.6 0.12 0.13828
0.6 0.18 0.128782
0.6 0.24 0.118288
0.6 0.3 0.107156
0.6 0.36 0.0957373
0.6 0.42 0.0843585
0.6 0.48 0.0733115
0.6 0.54 0.0628345
0.6 0.6 0.0531153
0.6 0.66 0.044282
0.6 0.72 0.03641
0.6 0.78 0.0295264
0.6 0.84 0.0236146
0.6 0.9 0.018627
0.6 0.96 0.014491
0.6 1.02 0.0111184
0.6 1.08 0.0084134
0.6 1.14 0.00627896
0.6 1.2 0.00462166
0.6 1.26 0.00335501
0.6 1.32 0.00240206
0.6 1.38 0.00169611
0.6 1.44 0.00118119
0.6 1.5 0.00081129
0.6 1.56 0.000549564
0.6 1.62 0.000367154
0.6 1.68 0.000241918
0.6 1.74 0.00015721
0.6 1.8 0.000100758
0.66 -2.16 7.06967e-05
0.66 -2.1 0.000111406
0.66 -2.04 0.000173147
0.66 -1.98 0.000265402
0.66 -1.92 0.000401227
0.66 -1.86 0.000598217
0.66 -1.8 0.000879665
0.66 -1.74 0.00127574
0.66 -1.68 0.00182474
0.66 -1.62 0.0025741
0.66 -1.56 0.00358127
0.66 -1.5 0.00491409
0.66 -1.44 0.00665017
0.66 -1.38 0.00887601
0.66 -1.32 0.0116839
0.66 -1.26 0.0151686
0.66 -1.2 0.019422
0.66 -1.14 0.0245263
0.66 -1.08 0.0305463
0.66 -1.02 0.0375207
0.66 -0.96 0.0454541
0.66 -0.9 0.0543087
0.66 -0.84 0.063996
0.66 -0.78 0.0743745
0.66 -0.72 0.085248
0.66 -0.66 0.0963687
0.66 -0.6 0.107441
0.66 -0.54 0.118141
0.66 -0.48 0.128119
0.66 -0.42 0.137032
0.66 -0.36 0.144549
0.66 -0.3 0.150384
0.66 -0.24 0.154301
0.66 -0.18 0.156146
0.66 -0.12 0.155842
0.66 -0.06 0.153399
0.66 9.71445e-15 0.14892
0.66 0.06 0.142583
0.66 0.12 0.13464
0.66 0.18 0.125393
0.66 0.24 0.115174
0.66 0.3 0.104335
0.66 0.36 0.093216
0.66 0.42 0.0821377
0.66 0.48 0.0713809
0.66 0.54 0.0611805
0.66 0.6 0.0517166
0.66 0.66 0.0431158
0.66 0.72 0.0354512
0.66 0.78 0.0287488
0.66 0.84 0.0229926
0.66 0.9 0.0181367
0.66 0.96 0.0141095
0.66 1.02 0.0108256
0.66 1.08 0.00819188
0.66 1.14 0.00611369
0.66 1.2 0.00449997
0.66 1.26 0.00326665
0.66 1.32 0.00233879
0.66 1.38 0.00165145
0.66 1.44 0.0011501
0.66 1.5 0.00078993
0.66 1.56 0.000535088
0.66 1.62 0.000357487
0.66 1.68 0.000235548
0.66 1.74 0.00015307
0.66 1.8 9.8105e-05
0.72 -2.16 6.78898e-05
0.72 -2.1 0.000106983
0.72 -2.04 0.000166272
0.72 -1.98 0.000254864
0.72 -1.92 0.000385291
0.72 -1.86 0.00057446
0.72 -1.8 0.000844731
0.72 -1.74 0.00122508
0.72 -1.68 0.00175226
0.72 -1.62 0.00247187
0.72 -1.56 0.00343906
0.72 -1.5 0.00471895
0.72 -1.44 0.00638607
0.72 -1.38 0.00852345
0.72 -1.32 0.0112199
0.72 -1.26 0.0145662
0.72 -1.2 0.0186507
0.72 -1.14 0.0235522
0.72 -1.08 0.0293333
0.72 -1.02 0.0360309
0.72 -0.96 0.0436494
0.72 -0.9 0.0521523
0.72 -0.84 0.0614547
0.72 -0.78 0.0714202
0.72 -0.72 0.0818628
0.72 -0.66 0.0925413
0.72 -0.6 0.103175
0.72 -0.54 0.113449
0.72 -0.48 0.123031
0.72 -0.42 0.13159
0.72 -0.36 0.138808
0.72 -0.3 0.144411
0.72 -0.24 0.148173
0.72 -0.18 0.149946
0.72 -0.12 0.149652
0.72 -0.06 0.147308
0.72 9.71445e-15 0.143005
0.72 0.06 0.13692
0.72 0.12 0.129293
0.72 0.18 0.120413
0.72 0.24 0.1106
0.72 0.3 0.100191
0.72 0.36 0.0895145
0.72 0.42 0.0788758
0.72 0.48 0.0685462
0.72 0.54 0.0587506
0.72 0.6 0.0496631
0.72 0.66 0.0414039
0.72 0.72 0.0340434
0.72 0.78 0.0276072
0.72 0.84 0.0220797
0.72 0.9 0.0174164
0.72 0.96 0.0135491
0.72 1.02 0.0103957
0.72 1.08 0.00786652
0.72 1.14 0.00587088
0.72 1.2 0.00432128
0.72 1.26 0.00313695
0.72 1.32 0.00224593
0.72 1.38 0.00158588
0.72 1.44 0.00110443
0.72 1.5 0.000758554
0.72 1.56 0.000513844
0.72 1.62 0.000343287
0.72 1.68 0.000226195
0.72 1.74 0.000146992
0.72 1.8 9.42088e-05
0.78 -2.16 6.42969e-05
0.78 -2.1 0.000101322
0.78 -2.04 0.000157473
0.78 -1.98 0.000241378
0.78 -1.92 0.000364905
0.78 -1.86 0.000544063
0.78 -1.8 0.000800034
0.78 -1.74 0.00116026
0.78 -1.68 0.00165956
0.78 -1.62 0.00234107
0.78 -1.56 0.00325709
0.78 -1.5 0.00446924
0.78 -1.44 0.0060482
0.78 -1.38 0.0080725
0.78 -1.32 0.0106262
0.78 -1.26 0.0137955
0.78 -1.2 0.0176639
0.78 -1.14 0.0223062
0.78 -1.08 0.0277811
0.78 -1.02 0.034124
0.78 -0.96 0.0413396
0.78 -0.9 0.0493923
0.78 -0.84 0.0582029
0.78 -0.78 0.0676417
0.78 -0.72 0.0775307
0.78 -0.66 0.0876447
0.78 -0.6 0.0977149
0.78 -0.54 0.107446
0.78 -0.48 0.116522
0.78 -0.42 0.124628
0.78 -0.36 0.131464
0.78 -0.3 0.136771
0.78 -0.24 0.140334
0.78 -0.18 0.142011
0.78 -0.12 0.141734
0.78 -0.06 0.139512
0.78 9.71445e-15 0.135438
0.78 0.06 0.129676
0.78 0.12 0.122453
0.78 0.18 0.114041
0.78 0.24 0.104748
0.78 0.3 0.0948898
0.78 0.36 0.0847777
0.78 0.42 0.0747024
0.78 0.48 0.0649194
0.78 0.54 0.0556423
0.78 0.6 0.047035
0.78 0.66 0.0392127
0.78 0.72 0.0322421
0.78 0.78 0.0261463
0.78 0.84 0.0209114
0.78 0.9 0.0164949
0.78 0.96 0.0128323
0.78 1.02 0.00984561
0.78 1.08 0.00745032
0.78 1.14 0.00556025
0.78 1.2 0.0040926
0.78 1.26 0.00297094
0.78 1.32 0.00212708
0.78 1.38 0.00150195
0.78 1.44 0.00104599
0.78 1.5 0.000718424
0.78 1.56 0.000486652
0.78 1.62 0.000325127
0.78 1.68 0.000214226
0.78 1.74 0.000139214
0.78 1.8 8.9224e-05
0.84 -2.16 6.00578e-05
0.84 -2.1 9.46426e-05
0.84 -2.04 0.000147091
0.84 -1.98 0.000225465
0.84 -1.92 0.000340844
0.84 -1.86 0.000508192
0.84 -1.8 0.000747281
0.84 -1.74 0.00108376
0.84 -1.68 0.00155013
0.84 -1.62 0.00218671
0.84 -1.56 0.00304235
0.84 -1.5 0.00417456
0.84 -1.44 0.00564941
0.84 -1.38 0.00754021
0.84 -1.32 0.00992561
0.84 -1.26 0.0128859
0.84 -1.2 0.0164993
0.84 -1.14 0.0208353
0.84 -1.08 0.0259493
0.84 -1.02 0.0318744
0.84 -0.96 0.0386144
0.84 -0.9 0.0461358
0.84 -0.84 0.0543654
0.84 -0.78 0.0631821
0.84 -0.72 0.0724194
0.84 -0.66 0.0818652
0.84 -0.6 0.0912728
0.84 -0.54 0.100362
0.84 -0.48 0.108839
0.84 -0.42 0.11641
0.84 -0.36 0.122796
0.84 -0.3 0.127752
0.84 -0.24 0.131082
0.84 -0.18 0.132649
0.84 -0.12 0.132389
0.84 -0.06 0.130314
0.84 9.71445e-15 0.126509
0.84 0.06 0.121126
0.84 0.12 0.114378
0.84 0.18 0.106521
0.84 0.24 0.0978418
0.84 0.3 0.0886333
0.84 0.36 0.0791884
0.84 0.42 0.0697768
0.84 0.48 0.0606394
0.84 0.54 0.0519734
0.84 0.6 0.043934
0.84 0.66 0.0366274
0.84 0.72 0.0301166
0.84 0.78 0.0244225
0.84 0.84 0.0195329
0.84 0.9 0.0154072
0.84 0.96 0.0119862
0.84 1.02 0.00919649
0.84 1.08 0.0069591
0.84 1.14 0.0051936
0.84 1.2 0.00382276
0.84 1.26 0.0027751
0.84 1.32 0.00198685
0.84 1.38 0.00140294
0.84 1.44 0.000977012
0.84 1.5 0.000671056
0.84 1.56 0.000454571
0.84 1.62 0.000303691
0.84 1.68 0.000200103
0.84 1.74 0.000130036
0.84 1.8 8.33411e-05
0.9 -2.16 5.53276e-05
0.9 -2.1 8.71875e-05
0.9 -2.04 0.000135505
0.9 -1.98 0.000207705
0.9 -1.92 0.000313998
0.9 -1.86 0.000468162
0.9 -1.8 0.000688421
0.9 -1.74 0.000998392
0.9 -1.68 0.00142802
0.9 -1.62 0.00201449
0.9 -1.56 0.00280271
0.9 -1.5 0.00384575
0.9 -1.44 0.00520443
0.9 -1.38 0.00694629
0.9 -1.32 0.00914374
0.9 -1.26 0.0118708
0.9 -1.2 0.0151995
0.9 -1.14 0.019194
0.9 -1.08 0.0239054
0.9 -1.02 0.0293639
0.9 -0.96 0.0355726
0.9 -0.9 0.0425022
0.9 -0.84 0.050083
0.9 -0.78 0.0582052
0.9 -0.72 0.0667152
0.9 -0.66 0.0754176
0.9 -0.6 0.0840839
0.9 -0.54 0.0924565
0.9 -0.48 0.100266
0.9 -0.42 0.10724
0.9 -0.36 0.113124
0.9 -0.3 0.117688
0.9 -0.24 0.120756
0.9 -0.18 0.122201
0.9 -0.12 0.121961
0.9 -0.06 0.12005
0.9 9.71445e-15 0.116544
0.9 0.06 0.111585
0.9 0.12 0.105369
0.9 0.18 0.0981317
0.9 0.24 0.0901346
0.9 0.3 0.0816517
0.9 0.36 0.0729506
0.9 0.42 0.0642803
0.9 0.48 0.0558623
0.9 0.54 0.0478792
0.9 0.6 0.0404733
0.9 0.66 0.0337425
0.9 0.72 0.0277443
0.9 0.78 0.0224987
0.9 0.84 0.0179943
0.9 0.9 0.0141938
0.9 0.96 0.011042
0.9 1.02 0.00847206
0.9 1.08 0.00641087
0.9 1.14 0.00478453
0.9 1.2 0.00352168
0.9 1.26 0.00255651
0.9 1.32 0.00183034
0.9 1.38 0.00129244
0.9 1.44 0.000900062
0.9 1.5 0.000618188
0.9 1.56 0.000418763
0.9 1.62 0.000279767
0.9 1.68 0.00018434
0.9 1.74 0.000119792
0.9 1.8 7.67764e-05
0.96 -2.1 7.92154e-05
0.96 -2.04 0.000123116
0.96 -1.98 0.000188714
0.96 -1.92 0.000285287
0.96 -1.86 0.000425356
0.96 -1.8 0.00062548
0.96 -1.74 0.000907107
0.96 -1.68 0.00129746
0.96 -1.62 0.00183029
0.96 -1.56 0.00254645
0.96 -1.5 0.00349413
0.96 -1.44 0.00472858
0.96 -1.38 0.00631117
0.96 -1.32 0.00830772
0.96 -1.26 0.0107856
0.96 -1.2 0.0138099
0.96 -1.14 0.0174393
0.96 -1.08 0.0217198
0.96 -1.02 0.0266789
0.96 -0.96 0.0323202
0.96 -0.9 0.0386159
0.96 -0.84 0.0455041
0.96 -0.78 0.0528832
0.96 -0.72 0.0606147
0.96 -0.66 0.0685219
0.96 -0.6 0.0763954
0.96 -0.54 0.0840021
0.96 -0.48 0.0910985
0.96 -0.42 0.0974358
0.96 -0.36 0.10278
0.96 -0.3 0.106929
0.96 -0.24 0.109715
0.96 -0.18 0.111027
0.96 -0.12 0.11081
0.96 -0.06 0.109073
0.96 9.71445e-15 0.105887
0.96 0.06 0.101382
0.96 0.12 0.0957353
0.96 0.18 0.0891593
0.96 0.24 0.0818938
0.96 0.3 0.0741858
0.96 0.36 0.0662807
0.96 0.42 0.0584036
0.96 0.48 0.0507548
0.96 0.54 0.043502
0.96 0.6 0.0367729
0.96 0.66 0.0306572
0.96 0.72 0.0252074
0.96 0.78 0.0204417
0.96 0.84 0.016349
0.96 0.9 0.0128959
0.96 0.96 0.0100324
0.96 1.02 0.00769749
0.96 1.08 0.00582473
0.96 1.14 0.00434709
0.96 1.2 0.00319968
0.96 1.26 0.00232275
0.96 1.32 0.001663
0.96 1.38 0.00117426
0.96 1.44 0.000817769
0.96 1.5 0.000561671
0.96 1.56 0.000380475
0.96 1.62 0.000254188
0.96 1.68 0.000167486
0.96 1.74 0.00010884
0.96 1.8 6.97563e-05
1.02 -2.1 7.09834e-05
1.02 -2.04 0.000110321
1.02 -1.98 0.000169103
1.02 -1.92 0.000255642
1.02 -1.86 0.000381151
1.02 -1.8 0.000560477
1.02 -1.74 0.000812836
1.02 -1.68 0.00116263
1.02 -1.62 0.00164009
1.02 -1.56 0.00228182
1.02 -1.5 0.00313101
1.02 -1.44 0.00423718
1.02 -1.38 0.00565533
1.02 -1.32 0.00744434
1.02 -1.26 0.00966463
1.02 -1.2 0.0123746
1.02 -1.14 0.0156268
1.02 -1.08 0.0194626
1.02 -1.02 0.0239065
1.02 -0.96 0.0289613
1.02 -0.9 0.034603
1.02 -0.84 0.040775
1.02 -0.78 0.0473878
1.02 -0.72 0.0543159
1.02 -0.66 0.0614013
1.02 -0.6 0.0684566
1.02 -0.54 0.0752732
1.02 -0.48 0.0816315
1.02 -0.42 0.0873096
1.02 -0.36 0.0920999
1.02 -0.3 0.0958161
1.02 -0.24 0.098313
1.02 -0.18 0.0994894
1.02 -0.12 0.0992945
1.02 -0.06 0.0977386
1.02 9.71445e-15 0.0948836
1.02 0.06 0.090847
1.02 0.12 0.0857858
1.02 0.18 0.0798939
1.02 0.24 0.0733831
1.02 0.3 0.0664767
1.02 0.36 0.0593924
1.02 0.42 0.0523337
1.02 0.48 0.04548
1.02 0.54 0.0389809
1.02 0.6 0.0329512
1.02 0.66 0.0274714
1.02 0.72 0.0225879
1.02 0.78 0.0183172
1.02 0.84 0.01465
1.02 0.9 0.0115558
1.02 0.96 0.00898978
1.02 1.02 0.00689751
1.02 1.08 0.00521938
1.02 1.14 0.00389532
1.02 1.2 0.00286717
1.02 1.26 0.00208137
1.02 1.32 0.00149017
1.02 1.38 0.00105224
1.02 1.44 0.000732785
1.02 1.5 0.000503297
1.02 1.56 0.000340935
1.02 1.62 0.000227773
1.02 1.68 0.00015008
1.02 1.74 9.75281e-05
1.08 -2.1 6.27325e-05
1.08 -2.04 9.74975e-05
1.08 -1.98 0.000149447
1.08 -1.92 0.000225924
1.08 -1.86 0.000336846
1.08 -1.8 0.000495328
1.08 -1.74 0.000718355
1.08 -1.68 0.00102748
1.08 -1.62 0.00144944
1.08 -1.56 0.00201659
1.08 -1.5 0.00276706
1.08 -1.44 0.00374466
1.08 -1.38 0.00499792
1.08 -1.32 0.00657904
1.08 -1.26 0.0085413
1.08 -1.2 0.0109363
1.08 -1.14 0.0138105
1.08 -1.08 0.0172002
1.08 -1.02 0.0211276
1.08 -0.96 0.0255951
1.08 -0.9 0.0305806
1.08 -0.84 0.0360356
1.08 -0.78 0.0418794
1.08 -0.72 0.0480021
1.08 -0.66 0.0542636
1.08 -0.6 0.0604989
1.08 -0.54 0.0665233
1.08 -0.48 0.0721428
1.08 -0.42 0.0771611
1.08 -0.36 0.0813939
1.08 -0.3 0.0846787
1.08 -0.24 0.0868857
1.08 -0.18 0.0879246
1.08 -0.12 0.0877518
1.08 -0.06 0.0863769
1.08 9.71445e-15 0.0838542
1.08 0.06 0.0802868
1.08 0.12 0.0758146
1.08 0.18 0.0706065
1.08 0.24 0.0648533
1.08 0.3 0.058749
1.08 0.36 0.0524888
1.08 0.42 0.0462509
1.08 0.48 0.0401939
1.08 0.54 0.03445
1.08 0.6 0.0291211
1.08 0.66 0.024278
1.08 0.72 0.0199624
1.08 0.78 0.0161881
1.08 0.84 0.0129471
1.08 0.9 0.0102125
1.08 0.96 0.00794481
1.08 1.02 0.00609578
1.08 1.08 0.00461272
1.08 1.14 0.00344253
1.08 1.2 0.00253388
1.08 1.26 0.00183944
1.08 1.32 0.00131696
1.08 1.38 0.000929924
1.08 1.44 0.000647604
1.08 1.5 0.000444797
1.08 1.56 0.000301307
1.08 1.62 0.000201297
1.08 1.68 0.000132636
1.08 1.74 8.61924e-05
1.14 -2.1 5.46784e-05
1.14 -2.04 8.49805e-05
1.14 -1.98 0.000130259
1.14 -1.92 0.000196918
1.14 -1.86 0.000293603
1.14 -1.8 0.000431735
1.14 -1.74 0.000626132
1.14 -1.68 0.000895569
1.14 -1.62 0.00126335
1.14 -1.56 0.00175768
1.14 -1.5 0.00241181
1.14 -1.44 0.00326388
1.14 -1.38 0.00435627
1.14 -1.32 0.00573442
1.14 -1.26 0.00744469
1.14 -1.2 0.00953228
1.14 -1.14 0.0120373
1.14 -1.08 0.014992
1.14 -1.02 0.0184151
1.14 -0.96 0.022309
1.14 -0.9 0.0266546
1.14 -0.84 0.031409
1.14 -0.78 0.0365024
1.14 -0.72 0.0418394
1.14 -0.66 0.0472968
1.14 -0.6 0.0527319
1.14 -0.54 0.0579827
1.14 -0.48 0.0628802
1.14 -0.42 0.0672544
1.14 -0.36 0.0709433
1.14 -0.3 0.0738074
1.14 -0.24 0.0757308
1.14 -0.18 0.0766359
1.14 -0.12 0.0764861
1.14 -0.06 0.0752877
1.14 9.71445e-15 0.0730889
1.14 0.06 0.0699786
1.14 0.12 0.0660807
1.14 0.18 0.0615417
1.14 0.24 0.0565266
1.14 0.3 0.0512068
1.14 0.36 0.0457503
1.14 0.42 0.0403128
1.14 0.48 0.0350336
1.14 0.54 0.0300269
1.14 0.6 0.0253824
1.14 0.66 0.0211612
1.14 0.72 0.0173994
1.14 0.78 0.0141099
1.14 0.84 0.0112848
1.14 0.9 0.00890136
1.14 0.96 0.00692487
1.14 1.02 0.00531317
1.14 1.08 0.00402054
1.14 1.14 0.00300055
1.14 1.2 0.00220857
1.14 1.26 0.00160327
1.14 1.32 0.00114788
1.14 1.38 0.000810529
1.14 1.44 0.000564461
1.14 1.5 0.000387694
1.14 1.56 0.000262622
1.14 1.62 0.000175453
1.14 1.68 0.000115607
1.14 1.74 7.51267e-05
1.2 -2.1 4.70029e-05
1.2 -2.04 7.30517e-05
1.2 -1.98 0.000111974
1.2 -1.92 0.000169279
1.2 -1.86 0.000252391
1.2 -1.8 0.000371133
1.2 -1.74 0.000538243
1.2 -1.68 0.000769867
1.2 -1.62 0.00108602
1.2 -1.56 0.00151095
1.2 -1.5 0.00207327
1.2 -1.44 0.00280573
1.2 -1.38 0.00374482
1.2 -1.32 0.00492949
1.2 -1.26 0.00639969
1.2 -1.2 0.00819424
1.2 -1.14 0.0103478
1.2 -1.08 0.0128876
1.2 -1.02 0.0158301
1.2 -0.96 0.0191774
1.2 -0.9 0.0229131
1.2 -0.84 0.0270001
1.2 -0.78 0.0313788
1.2 -0.72 0.0359665
1.2 -0.66 0.0406582
1.2 -0.6 0.04533
1.2 -0.54 0.0498441
1.2 -0.48 0.0540541
1.2 -0.42 0.0578145
1.2 -0.36 0.0609859
1.2 -0.3 0.0634476
1.2 -0.24 0.0651005
1.2 -0.18 0.0658785
1.2 -0.12 0.0657505
1.2 -0.06 0.0647195
1.2 9.71445e-15 0.0628299
1.2 0.06 0.0601563
1.2 0.12 0.0568053
1.2 0.18 0.0529036
1.2 0.24 0.0485924
1.2 0.3 0.0440193
1.2 0.36 0.0393283
1.2 0.42 0.0346542
1.2 0.48 0.030116
1.2 0.54 0.0258123
1.2 0.6 0.0218194
1.2 0.66 0.0181908
1.2 0.72 0.014957
1.2 0.78 0.0121293
1.2 0.84 0.00970071
1.2 0.9 0.00765194
1.2 0.96 0.00595287
1.2 1.02 0.00456734
1.2 1.08 0.00345619
1.2 1.14 0.00257939
1.2 1.2 0.00189855
1.2 1.26 0.00137821
1.2 1.32 0.000986751
1.2 1.38 0.000696752
1.2 1.44 0.000485231
1.2 1.5 0.000333275
1.2 1.56 0.000225757
1.2 1.62 0.000150825
1.2 1.68 9.93785e-05
1.2 1.74 6.45811e-05
1.26 -2.04 6.19348e-05
1.26 -1.98 9.49343e-05
1.26 -1.92 0.000143517
1.26 -1.86 0.00021398
1.26 -1.8 0.000314655
1.26 -1.74 0.00045633
1.26 -1.68 0.000652704
1.26 -1.62 0.00092075
1.26 -1.56 0.00128102
1.26 -1.5 0.00175776
1.26 -1.44 0.00237875
1.26 -1.38 0.00317491
1.26 -1.32 0.00417929
1.26 -1.26 0.00542579
1.26 -1.2 0.00694718
1.26 -1.14 0.008773
1.26 -1.08 0.0109264
1.26 -1.02 0.0134211
1.26 -0.96 0.016259
1.26 -0.9 0.0194262
1.26 -0.84 0.0228913
1.26 -0.78 0.0266035
1.26 -0.72 0.030493
1.26 -0.66 0.0344708
1.26 -0.6 0.0384317
1.26 -0.54 0.0422584
1.26 -0.48 0.0458279
1.26 -0.42 0.0490161
1.26 -0.36 0.0517049
1.26 -0.3 0.0537917
1.26 -0.24 0.0551928
1.26 -0.18 0.0558534
1.26 -0.12 0.0557442
1.26 -0.06 0.0548707
1.26 9.71445e-15 0.0532678
1.26 0.06 0.0510015
1.26 0.12 0.0481605
1.26 0.18 0.0448527
1.26 0.24 0.0411974
1.26 0.3 0.0373201
1.26 0.36 0.0333432
1.26 0.42 0.0293805
1.26 0.48 0.0255327
1.26 0.54 0.0218841
1.26 0.6 0.018499
1.26 0.66 0.0154225
1.26 0.72 0.0126808
1.26 0.78 0.0102834
1.26 0.84 0.00822447
1.26 0.9 0.00648747
1.26 0.96 0.0050469
1.26 1.02 0.0038723
1.26 1.08 0.00293019
1.26 1.14 0.00218685
1.26 1.2 0.00160964
1.26 1.26 0.00116848
1.26 1.32 0.000836587
1.26 1.38 0.000590724
1.26 1.44 0.000411388
1.26 1.5 0.000282554
1.26 1.56 0.000191401
1.26 1.62 0.000127872
1.26 1.68 8.42554e-05
1.32 -2.04 5.17874e-05
1.32 -1.98 7.93801e-05
1.32 -1.92 0.000120004
1.32 -1.86 0.000178923
1.32 -1.8 0.000263101
1.32 -1.74 0.000381568
1.32 -1.68 0.000545768
1.32 -1.62 0.000769892
1.32 -1.56 0.00107113
1.32 -1.5 0.00146976
1.32 -1.44 0.00198902
1.32 -1.38 0.00265475
1.32 -1.32 0.00349458
1.32 -1.26 0.00453682
1.32 -1.2 0.00580902
1.32 -1.14 0.00733566
1.32 -1.08 0.00913614
1.32 -1.02 0.0112222
1.32 -0.96 0.0135951
1.32 -0.9 0.0162434
1.32 -0.84 0.0191407
1.32 -0.78 0.0222448
1.32 -0.72 0.0254972
1.32 -0.66 0.0288231
1.32 -0.6 0.0321351
1.32 -0.54 0.0353351
1.32 -0.48 0.0383197
1.32 -0.42 0.0409854
1.32 -0.36 0.0432336
1.32 -0.3 0.0449788
1.32 -0.24 0.0461507
1.32 -0.18 0.0467022
1.32 -0.12 0.0466113
1.32 -0.06 0.0458806
1.32 9.71445e-15 0.0445409
1.32 0.06 0.0426455
1.32 0.12 0.04027
1.32 0.18 0.037504
1.32 0.24 0.0344478
1.32 0.3 0.0312058
1.32 0.36 0.0278804
1.32 0.42 0.0245668
1.32 0.48 0.0213497
1.32 0.54 0.0182987
1.32 0.6 0.0154681
1.32 0.66 0.0128957
1.32 0.72 0.0106033
1.32 0.78 0.00859861
1.32 0.84 0.00687699
1.32 0.9 0.00542454
1.32 0.96 0.00422007
1.32 1.02 0.00323786
1.32 1.08 0.00245014
1.32 1.14 0.00182856
1.32 1.2 0.00134591
1.32 1.26 0.000977039
1.32 1.32 0.000699522
1.32 1.38 0.000493937
1.32 1.44 0.000343986
1.32 1.5 0.000236263
1.32 1.56 0.000160043
1.32 1.62 0.000106922
1.32 1.68 7.04508e-05
1.38 -2.04 4.27076e-05
1.38 -1.98 6.54632e-05
1.38 -1.92 9.89628e-05
1.38 -1.86 0.000147552
1.38 -1.8 0.000216972
1.38 -1.74 0.000314667
1.38 -1.68 0.000450074
1.38 -1.62 0.000634906
1.38 -1.56 0.00088334
1.38 -1.5 0.00121208
1.38 -1.44 0.0016403
1.38 -1.38 0.00218927
1.38 -1.32 0.00288187
1.38 -1.26 0.0037414
1.38 -1.2 0.00479052
1.38 -1.14 0.00604948
1.38 -1.08 0.00753435
1.38 -1.02 0.00925462
1.38 -0.96 0.0112116
1.38 -0.9 0.0133954
1.38 -0.84 0.0157849
1.38 -0.78 0.0183446
1.38 -0.72 0.0210266
1.38 -0.66 0.0237694
1.38 -0.6 0.0265008
1.38 -0.54 0.0291396
1.38 -0.48 0.0316011
1.38 -0.42 0.0337994
1.38 -0.36 0.0356534
1.38 -0.3 0.0370924
1.38 -0.24 0.0380591
1.38 -0.18 0.0385141
1.38 -0.12 0.0384385
1.38 -0.06 0.0378364
1.38 9.71445e-15 0.0367312
1.38 0.06 0.0351685
1.38 0.12 0.0332096
1.38 0.18 0.0309283
1.38 0.24 0.0284081
1.38 0.3 0.0257341
1.38 0.36 0.0229921
1.38 0.42 0.0202596
1.38 0.48 0.0176064
1.38 0.54 0.0150904
1.38 0.6 0.0127561
1.38 0.66 0.0106347
1.38 0.72 0.00874424
1.38 0.78 0.00709101
1.38 0.84 0.0056713
1.38 0.9 0.00447345
1.38 0.96 0.00348013
1.38 1.02 0.00267018
1.38 1.08 0.00202055
1.38 1.14 0.00150796
1.38 1.2 0.00110993
1.38 1.26 0.000805742
1.38 1.32 0.000576876
1.38 1.38 0.00040734
1.38 1.44 0.000283675
1.38 1.5 0.000194838
1.38 1.56 0.000131983
1.38 1.62 8.81752e-05
1.44 -2.04 3.47352e-05
1.44 -1.98 5.32434e-05
1.44 -1.92 8.04908e-05
1.44 -1.86 0.000120008
1.44 -1.8 0.00017647
1.44 -1.74 0.000255926
1.44 -1.68 0.000366062
1.44 -1.62 0.000516396
1.44 -1.56 0.000718451
1.44 -1.5 0.00098582
1.44 -1.44 0.00133411
1.44 -1.38 0.00178063
1.44 -1.32 0.00234389
1.44 -1.26 0.003043
1.44 -1.2 0.00389625
1.44 -1.14 0.00492025
1.44 -1.08 0.00612791
1.44 -1.02 0.00752713
1.44 -0.96 0.0091187
1.44 -0.9 0.010895
1.44 -0.84 0.0128384
1.44 -0.78 0.0149205
1.44 -0.72 0.0171017
1.44 -0.66 0.0193327
1.44 -0.6 0.021554
1.44 -0.54 0.0237004
1.44 -0.48 0.0257024
1.44 -0.42 0.0274901
1.44 -0.36 0.0289984
1.44 -0.3 0.0301685
1.44 -0.24 0.0309547
1.44 -0.18 0.0313249
1.44 -0.12 0.0312637
1.44 -0.06 0.0307736
1.44 9.71445e-15 0.0298749
1.44 0.06 0.028604
1.44 0.12 0.0270105
1.44 0.18 0.0251552
1.44 0.24 0.0231054
1.44 0.3 0.0209308
1.44 0.36 0.0187
1.44 0.42 0.0164778
1.44 0.48 0.0143198
1.44 0.54 0.0122735
1.44 0.6 0.0103749
1.44 0.66 0.00864952
1.44 0.72 0.00711196
1.44 0.78 0.00576728
1.44 0.84 0.00461266
1.44 0.9 0.00363844
1.44 0.96 0.0028305
1.44 1.02 0.00217173
1.44 1.08 0.00164337
1.44 1.14 0.00122647
1.44 1.2 0.000902748
1.44 1.26 0.000655336
1.44 1.32 0.000469188
1.44 1.38 0.000331304
1.44 1.44 0.000230722
1.44 1.5 0.000158468
1.44 1.56 0.000107346
1.44 1.62 7.17165e-05
1.5 -1.98 4.2709e-05
1.5 -1.92 6.4566e-05
1.5 -1.86 9.6266e-05
1.5 -1.8 0.000141557
1.5 -1.74 0.000205295
1.5 -1.68 0.000293641
1.5 -1.62 0.000414228
1.5 -1.56 0.000576303
1.5 -1.5 0.000790783
1.5 -1.44 0.00107016
1.5 -1.38 0.00142834
1.5 -1.32 0.00188019
1.5 -1.26 0.00244096
1.5 -1.2 0.00312542
1.5 -1.14 0.00394682
1.5 -1.08 0.00491555
1.5 -1.02 0.00603789
1.5 -0.96 0.00731455
1.5 -0.9 0.00873944
1.5 -0.84 0.0102983
1.5 -0.78 0.0119685
1.5 -0.72 0.0137182
1.5 -0.66 0.0155078
1.5 -0.6 0.0172896
1.5 -0.54 0.0190114
1.5 -0.48 0.0206172
1.5 -0.42 0.0220515
1.5 -0.36 0.0232611
1.5 -0.3 0.0242
1.5 -0.24 0.0248304
1.5 -0.18 0.0251273
1.5 -0.12 0.0250784
1.5 -0.06 0.0246852
1.5 9.71445e-15 0.0239644
1.5 0.06 0.0229447
1.5 0.12 0.0216665
1.5 0.18 0.0201784
1.5 0.24 0.018534
1.5 0.3 0.0167897
1.5 0.36 0.0150005
1.5 0.42 0.0132177
1.5 0.48 0.0114867
1.5 0.54 0.00984526
1.5 0.6 0.00832232
1.5 0.66 0.00693827
1.5 0.72 0.00570486
1.5 0.78 0.0046263
1.5 0.84 0.00370001
1.5 0.9 0.00291859
1.5 0.96 0.00227053
1.5 1.02 0.00174207
1.5 1.08 0.00131825
1.5 1.14 0.000983825
1.5 1.2 0.000724142
1.5 1.26 0.000525674
1.5 1.32 0.000376362
1.5 1.38 0.000265754
1.5 1.44 0.000185076
1.5 1.5 0.000127117
1.5 1.56 8.61073e-05
1.5 1.62 5.75274e-05
1.56 -1.98 3.37885e-05
1.56 -1.92 5.108e-05
1.56 -1.86 7.61582e-05
1.56 -1.8 0.000111989
1.56 -1.74 0.000162414
1.56 -1.68 0.000232306
1.56 -1.62 0.000327708
1.56 -1.56 0.000455932
1.56 -1.5 0.000625604
1.56 -1.44 0.000846637
1.56 -1.38 0.00113
1.56 -1.32 0.00148746
1.56 -1.26 0.00193111
1.56 -1.2 0.00247261
1.56 -1.14 0.00312243
1.56 -1.08 0.0038888
1.56 -1.02 0.00477675
1.56 -0.96 0.00578679
1.56 -0.9 0.00691398
1.56 -0.84 0.0081473
1.56 -0.78 0.00946865
1.56 -0.72 0.0108529
1.56 -0.66 0.0122686
1.56 -0.6 0.0136783
1.56 -0.54 0.0150405
1.56 -0.48 0.016311
1.56 -0.42 0.0174455
1.56 -0.36 0.0184026
1.56 -0.3 0.0191452
1.56 -0.24 0.0196442
1.56 -0.18 0.0198789
1.56 -0.12 0.0198402
1.56 -0.06 0.019529
1.56 9.71445e-15 0.0189589
1.56 0.06 0.0181523
1.56 0.12 0.0171411
1.56 0.18 0.0159636
1.56 0.24 0.0146628
1.56 0.3 0.0132828
1.56 0.36 0.0118672
1.56 0.42 0.0104569
1.56 0.48 0.00908751
1.56 0.54 0.00778887
1.56 0.6 0.00658398
1.56 0.66 0.00548905
1.56 0.72 0.00451332
1.56 0.78 0.00365998
1.56 0.84 0.00292721
1.56 0.9 0.00230897
1.56 0.96 0.00179626
1.56 1.02 0.00137819
1.56 1.08 0.0010429
1.56 1.14 0.000778325
1.56 1.2 0.000572886
1.56 1.26 0.00041588
1.56 1.32 0.00029775
1.56 1.38 0.000210247
1.56 1.44 0.000146417
1.56 1.5 0.000100566
1.56 1.56 6.81224e-05
1.62 -1.92 3.98553e-05
1.62 -1.86 5.94232e-05
1.62 -1.8 8.73805e-05
1.62 -1.74 0.000126725
1.62 -1.68 0.000181259
1.62 -1.62 0.000255695
1.62 -1.56 0.000355742
1.62 -1.5 0.000488135
1.62 -1.44 0.00066059
1.62 -1.38 0.000881687
1.62 -1.32 0.00116061
1.62 -1.26 0.00150676
1.62 -1.2 0.00192927
1.62 -1.14 0.0024363
1.62 -1.08 0.00303428
1.62 -1.02 0.00372706
1.62 -0.96 0.00451515
1.62 -0.9 0.00539468
1.62 -0.84 0.00635698
1.62 -0.78 0.00738789
1.62 -0.72 0.00846799
1.62 -0.66 0.00957266
1.62 -0.6 0.0106725
1.62 -0.54 0.0117354
1.62 -0.48 0.0127266
1.62 -0.42 0.013612
1.62 -0.36 0.0143586
1.62 -0.3 0.0149382
1.62 -0.24 0.0153274
1.62 -0.18 0.0155105
1.62 -0.12 0.0154804
1.62 -0.06 0.0152377
1.62 9.71445e-15 0.0147927
1.62 0.06 0.0141633
1.62 0.12 0.0133744
1.62 0.18 0.0124557
1.62 0.24 0.0114407
1.62 0.3 0.010364
1.62 0.36 0.00925952
1.62 0.42 0.00815907
1.62 0.48 0.00709056
1.62 0.54 0.00607731
1.62 0.6 0.00513721
1.62 0.66 0.00428286
1.62 0.72 0.00352151
1.62 0.78 0.00285573
1.62 0.84 0.00228396
1.62 0.9 0.00180159
1.62 0.96 0.00140155
1.62 1.02 0.00107535
1.62 1.08 0.000813732
1.62 1.14 0.000607297
1.62 1.2 0.000446998
1.62 1.26 0.000324489
1.62 1.32 0.000232322
1.62 1.38 0.000164045
1.62 1.44 0.000114244
1.62 1.5 7.8467e-05
1.62 1.56 5.31526e-05
1.68 -1.92 3.067e-05
1.68 -1.86 4.57277e-05
1.68 -1.8 6.72419e-05
1.68 -1.74 9.75178e-05
1.68 -1.68 0.000139484
1.68 -1.62 0.000196766
1.68 -1.56 0.000273754
1.68 -1.5 0.000375635
1.68 -1.44 0.000508344
1.68 -1.38 0.000678486
1.68 -1.32 0.000893114
1.68 -1.26 0.00115949
1.68 -1.2 0.00148461
1.68 -1.14 0.0018748
1.68 -1.08 0.00233497
1.68 -1.02 0.00286811
1.68 -0.96 0.00347453
1.68 -0.9 0.00415139
1.68 -0.84 0.00489186
1.68 -0.78 0.00568523
1.68 -0.72 0.00651637
1.68 -0.66 0.00736647
1.68 -0.6 0.00821286
1.68 -0.54 0.00903074
1.68 -0.48 0.00979352
1.68 -0.42 0.0104748
1.68 -0.36 0.0110494
1.68 -0.3 0.0114954
1.68 -0.24 0.0117948
1.68 -0.18 0.0119359
1.68 -0.12 0.0119126
1.68 -0.06 0.0117259
1.68 9.71445e-15 0.0113835
1.68 0.06 0.0108991
1.68 0.12 0.0102919
1.68 0.18 0.00958507
1.68 0.24 0.00880393
1.68 0.3 0.0079754
1.68 0.36 0.00712543
1.68 0.42 0.00627862
1.68 0.48 0.00545633
1.68 0.54 0.00467664
1.68 0.6 0.00395324
1.68 0.66 0.00329579
1.68 0.72 0.0027099
1.68 0.78 0.00219756
1.68 0.84 0.00175758
1.68 0.9 0.00138638
1.68 0.96 0.00107853
1.68 1.02 0.000827511
1.68 1.08 0.000626187
1.68 1.14 0.000467332
1.68 1.2 0.000343981
1.68 1.26 0.000249706
1.68 1.32 0.000178778
1.68 1.38 0.000126239
1.68 1.44 8.79141e-05
1.68 1.5 6.03822e-05
1.74 -1.86 3.47051e-05
1.74 -1.8 5.10331e-05
1.74 -1.74 7.40113e-05
1.74 -1.68 0.000105861
1.74 -1.62 0.000149336
1.74 -1.56 0.000207767
1.74 -1.5 0.000285088
1.74 -1.44 0.000385809
1.74 -1.38 0.000514935
1.74 -1.32 0.000677831
1.74 -1.26 0.000879997
1.74 -1.2 0.00112675
1.74 -1.14 0.00142287
1.74 -1.08 0.00177213
1.74 -1.02 0.00217677
1.74 -0.96 0.00263703
1.74 -0.9 0.00315071
1.74 -0.84 0.0037127
1.74 -0.78 0.0043148
1.74 -0.72 0.00494564
1.74 -0.66 0.00559077
1.74 -0.6 0.0062332
1.74 -0.54 0.00685386
1.74 -0.48 0.0074328
1.74 -0.42 0.00794979
1.74 -0.36 0.00838598
1.74 -0.3 0.00872433
1.74 -0.24 0.00895175
1.74 -0.18 0.00905883
1.74 -0.12 0.00904106
1.74 -0.06 0.00889941
1.74 9.71445e-15 0.00863948
1.74 0.06 0.0082719
1.74 0.12 0.00781108
1.74 0.18 0.00727458
1.74 0.24 0.00668177
1.74 0.3 0.0060529
1.74 0.36 0.00540787
1.74 0.42 0.00476516
1.74 0.48 0.00414112
1.74 0.54 0.00354934
1.74 0.6 0.00300031
1.74 0.66 0.00250136
1.74 0.72 0.00205671
1.74 0.78 0.00166784
1.74 0.84 0.00133393
1.74 0.9 0.00105219
1.74 0.96 0.000818546
1.74 1.02 0.000628039
1.74 1.08 0.000475241
1.74 1.14 0.00035468
1.74 1.2 0.000261065
1.74 1.26 0.000189516
1.74 1.32 0.000135684
1.74 1.38 9.58095e-05
1.74 1.44 6.67223e-05
1.8 -1.86 2.59775e-05
1.8 -1.8 3.81989e-05
1.8 -1.74 5.5399e-05
1.8 -1.68 7.92389e-05
1.8 -1.62 0.00011178
1.8 -1.56 0.000155517
1.8 -1.5 0.000213392
1.8 -1.44 0.000288784
1.8 -1.38 0.00038544
1.8 -1.32 0.00050737
1.8 -1.26 0.000658691
1.8 -1.2 0.000843401
1.8 -1.14 0.00106505
1.8 -1.08 0.00132646
1.8 -1.02 0.00162935
1.8 -0.96 0.00197387
1.8 -0.9 0.00235836
1.8 -0.84 0.00277901
1.8 -0.78 0.00322973
1.8 -0.72 0.00370191
1.8 -0.66 0.00418478
1.8 -0.6 0.00466566
1.8 -0.54 0.00513029
1.8 -0.48 0.00556361
1.8 -0.42 0.00595056
1.8 -0.36 0.00627705
1.8 -0.3 0.00653036
1.8 -0.24 0.0067006
1.8 -0.18 0.00678068
1.8 -0.12 0.00676743
1.8 -0.06 0.00666135
1.8 9.71445e-15 0.00646685
1.8 0.06 0.0061917
1.8 0.12 0.00584673
1.8 0.18 0.00544513
1.8 0.24 0.00500143
1.8 0.3 0.00453075
1.8 0.36 0.00404789
1.8 0.42 0.0035668
1.8 0.48 0.00309973
1.8 0.54 0.00265675
1.8 0.6 0.00224578
1.8 0.66 0.00187231
1.8 0.72 0.00153949
1.8 0.78 0.00124841
1.8 0.84 0.00099847
1.8 0.9 0.000787582
1.8 0.96 0.000612702
1.8 1.02 0.000470098
1.8 1.08 0.00035573
1.8 1.14 0.000265484
1.8 1.2 0.000195411
1.8 1.26 0.000141856
1.8 1.32 0.000101562
1.8 1.38 7.17149e-05
1.8 1.44 4.99425e-05
1.86 -1.8 2.81999e-05
1.86 -1.74 4.0897e-05
1.86 -1.68 5.84967e-05
1.86 -1.62 8.252e-05
1.86 -1.56 0.000114808
1.86 -1.5 0.000157534
1.86 -1.44 0.000213191
1.86 -1.38 0.000284544
1.86 -1.32 0.000374554
1.86 -1.26 0.00048627
1.86 -1.2 0.000622619
1.86 -1.14 0.000786252
1.86 -1.08 0.000979241
1.86 -1.02 0.00120284
1.86 -0.96 0.00145717
1.86 -0.9 0.00174102
1.86 -0.84 0.00205156
1.86 -0.78 0.00238428
1.86 -0.72 0.00273285
1.86 -0.66 0.00308935
1.86 -0.6 0.00344433
1.86 -0.54 0.00378732
1.86 -0.48 0.00410724
1.86 -0.42 0.0043929
1.86 -0.36 0.00463394
1.86 -0.3 0.00482091
1.86 -0.24 0.00494655
1.86 -0.18 0.00500572
1.86 -0.12 0.00499593
1.86 -0.06 0.00491763
1.86 9.71445e-15 0.00477399
1.86 0.06 0.00457091
1.86 0.12 0.00431626
1.86 0.18 0.00401979
1.86 0.24 0.00369222
1.86 0.3 0.00334473
1.86 0.36 0.00298827
1.86 0.42 0.00263314
1.86 0.48 0.00228829
1.86 0.54 0.0019613
1.86 0.6 0.00165791
1.86 0.66 0.0013822
1.86 0.72 0.00113649
1.86 0.78 0.000921614
1.86 0.84 0.000737102
1.86 0.9 0.000581422
1.86 0.96 0.000452314
1.86 1.02 0.000347041
1.86 1.08 0.000262609
1.86 1.14 0.00019599
1.86 1.2 0.000144259
1.86 1.26 0.000104723
1.86 1.32 7.49762e-05
1.86 1.38 5.29424e-05
1.92 -1.8 2.05318e-05
1.92 -1.74 2.97767e-05
1.92 -1.68 4.25906e-05
1.92 -1.62 6.00811e-05
1.92 -1.56 8.35888e-05
1.92 -1.5 0.000114697
1.92 -1.44 0.000155219
1.92 -1.38 0.000207172
1.92 -1.32 0.00027271
1.92 -1.26 0.000354042
1.92 -1.2 0.000453321
1.92 -1.14 0.000572457
1.92 -1.08 0.000712965
1.92 -1.02 0.000875763
1.92 -0.96 0.00106093
1.92 -0.9 0.00126761
1.92 -0.84 0.00149369
1.92 -0.78 0.00173596
1.92 -0.72 0.00198976
1.92 -0.66 0.0022493
1.92 -0.6 0.00250777
1.92 -0.54 0.0027575
1.92 -0.48 0.0029904
1.92 -0.42 0.0031984
1.92 -0.36 0.00337388
1.92 -0.3 0.00351004
1.92 -0.24 0.00360152
1.92 -0.18 0.00364457
1.92 -0.12 0.00363746
1.92 -0.06 0.00358044
1.92 9.71445e-15 0.0034759
1.92 0.06 0.003328
1.92 0.12 0.00314257
1.92 0.18 0.00292674
1.92 0.24 0.00268823
1.92 0.3 0.00243525
1.92 0.36 0.00217573
1.92 0.42 0.00191713
1.92 0.48 0.00166607
1.92 0.54 0.00142798
1.92 0.6 0.00120709
1.92 0.66 0.00100636
1.92 0.72 0.000827462
1.92 0.78 0.000671017
1.92 0.84 0.000536669
1.92 0.9 0.000423322
1.92 0.96 0.000329325
1.92 1.02 0.000252675
1.92 1.08 0.000191203
1.92 1.14 0.000142697
1.92 1.2 0.000105032
1.92 1.26 7.62466e-05
1.92 1.32 5.45891e-05
1.98 -1.74 2.1382e-05
1.98 -1.68 3.05831e-05
1.98 -1.62 4.31427e-05
1.98 -1.56 6.00236e-05
1.98 -1.5 8.23621e-05
1.98 -1.44 0.000111459
1.98 -1.38 0.000148764
1.98 -1.32 0.000195827
1.98 -1.26 0.000254232
1.98 -1.2 0.00032552
1.98 -1.14 0.000411068
1.98 -1.08 0.000511968
1.98 -1.02 0.000628865
1.98 -0.96 0.000761836
1.98 -0.9 0.00091024
1.98 -0.84 0.0010726
1.98 -0.78 0.00124653
1.98 -0.72 0.00142879
1.98 -0.66 0.00161517
1.98 -0.6 0.00180077
1.98 -0.54 0.00198007
1.98 -0.48 0.00214731
1.98 -0.42 0.0022967
1.98 -0.36 0.00242269
1.98 -0.3 0.00252047
1.98 -0.24 0.00258615
1.98 -0.18 0.00261708
1.98 -0.12 0.00261195
1.98 -0.06 0.00257104
1.98 9.71445e-15 0.00249594
1.98 0.06 0.00238972
1.98 0.12 0.00225662
1.98 0.18 0.00210162
1.98 0.24 0.00193035
1.98 0.3 0.00174868
1.98 0.36 0.00156234
1.98 0.42 0.00137666
1.98 0.48 0.00119637
1.98 0.54 0.0010254
1.98 0.6 0.000866794
1.98 0.66 0.000722642
1.98 0.72 0.000594177
1.98 0.78 0.000481843
1.98 0.84 0.000385369
1.98 0.9 0.000303977
1.98 0.96 0.000236479
1.98 1.02 0.000181442
1.98 1.08 0.000137298
1.98 1.14 0.000102467
1.98 1.2 7.54215e-05
1.98 1.26 5.47506e-05
1.98 1.32 3.91994e-05
2.04 -1.74 1.51427e-05
2.04 -1.68 2.16591e-05
2.04 -1.62 3.0554e-05
2.04 -1.56 4.25093e-05
2.04 -1.5 5.8329e-05
2.04 -1.44 7.89368e-05
2.04 -1.38 0.000105355
2.04 -1.32 0.000138684
2.04 -1.26 0.000180049
2.04 -1.2 0.000230534
2.04 -1.14 0.000291122
2.04 -1.08 0.000362577
2.04 -1.02 0.000445364
2.04 -0.96 0.000539537
2.04 -0.9 0.000644631
2.04 -0.84 0.000759622
2.04 -0.78 0.000882811
2.04 -0.72 0.00101187
2.04 -0.66 0.00114387
2.04 -0.6 0.0012753
2.04 -0.54 0.0014023
2.04 -0.48 0.00152076
2.04 -0.42 0.00162654
2.04 -0.36 0.00171577
2.04 -0.3 0.00178501
2.04 -0.24 0.00183152
2.04 -0.18 0.00185343
2.04 -0.12 0.00184979
2.04 -0.06 0.00182081
2.04 9.71445e-15 0.00176762
2.04 0.06 0.00169243
2.04 0.12 0.00159816
2.04 0.18 0.00148837
2.04 0.24 0.0013671
2.04 0.3 0.00123842
2.04 0.36 0.00110645
2.04 0.42 0.000974959
2.04 0.48 0.000847274
2.04 0.54 0.0007262
2.04 0.6 0.000613866
2.04 0.66 0.000511773
2.04 0.72 0.000420801
2.04 0.78 0.000341241
2.04 0.84 0.000272922
2.04 0.9 0.000215278
2.04 0.96 0.000167475
2.04 1.02 0.000128498
2.04 1.08 9.7235e-05
2.04 1.14 7.25678e-05
2.04 1.2 5.34135e-05
2.04 1.26 3.87749e-05
2.1 -1.68 1.51284e-05
2.1 -1.62 2.13411e-05
2.1 -1.56 2.96913e-05
2.1 -1.5 4.07413e-05
2.1 -1.44 5.51347e-05
2.1 -1.38 7.35883e-05
2.1 -1.32 9.68667e-05
2.1 -1.26 0.000125758
2.1 -1.2 0.00016102
2.1 -1.14 0.00020334
2.1 -1.08 0.00025325
2.1 -1.02 0.000311074
2.1 -0.96 0.000376846
2.1 -0.9 0.000450259
2.1 -0.84 0.00053057
2.1 -0.78 0.000616617
2.1 -0.72 0.000706763
2.1 -0.66 0.000798964
2.1 -0.6 0.000890765
2.1 -0.54 0.000979469
2.1 -0.48 0.0010622
2.1 -0.42 0.00113609
2.1 -0.36 0.00119842
2.1 -0.3 0.00124678
2.1 -0.24 0.00127926
2.1 -0.18 0.00129457
2.1 -0.12 0.00129204
2.1 -0.06 0.00127179
2.1 9.71445e-15 0.00123464
2.1 0.06 0.00118212
2.1 0.12 0.00111626
2.1 0.18 0.00103959
2.1 0.24 0.00095487
2.1 0.3 0.000865008
2.1 0.36 0.000772822
2.1 0.42 0.000680978
2.1 0.48 0.000591792
2.1 0.54 0.000507227
2.1 0.6 0.000428767
2.1 0.66 0.000357461
2.1 0.72 0.000293915
2.1 0.78 0.000238347
2.1 0.84 0.000190627
2.1 0.9 0.000150366
2.1 0.96 0.000116977
2.1 1.02 8.97516e-05
2.1 1.08 6.79159e-05
2.1 1.14 5.06867e-05
2.1 1.2 3.7308e-05
2.16 -1.62 1.47012e-05
2.16 -1.56 2.04536e-05
2.16 -1.5 2.80653e-05
2.16 -1.44 3.79809e-05
2.16 -1.38 5.06924e-05
2.16 -1.32 6.67283e-05
2.16 -1.26 8.66313e-05
2.16 -1.2 0.000110923
2.16 -1.14 0.000140075
2.16 -1.08 0.000174455
2.16 -1.02 0.000214289
2.16 -0.96 0.0002596
2.16 -0.9 0.000310167
2.16 -0.84 0.000365496
2.16 -0.78 0.00042477
2.16 -0.72 0.000486866
2.16 -0.66 0.000550378
2.16 -0.6 0.000613617
2.16 -0.54 0.000674725
2.16 -0.48 0.000731722
2.16 -0.42 0.000782619
2.16 -0.36 0.000825553
2.16 -0.3 0.00085887
2.16 -0.24 0.00088125
2.16 -0.18 0.000891786
2.16 -0.12 0.000890042
2.16 -0.06 0.00087609
2.16 9.71445e-15 0.000850505
2.16 0.06 0.000814325
2.16 0.12 0.000768962
2.16 0.18 0.000716138
2.16 0.24 0.000657787
2.16 0.3 0.000595875
2.16 0.36 0.000532372
2.16 0.42 0.000469107
2.16 0.48 0.00040767
2.16 0.54 0.000349415
2.16 0.6 0.000295364
2.16 0.66 0.000246242
2.16 0.72 0.00020247
2.16 0.78 0.000164189
2.16 0.84 0.000131318
2.16 0.9 0.000103582
2.16 0.96 8.05816e-05
2.16 1.02 6.18272e-05
2.16 1.08 4.67852e-05
2.16 1.14 3.49164e-05
2.22 -1.56 1.38961e-05
2.22 -1.5 1.90677e-05
2.22 -1.44 2.58041e-05
2.22 -1.38 3.44405e-05
2.22 -1.32 4.53357e-05
2.22 -1.26 5.88575e-05
2.22 -1.2 7.5361e-05
2.22 -1.14 9.51671e-05
2.22 -1.08 0.000118526
2.22 -1.02 0.000145588
2.22 -0.96 0.000176373
2.22 -0.9 0.00021073
2.22 -0.84 0.000248318
2.22 -0.78 0.000288586
2.22 -0.72 0.000330778
2.22 -0.66 0.000373929
2.22 -0.6 0.000416894
2.22 -0.54 0.000458406
2.22 -0.48 0.000497129
2.22 -0.42 0.000531713
2.22 -0.36 0.000560878
2.22 -0.3 0.000583518
2.22 -0.24 0.000598717
2.22 -0.18 0.00060588
2.22 -0.12 0.000604696
2.22 -0.06 0.00059522
2.22 9.71445e-15 0.000577832
2.22 0.06 0.000553248
2.22 0.12 0.000522433
2.22 0.18 0.000486548
2.22 0.24 0.000446899
2.22 0.3 0.000404837
2.22 0.36 0.000361697
2.22 0.42 0.000318712
2.22 0.48 0.000276971
2.22 0.54 0.000237393
2.22 0.6 0.000200672
2.22 0.66 0.000167298
2.22 0.72 0.000137558
2.22 0.78 0.000111551
2.22 0.84 8.9217e-05
2.22 0.9 7.0374e-05
2.22 0.96 5.47474e-05
2.22 1.02 4.20056e-05
2.22 1.08 3.17859e-05
2.28 -1.5 1.27765e-05
2.28 -1.44 1.72903e-05
2.28 -1.38 2.30772e-05
2.28 -1.32 3.03778e-05
2.28 -1.26 3.9438e-05
2.28 -1.2 5.04966e-05
2.28 -1.14 6.37674e-05
2.28 -1.08 7.94197e-05
2.28 -1.02 9.75538e-05
2.28 -0.96 0.00011818
2.28 -0.9 0.000141202
2.28 -0.84 0.000166388
2.28 -0.78 0.000193371
2.28 -0.72 0.000221644
2.28 -0.66 0.000250555
2.28 -0.6 0.000279347
2.28 -0.54 0.000307163
2.28 -0.48 0.000333105
2.28 -0.42 0.000356279
2.28 -0.36 0.000375824
2.28 -0.3 0.00039099
2.28 -0.24 0.00040118
2.28 -0.18 0.000405979
2.28 -0.12 0.000405183
2.28 -0.06 0.000398836
2.28 9.71445e-15 0.000387187
2.28 0.06 0.00037071
2.28 0.12 0.000350059
2.28 0.18 0.000326017
2.28 0.24 0.000299447
2.28 0.3 0.000271267
2.28 0.36 0.00024236
2.28 0.42 0.000213555
2.28 0.48 0.000185588
2.28 0.54 0.000159066
2.28 0.6 0.000134462
2.28 0.66 0.000112101
2.28 0.72 9.21728e-05
2.28 0.78 7.47465e-05
2.28 0.84 5.9781e-05
2.28 0.9 4.7155e-05
2.28 0.96 3.66842e-05
2.28 1.02 2.81463e-05
2.34 -1.5 8.44332e-06
2.34 -1.44 1.14263e-05
2.34 -1.38 1.52508e-05
2.34 -1.32 2.00752e-05
2.34 -1.26 2.60624e-05
2.34 -1.2 3.33707e-05
2.34 -1.14 4.21408e-05
2.34 -1.08 5.24842e-05
2.34 -1.02 6.44684e-05
2.34 -0.96 7.80995e-05
2.34 -0.9 9.33134e-05
2.34 -0.84 0.000109956
2.34 -0.78 0.000127791
2.34 -0.72 0.000146474
2.34 -0.66 0.00016558
2.34 -0.6 0.000184607
2.34 -0.54 0.00020299
2.34 -0.48 0.000220135
2.34 -0.42 0.000235447
2.34 -0.36 0.000248365
2.34 -0.3 0.000258388
2.34 -0.24 0.000265122
2.34 -0.18 0.000268291
2.34 -0.12 0.000267768
2.34 -0.06 0.00026357
2.34 9.71445e-15 0.000255874
2.34 0.06 0.000244987
2.34 0.12 0.000231337
2.34 0.18 0.000215449
2.34 0.24 0.000197891
2.34 0.3 0.000179268
2.34 0.36 0.000160164
2.34 0.42 0.000141127
2.34 0.48 0.000122646
2.34 0.54 0.000105119
2.34 0.6 8.8859e-05
2.34 0.66 7.4082e-05
2.34 0.72 6.09128e-05
2.34 0.78 4.93962e-05
2.34 0.84 3.95063e-05
2.34 0.9 3.11624e-05
2.34 0.96 2.42429e-05
2.4 -1.44 7.44735e-06
2.4 -1.38 9.93994e-06
2.4 -1.32 1.30843e-05
2.4 -1.26 1.69868e-05
2.4 -1.2 2.17498e-05
2.4 -1.14 2.74661e-05
2.4 -1.08 3.42078e-05
2.4 -1.02 4.20185e-05
2.4 -0.96 5.09028e-05
2.4 -0.9 6.08189e-05
2.4 -0.84 7.16668e-05
2.4 -0.78 8.32898e-05
2.4 -0.72 9.54665e-05
2.4 -0.66 0.00010792
2.4 -0.6 0.00012032
2.4 -0.54 0.000132302
2.4 -0.48 0.000143477
2.4 -0.42 0.000153458
2.4 -0.36 0.000161877
2.4 -0.3 0.000168409
2.4 -0.24 0.000172797
2.4 -0.18 0.000174864
2.4 -0.12 0.000174522
2.4 -0.06 0.000171787
2.4 9.71445e-15 0.000166769
2.4 0.06 0.000159675
2.4 0.12 0.000150779
2.4 0.18 0.000140423
2.4 0.24 0.00012898
2.4 0.3 0.000116841
2.4 0.36 0.000104389
2.4 0.42 9.1983e-05
2.4 0.48 7.99362e-05
2.4 0.54 6.85136e-05
2.4 0.6 5.79158e-05
2.4 0.66 4.82842e-05
2.4 0.72 3.97008e-05
2.4 0.78 3.21948e-05
2.4 0.84 2.5749e-05
2.4 0.9 2.03108e-05
2.46 -1.38 6.38949e-06
2.46 -1.32 8.41079e-06
2.46 -1.26 1.09192e-05
2.46 -1.2 1.39811e-05
2.46 -1.14 1.76555e-05
2.46 -1.08 2.1989e-05
2.46 -1.02 2.70099e-05
2.46 -0.96 3.27208e-05
2.46 -0.9 3.90949e-05
2.46 -0.84 4.60678e-05
2.46 -0.78 5.35393e-05
2.46 -0.72 6.1367e-05
2.46 -0.66 6.93718e-05
2.46 -0.6 7.73433e-05
2.46 -0.54 8.50453e-05
2.46 -0.48 9.2228e-05
2.46 -0.42 9.86437e-05
2.46 -0.36 0.000104055
2.46 -0.3 0.000108255
2.46 -0.24 0.000111076
2.46 -0.18 0.000112404
2.46 -0.12 0.000112185
2.46 -0.06 0.000110426
2.46 9.71445e-15 0.000107202
2.46 0.06 0.00010264
2.46 0.12 9.69216e-05
2.46 0.18 9.02649e-05
2.46 0.24 8.29087e-05
2.46 0.3 7.51067e-05
2.46 0.36 6.71028e-05
2.46 0.42 5.91272e-05
2.46 0.48 5.13843e-05
2.46 0.54 4.40412e-05
2.46 0.6 3.72287e-05
2.46 0.66 3.10376e-05
2.46 0.72 2.55201e-05
2.46 0.78 2.06952e-05
2.46 0.84 1.65516e-05
2.52 -1.32 5.33221e-06
2.52 -1.26 6.92257e-06
2.52 -1.2 8.86368e-06
2.52 -1.14 1.11931e-05
2.52 -1.08 1.39405e-05
2.52 -1.02 1.71235e-05
2.52 -0.96 2.07443e-05
2.52 -0.9 2.47852e-05
2.52 -0.84 2.92062e-05
2.52 -0.78 3.39422e-05
2.52 -0.72 3.89049e-05
2.52 -0.66 4.39799e-05
2.52 -0.6 4.90335e-05
2.52 -0.54 5.39158e-05
2.52 -0.48 5.84701e-05
2.52 -0.42 6.25378e-05
2.52 -0.36 6.59681e-05
2.52 -0.3 6.86307e-05
2.52 -0.24 7.04189e-05
2.52 -0.18 7.12611e-05
2.52 -0.12 7.11216e-05
2.52 -0.06 7.00074e-05
2.52 9.71445e-15 6.79625e-05
2.52 0.06 6.50705e-05
2.52 0.12 6.14463e-05
2.52 0.18 5.72257e-05
2.52 0.24 5.25623e-05
2.52 0.3 4.76151e-05
2.52 0.36 4.25414e-05
2.52 0.42 3.74855e-05
2.52 0.48 3.25764e-05
2.52 0.54 2.79211e-05
2.52 0.6 2.36022e-05
2.52 0.66 1.9677e-05
2.52 0.72 1.6179e-05
2.58 -1.2 5.54208e-06
2.58 -1.14 6.99863e-06
2.58 -1.08 8.7164e-06
2.58 -1.02 1.07066e-05
2.58 -0.96 1.29705e-05
2.58 -0.9 1.5497e-05
2.58 -0.84 1.82614e-05
2.58 -0.78 2.1223e-05
2.58 -0.72 2.43255e-05
2.58 -0.66 2.74988e-05
2.58 -0.6 3.06584e-05
2.58 -0.54 3.37116e-05
2.58 -0.48 3.65593e-05
2.58 -0.42 3.91023e-05
2.58 -0.36 4.12474e-05
2.58 -0.3 4.29121e-05
2.58 -0.24 4.40303e-05
2.58 -0.18 4.45567e-05
2.58 -0.12 4.44695e-05
2.58 -0.06 4.37724e-05
2.58 9.71445e-15 4.24941e-05
2.58 0.06 4.06865e-05
2.58 0.12 3.842e-05
2.58 0.18 3.57807e-05
2.58 0.24 3.28653e-05
2.58 0.3 2.9772e-05
2.58 0.36 2.65991e-05
2.58 0.42 2.34382e-05
2.58 0.48 2.03686e-05
2.58 0.54 1.7458e-05
2.58 0.6 1.47574e-05
2.58 0.66 1.23031e-05
2.64 -1.14 4.31579e-06
2.64 -1.08 5.3751e-06
2.64 -1.02 6.60238e-06
2.64 -0.96 7.99837e-06
2.64 -0.9 9.5565e-06
2.64 -0.84 1.12611e-05
2.64 -0.78 1.30874e-05
2.64 -0.72 1.50008e-05
2.64 -0.66 1.69576e-05
2.64 -0.6 1.8906e-05
2.64 -0.54 2.07889e-05
2.64 -0.48 2.25448e-05
2.64 -0.42 2.4113e-05
2.64 -0.36 2.54359e-05
2.64 -0.3 2.64624e-05
2.64 -0.24 2.71519e-05
2.64 -0.18 2.74765e-05
2.64 -0.12 2.7423e-05
2.64 -0.06 2.6993e-05
2.64 9.71445e-15 2.62049e-05
2.64 0.06 2.50899e-05
2.64 0.12 2.3692e-05
2.64 0.18 2.20649e-05
2.64 0.24 2.02667e-05
2.64 0.3 1.83595e-05
2.64 0.36 1.64028e-05
2.64 0.42 1.44534e-05
2.64 0.48 1.25606e-05
2.64 0.54 1.07656e-05
2.7 -1.08 3.26906e-06
2.7 -1.02 4.01547e-06
2.7 -0.96 4.86456e-06
2.7 -0.9 5.81209e-06
2.7 -0.84 6.8489e-06
2.7 -0.78 7.95964e-06
2.7 -0.72 9.12326e-06
2.7 -0.66 1.03133e-05
2.7 -0.6 1.14984e-05
2.7 -0.54 1.26435e-05
2.7 -0.48 1.37115e-05
2.7 -0.42 1.46653e-05
2.7 -0.36 1.54698e-05
2.7 -0.3 1.60942e-05
2.7 -0.24 1.65136e-05
2.7 -0.18 1.67108e-05
2.7 -0.12 1.66782e-05
2.7 -0.06 1.64167e-05
2.7 9.71445e-15 1.59374e-05
2.7 0.06 1.52594e-05
2.7 0.12 1.44093e-05
2.7 0.18 1.34195e-05
2.7 0.24 1.23261e-05
2.7 0.3 1.11659e-05
2.7 0.36 9.97601e-06
2.7 0.42 8.79044e-06
2.76 -0.96 2.91788e-06
2.76 -0.9 3.4863e-06
2.76 -0.84 4.10816e-06
2.76 -0.78 4.7744e-06
2.76 -0.72 5.47241e-06
2.76 -0.66 6.18629e-06
2.76 -0.6 6.89708e-06
2.76 -0.54 7.58394e-06
2.76 -0.48 8.2245e-06
2.76 -0.42 8.79666e-06
2.76 -0.36 9.27921e-06
2.76 -0.3 9.65375e-06
2.76 -0.24 9.90521e-06
2.76 -0.18 1.00237e-05
2.76 -0.12 1.00041e-05
2.76 -0.06 9.84729e-06
2.76 9.71445e-15 9.55975e-06
2.76 0.06 9.15299e-06
2.76 0.12 8.64311e-06
2.76 0.18 8.04946e-06
2.76 0.24 7.39348e-06
2.76 0.3 6.69768e-06
2.82 -0.9 2.06244e-06
2.82 -0.84 2.43031e-06
2.82 -0.78 2.82447e-06
2.82 -0.72 3.23739e-06
2.82 -0.66 3.65971e-06
2.82 -0.6 4.08022e-06
2.82 -0.54 4.48654e-06
2.82 -0.48 4.8655e-06
2.82 -0.42 5.20394e-06
2.82 -0.36 5.48945e-06
2.82 -0.3 5.71096e-06
2.82 -0.24 5.85977e-06
2.82 -0.18 5.92987e-06
2.82 -0.12 5.91828e-06
2.82 -0.06 5.82552e-06
2.82 9.71445e-15 5.65538e-06
2.82 0.06 5.41478e-06
2.82 0.12 5.11311e-06
2.88 -0.78 1.64793e-06
2.88 -0.72 1.88887e-06
2.88 -0.66 2.13525e-06
2.88 -0.6 2.38062e-06
2.88 -0.54 2.61767e-06
2.88 -0.48 2.83878e-06
2.88 -0.42 3.03623e-06
2.88 -0.36 3.20282e-06
2.88 -0.3 3.33204e-06
2.88 -0.24 3.41892e-06
2.88 -0.18 3.4598e-06
2.88 -0.12 3.453e-06
2.88 -0.06 3.39891e-06
2.94 -0.66 1.22869e-06
2.94 -0.6 1.36988e-06
2.94 -0.54 1.5063e-06
2.94 -0.48 1.63353e-06
2.94 -0.42 1.74715e-06
2.94 -0.36 1.84301e-06
