4091 0.06 0.06 0.654978 -12 -12
-1.5 -0.24 1.1596e-05
-1.5 -0.18 1.00176e-05
-1.5 -0.12 8.53491e-06
-1.5 -0.06 7.17181e-06
-1.5 9.71445e-15 5.94361e-06
-1.5 0.06 4.85797e-06
-1.5 0.12 3.91609e-06
-1.44 -0.48 2.85536e-05
-1.44 -0.42 2.60707e-05
-1.44 -0.36 2.34768e-05
-1.44 -0.3 2.08504e-05
-1.44 -0.24 1.82633e-05
-1.44 -0.18 1.57771e-05
-1.44 -0.12 1.34422e-05
-1.44 -0.06 1.12952e-05
-1.44 9.71445e-15 9.36093e-06
-1.44 0.06 7.65112e-06
-1.44 0.12 6.16769e-06
-1.44 0.18 4.9035e-06
-1.38 -0.66 5.36247e-05
-1.38 -0.6 5.10378e-05
-1.38 -0.54 4.79077e-05
-1.38 -0.48 4.43524e-05
-1.38 -0.42 4.0496e-05
-1.38 -0.36 3.64665e-05
-1.38 -0.3 3.23869e-05
-1.38 -0.24 2.83681e-05
-1.38 -0.18 2.45067e-05
-1.38 -0.12 2.08796e-05
-1.38 -0.06 1.75451e-05
-1.38 9.71445e-15 1.45403e-05
-1.38 0.06 1.18844e-05
-1.38 0.12 9.58031e-06
-1.38 0.18 7.61666e-06
-1.38 0.24 5.97223e-06
-1.32 -0.78 8.7e-05
-1.32 -0.72 8.51277e-05
-1.32 -0.66 8.21502e-05
-1.32 -0.6 7.81871e-05
-1.32 -0.54 7.33934e-05
-1.32 -0.48 6.79455e-05
-1.32 -0.42 6.20381e-05
-1.32 -0.36 5.58653e-05
-1.32 -0.3 4.96152e-05
-1.32 -0.24 4.34587e-05
-1.32 -0.18 3.75427e-05
-1.32 -0.12 3.19869e-05
-1.32 -0.06 2.68782e-05
-1.32 9.71445e-15 2.22751e-05
-1.32 0.06 1.82066e-05
-1.32 0.12 1.46765e-05
-1.32 0.18 1.16684e-05
-1.32 0.24 9.14926e-06
-1.26 -0.96 0.000129132
-1.26 -0.9 0.00013171
-1.26 -0.84 0.000132493
-1.26 -0.78 0.000131447
-1.26 -0.72 0.000128619
-1.26 -0.66 0.00012412
-1.26 -0.6 0.000118134
-1.26 -0.54 0.000110889
-1.26 -0.48 0.000102658
-1.26 -0.42 9.37324e-05
-1.26 -0.36 8.44066e-05
-1.26 -0.3 7.49634e-05
-1.26 -0.24 6.56621e-05
-1.26 -0.18 5.6724e-05
-1.26 -0.12 4.83287e-05
-1.26 -0.06 4.06103e-05
-1.26 9.71445e-15 3.36553e-05
-1.26 0.06 2.75081e-05
-1.26 0.12 2.21746e-05
-1.26 0.18 1.76296e-05
-1.26 0.24 1.38235e-05
-1.26 0.3 1.06901e-05
-1.2 -1.02 0.000186064
-1.2 -0.96 0.000192424
-1.2 -0.9 0.000196265
-1.2 -0.84 0.000197431
-1.2 -0.78 0.000195874
-1.2 -0.72 0.000191658
-1.2 -0.66 0.000184956
-1.2 -0.6 0.000176033
-1.2 -0.54 0.000165239
-1.2 -0.48 0.000152975
-1.2 -0.42 0.000139675
-1.2 -0.36 0.000125777
-1.2 -0.3 0.000111705
-1.2 -0.24 9.78439e-05
-1.2 -0.18 8.45256e-05
-1.2 -0.12 7.20156e-05
-1.2 -0.06 6.05147e-05
-1.2 9.71445e-15 5.01507e-05
-1.2 0.06 4.09906e-05
-1.2 0.12 3.30433e-05
-1.2 0.18 2.62706e-05
-1.2 0.24 2.05988e-05
-1.2 0.3 1.59295e-05
-1.2 0.36 1.21495e-05
-1.14 -1.14 0.000245277
-1.14 -1.08 0.000260776
-1.14 -1.02 0.000273449
-1.14 -0.96 0.000282793
-1.14 -0.9 0.000288437
-1.14 -0.84 0.000290153
-1.14 -0.78 0.000287866
-1.14 -0.72 0.000281667
-1.14 -0.66 0.000271819
-1.14 -0.6 0.000258707
-1.14 -0.54 0.000242843
-1.14 -0.48 0.00022482
-1.14 -0.42 0.000205271
-1.14 -0.36 0.000184848
-1.14 -0.3 0.000164168
-1.14 -0.24 0.000143797
-1.14 -0.18 0.000124223
-1.14 -0.12 0.000105839
-1.14 -0.06 8.89347e-05
-1.14 9.71445e-15 7.37037e-05
-1.14 0.06 6.0242e-05
-1.14 0.12 4.8562e-05
-1.14 0.18 3.86082e-05
-1.14 0.24 3.02731e-05
-1.14 0.3 2.3411e-05
-1.14 0.36 1.78555e-05
-1.08 -1.26 0.000301711
-1.08 -1.2 0.000329782
-1.08 -1.14 0.000355514
-1.08 -1.08 0.000377984
-1.08 -1.02 0.000396348
-1.08 -0.96 0.000409892
-1.08 -0.9 0.000418077
-1.08 -0.84 0.000420563
-1.08 -0.78 0.000417247
-1.08 -0.72 0.000408264
-1.08 -0.66 0.000393988
-1.08 -0.6 0.000374978
-1.08 -0.54 0.000351989
-1.08 -0.48 0.000325861
-1.08 -0.42 0.000297531
-1.08 -0.36 0.000267927
-1.08 -0.3 0.000237952
-1.08 -0.24 0.000208425
-1.08 -0.18 0.000180054
-1.08 -0.12 0.000153407
-1.08 -0.06 0.000128907
-1.08 9.71445e-15 0.000106829
-1.08 0.06 8.73177e-05
-1.08 0.12 7.03875e-05
-1.08 0.18 5.59609e-05
-1.08 0.24 4.38793e-05
-1.08 0.3 3.3933e-05
-1.08 0.36 2.58806e-05
-1.08 0.42 1.94679e-05
-1.02 -1.32 0.000389161
-1.02 -1.26 0.000431303
-1.02 -1.2 0.000471432
-1.02 -1.14 0.000508212
-1.02 -1.08 0.000540338
-1.02 -1.02 0.000566586
-1.02 -0.96 0.000585954
-1.02 -0.9 0.000597652
-1.02 -0.84 0.000601204
-1.02 -0.78 0.000596463
-1.02 -0.72 0.000583621
-1.02 -0.66 0.000563216
-1.02 -0.6 0.000536042
-1.02 -0.54 0.000503175
-1.02 -0.48 0.000465828
-1.02 -0.42 0.000425328
-1.02 -0.36 0.000383007
-1.02 -0.3 0.000340155
-1.02 -0.24 0.000297946
-1.02 -0.18 0.00025739
-1.02 -0.12 0.000219298
-1.02 -0.06 0.000184275
-1.02 9.71445e-15 0.000152715
-1.02 0.06 0.000124822
-1.02 0.12 0.000100621
-1.02 0.18 7.99974e-05
-1.02 0.24 6.27262e-05
-1.02 0.3 4.85076e-05
-1.02 0.36 3.69967e-05
-1.02 0.42 2.78297e-05
-0.96 -1.38 0.000488258
-0.96 -1.32 0.000548667
-0.96 -1.26 0.000608082
-0.96 -1.2 0.000664658
-0.96 -1.14 0.000716515
-0.96 -1.08 0.000761808
-0.96 -1.02 0.000798818
-0.96 -0.96 0.000826124
-0.96 -0.9 0.000842615
-0.96 -0.84 0.00084762
-0.96 -0.78 0.000840932
-0.96 -0.72 0.000822835
-0.96 -0.66 0.000794061
-0.96 -0.6 0.000755756
-0.96 -0.54 0.000709407
-0.96 -0.48 0.000656758
-0.96 -0.42 0.000599656
-0.96 -0.36 0.000539987
-0.96 -0.3 0.000479575
-0.96 -0.24 0.000420069
-0.96 -0.18 0.000362889
-0.96 -0.12 0.000309179
-0.96 -0.06 0.000259804
-0.96 9.71445e-15 0.00021531
-0.96 0.06 0.000175982
-0.96 0.12 0.000141863
-0.96 0.18 0.000112786
-0.96 0.24 8.84354e-05
-0.96 0.3 6.83893e-05
-0.96 0.36 5.21607e-05
-0.96 0.42 3.92361e-05
-0.9 -1.44 0.000595863
-0.9 -1.38 0.000678916
-0.9 -1.32 0.000762922
-0.9 -1.26 0.00084553
-0.9 -1.2 0.000924208
-0.9 -1.14 0.000996302
-0.9 -1.08 0.00105929
-0.9 -1.02 0.00111075
-0.9 -0.96 0.00114872
-0.9 -0.9 0.00117165
-0.9 -0.84 0.0011786
-0.9 -0.78 0.00116931
-0.9 -0.72 0.00114415
-0.9 -0.66 0.00110413
-0.9 -0.6 0.00105087
-0.9 -0.54 0.000986434
-0.9 -0.48 0.000913216
-0.9 -0.42 0.000833813
-0.9 -0.36 0.000750846
-0.9 -0.3 0.000666848
-0.9 -0.24 0.000584106
-0.9 -0.18 0.000504593
-0.9 -0.12 0.000429914
-0.9 -0.06 0.000361255
-0.9 9.71445e-15 0.000299388
-0.9 0.06 0.000244703
-0.9 0.12 0.000197259
-0.9 0.18 0.000156827
-0.9 0.24 0.000122969
-0.9 0.3 9.50954e-05
-0.9 0.36 7.25291e-05
-0.9 0.42 5.45573e-05
-0.9 0.48 4.04751e-05
-0.84 -1.5 0.000707331
-0.84 -1.44 0.000817158
-0.84 -1.38 0.000931061
-0.84 -1.32 0.00104626
-0.84 -1.26 0.00115955
-0.84 -1.2 0.00126744
-0.84 -1.14 0.00136632
-0.84 -1.08 0.00145268
-0.84 -1.02 0.00152325
-0.84 -0.96 0.00157532
-0.84 -0.9 0.00160677
-0.84 -0.84 0.00161632
-0.84 -0.78 0.00160358
-0.84 -0.72 0.00156906
-0.84 -0.66 0.00151419
-0.84 -0.6 0.00144113
-0.84 -0.54 0.00135278
-0.84 -0.48 0.00125237
-0.84 -0.42 0.00114348
-0.84 -0.36 0.00102971
-0.84 -0.3 0.000914501
-0.84 -0.24 0.000801024
-0.84 -0.18 0.000691986
-0.84 -0.12 0.000589578
-0.84 -0.06 0.000495418
-0.84 9.71445e-15 0.000410571
-0.84 0.06 0.000335582
-0.84 0.12 0.000270517
-0.84 0.18 0.000215071
-0.84 0.24 0.000168638
-0.84 0.3 0.000130412
-0.84 0.36 9.94647e-05
-0.84 0.42 7.48195e-05
-0.84 0.48 5.55063e-05
-0.78 -1.56 0.000816722
-0.78 -1.5 0.000956687
-0.78 -1.44 0.00110523
-0.78 -1.38 0.00125928
-0.78 -1.32 0.0014151
-0.78 -1.26 0.00156832
-0.78 -1.2 0.00171424
-0.78 -1.14 0.00184798
-0.78 -1.08 0.0019648
-0.78 -1.02 0.00206027
-0.78 -0.96 0.00213067
-0.78 -0.9 0.00217321
-0.78 -0.84 0.00218612
-0.78 -0.78 0.00216887
-0.78 -0.72 0.00212221
-0.78 -0.66 0.00204797
-0.78 -0.6 0.00194919
-0.78 -0.54 0.00182967
-0.78 -0.48 0.00169385
-0.78 -0.42 0.00154658
-0.78 -0.36 0.0013927
-0.78 -0.3 0.00123689
-0.78 -0.24 0.00108342
-0.78 -0.18 0.00093594
-0.78 -0.12 0.000797422
-0.78 -0.06 0.000670069
-0.78 9.71445e-15 0.000555309
-0.78 0.06 0.000453884
-0.78 0.12 0.000365878
-0.78 0.18 0.000290887
-0.78 0.24 0.000228087
-0.78 0.3 0.000176387
-0.78 0.36 0.00013453
-0.78 0.42 0.000101195
-0.78 0.48 7.50745e-05
-0.72 -1.62 0.000917291
-0.72 -1.56 0.00108946
-0.72 -1.5 0.00127616
-0.72 -1.44 0.0014743
-0.72 -1.38 0.00167981
-0.72 -1.32 0.00188763
-0.72 -1.26 0.00209203
-0.72 -1.2 0.00228669
-0.72 -1.14 0.00246512
-0.72 -1.08 0.0026209
-0.72 -1.02 0.00274826
-0.72 -0.96 0.00284218
-0.72 -0.9 0.0028989
-0.72 -0.84 0.00291614
-0.72 -0.78 0.00289315
-0.72 -0.72 0.00283085
-0.72 -0.66 0.00273188
-0.72 -0.6 0.0026001
-0.72 -0.54 0.00244065
-0.72 -0.48 0.00225952
-0.72 -0.42 0.00206304
-0.72 -0.36 0.00185779
-0.72 -0.3 0.00164995
-0.72 -0.24 0.00144521
-0.72 -0.18 0.00124849
-0.72 -0.12 0.00106371
-0.72 -0.06 0.000893824
-0.72 9.71445e-15 0.000740748
-0.72 0.06 0.000605453
-0.72 0.12 0.000488066
-0.72 0.18 0.000388027
-0.72 0.24 0.000304255
-0.72 0.3 0.000235288
-0.72 0.36 0.000179454
-0.72 0.42 0.000134988
-0.72 0.48 0.000100144
-0.72 0.54 7.32736e-05
-0.66 -1.68 0.00100211
-0.66 -1.62 0.00120678
-0.66 -1.56 0.00143329
-0.66 -1.5 0.00167891
-0.66 -1.44 0.0019396
-0.66 -1.38 0.00220996
-0.66 -1.32 0.0024834
-0.66 -1.26 0.00275229
-0.66 -1.2 0.00300839
-0.66 -1.14 0.00324309
-0.66 -1.08 0.00344807
-0.66 -1.02 0.00361559
-0.66 -0.96 0.00373919
-0.66 -0.9 0.00381383
-0.66 -0.84 0.00383648
-0.66 -0.78 0.00380625
-0.66 -0.72 0.00372433
-0.66 -0.66 0.00359408
-0.66 -0.6 0.00342068
-0.66 -0.54 0.00321096
-0.66 -0.48 0.00297262
-0.66 -0.42 0.00271417
-0.66 -0.36 0.00244411
-0.66 -0.3 0.00217066
-0.66 -0.24 0.00190132
-0.66 -0.18 0.00164249
-0.66 -0.12 0.00139942
-0.66 -0.06 0.00117592
-0.66 9.71445e-15 0.000974536
-0.66 0.06 0.000796537
-0.66 0.12 0.0006421
-0.66 0.18 0.000510493
-0.66 0.24 0.00040028
-0.66 0.3 0.000309547
-0.66 0.36 0.000236089
-0.66 0.42 0.000177591
-0.66 0.48 0.00013175
-0.66 0.54 9.63989e-05
-0.6 -1.74 0.00106488
-0.6 -1.68 0.00130025
-0.6 -1.62 0.00156583
-0.6 -1.56 0.00185973
-0.6 -1.5 0.00217842
-0.6 -1.44 0.00251668
-0.6 -1.38 0.0028675
-0.6 -1.32 0.00322231
-0.6 -1.26 0.00357121
-0.6 -1.2 0.00390357
-0.6 -1.14 0.00420815
-0.6 -1.08 0.00447413
-0.6 -1.02 0.00469164
-0.6 -0.96 0.00485205
-0.6 -0.9 0.00494895
-0.6 -0.84 0.00497846
-0.6 -0.78 0.00493936
-0.6 -0.72 0.00483322
-0.6 -0.66 0.00466437
-0.6 -0.6 0.00443965
-0.6 -0.54 0.00416767
-0.6 -0.48 0.00385865
-0.6 -0.42 0.00352164
-0.6 -0.36 0.00317127
-0.6 -0.3 0.0028165
-0.6 -0.24 0.00246702
-0.6 -0.18 0.00213119
-0.6 -0.12 0.00181578
-0.6 -0.06 0.00152577
-0.6 9.71445e-15 0.00126448
-0.6 0.06 0.00103352
-0.6 0.12 0.000833136
-0.6 0.18 0.000662366
-0.6 0.24 0.000519369
-0.6 0.3 0.000401644
-0.6 0.36 0.000306333
-0.6 0.42 0.000230427
-0.6 0.48 0.000170948
-0.6 0.54 0.00012508
-0.54 -1.8 0.0011007
-0.54 -1.74 0.00136272
-0.54 -1.68 0.00166392
-0.54 -1.62 0.0020038
-0.54 -1.56 0.00237989
-0.54 -1.5 0.00278775
-0.54 -1.44 0.00322061
-0.54 -1.38 0.00366954
-0.54 -1.32 0.00412361
-0.54 -1.26 0.00457013
-0.54 -1.2 0.00499541
-0.54 -1.14 0.00538519
-0.54 -1.08 0.00572569
-0.54 -1.02 0.00600401
-0.54 -0.96 0.00620933
-0.54 -0.9 0.00633348
-0.54 -0.84 0.00637132
-0.54 -0.78 0.00632134
-0.54 -0.72 0.00618565
-0.54 -0.66 0.00596964
-0.54 -0.6 0.00568217
-0.54 -0.54 0.00533431
-0.54 -0.48 0.00493894
-0.54 -0.42 0.00451023
-0.54 -0.36 0.00406226
-0.54 -0.3 0.00360865
-0.54 -0.24 0.0031618
-0.54 -0.18 0.00272724
-0.54 -0.12 0.00232363
-0.54 -0.06 0.00195252
-0.54 9.71445e-15 0.00161813
-0.54 0.06 0.00132258
-0.54 0.12 0.00106614
-0.54 0.18 0.000847624
-0.54 0.24 0.00066463
-0.54 0.3 0.000513978
-0.54 0.36 0.00039201
-0.54 0.42 0.000294874
-0.54 0.48 0.000218761
-0.54 0.54 0.000160061
-0.54 0.6 0.000115504
-0.48 -1.86 0.00110666
-0.48 -1.8 0.00138919
-0.48 -1.74 0.0017199
-0.48 -1.68 0.00210005
-0.48 -1.62 0.00252898
-0.48 -1.56 0.00300368
-0.48 -1.5 0.00351845
-0.48 -1.44 0.00406475
-0.48 -1.38 0.00463136
-0.48 -1.32 0.00520447
-0.48 -1.26 0.00576806
-0.48 -1.2 0.00630488
-0.48 -1.14 0.00679683
-0.48 -1.08 0.00722667
-0.48 -1.02 0.00757798
-0.48 -0.96 0.00783731
-0.48 -0.9 0.00799409
-0.48 -0.84 0.00804198
-0.48 -0.78 0.0079791
-0.48 -0.72 0.00780805
-0.48 -0.66 0.0075357
-0.48 -0.6 0.00717312
-0.48 -0.54 0.00673434
-0.48 -0.48 0.00623569
-0.48 -0.42 0.00569487
-0.48 -0.36 0.00512975
-0.48 -0.3 0.00455753
-0.48 -0.24 0.00399385
-0.48 -0.18 0.00345212
-0.48 -0.12 0.00294327
-0.48 -0.06 0.00247534
-0.48 9.71445e-15 0.00204224
-0.48 0.06 0.00166922
-0.48 0.12 0.00134558
-0.48 0.18 0.00106978
-0.48 0.24 0.000838824
-0.48 0.3 0.000648686
-0.48 0.36 0.000494751
-0.48 0.42 0.000372158
-0.48 0.48 0.000276097
-0.48 0.54 0.000202013
-0.48 0.6 0.000145776
-0.42 -1.86 0.00137752
-0.42 -1.8 0.00172919
-0.42 -1.74 0.00214085
-0.42 -1.68 0.00261406
-0.42 -1.62 0.00314795
-0.42 -1.56 0.00373886
-0.42 -1.5 0.00437961
-0.42 -1.44 0.00505965
-0.42 -1.38 0.005765
-0.42 -1.32 0.0064784
-0.42 -1.26 0.00717998
-0.42 -1.2 0.00784832
-0.42 -1.14 0.00846084
-0.42 -1.08 0.0089959
-0.42 -1.02 0.00943344
-0.42 -0.96 0.00975642
-0.42 -0.9 0.00995181
-0.42 -0.84 0.0100117
-0.42 -0.78 0.00993385
-0.42 -0.72 0.00972131
-0.42 -0.66 0.00938282
-0.42 -0.6 0.00893196
-0.42 -0.54 0.00838629
-0.42 -0.48 0.0077662
-0.42 -0.42 0.00709356
-0.42 -0.36 0.00639067
-0.42 -0.3 0.00567899
-0.42 -0.24 0.00497783
-0.42 -0.18 0.00430394
-0.42 -0.12 0.00367094
-0.42 -0.06 0.00308875
-0.42 9.71445e-15 0.00256402
-0.42 0.06 0.00209994
-0.42 0.12 0.00167491
-0.42 0.18 0.00133161
-0.42 0.24 0.00104412
-0.42 0.3 0.000807447
-0.42 0.36 0.000615835
-0.42 0.42 0.000463243
-0.42 0.48 0.000343669
-0.42 0.54 0.000251456
-0.42 0.6 0.000181454
-0.36 -1.92 0.00132865
-0.36 -1.86 0.00169111
-0.36 -1.8 0.00212285
-0.36 -1.74 0.0026282
-0.36 -1.68 0.00320916
-0.36 -1.62 0.00386461
-0.36 -1.56 0.00459006
-0.36 -1.5 0.00537671
-0.36 -1.44 0.00621163
-0.36 -1.38 0.00707758
-0.36 -1.32 0.00795342
-0.36 -1.26 0.00881493
-0.36 -1.2 0.00963549
-0.36 -1.14 0.0103877
-0.36 -1.08 0.0110449
-0.36 -1.02 0.0115823
-0.36 -0.96 0.0119792
-0.36 -0.9 0.0122195
-0.36 -0.84 0.0122938
-0.36 -0.78 0.0121988
-0.36 -0.72 0.0119385
-0.36 -0.66 0.011524
-0.36 -0.6 0.0109713
-0.36 -0.54 0.0103024
-0.36 -0.48 0.0095423
-0.36 -0.42 0.00871763
-0.36 -0.36 0.00785581
-0.36 -0.3 0.00698312
-0.36 -0.24 0.00612329
-0.36 -0.18 0.00529691
-0.36 -0.12 0.00452049
-0.36 -0.06 0.00380634
-0.36 9.71445e-15 0.00316247
-0.36 0.06 0.00259292
-0.36 0.12 0.00209825
-0.36 0.18 0.00167606
-0.36 0.24 0.0012818
-0.36 0.3 0.000991249
-0.36 0.36 0.000756023
-0.36 0.42 0.000568694
-0.36 0.48 0.000421899
-0.36 0.54 0.000308697
-0.36 0.6 0.00022276
-0.3 -1.98 0.00124652
-0.3 -1.92 0.00160869
-0.3 -1.86 0.00204753
-0.3 -1.8 0.0025703
-0.3 -1.74 0.00318217
-0.3 -1.68 0.00388559
-0.3 -1.62 0.00467925
-0.3 -1.56 0.00555764
-0.3 -1.5 0.00651018
-0.3 -1.44 0.00752115
-0.3 -1.38 0.0085697
-0.3 -1.32 0.00963038
-0.3 -1.26 0.0106737
-0.3 -1.2 0.0116675
-0.3 -1.14 0.0125786
-0.3 -1.08 0.0133749
-0.3 -1.02 0.0140262
-0.3 -0.96 0.0145075
-0.3 -0.9 0.0147995
-0.3 -0.84 0.0148904
-0.3 -0.78 0.0147765
-0.3 -0.72 0.0144631
-0.3 -0.66 0.0139626
-0.3 -0.6 0.0132953
-0.3 -0.54 0.0124873
-0.3 -0.48 0.0115688
-0.3 -0.42 0.0105724
-0.3 -0.36 0.00953091
-0.3 -0.3 0.00847619
-0.3 -0.24 0.00743702
-0.3 -0.18 0.00643805
-0.3 -0.12 0.00549925
-0.3 -0.06 0.00463565
-0.3 9.71445e-15 0.0038567
-0.3 0.06 0.00316731
-0.3 0.12 0.0025682
-0.3 0.18 0.00205646
-0.3 0.24 0.00162658
-0.3 0.3 0.00127128
-0.3 0.36 0.000915367
-0.3 0.42 0.000688551
-0.3 0.48 0.000510824
-0.3 0.54 0.000373755
-0.3 0.6 0.000269709
-0.24 -1.98 0.0014885
-0.24 -1.92 0.00192098
-0.24 -1.86 0.00244504
-0.24 -1.8 0.00306928
-0.24 -1.74 0.00380002
-0.24 -1.68 0.00463999
-0.24 -1.62 0.00558778
-0.24 -1.56 0.0066367
-0.24 -1.5 0.00777429
-0.24 -1.44 0.00898175
-0.24 -1.38 0.0102342
-0.24 -1.32 0.0115011
-0.24 -1.26 0.0127473
-0.24 -1.2 0.0139346
-0.24 -1.14 0.0150233
-0.24 -1.08 0.015975
-0.24 -1.02 0.0167539
-0.24 -0.96 0.0173301
-0.24 -0.9 0.0176805
-0.24 -0.84 0.0177911
-0.24 -0.78 0.0176577
-0.24 -0.72 0.0172859
-0.24 -0.66 0.0166912
-0.24 -0.6 0.0158976
-0.24 -0.54 0.0149364
-0.24 -0.48 0.0138432
-0.24 -0.42 0.0126571
-0.24 -0.36 0.0114172
-0.24 -0.3 0.0101612
-0.24 -0.24 0.00892345
-0.24 -0.18 0.00773339
-0.24 -0.12 0.00661489
-0.24 -0.06 0.00558531
-0.24 9.71445e-15 0.00465624
-0.24 0.06 0.0038334
-0.24 0.12 0.00311751
-0.24 0.18 0.00250522
-0.24 0.24 0.00198996
-0.24 0.3 0.00156307
-0.24 0.36 0.00121461
-0.24 0.42 0.00082222
-0.24 0.48 0.000609983
-0.24 0.54 0.000446311
-0.24 0.6 0.000322067
-0.18 -2.04 0.00133971
-0.18 -1.98 0.00175305
-0.18 -1.92 0.00226239
-0.18 -1.86 0.0028796
-0.18 -1.8 0.00361486
-0.18 -1.74 0.00447544
-0.18 -1.68 0.00546475
-0.18 -1.62 0.00658118
-0.18 -1.56 0.00781669
-0.18 -1.5 0.00915665
-0.18 -1.44 0.010579
-0.18 -1.38 0.0120544
-0.18 -1.32 0.0135471
-0.18 -1.26 0.0150156
-0.18 -1.2 0.0164148
-0.18 -1.14 0.0176986
-0.18 -1.08 0.0188211
-0.18 -1.02 0.0197407
-0.18 -0.96 0.0204217
-0.18 -0.9 0.0208376
-0.18 -0.84 0.0209715
-0.18 -0.78 0.0208185
-0.18 -0.72 0.0203856
-0.18 -0.66 0.0196905
-0.18 -0.6 0.0187621
-0.18 -0.54 0.0176362
-0.18 -0.48 0.0163553
-0.18 -0.42 0.0149651
-0.18 -0.36 0.0135116
-0.18 -0.3 0.0120388
-0.18 -0.24 0.0105871
-0.18 -0.18 0.00919072
-0.18 -0.12 0.00787747
-0.18 -0.06 0.00666799
-0.18 9.71445e-15 0.00557548
-0.18 0.06 0.00460672
-0.18 0.12 0.00376246
-0.18 0.18 0.0030388
-0.18 0.24 0.00242809
-0.18 0.3 0.00192028
-0.18 0.36 0.00150383
-0.18 0.42 0.00116672
-0.18 0.48 0.000897132
-0.18 0.54 0.000525618
-0.18 0.6 0.000379301
-0.12 -2.04 0.00155611
-0.12 -1.98 0.00203625
-0.12 -1.92 0.00262791
-0.12 -1.86 0.00334485
-0.12 -1.8 0.0041989
-0.12 -1.74 0.00519856
-0.12 -1.68 0.00634792
-0.12 -1.62 0.00764476
-0.12 -1.56 0.00908022
-0.12 -1.5 0.010637
-0.12 -1.44 0.0122897
-0.12 -1.38 0.0140042
-0.12 -1.32 0.0157389
-0.12 -1.26 0.0174463
-0.12 -1.2 0.0190735
-0.12 -1.14 0.0205671
-0.12 -1.08 0.0218739
-0.12 -1.02 0.0229458
-0.12 -0.96 0.0237417
-0.12 -0.9 0.0242302
-0.12 -0.84 0.0243924
-0.12 -0.78 0.0242225
-0.12 -0.72 0.0237282
-0.12 -0.66 0.0229311
-0.12 -0.6 0.021863
-0.12 -0.54 0.0205665
-0.12 -0.48 0.019091
-0.12 -0.42 0.0174881
-0.12 -0.36 0.0158116
-0.12 -0.3 0.0141122
-0.12 -0.24 0.0124361
-0.12 -0.18 0.0108231
-0.12 -0.12 0.00930478
-0.12 -0.06 0.00790477
-0.12 9.71445e-15 0.00663827
-0.12 0.06 0.00551287
-0.12 0.12 0.00452948
-0.12 0.18 0.0036835
-0.12 0.24 0.00296634
-0.12 0.3 0.00236662
-0.12 0.36 0.0018714
-0.12 0.42 0.0014672
-0.12 0.48 0.00114079
-0.12 0.54 0.000879804
-0.12 0.6 0.000440563
-0.06 -2.1 0.00134361
-0.06 -2.04 0.00178267
-0.06 -1.98 0.00233269
-0.06 -1.92 0.00301051
-0.06 -1.86 0.00383191
-0.06 -1.8 0.00481037
-0.06 -1.74 0.00595581
-0.06 -1.68 0.0072726
-0.06 -1.62 0.00875867
-0.06 -1.56 0.0104034
-0.06 -1.5 0.0121877
-0.06 -1.44 0.0140821
-0.06 -1.38 0.0160477
-0.06 -1.32 0.0180371
-0.06 -1.26 0.0199953
-0.06 -1.2 0.0218628
-0.06 -1.14 0.0235781
-0.06 -1.08 0.0250806
-0.06 -1.02 0.0263154
-0.06 -0.96 0.0272354
-0.06 -0.9 0.0278052
-0.06 -0.84 0.0280029
-0.06 -0.78 0.0278221
-0.06 -0.72 0.0272713
-0.06 -0.66 0.026375
-0.06 -0.6 0.0251702
-0.06 -0.54 0.0237054
-0.06 -0.48 0.0220353
-0.06 -0.42 0.0202204
-0.06 -0.36 0.0183204
-0.06 -0.3 0.0163929
-0.06 -0.24 0.0144903
-0.06 -0.18 0.0126571
-0.06 -0.12 0.0109292
-0.06 -0.06 0.00933261
-0.06 9.71445e-15 0.00788453
-0.06 0.06 0.0065934
-0.06 0.12 0.00546006
-0.06 0.18 0.0044797
-0.06 0.24 0.00364282
-0.06 0.3 0.00293708
-0.06 0.36 0.00234851
-0.06 0.42 0.00186268
-0.06 0.48 0.00146536
-0.06 0.54 0.00114333
-0.06 0.6 0.000884531
-0.06 0.66 0.000575397
9.71445e-15 -2.1 0.00151806
9.71445e-15 -2.04 0.00201417
9.71445e-15 -1.98 0.00263567
9.71445e-15 -1.92 0.00340155
9.71445e-15 -1.86 0.00432972
9.71445e-15 -1.8 0.00543537
9.71445e-15 -1.74 0.0067298
9.71445e-15 -1.68 0.00821805
9.71445e-15 -1.62 0.00989753
9.71445e-15 -1.56 0.011757
9.71445e-15 -1.5 0.0137742
9.71445e-15 -1.44 0.0159162
9.71445e-15 -1.38 0.0181396
9.71445e-15 -1.32 0.0203906
9.71445e-15 -1.26 0.0226076
9.71445e-15 -1.2 0.0247238
9.71445e-15 -1.14 0.0266692
9.71445e-15 -1.08 0.0283765
9.71445e-15 -1.02 0.0297836
9.71445e-15 -0.96 0.0308378
9.71445e-15 -0.9 0.0314989
9.71445e-15 -0.84 0.0317426
9.71445e-15 -0.78 0.0315621
9.71445e-15 -0.72 0.0309671
9.71445e-15 -0.66 0.0299844
9.71445e-15 -0.6 0.0286559
9.71445e-15 -0.54 0.0270351
9.71445e-15 -0.48 0.0251841
9.71445e-15 -0.42 0.023169
9.71445e-15 -0.36 0.0210569
9.71445e-15 -0.3 0.0189117
9.71445e-15 -0.24 0.0167906
9.71445e-15 -0.18 0.0147426
9.71445e-15 -0.12 0.0128073
9.71445e-15 -0.06 0.0110129
9.71445e-15 9.71445e-15 0.00937838
9.71445e-15 0.06 0.00791253
9.71445e-15 0.12 0.00661692
9.71445e-15 0.18 0.00548645
9.71445e-15 0.24 0.00451162
9.71445e-15 0.3 0.00367993
9.71445e-15 0.36 0.00297722
9.71445e-15 0.42 0.0023889
9.71445e-15 0.48 0.0019006
9.71445e-15 0.54 0.00149881
9.71445e-15 0.6 0.00117107
9.71445e-15 0.66 0.000810228
9.71445e-15 0.72 0.000632963
0.06 -2.16 0.00125745
0.06 -2.1 0.00169165
0.06 -2.04 0.00224451
0.06 -1.98 0.00293712
0.06 -1.92 0.00379068
0.06 -1.86 0.00482517
0.06 -1.8 0.00605757
0.06 -1.74 0.00750043
0.06 -1.68 0.00915954
0.06 -1.62 0.0110322
0.06 -1.56 0.0131058
0.06 -1.5 0.0153557
0.06 -1.44 0.0177459
0.06 -1.38 0.0202279
0.06 -1.32 0.0227422
0.06 -1.26 0.0252202
0.06 -1.2 0.0275887
0.06 -1.14 0.0297698
0.06 -1.08 0.0316886
0.06 -1.02 0.0332776
0.06 -0.96 0.0344772
0.06 -0.9 0.0352439
0.06 -0.84 0.0355511
0.06 -0.78 0.0353908
0.06 -0.72 0.0347737
0.06 -0.66 0.0337297
0.06 -0.6 0.0323047
0.06 -0.54 0.0305568
0.06 -0.48 0.0285538
0.06 -0.42 0.0263676
0.06 -0.36 0.024071
0.06 -0.3 0.0217322
0.06 -0.24 0.0194129
0.06 -0.18 0.0171654
0.06 -0.12 0.0150317
0.06 -0.06 0.0130417
0.06 9.71445e-15 0.0112157
0.06 0.06 0.00956362
0.06 0.12 0.00808774
0.06 0.18 0.00678416
0.06 0.24 0.00564461
0.06 0.3 0.00465776
0.06 0.36 0.00381082
0.06 0.42 0.00309041
0.06 0.48 0.00248305
0.06 0.54 0.00197577
0.06 0.6 0.00155615
0.06 0.66 0.00112521
0.06 0.72 0.000879037
0.06 0.78 0.000677278
0.12 -2.16 0.00138199
0.12 -2.1 0.00185923
0.12 -2.04 0.00246689
0.12 -1.98 0.00322821
0.12 -1.92 0.00416652
0.12 -1.86 0.00530378
0.12 -1.8 0.00665877
0.12 -1.74 0.0082454
0.12 -1.68 0.01007
0.12 -1.62 0.0121301
0.12 -1.56 0.0144116
0.12 -1.5 0.0168883
0.12 -1.44 0.0195207
0.12 -1.38 0.0222559
0.12 -1.32 0.0250292
0.12 -1.26 0.0277662
0.12 -1.2 0.0303862
0.12 -1.14 0.0328059
0.12 -1.08 0.0349431
0.12 -1.02 0.0367241
0.12 -0.96 0.038085
0.12 -0.9 0.0389789
0.12 -0.84 0.0393765
0.12 -0.78 0.0392689
0.12 -0.72 0.038668
0.12 -0.66 0.0376056
0.12 -0.6 0.0361307
0.12 -0.54 0.0343056
0.12 -0.48 0.032201
0.12 -0.42 0.0298934
0.12 -0.36 0.0274581
0.12 -0.3 0.0249665
0.12 -0.24 0.0224822
0.12 -0.18 0.020059
0.12 -0.12 0.01774
0.12 -0.06 0.0155562
0.12 9.71445e-15 0.0135291
0.12 0.06 0.011671
0.12 0.12 0.00998633
0.12 0.18 0.00847439
0.12 0.24 0.0071302
0.12 0.3 0.0059462
0.12 0.36 0.0049129
0.12 0.42 0.00401981
0.12 0.48 0.00325559
0.12 0.54 0.00260866
0.12 0.6 0.00206718
0.12 0.66 0.00154117
0.12 0.72 0.00120399
0.12 0.78 0.000927643
0.12 0.84 0.000704912
0.18 -2.16 0.00149804
0.18 -2.1 0.00201541
0.18 -2.04 0.0026742
0.18 -1.98 0.00349966
0.18 -1.92 0.00451711
0.18 -1.86 0.00575041
0.18 -1.8 0.00722013
0.18 -1.74 0.00894132
0.18 -1.68 0.0109213
0.18 -1.62 0.0131576
0.18 -1.56 0.0156352
0.18 -1.5 0.0183264
0.18 -1.44 0.0211889
0.18 -1.38 0.0241662
0.18 -1.32 0.0271891
0.18 -1.26 0.0301785
0.18 -1.2 0.0330475
0.18 -1.14 0.035708
0.18 -1.08 0.0380721
0.18 -1.02 0.0400608
0.18 -0.96 0.0416069
0.18 -0.9 0.0426606
0.18 -0.84 0.0431904
0.18 -0.78 0.0431868
0.18 -0.72 0.0426617
0.18 -0.66 0.0416488
0.18 -0.6 0.0401968
0.18 -0.54 0.0383705
0.18 -0.48 0.0362409
0.18 -0.42 0.033885
0.18 -0.36 0.0313778
0.18 -0.3 0.0287897
0.18 -0.24 0.0261834
0.18 -0.18 0.0236124
0.18 -0.12 0.021119
0.18 -0.06 0.0187358
0.18 9.71445e-15 0.0164865
0.18 0.06 0.0143877
0.18 0.12 0.0124491
0.18 0.18 0.0106761
0.18 0.24 0.00907076
0.18 0.3 0.00763178
0.18 0.36 0.00635563
0.18 0.42 0.00523652
0.18 0.48 0.00426661
0.18 0.54 0.00343648
0.18 0.6 0.0027351
0.18 0.66 0.00208191
0.18 0.72 0.00162641
0.18 0.78 0.00125312
0.18 0.84 0.000952233
0.18 0.9 0.000713642
0.24 -2.22 0.00117411
0.24 -2.16 0.00160163
0.24 -2.1 0.00215486
0.24 -2.04 0.0028594
0.24 -1.98 0.00374226
0.24 -1.92 0.0048306
0.24 -1.86 0.00615007
0.24 -1.8 0.00772293
0.24 -1.74 0.00956539
0.24 -1.68 0.0116857
0.24 -1.62 0.0140818
0.24 -1.56 0.0167383
0.24 -1.5 0.0196263
0.24 -1.44 0.0227017
0.24 -1.38 0.0259053
0.24 -1.32 0.0291652
0.24 -1.26 0.0323983
0.24 -1.2 0.0355138
0.24 -1.14 0.0384197
0.24 -1.08 0.0410249
0.24 -1.02 0.043247
0.24 -0.96 0.0450158
0.24 -0.9 0.0462798
0.24 -0.84 0.0470059
0.24 -0.78 0.0471833
0.24 -0.72 0.0468242
0.24 -0.66 0.0459587
0.24 -0.6 0.0446356
0.24 -0.54 0.0429149
0.24 -0.48 0.040865
0.24 -0.42 0.0385577
0.24 -0.36 0.0360626
0.24 -0.3 0.0334446
0.24 -0.24 0.0307626
0.24 -0.18 0.0280665
0.24 -0.12 0.0253985
0.24 -0.06 0.0227944
0.24 9.71445e-15 0.0202825
0.24 0.06 0.0178869
0.24 0.12 0.0156277
0.24 0.18 0.0135205
0.24 0.24 0.011578
0.24 0.3 0.00980871
0.24 0.36 0.0082175
0.24 0.42 0.00680521
0.24 0.48 0.00556891
0.24 0.54 0.00450173
0.24 0.6 0.00359388
0.24 0.66 0.00277369
0.24 0.72 0.00216684
0.24 0.78 0.00166951
0.24 0.84 0.00126864
0.24 0.9 0.000950759
0.24 0.96 0.000702749
0.3 -2.22 0.00123809
0.3 -2.16 0.00168899
0.3 -2.1 0.00227256
0.3 -2.04 0.00301583
0.3 -1.98 0.00394737
0.3 -1.92 0.005096
0.3 -1.86 0.00648902
0.3 -1.8 0.00814997
0.3 -1.74 0.0100968
0.3 -1.68 0.0123385
0.3 -1.62 0.0148736
0.3 -1.56 0.0176873
0.3 -1.5 0.0207501
0.3 -1.44 0.0240177
0.3 -1.38 0.0274299
0.3 -1.32 0.030913
0.3 -1.26 0.034382
0.3 -1.2 0.037746
0.3 -1.14 0.0409099
0.3 -1.08 0.0437814
0.3 -1.02 0.0462786
0.3 -0.96 0.0483289
0.3 -0.9 0.0498796
0.3 -0.84 0.0508968
0.3 -0.78 0.0513679
0.3 -0.72 0.0512995
0.3 -0.66 0.0507178
0.3 -0.6 0.0496639
0.3 -0.54 0.0481885
0.3 -0.48 0.0463491
0.3 -0.42 0.0442048
0.3 -0.36 0.0418149
0.3 -0.3 0.0392337
0.3 -0.24 0.0365126
0.3 -0.18 0.0336986
0.3 -0.12 0.0308361
0.3 -0.06 0.0279649
0.3 9.71445e-15 0.0251248
0.3 0.06 0.0223521
0.3 0.12 0.0196817
0.3 0.18 0.0171447
0.3 0.24 0.0147687
0.3 0.3 0.0125754
0.3 0.36 0.0105806
0.3 0.42 0.00879393
0.3 0.48 0.007218
0.3 0.54 0.00584948
0.3 0.6 0.00467942
0.3 0.66 0.0036445
0.3 0.72 0.00284714
0.3 0.78 0.00219366
0.3 0.84 0.00166694
0.3 0.9 0.00124927
0.3 0.96 0.000923386
0.36 -2.22 0.00128778
0.36 -2.16 0.00175692
0.36 -2.1 0.00236417
0.36 -2.04 0.00313781
0.36 -1.98 0.0041077
0.36 -1.92 0.00530401
0.36 -1.86 0.00675538
0.36 -1.8 0.00848713
0.36 -1.74 0.0105181
0.36 -1.68 0.0128593
0.36 -1.62 0.0155098
0.36 -1.56 0.0184565
0.36 -1.5 0.0216707
0.36 -1.44 0.0251087
0.36 -1.38 0.0287116
0.36 -1.32 0.032407
0.36 -1.26 0.0361116
0.36 -1.2 0.0397346
0.36 -1.14 0.0431834
0.36 -1.08 0.0463676
0.36 -1.02 0.0492053
0.36 -0.96 0.0516258
0.36 -0.9 0.053575
0.36 -0.84 0.0550166
0.36 -0.78 0.0559324
0.36 -0.72 0.056322
0.36 -0.66 0.0561986
0.36 -0.6 0.0555874
0.36 -0.54 0.0545206
0.36 -0.48 0.0530381
0.36 -0.42 0.0511774
0.36 -0.36 0.048981
0.36 -0.3 0.0464896
0.36 -0.24 0.043747
0.36 -0.18 0.0407985
0.36 -0.12 0.0376924
0.36 -0.06 0.0344819
0.36 9.71445e-15 0.0312203
0.36 0.06 0.0279638
0.36 0.12 0.0247681
0.36 0.18 0.0216841
0.36 0.24 0.0187585
0.36 0.3 0.0160298
0.36 0.36 0.0135275
0.36 0.42 0.011271
0.36 0.48 0.00927007
0.36 0.54 0.00752499
0.36 0.6 0.00602811
0.36 0.66 0.00472297
0.36 0.72 0.00368965
0.36 0.78 0.0028428
0.36 0.84 0.0021602
0.36 0.9 0.00161893
0.36 0.96 0.00119662
0.36 1.02 0.000872316
0.42 -2.22 0.00132127
0.42 -2.16 0.00180288
0.42 -2.1 0.0024264
0.42 -2.04 0.00322098
0.42 -1.98 0.00421758
0.42 -1.92 0.00544754
0.42 -1.86 0.00694079
0.42 -1.8 0.00872388
0.42 -1.74 0.0108177
0.42 -1.68 0.0132346
0.42 -1.62 0.0159759
0.42 -1.56 0.0190307
0.42 -1.5 0.0223734
0.42 -1.44 0.0259633
0.42 -1.38 0.0297451
0.42 -1.32 0.0336505
0.42 -1.26 0.0376012
0.42 -1.2 0.0415116
0.42 -1.14 0.0452941
0.42 -1.08 0.0488638
0.42 -1.02 0.0521409
0.42 -0.96 0.0550587
0.42 -0.9 0.0575598
0.42 -0.84 0.0596031
0.42 -0.78 0.0611591
0.42 -0.72 0.0622103
0.42 -0.66 0.0627502
0.42 -0.6 0.0627762
0.42 -0.54 0.0622957
0.42 -0.48 0.0613151
0.42 -0.42 0.0598484
0.42 -0.36 0.0579151
0.42 -0.3 0.0555425
0.42 -0.24 0.0527671
0.42 -0.18 0.0496375
0.42 -0.12 0.0462128
0.42 -0.06 0.0425615
0.42 9.71445e-15 0.0387607
0.42 0.06 0.034891
0.42 0.12 0.0310341
0.42 0.18 0.0272661
0.42 0.24 0.0236572
0.42 0.3 0.0202653
0.42 0.36 0.0171362
0.42 0.42 0.0143015
0.42 0.48 0.0117784
0.42 0.54 0.0095719
0.42 0.6 0.00767471
0.42 0.66 0.00603637
0.42 0.72 0.00471565
0.42 0.78 0.00363334
0.42 0.84 0.00276094
0.42 0.9 0.00206917
0.42 0.96 0.00152939
0.42 1.02 0.00111491
0.42 1.08 0.000801571
0.48 -2.28 0.000966601
0.48 -2.22 0.00133744
0.48 -2.16 0.00182526
0.48 -2.1 0.00245714
0.48 -2.04 0.00326279
0.48 -1.98 0.0042739
0.48 -1.92 0.00552272
0.48 -1.86 0.00704062
0.48 -1.8 0.00885552
0.48 -1.74 0.0109903
0.48 -1.68 0.0134596
0.48 -1.62 0.0162686
0.48 -1.56 0.0194098
0.48 -1.5 0.0228625
0.48 -1.44 0.0265924
0.48 -1.38 0.0305515
0.48 -1.32 0.0346795
0.48 -1.26 0.0389064
0.48 -1.2 0.0431577
0.48 -1.14 0.0473538
0.48 -1.08 0.0514172
0.48 -1.02 0.055275
0.48 -0.96 0.0588586
0.48 -0.9 0.0621076
0.48 -0.84 0.064968
0.48 -0.78 0.0673928
0.48 -0.72 0.0693369
0.48 -0.66 0.0707592
0.48 -0.6 0.0716238
0.48 -0.54 0.0718952
0.48 -0.48 0.0715458
0.48 -0.42 0.0705594
0.48 -0.36 0.0689317
0.48 -0.3 0.0666782
0.48 -0.24 0.0638319
0.48 -0.18 0.060448
0.48 -0.12 0.0566032
0.48 -0.06 0.0523882
0.48 9.71445e-15 0.0479093
0.48 0.06 0.0432779
0.48 0.12 0.0386059
0.48 0.18 0.034001
0.48 0.24 0.0295592
0.48 0.3 0.0253629
0.48 0.36 0.0214755
0.48 0.42 0.0179425
0.48 0.48 0.0147904
0.48 0.54 0.0120282
0.48 0.6 0.00964993
0.48 0.66 0.00760897
0.48 0.72 0.00594426
0.48 0.78 0.0045799
0.48 0.84 0.00348021
0.48 0.9 0.00260824
0.48 0.96 0.00192786
0.48 1.02 0.00140536
0.48 1.08 0.00101041
0.48 1.14 0.000716453
0.54 -2.28 0.000965176
0.54 -2.22 0.00133577
0.54 -2.16 0.00182357
0.54 -2.1 0.00245575
0.54 -2.04 0.00326244
0.54 -1.98 0.00427591
0.54 -1.92 0.00552922
0.54 -1.86 0.00705492
0.54 -1.8 0.00888295
0.54 -1.74 0.0110387
0.54 -1.68 0.0135403
0.54 -1.62 0.0163979
0.54 -1.56 0.01961
0.54 -1.5 0.023164
0.54 -1.44 0.0270347
0.54 -1.38 0.0311855
0.54 -1.32 0.0355697
0.54 -1.26 0.0401307
0.54 -1.2 0.044807
0.54 -1.14 0.0495315
0.54 -1.08 0.054238
0.54 -1.02 0.0588552
0.54 -0.96 0.0633136
0.54 -0.9 0.0675415
0.54 -0.84 0.0714634
0.54 -0.78 0.0750011
0.54 -0.72 0.0780733
0.54 -0.66 0.0805926
0.54 -0.6 0.0824768
0.54 -0.54 0.0836445
0.54 -0.48 0.0840286
0.54 -0.42 0.0835799
0.54 -0.36 0.082273
0.54 -0.3 0.0801115
0.54 -0.24 0.0771318
0.54 -0.18 0.0734009
0.54 -0.12 0.0690161
0.54 -0.06 0.0640989
0.54 9.71445e-15 0.0587887
0.54 0.06 0.0532324
0.54 0.12 0.0475793
0.54 0.18 0.041972
0.54 0.24 0.0365377
0.54 0.3 0.0313844
0.54 0.36 0.0265975
0.54 0.42 0.0222377
0.54 0.48 0.0183419
0.54 0.54 0.0149236
0.54 0.6 0.0119422
0.54 0.66 0.00945944
0.54 0.72 0.00738992
0.54 0.78 0.00569376
0.54 0.84 0.00432657
0.54 0.9 0.00324253
0.54 0.96 0.0023967
0.54 1.02 0.00174713
0.54 1.08 0.00125613
0.54 1.14 0.000890695
0.6 -2.28 0.000951037
0.6 -2.22 0.00131671
0.6 -2.16 0.00179837
0.6 -2.1 0.00242321
0.6 -2.04 0.00322154
0.6 -1.98 0.00422598
0.6 -1.92 0.00547053
0.6 -1.86 0.0069892
0.6 -1.8 0.00881434
0.6 -1.74 0.0109747
0.6 -1.68 0.013494
0.6 -1.62 0.0163884
0.6 -1.56 0.0196663
0.6 -1.5 0.0233257
0.6 -1.44 0.0273556
0.6 -1.38 0.0317353
0.6 -1.32 0.0364357
0.6 -1.26 0.0414185
0.6 -1.2 0.0466389
0.6 -1.14 0.0520444
0.6 -1.08 0.0575763
0.6 -1.02 0.063165
0.6 -0.96 0.0687316
0.6 -0.9 0.074183
0.6 -0.84 0.0794137
0.6 -0.78 0.0843034
0.6 -0.72 0.0887215
0.6 -0.66 0.0925271
0.6 -0.6 0.0955843
0.6 -0.54 0.0977632
0.6 -0.48 0.0989533
0.6 -0.42 0.0990736
0.6 -0.36 0.0980786
0.6 -0.3 0.0959659
0.6 -0.24 0.0927752
0.6 -0.18 0.0885908
0.6 -0.12 0.0835368
0.6 -0.06 0.0777692
0.6 9.71445e-15 0.0714651
0.6 0.06 0.064814
0.6 0.12 0.0580075
0.6 0.18 0.0512257
0.6 0.24 0.0446321
0.6 0.3 0.0383647
0.6 0.36 0.032532
0.6 0.42 0.0272121
0.6 0.48 0.0224533
0.6 0.54 0.0182742
0.6 0.6 0.0146424
0.6 0.66 0.0115984
0.6 0.72 0.0090608
0.6 0.78 0.00698118
0.6 0.84 0.00530491
0.6 0.9 0.0039757
0.6 0.96 0.00293862
0.6 1.02 0.00214219
0.6 1.08 0.00154016
0.6 1.14 0.00109209
0.6 1.2 0.000763727
0.66 -2.28 0.000925028
0.66 -2.22 0.00128146
0.66 -2.16 0.00175147
0.66 -2.1 0.00236214
0.66 -2.04 0.00314374
0.66 -1.98 0.00412939
0.66 -1.92 0.00535416
0.66 -1.86 0.00685408
0.66 -1.8 0.00866469
0.66 -1.74 0.0108197
0.66 -1.68 0.0133494
0.66 -1.62 0.0162803
0.66 -1.56 0.0196321
0.66 -1.5 0.0234189
0.66 -1.44 0.0276479
0.66 -1.38 0.0323186
0.66 -1.32 0.0374236
0.66 -1.26 0.0429456
0.66 -1.2 0.0488588
0.66 -1.14 0.0551232
0.66 -1.08 0.0616846
0.66 -1.02 0.0684693
0.66 -0.96 0.0753782
0.66 -0.9 0.0822911
0.66 -0.84 0.089059
0.66 -0.78 0.0955113
0.66 -0.72 0.101461
0.66 -0.66 0.106707
0.66 -0.6 0.11106
0.66 -0.54 0.114333
0.66 -0.48 0.116377
0.66 -0.42 0.117078
0.66 -0.36 0.116374
0.66 -0.3 0.114253
0.66 -0.24 0.110767
0.66 -0.18 0.106019
0.66 -0.12 0.100163
0.66 -0.06 0.0933953
0.66 9.71445e-15 0.0859366
0.66 0.06 0.0780215
0.66 0.12 0.0698876
0.66 0.18 0.0617605
0.66 0.24 0.0538417
0.66 0.3 0.046302
0.66 0.36 0.0392771
0.66 0.42 0.0328642
0.66 0.48 0.0271237
0.66 0.54 0.0220799
0.66 0.6 0.0177064
0.66 0.66 0.0140253
0.66 0.72 0.0109569
0.66 0.78 0.00844203
0.66 0.84 0.00641492
0.66 0.9 0.00480763
0.66 0.96 0.00355354
0.66 1.02 0.00259044
0.66 1.08 0.00186243
0.66 1.14 0.00132062
0.66 1.2 0.000923543
0.66 1.26 0.000636986
0.72 -2.28 0.000888564
0.72 -2.22 0.00123205
0.72 -2.16 0.0016858
0.72 -2.1 0.00227662
0.72 -2.04 0.00303489
0.72 -1.98 0.00399438
0.72 -1.92 0.00519166
0.72 -1.86 0.00666556
0.72 -1.8 0.00845592
0.72 -1.74 0.0106033
0.72 -1.68 0.0131472
0.72 -1.62 0.0161264
0.72 -1.56 0.019577
0.72 -1.5 0.0235323
0.72 -1.44 0.0280215
0.72 -1.38 0.0330686
0.72 -1.32 0.0386897
0.72 -1.26 0.0448897
0.72 -1.2 0.0516602
0.72 -1.14 0.0589705
0.72 -1.08 0.0667648
0.72 -1.02 0.0749562
0.72 -0.96 0.0834217
0.72 -0.9 0.092001
0.72 -0.84 0.100497
0.72 -0.78 0.108684
0.72 -0.72 0.116312
0.72 -0.66 0.12312
0.72 -0.6 0.128858
0.72 -0.54 0.133288
0.72 -0.48 0.136216
0.72 -0.42 0.137499
0.72 -0.36 0.137052
0.72 -0.3 0.134867
0.72 -0.24 0.131002
0.72 -0.18 0.125582
0.72 -0.12 0.118799
0.72 -0.06 0.110887
0.72 9.71445e-15 0.102117
0.72 0.06 0.0927773
0.72 0.12 0.0831519
0.72 0.18 0.073516
0.72 0.24 0.064113
0.72 0.3 0.0551516
0.72 0.36 0.0467955
0.72 0.42 0.039163
0.72 0.48 0.032327
0.72 0.54 0.0263189
0.72 0.6 0.0211173
0.72 0.66 0.0167271
0.72 0.72 0.0130675
0.72 0.78 0.0100681
0.72 0.84 0.00765068
0.72 0.9 0.0057338
0.72 0.96 0.00423809
0.72 1.02 0.00308947
0.72 1.08 0.00222121
0.72 1.14 0.001575
0.72 1.2 0.00110146
0.72 1.26 0.000759689
0.78 -2.28 0.000843553
0.78 -2.22 0.00117121
0.78 -2.16 0.00160522
0.78 -2.1 0.00217219
0.78 -2.04 0.00290278
0.78 -1.98 0.0038318
0.78 -1.92 0.00499808
0.78 -1.86 0.00644411
0.78 -1.8 0.00821584
0.78 -1.74 0.0103624
0.78 -1.68 0.0129355
0.78 -1.62 0.0159893
0.78 -1.56 0.0195791
0.78 -1.5 0.0237609
0.78 -1.44 0.028589
0.78 -1.38 0.0341129
0.78 -1.32 0.0403727
0.78 -1.26 0.0473948
0.78 -1.2 0.0551826
0.78 -1.14 0.0637114
0.78 -1.08 0.0729176
0.78 -1.02 0.0826943
0.78 -0.96 0.0928888
0.78 -0.9 0.103297
0.78 -0.84 0.11367
0.78 -0.78 0.123721
0.78 -0.72 0.133136
0.78 -0.66 0.141595
0.78 -0.6 0.148779
0.78 -0.54 0.154409
0.78 -0.48 0.158239
0.78 -0.42 0.160095
0.78 -0.36 0.159877
0.78 -0.3 0.157571
0.78 -0.24 0.153248
0.78 -0.18 0.147061
0.78 -0.12 0.139235
0.78 -0.06 0.130051
0.78 9.71445e-15 0.119832
0.78 0.06 0.10892
0.78 0.12 0.0976565
0.78 0.18 0.0863646
0.78 0.24 0.0753365
0.78 0.3 0.0648189
0.78 0.36 0.0550065
0.78 0.42 0.0460409
0.78 0.48 0.0380079
0.78 0.54 0.0309273
0.78 0.6 0.0248391
0.78 0.66 0.0196752
0.78 0.72 0.0153704
0.78 0.78 0.0118426
0.78 0.84 0.00899913
0.78 0.9 0.00674433
0.78 0.96 0.00498497
0.78 1.02 0.00363398
0.78 1.08 0.00261267
0.78 1.14 0.0018526
0.78 1.2 0.00129558
0.78 1.26 0.000893587
0.78 1.32 0.000607851
0.84 -2.28 0.00079228
0.84 -2.22 0.00110228
0.84 -2.16 0.00151448
0.84 -2.1 0.00205553
0.84 -2.04 0.00275674
0.84 -1.98 0.00365458
0.84 -1.92 0.00479093
0.84 -1.86 0.00621339
0.84 -1.8 0.00797578
0.84 -1.74 0.0101378
0.84 -1.68 0.0127658
0.84 -1.62 0.0159319
0.84 -1.56 0.0197133
0.84 -1.5 0.02419
0.84 -1.44 0.0294424
0.84 -1.38 0.035545
0.84 -1.32 0.042561
0.84 -1.26 0.0505334
0.84 -1.2 0.0594751
0.84 -1.14 0.069361
0.84 -1.08 0.0801176
0.84 -1.02 0.0916137
0.84 -0.96 0.103661
0.84 -0.9 0.116011
0.84 -0.84 0.128361
0.84 -0.78 0.140363
0.84 -0.72 0.151641
0.84 -0.66 0.161806
0.84 -0.6 0.170484
0.84 -0.54 0.177333
0.84 -0.48 0.182071
0.84 -0.42 0.184487
0.84 -0.36 0.184468
0.84 -0.3 0.181992
0.84 -0.24 0.177148
0.84 -0.18 0.170111
0.84 -0.12 0.161145
0.84 -0.06 0.150585
0.84 9.71445e-15 0.138802
0.84 0.06 0.126198
0.84 0.12 0.113175
0.84 0.18 0.100108
0.84 0.24 0.0873386
0.84 0.3 0.0751551
0.84 0.36 0.0637849
0.84 0.42 0.0533922
0.84 0.48 0.0440802
0.84 0.54 0.0358778
0.84 0.6 0.0288151
0.84 0.66 0.0228247
0.84 0.72 0.0178309
0.84 0.78 0.0137384
0.84 0.84 0.0104396
0.84 0.9 0.00782385
0.84 0.96 0.00578295
0.84 1.02 0.00421566
0.84 1.08 0.00303091
0.84 1.14 0.00214913
0.84 1.2 0.00150296
0.84 1.26 0.00103663
0.84 1.32 0.00070515
0.9 -2.34 0.000521955
0.9 -2.28 0.000737337
0.9 -2.22 0.00102893
0.9 -2.16 0.00141884
0.9 -2.1 0.00193401
0.9 -2.04 0.00260697
0.9 -1.98 0.00347658
0.9 -1.92 0.0045889
0.9 -1.86 0.00599806
0.9 -1.8 0.00776694
0.9 -1.74 0.00996829
0.9 -1.68 0.0126844
0.9 -1.62 0.0160069
0.9 -1.56 0.0200359
0.9 -1.5 0.0248757
0.9 -1.44 0.0306315
0.9 -1.38 0.0374017
0.9 -1.32 0.0452683
0.9 -1.26 0.0542882
0.9 -1.2 0.0644819
0.9 -1.14 0.075819
0.9 -1.08 0.0882128
0.9 -1.02 0.101509
0.9 -0.96 0.115483
0.9 -0.9 0.129838
0.9 -0.84 0.144221
0.9 -0.78 0.158221
0.9 -0.72 0.171396
0.9 -0.66 0.183296
0.9 -0.6 0.193482
0.9 -0.54 0.201562
0.9 -0.48 0.207203
0.9 -0.42 0.210164
0.9 -0.36 0.210315
0.9 -0.3 0.207633
0.9 -0.24 0.202213
0.9 -0.18 0.194265
0.9 -0.12 0.184094
0.9 -0.06 0.172077
0.9 9.71445e-15 0.158651
0.9 0.06 0.144273
0.9 0.12 0.129404
0.9 0.18 0.114477
0.9 0.24 0.0998853
0.9 0.3 0.0859582
0.9 0.36 0.0729576
0.9 0.42 0.0610742
0.9 0.48 0.0504241
0.9 0.54 0.0410491
0.9 0.6 0.032968
0.9 0.66 0.0261142
0.9 0.72 0.0204006
0.9 0.78 0.0157183
0.9 0.84 0.0119442
0.9 0.9 0.00895154
0.9 0.96 0.00661642
0.9 1.02 0.00482325
0.9 1.08 0.00346773
0.9 1.14 0.0024589
0.9 1.2 0.00171957
0.9 1.26 0.00118603
0.9 1.32 0.000806779
0.96 -2.34 0.000480618
0.96 -2.28 0.000681433
0.96 -2.22 0.000955057
0.96 -2.16 0.00132374
0.96 -2.1 0.00181519
0.96 -2.04 0.00246375
0.96 -1.98 0.00331152
0.96 -1.92 0.00440971
0.96 -1.86 0.00582003
0.96 -1.8 0.00761608
0.96 -1.74 0.00988406
0.96 -1.68 0.0127233
0.96 -1.62 0.0162455
0.96 -1.56 0.0205725
0.96 -1.5 0.025832
0.96 -1.44 0.0321514
0.96 -1.38 0.0396502
0.96 -1.32 0.0484282
0.96 -1.26 0.0585532
0.96 -1.2 0.0700488
0.96 -1.14 0.0828816
0.96 -1.08 0.0969507
0.96 -1.02 0.112074
0.96 -0.96 0.127995
0.96 -0.9 0.144371
0.96 -0.84 0.160792
0.96 -0.78 0.17679
0.96 -0.72 0.191863
0.96 -0.66 0.20549
0.96 -0.6 0.217176
0.96 -0.54 0.22647
0.96 -0.48 0.232995
0.96 -0.42 0.236484
0.96 -0.36 0.236778
0.96 -0.3 0.23386
0.96 -0.24 0.227839
0.96 -0.18 0.218947
0.96 -0.12 0.207529
0.96 -0.06 0.194021
0.96 9.71445e-15 0.178909
0.96 0.06 0.162714
0.96 0.12 0.145958
0.96 0.18 0.129132
0.96 0.24 0.112679
0.96 0.3 0.0969738
0.96 0.36 0.0823115
0.96 0.42 0.068906
0.96 0.48 0.0568805
0.96 0.54 0.0463193
0.96 0.6 0.0372013
0.96 0.66 0.0294675
0.96 0.72 0.0230204
0.96 0.78 0.0177367
0.96 0.84 0.0134779
0.96 0.9 0.0101008
0.96 0.96 0.00746601
0.96 1.02 0.00544256
0.96 1.08 0.00391301
0.96 1.14 0.0027746
0.96 1.2 0.00194037
0.96 1.26 0.00133832
0.96 1.32 0.000910373
0.96 1.38 0.000610755
1.02 -2.34 0.0004401
1.02 -2.28 0.000627213
1.02 -2.22 0.000884392
1.02 -2.16 0.00123433
1.02 -2.1 0.00170606
1.02 -2.04 0.00233623
1.02 -1.98 0.00317092
1.02 -1.92 0.00426726
1.02 -1.86 0.00569528
1.02 -1.8 0.00753955
1.02 -1.74 0.0099001
1.02 -1.68 0.0128929
1.02 -1.62 0.0166485
1.02 -1.56 0.0213089
1.02 -1.5 0.0270234
1.02 -1.44 0.0339399
1.02 -1.38 0.0421957
1.02 -1.32 0.0519057
1.02 -1.26 0.0631484
1.02 -1.2 0.0759495
1.02 -1.14 0.0902725
1.02 -1.08 0.105998
1.02 -1.02 0.122925
1.02 -0.96 0.140759
1.02 -0.9 0.159116
1.02 -0.84 0.177535
1.02 -0.78 0.195488
1.02 -0.72 0.212409
1.02 -0.66 0.227722
1.02 -0.6 0.240865
1.02 -0.54 0.251337
1.02 -0.48 0.258717
1.02 -0.42 0.262704
1.02 -0.36 0.263122
1.02 -0.3 0.259953
1.02 -0.24 0.253314
1.02 -0.18 0.243475
1.02 -0.12 0.230813
1.02 -0.06 0.215814
1.02 9.71445e-15 0.199021
1.02 0.06 0.181024
1.02 0.12 0.162393
1.02 0.18 0.143681
1.02 0.24 0.125378
1.02 0.3 0.107905
1.02 0.36 0.0915927
1.02 0.42 0.0766781
1.02 0.48 0.0633011
1.02 0.54 0.0515485
1.02 0.6 0.0414012
1.02 0.66 0.0327939
1.02 0.72 0.0256192
1.02 0.78 0.0197389
1.02 0.84 0.0149995
1.02 0.9 0.0112412
1.02 0.96 0.0083088
1.02 1.02 0.006057
1.02 1.08 0.00435471
1.02 1.14 0.00308782
1.02 1.2 0.00215944
1.02 1.26 0.0014894
1.02 1.32 0.00101315
1.02 1.38 0.000679708
1.08 -2.34 0.000402083
1.08 -2.28 0.000577068
1.08 -2.22 0.000820185
1.08 -2.16 0.00115499
1.08 -2.1 0.00161212
1.08 -2.04 0.00223109
1.08 -1.98 0.00306227
1.08 -1.92 0.00416909
1.08 -1.86 0.00562991
1.08 -1.8 0.00753992
1.08 -1.74 0.0100125
1.08 -1.68 0.0131788
1.08 -1.62 0.0171862
1.08 -1.56 0.0221957
1.08 -1.5 0.0283751
1.08 -1.44 0.0358909
1.08 -1.38 0.0448969
1.08 -1.32 0.0555209
1.08 -1.26 0.0678498
1.08 -1.2 0.0819134
1.08 -1.14 0.0976676
1.08 -1.08 0.114982
1.08 -1.02 0.133633
1.08 -0.96 0.153292
1.08 -0.9 0.173539
1.08 -0.84 0.193859
1.08 -0.78 0.213673
1.08 -0.72 0.232352
1.08 -0.66 0.249263
1.08 -0.6 0.263786
1.08 -0.54 0.275371
1.08 -0.48 0.283555
1.08 -0.42 0.288003
1.08 -0.36 0.288529
1.08 -0.3 0.285103
1.08 -0.24 0.277863
1.08 -0.18 0.2671
1.08 -0.12 0.253236
1.08 -0.06 0.236797
1.08 9.71445e-15 0.21839
1.08 0.06 0.198649
1.08 0.12 0.178211
1.08 0.18 0.157681
1.08 0.24 0.1376
1.08 0.3 0.118426
1.08 0.36 0.100523
1.08 0.42 0.084147
1.08 0.48 0.0694788
1.08 0.54 0.0565798
1.08 0.6 0.0454416
1.08 0.66 0.0359941
1.08 0.72 0.0281193
1.08 0.78 0.0216653
1.08 0.84 0.0164631
1.08 0.9 0.0123382
1.08 0.96 0.00911967
1.08 1.02 0.00664808
1.08 1.08 0.00477967
1.08 1.14 0.00338921
1.08 1.2 0.00237018
1.08 1.26 0.00163475
1.08 1.32 0.00111202
1.08 1.38 0.000746045
1.08 1.44 0.000493633
1.14 -2.34 0.00036795
1.14 -2.28 0.000532832
1.14 -2.22 0.000764822
1.14 -2.16 0.00108853
1.14 -2.1 0.0015365
1.14 -2.04 0.00215126
1.14 -1.98 0.00298754
1.14 -1.92 0.00411472
1.14 -1.86 0.00561909
1.14 -1.8 0.00760561
1.14 -1.74 0.0101994
1.14 -1.68 0.0135451
1.14 -1.62 0.0178055
1.14 -1.56 0.0231578
1.14 -1.5 0.029786
1.14 -1.44 0.0378728
1.14 -1.38 0.0475874
1.14 -1.32 0.0590686
1.14 -1.26 0.0724107
1.14 -1.2 0.0876467
1.14 -1.14 0.104727
1.14 -1.08 0.123512
1.14 -1.02 0.143753
1.14 -0.96 0.165098
1.14 -0.9 0.187081
1.14 -0.84 0.209151
1.14 -0.78 0.230676
1.14 -0.72 0.250972
1.14 -0.66 0.269349
1.14 -0.6 0.285139
1.14 -0.54 0.297746
1.14 -0.48 0.306663
1.14 -0.42 0.311529
1.14 -0.36 0.312143
1.14 -0.3 0.308475
1.14 -0.24 0.300671
1.14 -0.18 0.289044
1.14 -0.12 0.274059
1.14 -0.06 0.256281
1.14 9.71445e-15 0.236369
1.14 0.06 0.215008
1.14 0.12 0.192894
1.14 0.18 0.170675
1.14 0.24 0.148941
1.14 0.3 0.12819
1.14 0.36 0.108813
1.14 0.42 0.0910902
1.14 0.48 0.0752117
1.14 0.54 0.0612478
1.14 0.6 0.0491904
1.14 0.66 0.038964
1.14 0.72 0.0304391
1.14 0.78 0.0234528
1.14 0.84 0.0178216
1.14 0.9 0.0133563
1.14 0.96 0.00987213
1.14 1.02 0.0071966
1.14 1.08 0.00517408
1.14 1.14 0.00366883
1.14 1.2 0.00256572
1.14 1.26 0.00176963
1.14 1.32 0.00120377
1.14 1.38 0.000807593
1.14 1.44 0.000534361
1.2 -2.28 0.000495582
1.2 -2.22 0.000719401
1.2 -2.16 0.00103584
1.2 -2.1 0.00147939
1.2 -2.04 0.00209539
1.2 -1.98 0.00294263
1.2 -1.92 0.00409589
1.2 -1.86 0.00564832
1.2 -1.8 0.00771333
1.2 -1.74 0.0104262
1.2 -1.68 0.0139432
1.2 -1.62 0.01844
1.2 -1.56 0.0241074
1.2 -1.5 0.0311443
1.2 -1.44 0.039747
1.2 -1.38 0.0500965
1.2 -1.32 0.0623426
1.2 -1.26 0.0765864
1.2 -1.2 0.0928631
1.2 -1.14 0.111119
1.2 -1.08 0.131201
1.2 -1.02 0.15285
1.2 -0.96 0.17568
1.2 -0.9 0.1992
1.2 -0.84 0.222813
1.2 -0.78 0.245844
1.2 -0.72 0.267564
1.2 -0.66 0.287236
1.2 -0.6 0.304143
1.2 -0.54 0.317643
1.2 -0.48 0.327203
1.2 -0.42 0.332435
1.2 -0.36 0.333121
1.2 -0.3 0.329229
1.2 -0.24 0.320921
1.2 -0.18 0.308527
1.2 -0.12 0.292543
1.2 -0.06 0.273573
1.2 9.71445e-15 0.252326
1.2 0.06 0.22953
1.2 0.12 0.205922
1.2 0.18 0.182207
1.2 0.24 0.159007
1.2 0.3 0.136853
1.2 0.36 0.116161
1.2 0.42 0.0972495
1.2 0.48 0.0802976
1.2 0.54 0.0653899
1.2 0.6 0.0525173
1.2 0.66 0.0415987
1.2 0.72 0.0324978
1.2 0.78 0.0250387
1.2 0.84 0.0190266
1.2 0.9 0.0142595
1.2 0.96 0.0105397
1.2 1.02 0.00768327
1.2 1.08 0.00552393
1.2 1.14 0.00391694
1.2 1.2 0.00273924
1.2 1.26 0.00188929
1.2 1.32 0.00128518
1.2 1.38 0.000862212
1.2 1.44 0.000570497
1.26 -2.28 0.000465427
1.26 -2.22 0.000683588
1.26 -2.16 0.000995729
1.26 -2.1 0.00143802
1.26 -2.04 0.00205833
1.26 -1.98 0.00291885
1.26 -1.92 0.00409882
1.26 -1.86 0.005697
1.26 -1.8 0.00783383
1.26 -1.74 0.0106527
1.26 -1.68 0.0143194
1.26 -1.62 0.0190203
1.26 -1.56 0.0249574
1.26 -1.5 0.0323411
1.26 -1.44 0.0413789
1.26 -1.38 0.0522627
1.26 -1.32 0.0651506
1.26 -1.26 0.0801493
1.26 -1.2 0.0972942
1.26 -1.14 0.116532
1.26 -1.08 0.137699
1.26 -1.02 0.160517
1.26 -0.96 0.184587
1.26 -0.9 0.209384
1.26 -0.84 0.234282
1.26 -0.78 0.258568
1.26 -0.72 0.281473
1.26 -0.66 0.30222
1.26 -0.6 0.320053
1.26 -0.54 0.334302
1.26 -0.48 0.344395
1.26 -0.42 0.349928
1.26 -0.36 0.350669
1.26 -0.3 0.346593
1.26 -0.24 0.337859
1.26 -0.18 0.324823
1.26 -0.12 0.308002
1.26 -0.06 0.288037
1.26 9.71445e-15 0.265666
1.26 0.06 0.241669
1.26 0.12 0.216817
1.26 0.18 0.191848
1.26 0.24 0.16742
1.26 0.3 0.144096
1.26 0.36 0.122312
1.26 0.42 0.1024
1.26 0.48 0.0845494
1.26 0.54 0.0688519
1.26 0.6 0.0552982
1.26 0.66 0.0438018
1.26 0.72 0.0342186
1.26 0.78 0.0263646
1.26 0.84 0.0200343
1.26 0.9 0.0150146
1.26 0.96 0.0110978
1.26 1.02 0.00809015
1.26 1.08 0.00581646
1.26 1.14 0.00412433
1.26 1.2 0.00288429
1.26 1.26 0.00198935
1.26 1.32 0.00135323
1.26 1.38 0.000907862
1.26 1.44 0.000600704
1.26 1.5 0.000392001
1.32 -2.28 0.000441542
1.32 -2.22 0.000655754
1.32 -2.16 0.000965235
1.32 -2.1 0.00140752
1.32 -2.04 0.00203244
1.32 -1.98 0.00290477
1.32 -1.92 0.00410711
1.32 -1.86 0.00574252
1.32 -1.8 0.00793679
1.32 -1.74 0.0108393
1.32 -1.68 0.0146233
1.32 -1.62 0.0194827
1.32 -1.56 0.0256286
1.32 -1.5 0.0332795
1.32 -1.44 0.0426523
1.32 -1.38 0.0539463
1.32 -1.32 0.0673256
1.32 -1.26 0.0829029
1.32 -1.2 0.100712
1.32 -1.14 0.120699
1.32 -1.08 0.142696
1.32 -1.02 0.16641
1.32 -0.96 0.191426
1.32 -0.9 0.217198
1.32 -0.84 0.243079
1.32 -0.78 0.268323
1.32 -0.72 0.292133
1.32 -0.66 0.313702
1.32 -0.6 0.332242
1.32 -0.54 0.347055
1.32 -0.48 0.357557
1.32 -0.42 0.363317
1.32 -0.36 0.364105
1.32 -0.3 0.359881
1.32 -0.24 0.350819
1.32 -0.18 0.337292
1.32 -0.12 0.319829
1.32 -0.06 0.299105
1.32 9.71445e-15 0.275877
1.32 0.06 0.250956
1.32 0.12 0.225154
1.32 0.18 0.199224
1.32 0.24 0.17386
1.32 0.3 0.149634
1.32 0.36 0.127019
1.32 0.42 0.10634
1.32 0.48 0.0878033
1.32 0.54 0.0715014
1.32 0.6 0.0574257
1.32 0.66 0.0454875
1.32 0.72 0.0355352
1.32 0.78 0.0273793
1.32 0.84 0.0208052
1.32 0.9 0.0155922
1.32 0.96 0.0115248
1.32 1.02 0.00840142
1.32 1.08 0.00604028
1.32 1.14 0.00428304
1.32 1.2 0.00299525
1.32 1.26 0.0020659
1.32 1.32 0.0014053
1.32 1.38 0.0009428
1.32 1.44 0.000623819
1.32 1.5 0.000407086
1.38 -2.28 0.00042238
1.38 -2.22 0.000633369
1.38 -2.16 0.000940446
1.38 -2.1 0.00138207
1.38 -2.04 0.00200931
1.38 -1.98 0.00288867
1.38 -1.92 0.00410495
1.38 -1.86 0.0057641
1.38 -1.8 0.00799524
1.38 -1.74 0.010952
1.38 -1.68 0.0148119
1.38 -1.62 0.0197745
1.38 -1.56 0.0260563
1.38 -1.5 0.0338815
1.38 -1.44 0.0434731
1.38 -1.38 0.0550345
1.38 -1.32 0.0687361
1.38 -1.26 0.0846903
1.38 -1.2 0.102936
1.38 -1.14 0.123412
1.38 -1.08 0.14595
1.38 -1.02 0.170251
1.38 -0.96 0.195884
1.38 -0.9 0.222296
1.38 -0.84 0.248817
1.38 -0.78 0.274686
1.38 -0.72 0.299091
1.38 -0.66 0.321194
1.38 -0.6 0.340202
1.38 -0.54 0.355383
1.38 -0.48 0.36615
1.38 -0.42 0.372059
1.38 -0.36 0.372875
1.38 -0.3 0.368559
1.38 -0.24 0.359287
1.38 -0.18 0.345435
1.38 -0.12 0.327554
1.38 -0.06 0.306332
1.38 9.71445e-15 0.282548
1.38 0.06 0.257025
1.38 0.12 0.230597
1.38 0.18 0.204041
1.38 0.24 0.178065
1.38 0.3 0.153257
1.38 0.36 0.130094
1.38 0.42 0.108913
1.38 0.48 0.0899287
1.38 0.54 0.073232
1.38 0.6 0.0588155
1.38 0.66 0.0465883
1.38 0.72 0.0363955
1.38 0.78 0.028042
1.38 0.84 0.0213086
1.38 0.9 0.0159695
1.38 0.96 0.0118038
1.38 1.02 0.00860468
1.38 1.08 0.00618649
1.38 1.14 0.0043867
1.38 1.2 0.00306774
1.38 1.26 0.00211589
1.38 1.32 0.0014393
1.38 1.38 0.000965614
1.38 1.44 0.000638917
1.38 1.5 0.000416941
1.44 -2.28 0.000406066
1.44 -2.22 0.00061361
1.44 -2.16 0.000917284
1.44 -2.1 0.00135593
1.44 -2.04 0.00198119
1.44 -1.98 0.00286028
1.44 -1.92 0.00407913
1.44 -1.86 0.00574485
1.44 -1.8 0.00798806
1.44 -1.74 0.0109644
1.44 -1.68 0.0148535
1.44 -1.62 0.019857
1.44 -1.56 0.026194
1.44 -1.5 0.0340916
1.44 -1.44 0.0437751
1.44 -1.38 0.0554506
1.44 -1.32 0.0692888
1.44 -1.26 0.085405
1.44 -1.2 0.103838
1.44 -1.14 0.124526
1.44 -1.08 0.147297
1.44 -1.02 0.171851
1.44 -0.96 0.197752
1.44 -0.9 0.224441
1.44 -0.84 0.251242
1.44 -0.78 0.277386
1.44 -0.72 0.302044
1.44 -0.66 0.324384
1.44 -0.6 0.343589
1.44 -0.54 0.358936
1.44 -0.48 0.369822
1.44 -0.42 0.375798
1.44 -0.36 0.376629
1.44 -0.3 0.372272
1.44 -0.24 0.362907
1.44 -0.18 0.348918
1.44 -0.12 0.330861
1.44 -0.06 0.309426
1.44 9.71445e-15 0.285402
1.44 0.06 0.259625
1.44 0.12 0.232931
1.44 0.18 0.206108
1.44 0.24 0.179865
1.44 0.3 0.154808
1.44 0.36 0.13141
1.44 0.42 0.110016
1.44 0.48 0.0908385
1.44 0.54 0.0739739
1.44 0.6 0.0594113
1.44 0.66 0.0470598
1.44 0.72 0.0367638
1.44 0.78 0.0283258
1.44 0.84 0.0215244
1.44 0.9 0.0161313
1.44 0.96 0.0119232
1.44 1.02 0.00869183
1.44 1.08 0.00624909
1.44 1.14 0.00443114
1.44 1.2 0.00309882
1.44 1.26 0.00213732
1.44 1.32 0.00145388
1.44 1.38 0.000975399
1.44 1.44 0.000645389
1.44 1.5 0.000421159
1.5 -2.28 0.000390763
1.5 -2.22 0.000593921
1.5 -2.16 0.000892253
1.5 -2.1 0.00132446
1.5 -2.04 0.00194203
1.5 -1.98 0.002812
1.5 -1.92 0.00401998
1.5 -1.86 0.00567288
1.5 -1.8 0.00790108
1.5 -1.74 0.0108595
1.5 -1.68 0.0147276
1.5 -1.62 0.0197065
1.5 -1.56 0.0260146
1.5 -1.5 0.0338781
1.5 -1.44 0.0435217
1.5 -1.38 0.0551507
1.5 -1.32 0.0689364
1.5 -1.26 0.0849925
1.5 -1.2 0.103357
1.5 -1.14 0.12397
1.5 -1.08 0.146661
1.5 -1.02 0.171128
1.5 -0.96 0.196937
1.5 -0.9 0.223532
1.5 -0.84 0.250238
1.5 -0.78 0.276286
1.5 -0.72 0.300863
1.5 -0.66 0.323122
1.5 -0.6 0.342265
1.5 -0.54 0.357557
1.5 -0.48 0.368404
1.5 -0.42 0.374362
1.5 -0.36 0.375194
1.5 -0.3 0.370858
1.5 -0.24 0.361535
1.5 -0.18 0.347601
1.5 -0.12 0.329611
1.5 -0.06 0.308259
1.5 9.71445e-15 0.284327
1.5 0.06 0.258645
1.5 0.12 0.232051
1.5 0.18 0.205327
1.5 0.24 0.179188
1.5 0.3 0.154226
1.5 0.36 0.130917
1.5 0.42 0.109602
1.5 0.48 0.0904978
1.5 0.54 0.0736954
1.5 0.6 0.0591877
1.5 0.66 0.0468832
1.5 0.72 0.0366258
1.5 0.78 0.0282195
1.5 0.84 0.0214435
1.5 0.9 0.0160705
1.5 0.96 0.0118785
1.5 1.02 0.00865914
1.5 1.08 0.00622565
1.5 1.14 0.00441446
1.5 1.2 0.00308715
1.5 1.26 0.00212928
1.5 1.32 0.00144841
1.5 1.38 0.000971725
1.5 1.44 0.00064296
1.5 1.5 0.000419579
1.56 -2.28 0.000374972
1.56 -2.22 0.000572282
1.56 -2.16 0.000862745
1.56 -2.1 0.00128437
1.56 -2.04 0.00188778
1.56 -1.98 0.0027389
1.56 -1.92 0.00392189
1.56 -1.86 0.00554182
1.56 -1.8 0.00772693
1.56 -1.74 0.0106296
1.56 -1.68 0.0144262
1.56 -1.62 0.0193144
1.56 -1.56 0.0255091
1.56 -1.5 0.0332327
1.56 -1.44 0.0427058
1.56 -1.38 0.0541308
1.56 -1.32 0.0676746
1.56 -1.26 0.0834512
1.56 -1.2 0.101496
1.56 -1.14 0.121751
1.56 -1.08 0.144049
1.56 -1.02 0.16809
1.56 -0.96 0.193454
1.56 -0.9 0.219587
1.56 -0.84 0.245832
1.56 -0.78 0.271432
1.56 -0.72 0.29558
1.56 -0.66 0.317458
1.56 -0.6 0.336266
1.56 -0.54 0.351298
1.56 -0.48 0.361961
1.56 -0.42 0.367819
1.56 -0.36 0.368637
1.56 -0.3 0.364379
1.56 -0.24 0.355216
1.56 -0.18 0.341531
1.56 -0.12 0.323856
1.56 -0.06 0.302877
1.56 9.71445e-15 0.27936
1.56 0.06 0.254129
1.56 0.12 0.228
1.56 0.18 0.201745
1.56 0.24 0.176061
1.56 0.3 0.151534
1.56 0.36 0.128632
1.56 0.42 0.10769
1.56 0.48 0.088918
1.56 0.54 0.0724092
1.56 0.6 0.0581548
1.56 0.66 0.046065
1.56 0.72 0.0359863
1.56 0.78 0.0277269
1.56 0.84 0.0210694
1.56 0.9 0.0157902
1.56 0.96 0.0116711
1.56 1.02 0.0085081
1.56 1.08 0.00611697
1.56 1.14 0.00433742
1.56 1.2 0.00303328
1.56 1.26 0.00209213
1.56 1.32 0.00142314
1.56 1.38 0.00095477
1.56 1.44 0.000631739
1.56 1.5 0.000412254
1.56 1.56 0.000265329
1.62 -2.22 0.000547422
1.62 -2.16 0.000827233
1.62 -2.1 0.00123393
1.62 -2.04 0.00181654
1.62 -1.98 0.002639
1.62 -1.92 0.00378292
1.62 -1.86 0.00535018
1.62 -1.8 0.00746497
1.62 -1.74 0.0102752
1.62 -1.68 0.0139517
1.62 -1.62 0.0186864
1.62 -1.56 0.024687
1.62 -1.5 0.03217
1.62 -1.44 0.0413483
1.62 -1.38 0.0524187
1.62 -1.32 0.0655432
1.62 -1.26 0.0808306
1.62 -1.2 0.0983178
1.62 -1.14 0.117948
1.62 -1.08 0.139556
1.62 -1.02 0.162854
1.62 -0.96 0.187436
1.62 -0.9 0.212763
1.62 -0.84 0.238195
1.62 -0.78 0.263006
1.62 -0.72 0.28641
1.62 -0.66 0.307611
1.62 -0.6 0.325842
1.62 -0.54 0.340414
1.62 -0.48 0.350744
1.62 -0.42 0.356425
1.62 -0.36 0.357216
1.62 -0.3 0.353093
1.62 -0.24 0.344218
1.62 -0.18 0.330953
1.62 -0.12 0.313829
1.62 -0.06 0.293497
1.62 9.71445e-15 0.27071
1.62 0.06 0.246263
1.62 0.12 0.220941
1.62 0.18 0.1955
1.62 0.24 0.17061
1.62 0.3 0.146843
1.62 0.36 0.124649
1.62 0.42 0.104356
1.62 0.48 0.0861648
1.62 0.54 0.0701672
1.62 0.6 0.0563547
1.62 0.66 0.0446385
1.62 0.72 0.0348723
1.62 0.78 0.0268682
1.62 0.84 0.020417
1.62 0.9 0.0153015
1.62 0.96 0.0113099
1.62 1.02 0.00824471
1.62 1.08 0.0059276
1.62 1.14 0.00420313
1.62 1.2 0.00293939
1.62 1.26 0.00202735
1.62 1.32 0.00137908
1.62 1.38 0.000925207
1.62 1.44 0.00061218
1.62 1.5 0.000399491
1.62 1.56 0.000257114
1.68 -2.22 0.000518743
1.68 -2.16 0.000785135
1.68 -2.1 0.00117267
1.68 -2.04 0.0017282
1.68 -1.98 0.00251281
1.68 -1.92 0.00360455
1.68 -1.86 0.00510086
1.68 -1.8 0.00712039
1.68 -1.74 0.0098046
1.68 -1.68 0.0133168
1.68 -1.62 0.0178404
1.68 -1.56 0.0235742
1.68 -1.5 0.0307246
1.68 -1.44 0.0394959
1.68 -1.38 0.0500757
1.68 -1.32 0.062619
1.68 -1.26 0.0772293
1.68 -1.2 0.0939434
1.68 -1.14 0.112704
1.68 -1.08 0.133355
1.68 -1.02 0.155626
1.68 -0.96 0.179118
1.68 -0.9 0.203327
1.68 -0.84 0.227634
1.68 -0.78 0.251349
1.68 -0.72 0.273718
1.68 -0.66 0.293982
1.68 -0.6 0.311408
1.68 -0.54 0.325332
1.68 -0.48 0.335209
1.68 -0.42 0.340637
1.68 -0.36 0.341397
1.68 -0.3 0.337454
1.68 -0.24 0.328973
1.68 -0.18 0.316295
1.68 -0.12 0.29993
1.68 -0.06 0.280498
1.68 9.71445e-15 0.258725
1.68 0.06 0.235357
1.68 0.12 0.211157
1.68 0.18 0.186843
1.68 0.24 0.163057
1.68 0.3 0.140341
1.68 0.36 0.119129
1.68 0.42 0.0997346
1.68 0.48 0.0823498
1.68 0.54 0.0670609
1.68 0.6 0.0538592
1.68 0.66 0.0426618
1.68 0.72 0.0333283
1.68 0.78 0.0256787
1.68 0.84 0.0195128
1.68 0.9 0.0146238
1.68 0.96 0.0108091
1.68 1.02 0.00787958
1.68 1.08 0.00566511
1.68 1.14 0.00401704
1.68 1.2 0.00280923
1.68 1.26 0.00193757
1.68 1.32 0.00131801
1.68 1.38 0.000884244
1.68 1.44 0.000585076
1.68 1.5 0.000381803
1.68 1.56 0.000245728
1.74 -2.22 0.000486241
1.74 -2.16 0.000736726
1.74 -2.1 0.00110129
1.74 -2.04 0.00162415
1.74 -1.98 0.00236288
1.74 -1.92 0.00339101
1.74 -1.86 0.00480045
1.74 -1.8 0.00670309
1.74 -1.74 0.00923225
1.74 -1.68 0.0125418
1.74 -1.62 0.0168048
1.74 -1.56 0.0222087
1.74 -1.5 0.028948
1.74 -1.44 0.0372147
1.74 -1.38 0.047187
1.74 -1.32 0.0590101
1.74 -1.26 0.0727816
1.74 -1.2 0.0885358
1.74 -1.14 0.10622
1.74 -1.08 0.125687
1.74 -1.02 0.146678
1.74 -0.96 0.168824
1.74 -0.9 0.191642
1.74 -0.84 0.214554
1.74 -0.78 0.236909
1.74 -0.72 0.257996
1.74 -0.66 0.277096
1.74 -0.6 0.293521
1.74 -0.54 0.30665
1.74 -0.48 0.315959
1.74 -0.42 0.321076
1.74 -0.36 0.321792
1.74 -0.3 0.318079
1.74 -0.24 0.310085
1.74 -0.18 0.298135
1.74 -0.12 0.28271
1.74 -0.06 0.264394
1.74 9.71445e-15 0.243868
1.74 0.06 0.221843
1.74 0.12 0.199035
1.74 0.18 0.176115
1.74 0.24 0.153694
1.74 0.3 0.132284
1.74 0.36 0.11229
1.74 0.42 0.094009
1.74 0.48 0.077622
1.74 0.54 0.0632102
1.74 0.6 0.0507666
1.74 0.66 0.0402126
1.74 0.72 0.0314147
1.74 0.78 0.0242043
1.74 0.84 0.0183926
1.74 0.9 0.0137843
1.74 0.96 0.0101885
1.74 1.02 0.0074272
1.74 1.08 0.00533989
1.74 1.14 0.00378639
1.74 1.2 0.00264793
1.74 1.26 0.00182633
1.74 1.32 0.00124234
1.74 1.38 0.000833468
1.74 1.44 0.000551483
1.74 1.5 0.000359883
1.74 1.56 0.00023162
1.8 -2.16 0.000682873
1.8 -2.1 0.00102138
1.8 -2.04 0.00150696
1.8 -1.98 0.00219317
1.8 -1.92 0.00314842
1.8 -1.86 0.0044581
1.8 -1.8 0.00622622
1.8 -1.74 0.00857684
1.8 -1.68 0.011653
1.8 -1.62 0.0156155
1.8 -1.56 0.0206386
1.8 -1.5 0.0269031
1.8 -1.44 0.0345883
1.8 -1.38 0.0438585
1.8 -1.32 0.0548494
1.8 -1.26 0.0676519
1.8 -1.2 0.0822979
1.8 -1.14 0.098738
1.8 -1.08 0.116834
1.8 -1.02 0.13635
1.8 -0.96 0.156936
1.8 -0.9 0.17815
1.8 -0.84 0.199452
1.8 -0.78 0.220233
1.8 -0.72 0.239836
1.8 -0.66 0.257594
1.8 -0.6 0.272864
1.8 -0.54 0.285066
1.8 -0.48 0.293723
1.8 -0.42 0.298479
1.8 -0.36 0.299147
1.8 -0.3 0.295693
1.8 -0.24 0.28826
1.8 -0.18 0.277152
1.8 -0.12 0.262812
1.8 -0.06 0.245785
1.8 9.71445e-15 0.226707
1.8 0.06 0.206232
1.8 0.12 0.185028
1.8 0.18 0.163722
1.8 0.24 0.142879
1.8 0.3 0.122975
1.8 0.36 0.104388
1.8 0.42 0.0873931
1.8 0.48 0.0721593
1.8 0.54 0.0587624
1.8 0.6 0.0471943
1.8 0.66 0.0373826
1.8 0.72 0.029204
1.8 0.78 0.022501
1.8 0.84 0.0170982
1.8 0.9 0.0128142
1.8 0.96 0.00947147
1.8 1.02 0.0069045
1.8 1.08 0.00496408
1.8 1.14 0.00351995
1.8 1.2 0.0024616
1.8 1.26 0.00169781
1.8 1.32 0.00115491
1.8 1.38 0.000774823
1.8 1.44 0.000512675
1.8 1.5 0.000334556
1.8 1.56 0.000215321
1.86 -2.16 0.000624905
1.86 -2.1 0.000935011
1.86 -2.04 0.00137993
1.86 -1.98 0.0020088
1.86 -1.92 0.00288432
1.86 -1.86 0.00408476
1.86 -1.8 0.00570556
1.86 -1.74 0.00786032
1.86 -1.68 0.0106804
1.86 -1.62 0.0143132
1.86 -1.56 0.0189181
1.86 -1.5 0.0246619
1.86 -1.44 0.0317078
1.86 -1.38 0.0402068
1.86 -1.32 0.0502833
1.86 -1.26 0.0620217
1.86 -1.2 0.0754497
1.86 -1.14 0.0905238
1.86 -1.08 0.107116
1.86 -1.02 0.125007
1.86 -0.96 0.143883
1.86 -0.9 0.163333
1.86 -0.84 0.182865
1.86 -0.78 0.201917
1.86 -0.72 0.219889
1.86 -0.66 0.236172
1.86 -0.6 0.250172
1.86 -0.54 0.261363
1.86 -0.48 0.269297
1.86 -0.42 0.273662
1.86 -0.36 0.274271
1.86 -0.3 0.271105
1.86 -0.24 0.264292
1.86 -0.18 0.254109
1.86 -0.12 0.240961
1.86 -0.06 0.22535
1.86 9.71445e-15 0.207854
1.86 0.06 0.189085
1.86 0.12 0.169642
1.86 0.18 0.150109
1.86 0.24 0.130998
1.86 0.3 0.112748
1.86 0.36 0.0957077
1.86 0.42 0.0801266
1.86 0.48 0.0661586
1.86 0.54 0.053876
1.86 0.6 0.0432704
1.86 0.66 0.0342743
1.86 0.72 0.0267757
1.86 0.78 0.02063
1.86 0.84 0.0156766
1.86 0.9 0.0117488
1.86 0.96 0.00868393
1.86 1.02 0.00633045
1.86 1.08 0.0045513
1.86 1.14 0.00322724
1.86 1.2 0.00225693
1.86 1.26 0.00155663
1.86 1.32 0.00105889
1.86 1.38 0.000710396
1.86 1.44 0.000470043
1.86 1.5 0.000306735
1.86 1.56 0.000197416
1.92 -2.16 0.00056438
1.92 -2.1 0.00084464
1.92 -2.04 0.00124681
1.92 -1.98 0.0018153
1.92 -1.92 0.00260679
1.92 -1.86 0.00369205
1.92 -1.8 0.00515751
1.92 -1.74 0.00710569
1.92 -1.68 0.00965555
1.92 -1.62 0.0129404
1.92 -1.56 0.0171044
1.92 -1.5 0.0222979
1.92 -1.44 0.0286689
1.92 -1.38 0.036354
1.92 -1.32 0.0454658
1.92 -1.26 0.0560806
1.92 -1.2 0.0682217
1.92 -1.14 0.0818529
1.92 -1.08 0.0968573
1.92 -1.02 0.113035
1.92 -0.96 0.130105
1.92 -0.9 0.147692
1.92 -0.84 0.165353
1.92 -0.78 0.182581
1.92 -0.72 0.198834
1.92 -0.66 0.213556
1.92 -0.6 0.226217
1.92 -0.54 0.236334
1.92 -0.48 0.24351
1.92 -0.42 0.247457
1.92 -0.36 0.248007
1.92 -0.3 0.245145
1.92 -0.24 0.238985
1.92 -0.18 0.229778
1.92 -0.12 0.217887
1.92 -0.06 0.203774
1.92 9.71445e-15 0.187952
1.92 0.06 0.170978
1.92 0.12 0.153399
1.92 0.18 0.135735
1.92 0.24 0.118454
1.92 0.3 0.101952
1.92 0.36 0.0865444
1.92 0.42 0.0724543
1.92 0.48 0.0598245
1.92 0.54 0.0487168
1.92 0.6 0.0391271
1.92 0.66 0.0309927
1.92 0.72 0.024212
1.92 0.78 0.0186548
1.92 0.84 0.0141756
1.92 0.9 0.0106237
1.92 0.96 0.00785244
1.92 1.02 0.0057243
1.92 1.08 0.00411554
1.92 1.14 0.00291821
1.92 1.2 0.00204082
1.92 1.26 0.00140759
1.92 1.32 0.000957499
1.92 1.38 0.00064237
1.92 1.44 0.000425034
1.92 1.5 0.000277367
1.92 1.56 0.000178514
1.98 -2.1 0.000752788
1.98 -2.04 0.00111136
1.98 -1.98 0.00161824
1.98 -1.92 0.00232398
1.98 -1.86 0.00329176
1.98 -1.8 0.00459853
1.98 -1.74 0.00633593
1.98 -1.68 0.00860974
1.98 -1.62 0.011539
1.98 -1.56 0.0152526
1.98 -1.5 0.0198841
1.98 -1.44 0.0255657
1.98 -1.38 0.0324196
1.98 -1.32 0.040546
1.98 -1.26 0.0500119
1.98 -1.2 0.0608405
1.98 -1.14 0.0729959
1.98 -1.08 0.0863773
1.98 -1.02 0.100806
1.98 -0.96 0.116029
1.98 -0.9 0.131713
1.98 -0.84 0.147463
1.98 -0.78 0.162829
1.98 -0.72 0.177324
1.98 -0.66 0.190452
1.98 -0.6 0.201743
1.98 -0.54 0.210768
1.98 -0.48 0.217167
1.98 -0.42 0.220685
1.98 -0.36 0.221177
1.98 -0.3 0.218626
1.98 -0.24 0.213132
1.98 -0.18 0.204919
1.98 -0.12 0.194316
1.98 -0.06 0.181728
1.98 9.71445e-15 0.16762
1.98 0.06 0.152482
1.98 0.12 0.136804
1.98 0.18 0.121051
1.98 0.24 0.10564
1.98 0.3 0.0909239
1.98 0.36 0.0771818
1.98 0.42 0.064616
1.98 0.48 0.0533527
1.98 0.54 0.0434469
1.98 0.6 0.0348938
1.98 0.66 0.0276398
1.98 0.72 0.0215926
1.98 0.78 0.0166366
1.98 0.84 0.0126419
1.98 0.9 0.00947445
1.98 0.96 0.00700297
1.98 1.02 0.005105
1.98 1.08 0.00367032
1.98 1.14 0.00260254
1.98 1.2 0.00182002
1.98 1.26 0.00125531
1.98 1.32 0.000853907
1.98 1.38 0.000572875
1.98 1.44 0.000379056
1.98 1.5 0.000247362
1.98 1.56 0.000159201
2.04 -2.1 0.000661844
2.04 -2.04 0.000977176
2.04 -1.98 0.00142296
2.04 -1.92 0.00204365
2.04 -1.86 0.00289479
2.04 -1.8 0.00404413
2.04 -1.74 0.00557216
2.04 -1.68 0.00757213
2.04 -1.62 0.0101486
2.04 -1.56 0.0134147
2.04 -1.5 0.0174885
2.04 -1.44 0.0224858
2.04 -1.38 0.0285142
2.04 -1.32 0.0356614
2.04 -1.26 0.0439878
2.04 -1.2 0.0535116
2.04 -1.14 0.0642038
2.04 -1.08 0.0759734
2.04 -1.02 0.0886637
2.04 -0.96 0.102053
2.04 -0.9 0.115849
2.04 -0.84 0.129703
2.04 -0.78 0.143217
2.04 -0.72 0.155965
2.04 -0.66 0.167515
2.04 -0.6 0.177445
2.04 -0.54 0.185382
2.04 -0.48 0.191011
2.04 -0.42 0.194106
2.04 -0.36 0.194539
2.04 -0.3 0.192294
2.04 -0.24 0.187461
2.04 -0.18 0.18024
2.04 -0.12 0.170913
2.04 -0.06 0.159842
2.04 9.71445e-15 0.147431
2.04 0.06 0.134116
2.04 0.12 0.120328
2.04 0.18 0.106472
2.04 0.24 0.0929164
2.04 0.3 0.0799724
2.04 0.36 0.067886
2.04 0.42 0.0568338
2.04 0.48 0.0469267
2.04 0.54 0.0382141
2.04 0.6 0.0306915
2.04 0.66 0.0243109
2.04 0.72 0.018992
2.04 0.78 0.0146329
2.04 0.84 0.0111194
2.04 0.9 0.00833336
2.04 0.96 0.00615949
2.04 1.02 0.00449019
2.04 1.08 0.00322825
2.04 1.14 0.00228908
2.04 1.2 0.00160083
2.04 1.26 0.00110413
2.04 1.32 0.000751069
2.04 1.38 0.00050388
2.04 1.44 0.000333402
2.04 1.5 0.000217568
2.04 1.56 0.000140028
2.1 -2.04 0.000847494
2.1 -1.98 0.00123416
2.1 -1.92 0.00177255
2.1 -1.86 0.00251087
2.1 -1.8 0.00350782
2.1 -1.74 0.00483335
2.1 -1.68 0.00656816
2.1 -1.62 0.00880309
2.1 -1.56 0.0116364
2.1 -1.5 0.0151702
2.1 -1.44 0.0195052
2.1 -1.38 0.0247345
2.1 -1.32 0.0309349
2.1 -1.26 0.0381571
2.1 -1.2 0.0464194
2.1 -1.14 0.0556943
2.1 -1.08 0.0659037
2.1 -1.02 0.0769126
2.1 -0.96 0.0885278
2.1 -0.9 0.100495
2.1 -0.84 0.112512
2.1 -0.78 0.124236
2.1 -0.72 0.135295
2.1 -0.66 0.145313
2.1 -0.6 0.153928
2.1 -0.54 0.160814
2.1 -0.48 0.165696
2.1 -0.42 0.168381
2.1 -0.36 0.168756
2.1 -0.3 0.166809
2.1 -0.24 0.162618
2.1 -0.18 0.156351
2.1 -0.12 0.148262
2.1 -0.06 0.138656
2.1 9.71445e-15 0.127892
2.1 0.06 0.116343
2.1 0.12 0.10438
2.1 0.18 0.0923612
2.1 0.24 0.080602
2.1 0.3 0.069374
2.1 0.36 0.0588888
2.1 0.42 0.0493015
2.1 0.48 0.0407075
2.1 0.54 0.0331495
2.1 0.6 0.0266239
2.1 0.66 0.0210888
2.1 0.72 0.016475
2.1 0.78 0.0126935
2.1 0.84 0.0096457
2.1 0.9 0.00722895
2.1 0.96 0.00534321
2.1 1.02 0.00389508
2.1 1.08 0.00280042
2.1 1.14 0.00198571
2.1 1.2 0.00138867
2.1 1.26 0.000957788
2.1 1.32 0.000651526
2.1 1.38 0.0004371
2.1 1.44 0.000289216
2.1 1.5 0.000188734
2.1 1.56 0.000121469
2.16 -2.04 0.000724968
2.16 -1.98 0.00105576
2.16 -1.92 0.00151637
2.16 -1.86 0.002148
2.16 -1.8 0.00300094
2.16 -1.74 0.00413492
2.16 -1.68 0.00561916
2.16 -1.62 0.00753129
2.16 -1.56 0.00995522
2.16 -1.5 0.0129786
2.16 -1.44 0.0166875
2.16 -1.38 0.0211612
2.16 -1.32 0.0264658
2.16 -1.26 0.0326451
2.16 -1.2 0.0397138
2.16 -1.14 0.0476488
2.16 -1.08 0.0563836
2.16 -1.02 0.0658027
2.16 -0.96 0.0757393
2.16 -0.9 0.0859786
2.16 -0.84 0.0962599
2.16 -0.78 0.106289
2.16 -0.72 0.115751
2.16 -0.66 0.124322
2.16 -0.6 0.131694
2.16 -0.54 0.137583
2.16 -0.48 0.141759
2.16 -0.42 0.144057
2.16 -0.36 0.144378
2.16 -0.3 0.142711
2.16 -0.24 0.139127
2.16 -0.18 0.133766
2.16 -0.12 0.126844
2.16 -0.06 0.118627
2.16 9.71445e-15 0.109418
2.16 0.06 0.0995361
2.16 0.12 0.089301
2.16 0.18 0.0790188
2.16 0.24 0.0689587
2.16 0.3 0.0593522
2.16 0.36 0.0503821
2.16 0.42 0.0421792
2.16 0.48 0.034827
2.16 0.54 0.0283609
2.16 0.6 0.022778
2.16 0.66 0.0180425
2.16 0.72 0.0140952
2.16 0.78 0.01086
2.16 0.84 0.00825234
2.16 0.9 0.00618464
2.16 0.96 0.00457136
2.16 1.02 0.00333242
2.16 1.08 0.00239588
2.16 1.14 0.00169886
2.16 1.2 0.00118807
2.16 1.26 0.00081943
2.16 1.32 0.000557413
2.16 1.38 0.00037396
2.16 1.44 0.000247436
2.16 1.5 0.00016147
2.16 1.56 0.000103922
2.22 -1.98 0.000890772
2.22 -1.92 0.00127941
2.22 -1.86 0.00181234
2.22 -1.8 0.00253204
2.22 -1.74 0.00348888
2.22 -1.68 0.00474129
2.22 -1.62 0.00635464
2.22 -1.56 0.0084
2.22 -1.5 0.0109509
2.22 -1.44 0.0140806
2.22 -1.38 0.0178556
2.22 -1.32 0.0223314
2.22 -1.26 0.0275456
2.22 -1.2 0.0335097
2.22 -1.14 0.0402053
2.22 -1.08 0.0475756
2.22 -1.02 0.0555233
2.22 -0.96 0.0639075
2.22 -0.9 0.0725471
2.22 -0.84 0.081223
2.22 -0.78 0.0896857
2.22 -0.72 0.0976694
2.22 -0.66 0.104902
2.22 -0.6 0.111121
2.22 -0.54 0.116089
2.22 -0.48 0.119616
2.22 -0.42 0.121553
2.22 -0.36 0.121825
2.22 -0.3 0.120419
2.22 -0.24 0.117392
2.22 -0.18 0.11287
2.22 -0.12 0.107029
2.22 -0.06 0.100097
2.22 9.71445e-15 0.0923254
2.22 0.06 0.0839866
2.22 0.12 0.075352
2.22 0.18 0.066675
2.22 0.24 0.0581867
2.22 0.3 0.0500807
2.22 0.36 0.0425118
2.22 0.42 0.0355906
2.22 0.48 0.0293868
2.22 0.54 0.0239306
2.22 0.6 0.0192197
2.22 0.66 0.0152241
2.22 0.72 0.0118933
2.22 0.78 0.00916355
2.22 0.84 0.00696324
2.22 0.9 0.0052185
2.22 0.96 0.00385721
2.22 1.02 0.00281184
2.22 1.08 0.00202161
2.22 1.14 0.00143348
2.22 1.2 0.00100248
2.22 1.26 0.000691431
2.22 1.32 0.000470335
2.22 1.38 0.000315544
2.22 1.44 0.000208784
2.22 1.5 0.000136247
2.22 1.56 8.7689e-05
2.28 -1.98 0.000741257
2.28 -1.92 0.00106468
2.28 -1.86 0.00150818
2.28 -1.8 0.0021071
2.28 -1.74 0.00290335
2.28 -1.68 0.00394555
2.28 -1.62 0.00528821
2.28 -1.56 0.00699028
2.28 -1.5 0.00911324
2.28 -1.44 0.0117175
2.28 -1.38 0.014859
2.28 -1.32 0.0185837
2.28 -1.26 0.0229229
2.28 -1.2 0.027886
2.28 -1.14 0.0334584
2.28 -1.08 0.0395919
2.28 -1.02 0.0462053
2.28 -0.96 0.0531831
2.28 -0.9 0.0603728
2.28 -0.84 0.0675922
2.28 -0.78 0.074635
2.28 -0.72 0.0812786
2.28 -0.66 0.0872973
2.28 -0.6 0.092473
2.28 -0.54 0.0966089
2.28 -0.48 0.0995424
2.28 -0.42 0.101156
2.28 -0.36 0.101381
2.28 -0.3 0.100211
2.28 -0.24 0.0976928
2.28 -0.18 0.0939295
2.28 -0.12 0.0890687
2.28 -0.06 0.0832992
2.28 9.71445e-15 0.0768314
2.28 0.06 0.0698931
2.28 0.12 0.062707
2.28 0.18 0.0554865
2.28 0.24 0.0484219
2.28 0.3 0.0416764
2.28 0.36 0.0353778
2.28 0.42 0.0296181
2.28 0.48 0.0244552
2.28 0.54 0.0199146
2.28 0.6 0.0159945
2.28 0.66 0.0126693
2.28 0.72 0.00989745
2.28 0.78 0.00762574
2.28 0.84 0.00579474
2.28 0.9 0.00434282
2.28 0.96 0.00320994
2.28 1.02 0.00234
2.28 1.08 0.00168236
2.28 1.14 0.00119292
2.28 1.2 0.000834253
2.28 1.26 0.0005754
2.28 1.32 0.00039141
2.28 1.38 0.000262591
2.28 1.44 0.000173747
2.28 1.5 0.000113383
2.34 -1.92 0.000873804
2.34 -1.86 0.0012378
2.34 -1.8 0.00172936
2.34 -1.74 0.00238289
2.34 -1.68 0.0032383
2.34 -1.62 0.00434024
2.34 -1.56 0.00573725
2.34 -1.5 0.00747958
2.34 -1.44 0.00961716
2.34 -1.38 0.0121956
2.34 -1.32 0.0152526
2.34 -1.26 0.018814
2.34 -1.2 0.0228876
2.34 -1.14 0.0274608
2.34 -1.08 0.0324948
2.34 -1.02 0.0379232
2.34 -0.96 0.0436498
2.34 -0.9 0.0495508
2.34 -0.84 0.0554766
2.34 -0.78 0.0612569
2.34 -0.72 0.0667097
2.34 -0.66 0.0716498
2.34 -0.6 0.0758974
2.34 -0.54 0.0792908
2.34 -0.48 0.0816997
2.34 -0.42 0.0830229
2.34 -0.36 0.083209
2.34 -0.3 0.0822482
2.34 -0.24 0.0801809
2.34 -0.18 0.0770919
2.34 -0.12 0.0731025
2.34 -0.06 0.0683676
2.34 9.71445e-15 0.0630598
2.34 0.06 0.0573644
2.34 0.12 0.0514667
2.34 0.18 0.0455402
2.34 0.24 0.0397426
2.34 0.3 0.0342059
2.34 0.36 0.0290363
2.34 0.42 0.024309
2.34 0.48 0.0200716
2.34 0.54 0.0163451
2.34 0.6 0.0131274
2.34 0.66 0.0103983
2.34 0.72 0.00812332
2.34 0.78 0.00625886
2.34 0.84 0.00475601
2.34 0.9 0.00356433
2.34 0.96 0.00263454
2.34 1.02 0.00192054
2.34 1.08 0.00138079
2.34 1.14 0.000979092
2.34 1.2 0.00068471
2.34 1.26 0.00047226
2.34 1.32 0.000321247
2.34 1.38 0.000215522
2.34 1.44 0.000142603
2.34 1.5 9.3059e-05
2.4 -1.92 0.00070731
2.4 -1.86 0.00100196
2.4 -1.8 0.00139986
2.4 -1.74 0.00192886
2.4 -1.68 0.00262126
2.4 -1.62 0.00351328
2.4 -1.56 0.00464406
2.4 -1.5 0.00605451
2.4 -1.44 0.00778475
2.4 -1.38 0.00987182
2.4 -1.32 0.0123464
2.4 -1.26 0.0152292
2.4 -1.2 0.0185268
2.4 -1.14 0.0222286
2.4 -1.08 0.0263035
2.4 -1.02 0.0306976
2.4 -0.96 0.0353331
2.4 -0.9 0.04011
2.4 -0.84 0.0449064
2.4 -0.78 0.049585
2.4 -0.72 0.0539992
2.4 -0.66 0.0579978
2.4 -0.6 0.0614366
2.4 -0.54 0.064184
2.4 -0.48 0.0661325
2.4 -0.42 0.0672047
2.4 -0.36 0.0673545
2.4 -0.3 0.0665766
2.4 -0.24 0.0649043
2.4 -0.18 0.0624038
2.4 -0.12 0.0591742
2.4 -0.06 0.0553412
2.4 9.71445e-15 0.0510447
2.4 0.06 0.0464347
2.4 0.12 0.0416602
2.4 0.18 0.0368634
2.4 0.24 0.0321701
2.4 0.3 0.0276885
2.4 0.36 0.0235039
2.4 0.42 0.0196772
2.4 0.48 0.0162472
2.4 0.54 0.0132307
2.4 0.6 0.0106263
2.4 0.66 0.00841706
2.4 0.72 0.00657559
2.4 0.78 0.00506631
2.4 0.84 0.00384983
2.4 0.9 0.00288522
2.4 0.96 0.0021326
2.4 1.02 0.00155462
2.4 1.08 0.00111771
2.4 1.14 0.000792536
2.4 1.2 0.000554252
2.4 1.26 0.000382275
2.4 1.32 0.000260041
2.4 1.38 0.000174458
2.4 1.44 0.000115432
2.4 1.5 7.53278e-05
2.46 -1.86 0.000799902
2.46 -1.8 0.00111755
2.46 -1.74 0.00153989
2.46 -1.68 0.00209264
2.46 -1.62 0.00280477
2.46 -1.56 0.00370754
2.46 -1.5 0.00483354
2.46 -1.44 0.00621481
2.46 -1.38 0.00788104
2.46 -1.32 0.00985671
2.46 -1.26 0.012158
2.46 -1.2 0.0147906
2.46 -1.14 0.0177459
2.46 -1.08 0.0209992
2.46 -1.02 0.0245069
2.46 -0.96 0.028208
2.46 -0.9 0.0320213
2.46 -0.84 0.0358502
2.46 -0.78 0.0395858
2.46 -0.72 0.0431099
2.46 -0.66 0.0463016
2.46 -0.6 0.0490471
2.46 -0.54 0.051241
2.46 -0.48 0.0527966
2.46 -0.42 0.053652
2.46 -0.36 0.0537716
2.46 -0.3 0.0531515
2.46 -0.24 0.051816
2.46 -0.18 0.0498194
2.46 -0.12 0.0472416
2.46 -0.06 0.0441812
2.46 9.71445e-15 0.0407512
2.46 0.06 0.0370709
2.46 0.12 0.0332593
2.46 0.18 0.0294295
2.46 0.24 0.0256827
2.46 0.3 0.0221051
2.46 0.36 0.0187642
2.46 0.42 0.0157092
2.46 0.48 0.0129709
2.46 0.54 0.0105626
2.46 0.6 0.00848331
2.46 0.66 0.0067197
2.46 0.72 0.00524954
2.46 0.78 0.00404464
2.46 0.84 0.00307347
2.46 0.9 0.0023034
2.46 0.96 0.00170254
2.46 1.02 0.00124111
2.46 1.08 0.000892317
2.46 1.14 0.000632718
2.46 1.2 0.000442479
2.46 1.26 0.000305186
2.46 1.32 0.0002076
2.46 1.38 0.000139275
2.46 1.44 9.21546e-05
2.46 1.5 6.01377e-05
2.52 -1.8 0.000879917
2.52 -1.74 0.00121246
2.52 -1.68 0.00164769
2.52 -1.62 0.00220838
2.52 -1.56 0.00291918
2.52 -1.5 0.00380573
2.52 -1.44 0.00489333
2.52 -1.38 0.00620532
2.52 -1.32 0.00776084
2.52 -1.26 0.00957287
2.52 -1.2 0.0116457
2.52 -1.14 0.0139726
2.52 -1.08 0.016534
2.52 -1.02 0.0192959
2.52 -0.96 0.0222099
2.52 -0.9 0.0252122
2.52 -0.84 0.0282274
2.52 -0.78 0.0311688
2.52 -0.72 0.0339432
2.52 -0.66 0.0364568
2.52 -0.6 0.0386176
2.52 -0.54 0.0403454
2.52 -0.48 0.0415706
2.52 -0.42 0.042244
2.52 -0.36 0.0423384
2.52 -0.3 0.0418499
2.52 -0.24 0.0407981
2.52 -0.18 0.0392261
2.52 -0.12 0.0371965
2.52 -0.06 0.0347869
2.52 9.71445e-15 0.0320861
2.52 0.06 0.0291884
2.52 0.12 0.0261875
2.52 0.18 0.0231719
2.52 0.24 0.0202219
2.52 0.3 0.0174048
2.52 0.36 0.0147742
2.52 0.42 0.012369
2.52 0.48 0.0102128
2.52 0.54 0.00831672
2.52 0.6 0.0066795
2.52 0.66 0.00529087
2.52 0.72 0.00413328
2.52 0.78 0.00318462
2.52 0.84 0.00241996
2.52 0.9 0.00181362
2.52 0.96 0.00134052
2.52 1.02 0.000977216
2.52 1.08 0.000702577
2.52 1.14 0.000498184
2.52 1.2 0.000348395
2.52 1.26 0.000240295
2.52 1.32 0.000163458
2.52 1.38 0.000109662
2.52 1.44 7.25599e-05
2.52 1.5 4.73503e-05
2.58 -1.8 0.000683293
2.58 -1.74 0.000941517
2.58 -1.68 0.00127949
2.58 -1.62 0.0017149
2.58 -1.56 0.00226689
2.58 -1.5 0.00295534
2.58 -1.44 0.0037999
2.58 -1.38 0.00481868
2.58 -1.32 0.00602664
2.58 -1.26 0.00743378
2.58 -1.2 0.00904338
2.58 -1.14 0.0108503
2.58 -1.08 0.0128395
2.58 -1.02 0.0149843
2.58 -0.96 0.0172471
2.58 -0.9 0.0195786
2.58 -0.84 0.0219199
2.58 -0.78 0.0242038
2.58 -0.72 0.0263586
2.58 -0.66 0.0283103
2.58 -0.6 0.0299886
2.58 -0.54 0.0313299
2.58 -0.48 0.0322812
2.58 -0.42 0.0328042
2.58 -0.36 0.0328775
2.58 -0.3 0.032498
2.58 -0.24 0.0316816
2.58 -0.18 0.0304609
2.58 -0.12 0.0288845
2.58 -0.06 0.0270136
2.58 9.71445e-15 0.0249164
2.58 0.06 0.0226659
2.58 0.12 0.0203356
2.58 0.18 0.0179939
2.58 0.24 0.015703
2.58 0.3 0.0135156
2.58 0.36 0.0114729
2.58 0.42 0.00960502
2.58 0.48 0.00793078
2.58 0.54 0.00645826
2.58 0.6 0.00518692
2.58 0.66 0.00410862
2.58 0.72 0.00320969
2.58 0.78 0.00247301
2.58 0.84 0.00187921
2.58 0.9 0.00140835
2.58 0.96 0.00104097
2.58 1.02 0.000758849
2.58 1.08 0.000545586
2.58 1.14 0.00038686
2.58 1.2 0.000270543
2.58 1.26 0.0001866
2.58 1.32 0.000126932
2.58 1.38 8.5157e-05
2.58 1.44 5.63456e-05
2.64 -1.74 0.000721082
2.64 -1.68 0.00097993
2.64 -1.62 0.00131339
2.64 -1.56 0.00173613
2.64 -1.5 0.0022634
2.64 -1.44 0.00291022
2.64 -1.38 0.0036905
2.64 -1.32 0.00461562
2.64 -1.26 0.0056933
2.64 -1.2 0.00692605
2.64 -1.14 0.00830996
2.64 -1.08 0.00983333
2.64 -1.02 0.0114759
2.64 -0.96 0.0132089
2.64 -0.9 0.0149946
2.64 -0.84 0.0167878
2.64 -0.78 0.0185371
2.64 -0.72 0.0201871
2.64 -0.66 0.021682
2.64 -0.6 0.0229672
2.64 -0.54 0.0239948
2.64 -0.48 0.0247234
2.64 -0.42 0.0251239
2.64 -0.36 0.02518
2.64 -0.3 0.0248895
2.64 -0.24 0.0242639
2.64 -0.18 0.0233291
2.64 -0.12 0.022122
2.64 -0.06 0.0206889
2.64 9.71445e-15 0.0190826
2.64 0.06 0.0173593
2.64 0.12 0.0155745
2.64 0.18 0.0137811
2.64 0.24 0.0120266
2.64 0.3 0.0103512
2.64 0.36 0.00878672
2.64 0.42 0.00735625
2.64 0.48 0.00607389
2.64 0.54 0.00494622
2.64 0.6 0.00397252
2.64 0.66 0.00314665
2.64 0.72 0.0024582
2.64 0.78 0.001894
2.64 0.84 0.00143923
2.64 0.9 0.00107862
2.64 0.96 0.000797249
2.64 1.02 0.000581183
2.64 1.08 0.000417845
2.64 1.14 0.000296286
2.64 1.2 0.000207202
2.64 1.26 0.000142912
2.64 1.32 9.72138e-05
2.64 1.38 6.52193e-05
2.64 1.44 4.31537e-05
2.7 -1.68 0.000740174
2.7 -1.62 0.000992062
2.7 -1.56 0.00131137
2.7 -1.5 0.00170965
2.7 -1.44 0.00219822
2.7 -1.38 0.00278756
2.7 -1.32 0.00348637
2.7 -1.26 0.00430036
2.7 -1.2 0.00523155
2.7 -1.14 0.00627685
2.7 -1.08 0.00742754
2.7 -1.02 0.0086683
2.7 -0.96 0.00997735
2.7 -0.9 0.0113262
2.7 -0.84 0.0126805
2.7 -0.78 0.0140017
2.7 -0.72 0.0152482
2.7 -0.66 0.0163772
2.7 -0.6 0.0173483
2.7 -0.54 0.0181243
2.7 -0.48 0.0186745
2.7 -0.42 0.0189771
2.7 -0.36 0.0190194
2.7 -0.3 0.0188
2.7 -0.24 0.0183277
2.7 -0.18 0.0176215
2.7 -0.12 0.0167097
2.7 -0.06 0.0156272
2.7 9.71445e-15 0.0144139
2.7 0.06 0.0131123
2.7 0.12 0.011764
2.7 0.18 0.0104094
2.7 0.24 0.00908415
2.7 0.3 0.00781871
2.7 0.36 0.00663701
2.7 0.42 0.00555645
2.7 0.48 0.0045879
2.7 0.54 0.00373607
2.7 0.6 0.00300061
2.7 0.66 0.0023768
2.7 0.72 0.0018568
2.7 0.78 0.00143061
2.7 0.84 0.00108711
2.7 0.9 0.000814728
2.7 0.96 0.000602201
2.7 1.02 0.000438989
2.7 1.08 0.000315618
2.7 1.14 0.000223796
2.7 1.2 0.000156508
2.7 1.26 0.000107946
2.7 1.32 7.34295e-05
2.7 1.38 4.92628e-05
2.7 1.44 3.25956e-05
2.76 -1.62 0.00073905
2.76 -1.56 0.000976926
2.76 -1.5 0.00127362
2.76 -1.44 0.0016376
2.76 -1.38 0.00207664
2.76 -1.32 0.00259721
2.76 -1.26 0.00320363
2.76 -1.2 0.00389731
2.76 -1.14 0.00467603
2.76 -1.08 0.00553321
2.76 -1.02 0.00645759
2.76 -0.96 0.00743269
2.76 -0.9 0.00843757
2.76 -0.84 0.00944657
2.76 -0.78 0.0104308
2.76 -0.72 0.0113594
2.76 -0.66 0.0122005
2.76 -0.6 0.0129239
2.76 -0.54 0.0135018
2.76 -0.48 0.0139117
2.76 -0.42 0.0141372
2.76 -0.36 0.0141688
2.76 -0.3 0.0140051
2.76 -0.24 0.0136533
2.76 -0.18 0.0131273
2.76 -0.12 0.0124479
2.76 -0.06 0.0116416
2.76 9.71445e-15 0.0107379
2.76 0.06 0.00976806
2.76 0.12 0.00876369
2.76 0.18 0.00775461
2.76 0.24 0.00676734
2.76 0.3 0.00582461
2.76 0.36 0.00494429
2.76 0.42 0.00413931
2.76 0.48 0.0034178
2.76 0.54 0.00278323
2.76 0.6 0.00223535
2.76 0.66 0.00177062
2.76 0.72 0.00138325
2.76 0.78 0.00106576
2.76 0.84 0.000809851
2.76 0.9 0.000606935
2.76 0.96 0.000448614
2.76 1.02 0.00032703
2.76 1.08 0.000235121
2.76 1.14 0.00016672
2.76 1.2 0.000116593
2.76 1.26 8.04161e-05
2.76 1.32 5.47023e-05
2.76 1.38 3.66991e-05
2.82 -1.56 0.000717771
2.82 -1.5 0.000935755
2.82 -1.44 0.00120318
2.82 -1.38 0.00152576
2.82 -1.32 0.00190822
2.82 -1.26 0.00235378
2.82 -1.2 0.00286342
2.82 -1.14 0.00343555
2.82 -1.08 0.00406539
2.82 -1.02 0.00474451
2.82 -0.96 0.00546098
2.82 -0.9 0.0061992
2.82 -0.84 0.00694058
2.82 -0.78 0.00766375
2.82 -0.72 0.00834597
2.82 -0.66 0.00896398
2.82 -0.6 0.00949538
2.82 -0.54 0.00992001
2.82 -0.48 0.0102213
2.82 -0.42 0.0103869
2.82 -0.36 0.0104101
2.82 -0.3 0.01029
2.82 -0.24 0.0100314
2.82 -0.18 0.00964491
2.82 -0.12 0.00914578
2.82 -0.06 0.0085534
2.82 9.71445e-15 0.00788932
2.82 0.06 0.00717674
2.82 0.12 0.00643893
2.82 0.18 0.00569746
2.82 0.24 0.00497212
2.82 0.3 0.00427947
2.82 0.36 0.0036327
2.82 0.42 0.00304127
2.82 0.48 0.00251114
2.82 0.54 0.0020449
2.82 0.6 0.00164235
2.82 0.66 0.00130092
2.82 0.72 0.00101629
2.82 0.78 0.000783037
2.82 0.84 0.00059502
2.82 0.9 0.00044593
2.82 0.96 0.000329605
2.82 1.02 0.000240277
2.82 1.08 0.00017275
2.82 1.14 0.000122492
2.82 1.2 8.56627e-05
2.82 1.26 5.90838e-05
2.82 1.32 4.01908e-05
2.82 1.38 2.69636e-05
2.88 -1.5 0.000678071
2.88 -1.44 0.000871851
2.88 -1.38 0.00110559
2.88 -1.32 0.00138273
2.88 -1.26 0.00170559
2.88 -1.2 0.0020749
2.88 -1.14 0.0024895
2.88 -1.08 0.00294586
2.88 -1.02 0.00343798
2.88 -0.96 0.00395713
2.88 -0.9 0.00449212
2.88 -0.84 0.0050293
2.88 -0.78 0.0055533
2.88 -0.72 0.00604764
2.88 -0.66 0.00649549
2.88 -0.6 0.0068806
2.88 -0.54 0.00718827
2.88 -0.48 0.00740655
2.88 -0.42 0.00752661
2.88 -0.36 0.0075434
2.88 -0.3 0.00745627
2.88 -0.24 0.00726894
2.88 -0.18 0.00698892
2.88 -0.12 0.00662723
2.88 -0.06 0.00619794
2.88 9.71445e-15 0.00571676
2.88 0.06 0.00520047
2.88 0.12 0.00466575
2.88 0.18 0.00412853
2.88 0.24 0.00360291
2.88 0.3 0.00310097
2.88 0.36 0.00263232
2.88 0.42 0.00220376
2.88 0.48 0.00181961
2.88 0.54 0.00148178
2.88 0.6 0.00119009
2.88 0.66 0.000942668
2.88 0.72 0.000736434
2.88 0.78 0.000567403
2.88 0.84 0.000431162
2.88 0.9 0.000323131
2.88 0.96 0.00023884
2.88 1.02 0.00017411
2.88 1.08 0.000125178
2.88 1.14 8.87605e-05
2.88 1.2 6.20736e-05
2.88 1.26 4.2813e-05
2.88 1.32 2.91233e-05
2.88 1.38 1.95385e-05
2.94 -1.44 0.000623073
2.94 -1.38 0.000790125
2.94 -1.32 0.000988193
2.94 -1.26 0.00121893
2.94 -1.2 0.00148285
2.94 -1.14 0.00177914
2.94 -1.08 0.0021053
2.94 -1.02 0.00245698
2.94 -0.96 0.00282803
2.94 -0.9 0.00321033
2.94 -0.84 0.00359423
2.94 -0.78 0.00396873
2.94 -0.72 0.00432204
2.94 -0.66 0.00464207
2.94 -0.6 0.00491726
2.94 -0.54 0.0051372
2.94 -0.48 0.00529319
2.94 -0.42 0.00537895
2.94 -0.36 0.00539096
2.94 -0.3 0.00532874
2.94 -0.24 0.00519486
2.94 -0.18 0.00499472
2.94 -0.12 0.00473623
2.94 -0.06 0.00442946
2.94 9.71445e-15 0.00408556
2.94 0.06 0.00371655
2.94 0.12 0.00333445
2.94 0.18 0.00295049
2.94 0.24 0.00257485
2.94 0.3 0.00221617
2.94 0.36 0.00188123
2.94 0.42 0.00157495
2.94 0.48 0.00130042
2.94 0.54 0.00105897
2.94 0.6 0.000850507
2.94 0.66 0.000673695
2.94 0.72 0.000526298
2.94 0.78 0.000405503
2.94 0.84 0.000308137
2.94 0.9 0.000230929
2.94 0.96 0.00017069
2.94 1.02 0.00012443
2.94 1.08 8.94603e-05
2.94 1.14 6.34336e-05
2.94 1.2 4.43613e-05
2.94 1.26 3.0597e-05
2.94 1.32 2.08132e-05
3 -1.38 0.00055691
3 -1.32 0.000696519
3 -1.26 0.000859144
3 -1.2 0.00104518
3 -1.14 0.001254
3 -1.08 0.00148389
3 -1.02 0.00173178
3 -0.96 0.00199329
3 -0.9 0.00226276
3 -0.84 0.00253336
3 -0.78 0.00279732
3 -0.72 0.00304635
3 -0.66 0.0032719
3 -0.6 0.0034659
3 -0.54 0.00362088
3 -0.48 0.00373085
3 -0.42 0.00379126
3 -0.36 0.00379976
3 -0.3 0.00375591
3 -0.24 0.00366153
3 -0.18 0.00352043
3 -0.12 0.00333827
3 -0.06 0.00312204
3 9.71445e-15 0.00287967
3 0.06 0.00261958
3 0.12 0.00235025
3 0.18 0.00207961
3 0.24 0.00181486
3 0.3 0.00156205
3 0.36 0.00132596
3 0.42 0.00111008
3 0.48 0.000916584
3 0.54 0.000746406
3 0.6 0.000599467
3 0.66 0.000474844
3 0.72 0.000370955
3 0.78 0.000285814
3 0.84 0.000217185
3 0.9 0.000162767
3 0.96 0.000120308
3 1.02 8.77017e-05
3 1.08 6.30549e-05
3 1.14 4.47108e-05
3 1.2 3.12674e-05
3 1.26 2.15659e-05
3 1.32 1.46698e-05
3.06 -1.26 0.000597231
3.06 -1.2 0.000726555
3.06 -1.14 0.000871727
3.06 -1.08 0.00103151
3.06 -1.02 0.00120384
3.06 -0.96 0.00138562
3.06 -0.9 0.00157295
3.06 -0.84 0.00176106
3.06 -0.78 0.00194456
3.06 -0.72 0.00211766
3.06 -0.66 0.00227447
3.06 -0.6 0.00240931
3.06 -0.54 0.00251707
3.06 -0.48 0.00259351
3.06 -0.42 0.00263552
3.06 -0.36 0.00264142
3.06 -0.3 0.00261092
3.06 -0.24 0.0025453
3.06 -0.18 0.00244723
3.06 -0.12 0.00232061
3.06 -0.06 0.00217026
3.06 9.71445e-15 0.0020018
3.06 0.06 0.00182102
3.06 0.12 0.00163378
3.06 0.18 0.00144565
3.06 0.24 0.00126161
3.06 0.3 0.00108585
3.06 0.36 0.000921729
3.06 0.42 0.000771671
3.06 0.48 0.000637158
3.06 0.54 0.000518866
3.06 0.6 0.000416722
3.06 0.66 0.000330084
3.06 0.72 0.000257868
3.06 0.78 0.000198682
3.06 0.84 0.000150975
3.06 0.9 0.000113148
3.06 0.96 8.36323e-05
3.06 1.02 6.09663e-05
3.06 1.08 4.38322e-05
3.06 1.14 3.10808e-05
3.06 1.2 2.17358e-05
3.06 1.26 1.49915e-05
3.12 -1.2 0.000498119
3.12 -1.14 0.000597652
3.12 -1.08 0.000707208
3.12 -1.02 0.000825352
3.12 -0.96 0.000949982
3.12 -0.9 0.00107842
3.12 -0.84 0.00120738
3.12 -0.78 0.00133318
3.12 -0.72 0.00145185
3.12 -0.66 0.00155937
3.12 -0.6 0.00165182
3.12 -0.54 0.00172568
3.12 -0.48 0.00177809
3.12 -0.42 0.0018069
3.12 -0.36 0.00181094
3.12 -0.3 0.00179002
3.12 -0.24 0.00174504
3.12 -0.18 0.00167782
3.12 -0.12 0.00159099
3.12 -0.06 0.00148793
3.12 9.71445e-15 0.00137242
3.12 0.06 0.00124847
3.12 0.12 0.0011201
3.12 0.18 0.000991132
3.12 0.24 0.000864946
3.12 0.3 0.000744447
3.12 0.36 0.000631936
3.12 0.42 0.000529052
3.12 0.48 0.000436833
3.12 0.54 0.000355729
3.12 0.6 0.000285704
3.12 0.66 0.000226305
3.12 0.72 0.000176795
3.12 0.78 0.000136216
3.12 0.84 0.000103508
3.12 0.9 7.75736e-05
3.12 0.96 5.73379e-05
3.12 1.02 4.17983e-05
3.12 1.08 3.00512e-05
3.12 1.14 2.13087e-05
3.12 1.2 1.49019e-05
3.12 1.26 1.02781e-05
3.18 -1.08 0.000478189
3.18 -1.02 0.000558077
3.18 -0.96 0.000642349
3.18 -0.9 0.000729191
3.18 -0.84 0.000816388
3.18 -0.78 0.000901457
3.18 -0.72 0.000981703
3.18 -0.66 0.0010544
3.18 -0.6 0.00111691
3.18 -0.54 0.00116686
3.18 -0.48 0.00120229
3.18 -0.42 0.00122177
3.18 -0.36 0.0012245
3.18 -0.3 0.00121037
3.18 -0.24 0.00117995
3.18 -0.18 0.00113448
3.18 -0.12 0.00107579
3.18 -0.06 0.00100608
3.18 9.71445e-15 0.000927992
3.18 0.06 0.000844185
3.18 0.12 0.000757383
3.18 0.18 0.000670175
3.18 0.24 0.000584854
3.18 0.3 0.000503378
3.18 0.36 0.000427295
3.18 0.42 0.00035773
3.18 0.48 0.000295373
3.18 0.54 0.000240535
3.18 0.6 0.000193183
3.18 0.66 0.00015302
3.18 0.72 0.000119543
3.18 0.78 9.21047e-05
3.18 0.84 6.99889e-05
3.18 0.9 5.24532e-05
3.18 0.96 3.87703e-05
3.18 1.02 2.82627e-05
3.18 1.08 2.03197e-05
3.18 1.14 1.44084e-05
3.18 1.2 1.00762e-05
3.24 -1.02 0.00037217
3.24 -0.96 0.000428369
3.24 -0.9 0.000486282
3.24 -0.84 0.000544435
3.24 -0.78 0.000601158
3.24 -0.72 0.000654676
3.24 -0.66 0.000703153
3.24 -0.6 0.000744842
3.24 -0.54 0.000778146
3.24 -0.48 0.000801778
3.24 -0.42 0.000814767
3.24 -0.36 0.000816591
3.24 -0.3 0.000807161
3.24 -0.24 0.000786879
3.24 -0.18 0.000756563
3.24 -0.12 0.000717408
3.24 -0.06 0.000670943
3.24 9.71445e-15 0.000618857
3.24 0.06 0.000562962
3.24 0.12 0.00050508
3.24 0.18 0.000446921
3.24 0.24 0.000390023
3.24 0.3 0.000335691
3.24 0.36 0.000284956
3.24 0.42 0.000238562
3.24 0.48 0.000196979
3.24 0.54 0.000160406
3.24 0.6 0.00012883
3.24 0.66 0.000102047
3.24 0.72 7.97206e-05
3.24 0.78 6.1423e-05
3.24 0.84 4.66743e-05
3.24 0.9 3.49794e-05
3.24 0.96 2.58549e-05
3.24 1.02 1.88477e-05
3.24 1.08 1.35508e-05
3.24 1.14 9.60856e-06
3.24 1.2 6.71958e-06
3.3 -0.9 0.000319829
3.3 -0.84 0.000358079
3.3 -0.78 0.00039539
3.3 -0.72 0.000430584
3.3 -0.66 0.000462472
3.3 -0.6 0.000489886
3.3 -0.54 0.000511796
3.3 -0.48 0.000527341
3.3 -0.42 0.000535883
3.3 -0.36 0.000537082
3.3 -0.3 0.000530883
3.3 -0.24 0.000517538
3.3 -0.18 0.000497601
3.3 -0.12 0.000471852
3.3 -0.06 0.000441288
3.3 9.71445e-15 0.000407025
3.3 0.06 0.000370265
3.3 0.12 0.000332199
3.3 0.18 0.000293944
3.3 0.24 0.000256523
3.3 0.3 0.000220787
3.3 0.36 0.000187418
3.3 0.42 0.000156906
3.3 0.48 0.000129555
3.3 0.54 0.000105501
3.3 0.6 8.47322e-05
3.3 0.66 6.71172e-05
3.3 0.72 5.24326e-05
3.3 0.78 4.03985e-05
3.3 0.84 3.06983e-05
3.3 0.9 2.30065e-05
3.3 0.96 1.7005e-05
3.3 1.02 1.23964e-05
3.3 1.08 8.91249e-06
3.3 1.14 6.31968e-06
3.36 -0.72 0.000279305
3.36 -0.66 0.000299989
3.36 -0.6 0.000317773
3.36 -0.54 0.000331989
3.36 -0.48 0.000342068
3.36 -0.42 0.000347613
3.36 -0.36 0.000348387
3.36 -0.3 0.000344367
3.36 -0.24 0.000335713
3.36 -0.18 0.000322779
3.36 -0.12 0.000306077
3.36 -0.06 0.000286248
3.36 9.71445e-15 0.000264024
3.36 0.06 0.000240182
3.36 0.12 0.000215487
3.36 0.18 0.000190674
3.36 0.24 0.000166398
3.36 0.3 0.000143218
3.36 0.36 0.000121572
3.36 0.42 0.00010178
3.36 0.48 8.40374e-05
3.36 0.54 6.84352e-05
3.36 0.6 5.49636e-05
3.36 0.66 4.35366e-05
3.36 0.72 3.40115e-05
3.36 0.78 2.6205e-05
3.36 0.84 1.9913e-05
3.36 0.9 1.49237e-05
3.36 0.96 1.10307e-05
3.36 1.02 8.04119e-06
3.36 1.08 5.78125e-06
3.42 -0.6 0.000203297
3.42 -0.54 0.000212389
3.42 -0.48 0.000218841
3.42 -0.42 0.000222385
3.42 -0.36 0.000222883
3.42 -0.3 0.00022031
3.42 -0.24 0.000214772
3.42 -0.18 0.000206496
3.42 -0.12 0.000195813
3.42 -0.06 0.000183128
3.42 9.71445e-15 0.000168912
3.42 0.06 0.000153657
3.42 0.12 0.000137859
3.42 0.18 0.000121984
3.42 0.24 0.000106455
3.42 0.3 9.16244e-05
3.42 0.36 7.77757e-05
3.42 0.42 6.5114e-05
3.42 0.48 5.37635e-05
3.42 0.54 4.3782e-05
3.42 0.6 3.5163e-05
3.42 0.66 2.78527e-05
3.42 0.72 2.17589e-05
3.42 0.78 1.67648e-05
3.42 0.84 1.27394e-05
3.42 0.9 9.5474e-06
3.42 0.96 7.05686e-06
3.42 1.02 5.14432e-06
3.48 -0.36 0.000140629
3.48 -0.3 0.000139007
3.48 -0.24 0.000135513
3.48 -0.18 0.000130292
3.48 -0.12 0.000123551
3.48 -0.06 0.000115546
3.48 9.71445e-15 0.000106575
3.48 0.06 9.69515e-05
3.48 0.12 8.6983e-05
3.48 0.18 7.69673e-05
3.48 0.24 6.71681e-05
3.48 0.3 5.7811e-05
3.48 0.36 4.90734e-05
3.48 0.42 4.10843e-05
3.48 0.48 3.39224e-05
3.48 0.54 2.76244e-05
3.48 0.6 2.21865e-05
3.48 0.66 1.75739e-05
3.48 0.72 1.3729e-05
3.48 0.78 1.05778e-05
3.54 -0.06 7.19034e-05
3.54 9.71445e-15 6.63207e-05
3.54 0.06 6.03311e-05
3.54 0.12 5.41286e-05
3.54 0.18 4.78954e-05
3.54 0.24 4.17979e-05
3.54 0.3 3.59751e-05
3.54 0.36 3.05379e-05
3.54 0.42 2.55663e-05
3.54 0.48 2.11096e-05
