4361 0.06 0.06 0.195606 -12 -12
-1.26 0.24 5.04691e-06
-1.26 0.3 5.0835e-06
-1.26 0.36 5.04999e-06
-1.26 0.42 4.94775e-06
-1.26 0.48 4.78094e-06
-1.26 0.54 4.55622e-06
-1.26 0.6 4.28241e-06
-1.26 0.66 3.96974e-06
-1.26 0.72 3.62926e-06
-1.26 0.78 3.27242e-06
-1.26 0.84 2.91012e-06
-1.26 0.9 2.55234e-06
-1.26 0.96 2.20777e-06
-1.26 1.02 1.88348e-06
-1.26 1.08 1.58473e-06
-1.26 1.14 1.31504e-06
-1.2 9.71445e-15 7.18818e-06
-1.2 0.06 7.65239e-06
-1.2 0.12 8.03471e-06
-1.2 0.18 8.32009e-06
-1.2 0.24 8.49728e-06
-1.2 0.3 8.55892e-06
-1.2 0.36 8.50248e-06
-1.2 0.42 8.33029e-06
-1.2 0.48 8.04938e-06
-1.2 0.54 7.67111e-06
-1.2 0.6 7.21008e-06
-1.2 0.66 6.68362e-06
-1.2 0.72 6.1105e-06
-1.2 0.78 5.50966e-06
-1.2 0.84 4.89961e-06
-1.2 0.9 4.29723e-06
-1.2 0.96 3.71712e-06
-1.2 1.02 3.17114e-06
-1.2 1.08 2.66813e-06
-1.2 1.14 2.21409e-06
-1.2 1.2 1.81203e-06
-1.2 1.26 1.46261e-06
-1.2 1.32 1.16435e-06
-1.2 1.38 9.14156e-07
-1.14 -0.18 9.10425e-06
-1.14 -0.12 1.01033e-05
-1.14 -0.06 1.10578e-05
-1.14 9.71445e-15 1.19359e-05
-1.14 0.06 1.2707e-05
-1.14 0.12 1.33417e-05
-1.14 0.18 1.38156e-05
-1.14 0.24 1.41097e-05
-1.14 0.3 1.4212e-05
-1.14 0.36 1.41183e-05
-1.14 0.42 1.38325e-05
-1.14 0.48 1.33662e-05
-1.14 0.54 1.27379e-05
-1.14 0.6 1.19724e-05
-1.14 0.66 1.10983e-05
-1.14 0.72 1.01464e-05
-1.14 0.78 9.14886e-06
-1.14 0.84 8.13594e-06
-1.14 0.9 7.13568e-06
-1.14 0.96 6.17235e-06
-1.14 1.02 5.2657e-06
-1.14 1.08 4.43049e-06
-1.14 1.14 3.67649e-06
-1.14 1.2 3.00892e-06
-1.14 1.26 2.42868e-06
-1.14 1.32 1.93338e-06
-1.14 1.38 1.51796e-06
-1.14 1.44 1.17541e-06
-1.14 1.5 8.97652e-07
-1.08 -0.3 1.16149e-05
-1.08 -0.24 1.32511e-05
-1.08 -0.18 1.491e-05
-1.08 -0.12 1.65459e-05
-1.08 -0.06 1.8109e-05
-1.08 9.71445e-15 1.95475e-05
-1.08 0.06 2.08099e-05
-1.08 0.12 2.18496e-05
-1.08 0.18 2.26257e-05
-1.08 0.24 2.31075e-05
-1.08 0.3 2.32751e-05
-1.08 0.36 2.31216e-05
-1.08 0.42 2.26534e-05
-1.08 0.48 2.18895e-05
-1.08 0.54 2.08608e-05
-1.08 0.6 1.96071e-05
-1.08 0.66 1.81754e-05
-1.08 0.72 1.66169e-05
-1.08 0.78 1.4983e-05
-1.08 0.84 1.3324e-05
-1.08 0.9 1.16859e-05
-1.08 0.96 1.01084e-05
-1.08 1.02 8.62358e-06
-1.08 1.08 7.25574e-06
-1.08 1.14 6.02099e-06
-1.08 1.2 4.92764e-06
-1.08 1.26 3.97742e-06
-1.08 1.32 3.16632e-06
-1.08 1.38 2.48596e-06
-1.08 1.44 1.92496e-06
-1.08 1.5 1.47007e-06
-1.08 1.56 1.10725e-06
-1.02 -0.42 1.3827e-05
-1.02 -0.36 1.62176e-05
-1.02 -0.3 1.87601e-05
-1.02 -0.24 2.14029e-05
-1.02 -0.18 2.40824e-05
-1.02 -0.12 2.67249e-05
-1.02 -0.06 2.92493e-05
-1.02 9.71445e-15 3.15726e-05
-1.02 0.06 3.36118e-05
-1.02 0.12 3.52909e-05
-1.02 0.18 3.65447e-05
-1.02 0.24 3.73227e-05
-1.02 0.3 3.75933e-05
-1.02 0.36 3.73455e-05
-1.02 0.42 3.65894e-05
-1.02 0.48 3.53556e-05
-1.02 0.54 3.36939e-05
-1.02 0.6 3.1669e-05
-1.02 0.66 2.93568e-05
-1.02 0.72 2.68391e-05
-1.02 0.78 2.41998e-05
-1.02 0.84 2.15206e-05
-1.02 0.9 1.88748e-05
-1.02 0.96 1.63268e-05
-1.02 1.02 1.39286e-05
-1.02 1.08 1.17193e-05
-1.02 1.14 9.72496e-06
-1.02 1.2 7.95898e-06
-1.02 1.26 6.42428e-06
-1.02 1.32 5.11413e-06
-1.02 1.38 4.01524e-06
-1.02 1.44 3.10915e-06
-1.02 1.5 2.37444e-06
-1.02 1.56 1.78841e-06
-1.02 1.62 1.32849e-06
-0.96 -0.54 1.53598e-05
-0.96 -0.48 1.85212e-05
-0.96 -0.42 2.2026e-05
-0.96 -0.36 2.58342e-05
-0.96 -0.3 2.98843e-05
-0.96 -0.24 3.40941e-05
-0.96 -0.18 3.83624e-05
-0.96 -0.12 4.2572e-05
-0.96 -0.06 4.65938e-05
-0.96 9.71445e-15 5.02941e-05
-0.96 0.06 5.35429e-05
-0.96 0.12 5.62176e-05
-0.96 0.18 5.82147e-05
-0.96 0.24 5.94537e-05
-0.96 0.3 5.98846e-05
-0.96 0.36 5.94899e-05
-0.96 0.42 5.82857e-05
-0.96 0.48 5.63207e-05
-0.96 0.54 5.36735e-05
-0.96 0.6 5.04478e-05
-0.96 0.66 4.67645e-05
-0.96 0.72 4.27536e-05
-0.96 0.78 3.85502e-05
-0.96 0.84 3.42821e-05
-0.96 0.9 3.00673e-05
-0.96 0.96 2.60082e-05
-0.96 1.02 2.2188e-05
-0.96 1.08 1.86686e-05
-0.96 1.14 1.54915e-05
-0.96 1.2 1.26786e-05
-0.96 1.26 1.02337e-05
-0.96 1.32 8.14665e-06
-0.96 1.38 6.39617e-06
-0.96 1.44 4.95278e-06
-0.96 1.5 3.78241e-06
-0.96 1.56 2.84891e-06
-0.96 1.62 2.11628e-06
-0.96 1.68 1.55044e-06
-0.9 -0.66 1.59216e-05
-0.9 -0.6 1.97376e-05
-0.9 -0.54 2.41316e-05
-0.9 -0.48 2.90982e-05
-0.9 -0.42 3.46046e-05
-0.9 -0.36 4.05877e-05
-0.9 -0.3 4.69507e-05
-0.9 -0.24 5.35646e-05
-0.9 -0.18 6.027e-05
-0.9 -0.12 6.68837e-05
-0.9 -0.06 7.32026e-05
-0.9 9.71445e-15 7.9016e-05
-0.9 0.06 8.41201e-05
-0.9 0.12 8.83224e-05
-0.9 0.18 9.14596e-05
-0.9 0.24 9.34062e-05
-0.9 0.3 9.40832e-05
-0.9 0.36 9.34629e-05
-0.9 0.42 9.15709e-05
-0.9 0.48 8.84842e-05
-0.9 0.54 8.43253e-05
-0.9 0.6 7.92578e-05
-0.9 0.66 7.34706e-05
-0.9 0.72 6.71694e-05
-0.9 0.78 6.05656e-05
-0.9 0.84 5.386e-05
-0.9 0.9 4.72382e-05
-0.9 0.96 4.0861e-05
-0.9 1.02 3.4859e-05
-0.9 1.08 2.93299e-05
-0.9 1.14 2.43383e-05
-0.9 1.2 1.99191e-05
-0.9 1.26 1.60778e-05
-0.9 1.32 1.2799e-05
-0.9 1.38 1.00489e-05
-0.9 1.44 7.78123e-06
-0.9 1.5 5.94245e-06
-0.9 1.56 4.47585e-06
-0.9 1.62 3.32485e-06
-0.9 1.68 2.43585e-06
-0.9 1.74 1.76008e-06
-0.84 -0.72 1.96274e-05
-0.84 -0.66 2.46703e-05
-0.84 -0.6 3.0583e-05
-0.84 -0.54 3.73915e-05
-0.84 -0.48 4.50872e-05
-0.84 -0.42 5.36193e-05
-0.84 -0.36 6.289e-05
-0.84 -0.3 7.27493e-05
-0.84 -0.24 8.29974e-05
-0.84 -0.18 9.33874e-05
-0.84 -0.12 0.000103635
-0.84 -0.06 0.000113426
-0.84 9.71445e-15 0.000122434
-0.84 0.06 0.000130343
-0.84 0.12 0.000136854
-0.84 0.18 0.000141715
-0.84 0.24 0.000144731
-0.84 0.3 0.00014578
-0.84 0.36 0.000144819
-0.84 0.42 0.000141888
-0.84 0.48 0.000137105
-0.84 0.54 0.000130661
-0.84 0.6 0.000122809
-0.84 0.66 0.000113841
-0.84 0.72 0.000104078
-0.84 0.78 9.38455e-05
-0.84 0.84 8.34551e-05
-0.84 0.9 7.31948e-05
-0.84 0.96 6.33135e-05
-0.84 1.02 5.40134e-05
-0.84 1.08 4.54463e-05
-0.84 1.14 3.77118e-05
-0.84 1.2 3.08643e-05
-0.84 1.26 2.49123e-05
-0.84 1.32 1.98319e-05
-0.84 1.38 1.55706e-05
-0.84 1.44 1.20569e-05
-0.84 1.5 9.20774e-06
-0.84 1.56 6.93526e-06
-0.84 1.62 5.1518e-06
-0.84 1.68 3.77431e-06
-0.84 1.74 2.72721e-06
-0.84 1.8 1.94347e-06
-0.78 -0.78 2.3535e-05
-0.78 -0.72 2.99942e-05
-0.78 -0.66 3.77007e-05
-0.78 -0.6 4.67367e-05
-0.78 -0.54 5.71409e-05
-0.78 -0.48 6.89018e-05
-0.78 -0.42 8.19403e-05
-0.78 -0.36 9.61072e-05
-0.78 -0.3 0.000111174
-0.78 -0.24 0.000126835
-0.78 -0.18 0.000142714
-0.78 -0.12 0.000158374
-0.78 -0.06 0.000173336
-0.78 9.71445e-15 0.000187102
-0.78 0.06 0.000199188
-0.78 0.12 0.000209138
-0.78 0.18 0.000216568
-0.78 0.24 0.000221177
-0.78 0.3 0.00022278
-0.78 0.36 0.000221312
-0.78 0.42 0.000216832
-0.78 0.48 0.000209522
-0.78 0.54 0.000199674
-0.78 0.6 0.000187674
-0.78 0.66 0.000173972
-0.78 0.72 0.00015905
-0.78 0.78 0.000143413
-0.78 0.84 0.000127535
-0.78 0.9 0.000111855
-0.78 0.96 9.67544e-05
-0.78 1.02 8.25428e-05
-0.78 1.08 6.94501e-05
-0.78 1.14 5.76308e-05
-0.78 1.2 4.71663e-05
-0.78 1.26 3.80709e-05
-0.78 1.32 3.03069e-05
-0.78 1.38 2.37948e-05
-0.78 1.44 1.84252e-05
-0.78 1.5 1.40712e-05
-0.78 1.56 1.05984e-05
-0.78 1.62 7.87288e-06
-0.78 1.68 5.76787e-06
-0.78 1.74 4.16768e-06
-0.78 1.8 2.96998e-06
-0.78 1.86 2.08741e-06
-0.72 -0.9 2.09507e-05
-0.72 -0.84 2.74501e-05
-0.72 -0.78 3.54715e-05
-0.72 -0.72 4.52067e-05
-0.72 -0.66 5.68223e-05
-0.72 -0.6 7.04406e-05
-0.72 -0.54 8.61209e-05
-0.72 -0.48 0.000103847
-0.72 -0.42 0.000123499
-0.72 -0.36 0.000144852
-0.72 -0.3 0.00016756
-0.72 -0.24 0.000191165
-0.72 -0.18 0.000215098
-0.72 -0.12 0.000238699
-0.72 -0.06 0.000261247
-0.72 9.71445e-15 0.000281997
-0.72 0.06 0.000300211
-0.72 0.12 0.000315208
-0.72 0.18 0.000326407
-0.72 0.24 0.000333357
-0.72 0.3 0.000335773
-0.72 0.36 0.00033356
-0.72 0.42 0.000326806
-0.72 0.48 0.000315786
-0.72 0.54 0.000300945
-0.72 0.6 0.000282858
-0.72 0.66 0.000262207
-0.72 0.72 0.000239719
-0.72 0.78 0.000216147
-0.72 0.84 0.000192216
-0.72 0.9 0.000168585
-0.72 0.96 0.000145827
-0.72 1.02 0.000124407
-0.72 1.08 0.000104673
-0.72 1.14 8.68608e-05
-0.72 1.2 7.10874e-05
-0.72 1.26 5.73798e-05
-0.72 1.32 4.5678e-05
-0.72 1.38 3.58631e-05
-0.72 1.44 2.77701e-05
-0.72 1.5 2.12079e-05
-0.72 1.56 1.59736e-05
-0.72 1.62 1.18657e-05
-0.72 1.68 8.6933e-06
-0.72 1.74 6.2814e-06
-0.72 1.8 4.47632e-06
-0.72 1.86 3.1461e-06
-0.72 1.92 2.18079e-06
-0.66 -0.96 2.34417e-05
-0.66 -0.9 3.11422e-05
-0.66 -0.84 4.08034e-05
-0.66 -0.78 5.27269e-05
-0.66 -0.72 6.71985e-05
-0.66 -0.66 8.44645e-05
-0.66 -0.6 0.000104706
-0.66 -0.54 0.000128017
-0.66 -0.48 0.000154364
-0.66 -0.42 0.000183577
-0.66 -0.36 0.000215316
-0.66 -0.3 0.000249072
-0.66 -0.24 0.00028416
-0.66 -0.18 0.000319734
-0.66 -0.12 0.000354813
-0.66 -0.06 0.000388334
-0.66 9.71445e-15 0.00041918
-0.66 0.06 0.000446253
-0.66 0.12 0.000468544
-0.66 0.18 0.000485187
-0.66 0.24 0.000495521
-0.66 0.3 0.000499116
-0.66 0.36 0.000495824
-0.66 0.42 0.000485782
-0.66 0.48 0.000469404
-0.66 0.54 0.000447343
-0.66 0.6 0.00042046
-0.66 0.66 0.000389757
-0.66 0.72 0.000356336
-0.66 0.78 0.000321298
-0.66 0.84 0.000285723
-0.66 0.9 0.000250595
-0.66 0.96 0.000216765
-0.66 1.02 0.000184925
-0.66 1.08 0.000155594
-0.66 1.14 0.000129115
-0.66 1.2 0.000105669
-0.66 1.26 8.52924e-05
-0.66 1.32 6.78991e-05
-0.66 1.38 5.33092e-05
-0.66 1.44 4.1279e-05
-0.66 1.5 3.15244e-05
-0.66 1.56 2.37439e-05
-0.66 1.62 1.76382e-05
-0.66 1.68 1.29223e-05
-0.66 1.74 9.33704e-06
-0.66 1.8 6.65387e-06
-0.66 1.86 4.67655e-06
-0.66 1.92 3.24167e-06
-0.6 -1.02 2.55133e-05
-0.6 -0.96 3.43667e-05
-0.6 -0.9 4.56555e-05
-0.6 -0.84 5.98191e-05
-0.6 -0.78 7.72995e-05
-0.6 -0.72 9.85146e-05
-0.6 -0.66 0.000123826
-0.6 -0.6 0.000153504
-0.6 -0.54 0.000187676
-0.6 -0.48 0.000226304
-0.6 -0.42 0.000269129
-0.6 -0.36 0.000315659
-0.6 -0.3 0.000365146
-0.6 -0.24 0.000416583
-0.6 -0.18 0.000468736
-0.6 -0.12 0.000520172
-0.6 -0.06 0.000569313
-0.6 9.71445e-15 0.000614528
-0.6 0.06 0.000654222
-0.6 0.12 0.000686905
-0.6 0.18 0.000711305
-0.6 0.24 0.000726443
-0.6 0.3 0.000731708
-0.6 0.36 0.000726885
-0.6 0.42 0.00071217
-0.6 0.48 0.000688162
-0.6 0.54 0.000655819
-0.6 0.6 0.000616406
-0.6 0.66 0.0005714
-0.6 0.72 0.00052239
-0.6 0.78 0.000471032
-0.6 0.84 0.000418881
-0.6 0.9 0.000367382
-0.6 0.96 0.000317785
-0.6 1.02 0.000271107
-0.6 1.08 0.000228106
-0.6 1.14 0.000189285
-0.6 1.2 0.000154915
-0.6 1.26 0.000125041
-0.6 1.32 9.95415e-05
-0.6 1.38 7.81527e-05
-0.6 1.44 6.05164e-05
-0.6 1.5 4.6216e-05
-0.6 1.56 3.48098e-05
-0.6 1.62 2.58581e-05
-0.6 1.68 1.89442e-05
-0.6 1.74 1.36885e-05
-0.6 1.8 9.75477e-06
-0.6 1.86 6.85597e-06
-0.6 1.92 4.75236e-06
-0.6 1.98 3.24891e-06
-0.54 -1.08 2.70097e-05
-0.54 -1.02 3.68893e-05
-0.54 -0.96 4.96896e-05
-0.54 -0.9 6.60122e-05
-0.54 -0.84 8.64912e-05
-0.54 -0.78 0.000111765
-0.54 -0.72 0.000142441
-0.54 -0.66 0.00017904
-0.54 -0.6 0.000221946
-0.54 -0.54 0.000271358
-0.54 -0.48 0.000327206
-0.54 -0.42 0.000389129
-0.54 -0.36 0.000456405
-0.54 -0.3 0.00052796
-0.54 -0.24 0.000602336
-0.54 -0.18 0.000677742
-0.54 -0.12 0.000752101
-0.54 -0.06 0.00082315
-0.54 9.71445e-15 0.000888538
-0.54 0.06 0.000945926
-0.54 0.12 0.000993176
-0.54 0.18 0.00102846
-0.54 0.24 0.00105036
-0.54 0.3 0.00105798
-0.54 0.36 0.001051
-0.54 0.42 0.00102972
-0.54 0.48 0.000994998
-0.54 0.54 0.000948232
-0.54 0.6 0.00089125
-0.54 0.66 0.000826171
-0.54 0.72 0.000755327
-0.54 0.78 0.000681056
-0.54 0.84 0.000605646
-0.54 0.9 0.000531188
-0.54 0.96 0.000459479
-0.54 1.02 0.000391986
-0.54 1.08 0.000329812
-0.54 1.14 0.000273686
-0.54 1.2 0.000223987
-0.54 1.26 0.000180795
-0.54 1.32 0.000143926
-0.54 1.38 0.000113
-0.54 1.44 8.74995e-05
-0.54 1.5 6.68226e-05
-0.54 1.56 5.033e-05
-0.54 1.62 3.73876e-05
-0.54 1.68 2.73914e-05
-0.54 1.74 1.97918e-05
-0.54 1.8 1.41042e-05
-0.54 1.86 9.91289e-06
-0.54 1.92 6.87139e-06
-0.54 1.98 4.69759e-06
-0.54 2.04 3.16734e-06
-0.48 -1.14 2.78129e-05
-0.48 -1.08 3.85161e-05
-0.48 -1.02 5.26037e-05
-0.48 -0.96 7.08583e-05
-0.48 -0.9 9.41344e-05
-0.48 -0.84 0.000123337
-0.48 -0.78 0.000159378
-0.48 -0.72 0.00020312
-0.48 -0.66 0.00025531
-0.48 -0.6 0.0003165
-0.48 -0.54 0.000386955
-0.48 -0.48 0.000466601
-0.48 -0.42 0.000554898
-0.48 -0.36 0.000650839
-0.48 -0.3 0.000752872
-0.48 -0.24 0.00085893
-0.48 -0.18 0.000966463
-0.48 -0.12 0.00107251
-0.48 -0.06 0.00117382
-0.48 9.71445e-15 0.00126705
-0.48 0.06 0.00134889
-0.48 0.12 0.00141628
-0.48 0.18 0.0014666
-0.48 0.24 0.00149782
-0.48 0.3 0.00150867
-0.48 0.36 0.00149873
-0.48 0.42 0.00146838
-0.48 0.48 0.00141887
-0.48 0.54 0.00135219
-0.48 0.6 0.00127092
-0.48 0.66 0.00117813
-0.48 0.72 0.00107709
-0.48 0.78 0.000971181
-0.48 0.84 0.000863657
-0.48 0.9 0.000757476
-0.48 0.96 0.000655221
-0.48 1.02 0.000558978
-0.48 1.08 0.000470312
-0.48 1.14 0.000390277
-0.48 1.2 0.000319407
-0.48 1.26 0.000257816
-0.48 1.32 0.000205238
-0.48 1.38 0.000161138
-0.48 1.44 0.000124775
-0.48 1.5 9.52901e-05
-0.48 1.56 7.17719e-05
-0.48 1.62 5.33147e-05
-0.48 1.68 3.90601e-05
-0.48 1.74 2.82233e-05
-0.48 1.8 2.01127e-05
-0.48 1.86 1.41359e-05
-0.48 1.92 9.79859e-06
-0.48 1.98 6.69872e-06
-0.48 2.04 4.5166e-06
-0.42 -1.2 2.78585e-05
-0.42 -1.14 3.91166e-05
-0.42 -1.08 5.41686e-05
-0.42 -1.02 7.39829e-05
-0.42 -0.96 9.96553e-05
-0.42 -0.9 0.00013239
-0.42 -0.84 0.000173462
-0.42 -0.78 0.000224151
-0.42 -0.72 0.000285671
-0.42 -0.66 0.000359066
-0.42 -0.6 0.000445125
-0.42 -0.54 0.00054422
-0.42 -0.48 0.000656226
-0.42 -0.42 0.000780412
-0.42 -0.36 0.000915339
-0.42 -0.3 0.00105884
-0.42 -0.24 0.00120799
-0.42 -0.18 0.00135922
-0.42 -0.12 0.00150837
-0.42 -0.06 0.00165088
-0.42 9.71445e-15 0.00178199
-0.42 0.06 0.00189709
-0.42 0.12 0.00199187
-0.42 0.18 0.00206261
-0.42 0.24 0.00210651
-0.42 0.3 0.00212178
-0.42 0.36 0.0021078
-0.42 0.42 0.00206513
-0.42 0.48 0.00199551
-0.42 0.54 0.00190172
-0.42 0.6 0.00178744
-0.42 0.66 0.00165692
-0.42 0.72 0.00151482
-0.42 0.78 0.00136589
-0.42 0.84 0.00121466
-0.42 0.9 0.00106532
-0.42 0.96 0.000921503
-0.42 1.02 0.000786147
-0.42 1.08 0.000661455
-0.42 1.14 0.00054888
-0.42 1.2 0.000449219
-0.42 1.26 0.00036259
-0.42 1.32 0.000288647
-0.42 1.38 0.000226625
-0.42 1.44 0.000175483
-0.42 1.5 0.000134015
-0.42 1.56 0.00010094
-0.42 1.62 7.49827e-05
-0.42 1.68 5.4934e-05
-0.42 1.74 3.96935e-05
-0.42 1.8 2.82866e-05
-0.42 1.86 1.98807e-05
-0.42 1.92 1.37807e-05
-0.42 1.98 9.4211e-06
-0.42 2.04 6.35215e-06
-0.42 2.1 4.22404e-06
-0.36 -1.26 2.7142e-05
-0.36 -1.2 3.86416e-05
-0.36 -1.14 5.42576e-05
-0.36 -1.08 7.51355e-05
-0.36 -1.02 0.00010262
-0.36 -0.96 0.000138228
-0.36 -0.9 0.000183635
-0.36 -0.84 0.000240604
-0.36 -0.78 0.000310914
-0.36 -0.72 0.000396247
-0.36 -0.66 0.000498055
-0.36 -0.6 0.000617416
-0.36 -0.54 0.000754874
-0.36 -0.48 0.000910232
-0.36 -0.42 0.00108249
-0.36 -0.36 0.00126964
-0.36 -0.3 0.00146868
-0.36 -0.24 0.00167558
-0.36 -0.18 0.00188534
-0.36 -0.12 0.00209221
-0.36 -0.06 0.00228988
-0.36 9.71445e-15 0.00247175
-0.36 0.06 0.00263139
-0.36 0.12 0.00276286
-0.36 0.18 0.00286098
-0.36 0.24 0.00292189
-0.36 0.3 0.00294309
-0.36 0.36 0.00292368
-0.36 0.42 0.00286449
-0.36 0.48 0.00276791
-0.36 0.54 0.00263782
-0.36 0.6 0.00247932
-0.36 0.66 0.00229825
-0.36 0.72 0.00210118
-0.36 0.78 0.00189459
-0.36 0.84 0.00168482
-0.36 0.9 0.00147768
-0.36 0.96 0.00127819
-0.36 1.02 0.00109044
-0.36 1.08 0.000917487
-0.36 1.14 0.000761342
-0.36 1.2 0.000623098
-0.36 1.26 0.000502938
-0.36 1.32 0.000400375
-0.36 1.38 0.000314346
-0.36 1.44 0.000243408
-0.36 1.5 0.000185888
-0.36 1.56 0.000140011
-0.36 1.62 0.000104006
-0.36 1.68 7.61976e-05
-0.36 1.74 5.50576e-05
-0.36 1.8 3.92356e-05
-0.36 1.86 2.7576e-05
-0.36 1.92 1.91149e-05
-0.36 1.98 1.30678e-05
-0.36 2.04 8.81095e-06
-0.36 2.1 5.85907e-06
-0.3 -1.26 3.71305e-05
-0.3 -1.2 5.28619e-05
-0.3 -1.14 7.42248e-05
-0.3 -1.08 0.000102786
-0.3 -1.02 0.000140385
-0.3 -0.96 0.000189097
-0.3 -0.9 0.000251214
-0.3 -0.84 0.000329148
-0.3 -0.78 0.000425332
-0.3 -0.72 0.000542069
-0.3 -0.66 0.000681344
-0.3 -0.6 0.000844627
-0.3 -0.54 0.00103267
-0.3 -0.48 0.0012452
-0.3 -0.42 0.00148085
-0.3 -0.36 0.00173688
-0.3 -0.3 0.00200917
-0.3 -0.24 0.00229221
-0.3 -0.18 0.00257917
-0.3 -0.12 0.00286215
-0.3 -0.06 0.00313257
-0.3 9.71445e-15 0.00338137
-0.3 0.06 0.00359977
-0.3 0.12 0.00377961
-0.3 0.18 0.00391383
-0.3 0.24 0.00399718
-0.3 0.3 0.00402618
-0.3 0.36 0.00399962
-0.3 0.42 0.00391864
-0.3 0.48 0.00378652
-0.3 0.54 0.00360856
-0.3 0.6 0.00339172
-0.3 0.66 0.00314402
-0.3 0.72 0.00287443
-0.3 0.78 0.00259181
-0.3 0.84 0.00230484
-0.3 0.9 0.00202147
-0.3 0.96 0.00174857
-0.3 1.02 0.00149172
-0.3 1.08 0.00125513
-0.3 1.14 0.00104152
-0.3 1.2 0.000852401
-0.3 1.26 0.000688023
-0.3 1.32 0.000547716
-0.3 1.38 0.000430027
-0.3 1.44 0.000332984
-0.3 1.5 0.000254296
-0.3 1.56 0.000191535
-0.3 1.62 0.000142281
-0.3 1.68 0.000104239
-0.3 1.74 7.53189e-05
-0.3 1.8 5.36745e-05
-0.3 1.86 3.77241e-05
-0.3 1.92 2.61493e-05
-0.3 1.98 1.78769e-05
-0.3 2.04 1.20535e-05
-0.3 2.1 8.01526e-06
-0.3 2.16 5.25671e-06
-0.24 -1.32 3.47044e-05
-0.24 -1.26 5.00965e-05
-0.24 -1.2 7.13213e-05
-0.24 -1.14 0.000100144
-0.24 -1.08 0.000138679
-0.24 -1.02 0.000189407
-0.24 -0.96 0.000255131
-0.24 -0.9 0.000338939
-0.24 -0.84 0.000444088
-0.24 -0.78 0.00057386
-0.24 -0.72 0.00073136
-0.24 -0.66 0.000919269
-0.24 -0.6 0.00113958
-0.24 -0.54 0.00139328
-0.24 -0.48 0.00168003
-0.24 -0.42 0.00199796
-0.24 -0.36 0.0023434
-0.24 -0.3 0.00271077
-0.24 -0.24 0.00309265
-0.24 -0.18 0.00347981
-0.24 -0.12 0.00386162
-0.24 -0.06 0.00422647
-0.24 9.71445e-15 0.00456214
-0.24 0.06 0.00485681
-0.24 0.12 0.00509946
-0.24 0.18 0.00528055
-0.24 0.24 0.00539298
-0.24 0.3 0.00543211
-0.24 0.36 0.00539628
-0.24 0.42 0.00528704
-0.24 0.48 0.00510878
-0.24 0.54 0.00486867
-0.24 0.6 0.00457612
-0.24 0.66 0.00424193
-0.24 0.72 0.00387818
-0.24 0.78 0.00349687
-0.24 0.84 0.0031097
-0.24 0.9 0.00272737
-0.24 0.96 0.00235918
-0.24 1.02 0.00201264
-0.24 1.08 0.00169342
-0.24 1.14 0.00140522
-0.24 1.2 0.00115006
-0.24 1.26 0.000928283
-0.24 1.32 0.000738978
-0.24 1.38 0.000580193
-0.24 1.44 0.000449262
-0.24 1.5 0.000343096
-0.24 1.56 0.00025842
-0.24 1.62 0.000191967
-0.24 1.68 0.000140639
-0.24 1.74 0.000101621
-0.24 1.8 7.24178e-05
-0.24 1.86 5.08974e-05
-0.24 1.92 3.52806e-05
-0.24 1.98 2.41195e-05
-0.24 2.04 1.62625e-05
-0.24 2.1 1.08142e-05
-0.24 2.16 7.09237e-06
-0.18 -1.38 3.15512e-05
-0.18 -1.32 4.61797e-05
-0.18 -1.26 6.66614e-05
-0.18 -1.2 9.49049e-05
-0.18 -1.14 0.000133257
-0.18 -1.08 0.000184535
-0.18 -1.02 0.000252035
-0.18 -0.96 0.000339493
-0.18 -0.9 0.00045101
-0.18 -0.84 0.000590929
-0.18 -0.78 0.00076361
-0.18 -0.72 0.000973185
-0.18 -0.66 0.00122322
-0.18 -0.6 0.0015164
-0.18 -0.54 0.00185398
-0.18 -0.48 0.00223555
-0.18 -0.42 0.00265861
-0.18 -0.36 0.00311826
-0.18 -0.3 0.0036071
-0.18 -0.24 0.00411522
-0.18 -0.18 0.00463043
-0.18 -0.12 0.00513854
-0.18 -0.06 0.00562399
-0.18 9.71445e-15 0.00607067
-0.18 0.06 0.00646275
-0.18 0.12 0.00678565
-0.18 0.18 0.00702667
-0.18 0.24 0.0071762
-0.18 0.3 0.00722824
-0.18 0.36 0.00718061
-0.18 0.42 0.00703523
-0.18 0.48 0.00679803
-0.18 0.54 0.00647855
-0.18 0.6 0.00608922
-0.18 0.66 0.0056446
-0.18 0.72 0.00516048
-0.18 0.78 0.00465312
-0.18 0.84 0.00413794
-0.18 0.9 0.0036292
-0.18 0.96 0.00313925
-0.18 1.02 0.00267815
-0.18 1.08 0.00225336
-0.18 1.14 0.00186986
-0.18 1.2 0.00153034
-0.18 1.26 0.00123523
-0.18 1.32 0.000983329
-0.18 1.38 0.000772037
-0.18 1.44 0.000597815
-0.18 1.5 0.000456548
-0.18 1.56 0.000343871
-0.18 1.62 0.000255441
-0.18 1.68 0.000187142
-0.18 1.74 0.000135223
-0.18 1.8 9.63634e-05
-0.18 1.86 6.77272e-05
-0.18 1.92 4.69463e-05
-0.18 1.98 3.20945e-05
-0.18 2.04 2.16396e-05
-0.18 2.1 1.43899e-05
-0.18 2.16 9.43752e-06
-0.18 2.22 6.10443e-06
-0.12 -1.44 2.79015e-05
-0.12 -1.38 4.14069e-05
-0.12 -1.32 6.06047e-05
-0.12 -1.26 8.74843e-05
-0.12 -1.2 0.00012455
-0.12 -1.14 0.00017488
-0.12 -1.08 0.00024218
-0.12 -1.02 0.00033076
-0.12 -0.96 0.000445538
-0.12 -0.9 0.000591893
-0.12 -0.84 0.000775512
-0.12 -0.78 0.00100213
-0.12 -0.72 0.00127716
-0.12 -0.66 0.00160533
-0.12 -0.6 0.00199007
-0.12 -0.54 0.00243308
-0.12 -0.48 0.00293387
-0.12 -0.42 0.00348907
-0.12 -0.36 0.00409233
-0.12 -0.3 0.00473389
-0.12 -0.24 0.00540076
-0.12 -0.18 0.00607689
-0.12 -0.12 0.00674367
-0.12 -0.06 0.00738068
-0.12 9.71445e-15 0.00796692
-0.12 0.06 0.00848149
-0.12 0.12 0.00890519
-0.12 0.18 0.00922161
-0.12 0.24 0.00941792
-0.12 0.3 0.00948618
-0.12 0.36 0.00942363
-0.12 0.42 0.00923283
-0.12 0.48 0.0089215
-0.12 0.54 0.00850227
-0.12 0.6 0.0079912
-0.12 0.66 0.00740782
-0.12 0.72 0.00677249
-0.12 0.78 0.00610657
-0.12 0.84 0.00543046
-0.12 0.9 0.00476284
-0.12 0.96 0.00411988
-0.12 1.02 0.00351472
-0.12 1.08 0.0029572
-0.12 1.14 0.00245397
-0.12 1.2 0.00200835
-0.12 1.26 0.00162108
-0.12 1.32 0.00129049
-0.12 1.38 0.0010132
-0.12 1.44 0.000784558
-0.12 1.5 0.000599161
-0.12 1.56 0.000451284
-0.12 1.62 0.000335228
-0.12 1.68 0.000245601
-0.12 1.74 0.000177461
-0.12 1.8 0.000126464
-0.12 1.86 8.88833e-05
-0.12 1.92 6.16113e-05
-0.12 1.98 4.21201e-05
-0.12 2.04 2.83993e-05
-0.12 2.1 1.8885e-05
-0.12 2.16 1.23855e-05
-0.12 2.22 8.01124e-06
-0.06 -1.44 3.61134e-05
-0.06 -1.38 5.35939e-05
-0.06 -1.32 7.84425e-05
-0.06 -1.26 0.000113234
-0.06 -1.2 0.000161207
-0.06 -1.14 0.000226355
-0.06 -1.08 0.000313458
-0.06 -1.02 0.000428116
-0.06 -0.96 0.00057667
-0.06 -0.9 0.000766102
-0.06 -0.84 0.00100377
-0.06 -0.78 0.00129709
-0.06 -0.72 0.00165309
-0.06 -0.66 0.00207783
-0.06 -0.6 0.00257577
-0.06 -0.54 0.00314923
-0.06 -0.48 0.00379738
-0.06 -0.42 0.00451599
-0.06 -0.36 0.00529677
-0.06 -0.3 0.0061272
-0.06 -0.24 0.00699036
-0.06 -0.18 0.00786546
-0.06 -0.12 0.00872843
-0.06 -0.06 0.00955302
-0.06 9.71445e-15 0.0103118
-0.06 0.06 0.0109779
-0.06 0.12 0.0115262
-0.06 0.18 0.0119356
-0.06 0.24 0.0121898
-0.06 0.3 0.0122783
-0.06 0.36 0.0121973
-0.06 0.42 0.0119503
-0.06 0.48 0.0115474
-0.06 0.54 0.0110046
-0.06 0.6 0.0103434
-0.06 0.66 0.00958802
-0.06 0.72 0.00876588
-0.06 0.78 0.00790395
-0.06 0.84 0.00702879
-0.06 0.9 0.00616467
-0.06 0.96 0.00533244
-0.06 1.02 0.00454915
-0.06 1.08 0.00382762
-0.06 1.14 0.00317624
-0.06 1.2 0.00259947
-0.06 1.26 0.00209819
-0.06 1.32 0.00167032
-0.06 1.38 0.00131141
-0.06 1.44 0.00101547
-0.06 1.5 0.000775501
-0.06 1.56 0.000584101
-0.06 1.62 0.0004339
-0.06 1.68 0.000317888
-0.06 1.74 0.000229693
-0.06 1.8 0.000163685
-0.06 1.86 0.000115043
-0.06 1.92 7.97453e-05
-0.06 1.98 5.45175e-05
-0.06 2.04 3.67583e-05
-0.06 2.1 2.44434e-05
-0.06 2.16 1.60309e-05
-0.06 2.22 1.03692e-05
-0.06 2.28 6.61481e-06
9.71445e-15 -1.5 3.06371e-05
9.71445e-15 -1.44 4.61004e-05
9.71445e-15 -1.38 6.84147e-05
9.71445e-15 -1.32 0.000100134
9.71445e-15 -1.26 0.000144546
9.71445e-15 -1.2 0.000205789
9.71445e-15 -1.14 0.000288949
9.71445e-15 -1.08 0.000400142
9.71445e-15 -1.02 0.000546501
9.71445e-15 -0.96 0.000736145
9.71445e-15 -0.9 0.000977956
9.71445e-15 -0.84 0.00128134
9.71445e-15 -0.78 0.00165578
9.71445e-15 -0.72 0.00211021
9.71445e-15 -0.66 0.0026524
9.71445e-15 -0.6 0.00328811
9.71445e-15 -0.54 0.00402008
9.71445e-15 -0.48 0.0048475
9.71445e-15 -0.42 0.00576485
9.71445e-15 -0.36 0.00676156
9.71445e-15 -0.3 0.00782155
9.71445e-15 -0.24 0.00892338
9.71445e-15 -0.18 0.0100405
9.71445e-15 -0.12 0.0111423
9.71445e-15 -0.06 0.0121948
9.71445e-15 9.71445e-15 0.0131634
9.71445e-15 0.06 0.0140136
9.71445e-15 0.12 0.0147137
9.71445e-15 0.18 0.0152364
9.71445e-15 0.24 0.0155607
9.71445e-15 0.3 0.0156735
9.71445e-15 0.36 0.0155702
9.71445e-15 0.42 0.0152549
9.71445e-15 0.48 0.0147406
9.71445e-15 0.54 0.0140479
9.71445e-15 0.6 0.0132036
9.71445e-15 0.66 0.0122396
9.71445e-15 0.72 0.0111898
9.71445e-15 0.78 0.0100896
9.71445e-15 0.84 0.00897252
9.71445e-15 0.9 0.0078694
9.71445e-15 0.96 0.00680708
9.71445e-15 1.02 0.00580722
9.71445e-15 1.08 0.00488608
9.71445e-15 1.14 0.00405457
9.71445e-15 1.2 0.00331832
9.71445e-15 1.26 0.00267843
9.71445e-15 1.32 0.00213222
9.71445e-15 1.38 0.00167407
9.71445e-15 1.44 0.00129629
9.71445e-15 1.5 0.000989966
9.71445e-15 1.56 0.000745638
9.71445e-15 1.62 0.000553887
9.71445e-15 1.68 0.000405793
9.71445e-15 1.74 0.000293211
9.71445e-15 1.8 0.000208951
9.71445e-15 1.86 0.000146858
9.71445e-15 1.92 0.000101797
9.71445e-15 1.98 6.95926e-05
9.71445e-15 2.04 4.69226e-05
9.71445e-15 2.1 3.12027e-05
9.71445e-15 2.16 2.04641e-05
9.71445e-15 2.22 1.32366e-05
9.71445e-15 2.28 8.4441e-06
0.06 -1.5 3.85716e-05
0.06 -1.44 5.80395e-05
0.06 -1.38 8.61333e-05
0.06 -1.32 0.000126069
0.06 -1.26 0.000181982
0.06 -1.2 0.000259083
0.06 -1.14 0.000363786
0.06 -1.08 0.000503771
0.06 -1.02 0.000688045
0.06 -0.96 0.000926793
0.06 -0.9 0.00123124
0.06 -0.84 0.00161321
0.06 -0.78 0.00208462
0.06 -0.72 0.00265676
0.06 -0.66 0.00333937
0.06 -0.6 0.00413965
0.06 -0.54 0.00506127
0.06 -0.48 0.00610295
0.06 -0.42 0.00725784
0.06 -0.36 0.00851267
0.06 -0.3 0.00984727
0.06 -0.24 0.0112345
0.06 -0.18 0.0126409
0.06 -0.12 0.0140279
0.06 -0.06 0.0153531
0.06 9.71445e-15 0.0165726
0.06 0.06 0.017643
0.06 0.12 0.0185244
0.06 0.18 0.0191822
0.06 0.24 0.0195908
0.06 0.3 0.0197329
0.06 0.36 0.0196027
0.06 0.42 0.0192059
0.06 0.48 0.0185583
0.06 0.54 0.017686
0.06 0.6 0.0166233
0.06 0.66 0.0154093
0.06 0.72 0.014088
0.06 0.78 0.0127028
0.06 0.84 0.0112963
0.06 0.9 0.00990749
0.06 0.96 0.00856998
0.06 1.02 0.00731114
0.06 1.08 0.00615156
0.06 1.14 0.00510466
0.06 1.2 0.00417774
0.06 1.26 0.00337211
0.06 1.32 0.00268443
0.06 1.38 0.00210762
0.06 1.44 0.001632
0.06 1.5 0.00124634
0.06 1.56 0.00093874
0.06 1.62 0.000697341
0.06 1.68 0.000510891
0.06 1.74 0.000369149
0.06 1.8 0.000263067
0.06 1.86 0.000184891
0.06 1.92 0.000128162
0.06 1.98 8.76175e-05
0.06 2.04 5.90758e-05
0.06 2.1 3.9284e-05
0.06 2.16 2.5764e-05
0.06 2.22 1.66647e-05
0.06 2.28 1.0631e-05
0.12 -1.56 3.13914e-05
0.12 -1.5 4.78935e-05
0.12 -1.44 7.20668e-05
0.12 -1.38 0.00010695
0.12 -1.32 0.000156537
0.12 -1.26 0.000225966
0.12 -1.2 0.000321703
0.12 -1.14 0.000451702
0.12 -1.08 0.000625531
0.12 -1.02 0.000854327
0.12 -0.96 0.00115078
0.12 -0.9 0.00152881
0.12 -0.84 0.00200308
0.12 -0.78 0.00258841
0.12 -0.72 0.00329883
0.12 -0.66 0.00414645
0.12 -0.6 0.00514017
0.12 -0.54 0.00628445
0.12 -0.48 0.00757791
0.12 -0.42 0.00901195
0.12 -0.36 0.0105701
0.12 -0.3 0.0122273
0.12 -0.24 0.0139498
0.12 -0.18 0.0156961
0.12 -0.12 0.0174183
0.12 -0.06 0.0190638
0.12 9.71445e-15 0.0205779
0.12 0.06 0.0219071
0.12 0.12 0.0230012
0.12 0.18 0.0238186
0.12 0.24 0.0243257
0.12 0.3 0.0245021
0.12 0.36 0.0243405
0.12 0.42 0.0238476
0.12 0.48 0.0230436
0.12 0.54 0.0219606
0.12 0.6 0.0206407
0.12 0.66 0.0191337
0.12 0.72 0.0174929
0.12 0.78 0.0157728
0.12 0.84 0.0140265
0.12 0.9 0.0123021
0.12 0.96 0.0106413
0.12 1.02 0.00907819
0.12 1.08 0.0076382
0.12 1.14 0.00633842
0.12 1.2 0.0051874
0.12 1.26 0.00418711
0.12 1.32 0.00333322
0.12 1.38 0.00261701
0.12 1.44 0.00202645
0.12 1.5 0.00154758
0.12 1.56 0.00116562
0.12 1.62 0.000865869
0.12 1.68 0.000634368
0.12 1.74 0.000458368
0.12 1.8 0.000326645
0.12 1.86 0.000229578
0.12 1.92 0.000159138
0.12 1.98 0.000108793
0.12 2.04 7.33535e-05
0.12 2.1 4.87786e-05
0.12 2.16 3.19907e-05
0.12 2.22 2.06924e-05
0.12 2.28 1.32003e-05
0.12 2.34 8.30524e-06
0.18 -1.56 3.84421e-05
0.18 -1.5 5.86516e-05
0.18 -1.44 8.82547e-05
0.18 -1.38 0.000130973
0.18 -1.32 0.000191697
0.18 -1.26 0.00027672
0.18 -1.2 0.000393964
0.18 -1.14 0.000553163
0.18 -1.08 0.000766035
0.18 -1.02 0.00104622
0.18 -0.96 0.00140927
0.18 -0.9 0.0018722
0.18 -0.84 0.002453
0.18 -0.78 0.00316981
0.18 -0.72 0.00403976
0.18 -0.66 0.00507779
0.18 -0.6 0.00629477
0.18 -0.54 0.00769607
0.18 -0.48 0.00928006
0.18 -0.42 0.0110362
0.18 -0.36 0.0129444
0.18 -0.3 0.0149737
0.18 -0.24 0.017083
0.18 -0.18 0.0192217
0.18 -0.12 0.0213308
0.18 -0.06 0.0233457
0.18 9.71445e-15 0.0252001
0.18 0.06 0.0268276
0.18 0.12 0.0281679
0.18 0.18 0.0291687
0.18 0.24 0.0297896
0.18 0.3 0.0300055
0.18 0.36 0.0298077
0.18 0.42 0.0292041
0.18 0.48 0.0282194
0.18 0.54 0.0268934
0.18 0.6 0.0252768
0.18 0.66 0.0234316
0.18 0.72 0.0214219
0.18 0.78 0.0193156
0.18 0.84 0.017177
0.18 0.9 0.0150653
0.18 0.96 0.0130315
0.18 1.02 0.0111174
0.18 1.08 0.00935389
0.18 1.14 0.00776211
0.18 1.2 0.00635258
0.18 1.26 0.0051276
0.18 1.32 0.00408192
0.18 1.38 0.00320484
0.18 1.44 0.00248162
0.18 1.5 0.0018952
0.18 1.56 0.00142745
0.18 1.62 0.00106036
0.18 1.68 0.000776854
0.18 1.74 0.000561323
0.18 1.8 0.000400014
0.18 1.86 0.000281146
0.18 1.92 0.000194882
0.18 1.98 0.000133229
0.18 2.04 8.98293e-05
0.18 2.1 5.97348e-05
0.18 2.16 3.91765e-05
0.18 2.22 2.53402e-05
0.18 2.28 1.61654e-05
0.18 2.34 1.01707e-05
0.24 -1.62 3.00139e-05
0.24 -1.56 4.64299e-05
0.24 -1.5 7.08386e-05
0.24 -1.44 0.000106593
0.24 -1.38 0.000158187
0.24 -1.32 0.000231529
0.24 -1.26 0.000334217
0.24 -1.2 0.000475823
0.24 -1.14 0.000668104
0.24 -1.08 0.000925202
0.24 -1.02 0.00126361
0.24 -0.96 0.0017021
0.24 -0.9 0.00226121
0.24 -0.84 0.00296271
0.24 -0.78 0.00382847
0.24 -0.72 0.00487918
0.24 -0.66 0.00613284
0.24 -0.6 0.00760272
0.24 -0.54 0.00929518
0.24 -0.48 0.0112083
0.24 -0.42 0.0133294
0.24 -0.36 0.015634
0.24 -0.3 0.0180849
0.24 -0.24 0.0206325
0.24 -0.18 0.0232156
0.24 -0.12 0.0257629
0.24 -0.06 0.0281966
0.24 9.71445e-15 0.0304363
0.24 0.06 0.0324019
0.24 0.12 0.0340209
0.24 0.18 0.0352295
0.24 0.24 0.0359793
0.24 0.3 0.03624
0.24 0.36 0.0360012
0.24 0.42 0.0352722
0.24 0.48 0.0340829
0.24 0.54 0.0324814
0.24 0.6 0.0305291
0.24 0.66 0.0283002
0.24 0.72 0.025873
0.24 0.78 0.0233291
0.24 0.84 0.0207461
0.24 0.9 0.0181955
0.24 0.96 0.0157392
0.24 1.02 0.0134274
0.24 1.08 0.0112975
0.24 1.14 0.00937491
0.24 1.2 0.00767257
0.24 1.26 0.00619302
0.24 1.32 0.00493009
0.24 1.38 0.00387075
0.24 1.44 0.00299726
0.24 1.5 0.00228899
0.24 1.56 0.00172405
0.24 1.62 0.00128069
0.24 1.68 0.00093827
0.24 1.74 0.000677958
0.24 1.8 0.000483133
0.24 1.86 0.000339563
0.24 1.92 0.000235374
0.24 1.98 0.000160911
0.24 2.04 0.000108494
0.24 2.1 7.21464e-05
0.24 2.16 4.73166e-05
0.24 2.22 3.06054e-05
0.24 2.28 1.95243e-05
0.24 2.34 1.22839e-05
0.3 -1.62 3.57521e-05
0.3 -1.56 5.53064e-05
0.3 -1.5 8.43816e-05
0.3 -1.44 0.000126971
0.3 -1.38 0.00018843
0.3 -1.32 0.000275793
0.3 -1.26 0.000398114
0.3 -1.2 0.000566792
0.3 -1.14 0.000795833
0.3 -1.08 0.00110208
0.3 -1.02 0.00150519
0.3 -0.96 0.00202751
0.3 -0.9 0.00269352
0.3 -0.84 0.00352912
0.3 -0.78 0.0045604
0.3 -0.72 0.00581199
0.3 -0.66 0.00730534
0.3 -0.6 0.00905622
0.3 -0.54 0.0110723
0.3 -0.48 0.0133511
0.3 -0.42 0.0158778
0.3 -0.36 0.0186229
0.3 -0.3 0.0215424
0.3 -0.24 0.0245771
0.3 -0.18 0.027654
0.3 -0.12 0.0306884
0.3 -0.06 0.0335873
0.3 9.71445e-15 0.0362552
0.3 0.06 0.0385965
0.3 0.12 0.040525
0.3 0.18 0.0419647
0.3 0.24 0.0428579
0.3 0.3 0.0431685
0.3 0.36 0.042884
0.3 0.42 0.0420156
0.3 0.48 0.040599
0.3 0.54 0.0386913
0.3 0.6 0.0363657
0.3 0.66 0.0337107
0.3 0.72 0.0308194
0.3 0.78 0.0277892
0.3 0.84 0.0247124
0.3 0.9 0.0216742
0.3 0.96 0.0187483
0.3 1.02 0.0159945
0.3 1.08 0.0134574
0.3 1.14 0.0111672
0.3 1.2 0.00913942
0.3 1.26 0.00737702
0.3 1.32 0.00587264
0.3 1.38 0.00461078
0.3 1.44 0.00357029
0.3 1.5 0.0027266
0.3 1.56 0.00205366
0.3 1.62 0.00152553
0.3 1.68 0.00111765
0.3 1.74 0.00080757
0.3 1.8 0.000575499
0.3 1.86 0.000404481
0.3 1.92 0.000280374
0.3 1.98 0.000191675
0.3 2.04 0.000129236
0.3 2.1 8.59396e-05
0.3 2.16 5.63627e-05
0.3 2.22 3.64567e-05
0.3 2.28 2.3257e-05
0.3 2.34 1.46324e-05
0.36 -1.62 4.2002e-05
0.36 -1.56 6.49744e-05
0.36 -1.5 9.91318e-05
0.36 -1.44 0.000149167
0.36 -1.38 0.000221369
0.36 -1.32 0.000324003
0.36 -1.26 0.00046771
0.36 -1.2 0.000665872
0.36 -1.14 0.000934944
0.36 -1.08 0.00129474
0.36 -1.02 0.00176832
0.36 -0.96 0.00238193
0.36 -0.9 0.00316437
0.36 -0.84 0.00414603
0.36 -0.78 0.00535756
0.36 -0.72 0.00682796
0.36 -0.66 0.00858242
0.36 -0.6 0.0106393
0.36 -0.54 0.0130078
0.36 -0.48 0.015685
0.36 -0.42 0.0186533
0.36 -0.36 0.0218784
0.36 -0.3 0.0253083
0.36 -0.24 0.0288735
0.36 -0.18 0.0324882
0.36 -0.12 0.0360529
0.36 -0.06 0.0394588
0.36 9.71445e-15 0.0425928
0.36 0.06 0.0453438
0.36 0.12 0.0476089
0.36 0.18 0.0493005
0.36 0.24 0.05035
0.36 0.3 0.050715
0.36 0.36 0.0503805
0.36 0.42 0.0493604
0.36 0.48 0.0476961
0.36 0.54 0.0454549
0.36 0.6 0.0427224
0.36 0.66 0.0396037
0.36 0.72 0.0362071
0.36 0.78 0.032647
0.36 0.84 0.0290324
0.36 0.9 0.0254631
0.36 0.96 0.0220257
0.36 1.02 0.0187904
0.36 1.08 0.0158097
0.36 1.14 0.0131194
0.36 1.2 0.010737
0.36 1.26 0.0086666
0.36 1.32 0.00689921
0.36 1.38 0.00541678
0.36 1.44 0.00419441
0.36 1.5 0.00320324
0.36 1.56 0.00241265
0.36 1.62 0.00179221
0.36 1.68 0.00131303
0.36 1.74 0.000948742
0.36 1.8 0.000676097
0.36 1.86 0.000475189
0.36 1.92 0.000329387
0.36 1.98 0.000225182
0.36 2.04 0.000151828
0.36 2.1 0.000100963
0.36 2.16 6.62154e-05
0.36 2.22 4.28298e-05
0.36 2.28 2.73224e-05
0.36 2.34 1.71904e-05
0.36 2.4 1.06668e-05
0.42 -1.68 3.10264e-05
0.42 -1.62 4.86659e-05
0.42 -1.56 7.52841e-05
0.42 -1.5 0.00011486
0.42 -1.44 0.000172833
0.42 -1.38 0.000256491
0.42 -1.32 0.000375413
0.42 -1.26 0.000541918
0.42 -1.2 0.000771514
0.42 -1.14 0.00108329
0.42 -1.08 0.00150016
0.42 -1.02 0.00204888
0.42 -0.96 0.00275986
0.42 -0.9 0.00366643
0.42 -0.84 0.00480384
0.42 -0.78 0.00620762
0.42 -0.72 0.00791138
0.42 -0.66 0.00994415
0.42 -0.6 0.0123273
0.42 -0.54 0.0150716
0.42 -0.48 0.0181736
0.42 -0.42 0.0216127
0.42 -0.36 0.0253496
0.42 -0.3 0.0293238
0.42 -0.24 0.0334547
0.42 -0.18 0.0376428
0.42 -0.12 0.0417728
0.42 -0.06 0.0457194
0.42 9.71445e-15 0.0493505
0.42 0.06 0.0525384
0.42 0.12 0.0551622
0.42 0.18 0.0571222
0.42 0.24 0.0583386
0.42 0.3 0.0587616
0.42 0.36 0.058374
0.42 0.42 0.0571918
0.42 0.48 0.055264
0.42 0.54 0.0526665
0.42 0.6 0.0495014
0.42 0.66 0.0458869
0.42 0.72 0.0419519
0.42 0.78 0.0378267
0.42 0.84 0.0336388
0.42 0.9 0.0295032
0.42 0.96 0.0255203
0.42 1.02 0.0217715
0.42 1.08 0.0183183
0.42 1.14 0.015201
0.42 1.2 0.0124406
0.42 1.26 0.0100416
0.42 1.32 0.00799382
0.42 1.38 0.00627617
0.42 1.44 0.00485988
0.42 1.5 0.00371144
0.42 1.56 0.00279542
0.42 1.62 0.00207656
0.42 1.68 0.00152136
0.42 1.74 0.00109927
0.42 1.8 0.000783367
0.42 1.86 0.000550579
0.42 1.92 0.000381648
0.42 1.98 0.000260911
0.42 2.04 0.000175919
0.42 2.1 0.000116982
0.42 2.16 7.6721e-05
0.42 2.22 4.96252e-05
0.42 2.28 3.16572e-05
0.42 2.34 1.99179e-05
0.42 2.4 1.23593e-05
0.48 -1.68 3.54553e-05
0.48 -1.62 5.56113e-05
0.48 -1.56 8.60299e-05
0.48 -1.5 0.000131255
0.48 -1.44 0.000197502
0.48 -1.38 0.000293102
0.48 -1.32 0.000428996
0.48 -1.26 0.000619262
0.48 -1.2 0.000881633
0.48 -1.14 0.00123792
0.48 -1.08 0.00171427
0.48 -1.02 0.00234133
0.48 -0.96 0.00315377
0.48 -0.9 0.00418977
0.48 -0.84 0.00548957
0.48 -0.78 0.00709372
0.48 -0.72 0.00904063
0.48 -0.66 0.0113634
0.48 -0.6 0.0140868
0.48 -0.54 0.0172229
0.48 -0.48 0.0207676
0.48 -0.42 0.0246977
0.48 -0.36 0.0289675
0.48 -0.3 0.0335089
0.48 -0.24 0.0382294
0.48 -0.18 0.0430154
0.48 -0.12 0.0477353
0.48 -0.06 0.052245
0.48 9.71445e-15 0.0563947
0.48 0.06 0.060037
0.48 0.12 0.0630366
0.48 0.18 0.0652752
0.48 0.24 0.0666649
0.48 0.3 0.0671485
0.48 0.36 0.066706
0.48 0.42 0.0653555
0.48 0.48 0.0631517
0.48 0.54 0.0601834
0.48 0.6 0.0565672
0.48 0.66 0.0524363
0.48 0.72 0.0479396
0.48 0.78 0.0432261
0.48 0.84 0.03844
0.48 0.9 0.033714
0.48 0.96 0.0291626
0.48 1.02 0.0248791
0.48 1.08 0.0209331
0.48 1.14 0.0173705
0.48 1.2 0.0142164
0.48 1.26 0.0114749
0.48 1.32 0.00913483
0.48 1.38 0.00717196
0.48 1.44 0.00555348
0.48 1.5 0.00424116
0.48 1.56 0.00319444
0.48 1.62 0.00237297
0.48 1.68 0.0017385
0.48 1.74 0.00125617
0.48 1.8 0.000895189
0.48 1.86 0.000629161
0.48 1.92 0.000436117
0.48 1.98 0.000298151
0.48 2.04 0.000201027
0.48 2.1 0.000133679
0.48 2.16 8.7672e-05
0.48 2.22 5.6708e-05
0.48 2.28 3.61762e-05
0.48 2.34 2.27606e-05
0.48 2.4 1.41235e-05
0.54 -1.68 3.99585e-05
0.54 -1.62 6.26765e-05
0.54 -1.56 9.69568e-05
0.54 -1.5 0.000147927
0.54 -1.44 0.00022259
0.54 -1.38 0.000330332
0.54 -1.32 0.000483487
0.54 -1.26 0.00069793
0.54 -1.2 0.000993633
0.54 -1.14 0.00139515
0.54 -1.08 0.00193205
0.54 -1.02 0.00263874
0.54 -0.96 0.00355438
0.54 -0.9 0.00472195
0.54 -0.84 0.00618681
0.54 -0.78 0.0079947
0.54 -0.72 0.0101889
0.54 -0.66 0.0128069
0.54 -0.6 0.0158763
0.54 -0.54 0.0194106
0.54 -0.48 0.0234056
0.54 -0.42 0.027835
0.54 -0.36 0.0326476
0.54 -0.3 0.0377658
0.54 -0.24 0.0430859
0.54 -0.18 0.0484799
0.54 -0.12 0.0537992
0.54 -0.06 0.0588816
0.54 9.71445e-15 0.0635582
0.54 0.06 0.0676634
0.54 0.12 0.0710433
0.54 0.18 0.0735677
0.54 0.24 0.0751338
0.54 0.3 0.0756783
0.54 0.36 0.0751792
0.54 0.42 0.0736569
0.54 0.48 0.0711736
0.54 0.54 0.0678291
0.54 0.6 0.0637517
0.54 0.66 0.0590977
0.54 0.72 0.0540292
0.54 0.78 0.0487169
0.54 0.84 0.0433231
0.54 0.9 0.0379969
0.54 0.96 0.0328674
0.54 1.02 0.0280396
0.54 1.08 0.0235918
0.54 1.14 0.0195772
0.54 1.2 0.0160222
0.54 1.26 0.0129325
0.54 1.32 0.0102952
0.54 1.38 0.00808308
0.54 1.44 0.00625902
0.54 1.5 0.00477996
0.54 1.56 0.00360022
0.54 1.62 0.00267439
0.54 1.68 0.00195934
0.54 1.74 0.00141574
0.54 1.8 0.00100889
0.54 1.86 0.00070909
0.54 1.92 0.000491521
0.54 1.98 0.000336024
0.54 2.04 0.000226563
0.54 2.1 0.00015066
0.54 2.16 9.88084e-05
0.54 2.22 6.39119e-05
0.54 2.28 4.07713e-05
0.54 2.34 2.5652e-05
0.54 2.4 1.59173e-05
0.6 -1.74 2.79275e-05
0.6 -1.68 4.44159e-05
0.6 -1.62 6.9666e-05
0.6 -1.56 0.000107772
0.6 -1.5 0.000164427
0.6 -1.44 0.000247416
0.6 -1.38 0.000367177
0.6 -1.32 0.000537416
0.6 -1.26 0.000775768
0.6 -1.2 0.00110445
0.6 -1.14 0.00155078
0.6 -1.08 0.00214752
0.6 -1.02 0.00293306
0.6 -0.96 0.00395082
0.6 -0.9 0.00524865
0.6 -0.84 0.00687694
0.6 -0.78 0.00888652
0.6 -0.72 0.0113255
0.6 -0.66 0.0142353
0.6 -0.6 0.0176469
0.6 -0.54 0.0215756
0.6 -0.48 0.0260162
0.6 -0.42 0.0309396
0.6 -0.36 0.0362884
0.6 -0.3 0.0419776
0.6 -0.24 0.0478911
0.6 -0.18 0.0538867
0.6 -0.12 0.0597995
0.6 -0.06 0.0654488
0.6 9.71445e-15 0.0706473
0.6 0.06 0.0752102
0.6 0.12 0.0789678
0.6 0.18 0.0817721
0.6 0.24 0.0835131
0.6 0.3 0.0841189
0.6 0.36 0.0835646
0.6 0.42 0.0818728
0.6 0.48 0.0791121
0.6 0.54 0.0753935
0.6 0.6 0.0708634
0.6 0.66 0.0656884
0.6 0.72 0.0600553
0.6 0.78 0.0541506
0.6 0.84 0.0481549
0.6 0.9 0.0422345
0.6 0.96 0.0365327
0.6 1.02 0.0311668
0.6 1.08 0.0262235
0.6 1.14 0.0217606
0.6 1.2 0.0178092
0.6 1.26 0.014375
0.6 1.32 0.0114435
0.6 1.38 0.00898452
0.6 1.44 0.00695701
0.6 1.5 0.00531302
0.6 1.56 0.00400177
0.6 1.62 0.00297269
0.6 1.68 0.00217788
0.6 1.74 0.00157364
0.6 1.8 0.00112143
0.6 1.86 0.000788169
0.6 1.92 0.000546337
0.6 1.98 0.000373502
0.6 2.04 0.000251832
0.6 2.1 0.000167464
0.6 2.16 0.000109829
0.6 2.22 7.10397e-05
0.6 2.28 4.5319e-05
0.6 2.34 2.85128e-05
0.6 2.4 1.76929e-05
0.66 -1.74 3.0616e-05
0.66 -1.68 4.86907e-05
0.66 -1.62 7.6373e-05
0.66 -1.56 0.000118145
0.66 -1.5 0.000180254
0.66 -1.44 0.000271232
0.66 -1.38 0.00040252
0.66 -1.32 0.000589147
0.66 -1.26 0.00085045
0.66 -1.2 0.00121076
0.66 -1.14 0.00170004
0.66 -1.08 0.00235425
0.66 -1.02 0.00321536
0.66 -0.96 0.00433113
0.66 -0.9 0.00575384
0.66 -0.84 0.00753881
0.66 -0.78 0.00974181
0.66 -0.72 0.0124156
0.66 -0.66 0.0156057
0.66 -0.6 0.0193456
0.66 -0.54 0.0236523
0.66 -0.48 0.0285204
0.66 -0.42 0.0339174
0.66 -0.36 0.0397819
0.66 -0.3 0.0460188
0.66 -0.24 0.0525015
0.66 -0.18 0.059074
0.66 -0.12 0.0655555
0.66 -0.06 0.0717489
0.66 9.71445e-15 0.0774471
0.66 0.06 0.0824502
0.66 0.12 0.0865677
0.66 0.18 0.0896438
0.66 0.24 0.0915526
0.66 0.3 0.0922164
0.66 0.36 0.0916081
0.66 0.42 0.0897528
0.66 0.48 0.0867275
0.66 0.54 0.0826512
0.66 0.6 0.077684
0.66 0.66 0.0720118
0.66 0.72 0.0658364
0.66 0.78 0.0593627
0.66 0.84 0.0527904
0.66 0.9 0.0463003
0.66 0.96 0.0400498
0.66 1.02 0.0341667
0.66 1.08 0.0287474
0.66 1.14 0.0238553
0.66 1.2 0.0195235
0.66 1.26 0.0157586
0.66 1.32 0.0125449
0.66 1.38 0.00984941
0.66 1.44 0.00762676
0.66 1.5 0.00582448
0.66 1.56 0.00438694
0.66 1.62 0.00325881
0.66 1.68 0.00238751
0.66 1.74 0.00172513
0.66 1.8 0.00122936
0.66 1.86 0.000864042
0.66 1.92 0.000598933
0.66 1.98 0.000409456
0.66 2.04 0.000276074
0.66 2.1 0.000183583
0.66 2.16 0.000120401
0.66 2.22 7.78785e-05
0.66 2.28 4.96806e-05
0.66 2.34 3.12577e-05
0.66 2.4 1.93958e-05
0.72 -1.74 3.31017e-05
0.72 -1.68 5.26438e-05
0.72 -1.62 8.25736e-05
0.72 -1.56 0.000127737
0.72 -1.5 0.000194888
0.72 -1.44 0.000293253
0.72 -1.38 0.000435199
0.72 -1.32 0.000636973
0.72 -1.26 0.000919493
0.72 -1.2 0.00130907
0.72 -1.14 0.00183806
0.72 -1.08 0.00254539
0.72 -1.02 0.00347643
0.72 -0.96 0.00468274
0.72 -0.9 0.00622096
0.72 -0.84 0.00815087
0.72 -0.78 0.0105327
0.72 -0.72 0.0134234
0.72 -0.66 0.0168726
0.72 -0.6 0.0209163
0.72 -0.54 0.0255727
0.72 -0.48 0.0308358
0.72 -0.42 0.0366714
0.72 -0.36 0.0430119
0.72 -0.3 0.0497548
0.72 -0.24 0.0567638
0.72 -0.18 0.0638701
0.72 -0.12 0.0708781
0.72 -0.06 0.0775739
0.72 9.71445e-15 0.0837354
0.72 0.06 0.0891436
0.72 0.12 0.0935967
0.72 0.18 0.0969223
0.72 0.24 0.0989854
0.72 0.3 0.0997028
0.72 0.36 0.0990452
0.72 0.42 0.0970396
0.72 0.48 0.093768
0.72 0.54 0.089362
0.72 0.6 0.0839903
0.72 0.66 0.0778587
0.72 0.72 0.071181
0.72 0.78 0.0641825
0.72 0.84 0.0570763
0.72 0.9 0.0500592
0.72 0.96 0.0433014
0.72 1.02 0.036941
0.72 1.08 0.0310812
0.72 1.14 0.025792
0.72 1.2 0.0211085
0.72 1.26 0.017038
0.72 1.32 0.0135635
0.72 1.38 0.0106491
0.72 1.44 0.00824599
0.72 1.5 0.00629739
0.72 1.56 0.00474314
0.72 1.62 0.00352339
0.72 1.68 0.00258134
0.72 1.74 0.00186518
0.72 1.8 0.00132917
0.72 1.86 0.000934196
0.72 1.92 0.000647557
0.72 1.98 0.000442696
0.72 2.04 0.000298486
0.72 2.1 0.000198487
0.72 2.16 0.000130176
0.72 2.22 8.42012e-05
0.72 2.28 5.37146e-05
0.72 2.34 3.37954e-05
0.72 2.4 2.09704e-05
0.78 -1.74 3.52972e-05
0.78 -1.68 5.61358e-05
0.78 -1.62 8.80501e-05
0.78 -1.56 0.000136209
0.78 -1.5 0.000207815
0.78 -1.44 0.000312704
0.78 -1.38 0.000464063
0.78 -1.32 0.00067922
0.78 -1.26 0.000980474
0.78 -1.2 0.00139589
0.78 -1.14 0.00195998
0.78 -1.08 0.00271421
0.78 -1.02 0.003707
0.78 -0.96 0.00499334
0.78 -0.9 0.00663357
0.78 -0.84 0.00869154
0.78 -0.78 0.0112314
0.78 -0.72 0.0143138
0.78 -0.66 0.0179916
0.78 -0.6 0.0223036
0.78 -0.54 0.0272688
0.78 -0.48 0.032881
0.78 -0.42 0.0391038
0.78 -0.36 0.0458646
0.78 -0.3 0.0530546
0.78 -0.24 0.0605283
0.78 -0.18 0.068106
0.78 -0.12 0.0755791
0.78 -0.06 0.0827188
0.78 9.71445e-15 0.0892895
0.78 0.06 0.0950555
0.78 0.12 0.0998051
0.78 0.18 0.103351
0.78 0.24 0.10555
0.78 0.3 0.106316
0.78 0.36 0.105615
0.78 0.42 0.103476
0.78 0.48 0.0999867
0.78 0.54 0.0952889
0.78 0.6 0.0895616
0.78 0.66 0.0830227
0.78 0.72 0.0759025
0.78 0.78 0.0684394
0.78 0.84 0.0608617
0.78 0.9 0.0533792
0.78 0.96 0.0461733
0.78 1.02 0.0393912
0.78 1.08 0.0331429
0.78 1.14 0.0275026
0.78 1.2 0.0225085
0.78 1.26 0.0181681
0.78 1.32 0.0144632
0.78 1.38 0.0113554
0.78 1.44 0.0087929
0.78 1.5 0.00671507
0.78 1.56 0.00505775
0.78 1.62 0.00375708
0.78 1.68 0.00275256
0.78 1.74 0.00198888
0.78 1.8 0.00141734
0.78 1.86 0.000996157
0.78 1.92 0.000690503
0.78 1.98 0.000472057
0.78 2.04 0.000318284
0.78 2.1 0.000211653
0.78 2.16 0.00013881
0.78 2.22 8.97856e-05
0.78 2.28 5.72775e-05
0.78 2.34 3.60367e-05
0.78 2.4 2.23614e-05
0.84 -1.8 2.30199e-05
0.84 -1.74 3.71209e-05
0.84 -1.68 5.90364e-05
0.84 -1.62 9.25995e-05
0.84 -1.56 0.000143247
0.84 -1.5 0.000218553
0.84 -1.44 0.000328861
0.84 -1.38 0.000488041
0.84 -1.32 0.000714315
0.84 -1.26 0.00103113
0.84 -1.2 0.00146802
0.84 -1.14 0.00206125
0.84 -1.08 0.00285444
0.84 -1.02 0.00389854
0.84 -0.96 0.00525134
0.84 -0.9 0.00697634
0.84 -0.84 0.00914064
0.84 -0.78 0.0118117
0.84 -0.72 0.0150534
0.84 -0.66 0.0189212
0.84 -0.6 0.023456
0.84 -0.54 0.0286778
0.84 -0.48 0.0345799
0.84 -0.42 0.0411243
0.84 -0.36 0.0482343
0.84 -0.3 0.0557958
0.84 -0.24 0.0636557
0.84 -0.18 0.0716249
0.84 -0.12 0.0794841
0.84 -0.06 0.0869927
0.84 9.71445e-15 0.0939031
0.84 0.06 0.0999667
0.84 0.12 0.104962
0.84 0.18 0.108691
0.84 0.24 0.111004
0.84 0.3 0.111809
0.84 0.36 0.111072
0.84 0.42 0.108823
0.84 0.48 0.105153
0.84 0.54 0.100212
0.84 0.6 0.0941893
0.84 0.66 0.0873123
0.84 0.72 0.0798243
0.84 0.78 0.0719756
0.84 0.84 0.0640063
0.84 0.9 0.0561372
0.84 0.96 0.048559
0.84 1.02 0.0414265
0.84 1.08 0.0348554
0.84 1.14 0.0289236
0.84 1.2 0.0236715
0.84 1.26 0.0191068
0.84 1.32 0.0152105
0.84 1.38 0.0119421
0.84 1.44 0.00924721
0.84 1.5 0.00706202
0.84 1.56 0.00531908
0.84 1.62 0.0039512
0.84 1.68 0.00289479
0.84 1.74 0.00209164
0.84 1.8 0.00149058
0.84 1.86 0.00104763
0.84 1.92 0.00072618
0.84 1.98 0.000496449
0.84 2.04 0.00033473
0.84 2.1 0.000222589
0.84 2.16 0.000145982
0.84 2.22 9.44246e-05
0.84 2.28 6.0237e-05
0.84 2.34 3.78986e-05
0.84 2.4 2.35168e-05
0.9 -1.8 2.38766e-05
0.9 -1.74 3.85024e-05
0.9 -1.68 6.12331e-05
0.9 -1.62 9.60457e-05
0.9 -1.56 0.000148578
0.9 -1.5 0.000226685
0.9 -1.44 0.000341099
0.9 -1.38 0.000506203
0.9 -1.32 0.000740896
0.9 -1.26 0.00106951
0.9 -1.2 0.00152265
0.9 -1.14 0.00213795
0.9 -1.08 0.00296068
0.9 -1.02 0.00404362
0.9 -0.96 0.00544675
0.9 -0.9 0.00723593
0.9 -0.84 0.00948076
0.9 -0.78 0.0122512
0.9 -0.72 0.0156136
0.9 -0.66 0.0196253
0.9 -0.6 0.0243289
0.9 -0.54 0.0297451
0.9 -0.48 0.0358668
0.9 -0.42 0.0426546
0.9 -0.36 0.0500294
0.9 -0.3 0.0578724
0.9 -0.24 0.0660248
0.9 -0.18 0.0742905
0.9 -0.12 0.0824421
0.9 -0.06 0.0902303
0.9 9.71445e-15 0.0973975
0.9 0.06 0.103687
0.9 0.12 0.108868
0.9 0.18 0.112736
0.9 0.24 0.115135
0.9 0.3 0.11597
0.9 0.36 0.115205
0.9 0.42 0.112872
0.9 0.48 0.109066
0.9 0.54 0.103942
0.9 0.6 0.097694
0.9 0.66 0.0905616
0.9 0.72 0.0827948
0.9 0.78 0.0746542
0.9 0.84 0.0663885
0.9 0.9 0.0582265
0.9 0.96 0.0503662
0.9 1.02 0.0429681
0.9 1.08 0.0361524
0.9 1.14 0.03
0.9 1.2 0.0245524
0.9 1.26 0.0198178
0.9 1.32 0.0157765
0.9 1.38 0.0123866
0.9 1.44 0.00959135
0.9 1.5 0.00732483
0.9 1.56 0.00551701
0.9 1.62 0.00409825
0.9 1.68 0.00300251
0.9 1.74 0.00216948
0.9 1.8 0.00154604
0.9 1.86 0.00108661
0.9 1.92 0.000753206
0.9 1.98 0.000514923
0.9 2.04 0.000347186
0.9 2.1 0.000230872
0.9 2.16 0.000151414
0.9 2.22 9.79388e-05
0.9 2.28 6.24786e-05
0.9 2.34 3.93091e-05
0.9 2.4 2.43918e-05
0.96 -1.8 2.44248e-05
0.96 -1.74 3.93863e-05
0.96 -1.68 6.26382e-05
0.96 -1.62 9.82508e-05
0.96 -1.56 0.000151989
0.96 -1.5 0.000231889
0.96 -1.44 0.000348928
0.96 -1.38 0.000517823
0.96 -1.32 0.000757911
0.96 -1.26 0.00109407
0.96 -1.2 0.0015576
0.96 -1.14 0.00218703
0.96 -1.08 0.00302865
0.96 -1.02 0.00413645
0.96 -0.96 0.00557182
0.96 -0.9 0.00740203
0.96 -0.84 0.00969831
0.96 -0.78 0.0125324
0.96 -0.72 0.015972
0.96 -0.66 0.020076
0.96 -0.6 0.0248873
0.96 -0.54 0.0304279
0.96 -0.48 0.0366902
0.96 -0.42 0.0436336
0.96 -0.36 0.051178
0.96 -0.3 0.0592012
0.96 -0.24 0.0675409
0.96 -0.18 0.0759963
0.96 -0.12 0.0843345
0.96 -0.06 0.0923022
0.96 9.71445e-15 0.0996327
0.96 0.06 0.106069
0.96 0.12 0.111366
0.96 0.18 0.115323
0.96 0.24 0.117779
0.96 0.3 0.118632
0.96 0.36 0.11785
0.96 0.42 0.115463
0.96 0.48 0.111571
0.96 0.54 0.106328
0.96 0.6 0.0999366
0.96 0.66 0.0926405
0.96 0.72 0.0846955
0.96 0.78 0.0763681
0.96 0.84 0.0679128
0.96 0.9 0.0595635
0.96 0.96 0.0515225
0.96 1.02 0.0439543
0.96 1.08 0.0369823
0.96 1.14 0.0306889
0.96 1.2 0.0251162
0.96 1.26 0.0202728
0.96 1.32 0.0161386
0.96 1.38 0.0126709
0.96 1.44 0.00981154
0.96 1.5 0.00749298
0.96 1.56 0.00564364
0.96 1.62 0.00419234
0.96 1.68 0.00307142
0.96 1.74 0.0022193
0.96 1.8 0.00158152
0.96 1.86 0.00111156
0.96 1.92 0.000770501
0.96 1.98 0.000526747
0.96 2.04 0.000355157
0.96 2.1 0.000236172
0.96 2.16 0.00015489
0.96 2.22 0.000100188
0.96 2.28 6.39123e-05
0.96 2.34 4.02118e-05
0.96 2.4 2.49518e-05
1.02 -1.8 2.46422e-05
1.02 -1.74 3.97363e-05
1.02 -1.68 6.31962e-05
1.02 -1.62 9.91241e-05
1.02 -1.56 0.000153342
1.02 -1.5 0.000233952
1.02 -1.44 0.000352034
1.02 -1.38 0.000522434
1.02 -1.32 0.000764657
1.02 -1.26 0.0011038
1.02 -1.2 0.00157144
1.02 -1.14 0.0022065
1.02 -1.08 0.00305557
1.02 -1.02 0.00417324
1.02 -0.96 0.0056214
1.02 -0.9 0.00746797
1.02 -0.84 0.00978472
1.02 -0.78 0.012644
1.02 -0.72 0.0161143
1.02 -0.66 0.0202546
1.02 -0.6 0.0251088
1.02 -0.54 0.0306984
1.02 -0.48 0.0370169
1.02 -0.42 0.0440215
1.02 -0.36 0.0516327
1.02 -0.3 0.0597276
1.02 -0.24 0.0681416
1.02 -0.18 0.0766719
1.02 -0.12 0.0850851
1.02 -0.06 0.0931229
1.02 9.71445e-15 0.100519
1.02 0.06 0.107012
1.02 0.12 0.112357
1.02 0.18 0.116348
1.02 0.24 0.118826
1.02 0.3 0.119687
1.02 0.36 0.118898
1.02 0.42 0.116491
1.02 0.48 0.112564
1.02 0.54 0.107272
1.02 0.6 0.100827
1.02 0.66 0.0934641
1.02 0.72 0.085449
1.02 0.78 0.077047
1.02 0.84 0.0685166
1.02 0.9 0.0600931
1.02 0.96 0.0519805
1.02 1.02 0.0443449
1.02 1.08 0.0373115
1.02 1.14 0.0309617
1.02 1.2 0.0253395
1.02 1.26 0.0204532
1.02 1.32 0.016282
1.02 1.38 0.0127835
1.02 1.44 0.00989872
1.02 1.5 0.00755956
1.02 1.56 0.00569384
1.02 1.62 0.00422962
1.02 1.68 0.00309874
1.02 1.74 0.00223904
1.02 1.8 0.0015956
1.02 1.86 0.00112143
1.02 1.92 0.000777353
1.02 1.98 0.000531433
1.02 2.04 0.000358317
1.02 2.1 0.000238272
1.02 2.16 0.000156269
1.02 2.22 0.000101078
1.02 2.28 6.4481e-05
1.02 2.34 4.05694e-05
1.02 2.4 2.51739e-05
1.08 -1.8 2.45194e-05
1.08 -1.74 3.95389e-05
1.08 -1.68 6.28821e-05
1.08 -1.62 9.86312e-05
1.08 -1.56 0.000152578
1.08 -1.5 0.000232789
1.08 -1.44 0.000350282
1.08 -1.38 0.000519831
1.08 -1.32 0.000760845
1.08 -1.26 0.0010983
1.08 -1.2 0.00156364
1.08 -1.14 0.00219552
1.08 -1.08 0.00304038
1.08 -1.02 0.00415249
1.08 -0.96 0.0055934
1.08 -0.9 0.0074308
1.08 -0.84 0.00973608
1.08 -0.78 0.0125811
1.08 -0.72 0.016034
1.08 -0.66 0.0201538
1.08 -0.6 0.0249839
1.08 -0.54 0.0305459
1.08 -0.48 0.0368325
1.08 -0.42 0.0438032
1.08 -0.36 0.0513762
1.08 -0.3 0.0594302
1.08 -0.24 0.0678025
1.08 -0.18 0.0762908
1.08 -0.12 0.0846615
1.08 -0.06 0.0926593
1.08 9.71445e-15 0.10002
1.08 0.06 0.106478
1.08 0.12 0.111799
1.08 0.18 0.115771
1.08 0.24 0.118235
1.08 0.3 0.119093
1.08 0.36 0.118308
1.08 0.42 0.115912
1.08 0.48 0.112002
1.08 0.54 0.10674
1.08 0.6 0.100325
1.08 0.66 0.0929997
1.08 0.72 0.0850242
1.08 0.78 0.0766641
1.08 0.84 0.0681756
1.08 0.9 0.0597939
1.08 0.96 0.0517221
1.08 1.02 0.0441249
1.08 1.08 0.0371259
1.08 1.14 0.0308078
1.08 1.2 0.0252135
1.08 1.26 0.0203515
1.08 1.32 0.0162013
1.08 1.38 0.0127201
1.08 1.44 0.00984956
1.08 1.5 0.00752203
1.08 1.56 0.00566556
1.08 1.62 0.00420858
1.08 1.68 0.00308336
1.08 1.74 0.00222789
1.08 1.8 0.00158768
1.08 1.86 0.00111587
1.08 1.92 0.000773481
1.08 1.98 0.000528788
1.08 2.04 0.000356535
1.08 2.1 0.000237089
1.08 2.16 0.000155491
1.08 2.22 0.000100575
1.08 2.28 6.41609e-05
1.08 2.34 4.03672e-05
1.08 2.4 2.50487e-05
1.14 -1.8 2.40624e-05
1.14 -1.74 3.88016e-05
1.14 -1.68 6.1709e-05
1.14 -1.62 9.67922e-05
1.14 -1.56 0.000149733
1.14 -1.5 0.000228448
1.14 -1.44 0.000343751
1.14 -1.38 0.000510141
1.14 -1.32 0.000746666
1.14 -1.26 0.00107783
1.14 -1.2 0.00153447
1.14 -1.14 0.00215457
1.14 -1.08 0.00298368
1.14 -1.02 0.00407504
1.14 -0.96 0.00548914
1.14 -0.9 0.00729224
1.14 -0.84 0.00955446
1.14 -0.78 0.0123465
1.14 -0.72 0.0157351
1.14 -0.66 0.019778
1.14 -0.6 0.024518
1.14 -0.54 0.0299761
1.14 -0.48 0.0361459
1.14 -0.42 0.0429855
1.14 -0.36 0.0504181
1.14 -0.3 0.0583224
1.14 -0.24 0.0665384
1.14 -0.18 0.074868
1.14 -0.12 0.083083
1.14 -0.06 0.0909321
1.14 9.71445e-15 0.0981532
1.14 0.06 0.104494
1.14 0.12 0.109713
1.14 0.18 0.113611
1.14 0.24 0.11603
1.14 0.3 0.116871
1.14 0.36 0.1161
1.14 0.42 0.11375
1.14 0.48 0.109916
1.14 0.54 0.104749
1.14 0.6 0.0984541
1.14 0.66 0.0912649
1.14 0.72 0.0834385
1.14 0.78 0.0752342
1.14 0.84 0.0669047
1.14 0.9 0.0586794
1.14 0.96 0.0507576
1.14 1.02 0.0433015
1.14 1.08 0.0364335
1.14 1.14 0.0302333
1.14 1.2 0.0247434
1.14 1.26 0.019972
1.14 1.32 0.0158989
1.14 1.38 0.0124828
1.14 1.44 0.00966586
1.14 1.5 0.00738171
1.14 1.56 0.00555988
1.14 1.62 0.0041301
1.14 1.68 0.00302583
1.14 1.74 0.00218637
1.14 1.8 0.00155805
1.14 1.86 0.00109505
1.14 1.92 0.000759064
1.14 1.98 0.00051893
1.14 2.04 0.000349886
1.14 2.1 0.000232666
1.14 2.16 0.000152592
1.14 2.22 9.87005e-05
1.14 2.28 6.29635e-05
1.14 2.34 3.96149e-05
1.14 2.4 2.45815e-05
1.2 -1.8 2.32888e-05
1.2 -1.74 3.75547e-05
1.2 -1.68 5.97259e-05
1.2 -1.62 9.36814e-05
1.2 -1.56 0.000144921
1.2 -1.5 0.000221105
1.2 -1.44 0.000332702
1.2 -1.38 0.000493741
1.2 -1.32 0.000722657
1.2 -1.26 0.00104318
1.2 -1.2 0.00148517
1.2 -1.14 0.00208532
1.2 -1.08 0.00288779
1.2 -1.02 0.0039441
1.2 -0.96 0.00531267
1.2 -0.9 0.00705781
1.2 -0.84 0.0092474
1.2 -0.78 0.0119496
1.2 -0.72 0.0152293
1.2 -0.66 0.0191423
1.2 -0.6 0.02373
1.2 -0.54 0.0290129
1.2 -0.48 0.0349838
1.2 -0.42 0.0416047
1.2 -0.36 0.0487979
1.2 -0.3 0.0564478
1.2 -0.24 0.0643995
1.2 -0.18 0.0724617
1.2 -0.12 0.0804126
1.2 -0.06 0.0880094
1.2 9.71445e-15 0.0950001
1.2 0.06 0.101135
1.2 0.12 0.106188
1.2 0.18 0.10996
1.2 0.24 0.112301
1.2 0.3 0.113115
1.2 0.36 0.11237
1.2 0.42 0.110094
1.2 0.48 0.106382
1.2 0.54 0.101383
1.2 0.6 0.0952893
1.2 0.66 0.0883323
1.2 0.72 0.080757
1.2 0.78 0.0728167
1.2 0.84 0.0647543
1.2 0.9 0.0567933
1.2 0.96 0.0491264
1.2 1.02 0.0419104
1.2 1.08 0.0352625
1.2 1.14 0.0292615
1.2 1.2 0.0239481
1.2 1.26 0.01933
1.2 1.32 0.0153882
1.2 1.38 0.0120817
1.2 1.44 0.00935525
1.2 1.5 0.00714452
1.2 1.56 0.0053812
1.2 1.62 0.00399738
1.2 1.68 0.0029286
1.2 1.74 0.00211608
1.2 1.8 0.00150799
1.2 1.86 0.00105987
1.2 1.92 0.000734665
1.2 1.98 0.000502249
1.2 2.04 0.000338641
1.2 2.1 0.000225189
1.2 2.16 0.000147687
1.2 2.22 9.55281e-05
1.2 2.28 6.09407e-05
1.2 2.34 3.83415e-05
1.2 2.4 2.37915e-05
1.26 -1.8 2.22307e-05
1.26 -1.74 3.58477e-05
1.26 -1.68 5.70122e-05
1.26 -1.62 8.94238e-05
1.26 -1.56 0.000138336
1.26 -1.5 0.000211058
1.26 -1.44 0.000317584
1.26 -1.38 0.000471309
1.26 -1.32 0.000689826
1.26 -1.26 0.000995772
1.26 -1.2 0.00141767
1.26 -1.14 0.00199058
1.26 -1.08 0.00275657
1.26 -1.02 0.00376485
1.26 -0.96 0.00507126
1.26 -0.9 0.00673717
1.26 -0.84 0.00882724
1.26 -0.78 0.0114067
1.26 -0.72 0.0145373
1.26 -0.66 0.0182724
1.26 -0.6 0.0226516
1.26 -0.54 0.0276942
1.26 -0.48 0.0333944
1.26 -0.42 0.0397141
1.26 -0.36 0.0465799
1.26 -0.3 0.0538825
1.26 -0.24 0.0614732
1.26 -0.18 0.0691692
1.26 -0.12 0.0767588
1.26 -0.06 0.0840095
1.26 9.71445e-15 0.090683
1.26 0.06 0.0965394
1.26 0.12 0.101363
1.26 0.18 0.104963
1.26 0.24 0.107198
1.26 0.3 0.107975
1.26 0.36 0.107264
1.26 0.42 0.105092
1.26 0.48 0.101548
1.26 0.54 0.0967752
1.26 0.6 0.09096
1.26 0.66 0.0843179
1.26 0.72 0.0770871
1.26 0.78 0.0695072
1.26 0.84 0.0618112
1.26 0.9 0.0542118
1.26 0.96 0.0468934
1.26 1.02 0.0400057
1.26 1.08 0.0336603
1.26 1.14 0.027932
1.26 1.2 0.0228598
1.26 1.26 0.0184518
1.26 1.32 0.0146889
1.26 1.38 0.0115326
1.26 1.44 0.00893003
1.26 1.5 0.00681981
1.26 1.56 0.00513665
1.26 1.62 0.00381572
1.26 1.68 0.00279553
1.26 1.74 0.00201992
1.26 1.8 0.00143947
1.26 1.86 0.00101169
1.26 1.92 0.000701278
1.26 1.98 0.000479425
1.26 2.04 0.000323252
1.26 2.1 0.000214957
1.26 2.16 0.000140977
1.26 2.22 9.11859e-05
1.26 2.28 5.81715e-05
1.26 2.34 3.6599e-05
1.26 2.4 2.27105e-05
1.32 -1.8 2.09289e-05
1.32 -1.74 3.37483e-05
1.32 -1.68 5.36732e-05
1.32 -1.62 8.41868e-05
1.32 -1.56 0.000130234
1.32 -1.5 0.000198697
1.32 -1.44 0.000298986
1.32 -1.38 0.000443709
1.32 -1.32 0.000649431
1.32 -1.26 0.000937465
1.32 -1.2 0.00133464
1.32 -1.14 0.001874
1.32 -1.08 0.00259513
1.32 -1.02 0.00354437
1.32 -0.96 0.00477431
1.32 -0.9 0.00634262
1.32 -0.84 0.00831027
1.32 -0.78 0.0107387
1.32 -0.72 0.013686
1.32 -0.66 0.0172023
1.32 -0.6 0.0213252
1.32 -0.54 0.0260724
1.32 -0.48 0.0314388
1.32 -0.42 0.037388
1.32 -0.36 0.043852
1.32 -0.3 0.0507271
1.32 -0.24 0.0578731
1.32 -0.18 0.0651183
1.32 -0.12 0.0722637
1.32 -0.06 0.0790901
1.32 9.71445e-15 0.0853717
1.32 0.06 0.0908864
1.32 0.12 0.0954264
1.32 0.18 0.098816
1.32 0.24 0.10092
1.32 0.3 0.101652
1.32 0.36 0.100982
1.32 0.42 0.0989373
1.32 0.48 0.0956016
1.32 0.54 0.0911075
1.32 0.6 0.0856331
1.32 0.66 0.0793802
1.32 0.72 0.0725725
1.32 0.78 0.0654366
1.32 0.84 0.0581917
1.32 0.9 0.0510376
1.32 0.96 0.0441474
1.32 1.02 0.0376626
1.32 1.08 0.031689
1.32 1.14 0.0262961
1.32 1.2 0.0215211
1.32 1.26 0.0173712
1.32 1.32 0.0138285
1.32 1.38 0.0108571
1.32 1.44 0.00840706
1.32 1.5 0.00642043
1.32 1.56 0.00483584
1.32 1.62 0.00359225
1.32 1.68 0.0026318
1.32 1.74 0.00190164
1.32 1.8 0.00135516
1.32 1.86 0.000952443
1.32 1.92 0.000660212
1.32 1.98 0.00045135
1.32 2.04 0.000304321
1.32 2.1 0.000202367
1.32 2.16 0.000132721
1.32 2.22 8.58467e-05
1.32 2.28 5.47645e-05
1.32 2.34 3.44559e-05
1.38 -1.8 1.94324e-05
1.38 -1.74 3.13353e-05
1.38 -1.68 4.98353e-05
1.38 -1.62 7.81673e-05
1.38 -1.56 0.000120922
1.38 -1.5 0.00018449
1.38 -1.44 0.000277608
1.38 -1.38 0.000411982
1.38 -1.32 0.000602994
1.38 -1.26 0.000870434
1.38 -1.2 0.00123921
1.38 -1.14 0.00174
1.38 -1.08 0.00240957
1.38 -1.02 0.00329093
1.38 -0.96 0.00443293
1.38 -0.9 0.0058891
1.38 -0.84 0.00771604
1.38 -0.78 0.0099708
1.38 -0.72 0.0127074
1.38 -0.66 0.0159723
1.38 -0.6 0.0198003
1.38 -0.54 0.0242081
1.38 -0.48 0.0291908
1.38 -0.42 0.0347145
1.38 -0.36 0.0407166
1.38 -0.3 0.0471
1.38 -0.24 0.0537351
1.38 -0.18 0.060462
1.38 -0.12 0.0670966
1.38 -0.06 0.0734351
1.38 9.71445e-15 0.079267
1.38 0.06 0.0843878
1.38 0.12 0.0886028
1.38 0.18 0.0917503
1.38 0.24 0.0937035
1.38 0.3 0.0943829
1.38 0.36 0.0937607
1.38 0.42 0.0918628
1.38 0.48 0.0887658
1.38 0.54 0.0845929
1.38 0.6 0.0795099
1.38 0.66 0.0737042
1.38 0.72 0.0673833
1.38 0.78 0.0607577
1.38 0.84 0.054031
1.38 0.9 0.0473883
1.38 0.96 0.0409908
1.38 1.02 0.0349697
1.38 1.08 0.0294231
1.38 1.14 0.0244158
1.38 1.2 0.0199823
1.38 1.26 0.0161291
1.38 1.32 0.0128397
1.38 1.38 0.0100808
1.38 1.44 0.00780594
1.38 1.5 0.00596134
1.38 1.56 0.00449007
1.38 1.62 0.00333539
1.38 1.68 0.00244361
1.38 1.74 0.00176567
1.38 1.8 0.00125826
1.38 1.86 0.000884341
1.38 1.92 0.000613005
1.38 1.98 0.000419078
1.38 2.04 0.000282561
1.38 2.1 0.000187897
1.38 2.16 0.000123231
1.38 2.22 7.97086e-05
1.38 2.28 5.08484e-05
1.38 2.34 3.19922e-05
1.44 -1.8 1.77949e-05
1.44 -1.74 2.86948e-05
1.44 -1.68 4.56359e-05
1.44 -1.62 7.15803e-05
1.44 -1.56 0.000110732
1.44 -1.5 0.000168944
1.44 -1.44 0.000254215
1.44 -1.38 0.000377266
1.44 -1.32 0.000552182
1.44 -1.26 0.000797085
1.44 -1.2 0.00113479
1.44 -1.14 0.00159338
1.44 -1.08 0.00220653
1.44 -1.02 0.00301361
1.44 -0.96 0.00405938
1.44 -0.9 0.00539285
1.44 -0.84 0.00706585
1.44 -0.78 0.00913061
1.44 -0.72 0.0116366
1.44 -0.66 0.0146264
1.44 -0.6 0.0181318
1.44 -0.54 0.0221682
1.44 -0.48 0.026731
1.44 -0.42 0.0317893
1.44 -0.36 0.0372855
1.44 -0.3 0.043131
1.44 -0.24 0.0492069
1.44 -0.18 0.0553672
1.44 -0.12 0.0614426
1.44 -0.06 0.0672469
1.44 9.71445e-15 0.0725877
1.44 0.06 0.0772767
1.44 0.12 0.0811367
1.44 0.18 0.0840189
1.44 0.24 0.0858075
1.44 0.3 0.0864297
1.44 0.36 0.08586
1.44 0.42 0.0841219
1.44 0.48 0.0812858
1.44 0.54 0.0774647
1.44 0.6 0.0728099
1.44 0.66 0.0674935
1.44 0.72 0.0617051
1.44 0.78 0.0556378
1.44 0.84 0.0494779
1.44 0.9 0.043395
1.44 0.96 0.0375366
1.44 1.02 0.0320229
1.44 1.08 0.0269437
1.44 1.14 0.0223584
1.44 1.2 0.0182984
1.44 1.26 0.0147699
1.44 1.32 0.0117578
1.44 1.38 0.00923131
1.44 1.44 0.00714816
1.44 1.5 0.00545901
1.44 1.56 0.00411171
1.44 1.62 0.00305433
1.44 1.68 0.0022377
1.44 1.74 0.00161688
1.44 1.8 0.00115223
1.44 1.86 0.000809821
1.44 1.92 0.000561349
1.44 1.98 0.000383763
1.44 2.04 0.00025875
1.44 2.1 0.000172064
1.44 2.16 0.000112847
1.44 2.22 7.29917e-05
1.44 2.28 4.65637e-05
1.44 2.34 2.92963e-05
1.5 -1.8 1.60714e-05
1.5 -1.74 2.59154e-05
1.5 -1.68 4.1216e-05
1.5 -1.62 6.46477e-05
1.5 -1.56 0.000100008
1.5 -1.5 0.00015258
1.5 -1.44 0.000229593
1.5 -1.38 0.000340726
1.5 -1.32 0.0004987
1.5 -1.26 0.00071988
1.5 -1.2 0.00102488
1.5 -1.14 0.00143906
1.5 -1.08 0.00199282
1.5 -1.02 0.00272173
1.5 -0.96 0.0036662
1.5 -0.9 0.00487054
1.5 -0.84 0.00638151
1.5 -0.78 0.0082463
1.5 -0.72 0.0105095
1.5 -0.66 0.0132098
1.5 -0.6 0.0163757
1.5 -0.54 0.0200211
1.5 -0.48 0.024142
1.5 -0.42 0.0287106
1.5 -0.36 0.0336742
1.5 -0.3 0.0389535
1.5 -0.24 0.0444411
1.5 -0.18 0.0500049
1.5 -0.12 0.0554917
1.5 -0.06 0.0607334
1.5 9.71445e-15 0.0655577
1.5 0.06 0.0697919
1.5 0.12 0.0732786
1.5 0.18 0.0758814
1.5 0.24 0.0774971
1.5 0.3 0.0780591
1.5 0.36 0.0775446
1.5 0.42 0.0759746
1.5 0.48 0.0734127
1.5 0.54 0.069962
1.5 0.6 0.0657581
1.5 0.66 0.0609565
1.5 0.72 0.0557289
1.5 0.78 0.0502491
1.5 0.84 0.0446855
1.5 0.9 0.0391918
1.5 0.96 0.0339009
1.5 1.02 0.0289214
1.5 1.08 0.0243342
1.5 1.14 0.020193
1.5 1.2 0.0165261
1.5 1.26 0.0133394
1.5 1.32 0.0106191
1.5 1.38 0.00833724
1.5 1.44 0.00645584
1.5 1.5 0.00493029
1.5 1.56 0.00371346
1.5 1.62 0.00275851
1.5 1.68 0.00202098
1.5 1.74 0.00146027
1.5 1.8 0.00104064
1.5 1.86 0.000731387
1.5 1.92 0.000506979
1.5 1.98 0.000346593
1.5 2.04 0.00023369
1.5 2.1 0.0001554
1.5 2.16 0.000101917
1.5 2.22 6.59218e-05
1.5 2.28 4.20541e-05
1.5 2.34 2.64587e-05
1.56 -1.8 1.43151e-05
1.56 -1.74 2.3084e-05
1.56 -1.68 3.67123e-05
1.56 -1.62 5.75837e-05
1.56 -1.56 8.90799e-05
1.56 -1.5 0.000135908
1.56 -1.44 0.000204504
1.56 -1.38 0.000303493
1.56 -1.32 0.000444203
1.56 -1.26 0.000641218
1.56 -1.2 0.0009129
1.56 -1.14 0.00128181
1.56 -1.08 0.00177507
1.56 -1.02 0.00242435
1.56 -0.96 0.00326558
1.56 -0.9 0.00433832
1.56 -0.84 0.0056842
1.56 -0.78 0.00734522
1.56 -0.72 0.00936112
1.56 -0.66 0.0117664
1.56 -0.6 0.0145863
1.56 -0.54 0.0178336
1.56 -0.48 0.0215039
1.56 -0.42 0.0255736
1.56 -0.36 0.0299949
1.56 -0.3 0.0346972
1.56 -0.24 0.0395852
1.56 -0.18 0.0445409
1.56 -0.12 0.0494278
1.56 -0.06 0.0540972
1.56 9.71445e-15 0.0583946
1.56 0.06 0.0621654
1.56 0.12 0.0652716
1.56 0.18 0.0675901
1.56 0.24 0.0690291
1.56 0.3 0.0695299
1.56 0.36 0.0690715
1.56 0.42 0.0676727
1.56 0.48 0.0653904
1.56 0.54 0.0623179
1.56 0.6 0.0585725
1.56 0.66 0.0542958
1.56 0.72 0.0496397
1.56 0.78 0.0447588
1.56 0.84 0.039803
1.56 0.9 0.0349094
1.56 0.96 0.0301968
1.56 1.02 0.0257614
1.56 1.08 0.0216751
1.56 1.14 0.0179865
1.56 1.2 0.0147203
1.56 1.26 0.0118818
1.56 1.32 0.00945879
1.56 1.38 0.00742633
1.56 1.44 0.00575045
1.56 1.5 0.00439157
1.56 1.56 0.00330771
1.56 1.62 0.0024571
1.56 1.68 0.00180016
1.56 1.74 0.0013007
1.56 1.8 0.000926931
1.56 1.86 0.000651476
1.56 1.92 0.000451583
1.56 1.98 0.000308723
1.56 2.04 0.000208156
1.56 2.1 0.00013842
1.56 2.16 9.07803e-05
1.56 2.22 5.87188e-05
1.56 2.28 3.7459e-05
1.62 -1.8 1.25758e-05
1.62 -1.74 2.02791e-05
1.62 -1.68 3.22512e-05
1.62 -1.62 5.05869e-05
1.62 -1.56 7.82556e-05
1.62 -1.5 0.000119395
1.62 -1.44 0.000179656
1.62 -1.38 0.000266616
1.62 -1.32 0.000390232
1.62 -1.26 0.00056331
1.62 -1.2 0.00080197
1.62 -1.14 0.00112606
1.62 -1.08 0.00155937
1.62 -1.02 0.00212977
1.62 -0.96 0.00286881
1.62 -0.9 0.00381115
1.62 -0.84 0.00499345
1.62 -0.78 0.00645266
1.62 -0.72 0.00822364
1.62 -0.66 0.0103366
1.62 -0.6 0.0128139
1.62 -0.54 0.0156666
1.62 -0.48 0.018891
1.62 -0.42 0.0224659
1.62 -0.36 0.0263503
1.62 -0.3 0.0304813
1.62 -0.24 0.0347751
1.62 -0.18 0.0391285
1.62 -0.12 0.0434219
1.62 -0.06 0.0475243
1.62 9.71445e-15 0.0512984
1.62 0.06 0.0546123
1.62 0.12 0.0573401
1.62 0.18 0.0593771
1.62 0.24 0.0606412
1.62 0.3 0.0610807
1.62 0.36 0.0606777
1.62 0.42 0.0594492
1.62 0.48 0.0574454
1.62 0.54 0.0547456
1.62 0.6 0.0514553
1.62 0.66 0.0476982
1.62 0.72 0.0436076
1.62 0.78 0.0393202
1.62 0.84 0.0349668
1.62 0.9 0.0306679
1.62 0.96 0.0265277
1.62 1.02 0.022631
1.62 1.08 0.0190414
1.62 1.14 0.0158009
1.62 1.2 0.0129318
1.62 1.26 0.010438
1.62 1.32 0.00830936
1.62 1.38 0.00652395
1.62 1.44 0.00505172
1.62 1.5 0.00385795
1.62 1.56 0.00290578
1.62 1.62 0.00215854
1.62 1.68 0.0015814
1.62 1.74 0.00114267
1.62 1.8 0.000814287
1.62 1.86 0.000572314
1.62 1.92 0.000396713
1.62 1.98 0.000271209
1.62 2.04 0.000182861
1.62 2.1 0.000121599
1.62 2.16 7.97495e-05
1.62 2.22 5.15843e-05
1.62 2.28 3.29069e-05
1.68 -1.8 1.08958e-05
1.68 -1.74 1.75698e-05
1.68 -1.68 2.79431e-05
1.68 -1.62 4.38291e-05
1.68 -1.56 6.78017e-05
1.68 -1.5 0.000103444
1.68 -1.44 0.000155656
1.68 -1.38 0.000231001
1.68 -1.32 0.000338102
1.68 -1.26 0.000488054
1.68 -1.2 0.000694835
1.68 -1.14 0.000975631
1.68 -1.08 0.00135107
1.68 -1.02 0.00184524
1.68 -0.96 0.00248556
1.68 -0.9 0.00330206
1.68 -0.84 0.00432645
1.68 -0.78 0.00559072
1.68 -0.72 0.0071251
1.68 -0.66 0.00895581
1.68 -0.6 0.0111022
1.68 -0.54 0.0135737
1.68 -0.48 0.0163675
1.68 -0.42 0.0194649
1.68 -0.36 0.02283
1.68 -0.3 0.0264093
1.68 -0.24 0.0301297
1.68 -0.18 0.0339017
1.68 -0.12 0.0376215
1.68 -0.06 0.0411751
1.68 9.71445e-15 0.0444461
1.68 0.06 0.0473164
1.68 0.12 0.0496805
1.68 0.18 0.0514451
1.68 0.24 0.0525406
1.68 0.3 0.0529216
1.68 0.36 0.0525727
1.68 0.42 0.0515083
1.68 0.48 0.0497713
1.68 0.54 0.047432
1.68 0.6 0.0445817
1.68 0.66 0.0413265
1.68 0.72 0.0377824
1.68 0.78 0.0340672
1.68 0.84 0.0302952
1.68 0.9 0.0265706
1.68 0.96 0.0229838
1.68 1.02 0.0196078
1.68 1.08 0.0164977
1.68 1.14 0.0136902
1.68 1.2 0.0112041
1.68 1.26 0.00904369
1.68 1.32 0.00719939
1.68 1.38 0.00565239
1.68 1.44 0.00437685
1.68 1.5 0.00334257
1.68 1.56 0.0025176
1.68 1.62 0.00187018
1.68 1.68 0.00137016
1.68 1.74 0.000990014
1.68 1.8 0.00070552
1.68 1.86 0.000495857
1.68 1.92 0.000343716
1.68 1.98 0.000234979
1.68 2.04 0.000158434
1.68 2.1 0.000105356
1.68 2.16 6.90965e-05
1.68 2.22 4.46926e-05
1.68 2.28 2.85113e-05
1.74 -1.74 1.50137e-05
1.74 -1.68 2.38773e-05
1.74 -1.62 3.74522e-05
1.74 -1.56 5.79369e-05
1.74 -1.5 8.83945e-05
1.74 -1.44 0.000133009
1.74 -1.38 0.000197391
1.74 -1.32 0.00028891
1.74 -1.26 0.000417049
1.74 -1.2 0.000593741
1.74 -1.14 0.000833681
1.74 -1.08 0.00115449
1.74 -1.02 0.00157678
1.74 -0.96 0.00212393
1.74 -0.9 0.0028216
1.74 -0.84 0.00369693
1.74 -0.78 0.00477726
1.74 -0.72 0.0060884
1.74 -0.66 0.00765276
1.74 -0.6 0.00948684
1.74 -0.54 0.0115988
1.74 -0.48 0.013986
1.74 -0.42 0.0166327
1.74 -0.36 0.0195085
1.74 -0.3 0.0225669
1.74 -0.24 0.0257459
1.74 -0.18 0.0289689
1.74 -0.12 0.0321476
1.74 -0.06 0.0351848
1.74 9.71445e-15 0.0379789
1.74 0.06 0.0404324
1.74 0.12 0.042452
1.74 0.18 0.04396
1.74 0.24 0.0448959
1.74 0.3 0.0452213
1.74 0.36 0.0449229
1.74 0.42 0.0440135
1.74 0.48 0.04253
1.74 0.54 0.0405311
1.74 0.6 0.0380952
1.74 0.66 0.0353135
1.74 0.72 0.032285
1.74 0.78 0.0291109
1.74 0.84 0.0258878
1.74 0.9 0.0227051
1.74 0.96 0.0196399
1.74 1.02 0.0167549
1.74 1.08 0.0140974
1.74 1.14 0.0116983
1.74 1.2 0.0095741
1.74 1.26 0.0077278
1.74 1.32 0.00615186
1.74 1.38 0.00483003
1.74 1.44 0.00374006
1.74 1.5 0.00285624
1.74 1.56 0.00215131
1.74 1.62 0.00159809
1.74 1.68 0.00117079
1.74 1.74 0.000845981
1.74 1.8 0.000602862
1.74 1.86 0.000423715
1.74 1.92 0.000293708
1.74 1.98 0.000200791
1.74 2.04 0.000135382
1.74 2.1 9.0026e-05
1.74 2.16 5.9043e-05
1.74 2.22 3.81906e-05
1.8 -1.74 1.26529e-05
1.8 -1.68 2.01229e-05
1.8 -1.62 3.1563e-05
1.8 -1.56 4.88269e-05
1.8 -1.5 7.44945e-05
1.8 -1.44 0.000112093
1.8 -1.38 0.000166351
1.8 -1.32 0.000243478
1.8 -1.26 0.000351468
1.8 -1.2 0.000500382
1.8 -1.14 0.00070259
1.8 -1.08 0.000972956
1.8 -1.02 0.00132885
1.8 -0.96 0.00178994
1.8 -0.9 0.00237793
1.8 -0.84 0.00311564
1.8 -0.78 0.00402608
1.8 -0.72 0.00513107
1.8 -0.66 0.00644945
1.8 -0.6 0.00799507
1.8 -0.54 0.00977504
1.8 -0.48 0.0117868
1.8 -0.42 0.0140175
1.8 -0.36 0.016441
1.8 -0.3 0.0190184
1.8 -0.24 0.0216976
1.8 -0.18 0.0244139
1.8 -0.12 0.0270925
1.8 -0.06 0.0296521
1.8 9.71445e-15 0.0320075
1.8 0.06 0.0340744
1.8 0.12 0.0357769
1.8 0.18 0.0370478
1.8 0.24 0.0378365
1.8 0.3 0.038111
1.8 0.36 0.0378597
1.8 0.42 0.037093
1.8 0.48 0.0358421
1.8 0.54 0.034158
1.8 0.6 0.032105
1.8 0.66 0.0297608
1.8 0.72 0.0272088
1.8 0.78 0.0245334
1.8 0.84 0.021817
1.8 0.9 0.0191348
1.8 0.96 0.0165516
1.8 1.02 0.0141204
1.8 1.08 0.0118807
1.8 1.14 0.00985885
1.8 1.2 0.0080686
1.8 1.26 0.00651268
1.8 1.32 0.00518459
1.8 1.38 0.00407055
1.8 1.44 0.00315196
1.8 1.5 0.00240713
1.8 1.56 0.00181303
1.8 1.62 0.0013468
1.8 1.68 0.000986709
1.8 1.74 0.000712949
1.8 1.8 0.000508072
1.8 1.86 0.00035709
1.8 1.92 0.000247524
1.8 1.98 0.000169219
1.8 2.04 0.000114095
1.8 2.1 7.5871e-05
1.8 2.16 4.97587e-05
1.8 2.22 3.21853e-05
1.86 -1.74 1.05167e-05
1.86 -1.68 1.67257e-05
1.86 -1.62 2.62345e-05
1.86 -1.56 4.05835e-05
1.86 -1.5 6.19179e-05
1.86 -1.44 9.317e-05
1.86 -1.38 0.000138268
1.86 -1.32 0.000202375
1.86 -1.26 0.000292131
1.86 -1.2 0.000415903
1.86 -1.14 0.000583976
1.86 -1.08 0.0008087
1.86 -1.02 0.00110449
1.86 -0.96 0.00148776
1.86 -0.9 0.00197649
1.86 -0.84 0.00258965
1.86 -0.78 0.00334639
1.86 -0.72 0.00426481
1.86 -0.66 0.00536062
1.86 -0.6 0.00664535
1.86 -0.54 0.0081247
1.86 -0.48 0.00979696
1.86 -0.42 0.0116509
1.86 -0.36 0.0136652
1.86 -0.3 0.0158076
1.86 -0.24 0.0180345
1.86 -0.18 0.0202923
1.86 -0.12 0.0225188
1.86 -0.06 0.0246459
1.86 9.71445e-15 0.0266038
1.86 0.06 0.0283218
1.86 0.12 0.0297369
1.86 0.18 0.0307932
1.86 0.24 0.0314489
1.86 0.3 0.0316769
1.86 0.36 0.0314681
1.86 0.42 0.0308309
1.86 0.48 0.0297912
1.86 0.54 0.028391
1.86 0.6 0.0266849
1.86 0.66 0.0247365
1.86 0.72 0.0226152
1.86 0.78 0.0203914
1.86 0.84 0.0181335
1.86 0.9 0.0159042
1.86 0.96 0.0137572
1.86 1.02 0.0117365
1.86 1.08 0.00987492
1.86 1.14 0.00819445
1.86 1.2 0.00670637
1.86 1.26 0.00541322
1.86 1.32 0.00430929
1.86 1.38 0.00338331
1.86 1.44 0.00261982
1.86 1.5 0.00200074
1.86 1.56 0.00150694
1.86 1.62 0.00111942
1.86 1.68 0.000820128
1.86 1.74 0.000592585
1.86 1.8 0.000422298
1.86 1.86 0.000296802
1.86 1.92 0.000205736
1.86 1.98 0.00014065
1.86 2.04 9.48331e-05
1.86 2.1 6.30622e-05
1.86 2.16 4.13586e-05
1.92 -1.74 8.62105e-06
1.92 -1.68 1.37109e-05
1.92 -1.62 2.15057e-05
1.92 -1.56 3.32684e-05
1.92 -1.5 5.07574e-05
1.92 -1.44 7.63763e-05
1.92 -1.38 0.000113346
1.92 -1.32 0.000165897
1.92 -1.26 0.000239475
1.92 -1.2 0.000340937
1.92 -1.14 0.000478714
1.92 -1.08 0.000662932
1.92 -1.02 0.000905406
1.92 -0.96 0.0012196
1.92 -0.9 0.00162023
1.92 -0.84 0.00212287
1.92 -0.78 0.0027432
1.92 -0.72 0.00349608
1.92 -0.66 0.00439436
1.92 -0.6 0.00544754
1.92 -0.54 0.00666017
1.92 -0.48 0.00803107
1.92 -0.42 0.00955082
1.92 -0.36 0.0112021
1.92 -0.3 0.0129583
1.92 -0.24 0.0147838
1.92 -0.18 0.0166346
1.92 -0.12 0.0184598
1.92 -0.06 0.0202036
1.92 9.71445e-15 0.0218083
1.92 0.06 0.0232169
1.92 0.12 0.0243767
1.92 0.18 0.0252427
1.92 0.24 0.0257802
1.92 0.3 0.0259671
1.92 0.36 0.0257959
1.92 0.42 0.0252736
1.92 0.48 0.0244214
1.92 0.54 0.0232736
1.92 0.6 0.021875
1.92 0.66 0.0202778
1.92 0.72 0.0185387
1.92 0.78 0.0167157
1.92 0.84 0.0148651
1.92 0.9 0.0130375
1.92 0.96 0.0112775
1.92 1.02 0.00962099
1.92 1.08 0.00809496
1.92 1.14 0.00671739
1.92 1.2 0.00549756
1.92 1.26 0.00443749
1.92 1.32 0.00353252
1.92 1.38 0.00277347
1.92 1.44 0.0021476
1.92 1.5 0.00164011
1.92 1.56 0.00123532
1.92 1.62 0.00091764
1.92 1.68 0.000672298
1.92 1.74 0.000485774
1.92 1.8 0.000346178
1.92 1.86 0.000243304
1.92 1.92 0.000168651
1.92 1.98 0.000115297
1.92 2.04 7.77391e-05
1.92 2.1 5.16951e-05
1.92 2.16 3.39037e-05
1.98 -1.68 1.1085e-05
1.98 -1.62 1.7387e-05
1.98 -1.56 2.68969e-05
1.98 -1.5 4.10365e-05
1.98 -1.44 6.17489e-05
1.98 -1.38 9.1638e-05
1.98 -1.32 0.000134125
1.98 -1.26 0.000193611
1.98 -1.2 0.000275642
1.98 -1.14 0.000387031
1.98 -1.08 0.000535968
1.98 -1.02 0.000732004
1.98 -0.96 0.000986024
1.98 -0.9 0.00130993
1.98 -0.84 0.0017163
1.98 -0.78 0.00221783
1.98 -0.72 0.00282652
1.98 -0.66 0.00355276
1.98 -0.6 0.00440424
1.98 -0.54 0.00538462
1.98 -0.48 0.00649298
1.98 -0.42 0.00772166
1.98 -0.36 0.00905669
1.98 -0.3 0.0104765
1.98 -0.24 0.0119524
1.98 -0.18 0.0134488
1.98 -0.12 0.0149245
1.98 -0.06 0.0163342
1.98 9.71445e-15 0.0176316
1.98 0.06 0.0187705
1.98 0.12 0.0197081
1.98 0.18 0.0204083
1.98 0.24 0.0208428
1.98 0.3 0.0209939
1.98 0.36 0.0208555
1.98 0.42 0.0204333
1.98 0.48 0.0197443
1.98 0.54 0.0188163
1.98 0.6 0.0176855
1.98 0.66 0.0163942
1.98 0.72 0.0149882
1.98 0.78 0.0135144
1.98 0.84 0.0120182
1.98 0.9 0.0105406
1.98 0.96 0.00911766
1.98 1.02 0.0077784
1.98 1.08 0.00654463
1.98 1.14 0.00543089
1.98 1.2 0.00444468
1.98 1.26 0.00358763
1.98 1.32 0.00285598
1.98 1.38 0.0022423
1.98 1.44 0.0017363
1.98 1.5 0.001326
1.98 1.56 0.000998736
1.98 1.62 0.000741895
1.98 1.68 0.000543541
1.98 1.74 0.00039274
1.98 1.8 0.000279878
1.98 1.86 0.000196707
1.98 1.92 0.000136352
1.98 1.98 9.32159e-05
1.98 2.04 6.28506e-05
1.98 2.1 4.17946e-05
2.04 -1.68 8.83882e-06
2.04 -1.62 1.38638e-05
2.04 -1.56 2.14467e-05
2.04 -1.5 3.2721e-05
2.04 -1.44 4.92365e-05
2.04 -1.38 7.30691e-05
2.04 -1.32 0.000106947
2.04 -1.26 0.000154379
2.04 -1.2 0.000219788
2.04 -1.14 0.000308607
2.04 -1.08 0.000427365
2.04 -1.02 0.000583678
2.04 -0.96 0.000786222
2.04 -0.9 0.00104449
2.04 -0.84 0.00136852
2.04 -0.78 0.00176843
2.04 -0.72 0.00225377
2.04 -0.66 0.00283287
2.04 -0.6 0.00351179
2.04 -0.54 0.00429356
2.04 -0.48 0.00517729
2.04 -0.42 0.00615703
2.04 -0.36 0.00722152
2.04 -0.3 0.00835368
2.04 -0.24 0.0095305
2.04 -0.18 0.0107236
2.04 -0.12 0.0119003
2.04 -0.06 0.0130243
2.04 9.71445e-15 0.014059
2.04 0.06 0.0149669
2.04 0.12 0.0157147
2.04 0.18 0.0162729
2.04 0.24 0.0166194
2.04 0.3 0.0167399
2.04 0.36 0.0166296
2.04 0.42 0.0162929
2.04 0.48 0.0157434
2.04 0.54 0.0150035
2.04 0.6 0.0141019
2.04 0.66 0.0130722
2.04 0.72 0.0119512
2.04 0.78 0.010776
2.04 0.84 0.00958284
2.04 0.9 0.00840474
2.04 0.96 0.00727014
2.04 1.02 0.00620224
2.04 1.08 0.00521848
2.04 1.14 0.00433043
2.04 1.2 0.00354403
2.04 1.26 0.00286066
2.04 1.32 0.00227728
2.04 1.38 0.00178794
2.04 1.44 0.00138447
2.04 1.5 0.00105731
2.04 1.56 0.000796358
2.04 1.62 0.000591564
2.04 1.68 0.000433403
2.04 1.74 0.000313157
2.04 1.8 0.000223167
2.04 1.86 0.000156848
2.04 1.92 0.000108723
2.04 1.98 7.43277e-05
2.04 2.04 5.01153e-05
2.04 2.1 3.33257e-05
2.1 -1.68 6.9509e-06
2.1 -1.62 1.09026e-05
2.1 -1.56 1.6866e-05
2.1 -1.5 2.57321e-05
2.1 -1.44 3.87196e-05
2.1 -1.38 5.74617e-05
2.1 -1.32 8.41033e-05
2.1 -1.26 0.000121405
2.1 -1.2 0.000172843
2.1 -1.14 0.000242691
2.1 -1.08 0.000336082
2.1 -1.02 0.000459014
2.1 -0.96 0.000618285
2.1 -0.9 0.000821393
2.1 -0.84 0.00107621
2.1 -0.78 0.0013907
2.1 -0.72 0.00177239
2.1 -0.66 0.00222779
2.1 -0.6 0.00276168
2.1 -0.54 0.00337652
2.1 -0.48 0.00407143
2.1 -0.42 0.00484196
2.1 -0.36 0.00567907
2.1 -0.3 0.0065694
2.1 -0.24 0.00749487
2.1 -0.18 0.00843315
2.1 -0.12 0.00935841
2.1 -0.06 0.0102425
2.1 9.71445e-15 0.0110561
2.1 0.06 0.0117701
2.1 0.12 0.0123581
2.1 0.18 0.0127971
2.1 0.24 0.0130696
2.1 0.3 0.0131644
2.1 0.36 0.0130776
2.1 0.42 0.0128128
2.1 0.48 0.0123807
2.1 0.54 0.0117989
2.1 0.6 0.0110898
2.1 0.66 0.01028
2.1 0.72 0.00939854
2.1 0.78 0.0084744
2.1 0.84 0.00753608
2.1 0.9 0.00660956
2.1 0.96 0.0057173
2.1 1.02 0.00487751
2.1 1.08 0.00410386
2.1 1.14 0.00340548
2.1 1.2 0.00278707
2.1 1.26 0.00224964
2.1 1.32 0.00179088
2.1 1.38 0.00140606
2.1 1.44 0.00108876
2.1 1.5 0.000831474
2.1 1.56 0.000626261
2.1 1.62 0.000465215
2.1 1.68 0.000340832
2.1 1.74 0.000246268
2.1 1.8 0.0001755
2.1 1.86 0.000123347
2.1 1.92 8.55006e-05
2.1 1.98 5.84521e-05
2.1 2.04 3.94112e-05
2.16 -1.62 8.45606e-06
2.16 -1.56 1.30812e-05
2.16 -1.5 1.9958e-05
2.16 -1.44 3.00312e-05
2.16 -1.38 4.45674e-05
2.16 -1.32 6.52308e-05
2.16 -1.26 9.41624e-05
2.16 -1.2 0.000134057
2.16 -1.14 0.000188232
2.16 -1.08 0.000260663
2.16 -1.02 0.000356012
2.16 -0.96 0.000479548
2.16 -0.9 0.000637068
2.16 -0.84 0.000834708
2.16 -0.78 0.00107863
2.16 -0.72 0.00137467
2.16 -0.66 0.00172786
2.16 -0.6 0.00214197
2.16 -0.54 0.00261883
2.16 -0.48 0.0031578
2.16 -0.42 0.00375539
2.16 -0.36 0.0044047
2.16 -0.3 0.00509522
2.16 -0.24 0.00581297
2.16 -0.18 0.00654068
2.16 -0.12 0.00725838
2.16 -0.06 0.00794414
2.16 9.71445e-15 0.00857504
2.16 0.06 0.00912894
2.16 0.12 0.00958497
2.16 0.18 0.00992542
2.16 0.24 0.0101367
2.16 0.3 0.0102102
2.16 0.36 0.0101429
2.16 0.42 0.0099375
2.16 0.48 0.00960253
2.16 0.54 0.00915123
2.16 0.6 0.00860128
2.16 0.66 0.00797319
2.16 0.72 0.00728944
2.16 0.78 0.00657276
2.16 0.84 0.00584503
2.16 0.9 0.00512642
2.16 0.96 0.00443436
2.16 1.02 0.00378298
2.16 1.08 0.00318297
2.16 1.14 0.00264126
2.16 1.2 0.00216167
2.16 1.26 0.0017448
2.16 1.32 0.00138899
2.16 1.38 0.00109054
2.16 1.44 0.000844442
2.16 1.5 0.000644891
2.16 1.56 0.00048573
2.16 1.62 0.000360822
2.16 1.68 0.000264346
2.16 1.74 0.000191008
2.16 1.8 0.000136117
2.16 1.86 9.56677e-05
2.16 1.92 6.63141e-05
2.16 1.98 4.53351e-05
2.16 2.04 3.05671e-05
2.22 -1.62 6.46838e-06
2.22 -1.56 1.00063e-05
2.22 -1.5 1.52665e-05
2.22 -1.44 2.29721e-05
2.22 -1.38 3.40915e-05
2.22 -1.32 4.98977e-05
2.22 -1.26 7.2028e-05
2.22 -1.2 0.000102545
2.22 -1.14 0.000143985
2.22 -1.08 0.000199393
2.22 -1.02 0.000272322
2.22 -0.96 0.000366824
2.22 -0.9 0.000487323
2.22 -0.84 0.000638504
2.22 -0.78 0.000825084
2.22 -0.72 0.00105153
2.22 -0.66 0.00132171
2.22 -0.6 0.00163848
2.22 -0.54 0.00200321
2.22 -0.48 0.00241554
2.22 -0.42 0.00287264
2.22 -0.36 0.00336931
2.22 -0.3 0.00389753
2.22 -0.24 0.00444659
2.22 -0.18 0.00500327
2.22 -0.12 0.00555226
2.22 -0.06 0.00607672
2.22 9.71445e-15 0.0065594
2.22 0.06 0.00698305
2.22 0.12 0.0073319
2.22 0.18 0.00759238
2.22 0.24 0.00775403
2.22 0.3 0.00781025
2.22 0.36 0.00775876
2.22 0.42 0.00760167
2.22 0.48 0.00734534
2.22 0.54 0.00700012
2.22 0.6 0.00657943
2.22 0.66 0.00609905
2.22 0.72 0.00557599
2.22 0.78 0.00502766
2.22 0.84 0.00447103
2.22 0.9 0.00392135
2.22 0.96 0.00339199
2.22 1.02 0.00289375
2.22 1.08 0.00243475
2.22 1.14 0.00202042
2.22 1.2 0.00165353
2.22 1.26 0.00133468
2.22 1.32 0.00106249
2.22 1.38 0.000834191
2.22 1.44 0.000645946
2.22 1.5 0.000493305
2.22 1.56 0.000371554
2.22 1.62 0.000276002
2.22 1.68 0.00020221
2.22 1.74 0.000146108
2.22 1.8 0.000104121
2.22 1.86 7.31798e-05
2.22 1.92 5.07262e-05
2.22 1.98 3.46786e-05
2.28 -1.56 7.54902e-06
2.28 -1.5 1.15175e-05
2.28 -1.44 1.73306e-05
2.28 -1.38 2.57192e-05
2.28 -1.32 3.76437e-05
2.28 -1.26 5.43398e-05
2.28 -1.2 7.73625e-05
2.28 -1.14 0.000108626
2.28 -1.08 0.000150425
2.28 -1.02 0.00020545
2.28 -0.96 0.000276741
2.28 -0.9 0.000367644
2.28 -0.84 0.0004817
2.28 -0.78 0.000622463
2.28 -0.72 0.000793303
2.28 -0.66 0.000997128
2.28 -0.6 0.0012361
2.28 -0.54 0.00151129
2.28 -0.48 0.00182232
2.28 -0.42 0.00216719
2.28 -0.36 0.00254189
2.28 -0.3 0.00294038
2.28 -0.24 0.00335459
2.28 -0.18 0.00377454
2.28 -0.12 0.0041887
2.28 -0.06 0.00458446
2.28 9.71445e-15 0.00494856
2.28 0.06 0.00526818
2.28 0.12 0.00553137
2.28 0.18 0.00572784
2.28 0.24 0.00584976
2.28 0.3 0.00589221
2.28 0.36 0.00585335
2.28 0.42 0.00573481
2.28 0.48 0.00554148
2.28 0.54 0.00528106
2.28 0.6 0.0049637
2.28 0.66 0.00460122
2.28 0.72 0.00420666
2.28 0.78 0.00379306
2.28 0.84 0.00337309
2.28 0.9 0.00295839
2.28 0.96 0.00255901
2.28 1.02 0.00218311
2.28 1.08 0.00183685
2.28 1.14 0.00152424
2.28 1.2 0.00124747
2.28 1.26 0.0010069
2.28 1.32 0.000801571
2.28 1.38 0.000629337
2.28 1.44 0.000487317
2.28 1.5 0.000372158
2.28 1.56 0.000280308
2.28 1.62 0.000208226
2.28 1.68 0.000152551
2.28 1.74 0.000110228
2.28 1.8 7.85512e-05
2.28 1.86 5.52086e-05
2.28 1.92 3.82689e-05
2.34 -1.56 5.61685e-06
2.34 -1.5 8.56952e-06
2.34 -1.44 1.28949e-05
2.34 -1.38 1.91366e-05
2.34 -1.32 2.8009e-05
2.34 -1.26 4.04317e-05
2.34 -1.2 5.75618e-05
2.34 -1.14 8.0823e-05
2.34 -1.08 0.000111926
2.34 -1.02 0.000152865
2.34 -0.96 0.000205909
2.34 -0.9 0.000273549
2.34 -0.84 0.000358412
2.34 -0.78 0.000463146
2.34 -0.72 0.000590257
2.34 -0.66 0.000741922
2.34 -0.6 0.000919728
2.34 -0.54 0.00112448
2.34 -0.48 0.00135591
2.34 -0.42 0.00161251
2.34 -0.36 0.0018913
2.34 -0.3 0.00218781
2.34 -0.24 0.00249602
2.34 -0.18 0.0028085
2.34 -0.12 0.00311665
2.34 -0.06 0.00341104
2.34 9.71445e-15 0.00368201
2.34 0.06 0.00391981
2.34 0.12 0.00411563
2.34 0.18 0.00426183
2.34 0.24 0.00435259
2.34 0.3 0.00438415
2.34 0.36 0.00435525
2.34 0.42 0.00426705
2.34 0.48 0.00412316
2.34 0.54 0.00392938
2.34 0.6 0.00369323
2.34 0.66 0.00342358
2.34 0.72 0.00312999
2.34 0.78 0.00282221
2.34 0.84 0.00250973
2.34 0.9 0.00220119
2.34 0.96 0.00190403
2.34 1.02 0.00162435
2.34 1.08 0.0013667
2.34 1.14 0.00113413
2.34 1.2 0.000928172
2.34 1.26 0.000749198
2.34 1.32 0.000596414
2.34 1.38 0.000468257
2.34 1.44 0.00036259
2.34 1.5 0.000276907
2.34 1.56 0.000208564
2.34 1.62 0.000154929
2.34 1.68 0.000113507
2.34 1.74 8.20149e-05
2.34 1.8 5.84467e-05
2.34 1.86 4.1078e-05
2.34 1.92 2.84743e-05
2.4 -1.56 4.12177e-06
2.4 -1.5 6.28862e-06
2.4 -1.44 9.46267e-06
2.4 -1.38 1.4043e-05
2.4 -1.32 2.05539e-05
2.4 -1.26 2.96698e-05
2.4 -1.2 4.22406e-05
2.4 -1.14 5.93101e-05
2.4 -1.08 8.21339e-05
2.4 -1.02 0.000112175
2.4 -0.96 0.000151103
2.4 -0.9 0.000200738
2.4 -0.84 0.000263012
2.4 -0.78 0.000339868
2.4 -0.72 0.000433146
2.4 -0.66 0.000544437
2.4 -0.6 0.000674924
2.4 -0.54 0.000825165
2.4 -0.48 0.00099501
2.4 -0.42 0.0011833
2.4 -0.36 0.00138789
2.4 -0.3 0.00160547
2.4 -0.24 0.00183163
2.4 -0.18 0.00206094
2.4 -0.12 0.00228709
2.4 -0.06 0.00250313
2.4 9.71445e-15 0.00270193
2.4 0.06 0.00287646
2.4 0.12 0.00302015
2.4 0.18 0.00312746
2.4 0.24 0.00319403
2.4 0.3 0.00321718
2.4 0.36 0.00319597
2.4 0.42 0.00313127
2.4 0.48 0.0030257
2.4 0.54 0.00288349
2.4 0.6 0.00271019
2.4 0.66 0.00251232
2.4 0.72 0.00229685
2.4 0.78 0.00207101
2.4 0.84 0.00184172
2.4 0.9 0.00161529
2.4 0.96 0.00139723
2.4 1.02 0.001192
2.4 1.08 0.00100292
2.4 1.14 0.00083225
2.4 1.2 0.000681125
2.4 1.26 0.000549782
2.4 1.32 0.00043766
2.4 1.38 0.000343621
2.4 1.44 0.000266078
2.4 1.5 0.000203202
2.4 1.56 0.000153051
2.4 1.62 0.000113692
2.4 1.68 8.32941e-05
2.4 1.74 6.01852e-05
2.4 1.8 4.28895e-05
2.4 1.86 3.01442e-05
2.46 -1.5 4.55134e-06
2.46 -1.44 6.8485e-06
2.46 -1.38 1.01634e-05
2.46 -1.32 1.48756e-05
2.46 -1.26 2.14733e-05
2.46 -1.2 3.05711e-05
2.46 -1.14 4.29253e-05
2.46 -1.08 5.94432e-05
2.46 -1.02 8.11865e-05
2.46 -0.96 0.000109359
2.46 -0.9 0.000145281
2.46 -0.84 0.000190351
2.46 -0.78 0.000245976
2.46 -0.72 0.000313485
2.46 -0.66 0.000394029
2.46 -0.6 0.000488468
2.46 -0.54 0.000597209
2.46 -0.48 0.000720126
2.46 -0.42 0.0008564
2.46 -0.36 0.00100447
2.46 -0.3 0.00116194
2.46 -0.24 0.00132562
2.46 -0.18 0.00149157
2.46 -0.12 0.00165525
2.46 -0.06 0.00181162
2.46 9.71445e-15 0.0019555
2.46 0.06 0.00208181
2.46 0.12 0.00218581
2.46 0.18 0.00226346
2.46 0.24 0.00231163
2.46 0.3 0.00232838
2.46 0.36 0.00231303
2.46 0.42 0.00226621
2.46 0.48 0.00218982
2.46 0.54 0.00208689
2.46 0.6 0.00196148
2.46 0.66 0.00181826
2.46 0.72 0.00166231
2.46 0.78 0.00149888
2.46 0.84 0.00133293
2.46 0.9 0.00116905
2.46 0.96 0.00101123
2.46 1.02 0.000862696
2.46 1.08 0.00072586
2.46 1.14 0.000602327
2.46 1.2 0.000492959
2.46 1.26 0.000397897
2.46 1.32 0.000316753
2.46 1.38 0.000248691
2.46 1.44 0.00019257
2.46 1.5 0.000147065
2.46 1.56 0.000110769
2.46 1.62 8.22836e-05
2.46 1.68 6.02827e-05
2.46 1.74 4.35585e-05
2.46 1.8 3.10408e-05
2.52 -1.44 4.88839e-06
2.52 -1.38 7.25456e-06
2.52 -1.32 1.06181e-05
2.52 -1.26 1.53274e-05
2.52 -1.2 2.18213e-05
2.52 -1.14 3.06398e-05
2.52 -1.08 4.24299e-05
2.52 -1.02 5.79503e-05
2.52 -0.96 7.80595e-05
2.52 -0.9 0.0001037
2.52 -0.84 0.000135871
2.52 -0.78 0.000175576
2.52 -0.72 0.000223764
2.52 -0.66 0.000281255
2.52 -0.6 0.000348664
2.52 -0.54 0.000426284
2.52 -0.48 0.000514019
2.52 -0.42 0.000611291
2.52 -0.36 0.00071698
2.52 -0.3 0.000829382
2.52 -0.24 0.000946215
2.52 -0.18 0.00106467
2.52 -0.12 0.0011815
2.52 -0.06 0.00129312
2.52 9.71445e-15 0.00139582
2.52 0.06 0.00148598
2.52 0.12 0.00156022
2.52 0.18 0.00161563
2.52 0.24 0.00165002
2.52 0.3 0.00166198
2.52 0.36 0.00165102
2.52 0.42 0.0016176
2.52 0.48 0.00156307
2.52 0.54 0.0014896
2.52 0.6 0.00140009
2.52 0.66 0.00129786
2.52 0.72 0.00118655
2.52 0.78 0.00106989
2.52 0.84 0.000951435
2.52 0.9 0.000834462
2.52 0.96 0.000721808
2.52 1.02 0.000615784
2.52 1.08 0.000518113
2.52 1.14 0.000429935
2.52 1.2 0.00035187
2.52 1.26 0.000284015
2.52 1.32 0.000226095
2.52 1.38 0.000177514
2.52 1.44 0.000137455
2.52 1.5 0.000104973
2.52 1.56 7.90659e-05
2.52 1.62 5.87334e-05
2.52 1.68 4.30293e-05
2.52 1.74 3.10917e-05
2.58 -1.44 3.44133e-06
2.58 -1.38 5.10707e-06
2.58 -1.32 7.47492e-06
2.58 -1.26 1.07902e-05
2.58 -1.2 1.53618e-05
2.58 -1.14 2.15698e-05
2.58 -1.08 2.98699e-05
2.58 -1.02 4.07958e-05
2.58 -0.96 5.49523e-05
2.58 -0.9 7.30031e-05
2.58 -0.84 9.56507e-05
2.58 -0.78 0.000123602
2.58 -0.72 0.000157525
2.58 -0.66 0.000197997
2.58 -0.6 0.000245453
2.58 -0.54 0.000300095
2.58 -0.48 0.000361859
2.58 -0.42 0.000430337
2.58 -0.36 0.000504739
2.58 -0.3 0.000583868
2.58 -0.24 0.000666116
2.58 -0.18 0.000749508
2.58 -0.12 0.000831754
2.58 -0.06 0.000910332
2.58 9.71445e-15 0.000982629
2.58 0.06 0.0010461
2.58 0.12 0.00109836
2.58 0.18 0.00113738
2.58 0.24 0.00116158
2.58 0.3 0.00117
2.58 0.36 0.00116229
2.58 0.42 0.00113876
2.58 0.48 0.00110037
2.58 0.54 0.00104865
2.58 0.6 0.000985633
2.58 0.66 0.000913667
2.58 0.72 0.000835302
2.58 0.78 0.00075318
2.58 0.84 0.00066979
2.58 0.9 0.000587444
2.58 0.96 0.000508138
2.58 1.02 0.0004335
2.58 1.08 0.000364741
2.58 1.14 0.000302666
2.58 1.2 0.000247709
2.58 1.26 0.000199941
2.58 1.32 0.000159167
2.58 1.38 0.000124966
2.58 1.44 9.67656e-05
2.58 1.5 7.38994e-05
2.58 1.56 5.56608e-05
2.58 1.62 4.13471e-05
2.58 1.68 3.02918e-05
2.64 -1.38 3.54586e-06
2.64 -1.32 5.18987e-06
2.64 -1.26 7.49165e-06
2.64 -1.2 1.06658e-05
2.64 -1.14 1.49759e-05
2.64 -1.08 2.07389e-05
2.64 -1.02 2.83244e-05
2.64 -0.96 3.81536e-05
2.64 -0.9 5.06865e-05
2.64 -0.84 6.64106e-05
2.64 -0.78 8.58168e-05
2.64 -0.72 0.00010937
2.64 -0.66 0.000137471
2.64 -0.6 0.000170419
2.64 -0.54 0.000208355
2.64 -0.48 0.000251241
2.64 -0.42 0.000298784
2.64 -0.36 0.000350443
2.64 -0.3 0.000405382
2.64 -0.24 0.000462489
2.64 -0.18 0.00052039
2.64 -0.12 0.000577491
2.64 -0.06 0.000632044
2.64 9.71445e-15 0.000682242
2.64 0.06 0.000726309
2.64 0.12 0.000762592
2.64 0.18 0.000789687
2.64 0.24 0.000806496
2.64 0.3 0.000812342
2.64 0.36 0.000806986
2.64 0.42 0.000790649
2.64 0.48 0.000763991
2.64 0.54 0.000728086
2.64 0.6 0.000684325
2.64 0.66 0.000634365
2.64 0.72 0.000579956
2.64 0.78 0.000522932
2.64 0.84 0.000465036
2.64 0.9 0.000407862
2.64 0.96 0.000352802
2.64 1.02 0.000300981
2.64 1.08 0.000253239
2.64 1.14 0.000210144
2.64 1.2 0.000171985
2.64 1.26 0.00013882
2.64 1.32 0.00011051
2.64 1.38 8.67647e-05
2.64 1.44 6.71851e-05
2.64 1.5 5.13088e-05
2.64 1.56 3.86455e-05
2.64 1.62 2.87072e-05
2.7 -1.38 2.42805e-06
2.7 -1.32 3.55379e-06
2.7 -1.26 5.13001e-06
2.7 -1.2 7.30348e-06
2.7 -1.14 1.02548e-05
2.7 -1.08 1.42012e-05
2.7 -1.02 1.93955e-05
2.7 -0.96 2.61258e-05
2.7 -0.9 3.4708e-05
2.7 -0.84 4.54754e-05
2.7 -0.78 5.8764e-05
2.7 -0.72 7.48921e-05
2.7 -0.66 9.41355e-05
2.7 -0.6 0.000116696
2.7 -0.54 0.000142674
2.7 -0.48 0.000172039
2.7 -0.42 0.000204596
2.7 -0.36 0.000239969
2.7 -0.3 0.000277591
2.7 -0.24 0.000316696
2.7 -0.18 0.000356344
2.7 -0.12 0.000395441
2.7 -0.06 0.000432796
2.7 9.71445e-15 0.000467174
2.7 0.06 0.000497348
2.7 0.12 0.000522192
2.7 0.18 0.000540744
2.7 0.24 0.000552259
2.7 0.3 0.000556263
2.7 0.36 0.000552595
2.7 0.42 0.000541405
2.7 0.48 0.000523149
2.7 0.54 0.000498563
2.7 0.6 0.000468598
2.7 0.66 0.000434386
2.7 0.72 0.000397135
2.7 0.78 0.000358083
2.7 0.84 0.000318437
2.7 0.9 0.000279288
2.7 0.96 0.000241585
2.7 1.02 0.000206098
2.7 1.08 0.000173407
2.7 1.14 0.000143899
2.7 1.2 0.000117767
2.7 1.26 9.50586e-05
2.7 1.32 7.56731e-05
2.7 1.38 5.94128e-05
2.7 1.44 4.60056e-05
2.7 1.5 3.51341e-05
2.7 1.56 2.64627e-05
2.76 -1.32 2.40005e-06
2.76 -1.26 3.46452e-06
2.76 -1.2 4.93237e-06
2.76 -1.14 6.92567e-06
2.76 -1.08 9.59059e-06
2.76 -1.02 1.30988e-05
2.76 -0.96 1.76441e-05
2.76 -0.9 2.34399e-05
2.76 -0.84 3.07117e-05
2.76 -0.78 3.96863e-05
2.76 -0.72 5.05786e-05
2.76 -0.66 6.35737e-05
2.76 -0.6 7.88096e-05
2.76 -0.54 9.63552e-05
2.76 -0.48 0.000116186
2.76 -0.42 0.000138173
2.76 -0.36 0.000162062
2.76 -0.3 0.000187468
2.76 -0.24 0.000213878
2.76 -0.18 0.000240653
2.76 -0.12 0.000267058
2.76 -0.06 0.00029229
2.76 9.71445e-15 0.000315503
2.76 0.06 0.000335881
2.76 0.12 0.000352663
2.76 0.18 0.000365187
2.76 0.24 0.000372962
2.76 0.3 0.000375668
2.76 0.36 0.00037319
2.76 0.42 0.000365635
2.76 0.48 0.000353307
2.76 0.54 0.000336702
2.76 0.6 0.00031647
2.76 0.66 0.000293359
2.76 0.72 0.000268203
2.76 0.78 0.000241833
2.76 0.84 0.000215057
2.76 0.9 0.000188617
2.76 0.96 0.000163154
2.76 1.02 0.000139188
2.76 1.08 0.000117112
2.76 1.14 9.71807e-05
2.76 1.2 7.95348e-05
2.76 1.26 6.41971e-05
2.76 1.32 5.11055e-05
2.76 1.38 4.01244e-05
2.76 1.44 3.10696e-05
2.76 1.5 2.37275e-05
2.82 -1.26 2.3076e-06
2.82 -1.2 3.2853e-06
2.82 -1.14 4.61288e-06
2.82 -1.08 6.38806e-06
2.82 -1.02 8.72454e-06
2.82 -0.96 1.17521e-05
2.82 -0.9 1.56126e-05
2.82 -0.84 2.0456e-05
2.82 -0.78 2.64335e-05
2.82 -0.72 3.36882e-05
2.82 -0.66 4.23443e-05
2.82 -0.6 5.24928e-05
2.82 -0.54 6.41781e-05
2.82 -0.48 7.73876e-05
2.82 -0.42 9.2032e-05
2.82 -0.36 0.000107945
2.82 -0.3 0.000124867
2.82 -0.24 0.000142458
2.82 -0.18 0.000160292
2.82 -0.12 0.00017788
2.82 -0.06 0.000194682
2.82 9.71445e-15 0.000210146
2.82 0.06 0.000223719
2.82 0.12 0.000234894
2.82 0.18 0.000243241
2.82 0.24 0.000248419
2.82 0.3 0.00025022
2.82 0.36 0.00024857
2.82 0.42 0.000243537
2.82 0.48 0.000235325
2.82 0.54 0.000224267
2.82 0.6 0.000210787
2.82 0.66 0.000195398
2.82 0.72 0.00017864
2.82 0.78 0.000161074
2.82 0.84 0.000143241
2.82 0.9 0.000125631
2.82 0.96 0.000108671
2.82 1.02 9.27087e-05
2.82 1.08 7.80028e-05
2.82 1.14 6.47292e-05
2.82 1.2 5.29748e-05
2.82 1.26 4.27598e-05
2.82 1.32 3.40395e-05
2.82 1.38 2.67255e-05
2.82 1.44 2.06945e-05
2.88 -1.2 2.15813e-06
2.88 -1.14 3.03028e-06
2.88 -1.08 4.1963e-06
2.88 -1.02 5.73131e-06
2.88 -0.96 7.72006e-06
2.88 -0.9 1.0256e-05
2.88 -0.84 1.34377e-05
2.88 -0.78 1.73645e-05
2.88 -0.72 2.21303e-05
2.88 -0.66 2.78162e-05
2.88 -0.6 3.44828e-05
2.88 -0.54 4.21596e-05
2.88 -0.48 5.08363e-05
2.88 -0.42 6.04568e-05
2.88 -0.36 7.09093e-05
2.88 -0.3 8.20257e-05
2.88 -0.24 9.35807e-05
2.88 -0.18 0.000105296
2.88 -0.12 0.00011685
2.88 -0.06 0.00012789
2.88 9.71445e-15 0.000138047
2.88 0.06 0.000146963
2.88 0.12 0.000154306
2.88 0.18 0.000159786
2.88 0.24 0.000163187
2.88 0.3 0.000164371
2.88 0.36 0.000163287
2.88 0.42 0.000159981
2.88 0.48 0.000154587
2.88 0.54 0.000147322
2.88 0.6 0.000138469
2.88 0.66 0.000128358
2.88 0.72 0.00011735
2.88 0.78 0.000105812
2.88 0.84 9.40969e-05
2.88 0.9 8.25282e-05
2.88 0.96 7.13868e-05
2.88 1.02 6.0901e-05
2.88 1.08 5.12415e-05
2.88 1.14 4.25206e-05
2.88 1.2 3.48e-05
2.88 1.26 2.8089e-05
2.88 1.32 2.23609e-05
2.88 1.38 1.75561e-05
2.94 -1.14 1.96325e-06
2.94 -1.08 2.71874e-06
2.94 -1.02 3.71319e-06
2.94 -0.96 5.00165e-06
2.94 -0.9 6.64463e-06
2.94 -0.84 8.70599e-06
2.94 -0.78 1.125e-05
2.94 -0.72 1.43378e-05
2.94 -0.66 1.80217e-05
2.94 -0.6 2.23406e-05
2.94 -0.54 2.73143e-05
2.94 -0.48 3.29358e-05
2.94 -0.42 3.91688e-05
2.94 -0.36 4.59408e-05
2.94 -0.3 5.31433e-05
2.94 -0.24 6.06298e-05
2.94 -0.18 6.82199e-05
2.94 -0.12 7.57047e-05
2.94 -0.06 8.28565e-05
2.94 9.71445e-15 8.9438e-05
2.94 0.06 9.52148e-05
2.94 0.12 9.99705e-05
2.94 0.18 0.000103522
2.94 0.24 0.000105727
2.94 0.3 0.000106494
2.94 0.36 0.000105791
2.94 0.42 0.000103649
2.94 0.48 0.000100154
2.94 0.54 9.54468e-05
2.94 0.6 8.97112e-05
2.94 0.66 8.31605e-05
2.94 0.72 7.60294e-05
2.94 0.78 6.85535e-05
2.94 0.84 6.0963e-05
2.94 0.9 5.34682e-05
2.94 0.96 4.62501e-05
2.94 1.02 3.94563e-05
2.94 1.08 3.31982e-05
2.94 1.14 2.75486e-05
2.94 1.2 2.2546e-05
2.94 1.26 1.81984e-05
3 -1.08 1.73721e-06
3 -1.02 2.37261e-06
3 -0.96 3.19593e-06
3 -0.9 4.24577e-06
3 -0.84 5.56291e-06
3 -0.78 7.18848e-06
3 -0.72 9.16138e-06
3 -0.66 1.15154e-05
3 -0.6 1.42752e-05
3 -0.54 1.7453e-05
3 -0.48 2.10452e-05
3 -0.42 2.50278e-05
3 -0.36 2.93551e-05
3 -0.3 3.39572e-05
3 -0.24 3.87408e-05
3 -0.18 4.35909e-05
3 -0.12 4.83737e-05
3 -0.06 5.29433e-05
3 9.71445e-15 5.71484e-05
3 0.06 6.08397e-05
3 0.12 6.38785e-05
3 0.18 6.61484e-05
3 0.24 6.75568e-05
3 0.3 6.80466e-05
3 0.36 6.75978e-05
3 0.42 6.6229e-05
3 0.48 6.39958e-05
3 0.54 6.09885e-05
3 0.6 5.73226e-05
3 0.66 5.31378e-05
3 0.72 4.85807e-05
3 0.78 4.38036e-05
3 0.84 3.89539e-05
3 0.9 3.41649e-05
3 0.96 2.95528e-05
3 1.02 2.52118e-05
3 1.08 2.12125e-05
3 1.14 1.76029e-05
3.06 -1.08 1.09477e-06
3.06 -1.02 1.4952e-06
3.06 -0.96 2.01405e-06
3.06 -0.9 2.67565e-06
3.06 -0.84 3.50569e-06
3.06 -0.78 4.53011e-06
3.06 -0.72 5.7734e-06
3.06 -0.66 7.25688e-06
3.06 -0.6 8.99611e-06
3.06 -0.54 1.09987e-05
3.06 -0.48 1.32625e-05
3.06 -0.42 1.57723e-05
3.06 -0.36 1.84993e-05
3.06 -0.3 2.13995e-05
3.06 -0.24 2.44141e-05
3.06 -0.18 2.74705e-05
3.06 -0.12 3.04847e-05
3.06 -0.06 3.33643e-05
3.06 9.71445e-15 3.60144e-05
3.06 0.06 3.83405e-05
3.06 0.12 4.02558e-05
3.06 0.18 4.16862e-05
3.06 0.24 4.25736e-05
3.06 0.3 4.28822e-05
3.06 0.36 4.25995e-05
3.06 0.42 4.17369e-05
3.06 0.48 4.03295e-05
3.06 0.54 3.84345e-05
3.06 0.6 3.61242e-05
3.06 0.66 3.3487e-05
3.06 0.72 3.0615e-05
3.06 0.78 2.76047e-05
3.06 0.84 2.45484e-05
3.06 0.9 2.15304e-05
3.06 0.96 1.86239e-05
3.06 1.02 1.58883e-05
3.06 1.08 1.3368e-05
3.12 -0.96 1.25179e-06
3.12 -0.9 1.66299e-06
3.12 -0.84 2.17889e-06
3.12 -0.78 2.81559e-06
3.12 -0.72 3.58833e-06
3.12 -0.66 4.51036e-06
3.12 -0.6 5.59134e-06
3.12 -0.54 6.83604e-06
3.12 -0.48 8.24305e-06
3.12 -0.42 9.80294e-06
3.12 -0.36 1.14979e-05
3.12 -0.3 1.33004e-05
3.12 -0.24 1.51741e-05
3.12 -0.18 1.70737e-05
3.12 -0.12 1.89471e-05
3.12 -0.06 2.07369e-05
3.12 9.71445e-15 2.2384e-05
3.12 0.06 2.38297e-05
3.12 0.12 2.50202e-05
3.12 0.18 2.59092e-05
3.12 0.24 2.64607e-05
3.12 0.3 2.66525e-05
3.12 0.36 2.64768e-05
3.12 0.42 2.59407e-05
3.12 0.48 2.5066e-05
3.12 0.54 2.38881e-05
3.12 0.6 2.24522e-05
3.12 0.66 2.08131e-05
3.12 0.72 1.90281e-05
3.12 0.78 1.71571e-05
3.12 0.84 1.52575e-05
3.12 0.9 1.33818e-05
3.12 0.96 1.15753e-05
3.18 -0.9 1.01939e-06
3.18 -0.84 1.33563e-06
3.18 -0.78 1.72592e-06
3.18 -0.72 2.19961e-06
3.18 -0.66 2.7648e-06
3.18 -0.6 3.4274e-06
3.18 -0.54 4.19039e-06
3.18 -0.48 5.05286e-06
3.18 -0.42 6.00905e-06
3.18 -0.36 7.04803e-06
3.18 -0.3 8.15298e-06
3.18 -0.24 9.3015e-06
3.18 -0.18 1.0466e-05
3.18 -0.12 1.16143e-05
3.18 -0.06 1.27115e-05
3.18 9.71445e-15 1.37211e-05
3.18 0.06 1.46074e-05
3.18 0.12 1.53369e-05
3.18 0.18 1.58819e-05
3.18 0.24 1.62201e-05
3.18 0.3 1.63377e-05
3.18 0.36 1.62299e-05
3.18 0.42 1.59013e-05
3.18 0.48 1.53651e-05
3.18 0.54 1.46431e-05
3.18 0.6 1.37629e-05
3.18 0.66 1.27581e-05
3.18 0.72 1.1664e-05
3.18 0.78 1.05171e-05
3.24 -0.84 8.07468e-07
3.24 -0.78 1.04343e-06
3.24 -0.72 1.32981e-06
3.24 -0.66 1.67149e-06
3.24 -0.6 2.07205e-06
3.24 -0.54 2.53336e-06
3.24 -0.48 3.05476e-06
3.24 -0.42 3.63284e-06
3.24 -0.36 4.26093e-06
3.24 -0.3 4.92896e-06
3.24 -0.24 5.62331e-06
3.24 -0.18 6.32728e-06
3.24 -0.12 7.02149e-06
3.24 -0.06 7.68483e-06
3.24 9.71445e-15 8.29522e-06
3.24 0.06 8.83104e-06
3.24 0.12 9.27213e-06
3.24 0.18 9.60149e-06
3.24 0.24 9.80598e-06
3.24 0.3 9.8771e-06
3.24 0.36 9.81195e-06
3.24 0.42 9.61324e-06
3.24 0.48 9.28918e-06
3.24 0.54 8.85253e-06
3.24 0.6 8.32059e-06
3.24 0.66 7.71299e-06
3.3 -0.66 9.96611e-07
3.3 -0.6 1.23547e-06
3.3 -0.54 1.51051e-06
3.3 -0.48 1.82139e-06
3.3 -0.42 2.16609e-06
3.3 -0.36 2.54057e-06
3.3 -0.3 2.93885e-06
3.3 -0.24 3.35285e-06
3.3 -0.18 3.77261e-06
3.3 -0.12 4.18657e-06
3.3 -0.06 4.5821e-06
3.3 9.71445e-15 4.94603e-06
3.3 0.06 5.26546e-06
3.3 0.12 5.52856e-06
3.3 0.18 5.72491e-06
3.3 0.24 5.84675e-06
3.3 0.3 5.88917e-06
3.3 0.36 5.85036e-06
3.3 0.42 5.73191e-06
3.36 -0.12 2.46194e-06
3.36 -0.06 2.69452e-06
