4055 0.06 0.06 0.506164 -12 -12
-2.34 0.78 3.49533e-06
-2.34 0.84 3.23155e-06
-2.34 0.9 2.94664e-06
-2.34 0.96 2.6499e-06
-2.34 1.02 2.3503e-06
-2.34 1.08 2.05592e-06
-2.34 1.14 1.77368e-06
-2.28 0.48 7.16949e-06
-2.28 0.54 7.10345e-06
-2.28 0.6 6.94129e-06
-2.28 0.66 6.68955e-06
-2.28 0.72 6.35833e-06
-2.28 0.78 5.96052e-06
-2.28 0.84 5.5107e-06
-2.28 0.9 5.02486e-06
-2.28 0.96 4.51885e-06
-2.28 1.02 4.00791e-06
-2.28 1.08 3.50592e-06
-2.28 1.14 3.02463e-06
-2.28 1.2 2.57354e-06
-2.28 1.26 2.15962e-06
-2.22 0.3 1.14095e-05
-2.22 0.36 1.17837e-05
-2.22 0.42 1.20028e-05
-2.22 0.48 1.20579e-05
-2.22 0.54 1.19469e-05
-2.22 0.6 1.16741e-05
-2.22 0.66 1.12508e-05
-2.22 0.72 1.06937e-05
-2.22 0.78 1.00246e-05
-2.22 0.84 9.26811e-06
-2.22 0.9 8.45099e-06
-2.22 0.96 7.59999e-06
-2.22 1.02 6.74069e-06
-2.22 1.08 5.89638e-06
-2.22 1.14 5.08695e-06
-2.22 1.2 4.32828e-06
-2.22 1.26 3.63213e-06
-2.22 1.32 3.0061e-06
-2.16 0.12 1.581e-05
-2.16 0.18 1.70208e-05
-2.16 0.24 1.80724e-05
-2.16 0.3 1.89252e-05
-2.16 0.36 1.95459e-05
-2.16 0.42 1.99093e-05
-2.16 0.48 2.00007e-05
-2.16 0.54 1.98166e-05
-2.16 0.6 1.93641e-05
-2.16 0.66 1.86619e-05
-2.16 0.72 1.7738e-05
-2.16 0.78 1.66281e-05
-2.16 0.84 1.53733e-05
-2.16 0.9 1.40178e-05
-2.16 0.96 1.26062e-05
-2.16 1.02 1.11809e-05
-2.16 1.08 9.78044e-06
-2.16 1.14 8.43782e-06
-2.16 1.2 7.17936e-06
-2.16 1.26 6.02471e-06
-2.16 1.32 4.98627e-06
-2.16 1.38 4.07009e-06
-2.16 1.44 3.27655e-06
-2.1 9.71445e-15 2.14075e-05
-2.1 0.06 2.36939e-05
-2.1 0.12 2.58639e-05
-2.1 0.18 2.78445e-05
-2.1 0.24 2.95651e-05
-2.1 0.3 3.096e-05
-2.1 0.36 3.19754e-05
-2.1 0.42 3.257e-05
-2.1 0.48 3.27197e-05
-2.1 0.54 3.24184e-05
-2.1 0.6 3.1678e-05
-2.1 0.66 3.05293e-05
-2.1 0.72 2.90181e-05
-2.1 0.78 2.7202e-05
-2.1 0.84 2.51496e-05
-2.1 0.9 2.29321e-05
-2.1 0.96 2.06227e-05
-2.1 1.02 1.8291e-05
-2.1 1.08 1.6e-05
-2.1 1.14 1.38035e-05
-2.1 1.2 1.1745e-05
-2.1 1.26 9.85595e-06
-2.1 1.32 8.15709e-06
-2.1 1.38 6.65835e-06
-2.1 1.44 5.36019e-06
-2.1 1.5 4.25581e-06
-2.04 -0.12 2.70488e-05
-2.04 -0.06 3.0778e-05
-2.04 9.71445e-15 3.45399e-05
-2.04 0.06 3.82288e-05
-2.04 0.12 4.17294e-05
-2.04 0.18 4.49255e-05
-2.04 0.24 4.77011e-05
-2.04 0.3 4.99522e-05
-2.04 0.36 5.159e-05
-2.04 0.42 5.2549e-05
-2.04 0.48 5.27909e-05
-2.04 0.54 5.23045e-05
-2.04 0.6 5.11107e-05
-2.04 0.66 4.92571e-05
-2.04 0.72 4.68185e-05
-2.04 0.78 4.3889e-05
-2.04 0.84 4.0577e-05
-2.04 0.9 3.69996e-05
-2.04 0.96 3.32736e-05
-2.04 1.02 2.95113e-05
-2.04 1.08 2.58151e-05
-2.04 1.14 2.22712e-05
-2.04 1.2 1.89498e-05
-2.04 1.26 1.59019e-05
-2.04 1.32 1.3161e-05
-2.04 1.38 1.07427e-05
-2.04 1.44 8.64832e-06
-2.04 1.5 6.86649e-06
-2.04 1.56 5.37688e-06
-1.98 -0.18 3.73066e-05
-1.98 -0.12 4.30418e-05
-1.98 -0.06 4.89759e-05
-1.98 9.71445e-15 5.49613e-05
-1.98 0.06 6.08314e-05
-1.98 0.12 6.64031e-05
-1.98 0.18 7.14877e-05
-1.98 0.24 7.59044e-05
-1.98 0.3 7.94857e-05
-1.98 0.36 8.2093e-05
-1.98 0.42 8.36203e-05
-1.98 0.48 8.40047e-05
-1.98 0.54 8.32302e-05
-1.98 0.6 8.13306e-05
-1.98 0.66 7.83806e-05
-1.98 0.72 7.45e-05
-1.98 0.78 6.98384e-05
-1.98 0.84 6.45686e-05
-1.98 0.9 5.88752e-05
-1.98 0.96 5.29463e-05
-1.98 1.02 4.69604e-05
-1.98 1.08 4.10785e-05
-1.98 1.14 3.5439e-05
-1.98 1.2 3.01538e-05
-1.98 1.26 2.53043e-05
-1.98 1.32 2.09425e-05
-1.98 1.38 1.70945e-05
-1.98 1.44 1.37616e-05
-1.98 1.5 1.09264e-05
-1.98 1.56 8.55605e-06
-1.98 1.62 6.60775e-06
-1.92 -0.3 4.21966e-05
-1.92 -0.24 5.00502e-05
-1.92 -0.18 5.85491e-05
-1.92 -0.12 6.75494e-05
-1.92 -0.06 7.68615e-05
-1.92 9.71445e-15 8.62566e-05
-1.92 0.06 9.54678e-05
-1.92 0.12 0.000104211
-1.92 0.18 0.000112193
-1.92 0.24 0.000119124
-1.92 0.3 0.000124746
-1.92 0.36 0.000128836
-1.92 0.42 0.000131232
-1.92 0.48 0.000131834
-1.92 0.54 0.000130621
-1.92 0.6 0.000127638
-1.92 0.66 0.000123011
-1.92 0.72 0.00011692
-1.92 0.78 0.000109604
-1.92 0.84 0.000101332
-1.92 0.9 9.23987e-05
-1.92 0.96 8.30942e-05
-1.92 1.02 7.7779e-05
-1.92 1.08 6.82876e-05
-1.92 1.14 5.91454e-05
-1.92 1.2 5.05348e-05
-1.92 1.26 4.25956e-05
-1.92 1.32 3.54206e-05
-1.92 1.38 2.90573e-05
-1.92 1.44 2.3517e-05
-1.92 1.5 1.87775e-05
-1.92 1.56 1.47919e-05
-1.92 1.62 1.14963e-05
-1.92 1.68 8.81543e-06
-1.86 -0.36 5.43082e-05
-1.86 -0.3 6.53134e-05
-1.86 -0.24 7.74686e-05
-1.86 -0.18 9.06224e-05
-1.86 -0.12 0.000104552
-1.86 -0.06 0.000118967
-1.86 9.71445e-15 0.000133508
-1.86 0.06 0.000147768
-1.86 0.12 0.0001613
-1.86 0.18 0.000173651
-1.86 0.24 0.000184382
-1.86 0.3 0.000193082
-1.86 0.36 0.000199412
-1.86 0.42 0.000203122
-1.86 0.48 0.000204057
-1.86 0.54 0.000202176
-1.86 0.6 0.00019756
-1.86 0.66 0.000190396
-1.86 0.72 0.00018097
-1.86 0.78 0.000177486
-1.86 0.84 0.000164607
-1.86 0.9 0.000150594
-1.86 0.96 0.000135908
-1.86 1.02 0.000120997
-1.86 1.08 0.000106267
-1.86 1.14 9.20706e-05
-1.86 1.2 7.86967e-05
-1.86 1.26 6.63586e-05
-1.86 1.32 5.52019e-05
-1.86 1.38 4.53043e-05
-1.86 1.44 3.66823e-05
-1.86 1.5 2.9303e-05
-1.86 1.56 2.30949e-05
-1.86 1.62 1.79584e-05
-1.86 1.68 1.37778e-05
-1.86 1.74 1.04295e-05
-1.8 -0.48 5.49883e-05
-1.8 -0.42 6.79877e-05
-1.8 -0.36 8.29034e-05
-1.8 -0.3 9.97032e-05
-1.8 -0.24 0.000118258
-1.8 -0.18 0.000138339
-1.8 -0.12 0.000159605
-1.8 -0.06 0.000181607
-1.8 9.71445e-15 0.000203806
-1.8 0.06 0.00022557
-1.8 0.12 0.000246232
-1.8 0.18 0.000265088
-1.8 0.24 0.000281467
-1.8 0.3 0.000294746
-1.8 0.36 0.000304414
-1.8 0.42 0.000310075
-1.8 0.48 0.000311499
-1.8 0.54 0.000308632
-1.8 0.6 0.000314038
-1.8 0.66 0.000303501
-1.8 0.72 0.000289343
-1.8 0.78 0.000272103
-1.8 0.84 0.000252428
-1.8 0.9 0.000231006
-1.8 0.96 0.000208546
-1.8 1.02 0.000185727
-1.8 1.08 0.000163174
-1.8 1.14 0.000141428
-1.8 1.2 0.00012093
-1.8 1.26 0.000102012
-1.8 1.32 8.48982e-05
-1.8 1.38 6.97079e-05
-1.8 1.44 5.64679e-05
-1.8 1.5 4.51306e-05
-1.8 1.56 3.55872e-05
-1.8 1.62 2.76875e-05
-1.8 1.68 2.1254e-05
-1.8 1.74 1.6098e-05
-1.8 1.8 1.20306e-05
-1.74 -0.54 6.6039e-05
-1.74 -0.48 8.27878e-05
-1.74 -0.42 0.000102359
-1.74 -0.36 0.000124815
-1.74 -0.3 0.000150108
-1.74 -0.24 0.000178043
-1.74 -0.18 0.000208276
-1.74 -0.12 0.000240295
-1.74 -0.06 0.000273422
-1.74 9.71445e-15 0.00030684
-1.74 0.06 0.000339609
-1.74 0.12 0.000370716
-1.74 0.18 0.000399104
-1.74 0.24 0.000423761
-1.74 0.3 0.000443756
-1.74 0.36 0.000458312
-1.74 0.42 0.000484061
-1.74 0.48 0.000487514
-1.74 0.54 0.000484326
-1.74 0.6 0.000474631
-1.74 0.66 0.000458822
-1.74 0.72 0.000437531
-1.74 0.78 0.000411581
-1.74 0.84 0.000381936
-1.74 0.9 0.000349633
-1.74 0.96 0.000315748
-1.74 1.02 0.000281302
-1.74 1.08 0.000247235
-1.74 1.14 0.000214371
-1.74 1.2 0.000183375
-1.74 1.26 0.000154759
-1.74 1.32 0.000128854
-1.74 1.38 0.000105849
-1.74 1.44 8.57876e-05
-1.74 1.5 6.86e-05
-1.74 1.56 5.41235e-05
-1.74 1.62 4.21325e-05
-1.74 1.68 3.23618e-05
-1.74 1.74 2.4526e-05
-1.74 1.8 1.8341e-05
-1.68 -0.6 7.71448e-05
-1.68 -0.54 9.8059e-05
-1.68 -0.48 0.000122928
-1.68 -0.42 0.000151988
-1.68 -0.36 0.000185334
-1.68 -0.3 0.000222891
-1.68 -0.24 0.00026437
-1.68 -0.18 0.00030926
-1.68 -0.12 0.000356803
-1.68 -0.06 0.000405995
-1.68 9.71445e-15 0.000455612
-1.68 0.06 0.000504273
-1.68 0.12 0.00055046
-1.68 0.18 0.000592611
-1.68 0.24 0.000629224
-1.68 0.3 0.000682174
-1.68 0.36 0.000706257
-1.68 0.42 0.000721259
-1.68 0.48 0.000726576
-1.68 0.54 0.000721996
-1.68 0.6 0.000707733
-1.68 0.66 0.000684344
-1.68 0.72 0.000652781
-1.68 0.78 0.000614258
-1.68 0.84 0.0005702
-1.68 0.9 0.000522155
-1.68 0.96 0.000471717
-1.68 1.02 0.000420416
-1.68 1.08 0.000369653
-1.68 1.14 0.000320649
-1.68 1.2 0.000274412
-1.68 1.26 0.000231695
-1.68 1.32 0.000193005
-1.68 1.38 0.000158628
-1.68 1.44 0.000128631
-1.68 1.5 0.000102917
-1.68 1.56 8.12459e-05
-1.68 1.62 6.32838e-05
-1.68 1.68 4.8638e-05
-1.68 1.74 3.68851e-05
-1.68 1.8 2.76015e-05
-1.68 1.86 2.03808e-05
-1.62 -0.66 8.76586e-05
-1.62 -0.6 0.000112974
-1.62 -0.54 0.000143602
-1.62 -0.48 0.000180022
-1.62 -0.42 0.00022258
-1.62 -0.36 0.000271412
-1.62 -0.3 0.000326413
-1.62 -0.24 0.000387159
-1.62 -0.18 0.000452896
-1.62 -0.12 0.000522517
-1.62 -0.06 0.000594558
-1.62 9.71445e-15 0.000667221
-1.62 0.06 0.000738486
-1.62 0.12 0.000806121
-1.62 0.18 0.000897158
-1.62 0.24 0.000954809
-1.62 0.3 0.00100234
-1.62 0.36 0.00103795
-1.62 0.42 0.00106025
-1.62 0.48 0.00106834
-1.62 0.54 0.00106189
-1.62 0.6 0.0010412
-1.62 0.66 0.00100709
-1.62 0.72 0.00096095
-1.62 0.78 0.000904537
-1.62 0.84 0.000839956
-1.62 0.9 0.000769469
-1.62 0.96 0.000695408
-1.62 1.02 0.000620032
-1.62 1.08 0.000545402
-1.62 1.14 0.000473311
-1.62 1.2 0.000405255
-1.62 1.26 0.000342338
-1.62 1.32 0.00028532
-1.62 1.38 0.000234626
-1.62 1.44 0.000190366
-1.62 1.5 0.000152399
-1.62 1.56 0.000120381
-1.62 1.62 9.38262e-05
-1.62 1.68 7.21583e-05
-1.62 1.74 5.47589e-05
-1.62 1.8 4.10049e-05
-1.62 1.86 3.02992e-05
-1.62 1.92 2.20926e-05
-1.56 -0.72 9.68843e-05
-1.56 -0.66 0.000126606
-1.56 -0.6 0.00016317
-1.56 -0.54 0.000207407
-1.56 -0.48 0.000260011
-1.56 -0.42 0.000321476
-1.56 -0.36 0.000392007
-1.56 -0.3 0.000471444
-1.56 -0.24 0.000559183
-1.56 -0.18 0.00065413
-1.56 -0.12 0.00075468
-1.56 -0.06 0.000858729
-1.56 9.71445e-15 0.000963683
-1.56 0.06 0.00110108
-1.56 0.12 0.0012046
-1.56 0.18 0.00129992
-1.56 0.24 0.00138375
-1.56 0.3 0.00145297
-1.56 0.36 0.00150495
-1.56 0.42 0.00153768
-1.56 0.48 0.00154983
-1.56 0.54 0.00154091
-1.56 0.6 0.00151135
-1.56 0.66 0.00146232
-1.56 0.72 0.00139579
-1.56 0.78 0.00131432
-1.56 0.84 0.00122094
-1.56 0.9 0.00111893
-1.56 0.96 0.00101165
-1.56 1.02 0.000902389
-1.56 1.08 0.000794139
-1.56 1.14 0.000689504
-1.56 1.2 0.00059066
-1.56 1.26 0.000499217
-1.56 1.32 0.000416299
-1.56 1.38 0.000342528
-1.56 1.44 0.000278078
-1.56 1.5 0.000222754
-1.56 1.56 0.000176066
-1.56 1.62 0.000137317
-1.56 1.68 0.000105678
-1.56 1.74 8.0252e-05
-1.56 1.8 6.0138e-05
-1.56 1.86 4.44695e-05
-1.56 1.92 3.24494e-05
-1.56 1.98 2.3366e-05
-1.5 -0.78 0.000104159
-1.5 -0.72 0.00013801
-1.5 -0.66 0.000180347
-1.5 -0.6 0.000232433
-1.5 -0.54 0.000295447
-1.5 -0.48 0.000370378
-1.5 -0.42 0.000457926
-1.5 -0.36 0.000558403
-1.5 -0.3 0.000671551
-1.5 -0.24 0.000796536
-1.5 -0.18 0.000931787
-1.5 -0.12 0.00107503
-1.5 -0.06 0.00122324
-1.5 9.71445e-15 0.0014182
-1.5 0.06 0.00157326
-1.5 0.12 0.00172151
-1.5 0.18 0.00185817
-1.5 0.24 0.00197843
-1.5 0.3 0.00207793
-1.5 0.36 0.00215285
-1.5 0.42 0.00220026
-1.5 0.48 0.00221828
-1.5 0.54 0.00220621
-1.5 0.6 0.0021646
-1.5 0.66 0.00209511
-1.5 0.72 0.00200049
-1.5 0.78 0.00188446
-1.5 0.84 0.00175127
-1.5 0.9 0.00160564
-1.5 0.96 0.00145235
-1.5 1.02 0.00129611
-1.5 1.08 0.00114118
-1.5 1.14 0.000991328
-1.5 1.2 0.000849658
-1.5 1.26 0.000718516
-1.5 1.32 0.000599525
-1.5 1.38 0.000493577
-1.5 1.44 0.000400957
-1.5 1.5 0.000321393
-1.5 1.56 0.0002542
-1.5 1.62 0.000198391
-1.5 1.68 0.000152787
-1.5 1.74 0.00011611
-1.5 1.8 8.70732e-05
-1.5 1.86 6.44358e-05
-1.5 1.92 4.70552e-05
-1.5 1.98 3.391e-05
-1.44 -0.84 0.000108922
-1.44 -0.78 0.000146332
-1.44 -0.72 0.000193888
-1.44 -0.66 0.000253366
-1.44 -0.6 0.000326544
-1.44 -0.54 0.000415066
-1.44 -0.48 0.000520338
-1.44 -0.42 0.000643345
-1.44 -0.36 0.000784485
-1.44 -0.3 0.000943456
-1.44 -0.24 0.00111903
-1.44 -0.18 0.00130905
-1.44 -0.12 0.00155814
-1.44 -0.06 0.00177683
-1.44 9.71445e-15 0.00199866
-1.44 0.06 0.00221763
-1.44 0.12 0.00242719
-1.44 0.18 0.00262047
-1.44 0.24 0.0027908
-1.44 0.3 0.0029319
-1.44 0.36 0.00303848
-1.44 0.42 0.00310633
-1.44 0.48 0.00313611
-1.44 0.54 0.00311998
-1.44 0.6 0.00306206
-1.44 0.66 0.00296472
-1.44 0.72 0.00283187
-1.44 0.78 0.00266857
-1.44 0.84 0.00248095
-1.44 0.9 0.00227558
-1.44 0.96 0.00205926
-1.44 1.02 0.00183856
-1.44 1.08 0.00161956
-1.44 1.14 0.00140762
-1.44 1.2 0.00120709
-1.44 1.26 0.00102136
-1.44 1.32 0.000852707
-1.44 1.38 0.000702448
-1.44 1.44 0.000570983
-1.44 1.5 0.000457748
-1.44 1.56 0.000362298
-1.44 1.62 0.000282958
-1.44 1.68 0.000218074
-1.44 1.74 0.000165848
-1.44 1.8 0.000124467
-1.44 1.86 9.21803e-05
-1.44 1.92 6.73689e-05
-1.44 1.98 4.85881e-05
-1.44 2.04 3.4582e-05
-1.38 -0.9 0.000110793
-1.38 -0.84 0.00015092
-1.38 -0.78 0.000202754
-1.38 -0.72 0.000268645
-1.38 -0.66 0.00035106
-1.38 -0.6 0.000452451
-1.38 -0.54 0.000575109
-1.38 -0.48 0.00072097
-1.38 -0.42 0.000891399
-1.38 -0.36 0.00108698
-1.38 -0.3 0.00130723
-1.38 -0.24 0.00155053
-1.38 -0.18 0.00187271
-1.38 -0.12 0.00216542
-1.38 -0.06 0.00246984
-1.38 9.71445e-15 0.00277881
-1.38 0.06 0.00308394
-1.38 0.12 0.00337613
-1.38 0.18 0.00364598
-1.38 0.24 0.00388992
-1.38 0.3 0.00408757
-1.38 0.36 0.00423717
-1.38 0.42 0.00433289
-1.38 0.48 0.00437103
-1.38 0.54 0.00435006
-1.38 0.6 0.00427089
-1.38 0.66 0.00413676
-1.38 0.72 0.00395298
-1.38 0.78 0.00372669
-1.38 0.84 0.00346621
-1.38 0.9 0.00318081
-1.38 0.96 0.00287985
-1.38 1.02 0.00257253
-1.38 1.08 0.00226735
-1.38 1.14 0.00197174
-1.38 1.2 0.00169185
-1.38 1.26 0.00143237
-1.38 1.32 0.00119662
-1.38 1.38 0.000986388
-1.38 1.44 0.000802331
-1.38 1.5 0.000643975
-1.38 1.56 0.000510042
-1.38 1.62 0.000398632
-1.38 1.68 0.000307442
-1.38 1.74 0.000233881
-1.38 1.8 0.000175661
-1.38 1.86 0.000130197
-1.38 1.92 9.52301e-05
-1.38 1.98 6.8738e-05
-1.38 2.04 4.89633e-05
-1.32 -0.9 0.000151402
-1.32 -0.84 0.000206237
-1.32 -0.78 0.000277068
-1.32 -0.72 0.000367113
-1.32 -0.66 0.000479734
-1.32 -0.6 0.000618284
-1.32 -0.54 0.0007859
-1.32 -0.48 0.000985229
-1.32 -0.42 0.00121812
-1.32 -0.36 0.00148538
-1.32 -0.3 0.00178638
-1.32 -0.24 0.00218935
-1.32 -0.18 0.00256696
-1.32 -0.12 0.00296881
-1.32 -0.06 0.00338694
-1.32 9.71445e-15 0.00381148
-1.32 0.06 0.00423991
-1.32 0.12 0.00464252
-1.32 0.18 0.00501447
-1.32 0.24 0.00534305
-1.32 0.3 0.00561617
-1.32 0.36 0.00582357
-1.32 0.42 0.00595723
-1.32 0.48 0.00601178
-1.32 0.54 0.00598512
-1.32 0.6 0.00587852
-1.32 0.66 0.00569624
-1.32 0.72 0.00544554
-1.32 0.78 0.00513612
-1.32 0.84 0.00477949
-1.32 0.9 0.00438812
-1.32 0.96 0.00397499
-1.32 1.02 0.00355277
-1.32 1.08 0.00313308
-1.32 1.14 0.00272622
-1.32 1.2 0.00234067
-1.32 1.26 0.00198298
-1.32 1.32 0.00165766
-1.32 1.38 0.00136737
-1.32 1.44 0.00111299
-1.32 1.5 0.000893962
-1.32 1.56 0.000708561
-1.32 1.62 0.000554198
-1.32 1.68 0.000427752
-1.32 1.74 0.000325808
-1.32 1.8 0.000244895
-1.32 1.86 0.000181652
-1.32 1.92 0.00013291
-1.32 1.98 9.60142e-05
-1.32 2.04 6.84498e-05
-1.32 2.1 4.81573e-05
-1.26 -0.96 0.000147738
-1.26 -0.9 0.000204053
-1.26 -0.84 0.000277955
-1.26 -0.78 0.000373419
-1.26 -0.72 0.000494774
-1.26 -0.66 0.000646563
-1.26 -0.6 0.000833299
-1.26 -0.54 0.0010592
-1.26 -0.48 0.00132783
-1.26 -0.42 0.00164174
-1.26 -0.36 0.00200192
-1.26 -0.3 0.00248971
-1.26 -0.24 0.00295998
-1.26 -0.18 0.00347127
-1.26 -0.12 0.00401559
-1.26 -0.06 0.00459468
-1.26 9.71445e-15 0.00517143
-1.26 0.06 0.00574167
-1.26 0.12 0.00628858
-1.26 0.18 0.00679444
-1.26 0.24 0.0072418
-1.26 0.3 0.0076144
-1.26 0.36 0.00789829
-1.26 0.42 0.00808235
-1.26 0.48 0.00815944
-1.26 0.54 0.00812657
-1.26 0.6 0.0079851
-1.26 0.66 0.00774089
-1.26 0.72 0.00740371
-1.26 0.78 0.00698641
-1.26 0.84 0.00650456
-1.26 0.9 0.00597509
-1.26 0.96 0.00541559
-1.26 1.02 0.00484309
-1.26 1.08 0.00427354
-1.26 1.14 0.00372088
-1.26 1.2 0.00319671
-1.26 1.26 0.00270997
-1.26 1.32 0.00226695
-1.26 1.38 0.00187128
-1.26 1.44 0.00152425
-1.26 1.5 0.0012252
-1.26 1.56 0.000971831
-1.26 1.62 0.000760706
-1.26 1.68 0.0005876
-1.26 1.74 0.000447916
-1.26 1.8 0.000336945
-1.26 1.86 0.000250136
-1.26 1.92 0.000183251
-1.26 1.98 0.000132487
-1.26 2.04 9.44823e-05
-1.26 2.1 6.65267e-05
-1.2 -1.02 0.00014023
-1.2 -0.96 0.000196379
-1.2 -0.9 0.000271232
-1.2 -0.84 0.000369463
-1.2 -0.78 0.00049636
-1.2 -0.72 0.000657671
-1.2 -0.66 0.000859422
-1.2 -0.6 0.00110764
-1.2 -0.54 0.00140791
-1.2 -0.48 0.00176499
-1.2 -0.42 0.00218222
-1.2 -0.36 0.002754
-1.2 -0.3 0.00332002
-1.2 -0.24 0.00394798
-1.2 -0.18 0.00464752
-1.2 -0.12 0.00537691
-1.2 -0.06 0.00613642
-1.2 9.71445e-15 0.0069084
-1.2 0.06 0.00767223
-1.2 0.12 0.00840544
-1.2 0.18 0.00908431
-1.2 0.24 0.00968548
-1.2 0.3 0.0101873
-1.2 0.36 0.010571
-1.2 0.42 0.0108214
-1.2 0.48 0.010929
-1.2 0.54 0.0108895
-1.2 0.6 0.0107048
-1.2 0.66 0.0103823
-1.2 0.72 0.00993478
-1.2 0.78 0.00937963
-1.2 0.84 0.00873735
-1.2 0.9 0.00803063
-1.2 0.96 0.00728291
-1.2 1.02 0.00651698
-1.2 1.08 0.00575415
-1.2 1.14 0.00501325
-1.2 1.2 0.00430986
-1.2 1.26 0.0036562
-1.2 1.32 0.00306065
-1.2 1.38 0.00252827
-1.2 1.44 0.00206093
-1.2 1.5 0.00165785
-1.2 1.56 0.00131603
-1.2 1.62 0.00103092
-1.2 1.68 0.000796972
-1.2 1.74 0.000607998
-1.2 1.8 0.000457742
-1.2 1.86 0.000340091
-1.2 1.92 0.000249356
-1.2 1.98 0.000180428
-1.2 2.04 0.000128837
-1.2 2.1 9.07882e-05
-1.2 2.16 6.31055e-05
-1.14 -1.02 0.000183835
-1.14 -0.96 0.000257443
-1.14 -0.9 0.00035557
-1.14 -0.84 0.000484346
-1.14 -0.78 0.000650702
-1.14 -0.72 0.000862175
-1.14 -0.66 0.00112667
-1.14 -0.6 0.00145206
-1.14 -0.54 0.00184571
-1.14 -0.48 0.00231382
-1.14 -0.42 0.00296326
-1.14 -0.36 0.0036223
-1.14 -0.3 0.0043881
-1.14 -0.24 0.00521841
-1.14 -0.18 0.00612171
-1.14 -0.12 0.00708411
-1.14 -0.06 0.00808683
-1.14 9.71445e-15 0.00910653
-1.14 0.06 0.0101164
-1.14 0.12 0.0110864
-1.14 0.18 0.0119857
-1.14 0.24 0.0127832
-1.14 0.3 0.0134504
-1.14 0.36 0.0139622
-1.14 0.42 0.0142989
-1.14 0.48 0.0144472
-1.14 0.54 0.0144014
-1.14 0.6 0.0141639
-1.14 0.66 0.0137438
-1.14 0.72 0.0131582
-1.14 0.78 0.0124297
-1.14 0.84 0.0115851
-1.14 0.9 0.0106542
-1.14 0.96 0.00966801
-1.14 1.02 0.00865674
-1.14 1.08 0.00764844
-1.14 1.14 0.00666808
-1.14 1.2 0.0057365
-1.14 1.26 0.00486991
-1.14 1.32 0.00407962
-1.14 1.38 0.0033725
-1.14 1.44 0.00275122
-1.14 1.5 0.00221484
-1.14 1.56 0.00175956
-1.14 1.62 0.00137948
-1.14 1.68 0.00106728
-1.14 1.74 0.000814881
-1.14 1.8 0.000613996
-1.14 1.86 0.000456555
-1.14 1.92 0.000335023
-1.14 1.98 0.000242613
-1.14 2.04 0.000173382
-1.14 2.1 0.000122278
-1.14 2.16 8.51027e-05
-1.08 -1.08 0.000167392
-1.08 -1.02 0.000237686
-1.08 -0.96 0.000332854
-1.08 -0.9 0.000459726
-1.08 -0.84 0.000626224
-1.08 -0.78 0.000841309
-1.08 -0.72 0.00111473
-1.08 -0.66 0.00145671
-1.08 -0.6 0.0018774
-1.08 -0.54 0.00238638
-1.08 -0.48 0.00310142
-1.08 -0.42 0.0038677
-1.08 -0.36 0.00472789
-1.08 -0.3 0.00570099
-1.08 -0.24 0.00678115
-1.08 -0.18 0.00795681
-1.08 -0.12 0.00920993
-1.08 -0.06 0.0105164
-1.08 9.71445e-15 0.0118458
-1.08 0.06 0.0131634
-1.08 0.12 0.0144303
-1.08 0.18 0.015606
-1.08 0.24 0.0166506
-1.08 0.3 0.0175264
-1.08 0.36 0.0182006
-1.08 0.42 0.0186474
-1.08 0.48 0.0188493
-1.08 0.54 0.0187985
-1.08 0.6 0.0184975
-1.08 0.66 0.0179582
-1.08 0.72 0.0172024
-1.08 0.78 0.0162592
-1.08 0.84 0.0151633
-1.08 0.9 0.0139534
-1.08 0.96 0.0126698
-1.08 1.02 0.0113518
-1.08 1.08 0.0100365
-1.08 1.14 0.00875603
-1.08 1.2 0.00753819
-1.08 1.26 0.00640407
-1.08 1.32 0.00536881
-1.08 1.38 0.00444162
-1.08 1.44 0.00362618
-1.08 1.5 0.00292153
-1.08 1.56 0.00232285
-1.08 1.62 0.00182256
-1.08 1.68 0.00141123
-1.08 1.74 0.00107837
-1.08 1.8 0.000813197
-1.08 1.86 0.000605172
-1.08 1.92 0.000444441
-1.08 1.98 0.000322112
-1.08 2.04 0.000230382
-1.08 2.1 0.000162607
-1.08 2.16 0.000113259
-1.08 2.22 7.78484e-05
-1.02 -1.14 0.000148258
-1.02 -1.08 0.000213452
-1.02 -1.02 0.000303087
-1.02 -0.96 0.000424441
-1.02 -0.9 0.000586226
-1.02 -0.84 0.00079854
-1.02 -0.78 0.0010728
-1.02 -0.72 0.00142146
-1.02 -0.66 0.00185753
-1.02 -0.6 0.00239399
-1.02 -0.54 0.0031575
-1.02 -0.48 0.00399898
-1.02 -0.42 0.00495655
-1.02 -0.36 0.00606004
-1.02 -0.3 0.0073089
-1.02 -0.24 0.0086957
-1.02 -0.18 0.0102057
-1.02 -0.12 0.0118161
-1.02 -0.06 0.013496
-1.02 9.71445e-15 0.0152067
-1.02 0.06 0.0169035
-1.02 0.12 0.0185367
-1.02 0.18 0.0200543
-1.02 0.24 0.0214049
-1.02 0.3 0.0225397
-1.02 0.36 0.0234168
-1.02 0.42 0.0240024
-1.02 0.48 0.0242739
-1.02 0.54 0.0242204
-1.02 0.6 0.0238449
-1.02 0.66 0.0231622
-1.02 0.72 0.0222001
-1.02 0.78 0.0209951
-1.02 0.84 0.0195921
-1.02 0.9 0.0180402
-1.02 0.96 0.0163914
-1.02 1.02 0.0146962
-1.02 1.08 0.0130023
-1.02 1.14 0.0113517
-1.02 1.2 0.00977998
-1.02 1.26 0.00831481
-1.02 1.32 0.00697597
-1.02 1.38 0.00577574
-1.02 1.44 0.00471908
-1.02 1.5 0.00380507
-1.02 1.56 0.00302776
-1.02 1.62 0.00237759
-1.02 1.68 0.00184248
-1.02 1.74 0.00140906
-1.02 1.8 0.00106344
-1.02 1.86 0.000792037
-1.02 1.92 0.000582148
-1.02 1.98 0.000422254
-1.02 2.04 0.000302246
-1.02 2.1 0.000213498
-1.02 2.16 0.000148822
-1.02 2.22 0.000102369
-0.96 -1.14 0.000186456
-0.96 -1.08 0.000268444
-0.96 -1.02 0.00038117
-0.96 -0.96 0.000533796
-0.96 -0.9 0.000737253
-0.96 -0.84 0.00100427
-0.96 -0.78 0.00134919
-0.96 -0.72 0.00178766
-0.96 -0.66 0.00233608
-0.96 -0.6 0.00312682
-0.96 -0.54 0.00402361
-0.96 -0.48 0.00505648
-0.96 -0.42 0.00626836
-0.96 -0.36 0.0076655
-0.96 -0.3 0.00924721
-0.96 -0.24 0.0110045
-0.96 -0.18 0.0129187
-0.96 -0.12 0.0149613
-0.96 -0.06 0.0170934
-0.96 9.71445e-15 0.0192661
-0.96 0.06 0.0214232
-0.96 0.12 0.0235014
-0.96 0.18 0.0254349
-0.96 0.24 0.0271589
-0.96 0.3 0.0286111
-0.96 0.36 0.0297375
-0.96 0.42 0.0304958
-0.96 0.48 0.0308559
-0.96 0.54 0.0308038
-0.96 0.6 0.0303427
-0.96 0.66 0.029491
-0.96 0.72 0.0282826
-0.96 0.78 0.0267638
-0.96 0.84 0.0249911
-0.96 0.9 0.0230268
-0.96 0.96 0.0209362
-0.96 1.02 0.0187841
-0.96 1.08 0.016631
-0.96 1.14 0.0145303
-0.96 1.2 0.0125279
-0.96 1.26 0.0106591
-0.96 1.32 0.00894978
-0.96 1.38 0.00741575
-0.96 1.44 0.00606391
-0.96 1.5 0.00489334
-0.96 1.56 0.00389685
-0.96 1.62 0.00306251
-0.96 1.68 0.0023752
-0.96 1.74 0.00181794
-0.96 1.8 0.00137313
-0.96 1.86 0.00102352
-0.96 1.92 0.00075289
-0.96 1.98 0.000546527
-0.96 2.04 0.000391505
-0.96 2.1 0.000276759
-0.96 2.16 0.000193064
-0.96 2.22 0.000132899
-0.9 -1.2 0.000158427
-0.9 -1.14 0.000231269
-0.9 -1.08 0.00033296
-0.9 -1.02 0.000472785
-0.9 -0.96 0.000662093
-0.9 -0.9 0.000914455
-0.9 -0.84 0.00124565
-0.9 -0.78 0.00167348
-0.9 -0.72 0.00221734
-0.9 -0.66 0.00293718
-0.9 -0.6 0.00393991
-0.9 -0.54 0.00502018
-0.9 -0.48 0.00630997
-0.9 -0.42 0.00782372
-0.9 -0.36 0.00956958
-0.9 -0.3 0.0115468
-0.9 -0.24 0.0137444
-0.9 -0.18 0.0161396
-0.9 -0.12 0.0186971
-0.9 -0.06 0.0213681
-0.9 9.71445e-15 0.0240921
-0.9 0.06 0.0267988
-0.9 0.12 0.0294095
-0.9 0.18 0.0318421
-0.9 0.24 0.0340141
-0.9 0.3 0.035849
-0.9 0.36 0.0372783
-0.9 0.42 0.0382475
-0.9 0.48 0.0387188
-0.9 0.54 0.0386746
-0.9 0.6 0.0381172
-0.9 0.66 0.0370691
-0.9 0.72 0.0355713
-0.9 0.78 0.0336827
-0.9 0.84 0.0314721
-0.9 0.9 0.029018
-0.9 0.96 0.0264021
-0.9 1.02 0.0237051
-0.9 1.08 0.0210031
-0.9 1.14 0.018364
-0.9 1.2 0.0158451
-0.9 1.26 0.013492
-0.9 1.32 0.0113373
-0.9 1.38 0.00940146
-0.9 1.44 0.00769379
-0.9 1.5 0.0062136
-0.9 1.56 0.00495225
-0.9 1.62 0.00389505
-0.9 1.68 0.00302337
-0.9 1.74 0.00231586
-0.9 1.8 0.00175063
-0.9 1.86 0.00130594
-0.9 1.92 0.000961386
-0.9 1.98 0.000698415
-0.9 2.04 0.000500688
-0.9 2.1 0.000354204
-0.9 2.16 0.000247266
-0.9 2.22 0.000170333
-0.9 2.28 0.000115783
-0.84 -1.2 0.000193803
-0.84 -1.14 0.000282912
-0.84 -1.08 0.000407313
-0.84 -1.02 0.000578352
-0.84 -0.96 0.000809935
-0.84 -0.9 0.00111865
-0.84 -0.84 0.00152381
-0.84 -0.78 0.00204715
-0.84 -0.72 0.00275923
-0.84 -0.66 0.00375505
-0.84 -0.6 0.0048511
-0.84 -0.54 0.00618209
-0.84 -0.48 0.00777191
-0.84 -0.42 0.00963838
-0.84 -0.36 0.0117915
-0.84 -0.3 0.0142313
-0.84 -0.24 0.0169442
-0.84 -0.18 0.0199025
-0.84 -0.12 0.0230629
-0.84 -0.06 0.0263659
-0.84 9.71445e-15 0.0297376
-0.84 0.06 0.0330905
-0.84 0.12 0.0363288
-0.84 0.18 0.0393497
-0.84 0.24 0.0420529
-0.84 0.3 0.0443415
-0.84 0.36 0.0461317
-0.84 0.42 0.0473553
-0.84 0.48 0.0479643
-0.84 0.54 0.0479369
-0.84 0.6 0.0472728
-0.84 0.66 0.0460012
-0.84 0.72 0.044171
-0.84 0.78 0.0418522
-0.84 0.84 0.039132
-0.84 0.9 0.0361056
-0.84 0.96 0.032874
-0.84 1.02 0.0295372
-0.84 1.08 0.0261897
-0.84 1.14 0.0229164
-0.84 1.2 0.0197884
-0.84 1.26 0.0168628
-0.84 1.32 0.0141809
-0.84 1.38 0.0117689
-0.84 1.44 0.00963888
-0.84 1.5 0.00779067
-0.84 1.56 0.00621414
-0.84 1.62 0.00489153
-0.84 1.68 0.00379983
-0.84 1.74 0.00291294
-0.84 1.8 0.0022037
-0.84 1.86 0.0016452
-0.84 1.92 0.00121206
-0.84 1.98 0.000881179
-0.84 2.04 0.000632175
-0.84 2.1 0.000447542
-0.84 2.16 0.000312641
-0.84 2.22 0.000215518
-0.84 2.28 0.000146593
-0.78 -1.2 0.00023382
-0.78 -1.14 0.000341323
-0.78 -1.08 0.000491414
-0.78 -1.02 0.000697776
-0.78 -0.96 0.000977163
-0.78 -0.9 0.00134963
-0.78 -0.84 0.00183842
-0.78 -0.78 0.00252356
-0.78 -0.72 0.00348401
-0.78 -0.66 0.00456332
-0.78 -0.6 0.00589604
-0.78 -0.54 0.00751508
-0.78 -0.48 0.00944913
-0.78 -0.42 0.0117208
-0.78 -0.36 0.0143425
-0.78 -0.3 0.0173141
-0.78 -0.24 0.02062
-0.78 -0.18 0.0242271
-0.78 -0.12 0.0280827
-0.78 -0.06 0.0321157
-0.78 9.71445e-15 0.0362352
-0.78 0.06 0.0403362
-0.78 0.12 0.0443006
-0.78 0.18 0.0480056
-0.78 0.24 0.0513262
-0.78 0.3 0.0541458
-0.78 0.36 0.05636
-0.78 0.42 0.0578851
-0.78 0.48 0.0586628
-0.78 0.54 0.0586623
-0.78 0.6 0.0578852
-0.78 0.66 0.0563622
-0.78 0.72 0.0541547
-0.78 0.78 0.0513468
-0.78 0.84 0.048042
-0.78 0.9 0.0443576
-0.78 0.96 0.0404166
-0.78 1.02 0.0363408
-0.78 1.08 0.0322469
-0.78 1.14 0.0282376
-0.78 1.2 0.0244023
-0.78 1.26 0.0208107
-0.78 1.32 0.0175146
-0.78 1.38 0.0145471
-0.78 1.44 0.0119237
-0.78 1.5 0.0096451
-0.78 1.56 0.00769947
-0.78 1.62 0.00606548
-0.78 1.68 0.00471543
-0.78 1.74 0.00361766
-0.78 1.8 0.00273891
-0.78 1.86 0.00204629
-0.78 1.92 0.00150867
-0.78 1.98 0.00109762
-0.78 2.04 0.000788007
-0.78 2.1 0.00055825
-0.78 2.16 0.000390247
-0.78 2.22 0.000269187
-0.78 2.28 0.000183217
-0.72 -1.26 0.000187972
-0.72 -1.2 0.000278222
-0.72 -1.14 0.000406146
-0.72 -1.08 0.00058473
-0.72 -1.02 0.000830277
-0.72 -0.96 0.00116274
-0.72 -0.9 0.00160592
-0.72 -0.84 0.00224751
-0.72 -0.78 0.00301689
-0.72 -0.72 0.0041794
-0.72 -0.66 0.00547469
-0.72 -0.6 0.00707465
-0.72 -0.54 0.00901865
-0.72 -0.48 0.0113419
-0.72 -0.42 0.0140711
-0.72 -0.36 0.0172223
-0.72 -0.3 0.0207955
-0.72 -0.24 0.0247729
-0.72 -0.18 0.029115
-0.72 -0.12 0.0337593
-0.72 -0.06 0.0386201
-0.72 9.71445e-15 0.0435901
-0.72 0.06 0.0485421
-0.72 0.12 0.0533356
-0.72 0.18 0.0578214
-0.72 0.24 0.0618497
-0.72 0.3 0.0652794
-0.72 0.36 0.067984
-0.72 0.42 0.0698613
-0.72 0.48 0.070839
-0.72 0.54 0.0708808
-0.72 0.6 0.0699843
-0.72 0.66 0.0681874
-0.72 0.72 0.0655592
-0.72 0.78 0.0622015
-0.72 0.84 0.0582384
-0.72 0.9 0.0538107
-0.72 0.96 0.0490656
-0.72 1.02 0.0441506
-0.72 1.08 0.0392059
-0.72 1.14 0.034358
-0.72 1.2 0.029714
-0.72 1.26 0.0253605
-0.72 1.32 0.0213607
-0.72 1.38 0.0177554
-0.72 1.44 0.0145649
-0.72 1.5 0.0117908
-0.72 1.56 0.00941951
-0.72 1.62 0.00742619
-0.72 1.68 0.00577776
-0.72 1.74 0.00443598
-0.72 1.8 0.00336097
-0.72 1.86 0.00251289
-0.72 1.92 0.001854
-0.72 1.98 0.0013498
-0.72 2.04 0.000969718
-0.72 2.1 0.000687433
-0.72 2.16 0.000480858
-0.72 2.22 0.0003319
-0.72 2.28 0.000226037
-0.66 -1.26 0.000220593
-0.66 -1.2 0.000326506
-0.66 -1.14 0.000476628
-0.66 -1.08 0.000686211
-0.66 -1.02 0.000974365
-0.66 -0.96 0.00136452
-0.66 -0.9 0.00194963
-0.66 -0.84 0.00265297
-0.66 -0.78 0.00372769
-0.66 -0.72 0.00495039
-0.66 -0.66 0.00648538
-0.66 -0.6 0.0083816
-0.66 -0.54 0.0106865
-0.66 -0.48 0.0134415
-0.66 -0.42 0.0166793
-0.66 -0.36 0.020419
-0.66 -0.3 0.0246616
-0.66 -0.24 0.0293861
-0.66 -0.18 0.0345465
-0.66 -0.12 0.0400697
-0.66 -0.06 0.0458551
-0.66 9.71445e-15 0.0517749
-0.66 0.06 0.0576801
-0.66 0.12 0.0634023
-0.66 0.18 0.0687647
-0.66 0.24 0.073591
-0.66 0.3 0.0777102
-0.66 0.36 0.0809717
-0.66 0.42 0.0832543
-0.66 0.48 0.0844691
-0.66 0.54 0.0845682
-0.66 0.6 0.083551
-0.66 0.66 0.081457
-0.66 0.72 0.0783699
-0.66 0.78 0.074407
-0.66 0.84 0.0697155
-0.66 0.9 0.0644609
-0.66 0.96 0.0588188
-0.66 1.02 0.0529663
-0.66 1.08 0.0470701
-0.66 1.14 0.0412807
-0.66 1.2 0.0357288
-0.66 1.26 0.0305175
-0.66 1.32 0.025724
-0.66 1.38 0.0213988
-0.66 1.44 0.0175671
-0.66 1.5 0.0142321
-0.66 1.56 0.0113785
-0.66 1.62 0.00897744
-0.66 1.68 0.00698978
-0.66 1.74 0.00537051
-0.66 1.8 0.00407192
-0.66 1.86 0.00304657
-0.66 1.92 0.00224928
-0.66 1.98 0.00163868
-0.66 2.04 0.00117802
-0.66 2.1 0.000835633
-0.66 2.16 0.000584891
-0.66 2.22 0.000403937
-0.66 2.28 0.000275259
-0.66 2.34 0.000185069
-0.6 -1.32 0.000170125
-0.6 -1.26 0.000255315
-0.6 -1.2 0.000377902
-0.6 -1.14 0.000551654
-0.6 -1.08 0.00079423
-0.6 -1.02 0.00112774
-0.6 -0.96 0.00164786
-0.6 -0.9 0.00227301
-0.6 -0.84 0.00323879
-0.6 -0.78 0.0043602
-0.6 -0.72 0.0057907
-0.6 -0.66 0.00758696
-0.6 -0.6 0.00980645
-0.6 -0.54 0.0125046
-0.6 -0.48 0.015731
-0.6 -0.42 0.019524
-0.6 -0.36 0.0239063
-0.6 -0.3 0.0288802
-0.6 -0.24 0.0344219
-0.6 -0.18 0.0404783
-0.6 -0.12 0.0469644
-0.6 -0.06 0.0537634
-0.6 9.71445e-15 0.0607271
-0.6 0.06 0.0676796
-0.6 0.12 0.0744252
-0.6 0.18 0.0807568
-0.6 0.24 0.086466
-0.6 0.3 0.0913517
-0.6 0.36 0.0952365
-0.6 0.42 0.0979748
-0.6 0.48 0.0994618
-0.6 0.54 0.0996391
-0.6 0.6 0.0985013
-0.6 0.66 0.0960951
-0.6 0.72 0.0925147
-0.6 0.78 0.087896
-0.6 0.84 0.0824116
-0.6 0.9 0.0762546
-0.6 0.96 0.0696313
-0.6 1.02 0.0627486
-0.6 1.08 0.0558047
-0.6 1.14 0.0489784
-0.6 1.2 0.042423
-0.6 1.26 0.0362625
-0.6 1.32 0.03059
-0.6 1.38 0.0254661
-0.6 1.44 0.0209218
-0.6 1.5 0.0169623
-0.6 1.56 0.0135714
-0.6 1.62 0.0107155
-0.6 1.68 0.00834889
-0.6 1.74 0.00641933
-0.6 1.8 0.00487048
-0.6 1.86 0.00364649
-0.6 1.92 0.00269398
-0.6 1.98 0.00196391
-0.6 2.04 0.00141271
-0.6 2.1 0.0010027
-0.6 2.16 0.000702237
-0.6 2.22 0.000485255
-0.6 2.28 0.000330848
-0.6 2.34 0.000222562
-0.54 -1.32 0.000194199
-0.54 -1.26 0.000291444
-0.54 -1.2 0.000431375
-0.54 -1.14 0.000629716
-0.54 -1.08 0.000906613
-0.54 -1.02 0.00135754
-0.54 -0.96 0.00189807
-0.54 -0.9 0.00261745
-0.54 -0.84 0.00374196
-0.54 -0.78 0.0050377
-0.54 -0.72 0.00669075
-0.54 -0.66 0.00876673
-0.54 -0.6 0.0113324
-0.54 -0.54 0.0144521
-0.54 -0.48 0.0181836
-0.54 -0.42 0.0225717
-0.54 -0.36 0.0276434
-0.54 -0.3 0.0334023
-0.54 -0.24 0.0398217
-0.54 -0.18 0.0468412
-0.54 -0.12 0.0543638
-0.54 -0.06 0.0622543
-0.54 9.71445e-15 0.0703436
-0.54 0.06 0.0784273
-0.54 0.12 0.0862812
-0.54 0.18 0.0936631
-0.54 0.24 0.100332
-0.54 0.3 0.106054
-0.54 0.36 0.110623
-0.54 0.42 0.113867
-0.54 0.48 0.11566
-0.54 0.54 0.115937
-0.54 0.6 0.114683
-0.54 0.66 0.111955
-0.54 0.72 0.107855
-0.54 0.78 0.10254
-0.54 0.84 0.0962081
-0.54 0.9 0.0890832
-0.54 0.96 0.081404
-0.54 1.02 0.0734108
-0.54 1.08 0.0653349
-0.54 1.14 0.057385
-0.54 1.2 0.0497412
-0.54 1.26 0.0425497
-0.54 1.32 0.0359202
-0.54 1.38 0.0299254
-0.54 1.44 0.0246033
-0.54 1.5 0.0199616
-0.54 1.56 0.0159824
-0.54 1.62 0.0126278
-0.54 1.68 0.00984583
-0.54 1.74 0.00757529
-0.54 1.8 0.00575133
-0.54 1.86 0.00430879
-0.54 1.92 0.00318527
-0.54 1.98 0.00232347
-0.54 2.04 0.00167233
-0.54 2.1 0.00118765
-0.54 2.16 0.000832206
-0.54 2.22 0.000575376
-0.54 2.28 0.000392486
-0.54 2.34 0.000264158
-0.48 -1.32 0.000218631
-0.48 -1.26 0.000328112
-0.48 -1.2 0.000485647
-0.48 -1.14 0.000708943
-0.48 -1.08 0.00102067
-0.48 -1.02 0.00154543
-0.48 -0.96 0.0021601
-0.48 -0.9 0.00313017
-0.48 -0.84 0.00427152
-0.48 -0.78 0.00575057
-0.48 -0.72 0.00763763
-0.48 -0.66 0.0100077
-0.48 -0.6 0.0129374
-0.48 -0.54 0.0165004
-0.48 -0.48 0.0207633
-0.48 -0.42 0.0257777
-0.48 -0.36 0.0315754
-0.48 -0.3 0.038161
-0.48 -0.24 0.0455057
-0.48 -0.18 0.0535414
-0.48 -0.12 0.0621582
-0.48 -0.06 0.071203
-0.48 9.71445e-15 0.0804831
-0.48 0.06 0.089766
-0.48 0.12 0.0987955
-0.48 0.18 0.107296
-0.48 0.24 0.114988
-0.48 0.3 0.121607
-0.48 0.36 0.126911
-0.48 0.42 0.130704
-0.48 0.48 0.132838
-0.48 0.54 0.133234
-0.48 0.6 0.131876
-0.48 0.66 0.128819
-0.48 0.72 0.124181
-0.48 0.78 0.11814
-0.48 0.84 0.110921
-0.48 0.9 0.102777
-0.48 0.96 0.0939841
-0.48 1.02 0.0848165
-0.48 1.08 0.0755388
-0.48 1.14 0.0663957
-0.48 1.2 0.0575925
-0.48 1.26 0.0493013
-0.48 1.32 0.0416498
-0.48 1.38 0.0347233
-0.48 1.44 0.028568
-0.48 1.5 0.0231943
-0.48 1.56 0.0185834
-0.48 1.62 0.0146928
-0.48 1.68 0.0114633
-0.48 1.74 0.00882549
-0.48 1.8 0.0067047
-0.48 1.86 0.00502605
-0.48 1.92 0.0037177
-0.48 1.98 0.00271339
-0.48 2.04 0.00195406
-0.48 2.1 0.00138848
-0.48 2.16 0.000973433
-0.48 2.22 0.000673347
-0.48 2.28 0.000459539
-0.48 2.34 0.000309426
-0.42 -1.32 0.000242753
-0.42 -1.26 0.000364313
-0.42 -1.2 0.000539232
-0.42 -1.14 0.000787163
-0.42 -1.08 0.00122753
-0.42 -1.02 0.0017389
-0.42 -0.96 0.0024296
-0.42 -0.9 0.00353151
-0.42 -0.84 0.0048188
-0.42 -0.78 0.00648702
-0.42 -0.72 0.00861555
-0.42 -0.66 0.0112891
-0.42 -0.6 0.0145944
-0.42 -0.54 0.0186148
-0.42 -0.48 0.0234259
-0.42 -0.42 0.0290865
-0.42 -0.36 0.0356339
-0.42 -0.3 0.0430734
-0.42 -0.24 0.0513744
-0.42 -0.18 0.0604611
-0.42 -0.12 0.0702107
-0.42 -0.06 0.0804512
-0.42 9.71445e-15 0.090967
-0.42 0.06 0.101495
-0.42 0.12 0.111748
-0.42 0.18 0.121415
-0.42 0.24 0.130178
-0.42 0.3 0.137737
-0.42 0.36 0.143818
-0.42 0.42 0.148193
-0.42 0.48 0.150696
-0.42 0.54 0.151234
-0.42 0.6 0.14978
-0.42 0.66 0.146399
-0.42 0.72 0.141218
-0.42 0.78 0.134436
-0.42 0.84 0.126303
-0.42 0.9 0.117109
-0.42 0.96 0.107162
-0.42 1.02 0.0967757
-0.42 1.08 0.0862501
-0.42 1.14 0.0758623
-0.42 1.2 0.0658497
-0.42 1.26 0.0564088
-0.42 1.32 0.0476869
-0.42 1.38 0.0397832
-0.42 1.44 0.032753
-0.42 1.5 0.0266098
-0.42 1.56 0.0213336
-0.42 1.62 0.016878
-0.42 1.68 0.0131765
-0.42 1.74 0.0101506
-0.42 1.8 0.00771585
-0.42 1.86 0.00578742
-0.42 1.92 0.00428327
-0.42 1.98 0.00312786
-0.42 2.04 0.0022537
-0.42 2.1 0.00160217
-0.42 2.16 0.0011238
-0.42 2.22 0.000777719
-0.42 2.28 0.000531002
-0.42 2.34 0.000357694
-0.36 -1.38 0.000174699
-0.36 -1.32 0.000265833
-0.36 -1.26 0.000398946
-0.36 -1.2 0.000590496
-0.36 -1.14 0.000951671
-0.36 -1.08 0.00136622
-0.36 -1.02 0.00193451
-0.36 -0.96 0.00270174
-0.36 -0.9 0.0039388
-0.36 -0.84 0.00537383
-0.36 -0.78 0.00723345
-0.36 -0.72 0.00960621
-0.36 -0.66 0.0125868
-0.36 -0.6 0.0162717
-0.36 -0.54 0.0207546
-0.36 -0.48 0.0261196
-0.36 -0.42 0.0324343
-0.36 -0.36 0.0397394
-0.36 -0.3 0.0480434
-0.36 -0.24 0.0573116
-0.36 -0.18 0.0674623
-0.36 -0.12 0.0783596
-0.36 -0.06 0.0898137
-0.36 9.71445e-15 0.101583
-0.36 0.06 0.113379
-0.36 0.12 0.124879
-0.36 0.18 0.135734
-0.36 0.24 0.145593
-0.36 0.3 0.154116
-0.36 0.36 0.160998
-0.36 0.42 0.165981
-0.36 0.48 0.168875
-0.36 0.54 0.16957
-0.36 0.6 0.168036
-0.36 0.66 0.164339
-0.36 0.72 0.158621
-0.36 0.78 0.151097
-0.36 0.84 0.142047
-0.36 0.9 0.131791
-0.36 0.96 0.120676
-0.36 1.02 0.10905
-0.36 1.08 0.0972548
-0.36 1.14 0.0855977
-0.36 1.2 0.0743498
-0.36 1.26 0.0637316
-0.36 1.32 0.0539124
-0.36 1.38 0.0450062
-0.36 1.44 0.0370764
-0.36 1.5 0.0301412
-0.36 1.56 0.0241798
-0.36 1.62 0.0191412
-0.36 1.68 0.0149521
-0.36 1.74 0.0115249
-0.36 1.8 0.00876548
-0.36 1.86 0.00657823
-0.36 1.92 0.00487106
-0.36 1.98 0.0035589
-0.36 2.04 0.00256551
-0.36 2.1 0.0018247
-0.36 2.16 0.00128045
-0.36 2.22 0.000886509
-0.36 2.28 0.000605526
-0.36 2.34 0.000408058
-0.3 -1.38 0.000188677
-0.3 -1.32 0.000287104
-0.3 -1.26 0.000430877
-0.3 -1.2 0.000637755
-0.3 -1.14 0.00104823
-0.3 -1.08 0.00150407
-0.3 -1.02 0.00212864
-0.3 -0.96 0.00314197
-0.3 -0.9 0.00434406
-0.3 -0.84 0.0059257
-0.3 -0.78 0.00797503
-0.3 -0.72 0.0105898
-0.3 -0.66 0.0138741
-0.3 -0.6 0.0179347
-0.3 -0.54 0.0228753
-0.3 -0.48 0.0287884
-0.3 -0.42 0.0357493
-0.3 -0.36 0.0438043
-0.3 -0.3 0.0529627
-0.3 -0.24 0.0631888
-0.3 -0.18 0.0743924
-0.3 -0.12 0.0864256
-0.3 -0.06 0.0990832
-0.3 9.71445e-15 0.112097
-0.3 0.06 0.125152
-0.3 0.12 0.13789
-0.3 0.18 0.14993
-0.3 0.24 0.160884
-0.3 0.3 0.170374
-0.3 0.36 0.178061
-0.3 0.42 0.183659
-0.3 0.48 0.186956
-0.3 0.54 0.187821
-0.3 0.6 0.186225
-0.3 0.66 0.182228
-0.3 0.72 0.175989
-0.3 0.78 0.16774
-0.3 0.84 0.157788
-0.3 0.9 0.146486
-0.3 0.96 0.134214
-0.3 1.02 0.121359
-0.3 1.08 0.1083
-0.3 1.14 0.0953784
-0.3 1.2 0.0828976
-0.3 1.26 0.0711025
-0.3 1.32 0.060184
-0.3 1.38 0.0502722
-0.3 1.44 0.0414393
-0.3 1.5 0.0337079
-0.3 1.56 0.0270569
-0.3 1.62 0.0214307
-0.3 1.68 0.0167496
-0.3 1.74 0.0129174
-0.3 1.8 0.00982968
-0.3 1.86 0.00738046
-0.3 1.92 0.00546775
-0.3 1.98 0.0039967
-0.3 2.04 0.0028824
-0.3 2.1 0.00205099
-0.3 2.16 0.00143984
-0.3 2.22 0.000997248
-0.3 2.28 0.00068143
-0.3 2.34 0.00045937
-0.24 -1.38 0.000200975
-0.24 -1.32 0.000305818
-0.24 -1.26 0.000458958
-0.24 -1.2 0.000785864
-0.24 -1.14 0.00114257
-0.24 -1.08 0.00163849
-0.24 -1.02 0.00231762
-0.24 -0.96 0.00342866
-0.24 -0.9 0.00473916
-0.24 -0.84 0.00646299
-0.24 -0.78 0.00869629
-0.24 -0.72 0.0115453
-0.24 -0.66 0.0151236
-0.24 -0.6 0.0195475
-0.24 -0.54 0.0249299
-0.24 -0.48 0.0313725
-0.24 -0.42 0.0389571
-0.24 -0.36 0.047735
-0.24 -0.3 0.0577183
-0.24 -0.24 0.0688676
-0.24 -0.18 0.0810879
-0.24 -0.12 0.0942197
-0.24 -0.06 0.108038
-0.24 9.71445e-15 0.122254
-0.24 0.06 0.136527
-0.24 0.12 0.150467
-0.24 0.18 0.163657
-0.24 0.24 0.175674
-0.24 0.3 0.186106
-0.24 0.36 0.194584
-0.24 0.42 0.200789
-0.24 0.48 0.204485
-0.24 0.54 0.205531
-0.24 0.6 0.203886
-0.24 0.66 0.199614
-0.24 0.72 0.19288
-0.24 0.78 0.18394
-0.24 0.84 0.173124
-0.24 0.9 0.160814
-0.24 0.96 0.147427
-0.24 1.02 0.133386
-0.24 1.08 0.119101
-0.24 1.14 0.104953
-0.24 1.2 0.0912709
-0.24 1.26 0.0783305
-0.24 1.32 0.0663403
-0.24 1.38 0.0554458
-0.24 1.44 0.0457292
-0.24 1.5 0.0372178
-0.24 1.56 0.02989
-0.24 1.62 0.0236868
-0.24 1.68 0.0185225
-0.24 1.74 0.0142915
-0.24 1.8 0.0108806
-0.24 1.86 0.00817339
-0.24 1.92 0.00605785
-0.24 1.98 0.00442994
-0.24 2.04 0.00319619
-0.24 2.1 0.00227516
-0.24 2.16 0.0015978
-0.24 2.22 0.00110706
-0.24 2.28 0.00075673
-0.24 2.34 0.000510304
-0.18 -1.38 0.000211131
-0.18 -1.32 0.000321272
-0.18 -1.26 0.000576057
-0.18 -1.2 0.000848567
-0.18 -1.14 0.00123292
-0.18 -1.08 0.00176695
-0.18 -1.02 0.00264371
-0.18 -0.96 0.00370231
-0.18 -0.9 0.00511559
-0.18 -0.84 0.00697415
-0.18 -0.78 0.00938135
-0.18 -0.72 0.0124515
-0.18 -0.66 0.0163071
-0.18 -0.6 0.0210732
-0.18 -0.54 0.0268714
-0.18 -0.48 0.0338116
-0.18 -0.42 0.0419821
-0.18 -0.36 0.0514394
-0.18 -0.3 0.0621957
-0.18 -0.24 0.0742119
-0.18 -0.18 0.0873853
-0.18 -0.12 0.101545
-0.18 -0.06 0.116452
-0.18 9.71445e-15 0.131798
-0.18 0.06 0.147214
-0.18 0.12 0.16228
-0.18 0.18 0.176555
-0.18 0.24 0.189574
-0.18 0.3 0.200899
-0.18 0.36 0.210123
-0.18 0.42 0.216904
-0.18 0.48 0.220987
-0.18 0.54 0.222213
-0.18 0.6 0.220533
-0.18 0.66 0.216015
-0.18 0.72 0.20883
-0.18 0.78 0.199251
-0.18 0.84 0.187629
-0.18 0.9 0.17438
-0.18 0.96 0.159948
-0.18 1.02 0.144789
-0.18 1.08 0.129353
-0.18 1.14 0.114048
-0.18 1.2 0.0992338
-0.18 1.26 0.0852084
-0.18 1.32 0.0722037
-0.18 1.38 0.0603775
-0.18 1.44 0.0498224
-0.18 1.5 0.0405692
-0.18 1.56 0.0325975
-0.18 1.62 0.0258451
-0.18 1.68 0.0202194
-0.18 1.74 0.015608
-0.18 1.8 0.011888
-0.18 1.86 0.00893387
-0.18 1.92 0.00662423
-0.18 1.98 0.00484603
-0.18 2.04 0.00349769
-0.18 2.1 0.00249066
-0.18 2.16 0.00174977
-0.18 2.22 0.00121276
-0.18 2.28 0.000829236
-0.18 2.34 0.000559369
-0.12 -1.38 0.000218752
-0.12 -1.32 0.000332871
-0.12 -1.26 0.000616485
-0.12 -1.2 0.00090746
-0.12 -1.14 0.00131759
-0.12 -1.08 0.00188698
-0.12 -1.02 0.00282688
-0.12 -0.96 0.00395706
-0.12 -0.9 0.00546525
-0.12 -0.84 0.00744793
-0.12 -0.78 0.010015
-0.12 -0.72 0.0132882
-0.12 -0.66 0.0173974
-0.12 -0.6 0.0224762
-0.12 -0.54 0.0286538
-0.12 -0.48 0.0360474
-0.12 -0.42 0.0447506
-0.12 -0.36 0.0548241
-0.12 -0.3 0.0662827
-0.12 -0.24 0.0790841
-0.12 -0.18 0.0931206
-0.12 -0.12 0.108213
-0.12 -0.06 0.124106
-0.12 9.71445e-15 0.140473
-0.12 0.06 0.156924
-0.12 0.12 0.173015
-0.12 0.18 0.188268
-0.12 0.24 0.202198
-0.12 0.3 0.214332
-0.12 0.36 0.224238
-0.12 0.42 0.231551
-0.12 0.48 0.235989
-0.12 0.54 0.237386
-0.12 0.6 0.235684
-0.12 0.66 0.23095
-0.12 0.72 0.223363
-0.12 0.78 0.21321
-0.12 0.84 0.200867
-0.12 0.9 0.186769
-0.12 0.96 0.171392
-0.12 1.02 0.155225
-0.12 1.08 0.138743
-0.12 1.14 0.122385
-0.12 1.2 0.106539
-0.12 1.26 0.0915268
-0.12 1.32 0.0775944
-0.12 1.38 0.0649156
-0.12 1.44 0.0535919
-0.12 1.5 0.0436585
-0.12 1.56 0.0350952
-0.12 1.62 0.027837
-0.12 1.68 0.0217873
-0.12 1.74 0.016825
-0.12 1.8 0.0128201
-0.12 1.86 0.0096381
-0.12 1.92 0.00714902
-0.12 1.98 0.00523179
-0.12 2.04 0.00377743
-0.12 2.1 0.00269075
-0.12 2.16 0.00189093
-0.12 2.22 0.00131098
-0.12 2.28 0.000896658
-0.12 2.34 0.00060501
-0.06 -1.38 0.000223532
-0.06 -1.32 0.000438336
-0.06 -1.26 0.000653655
-0.06 -1.2 0.000961461
-0.06 -1.14 0.00139494
-0.06 -1.08 0.00199629
-0.06 -1.02 0.00299297
-0.06 -0.96 0.00418731
-0.06 -0.9 0.00578038
-0.06 -0.84 0.00787367
-0.06 -0.78 0.0105828
-0.06 -0.72 0.0140358
-0.06 -0.66 0.0183694
-0.06 -0.6 0.0237234
-0.06 -0.54 0.0302345
-0.06 -0.48 0.038025
-0.06 -0.42 0.0471946
-0.06 -0.36 0.0578064
-0.06 -0.3 0.0698762
-0.06 -0.24 0.0833605
-0.06 -0.18 0.0981463
-0.06 -0.12 0.114045
-0.06 -0.06 0.130793
-0.06 9.71445e-15 0.148044
-0.06 0.06 0.16539
-0.06 0.12 0.182363
-0.06 0.18 0.198465
-0.06 0.24 0.213184
-0.06 0.3 0.22602
-0.06 0.36 0.236516
-0.06 0.42 0.244289
-0.06 0.48 0.249044
-0.06 0.54 0.25059
-0.06 0.6 0.248875
-0.06 0.66 0.243956
-0.06 0.72 0.236029
-0.06 0.78 0.225387
-0.06 0.84 0.212422
-0.06 0.9 0.197592
-0.06 0.96 0.181398
-0.06 1.02 0.164356
-0.06 1.08 0.146967
-0.06 1.14 0.129694
-0.06 1.2 0.11295
-0.06 1.26 0.0970755
-0.06 1.32 0.0823328
-0.06 1.38 0.0689087
-0.06 1.44 0.0569117
-0.06 1.5 0.0463817
-0.06 1.56 0.0372991
-0.06 1.62 0.0295971
-0.06 1.68 0.0231731
-0.06 1.74 0.0179021
-0.06 1.8 0.0136455
-0.06 1.86 0.0102621
-0.06 1.92 0.00761437
-0.06 1.98 0.00557412
-0.06 2.04 0.00402581
-0.06 2.1 0.00286855
-0.06 2.16 0.00201646
-0.06 2.22 0.00139837
-0.06 2.28 0.000956689
-0.06 2.34 0.000645663
9.71445e-15 -1.38 0.000225279
9.71445e-15 -1.32 0.000460963
9.71445e-15 -1.26 0.000686843
9.71445e-15 -1.2 0.00100949
9.71445e-15 -1.14 0.00146347
9.71445e-15 -1.08 0.00209273
9.71445e-15 -1.02 0.00313829
9.71445e-15 -0.96 0.00438802
9.71445e-15 -0.9 0.00605402
9.71445e-15 -0.84 0.00824187
9.71445e-15 -0.78 0.0110719
9.71445e-15 -0.72 0.0146771
9.71445e-15 -0.66 0.0191999
9.71445e-15 -0.6 0.0247854
9.71445e-15 -0.54 0.031575
9.71445e-15 -0.48 0.0396967
9.71445e-15 -0.42 0.0492532
9.71445e-15 -0.36 0.0603098
9.71445e-15 -0.3 0.0728833
9.71445e-15 -0.24 0.0869284
9.71445e-15 -0.18 0.102328
9.71445e-15 -0.12 0.118887
9.71445e-15 -0.06 0.136329
9.71445e-15 9.71445e-15 0.1543
9.71445e-15 0.06 0.172372
9.71445e-15 0.12 0.190062
9.71445e-15 0.18 0.206852
9.71445e-15 0.24 0.222208
9.71445e-15 0.3 0.235612
9.71445e-15 0.36 0.246588
9.71445e-15 0.42 0.254733
9.71445e-15 0.48 0.25974
9.71445e-15 0.54 0.261413
9.71445e-15 0.6 0.259685
9.71445e-15 0.66 0.254623
9.71445e-15 0.72 0.24642
9.71445e-15 0.78 0.23538
9.71445e-15 0.84 0.221911
9.71445e-15 0.9 0.206488
9.71445e-15 0.96 0.189631
9.71445e-15 1.02 0.171874
9.71445e-15 1.08 0.153744
9.71445e-15 1.14 0.135726
9.71445e-15 1.2 0.118246
9.71445e-15 1.26 0.101663
9.71445e-15 1.32 0.0862558
9.71445e-15 1.38 0.0722186
9.71445e-15 1.44 0.0596667
9.71445e-15 1.5 0.0486438
9.71445e-15 1.56 0.039132
9.71445e-15 1.62 0.0310622
9.71445e-15 1.68 0.0243282
9.71445e-15 1.74 0.0188005
9.71445e-15 1.8 0.0143348
9.71445e-15 1.86 0.0107837
9.71445e-15 1.92 0.00800379
9.71445e-15 1.98 0.00586086
9.71445e-15 2.04 0.00423407
9.71445e-15 2.1 0.00301769
9.71445e-15 2.16 0.00212183
9.71445e-15 2.22 0.00147181
9.71445e-15 2.28 0.00100715
9.71445e-15 2.34 0.000679878
0.06 -1.44 0.000145129
0.06 -1.38 0.000318341
0.06 -1.32 0.000480495
0.06 -1.26 0.000715363
0.06 -1.2 0.00105055
0.06 -1.14 0.00152178
0.06 -1.08 0.00230184
0.06 -1.02 0.00325955
0.06 -0.96 0.00455457
0.06 -0.9 0.00627974
0.06 -0.84 0.00854387
0.06 -0.78 0.0114707
0.06 -0.72 0.0151971
0.06 -0.66 0.0198693
0.06 -0.6 0.0256363
0.06 -0.54 0.0326431
0.06 -0.48 0.041021
0.06 -0.42 0.0508745
0.06 -0.36 0.0622709
0.06 -0.3 0.0752265
0.06 -0.24 0.0896947
0.06 -0.18 0.105555
0.06 -0.12 0.122606
0.06 -0.06 0.140565
0.06 9.71445e-15 0.159068
0.06 0.06 0.177673
0.06 0.12 0.19589
0.06 0.18 0.213182
0.06 0.24 0.229003
0.06 0.3 0.242819
0.06 0.36 0.254142
0.06 0.42 0.262555
0.06 0.48 0.267743
0.06 0.54 0.269505
0.06 0.6 0.267765
0.06 0.66 0.262595
0.06 0.72 0.254187
0.06 0.78 0.242854
0.06 0.84 0.229012
0.06 0.9 0.213151
0.06 0.96 0.195802
0.06 1.02 0.177519
0.06 1.08 0.158839
0.06 1.14 0.140265
0.06 1.2 0.122237
0.06 1.26 0.105127
0.06 1.32 0.0892224
0.06 1.38 0.074725
0.06 1.44 0.0617563
0.06 1.5 0.0503626
0.06 1.56 0.0405261
0.06 1.62 0.0321782
0.06 1.68 0.0252097
0.06 1.74 0.019487
0.06 1.8 0.0148621
0.06 1.86 0.0111835
0.06 1.92 0.00830263
0.06 1.98 0.00608118
0.06 2.04 0.00439426
0.06 2.1 0.00313256
0.06 2.16 0.00220309
0.06 2.22 0.0015285
0.06 2.28 0.00104615
0.06 2.34 0.000706335
0.12 -1.44 0.000142269
0.12 -1.38 0.000329197
0.12 -1.32 0.000496477
0.12 -1.26 0.000738558
0.12 -1.2 0.00108373
0.12 -1.14 0.00156856
0.12 -1.08 0.00237018
0.12 -1.02 0.00335386
0.12 -0.96 0.00468297
0.12 -0.9 0.00645222
0.12 -0.84 0.00877251
0.12 -0.78 0.0117698
0.12 -0.72 0.0155833
0.12 -0.66 0.0203615
0.12 -0.6 0.0262557
0.12 -0.54 0.0334126
0.12 -0.48 0.0419651
0.12 -0.42 0.0520187
0.12 -0.36 0.063641
0.12 -0.3 0.0768468
0.12 -0.24 0.0915888
0.12 -0.18 0.107743
0.12 -0.12 0.125104
0.12 -0.06 0.143385
0.12 9.71445e-15 0.162214
0.12 0.06 0.181146
0.12 0.12 0.199679
0.12 0.18 0.21727
0.12 0.24 0.233364
0.12 0.3 0.247422
0.12 0.36 0.258945
0.12 0.42 0.267512
0.12 0.48 0.272799
0.12 0.54 0.274605
0.12 0.6 0.27285
0.12 0.66 0.267608
0.12 0.72 0.259069
0.12 0.78 0.247552
0.12 0.84 0.23348
0.12 0.9 0.217348
0.12 0.96 0.199697
0.12 1.02 0.181086
0.12 1.08 0.162066
0.12 1.14 0.143147
0.12 1.2 0.124778
0.12 1.26 0.107337
0.12 1.32 0.0911201
0.12 1.38 0.0763331
0.12 1.44 0.0631007
0.12 1.5 0.0514719
0.12 1.56 0.0414291
0.12 1.62 0.032903
0.12 1.68 0.0257836
0.12 1.74 0.0199353
0.12 1.8 0.0152075
0.12 1.86 0.0114459
0.12 1.92 0.00849927
0.12 1.98 0.00622651
0.12 2.04 0.0045002
0.12 2.1 0.00320872
0.12 2.16 0.00225704
0.12 2.22 0.00156623
0.12 2.28 0.00107215
0.12 2.34 0.00072402
0.18 -1.44 0.000137548
0.18 -1.38 0.000337431
0.18 -1.32 0.000508485
0.18 -1.26 0.00075582
0.18 -1.2 0.00110817
0.18 -1.14 0.00160263
0.18 -1.08 0.00241793
0.18 -1.02 0.00341878
0.18 -0.96 0.00476991
0.18 -0.9 0.00656706
0.18 -0.84 0.00892194
0.18 -0.78 0.0119616
0.18 -0.72 0.015826
0.18 -0.66 0.0206643
0.18 -0.6 0.0266282
0.18 -0.54 0.0338646
0.18 -0.48 0.0425058
0.18 -0.42 0.0526575
0.18 -0.36 0.0643854
0.18 -0.3 0.0777038
0.18 -0.24 0.0925624
0.18 -0.18 0.108836
0.18 -0.12 0.126317
0.18 -0.06 0.144715
0.18 9.71445e-15 0.163658
0.18 0.06 0.182695
0.18 0.12 0.201324
0.18 0.18 0.219003
0.18 0.24 0.235171
0.18 0.3 0.249287
0.18 0.36 0.260855
0.18 0.42 0.269451
0.18 0.48 0.274752
0.18 0.54 0.276552
0.18 0.6 0.274778
0.18 0.66 0.269495
0.18 0.72 0.2609
0.18 0.78 0.249315
0.18 0.84 0.235159
0.18 0.9 0.218929
0.18 0.96 0.201172
0.18 1.02 0.182448
0.18 1.08 0.163307
0.18 1.14 0.144265
0.18 1.2 0.125773
0.18 1.26 0.108212
0.18 1.32 0.091879
0.18 1.38 0.0769829
0.18 1.44 0.0636497
0.18 1.5 0.0519291
0.18 1.56 0.0418052
0.18 1.62 0.0332081
0.18 1.68 0.0260273
0.18 1.74 0.0201277
0.18 1.8 0.0153571
0.18 1.86 0.0115605
0.18 1.92 0.00858586
0.18 1.98 0.00629103
0.18 2.04 0.0045476
0.18 2.1 0.00324306
0.18 2.16 0.00228158
0.18 2.22 0.00158347
0.18 2.28 0.00108412
0.18 2.34 0.000732204
0.24 -1.44 0.000224533
0.24 -1.38 0.000342771
0.24 -1.32 0.000516139
0.24 -1.26 0.000766613
0.24 -1.2 0.00112312
0.24 -1.14 0.00162297
0.24 -1.08 0.00244364
0.24 -1.02 0.00345235
0.24 -0.96 0.00481286
0.24 -0.9 0.00662091
0.24 -0.84 0.00898802
0.24 -0.78 0.0120408
0.24 -0.72 0.0159187
0.24 -0.66 0.0207695
0.24 -0.6 0.0267439
0.24 -0.54 0.0339875
0.24 -0.48 0.0426298
0.24 -0.42 0.0527751
0.24 -0.36 0.0644867
0.24 -0.3 0.0777769
0.24 -0.24 0.0925931
0.24 -0.18 0.108809
0.24 -0.12 0.126216
0.24 -0.06 0.144525
0.24 9.71445e-15 0.163363
0.24 0.06 0.182286
0.24 0.12 0.20079
0.24 0.18 0.218337
0.24 0.24 0.234377
0.24 0.3 0.248369
0.24 0.36 0.259823
0.24 0.42 0.268321
0.24 0.48 0.273547
0.24 0.54 0.27529
0.24 0.6 0.273488
0.24 0.66 0.268198
0.24 0.72 0.259628
0.24 0.78 0.248087
0.24 0.84 0.233995
0.24 0.9 0.217845
0.24 0.96 0.200178
0.24 1.02 0.181554
0.24 1.08 0.162518
0.24 1.14 0.143577
0.24 1.2 0.125185
0.24 1.26 0.107717
0.24 1.32 0.091468
0.24 1.38 0.0766475
0.24 1.44 0.0633804
0.24 1.5 0.0517164
0.24 1.56 0.0416395
0.24 1.62 0.033081
0.24 1.68 0.0259314
0.24 1.74 0.0200563
0.24 1.8 0.0153048
0.24 1.86 0.0115227
0.24 1.92 0.00855897
0.24 1.98 0.00627218
0.24 2.04 0.00453455
0.24 2.1 0.00323419
0.24 2.16 0.00227564
0.24 2.22 0.00157953
0.24 2.28 0.00108157
0.24 2.34 0.000730549
0.3 -1.44 0.000226151
0.3 -1.38 0.000344997
0.3 -1.32 0.00051912
0.3 -1.26 0.000770471
0.3 -1.2 0.00112793
0.3 -1.14 0.00162874
0.3 -1.08 0.00244624
0.3 -1.02 0.00345325
0.3 -0.96 0.00481019
0.3 -0.9 0.00661179
0.3 -0.84 0.00896833
0.3 -0.78 0.0120047
0.3 -0.72 0.015858
0.3 -0.66 0.0206737
0.3 -0.6 0.0265994
0.3 -0.54 0.0337774
0.3 -0.48 0.042334
0.3 -0.42 0.0523686
0.3 -0.36 0.063943
0.3 -0.3 0.0770656
0.3 -0.24 0.0916823
0.3 -0.18 0.107667
0.3 -0.12 0.124812
0.3 -0.06 0.142829
0.3 9.71445e-15 0.161351
0.3 0.06 0.179939
0.3 0.12 0.198103
0.3 0.18 0.21531
0.3 0.24 0.231019
0.3 0.3 0.24471
0.3 0.36 0.255899
0.3 0.42 0.264177
0.3 0.48 0.269235
0.3 0.54 0.270876
0.3 0.6 0.269037
0.3 0.66 0.263779
0.3 0.72 0.2553
0.3 0.78 0.243915
0.3 0.84 0.230032
0.3 0.9 0.214135
0.3 0.96 0.196755
0.3 1.02 0.178443
0.3 1.08 0.159727
0.3 1.14 0.141111
0.3 1.2 0.123035
0.3 1.26 0.105871
0.3 1.32 0.0899043
0.3 1.38 0.0753408
0.3 1.44 0.0623038
0.3 1.5 0.0508416
0.3 1.56 0.0409382
0.3 1.62 0.0325262
0.3 1.68 0.0254992
0.3 1.74 0.0197235
0.3 1.8 0.0150524
0.3 1.86 0.0113339
0.3 1.92 0.00841954
0.3 1.98 0.0061706
0.3 2.04 0.00446157
0.3 2.1 0.00318243
0.3 2.16 0.00223943
0.3 2.22 0.00155455
0.3 2.28 0.00106456
0.3 2.34 0.000719129
0.36 -1.44 0.000225608
0.36 -1.38 0.000343939
0.36 -1.32 0.00051718
0.36 -1.26 0.000767073
0.36 -1.2 0.00112219
0.36 -1.14 0.00161932
0.36 -1.08 0.00242531
0.36 -1.02 0.00342085
0.36 -0.96 0.00476119
0.36 -0.9 0.00653903
0.36 -0.84 0.00886223
0.36 -0.78 0.0118527
0.36 -0.72 0.0156441
0.36 -0.66 0.0203777
0.36 -0.6 0.0261969
0.36 -0.54 0.0332384
0.36 -0.48 0.0416242
0.36 -0.42 0.0514491
0.36 -0.36 0.0627695
0.36 -0.3 0.0755916
0.36 -0.24 0.0898596
0.36 -0.18 0.105446
0.36 -0.12 0.122148
0.36 -0.06 0.13968
0.36 9.71445e-15 0.157687
0.36 0.06 0.175737
0.36 0.12 0.193355
0.36 0.18 0.210025
0.36 0.24 0.225224
0.36 0.3 0.238443
0.36 0.36 0.24922
0.36 0.42 0.257162
0.36 0.48 0.261974
0.36 0.54 0.263471
0.36 0.6 0.261586
0.36 0.66 0.256393
0.36 0.72 0.248082
0.36 0.78 0.236958
0.36 0.84 0.223421
0.36 0.9 0.207941
0.36 0.96 0.191032
0.36 1.02 0.173227
0.36 1.08 0.155041
0.36 1.14 0.136959
0.36 1.2 0.119407
0.36 1.26 0.102742
0.36 1.32 0.0872452
0.36 1.38 0.0731114
0.36 1.44 0.0604599
0.36 1.5 0.0493372
0.36 1.56 0.0397274
0.36 1.62 0.0315657
0.36 1.68 0.0247468
0.36 1.74 0.0191426
0.36 1.8 0.0146096
0.36 1.86 0.0110011
0.36 1.92 0.00817287
0.36 1.98 0.0059902
0.36 2.04 0.0043314
0.36 2.1 0.00308977
0.36 2.16 0.00217437
0.36 2.22 0.0015095
0.36 2.28 0.00103377
0.42 -1.5 0.000127808
0.42 -1.44 0.000196729
0.42 -1.38 0.000339503
0.42 -1.32 0.000510202
0.42 -1.26 0.000756258
0.42 -1.2 0.00110567
0.42 -1.14 0.00159447
0.42 -1.08 0.00238077
0.42 -1.02 0.00335538
0.42 -0.96 0.00466621
0.42 -0.9 0.00640331
0.42 -0.84 0.00867106
0.42 -0.78 0.0115873
0.42 -0.72 0.0152808
0.42 -0.66 0.0198875
0.42 -0.6 0.0255445
0.42 -0.54 0.0323827
0.42 -0.48 0.0405177
0.42 -0.42 0.050038
0.42 -0.36 0.0609959
0.42 -0.3 0.0733934
0.42 -0.24 0.0871732
0.42 -0.18 0.102209
0.42 -0.12 0.118302
0.42 -0.06 0.135176
0.42 9.71445e-15 0.152482
0.42 0.06 0.169811
0.42 0.12 0.186698
0.42 0.18 0.202651
0.42 0.24 0.21717
0.42 0.3 0.229769
0.42 0.36 0.240011
0.42 0.42 0.24752
0.42 0.48 0.252018
0.42 0.54 0.253326
0.42 0.6 0.2514
0.42 0.66 0.246302
0.42 0.72 0.238221
0.42 0.78 0.227459
0.42 0.84 0.214394
0.42 0.9 0.199481
0.42 0.96 0.183212
0.42 1.02 0.166099
0.42 1.08 0.14863
0.42 1.14 0.131273
0.42 1.2 0.114432
0.42 1.26 0.09845
0.42 1.32 0.0835907
0.42 1.38 0.0700427
0.42 1.44 0.0579182
0.42 1.5 0.0472606
0.42 1.56 0.0380542
0.42 1.62 0.030235
0.42 1.68 0.0237034
0.42 1.74 0.0183353
0.42 1.8 0.0139938
0.42 1.86 0.0105374
0.42 1.92 0.00782846
0.42 1.98 0.0057379
0.42 2.04 0.0041491
0.42 2.1 0.00295987
0.42 2.16 0.00208302
0.42 2.22 0.00144612
0.42 2.28 0.000990414
0.48 -1.5 0.00012753
0.48 -1.44 0.0001963
0.48 -1.38 0.000331695
0.48 -1.32 0.000498196
0.48 -1.26 0.000738047
0.48 -1.2 0.00107845
0.48 -1.14 0.0016208
0.48 -1.08 0.00231332
0.48 -1.02 0.00325778
0.48 -0.96 0.00452692
0.48 -0.9 0.00620717
0.48 -0.84 0.00839853
0.48 -0.78 0.0112137
0.48 -0.72 0.0147756
0.48 -0.66 0.0192135
0.48 -0.6 0.0246572
0.48 -0.54 0.0312305
0.48 -0.48 0.0390411
0.48 -0.42 0.0481721
0.48 -0.36 0.0586688
0.48 -0.3 0.07053
0.48 -0.24 0.083697
0.48 -0.18 0.098047
0.48 -0.12 0.113384
0.48 -0.06 0.129444
0.48 9.71445e-15 0.145893
0.48 0.06 0.162336
0.48 0.12 0.178334
0.48 0.18 0.19342
0.48 0.24 0.207119
0.48 0.3 0.218973
0.48 0.36 0.228571
0.48 0.42 0.235561
0.48 0.48 0.239687
0.48 0.54 0.240786
0.48 0.6 0.238817
0.48 0.66 0.233848
0.48 0.72 0.226066
0.48 0.78 0.21575
0.48 0.84 0.203271
0.48 0.9 0.189057
0.48 0.96 0.173577
0.48 1.02 0.157309
0.48 1.08 0.140725
0.48 1.14 0.124258
0.48 1.2 0.108292
0.48 1.26 0.0931463
0.48 1.32 0.0790735
0.48 1.38 0.0662473
0.48 1.44 0.0547722
0.48 1.5 0.044688
0.48 1.56 0.0359795
0.48 1.62 0.0285844
0.48 1.68 0.0224076
0.48 1.74 0.0173322
0.48 1.8 0.0132275
0.48 1.86 0.0099601
0.48 1.92 0.00739943
0.48 1.98 0.00542338
0.48 2.04 0.00392165
0.48 2.1 0.00279758
0.48 2.16 0.00196882
0.48 2.22 0.00136687
0.48 2.28 0.000936138
0.54 -1.5 0.000125502
0.54 -1.44 0.000193179
0.54 -1.38 0.000320624
0.54 -1.32 0.000481338
0.54 -1.26 0.000712724
0.54 -1.2 0.00104092
0.54 -1.14 0.00155953
0.54 -1.08 0.00222427
0.54 -1.02 0.00313007
0.54 -0.96 0.00434619
0.54 -0.9 0.00595471
0.54 -0.84 0.00805049
0.54 -0.78 0.0107403
0.54 -0.72 0.0141399
0.54 -0.66 0.018371
0.54 -0.6 0.0235558
0.54 -0.54 0.0298089
0.54 -0.48 0.0372309
0.54 -0.42 0.0458964
0.54 -0.36 0.0558458
0.54 -0.3 0.0670742
0.54 -0.24 0.0795223
0.54 -0.18 0.0930696
0.54 -0.12 0.107529
0.54 -0.06 0.122645
0.54 9.71445e-15 0.138103
0.54 0.06 0.153528
0.54 0.12 0.16851
0.54 0.18 0.182605
0.54 0.24 0.19537
0.54 0.3 0.20638
0.54 0.36 0.215252
0.54 0.42 0.221663
0.54 0.48 0.225373
0.54 0.54 0.226248
0.54 0.6 0.224243
0.54 0.66 0.219439
0.54 0.72 0.212007
0.54 0.78 0.202218
0.54 0.84 0.190419
0.54 0.9 0.177017
0.54 0.96 0.162448
0.54 1.02 0.147162
0.54 1.08 0.131596
0.54 1.14 0.116156
0.54 1.2 0.101198
0.54 1.26 0.0870209
0.54 1.32 0.0738541
0.54 1.38 0.0618598
0.54 1.44 0.0511342
0.54 1.5 0.0417125
0.54 1.56 0.0335779
0.54 1.62 0.0266725
0.54 1.68 0.0209066
0.54 1.74 0.0161693
0.54 1.8 0.0123389
0.54 1.86 0.00929039
0.54 1.92 0.00690146
0.54 1.98 0.00505812
0.54 2.04 0.00365737
0.54 2.1 0.00260895
0.54 2.16 0.00183601
0.54 2.22 0.00127466
0.54 2.28 0.000872961
0.6 -1.5 0.000121809
0.6 -1.44 0.000187494
0.6 -1.38 0.000306513
0.6 -1.32 0.00045996
0.6 -1.26 0.000680778
0.6 -1.2 0.000993814
0.6 -1.14 0.00148434
0.6 -1.08 0.00211561
0.6 -1.02 0.00297511
0.6 -0.96 0.00412804
0.6 -0.9 0.00565162
0.6 -0.84 0.0076349
0.6 -0.78 0.0101778
0.6 -0.72 0.0133886
0.6 -0.66 0.0173803
0.6 -0.6 0.0222666
0.6 -0.54 0.0281528
0.6 -0.48 0.035131
0.6 -0.42 0.0432682
0.6 -0.36 0.0525989
0.6 -0.3 0.0631152
0.6 -0.24 0.0747573
0.6 -0.18 0.0874089
0.6 -0.12 0.100892
0.6 -0.06 0.114963
0.6 9.71445e-15 0.129328
0.6 0.06 0.143634
0.6 0.12 0.157498
0.6 0.18 0.170511
0.6 0.24 0.18226
0.6 0.3 0.192355
0.6 0.36 0.200444
0.6 0.42 0.206236
0.6 0.48 0.209513
0.6 0.54 0.210154
0.6 0.6 0.208132
0.6 0.66 0.20352
0.6 0.72 0.196486
0.6 0.78 0.187288
0.6 0.84 0.17625
0.6 0.9 0.163747
0.6 0.96 0.150188
0.6 1.02 0.135986
0.6 1.08 0.121543
0.6 1.14 0.107236
0.6 1.2 0.093388
0.6 1.26 0.0802757
0.6 1.32 0.0681065
0.6 1.38 0.0570281
0.6 1.44 0.047127
0.6 1.5 0.0384339
0.6 1.56 0.0309318
0.6 1.62 0.0245657
0.6 1.68 0.0192517
0.6 1.74 0.014887
0.6 1.8 0.0113589
0.6 1.86 0.00855136
0.6 1.92 0.00635178
0.6 1.98 0.00465482
0.6 2.04 0.00336549
0.6 2.1 0.00240061
0.6 2.16 0.00168929
0.6 2.22 0.00117273
0.66 -1.5 0.000116599
0.66 -1.44 0.000179474
0.66 -1.38 0.000289693
0.66 -1.32 0.000434562
0.66 -1.26 0.000642947
0.66 -1.2 0.000938229
0.66 -1.14 0.00139705
0.66 -1.08 0.00198995
0.66 -1.02 0.00279659
0.66 -0.96 0.00387773
0.66 -0.9 0.00530522
0.66 -0.84 0.00716174
0.66 -0.78 0.00953988
0.66 -0.72 0.0125397
0.66 -0.66 0.0162654
0.66 -0.6 0.0208208
0.66 -0.54 0.0263025
0.66 -0.48 0.0327932
0.66 -0.42 0.0403526
0.66 -0.36 0.0490094
0.66 -0.3 0.0587528
0.66 -0.24 0.0695233
0.66 -0.18 0.0812095
0.66 -0.12 0.0936437
0.66 -0.06 0.106598
0.66 9.71445e-15 0.119796
0.66 0.06 0.132915
0.66 0.12 0.145598
0.66 0.18 0.157468
0.66 0.24 0.16815
0.66 0.3 0.177289
0.66 0.36 0.184567
0.66 0.42 0.189719
0.66 0.48 0.192555
0.66 0.54 0.192971
0.66 0.6 0.190947
0.66 0.66 0.18656
0.66 0.72 0.179968
0.66 0.78 0.171412
0.66 0.84 0.161192
0.66 0.9 0.149653
0.66 0.96 0.137172
0.66 1.02 0.124125
0.66 1.08 0.110879
0.66 1.14 0.0977742
0.66 1.2 0.0851073
0.66 1.26 0.0731241
0.66 1.32 0.0620127
0.66 1.38 0.0519055
0.66 1.44 0.0428789
0.66 1.5 0.0349584
0.66 1.56 0.0281266
0.66 1.62 0.0223316
0.66 1.68 0.017497
0.66 1.74 0.0135271
0.66 1.8 0.0103194
0.66 1.86 0.00776753
0.66 1.92 0.00576869
0.66 1.98 0.00422696
0.66 2.04 0.00305578
0.66 2.1 0.00217945
0.66 2.16 0.00153353
0.66 2.22 0.00106451
0.72 -1.56 7.05309e-05
0.72 -1.5 0.000110078
0.72 -1.44 0.000169436
0.72 -1.38 0.000270594
0.72 -1.32 0.000405786
0.72 -1.26 0.000600177
0.72 -1.2 0.000875534
0.72 -1.14 0.00129985
0.72 -1.08 0.00185043
0.72 -1.02 0.00259897
0.72 -0.96 0.00360147
0.72 -0.9 0.00492404
0.72 -0.84 0.00664268
0.72 -0.78 0.00884223
0.72 -0.72 0.0116141
0.72 -0.66 0.0150532
0.72 -0.6 0.0192539
0.72 -0.54 0.0243031
0.72 -0.48 0.0302747
0.72 -0.42 0.0372209
0.72 -0.36 0.0451649
0.72 -0.3 0.0540934
0.72 -0.24 0.0639488
0.72 -0.18 0.0746256
0.72 -0.12 0.0859652
0.72 -0.06 0.0977587
0.72 9.71445e-15 0.109749
0.72 0.06 0.121642
0.72 0.12 0.133109
0.72 0.18 0.14381
0.72 0.24 0.153406
0.72 0.3 0.161575
0.72 0.36 0.168034
0.72 0.42 0.172549
0.72 0.48 0.174954
0.72 0.54 0.175159
0.72 0.6 0.173157
0.72 0.66 0.169023
0.72 0.72 0.162905
0.72 0.78 0.155026
0.72 0.84 0.145663
0.72 0.9 0.135131
0.72 0.96 0.123769
0.72 1.02 0.111918
0.72 1.08 0.0999087
0.72 1.14 0.0880467
0.72 1.2 0.076595
0.72 1.26 0.0657746
0.72 1.32 0.0557524
0.72 1.38 0.0466443
0.72 1.44 0.0385161
0.72 1.5 0.0313892
0.72 1.56 0.025246
0.72 1.62 0.0200382
0.72 1.68 0.0156953
0.72 1.74 0.0121311
0.72 1.8 0.00925213
0.72 1.86 0.00696264
0.72 1.92 0.00516991
0.72 1.98 0.00378754
0.72 2.04 0.00273769
0.72 2.1 0.00195231
0.72 2.16 0.00137353
0.72 2.22 0.000953347
0.78 -1.56 6.56705e-05
0.78 -1.5 0.000102492
0.78 -1.44 0.000157761
0.78 -1.38 0.000239497
0.78 -1.32 0.000374387
0.78 -1.26 0.000553583
0.78 -1.2 0.000807343
0.78 -1.14 0.00116129
0.78 -1.08 0.00170063
0.78 -1.02 0.00238722
0.78 -0.96 0.00330615
0.78 -0.9 0.00451758
0.78 -0.84 0.00609055
0.78 -0.78 0.00810189
0.78 -0.72 0.0106342
0.78 -0.66 0.0137734
0.78 -0.6 0.0176037
0.78 -0.54 0.0222025
0.78 -0.48 0.0276356
0.78 -0.42 0.0339476
0.78 -0.36 0.0411569
0.78 -0.3 0.0492482
0.78 -0.24 0.0581666
0.78 -0.18 0.0678126
0.78 -0.12 0.078039
0.78 -0.06 0.088655
0.78 9.71445e-15 0.0994272
0.78 0.06 0.110083
0.78 0.12 0.120333
0.78 0.18 0.129868
0.78 0.24 0.138384
0.78 0.3 0.145596
0.78 0.36 0.151252
0.78 0.42 0.155148
0.78 0.48 0.157143
0.78 0.54 0.157163
0.78 0.6 0.155207
0.78 0.66 0.151349
0.78 0.72 0.145729
0.78 0.78 0.138551
0.78 0.84 0.130065
0.78 0.9 0.120556
0.78 0.96 0.110328
0.78 1.02 0.0996848
0.78 1.08 0.088921
0.78 1.14 0.0783088
0.78 1.2 0.0680782
0.78 1.26 0.0584248
0.78 1.32 0.049494
0.78 1.38 0.041386
0.78 1.44 0.0341572
0.78 1.5 0.0278239
0.78 1.56 0.0223688
0.78 1.62 0.0177479
0.78 1.68 0.0138963
0.78 1.74 0.0107372
0.78 1.8 0.00818655
0.78 1.86 0.00615909
0.78 1.92 0.00457217
0.78 1.98 0.00334889
0.78 2.04 0.00242014
0.78 2.1 0.00172556
0.78 2.16 0.00121381
0.84 -1.56 6.03049e-05
0.84 -1.5 9.41185e-05
0.84 -1.44 0.000144872
0.84 -1.38 0.000219929
0.84 -1.32 0.000341191
0.84 -1.26 0.00050439
0.84 -1.2 0.000735421
0.84 -1.14 0.00105757
0.84 -1.08 0.0015443
0.84 -1.02 0.00216669
0.84 -0.96 0.00299914
0.84 -0.9 0.00409582
0.84 -0.84 0.0055187
0.84 -0.78 0.00733663
0.84 -0.72 0.00962374
0.84 -0.66 0.0124562
0.84 -0.6 0.0159089
0.84 -0.54 0.0200503
0.84 -0.48 0.024937
0.84 -0.42 0.030608
0.84 -0.36 0.0370769
0.84 -0.3 0.0443276
0.84 -0.24 0.0523072
0.84 -0.18 0.0609235
0.84 -0.12 0.0700431
0.84 -0.06 0.0794915
0.84 9.71445e-15 0.0890587
0.84 0.06 0.0985009
0.84 0.12 0.107556
0.84 0.18 0.115952
0.84 0.24 0.123419
0.84 0.3 0.129706
0.84 0.36 0.134593
0.84 0.42 0.137906
0.84 0.48 0.139525
0.84 0.54 0.139389
0.84 0.6 0.137505
0.84 0.66 0.133942
0.84 0.72 0.128835
0.84 0.78 0.122365
0.84 0.84 0.114757
0.84 0.9 0.106265
0.84 0.96 0.0971596
0.84 1.02 0.0877102
0.84 1.08 0.0781753
0.84 1.14 0.0687902
0.84 1.2 0.0597592
0.84 1.26 0.0512491
0.84 1.32 0.0433865
0.84 1.38 0.0362567
0.84 1.44 0.0299066
0.84 1.5 0.0243485
0.84 1.56 0.0195653
0.84 1.62 0.0155165
0.84 1.68 0.012144
0.84 1.74 0.00937976
0.84 1.8 0.00714903
0.84 1.86 0.00537679
0.84 1.92 0.00399028
0.84 1.98 0.00292192
0.84 2.04 0.00211107
0.84 2.1 0.00150486
0.84 2.16 0.00105837
0.9 -1.56 5.4617e-05
0.9 -1.5 8.52405e-05
0.9 -1.44 0.000131206
0.9 -1.38 0.000199182
0.9 -1.32 0.000307071
0.9 -1.26 0.000453856
0.9 -1.2 0.000661611
0.9 -1.14 0.000951233
0.9 -1.08 0.00138524
0.9 -1.02 0.00194268
0.9 -0.96 0.00268777
0.9 -0.9 0.00366871
0.9 -0.84 0.00494058
0.9 -0.78 0.00656449
0.9 -0.72 0.00860574
0.9 -0.66 0.0111316
0.9 -0.6 0.0142076
0.9 -0.54 0.0178939
0.9 -0.48 0.0222389
0.9 -0.42 0.0272751
0.9 -0.36 0.0330134
0.9 -0.3 0.0394361
0.9 -0.24 0.0464942
0.9 -0.18 0.0541038
0.9 -0.12 0.0621441
0.9 -0.06 0.0704585
0.9 9.71445e-15 0.0788573
0.9 0.06 0.0871278
0.9 0.12 0.095036
0.9 0.18 0.102342
0.9 0.24 0.108811
0.9 0.3 0.114225
0.9 0.36 0.118395
0.9 0.42 0.12117
0.9 0.48 0.122452
0.9 0.54 0.122191
0.9 0.6 0.120403
0.9 0.66 0.117152
0.9 0.72 0.112559
0.9 0.78 0.10679
0.9 0.84 0.100045
0.9 0.9 0.092547
0.9 0.96 0.0845329
0.9 1.02 0.0762394
0.9 1.08 0.0678894
0.9 1.14 0.059687
0.9 1.2 0.0518081
0.9 1.26 0.0443959
0.9 1.32 0.0375569
0.9 1.38 0.0313633
0.9 1.44 0.0258536
0.9 1.5 0.0210361
0.9 1.56 0.0168941
0.9 1.62 0.013391
0.9 1.68 0.0104756
0.9 1.74 0.00808741
0.9 1.8 0.00616158
0.9 1.86 0.0046324
0.9 1.92 0.00343666
0.9 1.98 0.00251574
0.9 2.04 0.0018171
0.9 2.1 0.00129498
0.96 -1.56 4.87852e-05
0.96 -1.5 7.61394e-05
0.96 -1.44 0.000117198
0.96 -1.38 0.000177917
0.96 -1.32 0.000272857
0.96 -1.26 0.000403224
0.96 -1.2 0.000587701
0.96 -1.14 0.000844828
0.96 -1.08 0.00122719
0.96 -1.02 0.00172031
0.96 -0.96 0.0023791
0.96 -0.9 0.00324592
0.96 -0.84 0.0043691
0.96 -0.78 0.00580209
0.96 -0.72 0.00760215
0.96 -0.66 0.00982774
0.96 -0.6 0.012536
0.96 -0.54 0.0157781
0.96 -0.48 0.0195961
0.96 -0.42 0.0240167
0.96 -0.36 0.0290473
0.96 -0.3 0.0346709
0.96 -0.24 0.0408424
0.96 -0.18 0.0474853
0.96 -0.12 0.0544924
0.96 -0.06 0.0617234
0.96 9.71445e-15 0.0690146
0.96 0.06 0.0761742
0.96 0.12 0.0830008
0.96 0.18 0.0892856
0.96 0.24 0.0948245
0.96 0.3 0.0994299
0.96 0.36 0.10294
0.96 0.42 0.105231
0.96 0.48 0.106218
0.96 0.54 0.105869
0.96 0.6 0.104196
0.96 0.66 0.101264
0.96 0.72 0.0971818
0.96 0.78 0.0920958
0.96 0.84 0.0861821
0.96 0.9 0.0796362
0.96 0.96 0.0726633
0.96 1.02 0.0654667
0.96 1.08 0.0582385
0.96 1.14 0.0511541
0.96 1.2 0.0443613
0.96 1.26 0.0379816
0.96 1.32 0.0321048
0.96 1.38 0.0267898
0.96 1.44 0.0220675
0.96 1.5 0.0179433
0.96 1.56 0.0144011
0.96 1.62 0.0114084
0.96 1.68 0.00891966
0.96 1.74 0.00688281
0.96 1.8 0.00524134
0.96 1.86 0.00393887
0.96 1.92 0.00292102
0.96 1.98 0.0021375
0.96 2.04 0.00154339
0.96 2.1 0.00109958
1.02 -1.56 4.2977e-05
1.02 -1.5 6.70741e-05
1.02 -1.44 0.000103244
1.02 -1.38 0.000156735
1.02 -1.32 0.000234667
1.02 -1.26 0.000353649
1.02 -1.2 0.000515371
1.02 -1.14 0.000740749
1.02 -1.08 0.00107348
1.02 -1.02 0.0015043
1.02 -0.96 0.00207955
1.02 -0.9 0.00283605
1.02 -0.84 0.00381573
1.02 -0.78 0.0050649
1.02 -0.72 0.00663291
1.02 -0.66 0.00857025
1.02 -0.6 0.0109257
1.02 -0.54 0.0137432
1.02 -0.48 0.017058
1.02 -0.42 0.0208919
1.02 -0.36 0.0252501
1.02 -0.3 0.030116
1.02 -0.24 0.0354487
1.02 -0.18 0.0411803
1.02 -0.12 0.0472157
1.02 -0.06 0.0534335
1.02 9.71445e-15 0.0596875
1.02 0.06 0.065815
1.02 0.12 0.0716394
1.02 0.18 0.0769816
1.02 0.24 0.0816678
1.02 0.3 0.0855383
1.02 0.36 0.0884574
1.02 0.42 0.0903204
1.02 0.48 0.0910604
1.02 0.54 0.0906512
1.02 0.6 0.0891119
1.02 0.66 0.0865006
1.02 0.72 0.0829135
1.02 0.78 0.078481
1.02 0.84 0.0733557
1.02 0.9 0.0677064
1.02 0.96 0.0617087
1.02 1.02 0.0555366
1.02 1.08 0.0493526
1.02 1.14 0.0433049
1.02 1.2 0.0375179
1.02 1.26 0.0320923
1.02 1.32 0.0271025
1.02 1.38 0.0225966
1.02 1.44 0.0185987
1.02 1.5 0.0151115
1.02 1.56 0.01212
1.02 1.62 0.00959481
1.02 1.68 0.00749723
1.02 1.74 0.00578186
1.02 1.8 0.00440072
1.02 1.86 0.00330553
1.02 1.92 0.00245022
1.02 1.98 0.00179226
1.02 2.04 0.00129363
1.08 -1.56 3.73401e-05
1.08 -1.5 5.82768e-05
1.08 -1.44 8.97024e-05
1.08 -1.38 0.000136177
1.08 -1.32 0.000203887
1.08 -1.26 0.00030614
1.08 -1.2 0.000446093
1.08 -1.14 0.000641086
1.08 -1.08 0.000927064
1.08 -1.02 0.00129869
1.08 -0.96 0.00179468
1.08 -0.9 0.00244664
1.08 -0.84 0.0032905
1.08 -0.78 0.00436586
1.08 -0.72 0.00571488
1.08 -0.66 0.00738057
1.08 -0.6 0.00940409
1.08 -0.54 0.0118229
1.08 -0.48 0.0146657
1.08 -0.42 0.017951
1.08 -0.36 0.0216814
1.08 -0.3 0.0258415
1.08 -0.24 0.0303945
1.08 -0.18 0.0352816
1.08 -0.12 0.0404187
1.08 -0.06 0.045702
1.08 9.71445e-15 0.0510046
1.08 0.06 0.0561872
1.08 0.12 0.0610989
1.08 0.18 0.0655878
1.08 0.24 0.0695061
1.08 0.3 0.0727201
1.08 0.36 0.0751164
1.08 0.42 0.0766087
1.08 0.48 0.0771454
1.08 0.54 0.0767066
1.08 0.6 0.0753123
1.08 0.66 0.0730157
1.08 0.72 0.0699033
1.08 0.78 0.0660856
1.08 0.84 0.0616948
1.08 0.9 0.0568753
1.08 0.96 0.0517761
1.08 1.02 0.046543
1.08 1.08 0.0413151
1.08 1.14 0.0362125
1.08 1.2 0.0313408
1.08 1.26 0.0267815
1.08 1.32 0.0225955
1.08 1.38 0.0188217
1.08 1.44 0.0154783
1.08 1.5 0.0125659
1.08 1.56 0.0100706
1.08 1.62 0.00796666
1.08 1.68 0.00622079
1.08 1.74 0.00479446
1.08 1.8 0.00364704
1.08 1.86 0.00273792
1.08 1.92 0.00202848
1.08 1.98 0.00148308
1.08 2.04 0.00107001
1.14 -1.56 3.19967e-05
1.14 -1.5 4.99375e-05
1.14 -1.44 7.68661e-05
1.14 -1.38 0.000116689
1.14 -1.32 0.000174711
1.14 -1.26 0.000261542
1.14 -1.2 0.00038107
1.14 -1.14 0.000547589
1.14 -1.08 0.000790298
1.14 -1.02 0.00110677
1.14 -0.96 0.001529
1.14 -0.9 0.00208375
1.14 -0.84 0.00280142
1.14 -0.78 0.00371554
1.14 -0.72 0.00486158
1.14 -0.66 0.00627578
1.14 -0.6 0.00799271
1.14 -0.54 0.0100433
1.14 -0.48 0.0124517
1.14 -0.42 0.0152322
1.14 -0.36 0.0183863
1.14 -0.3 0.0218999
1.14 -0.24 0.0257407
1.14 -0.18 0.0298576
1.14 -0.12 0.0341787
1.14 -0.06 0.0386141
1.14 9.71445e-15 0.0430574
1.14 0.06 0.0473893
1.14 0.12 0.0514832
1.14 0.18 0.0552109
1.14 0.24 0.0584487
1.14 0.3 0.0610854
1.14 0.36 0.0630285
1.14 0.42 0.0642071
1.14 0.48 0.0645809
1.14 0.54 0.0641369
1.14 0.6 0.0628945
1.14 0.66 0.0609017
1.14 0.72 0.058233
1.14 0.78 0.0549842
1.14 0.84 0.0512672
1.14 0.9 0.047204
1.14 0.96 0.0429196
1.14 1.02 0.0385358
1.14 1.08 0.0341668
1.14 1.14 0.0299132
1.14 1.2 0.0258599
1.14 1.26 0.0220743
1.14 1.32 0.0186052
1.14 1.38 0.0154827
1.14 1.44 0.0127204
1.14 1.5 0.0103177
1.14 1.56 0.00826179
1.14 1.62 0.0065307
1.14 1.68 0.0050957
1.14 1.74 0.00392464
1.14 1.8 0.0029834
1.14 1.86 0.00223839
1.14 1.92 0.00165746
1.14 1.98 0.00121119
1.2 -1.56 2.7041e-05
1.2 -1.5 4.22031e-05
1.2 -1.44 6.49609e-05
1.2 -1.38 9.86163e-05
1.2 -1.32 0.000147652
1.2 -1.26 0.000218027
1.2 -1.2 0.000321228
1.2 -1.14 0.00046156
1.2 -1.08 0.000654095
1.2 -1.02 0.000930969
1.2 -0.96 0.00128578
1.2 -0.9 0.00175175
1.2 -0.84 0.00235431
1.2 -0.78 0.00312146
1.2 -0.72 0.00408274
1.2 -0.66 0.00526825
1.2 -0.6 0.00670669
1.2 -0.54 0.00842346
1.2 -0.48 0.0104383
1.2 -0.42 0.0127625
1.2 -0.36 0.0153965
1.2 -0.3 0.0183276
1.2 -0.24 0.0215281
1.2 -0.18 0.0249542
1.2 -0.12 0.0285449
1.2 -0.06 0.0322243
1.2 9.71445e-15 0.0359031
1.2 0.06 0.0394812
1.2 0.12 0.0428533
1.2 0.18 0.0459122
1.2 0.24 0.0485563
1.2 0.3 0.0506942
1.2 0.36 0.0522504
1.2 0.42 0.0531683
1.2 0.48 0.0534158
1.2 0.54 0.0529862
1.2 0.6 0.0518967
1.2 0.66 0.0501911
1.2 0.72 0.0479319
1.2 0.78 0.0452007
1.2 0.84 0.042092
1.2 0.9 0.0387072
1.2 0.96 0.0351501
1.2 1.02 0.0315207
1.2 1.08 0.0279129
1.2 1.14 0.0244088
1.2 1.2 0.0210769
1.2 1.26 0.0179712
1.2 1.32 0.0151303
1.2 1.38 0.0125778
1.2 1.44 0.0103235
1.2 1.5 0.00836556
1.2 1.56 0.00669254
1.2 1.62 0.00528568
1.2 1.68 0.00412095
1.2 1.74 0.00317145
1.2 1.8 0.00240916
1.2 1.86 0.00180635
1.2 1.92 0.00133672
1.26 -1.56 2.25387e-05
1.26 -1.5 3.51763e-05
1.26 -1.44 5.41449e-05
1.26 -1.38 8.2197e-05
1.26 -1.32 0.000123068
1.26 -1.26 0.000181725
1.26 -1.2 0.000267183
1.26 -1.14 0.000383881
1.26 -1.08 0.000543971
1.26 -1.02 0.000772835
1.26 -0.96 0.00106711
1.26 -0.9 0.00145344
1.26 -0.84 0.00195284
1.26 -0.78 0.00258836
1.26 -0.72 0.00338432
1.26 -0.66 0.00436546
1.26 -0.6 0.00555523
1.26 -0.54 0.00697434
1.26 -0.48 0.00863869
1.26 -0.42 0.0105571
1.26 -0.36 0.0127293
1.26 -0.3 0.0151443
1.26 -0.24 0.0177783
1.26 -0.18 0.0205946
1.26 -0.12 0.023542
1.26 -0.06 0.0265574
1.26 9.71445e-15 0.0295667
1.26 0.06 0.0324868
1.26 0.12 0.0352312
1.26 0.18 0.0377121
1.26 0.24 0.039846
1.26 0.3 0.0415591
1.26 0.36 0.0427902
1.26 0.42 0.0434947
1.26 0.48 0.0436485
1.26 0.54 0.0432472
1.26 0.6 0.0423076
1.26 0.66 0.0408673
1.26 0.72 0.0389792
1.26 0.78 0.036712
1.26 0.84 0.0341437
1.26 0.9 0.0313581
1.26 0.96 0.0284401
1.26 1.02 0.0254713
1.26 1.08 0.0225275
1.26 1.14 0.0196752
1.26 1.2 0.0169688
1.26 1.26 0.0144514
1.26 1.32 0.0121531
1.26 1.38 0.0100916
1.26 1.44 0.00827405
1.26 1.5 0.00669795
1.26 1.56 0.00535321
1.26 1.62 0.00422402
1.26 1.68 0.00329033
1.26 1.74 0.00253015
1.26 1.8 0.0019205
1.26 1.86 0.00143891
1.26 1.92 0.00106409
1.32 -1.56 1.85276e-05
1.32 -1.5 2.89162e-05
1.32 -1.44 4.45095e-05
1.32 -1.38 6.75698e-05
1.32 -1.32 0.000101167
1.32 -1.26 0.000149386
1.32 -1.2 0.00021756
1.32 -1.14 0.000315007
1.32 -1.08 0.000446352
1.32 -1.02 0.000633101
1.32 -0.96 0.000873969
1.32 -0.9 0.0011901
1.32 -0.84 0.0015986
1.32 -0.78 0.00211823
1.32 -0.72 0.00276878
1.32 -0.66 0.00357034
1.32 -0.6 0.00454181
1.32 -0.54 0.00569984
1.32 -0.48 0.00705713
1.32 -0.42 0.00862053
1.32 -0.36 0.0103894
1.32 -0.3 0.0123541
1.32 -0.24 0.014495
1.32 -0.18 0.0167813
1.32 -0.12 0.0191709
1.32 -0.06 0.0216121
1.32 9.71445e-15 0.0240438
1.32 0.06 0.0263983
1.32 0.12 0.028605
1.32 0.18 0.0305932
1.32 0.24 0.0322953
1.32 0.3 0.0336519
1.32 0.36 0.0346142
1.32 0.42 0.0351473
1.32 0.48 0.0352335
1.32 0.54 0.0348704
1.32 0.6 0.034073
1.32 0.66 0.0328734
1.32 0.72 0.0313165
1.32 0.78 0.0294582
1.32 0.84 0.0273626
1.32 0.9 0.0250981
1.32 0.96 0.0227332
1.32 1.02 0.0203339
1.32 1.08 0.0179609
1.32 1.14 0.0156668
1.32 1.2 0.013495
1.32 1.26 0.0114788
1.32 1.32 0.00964167
1.32 1.38 0.00799689
1.32 1.44 0.00654925
1.32 1.5 0.00529597
1.32 1.56 0.00422836
1.32 1.62 0.00333311
1.32 1.68 0.00259393
1.32 1.74 0.00199287
1.32 1.8 0.00151141
1.32 1.86 0.00113152
1.38 -1.56 1.50213e-05
1.38 -1.5 2.34437e-05
1.38 -1.44 3.60859e-05
1.38 -1.38 5.47816e-05
1.38 -1.32 8.20194e-05
1.38 -1.26 0.000121115
1.38 -1.2 0.000176385
1.38 -1.14 0.000255018
1.38 -1.08 0.000361336
1.38 -1.02 0.000511755
1.38 -0.96 0.000706311
1.38 -0.9 0.000961587
1.38 -0.84 0.00129135
1.38 -0.78 0.00171066
1.38 -0.72 0.00223548
1.38 -0.66 0.00288176
1.38 -0.6 0.00366471
1.38 -0.54 0.00459757
1.38 -0.48 0.00569018
1.38 -0.42 0.00694796
1.38 -0.36 0.00837004
1.38 -0.3 0.00994834
1.38 -0.24 0.0116665
1.38 -0.18 0.0134991
1.38 -0.12 0.0154125
1.38 -0.06 0.0173643
1.38 9.71445e-15 0.0193052
1.38 0.06 0.0211809
1.38 0.12 0.0229341
1.38 0.18 0.0245083
1.38 0.24 0.0258499
1.38 0.3 0.0269114
1.38 0.36 0.0276545
1.38 0.42 0.0280529
1.38 0.48 0.0280922
1.38 0.54 0.0277725
1.38 0.6 0.0271071
1.38 0.66 0.0261219
1.38 0.72 0.0248549
1.38 0.78 0.0233513
1.38 0.84 0.021663
1.38 0.9 0.0198447
1.38 0.96 0.0179515
1.38 1.02 0.0160361
1.38 1.08 0.0141463
1.38 1.14 0.0123233
1.38 1.2 0.0106015
1.38 1.26 0.00900629
1.38 1.32 0.00755541
1.38 1.38 0.00625893
1.38 1.44 0.00511987
1.38 1.5 0.00413546
1.38 1.56 0.0032982
1.38 1.62 0.00259715
1.38 1.68 0.00201915
1.38 1.74 0.0015498
1.38 1.8 0.00117434
1.44 -1.5 1.87457e-05
1.44 -1.44 2.88542e-05
1.44 -1.38 4.38033e-05
1.44 -1.32 6.55839e-05
1.44 -1.26 9.68435e-05
1.44 -1.2 0.000141038
1.44 -1.14 0.000202577
1.44 -1.08 0.000288564
1.44 -1.02 0.000403235
1.44 -0.96 0.000563213
1.44 -0.9 0.00076662
1.44 -0.84 0.00102931
1.44 -0.78 0.00136325
1.44 -0.72 0.00178102
1.44 -0.66 0.00229531
1.44 -0.6 0.00291807
1.44 -0.54 0.00365975
1.44 -0.48 0.00452803
1.44 -0.42 0.00552685
1.44 -0.36 0.00665542
1.44 -0.3 0.00790701
1.44 -0.24 0.00926825
1.44 -0.18 0.010719
1.44 -0.12 0.0122319
1.44 -0.06 0.013773
1.44 9.71445e-15 0.0153029
1.44 0.06 0.0167787
1.44 0.12 0.0181549
1.44 0.18 0.0193864
1.44 0.24 0.020431
1.44 0.3 0.021252
1.44 0.36 0.0218195
1.44 0.42 0.0221128
1.44 0.48 0.0221217
1.44 0.54 0.021847
1.44 0.6 0.0213005
1.44 0.66 0.0205034
1.44 0.72 0.0194858
1.44 0.78 0.0182849
1.44 0.84 0.0169419
1.44 0.9 0.0155002
1.44 0.96 0.0140037
1.44 1.02 0.0124932
1.44 1.08 0.0110066
1.44 1.14 0.00957569
1.44 1.2 0.00822695
1.44 1.26 0.00698002
1.44 1.32 0.00584813
1.44 1.38 0.00483856
1.44 1.44 0.00395317
1.44 1.5 0.00318929
1.44 1.56 0.00254065
1.44 1.62 0.00199839
1.44 1.68 0.00155203
1.44 1.74 0.00119003
1.44 1.8 0.000900872
1.5 -1.5 1.47831e-05
1.5 -1.44 2.27549e-05
1.5 -1.38 3.4544e-05
1.5 -1.32 5.17195e-05
1.5 -1.26 7.63716e-05
1.5 -1.2 0.000111223
1.5 -1.14 0.000159754
1.5 -1.08 0.000227338
1.5 -1.02 0.000317662
1.5 -0.96 0.000443096
1.5 -0.9 0.000603023
1.5 -0.84 0.000809501
1.5 -0.78 0.0010719
1.5 -0.72 0.00140008
1.5 -0.66 0.00180395
1.5 -0.6 0.00229283
1.5 -0.54 0.00287475
1.5 -0.48 0.00355568
1.5 -0.42 0.00433862
1.5 -0.36 0.00522269
1.5 -0.3 0.00620246
1.5 -0.24 0.00726728
1.5 -0.18 0.00840095
1.5 -0.12 0.00958192
1.5 -0.06 0.0107834
1.5 9.71445e-15 0.0119746
1.5 0.06 0.0131213
1.5 0.12 0.0141881
1.5 0.18 0.0151401
1.5 0.24 0.0159441
1.5 0.3 0.0165716
1.5 0.36 0.0169995
1.5 0.42 0.0172126
1.5 0.48 0.0172032
1.5 0.54 0.0169729
1.5 0.6 0.0165309
1.5 0.66 0.0158949
1.5 0.72 0.0150891
1.5 0.78 0.0141426
1.5 0.84 0.013088
1.5 0.9 0.0119595
1.5 0.96 0.010791
1.5 1.02 0.00961463
1.5 1.08 0.00845942
1.5 1.14 0.00735004
1.5 1.2 0.0063065
1.5 1.26 0.00534357
1.5 1.32 0.00447125
1.5 1.38 0.00369463
1.5 1.44 0.00301475
1.5 1.5 0.0024292
1.5 1.56 0.00193283
1.5 1.62 0.00151856
1.5 1.68 0.00117804
1.5 1.74 0.000902319
1.56 -1.5 1.14978e-05
1.56 -1.44 1.76978e-05
1.56 -1.38 2.68671e-05
1.56 -1.32 4.02263e-05
1.56 -1.26 5.93997e-05
1.56 -1.2 8.65065e-05
1.56 -1.14 0.000124252
1.56 -1.08 0.000176012
1.56 -1.02 0.000246857
1.56 -0.96 0.00034019
1.56 -0.9 0.000467968
1.56 -0.84 0.000628101
1.56 -0.78 0.000831557
1.56 -0.72 0.00108594
1.56 -0.66 0.00139889
1.56 -0.6 0.00177756
1.56 -0.54 0.00222816
1.56 -0.48 0.0027552
1.56 -0.42 0.00336085
1.56 -0.36 0.00404437
1.56 -0.3 0.00480137
1.56 -0.24 0.00562347
1.56 -0.18 0.00649807
1.56 -0.12 0.00740822
1.56 -0.06 0.0083332
1.56 9.71445e-15 0.00924878
1.56 0.06 0.0101287
1.56 0.12 0.0109457
1.56 0.18 0.0116724
1.56 0.24 0.0122837
1.56 0.3 0.0127576
1.56 0.36 0.0130769
1.56 0.42 0.0132296
1.56 0.48 0.0132107
1.56 0.54 0.0130214
1.56 0.6 0.0126697
1.56 0.66 0.0121697
1.56 0.72 0.01154
1.56 0.78 0.0108039
1.56 0.84 0.00998646
1.56 0.9 0.00911434
1.56 0.96 0.00821361
1.56 1.02 0.00730898
1.56 1.08 0.00642247
1.56 1.14 0.0055729
1.56 1.2 0.00477533
1.56 1.26 0.00404089
1.56 1.32 0.00337675
1.56 1.38 0.00278657
1.56 1.44 0.00227086
1.56 1.5 0.00182747
1.56 1.56 0.00145225
1.56 1.62 0.0011396
1.56 1.68 0.000883032
1.62 -1.5 8.81972e-06
1.62 -1.44 1.35757e-05
1.62 -1.38 2.06091e-05
1.62 -1.32 3.08566e-05
1.62 -1.26 4.55642e-05
1.62 -1.2 6.63578e-05
1.62 -1.14 9.531e-05
1.62 -1.08 0.000135017
1.62 -1.02 0.000188634
1.62 -0.96 0.000260764
1.62 -0.9 0.000358275
1.62 -0.84 0.000480797
1.62 -0.78 0.000636436
1.62 -0.72 0.000830987
1.62 -0.66 0.00107026
1.62 -0.6 0.00135969
1.62 -0.54 0.00170398
1.62 -0.48 0.00210649
1.62 -0.42 0.00256887
1.62 -0.36 0.00309042
1.62 -0.3 0.0036677
1.62 -0.24 0.00429419
1.62 -0.18 0.00496017
1.62 -0.12 0.00565257
1.62 -0.06 0.00635551
1.62 9.71445e-15 0.00705043
1.62 0.06 0.00771731
1.62 0.12 0.00833502
1.62 0.18 0.00888314
1.62 0.24 0.00934234
1.62 0.3 0.009696
1.62 0.36 0.00993125
1.62 0.42 0.0100393
1.62 0.48 0.0100166
1.62 0.54 0.0098642
1.62 0.6 0.00958886
1.62 0.66 0.00920117
1.62 0.72 0.00871613
1.62 0.78 0.00815124
1.62 0.84 0.00752599
1.62 0.9 0.00686061
1.62 0.96 0.00617514
1.62 1.02 0.00548809
1.62 1.08 0.00481633
1.62 1.14 0.00417378
1.62 1.2 0.00357175
1.62 1.26 0.00301839
1.62 1.32 0.00251894
1.62 1.38 0.00207594
1.62 1.44 0.00168952
1.62 1.5 0.00135787
1.62 1.56 0.00107769
1.62 1.62 0.000844637
1.68 -1.5 6.67246e-06
1.68 -1.44 1.02706e-05
1.68 -1.38 1.55916e-05
1.68 -1.32 2.33442e-05
1.68 -1.26 3.44709e-05
1.68 -1.2 5.02018e-05
1.68 -1.14 7.2106e-05
1.68 -1.08 0.000102145
1.68 -1.02 0.000142707
1.68 -0.96 0.000197162
1.68 -0.9 0.000270594
1.68 -0.84 0.000363083
1.68 -0.78 0.000480544
1.68 -0.72 0.00062734
1.68 -0.66 0.000807829
1.68 -0.6 0.00102611
1.68 -0.54 0.00128566
1.68 -0.48 0.00158901
1.68 -0.42 0.00193732
1.68 -0.36 0.00233002
1.68 -0.3 0.00276446
1.68 -0.24 0.00323567
1.68 -0.18 0.00373618
1.68 -0.12 0.00425618
1.68 -0.06 0.00478346
1.68 9.71445e-15 0.00530424
1.68 0.06 0.00580314
1.68 0.12 0.00626448
1.68 0.18 0.00667272
1.68 0.24 0.00701346
1.68 0.3 0.00727431
1.68 0.36 0.00744565
1.68 0.42 0.00752113
1.68 0.48 0.00749809
1.68 0.54 0.00737798
1.68 0.6 0.00716557
1.68 0.66 0.00686948
1.68 0.72 0.00650089
1.68 0.78 0.00607322
1.68 0.84 0.00560127
1.68 0.9 0.00510029
1.68 0.96 0.00458529
1.68 1.02 0.0040702
1.68 1.08 0.00356749
1.68 1.14 0.00308762
1.68 1.2 0.00263882
1.68 1.26 0.00222705
1.68 1.32 0.00185608
1.68 1.38 0.00152761
1.68 1.44 0.0012416
1.68 1.5 0.000996559
1.68 1.56 0.000789896
1.74 -1.44 7.66326e-06
1.74 -1.38 1.16335e-05
1.74 -1.32 1.74179e-05
1.74 -1.26 2.57201e-05
1.74 -1.2 3.74572e-05
1.74 -1.14 5.38011e-05
1.74 -1.08 7.62139e-05
1.74 -1.02 0.00010648
1.74 -0.96 0.00014672
1.74 -0.9 0.000199836
1.74 -0.84 0.00027048
1.74 -0.78 0.000357936
1.74 -0.72 0.000467214
1.74 -0.66 0.000601535
1.74 -0.6 0.000763952
1.74 -0.54 0.000957007
1.74 -0.48 0.00118258
1.74 -0.42 0.00144148
1.74 -0.36 0.00173325
1.74 -0.3 0.00205588
1.74 -0.24 0.00240562
1.74 -0.18 0.00277687
1.74 -0.12 0.0031623
1.74 -0.06 0.00355274
1.74 9.71445e-15 0.00393796
1.74 0.06 0.00430647
1.74 0.12 0.00464666
1.74 0.18 0.00494694
1.74 0.24 0.00519669
1.74 0.3 0.00538677
1.74 0.36 0.00551012
1.74 0.42 0.00556219
1.74 0.48 0.00554105
1.74 0.54 0.00544803
1.74 0.6 0.00528678
1.74 0.66 0.00506383
1.74 0.72 0.00478762
1.74 0.78 0.00446824
1.74 0.84 0.00411673
1.74 0.9 0.00374445
1.74 0.96 0.00336254
1.74 1.02 0.00298132
1.74 1.08 0.0026099
1.74 1.14 0.00225601
1.74 1.2 0.00192561
1.74 1.26 0.00162303
1.74 1.32 0.00135089
1.74 1.38 0.00111034
1.74 1.44 0.000901245
1.74 1.5 0.00072241
1.8 -1.44 5.63924e-06
1.8 -1.38 8.56084e-06
1.8 -1.32 1.28175e-05
1.8 -1.26 1.89269e-05
1.8 -1.2 2.75641e-05
1.8 -1.14 3.95911e-05
1.8 -1.08 5.60842e-05
1.8 -1.02 7.83564e-05
1.8 -0.96 0.000107968
1.8 -0.9 0.000146726
1.8 -0.84 0.000198764
1.8 -0.78 0.000263002
1.8 -0.72 0.000343252
1.8 -0.66 0.000441874
1.8 -0.6 0.000561096
1.8 -0.54 0.000702773
1.8 -0.48 0.000868263
1.8 -0.42 0.00105814
1.8 -0.36 0.00127204
1.8 -0.3 0.00150846
1.8 -0.24 0.00176462
1.8 -0.18 0.00203638
1.8 -0.12 0.00231831
1.8 -0.06 0.00260368
1.8 9.71445e-15 0.00288493
1.8 0.06 0.00315365
1.8 0.12 0.00340131
1.8 0.18 0.00361941
1.8 0.24 0.00380021
1.8 0.3 0.00393706
1.8 0.36 0.00402485
1.8 0.42 0.0040603
1.8 0.48 0.00404212
1.8 0.54 0.00397135
1.8 0.6 0.0038508
1.8 0.66 0.00368534
1.8 0.72 0.00348124
1.8 0.78 0.00324596
1.8 0.84 0.00298766
1.8 0.9 0.00271466
1.8 0.96 0.00243514
1.8 1.02 0.00215661
1.8 1.08 0.00188572
1.8 1.14 0.00162804
1.8 1.2 0.00138787
1.8 1.26 0.00116829
1.8 1.32 0.000971121
1.8 1.38 0.000797137
1.8 1.44 0.00064616
1.86 -1.44 4.09275e-06
1.86 -1.38 6.21314e-06
1.86 -1.32 9.30254e-06
1.86 -1.26 1.37364e-05
1.86 -1.2 2.00051e-05
1.86 -1.14 2.87338e-05
1.86 -1.08 4.07039e-05
1.86 -1.02 5.68681e-05
1.86 -0.96 7.83595e-05
1.86 -0.9 0.000106488
1.86 -0.84 0.000142724
1.86 -0.78 0.000190626
1.86 -0.72 0.000248762
1.86 -0.66 0.000320198
1.86 -0.6 0.000406532
1.86 -0.54 0.000509106
1.86 -0.48 0.000628891
1.86 -0.42 0.000766285
1.86 -0.36 0.000921009
1.86 -0.3 0.00109195
1.86 -0.24 0.00127708
1.86 -0.18 0.00147338
1.86 -0.12 0.00167689
1.86 -0.06 0.00188274
1.86 9.71445e-15 0.0020854
1.86 0.06 0.00227883
1.86 0.12 0.00245682
1.86 0.18 0.00261325
1.86 0.24 0.00274251
1.86 0.3 0.00283983
1.86 0.36 0.0029016
1.86 0.42 0.00292542
1.86 0.48 0.0029105
1.86 0.54 0.00285758
1.86 0.6 0.00276883
1.86 0.66 0.00264781
1.86 0.72 0.00249909
1.86 0.78 0.00232814
1.86 0.84 0.00214087
1.86 0.9 0.00194333
1.86 0.96 0.00174143
1.86 1.02 0.00154057
1.86 1.08 0.00134553
1.86 1.14 0.00116031
1.86 1.2 0.00098793
1.86 1.26 0.000830579
1.86 1.32 0.000689523
1.92 -1.38 4.44733e-06
1.92 -1.32 6.65864e-06
1.92 -1.26 9.83233e-06
1.92 -1.2 1.43195e-05
1.92 -1.14 2.05674e-05
1.92 -1.08 2.91355e-05
1.92 -1.02 4.07051e-05
1.92 -0.96 5.60883e-05
1.92 -0.9 7.62228e-05
1.92 -0.84 0.000102161
1.92 -0.78 0.000135044
1.92 -0.72 0.000177834
1.92 -0.66 0.000228881
1.92 -0.6 0.000290555
1.92 -0.54 0.000363818
1.92 -0.48 0.00044935
1.92 -0.42 0.000547435
1.92 -0.36 0.000657854
1.92 -0.3 0.000779803
1.92 -0.24 0.000911818
1.92 -0.18 0.00105174
1.92 -0.12 0.00119668
1.92 -0.06 0.00134323
1.92 9.71445e-15 0.00148738
1.92 0.06 0.00162479
1.92 0.12 0.00175105
1.92 0.18 0.00186182
1.92 0.24 0.00195309
1.92 0.3 0.00202149
1.92 0.36 0.0020644
1.92 0.42 0.00208021
1.92 0.48 0.00206842
1.92 0.54 0.00202953
1.92 0.6 0.00196515
1.92 0.66 0.00187789
1.92 0.72 0.00177106
1.92 0.78 0.00164854
1.92 0.84 0.0015146
1.92 0.9 0.00137358
1.92 0.96 0.00122966
1.92 1.02 0.00108669
1.92 1.08 0.000948096
1.92 1.14 0.000816657
1.92 1.2 0.000694518
1.92 1.26 0.000583185
1.98 -1.38 3.13958e-06
1.98 -1.32 4.70061e-06
1.98 -1.26 6.94123e-06
1.98 -1.2 1.01088e-05
1.98 -1.14 1.45195e-05
1.98 -1.08 2.05683e-05
1.98 -1.02 2.87363e-05
1.98 -0.96 3.95958e-05
1.98 -0.9 5.38095e-05
1.98 -0.84 7.21203e-05
1.98 -0.78 9.53327e-05
1.98 -0.72 0.000125267
1.98 -0.66 0.000161381
1.98 -0.6 0.000204845
1.98 -0.54 0.000256468
1.98 -0.48 0.000316716
1.98 -0.42 0.000385792
1.98 -0.36 0.000463537
1.98 -0.3 0.000549374
1.98 -0.24 0.000642256
1.98 -0.18 0.000740645
1.98 -0.12 0.000842535
1.98 -0.06 0.000945471
1.98 9.71445e-15 0.00104664
1.98 0.06 0.00114301
1.98 0.12 0.00123143
1.98 0.18 0.00130885
1.98 0.24 0.00137248
1.98 0.3 0.00141994
1.98 0.36 0.00144941
1.98 0.42 0.00145981
1.98 0.48 0.00145074
1.98 0.54 0.00142264
1.98 0.6 0.00137667
1.98 0.66 0.00131463
1.98 0.72 0.00123895
1.98 0.78 0.00115236
1.98 0.84 0.00105787
1.98 0.9 0.000958523
1.98 0.96 0.000857281
1.98 1.02 0.000756876
1.98 1.08 0.000659663
1.98 1.14 0.000567587
2.04 -1.38 2.18592e-06
2.04 -1.32 3.27284e-06
2.04 -1.26 4.83277e-06
2.04 -1.2 7.0382e-06
2.04 -1.14 1.01092e-05
2.04 -1.08 1.43204e-05
2.04 -1.02 2.00075e-05
2.04 -0.96 2.75685e-05
2.04 -0.9 3.74647e-05
2.04 -0.84 5.02137e-05
2.04 -0.78 6.63762e-05
2.04 -0.72 8.65341e-05
2.04 -0.66 0.000112137
2.04 -0.6 0.000142455
2.04 -0.54 0.000178336
2.04 -0.48 0.000220207
2.04 -0.42 0.000268198
2.04 -0.36 0.000322196
2.04 -0.3 0.000381797
2.04 -0.24 0.000446266
2.04 -0.18 0.000514544
2.04 -0.12 0.000585209
2.04 -0.06 0.000656557
2.04 9.71445e-15 0.000726628
2.04 0.06 0.000793309
2.04 0.12 0.00085443
2.04 0.18 0.000907856
2.04 0.24 0.000951649
2.04 0.3 0.000984178
2.04 0.36 0.0010042
2.04 0.42 0.00101093
2.04 0.48 0.00100416
2.04 0.54 0.000984173
2.04 0.6 0.000951817
2.04 0.66 0.000908373
2.04 0.72 0.000855495
2.04 0.78 0.000795127
2.04 0.84 0.00072936
2.04 0.9 0.000660326
2.04 0.96 0.000590074
2.04 1.02 0.000520478
2.04 1.08 0.000453182
2.1 -1.26 3.31857e-06
2.1 -1.2 4.83299e-06
2.1 -1.14 6.94171e-06
2.1 -1.08 9.83365e-06
2.1 -1.02 1.37387e-05
2.1 -0.96 1.89306e-05
2.1 -0.9 2.57262e-05
2.1 -0.84 3.44805e-05
2.1 -0.78 4.55783e-05
2.1 -0.72 5.94209e-05
2.1 -0.66 7.64019e-05
2.1 -0.6 9.76437e-05
2.1 -0.54 0.00012232
2.1 -0.48 0.000151021
2.1 -0.42 0.000183914
2.1 -0.36 0.000220916
2.1 -0.3 0.000261746
2.1 -0.24 0.000305899
2.1 -0.18 0.000352633
2.1 -0.12 0.000400987
2.1 -0.06 0.00044978
2.1 9.71445e-15 0.000497677
2.1 0.06 0.000543216
2.1 0.12 0.000584901
2.1 0.18 0.000621296
2.1 0.24 0.000651061
2.1 0.3 0.000673076
2.1 0.36 0.000686494
2.1 0.42 0.000690812
2.1 0.48 0.000685872
2.1 0.54 0.000671899
2.1 0.6 0.000649463
2.1 0.66 0.000619455
2.1 0.72 0.000583038
2.1 0.78 0.000541538
2.1 0.84 0.000496393
2.1 0.9 0.000449062
2.1 0.96 0.000400953
2.16 -1.14 4.70125e-06
2.16 -1.08 6.65967e-06
2.16 -1.02 9.30432e-06
2.16 -0.96 1.28206e-05
2.16 -0.9 1.74228e-05
2.16 -0.84 2.33517e-05
2.16 -0.78 3.08678e-05
2.16 -0.72 4.02421e-05
2.16 -0.66 5.17422e-05
2.16 -0.6 6.60765e-05
2.16 -0.54 8.27009e-05
2.16 -0.48 0.000102165
2.16 -0.42 0.000124403
2.16 -0.36 0.000149413
2.16 -0.3 0.000177004
2.16 -0.24 0.000206834
2.16 -0.18 0.0002384
2.16 -0.12 0.000271044
2.16 -0.06 0.000303969
2.16 9.71445e-15 0.000336269
2.16 0.06 0.000366953
2.16 0.12 0.00039502
2.16 0.18 0.000419485
2.16 0.24 0.000439452
2.16 0.3 0.000454169
2.16 0.36 0.000463064
2.16 0.42 0.000465798
2.16 0.48 0.000462273
2.16 0.54 0.000452651
2.16 0.6 0.000437318
2.16 0.66 0.000416895
2.16 0.72 0.000392159
2.16 0.78 0.000364017
2.16 0.84 0.000333449
2.22 -1.02 6.21462e-06
2.22 -0.96 8.56318e-06
2.22 -0.9 1.16371e-05
2.22 -0.84 1.55971e-05
2.22 -0.78 2.06175e-05
2.22 -0.72 2.68788e-05
2.22 -0.66 3.45604e-05
2.22 -0.6 4.38258e-05
2.22 -0.54 5.51959e-05
2.22 -0.48 6.81342e-05
2.22 -0.42 8.30024e-05
2.22 -0.36 9.96799e-05
2.22 -0.3 0.000118074
2.22 -0.24 0.000137954
2.22 -0.18 0.000158985
2.22 -0.12 0.000180727
2.22 -0.06 0.000202649
2.22 9.71445e-15 0.000224138
2.22 0.06 0.000244543
2.22 0.12 0.000263189
2.22 0.18 0.000279419
2.22 0.24 0.000292639
2.22 0.3 0.000302352
2.22 0.36 0.000308178
2.22 0.42 0.000309889
2.22 0.48 0.000307431
2.22 0.54 0.000300903
2.22 0.6 0.000290584
2.22 0.66 0.000276878
2.28 -0.78 1.35816e-05
2.28 -0.72 1.77064e-05
2.28 -0.66 2.27666e-05
2.28 -0.6 2.887e-05
2.28 -0.54 3.61074e-05
2.28 -0.48 4.48483e-05
2.28 -0.42 5.45999e-05
2.28 -0.36 6.55633e-05
2.28 -0.3 7.76911e-05
2.28 -0.24 9.07612e-05
2.28 -0.18 0.000104585
2.28 -0.12 0.00011887
2.28 -0.06 0.00013327
2.28 9.71445e-15 0.000147377
2.28 0.06 0.000160765
2.28 0.12 0.000172987
2.28 0.18 0.000183615
2.28 0.24 0.000192258
2.28 0.3 0.000198585
2.28 0.36 0.000202352
2.28 0.42 0.000203411
2.28 0.48 0.000201728
2.34 -0.54 2.34587e-05
2.34 -0.48 2.89357e-05
2.34 -0.42 3.54459e-05
2.34 -0.36 4.25597e-05
2.34 -0.3 5.04026e-05
2.34 -0.24 5.88999e-05
2.34 -0.18 6.78635e-05
2.34 -0.12 7.71232e-05
2.34 -0.06 8.64535e-05
2.34 9.71445e-15 9.5591e-05
2.34 0.06 0.000104257
2.34 0.12 0.000112163
2.34 0.18 0.000119031
