2807 0.06 0.06 0.224312 -12 -12
-4.08 -0.3 4.89257e-06
-4.08 -0.24 5.5401e-06
-4.08 -0.18 6.18714e-06
-4.02 -0.36 7.09094e-06
-4.02 -0.3 8.14146e-06
-4.02 -0.24 9.21902e-06
-4.02 -0.18 1.02956e-05
-4.02 -0.12 1.134e-05
-4.02 -0.06 1.23187e-05
-4.02 9.71445e-15 1.31978e-05
-4.02 0.06 1.39452e-05
-3.96 -0.42 9.99681e-06
-3.96 -0.36 1.16375e-05
-3.96 -0.3 1.33615e-05
-3.96 -0.24 1.513e-05
-3.96 -0.18 1.68968e-05
-3.96 -0.12 1.86109e-05
-3.96 -0.06 2.0217e-05
-3.96 9.71445e-15 2.16597e-05
-3.96 0.06 2.28864e-05
-3.96 0.12 2.38502e-05
-3.96 0.18 2.45132e-05
-3.9 -0.48 1.37084e-05
-3.9 -0.42 1.6181e-05
-3.9 -0.36 1.88367e-05
-3.9 -0.3 2.1627e-05
-3.9 -0.24 2.44897e-05
-3.9 -0.18 2.73495e-05
-3.9 -0.12 3.0124e-05
-3.9 -0.06 3.27235e-05
-3.9 9.71445e-15 3.50587e-05
-3.9 0.06 3.70443e-05
-3.9 0.12 3.86043e-05
-3.9 0.18 3.96773e-05
-3.9 0.24 4.02196e-05
-3.9 0.3 4.02085e-05
-3.84 -0.54 1.82849e-05
-3.84 -0.48 2.18837e-05
-3.84 -0.42 2.58307e-05
-3.84 -0.36 3.00703e-05
-3.84 -0.3 3.45246e-05
-3.84 -0.24 3.90944e-05
-3.84 -0.18 4.36598e-05
-3.84 -0.12 4.80889e-05
-3.84 -0.06 5.22388e-05
-3.84 9.71445e-15 5.59665e-05
-3.84 0.06 5.91358e-05
-3.84 0.12 6.16268e-05
-3.84 0.18 6.33394e-05
-3.84 0.24 6.42054e-05
-3.84 0.3 6.41877e-05
-3.84 0.36 6.32879e-05
-3.84 0.42 6.15437e-05
-3.78 -0.6 2.37232e-05
-3.78 -0.54 2.87883e-05
-3.78 -0.48 3.44543e-05
-3.78 -0.42 4.0668e-05
-3.78 -0.36 4.73433e-05
-3.78 -0.3 5.43566e-05
-3.78 -0.24 6.15507e-05
-3.78 -0.18 6.87391e-05
-3.78 -0.12 7.5712e-05
-3.78 -0.06 8.22458e-05
-3.78 9.71445e-15 8.81147e-05
-3.78 0.06 9.31057e-05
-3.78 0.12 9.70271e-05
-3.78 0.18 9.97233e-05
-3.78 0.24 0.000101086
-3.78 0.3 0.000101059
-3.78 0.36 9.96428e-05
-3.78 0.42 9.68955e-05
-3.78 0.48 9.293e-05
-3.78 0.54 8.79013e-05
-3.72 -0.66 2.99394e-05
-3.72 -0.6 3.68376e-05
-3.72 -0.54 4.47019e-05
-3.72 -0.48 5.34993e-05
-3.72 -0.42 6.31489e-05
-3.72 -0.36 7.35138e-05
-3.72 -0.3 8.44044e-05
-3.72 -0.24 9.55746e-05
-3.72 -0.18 0.000106737
-3.72 -0.12 0.000117563
-3.72 -0.06 0.000127709
-3.72 9.71445e-15 0.000136824
-3.72 0.06 0.000144574
-3.72 0.12 0.000150661
-3.72 0.18 0.000154849
-3.72 0.24 0.000156964
-3.72 0.3 0.000156922
-3.72 0.36 0.000154724
-3.72 0.42 0.000150458
-3.72 0.48 0.0001443
-3.72 0.54 0.000136492
-3.72 0.6 0.00012733
-3.72 0.66 0.000117152
-3.66 -0.72 3.67522e-05
-3.66 -0.66 4.58501e-05
-3.66 -0.6 5.64143e-05
-3.66 -0.54 6.84582e-05
-3.66 -0.48 8.1932e-05
-3.66 -0.42 9.67088e-05
-3.66 -0.36 0.000112583
-3.66 -0.3 0.000129258
-3.66 -0.24 0.000146367
-3.66 -0.18 0.000163461
-3.66 -0.12 0.000180043
-3.66 -0.06 0.000195579
-3.66 9.71445e-15 0.000209535
-3.66 0.06 0.000221404
-3.66 0.12 0.000230729
-3.66 0.18 0.000237138
-3.66 0.24 0.000240382
-3.66 0.3 0.000240317
-3.66 0.36 0.000236947
-3.66 0.42 0.000230417
-3.66 0.48 0.000220985
-3.66 0.54 0.000209026
-3.66 0.6 0.000194999
-3.66 0.66 0.00017941
-3.66 0.72 0.000162799
-3.6 -0.72 5.55102e-05
-3.6 -0.66 6.92519e-05
-3.6 -0.6 8.52074e-05
-3.6 -0.54 0.000103398
-3.6 -0.48 0.000123747
-3.6 -0.42 0.000146067
-3.6 -0.36 0.000170041
-3.6 -0.3 0.000195233
-3.6 -0.24 0.000221071
-3.6 -0.18 0.00024689
-3.6 -0.12 0.000271932
-3.6 -0.06 0.000295401
-3.6 9.71445e-15 0.000316483
-3.6 0.06 0.000334407
-3.6 0.12 0.00034849
-3.6 0.18 0.000358177
-3.6 0.24 0.000363069
-3.6 0.3 0.000362967
-3.6 0.36 0.000357886
-3.6 0.42 0.000348018
-3.6 0.48 0.000333776
-3.6 0.54 0.000315713
-3.6 0.6 0.000294522
-3.6 0.66 0.00027098
-3.6 0.72 0.000245891
-3.6 0.78 0.000220059
-3.54 -0.78 6.53699e-05
-3.54 -0.72 8.26889e-05
-3.54 -0.66 0.000103158
-3.54 -0.6 0.000126927
-3.54 -0.54 0.000154026
-3.54 -0.48 0.00018434
-3.54 -0.42 0.000217586
-3.54 -0.36 0.0002533
-3.54 -0.3 0.000290821
-3.54 -0.24 0.000329313
-3.54 -0.18 0.00036777
-3.54 -0.12 0.000405078
-3.54 -0.06 0.000440033
-3.54 9.71445e-15 0.000471435
-3.54 0.06 0.00049814
-3.54 0.12 0.000519117
-3.54 0.18 0.000533545
-3.54 0.24 0.000540835
-3.54 0.3 0.000540693
-3.54 0.36 0.000533113
-3.54 0.42 0.000518421
-3.54 0.48 0.000497201
-3.54 0.54 0.000470292
-3.54 0.6 0.000438728
-3.54 0.66 0.000403655
-3.54 0.72 0.000366284
-3.54 0.78 0.000327801
-3.54 0.84 0.000289334
-3.54 0.9 0.000251866
-3.48 -0.84 7.48793e-05
-3.48 -0.78 9.60382e-05
-3.48 -0.72 0.000121482
-3.48 -0.66 0.000151556
-3.48 -0.6 0.000186474
-3.48 -0.54 0.000226286
-3.48 -0.48 0.000270822
-3.48 -0.42 0.000319665
-3.48 -0.36 0.000372138
-3.48 -0.3 0.000427261
-3.48 -0.24 0.000483808
-3.48 -0.18 0.000540315
-3.48 -0.12 0.000595122
-3.48 -0.06 0.000646476
-3.48 9.71445e-15 0.000692612
-3.48 0.06 0.000731845
-3.48 0.12 0.000762669
-3.48 0.18 0.000783858
-3.48 0.24 0.000794566
-3.48 0.3 0.000794359
-3.48 0.36 0.000783225
-3.48 0.42 0.000761635
-3.48 0.48 0.000730455
-3.48 0.54 0.000690933
-3.48 0.6 0.000644563
-3.48 0.66 0.000593034
-3.48 0.72 0.000538129
-3.48 0.78 0.00048159
-3.48 0.84 0.000425073
-3.48 0.9 0.000370031
-3.48 0.96 0.000317684
-3.42 -0.84 0.000108497
-3.42 -0.78 0.000139155
-3.42 -0.72 0.000176023
-3.42 -0.66 0.000219599
-3.42 -0.6 0.000270193
-3.42 -0.54 0.000327876
-3.42 -0.48 0.000392407
-3.42 -0.42 0.00046318
-3.42 -0.36 0.00053921
-3.42 -0.3 0.000619082
-3.42 -0.24 0.000701017
-3.42 -0.18 0.000782894
-3.42 -0.12 0.000862301
-3.42 -0.06 0.000936722
-3.42 9.71445e-15 0.00100357
-3.42 0.06 0.00106041
-3.42 0.12 0.00110507
-3.42 0.18 0.00113578
-3.42 0.24 0.0011513
-3.42 0.3 0.00115099
-3.42 0.36 0.00113486
-3.42 0.42 0.00110357
-3.42 0.48 0.0010584
-3.42 0.54 0.00100113
-3.42 0.6 0.000933944
-3.42 0.66 0.000859282
-3.42 0.72 0.000779726
-3.42 0.78 0.000697808
-3.42 0.84 0.000615911
-3.42 0.9 0.000536157
-3.42 0.96 0.00046031
-3.42 1.02 0.000389765
-3.36 -0.9 0.000119227
-3.36 -0.84 0.000155047
-3.36 -0.78 0.000198858
-3.36 -0.72 0.000251544
-3.36 -0.66 0.000313815
-3.36 -0.6 0.000386116
-3.36 -0.54 0.000468547
-3.36 -0.48 0.000560766
-3.36 -0.42 0.000661901
-3.36 -0.36 0.000770551
-3.36 -0.3 0.000884694
-3.36 -0.24 0.00100178
-3.36 -0.18 0.00111879
-3.36 -0.12 0.00123227
-3.36 -0.06 0.00133861
-3.36 9.71445e-15 0.00143414
-3.36 0.06 0.00151537
-3.36 0.12 0.00157919
-3.36 0.18 0.00162307
-3.36 0.24 0.00164525
-3.36 0.3 0.0016448
-3.36 0.36 0.00162176
-3.36 0.42 0.00157704
-3.36 0.48 0.0015125
-3.36 0.54 0.00143066
-3.36 0.6 0.00133464
-3.36 0.66 0.00122795
-3.36 0.72 0.00111426
-3.36 0.78 0.000997195
-3.36 0.84 0.000880163
-3.36 0.9 0.00076619
-3.36 0.96 0.000657803
-3.36 1.02 0.00055699
-3.36 1.08 0.000465142
-3.3 -0.9 0.000168038
-3.3 -0.84 0.000218523
-3.3 -0.78 0.000280269
-3.3 -0.72 0.000354524
-3.3 -0.66 0.000442288
-3.3 -0.6 0.00054419
-3.3 -0.54 0.000660371
-3.3 -0.48 0.000790341
-3.3 -0.42 0.000932879
-3.3 -0.36 0.00108601
-3.3 -0.3 0.00124689
-3.3 -0.24 0.0014119
-3.3 -0.18 0.00157681
-3.3 -0.12 0.00173675
-3.3 -0.06 0.00188663
-3.3 9.71445e-15 0.00202126
-3.3 0.06 0.00213576
-3.3 0.12 0.00222571
-3.3 0.18 0.00228756
-3.3 0.24 0.00231881
-3.3 0.3 0.00231818
-3.3 0.36 0.00228571
-3.3 0.42 0.00222268
-3.3 0.48 0.00213172
-3.3 0.54 0.00201637
-3.3 0.6 0.00188104
-3.3 0.66 0.00173066
-3.3 0.72 0.00157044
-3.3 0.78 0.00140544
-3.3 0.84 0.0012405
-3.3 0.9 0.00107987
-3.3 0.96 0.000927109
-3.3 1.02 0.000785023
-3.3 1.08 0.000655572
-3.3 1.14 0.000539944
-3.24 -0.96 0.000177144
-3.24 -0.9 0.000233577
-3.24 -0.84 0.000303752
-3.24 -0.78 0.000389585
-3.24 -0.72 0.000492797
-3.24 -0.66 0.000614794
-3.24 -0.6 0.000756444
-3.24 -0.54 0.000917937
-3.24 -0.48 0.00109859
-3.24 -0.42 0.00129674
-3.24 -0.36 0.00150958
-3.24 -0.3 0.00173321
-3.24 -0.24 0.00196258
-3.24 -0.18 0.0021918
-3.24 -0.12 0.0024141
-3.24 -0.06 0.00262245
-3.24 9.71445e-15 0.00280963
-3.24 0.06 0.00296877
-3.24 0.12 0.00309377
-3.24 0.18 0.00317977
-3.24 0.24 0.00322317
-3.24 0.3 0.00322233
-3.24 0.36 0.00317719
-3.24 0.42 0.00308961
-3.24 0.48 0.00296314
-3.24 0.54 0.0028028
-3.24 0.6 0.00261468
-3.24 0.66 0.00240567
-3.24 0.72 0.00218294
-3.24 0.78 0.0019536
-3.24 0.84 0.00172431
-3.24 0.9 0.00150104
-3.24 0.96 0.0012887
-3.24 1.02 0.0010912
-3.24 1.08 0.000911265
-3.24 1.14 0.000750535
-3.24 1.2 0.000609656
-3.18 -0.96 0.000242851
-3.18 -0.9 0.000320212
-3.18 -0.84 0.000416419
-3.18 -0.78 0.000534089
-3.18 -0.72 0.000675587
-3.18 -0.66 0.000842832
-3.18 -0.6 0.00103703
-3.18 -0.54 0.00125842
-3.18 -0.48 0.00150609
-3.18 -0.42 0.00177773
-3.18 -0.36 0.00206951
-3.18 -0.3 0.00237607
-3.18 -0.24 0.00269056
-3.18 -0.18 0.00300479
-3.18 -0.12 0.00330958
-3.18 -0.06 0.00359517
-3.18 9.71445e-15 0.00385176
-3.18 0.06 0.0040699
-3.18 0.12 0.00424132
-3.18 0.18 0.00435917
-3.18 0.24 0.00441874
-3.18 0.3 0.00441754
-3.18 0.36 0.00435563
-3.18 0.42 0.0042356
-3.18 0.48 0.0040622
-3.18 0.54 0.00384237
-3.18 0.6 0.00358451
-3.18 0.66 0.00329798
-3.18 0.72 0.0029926
-3.18 0.78 0.00267821
-3.18 0.84 0.0023639
-3.18 0.9 0.00205779
-3.18 0.96 0.0017667
-3.18 1.02 0.00149594
-3.18 1.08 0.00124927
-3.18 1.14 0.00102892
-3.18 1.2 0.0008358
-3.12 -1.02 0.000245598
-3.12 -0.96 0.000328346
-3.12 -0.9 0.000432953
-3.12 -0.84 0.000563032
-3.12 -0.78 0.000722118
-3.12 -0.72 0.000913441
-3.12 -0.66 0.00113956
-3.12 -0.6 0.00140212
-3.12 -0.54 0.00170147
-3.12 -0.48 0.00203635
-3.12 -0.42 0.0024036
-3.12 -0.36 0.00279813
-3.12 -0.3 0.00321263
-3.12 -0.24 0.00363782
-3.12 -0.18 0.00406265
-3.12 -0.12 0.00447479
-3.12 -0.06 0.00486095
-3.12 9.71445e-15 0.00520781
-3.12 0.06 0.0055028
-3.12 0.12 0.00573455
-3.12 0.18 0.00589393
-3.12 0.24 0.00597448
-3.12 0.3 0.00597287
-3.12 0.36 0.00588917
-3.12 0.42 0.00572683
-3.12 0.48 0.00549244
-3.12 0.54 0.00519521
-3.12 0.6 0.00484651
-3.12 0.66 0.00445904
-3.12 0.72 0.00404624
-3.12 0.78 0.00362114
-3.12 0.84 0.00319619
-3.12 0.9 0.00278228
-3.12 0.96 0.00238873
-3.12 1.02 0.00202262
-3.12 1.08 0.0016891
-3.12 1.14 0.00139119
-3.12 1.2 0.00113006
-3.12 1.26 0.000905334
-3.06 -1.02 0.0003275
-3.06 -0.96 0.000437854
-3.06 -0.9 0.000577337
-3.06 -0.84 0.00075079
-3.06 -0.78 0.000962949
-3.06 -0.72 0.00121807
-3.06 -0.66 0.00151961
-3.06 -0.6 0.00186973
-3.06 -0.54 0.00226888
-3.06 -0.48 0.00271542
-3.06 -0.42 0.00320519
-3.06 -0.36 0.00373128
-3.06 -0.3 0.00428401
-3.06 -0.24 0.00485098
-3.06 -0.18 0.00541757
-3.06 -0.12 0.00596707
-3.06 -0.06 0.00648204
-3.06 9.71445e-15 0.00694465
-3.06 0.06 0.00733795
-3.06 0.12 0.00764701
-3.06 0.18 0.00785952
-3.06 0.24 0.00796688
-3.06 0.3 0.00796469
-3.06 0.36 0.00785312
-3.06 0.42 0.00763665
-3.06 0.48 0.00732405
-3.06 0.54 0.00692772
-3.06 0.6 0.00646279
-3.06 0.66 0.00594618
-3.06 0.72 0.00539561
-3.06 0.78 0.00482878
-3.06 0.84 0.00426203
-3.06 0.9 0.00371015
-3.06 0.96 0.00318531
-3.06 1.02 0.00269715
-3.06 1.08 0.00225239
-3.06 1.14 0.00185511
-3.06 1.2 0.00150692
-3.06 1.26 0.00120724
-3.06 1.32 0.000953879
-3 -1.08 0.000317737
-3 -1.02 0.000430716
-3 -0.96 0.000575841
-3 -0.9 0.000759289
-3 -0.84 0.000987419
-3 -0.78 0.00126642
-3 -0.72 0.00160195
-3 -0.66 0.00199851
-3 -0.6 0.00245898
-3 -0.54 0.00298397
-3 -0.48 0.00357123
-3 -0.42 0.00421534
-3 -0.36 0.0049072
-3 -0.3 0.00563416
-3 -0.24 0.00637985
-3 -0.18 0.00712485
-3 -0.12 0.00784763
-3 -0.06 0.00852487
-3 9.71445e-15 0.00913325
-3 0.06 0.00965055
-3 0.12 0.0100569
-3 0.18 0.0103365
-3 0.24 0.0104777
-3 0.3 0.0104749
-3 0.36 0.0103281
-3 0.42 0.0100434
-3 0.48 0.00963238
-3 0.54 0.00911109
-3 0.6 0.00849952
-3 0.66 0.00782008
-3 0.72 0.00709609
-3 0.78 0.0063506
-3 0.84 0.00560529
-3 0.9 0.00487943
-3 0.96 0.00418924
-3 1.02 0.00354718
-3 1.08 0.00296226
-3 1.14 0.00243979
-3 1.2 0.00198184
-3 1.26 0.00158773
-3 1.32 0.0012545
-3 1.38 0.000977585
-2.94 -1.08 0.00041213
-2.94 -1.02 0.000558678
-2.94 -0.96 0.000746914
-2.94 -0.9 0.000984862
-2.94 -0.84 0.00128075
-2.94 -0.78 0.00164265
-2.94 -0.72 0.00207785
-2.94 -0.66 0.00259223
-2.94 -0.6 0.0031895
-2.94 -0.54 0.00387044
-2.94 -0.48 0.00463219
-2.94 -0.42 0.00546762
-2.94 -0.36 0.0063651
-2.94 -0.3 0.00730794
-2.94 -0.24 0.00827512
-2.94 -0.18 0.00924162
-2.94 -0.12 0.0101791
-2.94 -0.06 0.0110574
-2.94 9.71445e-15 0.0118465
-2.94 0.06 0.0125176
-2.94 0.12 0.0130448
-2.94 0.18 0.0134072
-2.94 0.24 0.0135904
-2.94 0.3 0.0135869
-2.94 0.36 0.0133964
-2.94 0.42 0.0130272
-2.94 0.48 0.0124939
-2.94 0.54 0.0118178
-2.94 0.6 0.0110247
-2.94 0.66 0.0101433
-2.94 0.72 0.00920425
-2.94 0.78 0.00823716
-2.94 0.84 0.00727054
-2.94 0.9 0.00632907
-2.94 0.96 0.00543374
-2.94 1.02 0.00460098
-2.94 1.08 0.00384231
-2.94 1.14 0.00316461
-2.94 1.2 0.00257061
-2.94 1.26 0.00205941
-2.94 1.32 0.0016272
-2.94 1.38 0.00126802
-2.88 -1.14 0.00038358
-2.88 -1.08 0.000527215
-2.88 -1.02 0.000714688
-2.88 -0.96 0.000955496
-2.88 -0.9 0.00125989
-2.88 -0.84 0.0016384
-2.88 -0.78 0.00210137
-2.88 -0.72 0.0026581
-2.88 -0.66 0.00331614
-2.88 -0.6 0.00408016
-2.88 -0.54 0.00495123
-2.88 -0.48 0.00592571
-2.88 -0.42 0.00699444
-2.88 -0.36 0.00814256
-2.88 -0.3 0.0093487
-2.88 -0.24 0.010586
-2.88 -0.18 0.0118224
-2.88 -0.12 0.0130215
-2.88 -0.06 0.0141453
-2.88 9.71445e-15 0.0151548
-2.88 0.06 0.0160132
-2.88 0.12 0.0166876
-2.88 0.18 0.0171512
-2.88 0.24 0.0173856
-2.88 0.3 0.0173809
-2.88 0.36 0.0171374
-2.88 0.42 0.0166649
-2.88 0.48 0.0159828
-2.88 0.54 0.015118
-2.88 0.6 0.0141034
-2.88 0.66 0.0129759
-2.88 0.72 0.0117746
-2.88 0.78 0.0105375
-2.88 0.84 0.0093008
-2.88 0.9 0.00809647
-2.88 0.96 0.00695109
-2.88 1.02 0.00588581
-2.88 1.08 0.00491526
-2.88 1.14 0.00404831
-2.88 1.2 0.00328844
-2.88 1.26 0.00263448
-2.88 1.32 0.00208159
-2.88 1.38 0.00162211
-2.88 1.44 0.00124667
-2.82 -1.14 0.000483951
-2.82 -1.08 0.000665169
-2.82 -1.02 0.000901697
-2.82 -0.96 0.00120552
-2.82 -0.9 0.00158957
-2.82 -0.84 0.00206712
-2.82 -0.78 0.00265123
-2.82 -0.72 0.00335365
-2.82 -0.66 0.00418386
-2.82 -0.6 0.0051478
-2.82 -0.54 0.00624679
-2.82 -0.48 0.00747628
-2.82 -0.42 0.00882464
-2.82 -0.36 0.0102732
-2.82 -0.3 0.011795
-2.82 -0.24 0.013356
-2.82 -0.18 0.014916
-2.82 -0.12 0.0164289
-2.82 -0.06 0.0178468
-2.82 9.71445e-15 0.0191203
-2.82 0.06 0.0202033
-2.82 0.12 0.0210542
-2.82 0.18 0.0216392
-2.82 0.24 0.021935
-2.82 0.3 0.0219289
-2.82 0.36 0.0216217
-2.82 0.42 0.0210255
-2.82 0.48 0.020165
-2.82 0.54 0.0190739
-2.82 0.6 0.0177938
-2.82 0.66 0.0163713
-2.82 0.72 0.0148556
-2.82 0.78 0.0132949
-2.82 0.84 0.0117346
-2.82 0.9 0.010215
-2.82 0.96 0.00877
-2.82 1.02 0.00742594
-2.82 1.08 0.0062014
-2.82 1.14 0.00510763
-2.82 1.2 0.00414895
-2.82 1.26 0.00332385
-2.82 1.32 0.00262627
-2.82 1.38 0.00204656
-2.82 1.44 0.00157289
-2.76 -1.14 0.000602191
-2.76 -1.08 0.000827689
-2.76 -1.02 0.001122
-2.76 -0.96 0.00150005
-2.76 -0.9 0.00197794
-2.76 -0.84 0.00257218
-2.76 -0.78 0.00329898
-2.76 -0.72 0.00417303
-2.76 -0.66 0.00520608
-2.76 -0.6 0.00640552
-2.76 -0.54 0.00777307
-2.76 -0.48 0.00930294
-2.76 -0.42 0.0109807
-2.76 -0.36 0.0127832
-2.76 -0.3 0.0146768
-2.76 -0.24 0.0166192
-2.76 -0.18 0.0185603
-2.76 -0.12 0.0204429
-2.76 -0.06 0.0222072
-2.76 9.71445e-15 0.0237919
-2.76 0.06 0.0251395
-2.76 0.12 0.0261983
-2.76 0.18 0.0269263
-2.76 0.24 0.0272942
-2.76 0.3 0.0272867
-2.76 0.36 0.0269045
-2.76 0.42 0.0261626
-2.76 0.48 0.025092
-2.76 0.54 0.0237342
-2.76 0.6 0.0221413
-2.76 0.66 0.0203712
-2.76 0.72 0.0184852
-2.76 0.78 0.0165431
-2.76 0.84 0.0146016
-2.76 0.9 0.0127109
-2.76 0.96 0.0109128
-2.76 1.02 0.00924031
-2.76 1.08 0.00771658
-2.76 1.14 0.00635557
-2.76 1.2 0.00516264
-2.76 1.26 0.00413597
-2.76 1.32 0.00326793
-2.76 1.38 0.0025466
-2.76 1.44 0.00195718
-2.76 1.5 0.00148352
-2.7 -1.14 0.000739019
-2.7 -1.08 0.00101577
-2.7 -1.02 0.00137695
-2.7 -0.96 0.0018409
-2.7 -0.9 0.00242737
-2.7 -0.84 0.00315665
-2.7 -0.78 0.00404861
-2.7 -0.72 0.00512122
-2.7 -0.66 0.00638901
-2.7 -0.6 0.00786106
-2.7 -0.54 0.00953932
-2.7 -0.48 0.0114167
-2.7 -0.42 0.0134758
-2.7 -0.36 0.0156878
-2.7 -0.3 0.0180118
-2.7 -0.24 0.0203955
-2.7 -0.18 0.0227775
-2.7 -0.12 0.0250878
-2.7 -0.06 0.0272529
-2.7 9.71445e-15 0.029198
-2.7 0.06 0.0308519
-2.7 0.12 0.0321511
-2.7 0.18 0.0330447
-2.7 0.24 0.0334959
-2.7 0.3 0.033487
-2.7 0.36 0.0330179
-2.7 0.42 0.0321076
-2.7 0.48 0.0307935
-2.7 0.54 0.0291272
-2.7 0.6 0.0271723
-2.7 0.66 0.025
-2.7 0.72 0.0226855
-2.7 0.78 0.0203021
-2.7 0.84 0.0179194
-2.7 0.9 0.0155991
-2.7 0.96 0.0133924
-2.7 1.02 0.01134
-2.7 1.08 0.00947
-2.7 1.14 0.00779967
-2.7 1.2 0.00633566
-2.7 1.26 0.00507576
-2.7 1.32 0.00401048
-2.7 1.38 0.00312525
-2.7 1.44 0.00240191
-2.7 1.5 0.0018206
-2.64 -1.2 0.000641835
-2.64 -1.14 0.000894483
-2.64 -1.08 0.00122944
-2.64 -1.02 0.00166659
-2.64 -0.96 0.00222816
-2.64 -0.9 0.00293795
-2.64 -0.84 0.00382064
-2.64 -0.78 0.00490028
-2.64 -0.72 0.0061985
-2.64 -0.66 0.00773301
-2.64 -0.6 0.00951473
-2.64 -0.54 0.011546
-2.64 -0.48 0.0138183
-2.64 -0.42 0.0163107
-2.64 -0.36 0.0189877
-2.64 -0.3 0.0218006
-2.64 -0.24 0.0246859
-2.64 -0.18 0.027569
-2.64 -0.12 0.0303653
-2.64 -0.06 0.0329858
-2.64 9.71445e-15 0.0353401
-2.64 0.06 0.0373416
-2.64 0.12 0.0389141
-2.64 0.18 0.0399957
-2.64 0.24 0.0405418
-2.64 0.3 0.040531
-2.64 0.36 0.0399632
-2.64 0.42 0.0388617
-2.64 0.48 0.0372708
-2.64 0.54 0.0352541
-2.64 0.6 0.0328878
-2.64 0.66 0.0302591
-2.64 0.72 0.0274574
-2.64 0.78 0.0245728
-2.64 0.84 0.0216887
-2.64 0.9 0.0188804
-2.64 0.96 0.0162095
-2.64 1.02 0.0137254
-2.64 1.08 0.0114621
-2.64 1.14 0.00944035
-2.64 1.2 0.00766844
-2.64 1.26 0.00614349
-2.64 1.32 0.00485411
-2.64 1.38 0.00378265
-2.64 1.44 0.00290716
-2.64 1.5 0.0022036
-2.64 1.56 0.00164733
-2.58 -1.2 0.000766168
-2.58 -1.14 0.00106776
-2.58 -1.08 0.00146759
-2.58 -1.02 0.00198945
-2.58 -0.96 0.00265978
-2.58 -0.9 0.00350708
-2.58 -0.84 0.00456077
-2.58 -0.78 0.00584951
-2.58 -0.72 0.00739929
-2.58 -0.66 0.00923095
-2.58 -0.6 0.0113578
-2.58 -0.54 0.0137826
-2.58 -0.48 0.0164953
-2.58 -0.42 0.0194703
-2.58 -0.36 0.0226661
-2.58 -0.3 0.0260234
-2.58 -0.24 0.029468
-2.58 -0.18 0.0329095
-2.58 -0.12 0.0362479
-2.58 -0.06 0.0393758
-2.58 9.71445e-15 0.0421855
-2.58 0.06 0.044575
-2.58 0.12 0.0464525
-2.58 0.18 0.0477428
-2.58 0.24 0.0483959
-2.58 0.3 0.0483829
-2.58 0.36 0.0477043
-2.58 0.42 0.0463896
-2.58 0.48 0.0444908
-2.58 0.54 0.042083
-2.58 0.6 0.0392589
-2.58 0.66 0.0361205
-2.58 0.72 0.0327762
-2.58 0.78 0.0293328
-2.58 0.84 0.0258905
-2.58 0.9 0.0225377
-2.58 0.96 0.0193496
-2.58 1.02 0.016384
-2.58 1.08 0.0136824
-2.58 1.14 0.0112692
-2.58 1.2 0.00915401
-2.58 1.26 0.00733356
-2.58 1.32 0.00579448
-2.58 1.38 0.00451539
-2.58 1.44 0.00347031
-2.58 1.5 0.00263048
-2.58 1.56 0.00196646
-2.52 -1.2 0.000902016
-2.52 -1.14 0.00125708
-2.52 -1.08 0.00172781
-2.52 -1.02 0.00234218
-2.52 -0.96 0.00313138
-2.52 -0.9 0.00412894
-2.52 -0.84 0.00536947
-2.52 -0.78 0.00688669
-2.52 -0.72 0.00871126
-2.52 -0.66 0.0108678
-2.52 -0.6 0.0133717
-2.52 -0.54 0.0162264
-2.52 -0.48 0.0194198
-2.52 -0.42 0.0229225
-2.52 -0.36 0.0266848
-2.52 -0.3 0.0306381
-2.52 -0.24 0.0346929
-2.52 -0.18 0.0387446
-2.52 -0.12 0.0426745
-2.52 -0.06 0.0463575
-2.52 9.71445e-15 0.049666
-2.52 0.06 0.0524789
-2.52 0.12 0.0546886
-2.52 0.18 0.056209
-2.52 0.24 0.0569767
-2.52 0.3 0.0569609
-2.52 0.36 0.0561635
-2.52 0.42 0.0546148
-2.52 0.48 0.0523798
-2.52 0.54 0.0495453
-2.52 0.6 0.0462196
-2.52 0.66 0.0425251
-2.52 0.72 0.0385879
-2.52 0.78 0.034534
-2.52 0.84 0.0304808
-2.52 0.9 0.0265339
-2.52 0.96 0.0227806
-2.52 1.02 0.0192893
-2.52 1.08 0.0161084
-2.52 1.14 0.0132672
-2.52 1.2 0.010777
-2.52 1.26 0.0086339
-2.52 1.32 0.00682177
-2.52 1.38 0.00531603
-2.52 1.44 0.00408566
-2.52 1.5 0.00309686
-2.52 1.56 0.00231513
-2.52 1.62 0.00170693
-2.46 -1.2 0.00104736
-2.46 -1.14 0.00145963
-2.46 -1.08 0.00200621
-2.46 -1.02 0.00271959
-2.46 -0.96 0.00363592
-2.46 -0.9 0.00479421
-2.46 -0.84 0.0062346
-2.46 -0.78 0.00799628
-2.46 -0.72 0.0101148
-2.46 -0.66 0.0126187
-2.46 -0.6 0.0155262
-2.46 -0.54 0.018841
-2.46 -0.48 0.0225491
-2.46 -0.42 0.0266159
-2.46 -0.36 0.0309848
-2.46 -0.3 0.0355743
-2.46 -0.24 0.0402827
-2.46 -0.18 0.0449874
-2.46 -0.12 0.0495509
-2.46 -0.06 0.0538266
-2.46 9.71445e-15 0.0576677
-2.46 0.06 0.0609345
-2.46 0.12 0.0635008
-2.46 0.18 0.065265
-2.46 0.24 0.0661571
-2.46 0.3 0.0661396
-2.46 0.36 0.0652122
-2.46 0.42 0.063415
-2.46 0.48 0.0608191
-2.46 0.54 0.057528
-2.46 0.6 0.0536672
-2.46 0.66 0.0493768
-2.46 0.72 0.0448054
-2.46 0.78 0.0400978
-2.46 0.84 0.0353924
-2.46 0.9 0.0308093
-2.46 0.96 0.026451
-2.46 1.02 0.0223971
-2.46 1.08 0.018704
-2.46 1.14 0.0154051
-2.46 1.2 0.0125135
-2.46 1.26 0.010025
-2.46 1.32 0.00792107
-2.46 1.38 0.00617258
-2.46 1.44 0.0047439
-2.46 1.5 0.00359586
-2.46 1.56 0.00268815
-2.46 1.62 0.00198196
-2.4 -1.2 0.0011994
-2.4 -1.14 0.00167152
-2.4 -1.08 0.00229744
-2.4 -1.02 0.00311436
-2.4 -0.96 0.00416375
-2.4 -0.9 0.00549019
-2.4 -0.84 0.00713962
-2.4 -0.78 0.00915712
-2.4 -0.72 0.0115832
-2.4 -0.66 0.0144507
-2.4 -0.6 0.0177801
-2.4 -0.54 0.0215758
-2.4 -0.48 0.0258222
-2.4 -0.42 0.0304796
-2.4 -0.36 0.0354825
-2.4 -0.3 0.0407387
-2.4 -0.24 0.0461305
-2.4 -0.18 0.0515183
-2.4 -0.12 0.0567436
-2.4 -0.06 0.0616409
-2.4 9.71445e-15 0.0660399
-2.4 0.06 0.0697798
-2.4 0.12 0.0727192
-2.4 0.18 0.0747398
-2.4 0.24 0.0757611
-2.4 0.3 0.0757401
-2.4 0.36 0.0746789
-2.4 0.42 0.0726202
-2.4 0.48 0.0696479
-2.4 0.54 0.065879
-2.4 0.6 0.0614579
-2.4 0.66 0.0565451
-2.4 0.72 0.0513095
-2.4 0.78 0.0459193
-2.4 0.84 0.0405298
-2.4 0.9 0.0352816
-2.4 0.96 0.0302906
-2.4 1.02 0.0256485
-2.4 1.08 0.0214189
-2.4 1.14 0.0176411
-2.4 1.2 0.01433
-2.4 1.26 0.0114802
-2.4 1.32 0.00907088
-2.4 1.38 0.00706859
-2.4 1.44 0.00543262
-2.4 1.5 0.00411786
-2.4 1.56 0.00307839
-2.4 1.62 0.00226969
-2.34 -1.2 0.00135463
-2.34 -1.14 0.00188784
-2.34 -1.08 0.00259479
-2.34 -1.02 0.00351741
-2.34 -0.96 0.00470262
-2.34 -0.9 0.00620071
-2.34 -0.84 0.00806374
-2.34 -0.78 0.0103422
-2.34 -0.72 0.0130824
-2.34 -0.66 0.0163209
-2.34 -0.6 0.0200813
-2.34 -0.54 0.0243685
-2.34 -0.48 0.0291644
-2.34 -0.42 0.0344246
-2.34 -0.36 0.0400744
-2.34 -0.3 0.0460113
-2.34 -0.24 0.0521012
-2.34 -0.18 0.0581856
-2.34 -0.12 0.064088
-2.34 -0.06 0.0696188
-2.34 9.71445e-15 0.074587
-2.34 0.06 0.0788111
-2.34 0.12 0.0821302
-2.34 0.18 0.0844131
-2.34 0.24 0.0855666
-2.34 0.3 0.0855425
-2.34 0.36 0.0843445
-2.34 0.42 0.0820195
-2.34 0.48 0.0786627
-2.34 0.54 0.0744055
-2.34 0.6 0.0694114
-2.34 0.66 0.063863
-2.34 0.72 0.05795
-2.34 0.78 0.0518624
-2.34 0.84 0.0457755
-2.34 0.9 0.0398477
-2.34 0.96 0.0342113
-2.34 1.02 0.028968
-2.34 1.08 0.0241912
-2.34 1.14 0.0199244
-2.34 1.2 0.0161848
-2.34 1.26 0.0129662
-2.34 1.32 0.0102449
-2.34 1.38 0.00798343
-2.34 1.44 0.00613576
-2.34 1.5 0.0046508
-2.34 1.56 0.00347682
-2.34 1.62 0.00256342
-2.34 1.68 0.00186402
-2.28 -1.26 0.00106785
-2.28 -1.2 0.00150891
-2.28 -1.14 0.00210288
-2.28 -1.08 0.00289035
-2.28 -1.02 0.00391807
-2.28 -0.96 0.00523827
-2.28 -0.9 0.00690693
-2.28 -0.84 0.00898221
-2.28 -0.78 0.0115203
-2.28 -0.72 0.0145725
-2.28 -0.66 0.0181798
-2.28 -0.6 0.0223686
-2.28 -0.54 0.0271441
-2.28 -0.48 0.0324862
-2.28 -0.42 0.0383457
-2.28 -0.36 0.044639
-2.28 -0.3 0.0512518
-2.28 -0.24 0.0580356
-2.28 -0.18 0.0648128
-2.28 -0.12 0.0713877
-2.28 -0.06 0.0775481
-2.28 9.71445e-15 0.083082
-2.28 0.06 0.0877876
-2.28 0.12 0.0914844
-2.28 0.18 0.0940275
-2.28 0.24 0.0953124
-2.28 0.3 0.0952863
-2.28 0.36 0.0939511
-2.28 0.42 0.091362
-2.28 0.48 0.0876223
-2.28 0.54 0.08288
-2.28 0.6 0.077317
-2.28 0.66 0.071137
-2.28 0.72 0.0645503
-2.28 0.78 0.0577693
-2.28 0.84 0.0509893
-2.28 0.9 0.0443866
-2.28 0.96 0.038108
-2.28 1.02 0.0322673
-2.28 1.08 0.0269467
-2.28 1.14 0.0221939
-2.28 1.2 0.0180282
-2.28 1.26 0.0144431
-2.28 1.32 0.0114118
-2.28 1.38 0.00889277
-2.28 1.44 0.00683461
-2.28 1.5 0.00518055
-2.28 1.56 0.00387282
-2.28 1.62 0.00285539
-2.28 1.68 0.00207634
-2.22 -1.26 0.00117313
-2.22 -1.2 0.00165767
-2.22 -1.14 0.0023102
-2.22 -1.08 0.00317531
-2.22 -1.02 0.00430435
-2.22 -0.96 0.00575471
-2.22 -0.9 0.00758787
-2.22 -0.84 0.00986774
-2.22 -0.78 0.0126561
-2.22 -0.72 0.0160092
-2.22 -0.66 0.0199722
-2.22 -0.6 0.024574
-2.22 -0.54 0.0298202
-2.22 -0.48 0.035689
-2.22 -0.42 0.0421262
-2.22 -0.36 0.0490401
-2.22 -0.3 0.0563046
-2.22 -0.24 0.0637573
-2.22 -0.18 0.0712029
-2.22 -0.12 0.0784258
-2.22 -0.06 0.0851934
-2.22 9.71445e-15 0.0912731
-2.22 0.06 0.0964427
-2.22 0.12 0.100504
-2.22 0.18 0.103297
-2.22 0.24 0.104709
-2.22 0.3 0.10468
-2.22 0.36 0.103213
-2.22 0.42 0.100369
-2.22 0.48 0.0962608
-2.22 0.54 0.0910508
-2.22 0.6 0.08494
-2.22 0.66 0.0781506
-2.22 0.72 0.0709144
-2.22 0.78 0.0634647
-2.22 0.84 0.0560164
-2.22 0.9 0.0487626
-2.22 0.96 0.041865
-2.22 1.02 0.0354486
-2.22 1.08 0.0296034
-2.22 1.14 0.0243819
-2.22 1.2 0.0198056
-2.22 1.26 0.015867
-2.22 1.32 0.0125369
-2.22 1.38 0.00976951
-2.22 1.44 0.00750841
-2.22 1.5 0.0056913
-2.22 1.56 0.00425463
-2.22 1.62 0.00313691
-2.22 1.68 0.00228105
-2.16 -1.26 0.00127107
-2.16 -1.2 0.00179608
-2.16 -1.14 0.00250308
-2.16 -1.08 0.00344041
-2.16 -1.02 0.00466372
-2.16 -0.96 0.00623516
-2.16 -0.9 0.00822141
-2.16 -0.84 0.0106916
-2.16 -0.78 0.0137127
-2.16 -0.72 0.0173458
-2.16 -0.66 0.0216396
-2.16 -0.6 0.0266256
-2.16 -0.54 0.0323098
-2.16 -0.48 0.0386688
-2.16 -0.42 0.0456432
-2.16 -0.36 0.0531346
-2.16 -0.3 0.0610052
-2.16 -0.24 0.0690803
-2.16 -0.18 0.0771476
-2.16 -0.12 0.0849737
-2.16 -0.06 0.0923063
-2.16 9.71445e-15 0.0988931
-2.16 0.06 0.104494
-2.16 0.12 0.108895
-2.16 0.18 0.111921
-2.16 0.24 0.113451
-2.16 0.3 0.11342
-2.16 0.36 0.11183
-2.16 0.42 0.108749
-2.16 0.48 0.104297
-2.16 0.54 0.0986522
-2.16 0.6 0.0920318
-2.16 0.66 0.0846752
-2.16 0.72 0.0768345
-2.16 0.78 0.0687633
-2.16 0.84 0.0606934
-2.16 0.9 0.0528335
-2.16 0.96 0.0453601
-2.16 1.02 0.038408
-2.16 1.08 0.0320748
-2.16 1.14 0.0264176
-2.16 1.2 0.0214592
-2.16 1.26 0.0171917
-2.16 1.32 0.0135836
-2.16 1.38 0.0105851
-2.16 1.44 0.00813528
-2.16 1.5 0.00616647
-2.16 1.56 0.00460986
-2.16 1.62 0.00339881
-2.16 1.68 0.00247149
-2.16 1.74 0.00177246
-2.1 -1.26 0.00135827
-2.1 -1.2 0.00191929
-2.1 -1.14 0.00267476
-2.1 -1.08 0.00367636
-2.1 -1.02 0.00498364
-2.1 -0.96 0.00666281
-2.1 -0.9 0.00878544
-2.1 -0.84 0.011425
-2.1 -0.78 0.0146532
-2.1 -0.72 0.0185356
-2.1 -0.66 0.0231239
-2.1 -0.6 0.0284517
-2.1 -0.54 0.0345261
-2.1 -0.48 0.0413214
-2.1 -0.42 0.0487738
-2.1 -0.36 0.0567794
-2.1 -0.3 0.06519
-2.1 -0.24 0.0738186
-2.1 -0.18 0.0824393
-2.1 -0.12 0.0908024
-2.1 -0.06 0.0986382
-2.1 9.71445e-15 0.105677
-2.1 0.06 0.111662
-2.1 0.12 0.116365
-2.1 0.18 0.119599
-2.1 0.24 0.121234
-2.1 0.3 0.121201
-2.1 0.36 0.119502
-2.1 0.42 0.116208
-2.1 0.48 0.111452
-2.1 0.54 0.10542
-2.1 0.6 0.0983449
-2.1 0.66 0.0904829
-2.1 0.72 0.0821058
-2.1 0.78 0.0734801
-2.1 0.84 0.0648568
-2.1 0.9 0.0564577
-2.1 0.96 0.0484716
-2.1 1.02 0.0410427
-2.1 1.08 0.034275
-2.1 1.14 0.0282299
-2.1 1.2 0.0229312
-2.1 1.26 0.0183709
-2.1 1.32 0.0145154
-2.1 1.38 0.0113112
-2.1 1.44 0.00869329
-2.1 1.5 0.00658942
-2.1 1.56 0.00492608
-2.1 1.62 0.00363194
-2.1 1.68 0.002641
-2.1 1.74 0.00189403
-2.04 -1.26 0.00143148
-2.04 -1.2 0.00202275
-2.04 -1.14 0.00281895
-2.04 -1.08 0.00387458
-2.04 -1.02 0.00525228
-2.04 -0.96 0.00702203
-2.04 -0.9 0.00925905
-2.04 -0.84 0.0120409
-2.04 -0.78 0.0154432
-2.04 -0.72 0.0195347
-2.04 -0.66 0.0243706
-2.04 -0.6 0.0299856
-2.04 -0.54 0.0363872
-2.04 -0.48 0.0435485
-2.04 -0.42 0.0514029
-2.04 -0.36 0.0598401
-2.04 -0.3 0.068705
-2.04 -0.24 0.0777977
-2.04 -0.18 0.0868833
-2.04 -0.12 0.095696
-2.04 -0.06 0.103955
-2.04 9.71445e-15 0.111374
-2.04 0.06 0.117683
-2.04 0.12 0.122638
-2.04 0.18 0.126047
-2.04 0.24 0.127768
-2.04 0.3 0.127734
-2.04 0.36 0.125945
-2.04 0.42 0.122472
-2.04 0.48 0.11746
-2.04 0.54 0.111104
-2.04 0.6 0.103647
-2.04 0.66 0.0953612
-2.04 0.72 0.0865325
-2.04 0.78 0.0774413
-2.04 0.84 0.0683525
-2.04 0.9 0.0595017
-2.04 0.96 0.0510848
-2.04 1.02 0.0432557
-2.04 1.08 0.0361227
-2.04 1.14 0.0297514
-2.04 1.2 0.0241671
-2.04 1.26 0.0193613
-2.04 1.32 0.0152976
-2.04 1.38 0.0119211
-2.04 1.44 0.00916197
-2.04 1.5 0.0069446
-2.04 1.56 0.00519159
-2.04 1.62 0.00382773
-2.04 1.68 0.00278337
-2.04 1.74 0.00199613
-1.98 -1.26 0.00148791
-1.98 -1.2 0.0021025
-1.98 -1.14 0.0029301
-1.98 -1.08 0.00402733
-1.98 -1.02 0.00545936
-1.98 -0.96 0.00729888
-1.98 -0.9 0.00962403
-1.98 -0.84 0.0125154
-1.98 -0.78 0.016052
-1.98 -0.72 0.0203047
-1.98 -0.66 0.0253314
-1.98 -0.6 0.0311678
-1.98 -0.54 0.0378215
-1.98 -0.48 0.0452655
-1.98 -0.42 0.0534297
-1.98 -0.36 0.0621994
-1.98 -0.3 0.0714128
-1.98 -0.24 0.0808647
-1.98 -0.18 0.0903092
-1.98 -0.12 0.0994696
-1.98 -0.06 0.108053
-1.98 9.71445e-15 0.115765
-1.98 0.06 0.122321
-1.98 0.12 0.127473
-1.98 0.18 0.131015
-1.98 0.24 0.132805
-1.98 0.3 0.13277
-1.98 0.36 0.130908
-1.98 0.42 0.1273
-1.98 0.48 0.122089
-1.98 0.54 0.115483
-1.98 0.6 0.107733
-1.98 0.66 0.0991209
-1.98 0.72 0.0899431
-1.98 0.78 0.0804939
-1.98 0.84 0.0710473
-1.98 0.9 0.0618471
-1.98 0.96 0.053098
-1.98 1.02 0.0449605
-1.98 1.08 0.0375466
-1.98 1.14 0.0309243
-1.98 1.2 0.02512
-1.98 1.26 0.0201244
-1.98 1.32 0.0159009
-1.98 1.38 0.0123909
-1.98 1.44 0.00952306
-1.98 1.5 0.00721845
-1.98 1.56 0.00539624
-1.98 1.62 0.00397865
-1.98 1.68 0.00289311
-1.98 1.74 0.00207482
-1.92 -1.26 0.0015253
-1.92 -1.2 0.00215532
-1.92 -1.14 0.0030037
-1.92 -1.08 0.00412853
-1.92 -1.02 0.00559654
-1.92 -0.96 0.00748225
-1.92 -0.9 0.0098659
-1.92 -0.84 0.0128301
-1.92 -0.78 0.0164553
-1.92 -0.72 0.0208152
-1.92 -0.66 0.0259679
-1.92 -0.6 0.031951
-1.92 -0.54 0.0387724
-1.92 -0.48 0.046403
-1.92 -0.42 0.0547724
-1.92 -0.36 0.0637621
-1.92 -0.3 0.0732081
-1.92 -0.24 0.0828973
-1.92 -0.18 0.0925778
-1.92 -0.12 0.101969
-1.92 -0.06 0.110769
-1.92 9.71445e-15 0.118674
-1.92 0.06 0.125396
-1.92 0.12 0.130676
-1.92 0.18 0.134309
-1.92 0.24 0.136143
-1.92 0.3 0.136106
-1.92 0.36 0.1342
-1.92 0.42 0.1305
-1.92 0.48 0.125159
-1.92 0.54 0.118386
-1.92 0.6 0.11044
-1.92 0.66 0.101611
-1.92 0.72 0.092204
-1.92 0.78 0.0825172
-1.92 0.84 0.0728329
-1.92 0.9 0.0634014
-1.92 0.96 0.0544333
-1.92 1.02 0.0460907
-1.92 1.08 0.0384904
-1.92 1.14 0.0317016
-1.92 1.2 0.0257512
-1.92 1.26 0.0206304
-1.92 1.32 0.0163004
-1.92 1.38 0.0127024
-1.92 1.44 0.0097625
-1.92 1.5 0.0073998
-1.92 1.56 0.00553189
-1.92 1.62 0.00407861
-1.92 1.68 0.00296581
-1.92 1.74 0.00212698
-1.86 -1.2 0.00217914
-1.86 -1.14 0.0030369
-1.86 -1.08 0.00417412
-1.86 -1.02 0.00565839
-1.86 -0.96 0.0075649
-1.86 -0.9 0.00997487
-1.86 -0.84 0.0129717
-1.86 -0.78 0.0166371
-1.86 -0.72 0.0210448
-1.86 -0.66 0.0262546
-1.86 -0.6 0.0323037
-1.86 -0.54 0.0392005
-1.86 -0.48 0.0469157
-1.86 -0.42 0.055377
-1.86 -0.36 0.0644669
-1.86 -0.3 0.0740161
-1.86 -0.24 0.0838121
-1.86 -0.18 0.093601
-1.86 -0.12 0.103096
-1.86 -0.06 0.111991
-1.86 9.71445e-15 0.119984
-1.86 0.06 0.126781
-1.86 0.12 0.13212
-1.86 0.18 0.135791
-1.86 0.24 0.137646
-1.86 0.3 0.13761
-1.86 0.36 0.135681
-1.86 0.42 0.131941
-1.86 0.48 0.12654
-1.86 0.54 0.119693
-1.86 0.6 0.11166
-1.86 0.66 0.102734
-1.86 0.72 0.0932223
-1.86 0.78 0.0834277
-1.86 0.84 0.0736374
-1.86 0.9 0.064102
-1.86 0.96 0.0550338
-1.86 1.02 0.0465995
-1.86 1.08 0.0389155
-1.86 1.14 0.0320518
-1.86 1.2 0.0260356
-1.86 1.26 0.0208581
-1.86 1.32 0.0164806
-1.86 1.38 0.0128427
-1.86 1.44 0.00987013
-1.86 1.5 0.00748156
-1.86 1.56 0.00559295
-1.86 1.62 0.00412367
-1.86 1.68 0.00299856
-1.86 1.74 0.00215047
-1.8 -1.2 0.00217292
-1.8 -1.14 0.00302824
-1.8 -1.08 0.0041622
-1.8 -1.02 0.00564219
-1.8 -0.96 0.00754333
-1.8 -0.9 0.00994642
-1.8 -0.84 0.0129346
-1.8 -0.78 0.0165896
-1.8 -0.72 0.0209849
-1.8 -0.66 0.0261798
-1.8 -0.6 0.0322116
-1.8 -0.54 0.039088
-1.8 -0.48 0.0467814
-1.8 -0.42 0.0552188
-1.8 -0.36 0.0642826
-1.8 -0.3 0.0738048
-1.8 -0.24 0.0835732
-1.8 -0.18 0.093334
-1.8 -0.12 0.102801
-1.8 -0.06 0.111673
-1.8 9.71445e-15 0.119642
-1.8 0.06 0.126418
-1.8 0.12 0.131743
-1.8 0.18 0.135404
-1.8 0.24 0.137254
-1.8 0.3 0.137216
-1.8 0.36 0.135293
-1.8 0.42 0.131563
-1.8 0.48 0.126179
-1.8 0.54 0.119351
-1.8 0.6 0.111341
-1.8 0.66 0.102441
-1.8 0.72 0.0929559
-1.8 0.78 0.0831905
-1.8 0.84 0.0734268
-1.8 0.9 0.0639186
-1.8 0.96 0.0548766
-1.8 1.02 0.0464664
-1.8 1.08 0.038804
-1.8 1.14 0.03196
-1.8 1.2 0.0259613
-1.8 1.26 0.0207984
-1.8 1.32 0.0164334
-1.8 1.38 0.012806
-1.8 1.44 0.0098421
-1.8 1.5 0.00746019
-1.8 1.56 0.00557703
-1.8 1.62 0.00411192
-1.8 1.68 0.00299
-1.8 1.74 0.0021443
-1.74 -1.2 0.00213693
-1.74 -1.14 0.00297807
-1.74 -1.08 0.00409327
-1.74 -1.02 0.00554872
-1.74 -0.96 0.00741837
-1.74 -0.9 0.00978165
-1.74 -0.84 0.0127205
-1.74 -0.78 0.0163148
-1.74 -0.72 0.0206375
-1.74 -0.66 0.0257462
-1.74 -0.6 0.0316781
-1.74 -0.54 0.0384411
-1.74 -0.48 0.0460068
-1.74 -0.42 0.0543047
-1.74 -0.36 0.0632175
-1.74 -0.3 0.0725826
-1.74 -0.24 0.0821896
-1.74 -0.18 0.0917879
-1.74 -0.12 0.101099
-1.74 -0.06 0.109824
-1.74 9.71445e-15 0.117661
-1.74 0.06 0.124324
-1.74 0.12 0.129561
-1.74 0.18 0.133161
-1.74 0.24 0.134981
-1.74 0.3 0.134943
-1.74 0.36 0.133053
-1.74 0.42 0.129385
-1.74 0.48 0.12409
-1.74 0.54 0.117374
-1.74 0.6 0.109497
-1.74 0.66 0.100744
-1.74 0.72 0.0914158
-1.74 0.78 0.0818128
-1.74 0.84 0.072211
-1.74 0.9 0.0628595
-1.74 0.96 0.0539681
-1.74 1.02 0.0456969
-1.74 1.08 0.0381614
-1.74 1.14 0.0314308
-1.74 1.2 0.0255315
-1.74 1.26 0.0204541
-1.74 1.32 0.0161613
-1.74 1.38 0.0125938
-1.74 1.44 0.00967914
-1.74 1.5 0.00733663
-1.74 1.56 0.00548468
-1.74 1.62 0.0040438
-1.74 1.68 0.00294048
-1.74 1.74 0.00210881
-1.74 1.8 0.00149158
-1.68 -1.2 0.00207265
-1.68 -1.14 0.0028885
-1.68 -1.08 0.00397016
-1.68 -1.02 0.00538184
-1.68 -0.96 0.00719524
-1.68 -0.9 0.0094874
-1.68 -0.84 0.0123379
-1.68 -0.78 0.0158241
-1.68 -0.72 0.0200167
-1.68 -0.66 0.0249717
-1.68 -0.6 0.0307254
-1.68 -0.54 0.0372849
-1.68 -0.48 0.0446231
-1.68 -0.42 0.0526714
-1.68 -0.36 0.0613162
-1.68 -0.3 0.0703992
-1.68 -0.24 0.0797175
-1.68 -0.18 0.0890266
-1.68 -0.12 0.0980581
-1.68 -0.06 0.10652
-1.68 9.71445e-15 0.114121
-1.68 0.06 0.120584
-1.68 0.12 0.125663
-1.68 0.18 0.129156
-1.68 0.24 0.130921
-1.68 0.3 0.130885
-1.68 0.36 0.129051
-1.68 0.42 0.125494
-1.68 0.48 0.120357
-1.68 0.54 0.113843
-1.68 0.6 0.106203
-1.68 0.66 0.0977133
-1.68 0.72 0.0886658
-1.68 0.78 0.0793519
-1.68 0.84 0.0700391
-1.68 0.9 0.0609687
-1.68 0.96 0.0523448
-1.68 1.02 0.0443223
-1.68 1.08 0.0370136
-1.68 1.14 0.0304854
-1.68 1.2 0.0247635
-1.68 1.26 0.0198389
-1.68 1.32 0.0156752
-1.68 1.38 0.012215
-1.68 1.44 0.00938799
-1.68 1.5 0.00711598
-1.68 1.56 0.0053197
-1.68 1.62 0.00392216
-1.68 1.68 0.00285204
-1.68 1.74 0.00204538
-1.68 1.8 0.00144671
-1.62 -1.2 0.00198267
-1.62 -1.14 0.00276311
-1.62 -1.08 0.0037978
-1.62 -1.02 0.00514822
-1.62 -0.96 0.00688288
-1.62 -0.9 0.00907556
-1.62 -0.84 0.0118022
-1.62 -0.78 0.0151372
-1.62 -0.72 0.0191478
-1.62 -0.66 0.0238876
-1.62 -0.6 0.0293915
-1.62 -0.54 0.0356662
-1.62 -0.48 0.042686
-1.62 -0.42 0.0503848
-1.62 -0.36 0.0586546
-1.62 -0.3 0.0673429
-1.62 -0.24 0.0762568
-1.62 -0.18 0.0851619
-1.62 -0.12 0.0938013
-1.62 -0.06 0.101896
-1.62 9.71445e-15 0.109167
-1.62 0.06 0.115349
-1.62 0.12 0.120208
-1.62 0.18 0.123549
-1.62 0.24 0.125238
-1.62 0.3 0.125203
-1.62 0.36 0.123448
-1.62 0.42 0.120046
-1.62 0.48 0.115132
-1.62 0.54 0.108901
-1.62 0.6 0.101593
-1.62 0.66 0.0934714
-1.62 0.72 0.084817
-1.62 0.78 0.075907
-1.62 0.84 0.0669987
-1.62 0.9 0.0583221
-1.62 0.96 0.0500723
-1.62 1.02 0.042398
-1.62 1.08 0.0354068
-1.62 1.14 0.0291621
-1.62 1.2 0.0236885
-1.62 1.26 0.0189776
-1.62 1.32 0.0149948
-1.62 1.38 0.0116847
-1.62 1.44 0.00898043
-1.62 1.5 0.00680707
-1.62 1.56 0.00508877
-1.62 1.62 0.00375189
-1.62 1.68 0.00272823
-1.62 1.74 0.00195658
-1.62 1.8 0.00138391
-1.56 -1.2 0.00187054
-1.56 -1.14 0.00260681
-1.56 -1.08 0.00358298
-1.56 -1.02 0.00485704
-1.56 -0.96 0.00649355
-1.56 -0.9 0.00856229
-1.56 -0.84 0.0111348
-1.56 -0.78 0.0142809
-1.56 -0.72 0.0180647
-1.56 -0.66 0.0225365
-1.56 -0.6 0.0277289
-1.56 -0.54 0.033649
-1.56 -0.48 0.0402717
-1.56 -0.42 0.0475347
-1.56 -0.36 0.055337
-1.56 -0.3 0.0635343
-1.56 -0.24 0.0719434
-1.56 -0.18 0.0803453
-1.56 -0.12 0.0884957
-1.56 -0.06 0.0961326
-1.56 9.71445e-15 0.102992
-1.56 0.06 0.108826
-1.56 0.12 0.11341
-1.56 0.18 0.116561
-1.56 0.24 0.118154
-1.56 0.3 0.118122
-1.56 0.36 0.116467
-1.56 0.42 0.113256
-1.56 0.48 0.108621
-1.56 0.54 0.102743
-1.56 0.6 0.095847
-1.56 0.66 0.0881846
-1.56 0.72 0.0800204
-1.56 0.78 0.0716136
-1.56 0.84 0.0632093
-1.56 0.9 0.0550237
-1.56 0.96 0.0472404
-1.56 1.02 0.0400002
-1.56 1.08 0.0334043
-1.56 1.14 0.0275127
-1.56 1.2 0.0223487
-1.56 1.26 0.0179043
-1.56 1.32 0.0141466
-1.56 1.38 0.0110239
-1.56 1.44 0.00847246
-1.56 1.5 0.00642202
-1.56 1.56 0.00480095
-1.56 1.62 0.00353969
-1.56 1.68 0.0025739
-1.56 1.74 0.00184592
-1.56 1.8 0.00130564
-1.5 -1.2 0.00174048
-1.5 -1.14 0.00242557
-1.5 -1.08 0.00333389
-1.5 -1.02 0.00451934
-1.5 -0.96 0.00604212
-1.5 -0.9 0.00796697
-1.5 -0.84 0.0103606
-1.5 -0.78 0.0132881
-1.5 -0.72 0.0168087
-1.5 -0.66 0.0209697
-1.5 -0.6 0.0258011
-1.5 -0.54 0.0313094
-1.5 -0.48 0.0374714
-1.5 -0.42 0.0442297
-1.5 -0.36 0.0514895
-1.5 -0.3 0.0591174
-1.5 -0.24 0.0669412
-1.5 -0.18 0.074759
-1.5 -0.12 0.0823418
-1.5 -0.06 0.0894484
-1.5 9.71445e-15 0.0958323
-1.5 0.06 0.10126
-1.5 0.12 0.105524
-1.5 0.18 0.108458
-1.5 0.24 0.109938
-1.5 0.3 0.109909
-1.5 0.36 0.10837
-1.5 0.42 0.105382
-1.5 0.48 0.101069
-1.5 0.54 0.0955997
-1.5 0.6 0.089183
-1.5 0.66 0.0820538
-1.5 0.72 0.0744571
-1.5 0.78 0.0666345
-1.5 0.84 0.058814
-1.5 0.9 0.0511984
-1.5 0.96 0.043956
-1.5 1.02 0.0372194
-1.5 1.08 0.0310818
-1.5 1.14 0.0255997
-1.5 1.2 0.0207946
-1.5 1.26 0.0166594
-1.5 1.32 0.0131629
-1.5 1.38 0.0102575
-1.5 1.44 0.00788344
-1.5 1.5 0.0059755
-1.5 1.56 0.00446711
-1.5 1.62 0.00329358
-1.5 1.68 0.00239496
-1.5 1.74 0.00171758
-1.5 1.8 0.00121485
-1.44 -1.14 0.00222593
-1.44 -1.08 0.00305946
-1.44 -1.02 0.00414733
-1.44 -0.96 0.00554478
-1.44 -0.9 0.00731113
-1.44 -0.84 0.00950764
-1.44 -0.78 0.0121943
-1.44 -0.72 0.015425
-1.44 -0.66 0.0192436
-1.44 -0.6 0.0236774
-1.44 -0.54 0.0287321
-1.44 -0.48 0.034387
-1.44 -0.42 0.0405892
-1.44 -0.36 0.0472513
-1.44 -0.3 0.0542506
-1.44 -0.24 0.0614309
-1.44 -0.18 0.0686056
-1.44 -0.12 0.0755645
-1.44 -0.06 0.0820852
-1.44 9.71445e-15 0.0879436
-1.44 0.06 0.0929241
-1.44 0.12 0.0968383
-1.44 0.18 0.0995289
-1.44 0.24 0.100889
-1.44 0.3 0.100862
-1.44 0.36 0.0994478
-1.44 0.42 0.0967071
-1.44 0.48 0.0927478
-1.44 0.54 0.0877292
-1.44 0.6 0.0818419
-1.44 0.66 0.0752997
-1.44 0.72 0.0683274
-1.44 0.78 0.0611492
-1.44 0.84 0.0539728
-1.44 0.9 0.0469836
-1.44 0.96 0.0403372
-1.44 1.02 0.0341554
-1.44 1.08 0.0285232
-1.44 1.14 0.0234924
-1.44 1.2 0.019083
-1.44 1.26 0.015288
-1.44 1.32 0.0120795
-1.44 1.38 0.00941307
-1.44 1.44 0.00723444
-1.44 1.5 0.00548367
-1.44 1.56 0.00409939
-1.44 1.62 0.00302248
-1.44 1.68 0.00219783
-1.44 1.74 0.00157619
-1.44 1.8 0.00111486
-1.38 -1.14 0.00201458
-1.38 -1.08 0.00276901
-1.38 -1.02 0.00375361
-1.38 -0.96 0.00501834
-1.38 -0.9 0.00661707
-1.38 -0.84 0.00860518
-1.38 -0.78 0.0110366
-1.38 -0.72 0.0139607
-1.38 -0.66 0.0174166
-1.38 -0.6 0.0214295
-1.38 -0.54 0.0260047
-1.38 -0.48 0.0311227
-1.38 -0.42 0.0367359
-1.38 -0.36 0.0427654
-1.38 -0.3 0.0491006
-1.38 -0.24 0.0555992
-1.38 -0.18 0.0620917
-1.38 -0.12 0.0683907
-1.38 -0.06 0.0742925
-1.38 9.71445e-15 0.0795945
-1.38 0.06 0.0841027
-1.38 0.12 0.0876443
-1.38 0.18 0.0900807
-1.38 0.24 0.0913111
-1.38 0.3 0.0912869
-1.38 0.36 0.0900078
-1.38 0.42 0.0875268
-1.38 0.48 0.0839444
-1.38 0.54 0.0794015
-1.38 0.6 0.0740719
-1.38 0.66 0.0681504
-1.38 0.72 0.0618412
-1.38 0.78 0.0553442
-1.38 0.84 0.0488492
-1.38 0.9 0.0425233
-1.38 0.96 0.0365084
-1.38 1.02 0.030913
-1.38 1.08 0.0258156
-1.38 1.14 0.0212623
-1.38 1.2 0.0172713
-1.38 1.26 0.0138368
-1.38 1.32 0.0109327
-1.38 1.38 0.00851947
-1.38 1.44 0.0065477
-1.38 1.5 0.00496304
-1.38 1.56 0.00371023
-1.38 1.62 0.00273551
-1.38 1.68 0.00198917
-1.38 1.74 0.00142657
-1.32 -1.14 0.0017983
-1.32 -1.08 0.00247169
-1.32 -1.02 0.00335059
-1.32 -0.96 0.00447956
-1.32 -0.9 0.0059066
-1.32 -0.84 0.00768109
-1.32 -0.78 0.00985165
-1.32 -0.72 0.0124616
-1.32 -0.66 0.0155467
-1.32 -0.6 0.0191286
-1.32 -0.54 0.0232123
-1.32 -0.48 0.0277809
-1.32 -0.42 0.0327914
-1.32 -0.36 0.0381739
-1.32 -0.3 0.0438283
-1.32 -0.24 0.0496291
-1.32 -0.18 0.0554257
-1.32 -0.12 0.0610477
-1.32 -0.06 0.0663158
-1.32 9.71445e-15 0.0710485
-1.32 0.06 0.0750726
-1.32 0.12 0.0782347
-1.32 0.18 0.080408
-1.32 0.24 0.0815069
-1.32 0.3 0.0814853
-1.32 0.36 0.0803431
-1.32 0.42 0.0781282
-1.32 0.48 0.07493
-1.32 0.54 0.0708759
-1.32 0.6 0.0661193
-1.32 0.66 0.0608337
-1.32 0.72 0.0552013
-1.32 0.78 0.0494018
-1.32 0.84 0.043604
-1.32 0.9 0.0379577
-1.32 0.96 0.0325879
-1.32 1.02 0.0275937
-1.32 1.08 0.0230436
-1.32 1.14 0.0189793
-1.32 1.2 0.0154169
-1.32 1.26 0.012351
-1.32 1.32 0.00975892
-1.32 1.38 0.00760475
-1.32 1.44 0.00584462
-1.32 1.5 0.00443019
-1.32 1.56 0.00331186
-1.32 1.62 0.00244183
-1.32 1.68 0.00177559
-1.32 1.74 0.00127339
-1.26 -1.08 0.00217597
-1.26 -1.02 0.00294968
-1.26 -0.96 0.0039436
-1.26 -0.9 0.0051999
-1.26 -0.84 0.0067622
-1.26 -0.78 0.00867296
-1.26 -0.72 0.0109708
-1.26 -0.66 0.0136867
-1.26 -0.6 0.01684
-1.26 -0.54 0.0204352
-1.26 -0.48 0.0244571
-1.26 -0.42 0.0288682
-1.26 -0.36 0.0336063
-1.26 -0.3 0.0385849
-1.26 -0.24 0.0436918
-1.26 -0.18 0.0487943
-1.26 -0.12 0.0537439
-1.26 -0.06 0.058382
-1.26 9.71445e-15 0.0625484
-1.26 0.06 0.0660906
-1.26 0.12 0.0688742
-1.26 0.18 0.0707885
-1.26 0.24 0.0717557
-1.26 0.3 0.0717353
-1.26 0.36 0.0707309
-1.26 0.42 0.0687809
-1.26 0.48 0.065966
-1.26 0.54 0.062396
-1.26 0.6 0.0582082
-1.26 0.66 0.0535554
-1.26 0.72 0.0485966
-1.26 0.78 0.0434916
-1.26 0.84 0.0383871
-1.26 0.9 0.0334161
-1.26 0.96 0.0286894
-1.26 1.02 0.0242925
-1.26 1.08 0.0202865
-1.26 1.14 0.0167085
-1.26 1.2 0.0135725
-1.26 1.26 0.0108734
-1.26 1.32 0.00859129
-1.26 1.38 0.00669487
-1.26 1.44 0.00514541
-1.26 1.5 0.00390013
-1.26 1.56 0.00291564
-1.26 1.62 0.00214968
-1.26 1.68 0.00156315
-1.26 1.74 0.00112104
-1.2 -1.08 0.00188932
-1.2 -1.02 0.0025611
-1.2 -0.96 0.00342406
-1.2 -0.9 0.00451482
-1.2 -0.84 0.00587135
-1.2 -0.78 0.00753038
-1.2 -0.72 0.00952549
-1.2 -0.66 0.0118834
-1.2 -0.6 0.0146216
-1.2 -0.54 0.0177431
-1.2 -0.48 0.021235
-1.2 -0.42 0.0250652
-1.2 -0.36 0.029179
-1.2 -0.3 0.0335015
-1.2 -0.24 0.0379357
-1.2 -0.18 0.0423658
-1.2 -0.12 0.0466635
-1.2 -0.06 0.0506903
-1.2 9.71445e-15 0.0543077
-1.2 0.06 0.0573836
-1.2 0.12 0.0598
-1.2 0.18 0.0614623
-1.2 0.24 0.0623022
-1.2 0.3 0.0622853
-1.2 0.36 0.0614125
-1.2 0.42 0.05972
-1.2 0.48 0.0572756
-1.2 0.54 0.0541757
-1.2 0.6 0.0505393
-1.2 0.66 0.0464997
-1.2 0.72 0.0421942
-1.2 0.78 0.0377617
-1.2 0.84 0.0333298
-1.2 0.9 0.0290139
-1.2 0.96 0.0249098
-1.2 1.02 0.021092
-1.2 1.08 0.0176141
-1.2 1.14 0.0145073
-1.2 1.2 0.0117844
-1.2 1.26 0.00944093
-1.2 1.32 0.00745946
-1.2 1.38 0.00581288
-1.2 1.44 0.00446753
-1.2 1.5 0.00338633
-1.2 1.56 0.00253152
-1.2 1.62 0.00186646
-1.2 1.68 0.00135723
-1.2 1.74 0.000973356
-1.14 -1.08 0.00161787
-1.14 -1.02 0.00219314
-1.14 -0.96 0.00293211
-1.14 -0.9 0.00386615
-1.14 -0.84 0.00502776
-1.14 -0.78 0.00644845
-1.14 -0.72 0.00815686
-1.14 -0.66 0.0101761
-1.14 -0.6 0.0125208
-1.14 -0.54 0.0151939
-1.14 -0.48 0.018184
-1.14 -0.42 0.0214639
-1.14 -0.36 0.0249867
-1.14 -0.3 0.0286881
-1.14 -0.24 0.0324851
-1.14 -0.18 0.0362789
-1.14 -0.12 0.0399589
-1.14 -0.06 0.043407
-1.14 9.71445e-15 0.046505
-1.14 0.06 0.0491392
-1.14 0.12 0.0512082
-1.14 0.18 0.0526316
-1.14 0.24 0.0533505
-1.14 0.3 0.0533364
-1.14 0.36 0.0525889
-1.14 0.42 0.0511397
-1.14 0.48 0.0490462
-1.14 0.54 0.046392
-1.14 0.6 0.0432782
-1.14 0.66 0.0398188
-1.14 0.72 0.0361321
-1.14 0.78 0.032336
-1.14 0.84 0.0285411
-1.14 0.9 0.0248454
-1.14 0.96 0.0213308
-1.14 1.02 0.0180617
-1.14 1.08 0.0150834
-1.14 1.14 0.012423
-1.14 1.2 0.0100912
-1.14 1.26 0.00808447
-1.14 1.32 0.0063877
-1.14 1.38 0.00497773
-1.14 1.44 0.00382563
-1.14 1.5 0.0028998
-1.14 1.56 0.00216779
-1.14 1.62 0.0015983
-1.14 1.68 0.00116223
-1.14 1.74 0.000833508
-1.08 -1.02 0.00185222
-1.08 -0.96 0.00247632
-1.08 -0.9 0.00326516
-1.08 -0.84 0.0042462
-1.08 -0.78 0.00544606
-1.08 -0.72 0.00688889
-1.08 -0.66 0.00859427
-1.08 -0.6 0.0105745
-1.08 -0.54 0.012832
-1.08 -0.48 0.0153573
-1.08 -0.42 0.0181274
-1.08 -0.36 0.0211025
-1.08 -0.3 0.0242286
-1.08 -0.24 0.0274354
-1.08 -0.18 0.0306395
-1.08 -0.12 0.0337474
-1.08 -0.06 0.0366595
-1.08 9.71445e-15 0.039276
-1.08 0.06 0.0415006
-1.08 0.12 0.0432481
-1.08 0.18 0.0444502
-1.08 0.24 0.0450573
-1.08 0.3 0.0450453
-1.08 0.36 0.0444141
-1.08 0.42 0.0431901
-1.08 0.48 0.041422
-1.08 0.54 0.0391804
-1.08 0.6 0.0365507
-1.08 0.66 0.0336292
-1.08 0.72 0.0305155
-1.08 0.78 0.0273095
-1.08 0.84 0.0241044
-1.08 0.9 0.0209832
-1.08 0.96 0.018015
-1.08 1.02 0.015254
-1.08 1.08 0.0127387
-1.08 1.14 0.0104918
-1.08 1.2 0.00852255
-1.08 1.26 0.00682775
-1.08 1.32 0.00539475
-1.08 1.38 0.00420395
-1.08 1.44 0.00323094
-1.08 1.5 0.00244903
-1.08 1.56 0.00183081
-1.08 1.62 0.00134985
-1.08 1.68 0.000981561
-1.08 1.74 0.00070394
-1.02 -1.02 0.00154279
-1.02 -0.96 0.00206264
-1.02 -0.9 0.0027197
-1.02 -0.84 0.00353683
-1.02 -0.78 0.00453626
-1.02 -0.72 0.00573807
-1.02 -0.66 0.00715854
-1.02 -0.6 0.00880792
-1.02 -0.54 0.0106883
-1.02 -0.48 0.0127919
-1.02 -0.42 0.0150991
-1.02 -0.36 0.0175773
-1.02 -0.3 0.020181
-1.02 -0.24 0.0228522
-1.02 -0.18 0.025521
-1.02 -0.12 0.0281098
-1.02 -0.06 0.0305354
-1.02 9.71445e-15 0.0327146
-1.02 0.06 0.0345675
-1.02 0.12 0.0360234
-1.02 0.18 0.0370243
-1.02 0.24 0.0375304
-1.02 0.3 0.0375201
-1.02 0.36 0.0369942
-1.02 0.42 0.0359748
-1.02 0.48 0.0345021
-1.02 0.54 0.0326349
-1.02 0.6 0.0304448
-1.02 0.66 0.0280112
-1.02 0.72 0.0254175
-1.02 0.78 0.0227473
-1.02 0.84 0.0200777
-1.02 0.9 0.0174777
-1.02 0.96 0.0150054
-1.02 1.02 0.0127057
-1.02 1.08 0.0106106
-1.02 1.14 0.00873909
-1.02 1.2 0.00709883
-1.02 1.26 0.00568712
-1.02 1.32 0.00449354
-1.02 1.38 0.00350164
-1.02 1.44 0.0026912
-1.02 1.5 0.00203991
-1.02 1.56 0.00152497
-1.02 1.62 0.00112435
-1.02 1.68 0.000817585
-0.96 -0.96 0.00169443
-0.96 -0.9 0.00223423
-0.96 -0.84 0.00290549
-0.96 -0.78 0.00372648
-0.96 -0.72 0.00471379
-0.96 -0.66 0.00588065
-0.96 -0.6 0.0072356
-0.96 -0.54 0.00878035
-0.96 -0.48 0.0105085
-0.96 -0.42 0.0124037
-0.96 -0.36 0.0144397
-0.96 -0.3 0.0165785
-0.96 -0.24 0.0187729
-0.96 -0.18 0.0209652
-0.96 -0.12 0.0230921
-0.96 -0.06 0.0250847
-0.96 9.71445e-15 0.0268747
-0.96 0.06 0.0283968
-0.96 0.12 0.0295929
-0.96 0.18 0.0304151
-0.96 0.24 0.0308311
-0.96 0.3 0.0308227
-0.96 0.36 0.0303906
-0.96 0.42 0.0295529
-0.96 0.48 0.0283433
-0.96 0.54 0.0268095
-0.96 0.6 0.0250102
-0.96 0.66 0.0230109
-0.96 0.72 0.0208803
-0.96 0.78 0.0186868
-0.96 0.84 0.0164938
-0.96 0.9 0.0143579
-0.96 0.96 0.0123268
-0.96 1.02 0.0104375
-0.96 1.08 0.00871651
-0.96 1.14 0.00717916
-0.96 1.2 0.00583165
-0.96 1.26 0.00467191
-0.96 1.32 0.00369142
-0.96 1.38 0.00287657
-0.96 1.44 0.0022108
-0.96 1.5 0.00167577
-0.96 1.56 0.00125275
-0.96 1.62 0.000923642
-0.96 1.68 0.000671637
-0.9 -0.96 0.00137283
-0.9 -0.9 0.00181018
-0.9 -0.84 0.00235405
-0.9 -0.78 0.0030192
-0.9 -0.72 0.00381912
-0.9 -0.66 0.00476454
-0.9 -0.6 0.00586228
-0.9 -0.54 0.00711387
-0.9 -0.48 0.00851394
-0.9 -0.42 0.0100495
-0.9 -0.36 0.011699
-0.9 -0.3 0.0134321
-0.9 -0.24 0.0152098
-0.9 -0.18 0.016986
-0.9 -0.12 0.018709
-0.9 -0.06 0.0203236
-0.9 9.71445e-15 0.0217741
-0.9 0.06 0.0230074
-0.9 0.12 0.0239762
-0.9 0.18 0.0246427
-0.9 0.24 0.0249792
-0.9 0.3 0.0249725
-0.9 0.36 0.0246228
-0.9 0.42 0.0239439
-0.9 0.48 0.022964
-0.9 0.54 0.0217213
-0.9 0.6 0.0202633
-0.9 0.66 0.0186435
-0.9 0.72 0.0169175
-0.9 0.78 0.0151401
-0.9 0.84 0.0133632
-0.9 0.9 0.0116328
-0.9 0.96 0.0099873
-0.9 1.02 0.00845665
-0.9 1.08 0.00706212
-0.9 1.14 0.00581655
-0.9 1.2 0.00472477
-0.9 1.26 0.00378522
-0.9 1.32 0.00299076
-0.9 1.38 0.00233061
-0.9 1.44 0.0017912
-0.9 1.5 0.00135769
-0.9 1.56 0.00101498
-0.9 1.62 0.000748336
-0.9 1.68 0.000544158
-0.84 -0.9 0.00144645
-0.84 -0.84 0.00188101
-0.84 -0.78 0.00241256
-0.84 -0.72 0.00305171
-0.84 -0.66 0.0038072
-0.84 -0.6 0.00468439
-0.84 -0.54 0.00568441
-0.84 -0.48 0.00680321
-0.84 -0.42 0.00803025
-0.84 -0.36 0.00934831
-0.84 -0.3 0.0107331
-0.84 -0.24 0.0121536
-0.84 -0.18 0.0135731
-0.84 -0.12 0.0149499
-0.84 -0.06 0.01624
-0.84 9.71445e-15 0.017399
-0.84 0.06 0.0183843
-0.84 0.12 0.0191587
-0.84 0.18 0.019691
-0.84 0.24 0.0199601
-0.84 0.3 0.0199547
-0.84 0.36 0.019675
-0.84 0.42 0.0191327
-0.84 0.48 0.0183495
-0.84 0.54 0.0173566
-0.84 0.6 0.0161918
-0.84 0.66 0.0148975
-0.84 0.72 0.0135181
-0.84 0.78 0.0120979
-0.84 0.84 0.0106781
-0.84 0.9 0.00929536
-0.84 0.96 0.00798039
-0.84 1.02 0.00675738
-0.84 1.08 0.00564309
-0.84 1.14 0.00464779
-0.84 1.2 0.00377542
-0.84 1.26 0.00302461
-0.84 1.32 0.00238984
-0.84 1.38 0.00186231
-0.84 1.44 0.00143128
-0.84 1.5 0.0010849
-0.84 1.56 0.000811036
-0.84 1.62 0.000597976
-0.84 1.68 0.000434823
-0.78 -0.9 0.00113992
-0.78 -0.84 0.00148241
-0.78 -0.78 0.00190128
-0.78 -0.72 0.00240502
-0.78 -0.66 0.00300036
-0.78 -0.6 0.00369167
-0.78 -0.54 0.00447983
-0.78 -0.48 0.00536148
-0.78 -0.42 0.0063285
-0.78 -0.36 0.00736718
-0.78 -0.3 0.00845856
-0.78 -0.24 0.00957809
-0.78 -0.18 0.0106966
-0.78 -0.12 0.0117817
-0.78 -0.06 0.0127984
-0.78 9.71445e-15 0.0137118
-0.78 0.06 0.0144884
-0.78 0.12 0.0150984
-0.78 0.18 0.0155182
-0.78 0.24 0.0157302
-0.78 0.3 0.015726
-0.78 0.36 0.0155056
-0.78 0.42 0.0150782
-0.78 0.48 0.0144611
-0.78 0.54 0.0136785
-0.78 0.6 0.0127603
-0.78 0.66 0.0117403
-0.78 0.72 0.0106534
-0.78 0.78 0.00953417
-0.78 0.84 0.00841522
-0.78 0.9 0.00732548
-0.78 0.96 0.0062893
-0.78 1.02 0.00532538
-0.78 1.08 0.00444724
-0.78 1.14 0.00366286
-0.78 1.2 0.00297534
-0.78 1.26 0.00238367
-0.78 1.32 0.00188337
-0.78 1.38 0.00146765
-0.78 1.44 0.00112797
-0.78 1.5 0.000854986
-0.78 1.56 0.000639163
-0.78 1.62 0.000471248
-0.72 -0.84 0.00115219
-0.72 -0.78 0.00147777
-0.72 -0.72 0.00186928
-0.72 -0.66 0.00233203
-0.72 -0.6 0.00286934
-0.72 -0.54 0.00348194
-0.72 -0.48 0.00416723
-0.72 -0.42 0.00491879
-0.72 -0.36 0.0057262
-0.72 -0.3 0.0065744
-0.72 -0.24 0.00744449
-0.72 -0.18 0.00831399
-0.72 -0.12 0.00915732
-0.72 -0.06 0.00994751
-0.72 9.71445e-15 0.0106574
-0.72 0.06 0.0112611
-0.72 0.12 0.0117354
-0.72 0.18 0.0120615
-0.72 0.24 0.0122262
-0.72 0.3 0.0122231
-0.72 0.36 0.0120517
-0.72 0.42 0.0117195
-0.72 0.48 0.0112397
-0.72 0.54 0.0106316
-0.72 0.6 0.00991808
-0.72 0.66 0.00912518
-0.72 0.72 0.00828036
-0.72 0.78 0.00741036
-0.72 0.84 0.00654074
-0.72 0.9 0.00569378
-0.72 0.96 0.00488831
-0.72 1.02 0.00413915
-0.72 1.08 0.00345663
-0.72 1.14 0.00284696
-0.72 1.2 0.00231258
-0.72 1.26 0.00185269
-0.72 1.32 0.00146387
-0.72 1.38 0.00114074
-0.72 1.44 0.000876704
-0.72 1.5 0.00066454
-0.72 1.56 0.000496786
-0.72 1.62 0.00036628
-0.66 -0.78 0.00113281
-0.66 -0.72 0.00143294
-0.66 -0.66 0.00178767
-0.66 -0.6 0.00219954
-0.66 -0.54 0.0026691
-0.66 -0.48 0.00319444
-0.66 -0.42 0.00377057
-0.66 -0.36 0.00438949
-0.66 -0.3 0.0050397
-0.66 -0.24 0.00570673
-0.66 -0.18 0.00637324
-0.66 -0.12 0.00701968
-0.66 -0.06 0.0076255
-0.66 9.71445e-15 0.00816968
-0.66 0.06 0.00863236
-0.66 0.12 0.00899598
-0.66 0.18 0.00924591
-0.66 0.24 0.0093723
-0.66 0.3 0.00936969
-0.66 0.36 0.00923842
-0.66 0.42 0.00898368
-0.66 0.48 0.00861602
-0.66 0.54 0.00814981
-0.66 0.6 0.00760286
-0.66 0.66 0.00699508
-0.66 0.72 0.00634743
-0.66 0.78 0.00568059
-0.66 0.84 0.0050139
-0.66 0.9 0.00436463
-0.66 0.96 0.0037472
-0.66 1.02 0.00317292
-0.66 1.08 0.0026497
-0.66 1.14 0.00218237
-0.66 1.2 0.00177275
-0.66 1.26 0.0014202
-0.66 1.32 0.00112214
-0.66 1.38 0.000874446
-0.66 1.44 0.00067206
-0.66 1.5 0.000509413
-0.66 1.56 0.000380823
-0.66 1.62 0.000280779
-0.6 -0.78 0.000856433
-0.6 -0.72 0.00108335
-0.6 -0.66 0.00135153
-0.6 -0.6 0.00166291
-0.6 -0.54 0.00201793
-0.6 -0.48 0.0024151
-0.6 -0.42 0.00285068
-0.6 -0.36 0.00331856
-0.6 -0.3 0.00381016
-0.6 -0.24 0.00431447
-0.6 -0.18 0.00481833
-0.6 -0.12 0.00530711
-0.6 -0.06 0.0057651
-0.6 9.71445e-15 0.00617651
-0.6 0.06 0.00652627
-0.6 0.12 0.00680119
-0.6 0.18 0.00699019
-0.6 0.24 0.00708574
-0.6 0.3 0.00708376
-0.6 0.36 0.0069845
-0.6 0.42 0.00679197
-0.6 0.48 0.00651399
-0.6 0.54 0.00616146
-0.6 0.6 0.00574795
-0.6 0.66 0.00528847
-0.6 0.72 0.00479881
-0.6 0.78 0.0042947
-0.6 0.84 0.00379066
-0.6 0.9 0.00329976
-0.6 0.96 0.00283301
-0.6 1.02 0.00239882
-0.6 1.08 0.00200325
-0.6 1.14 0.00164994
-0.6 1.2 0.00134025
-0.6 1.26 0.00107372
-0.6 1.32 0.000848375
-0.6 1.38 0.000661101
-0.6 1.44 0.000508098
-0.6 1.5 0.000385131
-0.6 1.56 0.000287914
-0.54 -0.72 0.000807784
-0.54 -0.66 0.00100775
-0.54 -0.6 0.00123993
-0.54 -0.54 0.00150464
-0.54 -0.48 0.00180079
-0.54 -0.42 0.00212558
-0.54 -0.36 0.00247445
-0.54 -0.3 0.00284099
-0.54 -0.24 0.00321703
-0.54 -0.18 0.00359271
-0.54 -0.12 0.00395718
-0.54 -0.06 0.00429867
-0.54 9.71445e-15 0.00460542
-0.54 0.06 0.00486621
-0.54 0.12 0.0050712
-0.54 0.18 0.00521213
-0.54 0.24 0.00528339
-0.54 0.3 0.00528193
-0.54 0.36 0.00520789
-0.54 0.42 0.00506435
-0.54 0.48 0.00485707
-0.54 0.54 0.00459421
-0.54 0.6 0.00428587
-0.54 0.66 0.00394326
-0.54 0.72 0.00357816
-0.54 0.78 0.00320228
-0.54 0.84 0.00282646
-0.54 0.9 0.00246042
-0.54 0.96 0.0021124
-0.54 1.02 0.00178864
-0.54 1.08 0.0014937
-0.54 1.14 0.00123026
-0.54 1.2 0.000999344
-0.54 1.26 0.000800606
-0.54 1.32 0.000632581
-0.54 1.38 0.00049294
-0.54 1.44 0.000378856
-0.54 1.5 0.000287169
-0.54 1.56 0.000214679
-0.48 -0.66 0.000741082
-0.48 -0.6 0.00091183
-0.48 -0.54 0.0011065
-0.48 -0.48 0.00132428
-0.48 -0.42 0.00156312
-0.48 -0.36 0.00181968
-0.48 -0.3 0.00208922
-0.48 -0.24 0.00236576
-0.48 -0.18 0.00264204
-0.48 -0.12 0.00291006
-0.48 -0.06 0.00316119
-0.48 9.71445e-15 0.00338676
-0.48 0.06 0.00357857
-0.48 0.12 0.0037293
-0.48 0.18 0.00383292
-0.48 0.24 0.00388534
-0.48 0.3 0.00388428
-0.48 0.36 0.00382983
-0.48 0.42 0.00372425
-0.48 0.48 0.00357182
-0.48 0.54 0.00337854
-0.48 0.6 0.00315178
-0.48 0.66 0.00289983
-0.48 0.72 0.00263135
-0.48 0.78 0.00235491
-0.48 0.84 0.00207855
-0.48 0.9 0.00180937
-0.48 0.96 0.00155343
-0.48 1.02 0.00131534
-0.48 1.08 0.00109845
-0.48 1.14 0.000904717
-0.48 1.2 0.000734905
-0.48 1.26 0.000588754
-0.48 1.32 0.000465193
-0.48 1.38 0.000362504
-0.48 1.44 0.000278606
-0.48 1.5 0.00021118
-0.42 -0.6 0.000661328
-0.42 -0.54 0.000802524
-0.42 -0.48 0.000960471
-0.42 -0.42 0.00113369
-0.42 -0.36 0.00131977
-0.42 -0.3 0.00151529
-0.42 -0.24 0.00171583
-0.42 -0.18 0.00191622
-0.42 -0.12 0.0021106
-0.42 -0.06 0.00229274
-0.42 9.71445e-15 0.00245635
-0.42 0.06 0.00259549
-0.42 0.12 0.00270479
-0.42 0.18 0.00277996
-0.42 0.24 0.00281795
-0.42 0.3 0.00281718
-0.42 0.36 0.00277772
-0.42 0.42 0.00270113
-0.42 0.48 0.00259059
-0.42 0.54 0.0024504
-0.42 0.6 0.00228593
-0.42 0.66 0.00210318
-0.42 0.72 0.00190847
-0.42 0.78 0.00170796
-0.42 0.84 0.00150753
-0.42 0.9 0.00131231
-0.42 0.96 0.00112668
-0.42 1.02 0.000954001
-0.42 1.08 0.000796686
-0.42 1.14 0.000656173
-0.42 1.2 0.000533009
-0.42 1.26 0.000427014
-0.42 1.32 0.000337393
-0.42 1.38 0.000262919
-0.42 1.44 0.000202067
-0.42 1.5 0.000153163
-0.36 -0.54 0.000574051
-0.36 -0.48 0.000687025
-0.36 -0.42 0.000810944
-0.36 -0.36 0.000944047
-0.36 -0.3 0.0010839
-0.36 -0.24 0.00122735
-0.36 -0.18 0.0013707
-0.36 -0.12 0.00150972
-0.36 -0.06 0.00164002
-0.36 9.71445e-15 0.00175707
-0.36 0.06 0.00185658
-0.36 0.12 0.00193476
-0.36 0.18 0.00198855
-0.36 0.24 0.0020157
-0.36 0.3 0.00201515
-0.36 0.36 0.00198693
-0.36 0.42 0.00193215
-0.36 0.48 0.00185307
-0.36 0.54 0.0017528
-0.36 0.6 0.00163514
-0.36 0.66 0.00150444
-0.36 0.72 0.00136515
-0.36 0.78 0.00122173
-0.36 0.84 0.00107834
-0.36 0.9 0.000938711
-0.36 0.96 0.000805922
-0.36 1.02 0.00068241
-0.36 1.08 0.000569879
-0.36 1.14 0.000469362
-0.36 1.2 0.000381265
-0.36 1.26 0.000305446
-0.36 1.32 0.000241339
-0.36 1.38 0.000188069
-0.36 1.44 0.000144541
-0.3 -0.54 0.000404981
-0.3 -0.48 0.000484689
-0.3 -0.42 0.000572105
-0.3 -0.36 0.000666011
-0.3 -0.3 0.00076466
-0.3 -0.24 0.000865871
-0.3 -0.18 0.000966998
-0.3 -0.12 0.00106509
-0.3 -0.06 0.00115699
-0.3 9.71445e-15 0.00123956
-0.3 0.06 0.00130977
-0.3 0.12 0.00136494
-0.3 0.18 0.00140286
-0.3 0.24 0.00142203
-0.3 0.3 0.00142166
-0.3 0.36 0.00140172
-0.3 0.42 0.00136309
-0.3 0.48 0.00130729
-0.3 0.54 0.00123655
-0.3 0.6 0.00115357
-0.3 0.66 0.00106135
-0.3 0.72 0.000963081
-0.3 0.78 0.000861898
-0.3 0.84 0.000760752
-0.3 0.9 0.000662239
-0.3 0.96 0.000568556
-0.3 1.02 0.00048142
-0.3 1.08 0.000402037
-0.3 1.14 0.000331128
-0.3 1.2 0.000268976
-0.3 1.26 0.000215485
-0.3 1.32 0.000170262
-0.3 1.38 0.000132678
-0.3 1.44 0.000101969
-0.24 -0.42 0.00039806
-0.24 -0.36 0.000463391
-0.24 -0.3 0.000532042
-0.24 -0.24 0.000602459
-0.24 -0.18 0.000672814
-0.24 -0.12 0.000741063
-0.24 -0.06 0.000805018
-0.24 9.71445e-15 0.000862469
-0.24 0.06 0.000911316
-0.24 0.12 0.000949689
-0.24 0.18 0.000976092
-0.24 0.24 0.000989425
-0.24 0.3 0.000989154
-0.24 0.36 0.000975301
-0.24 0.42 0.000948414
-0.24 0.48 0.000909598
-0.24 0.54 0.000860373
-0.24 0.6 0.000802621
-0.24 0.66 0.000738464
-0.24 0.72 0.000670094
-0.24 0.78 0.000599697
-0.24 0.84 0.000529313
-0.24 0.9 0.000460771
-0.24 0.96 0.000395595
-0.24 1.02 0.000334965
-0.24 1.08 0.000279729
-0.24 1.14 0.000230392
-0.24 1.2 0.000187148
-0.24 1.26 0.000149932
-0.24 1.32 0.000118463
-0.24 1.38 9.23148e-05
-0.18 -0.36 0.000317992
-0.18 -0.3 0.000365095
-0.18 -0.24 0.000413414
-0.18 -0.18 0.000461698
-0.18 -0.12 0.000508532
-0.18 -0.06 0.000552412
-0.18 9.71445e-15 0.000591835
-0.18 0.06 0.000625362
-0.18 0.12 0.000651699
-0.18 0.18 0.000669807
-0.18 0.24 0.000678957
-0.18 0.3 0.00067878
-0.18 0.36 0.000669265
-0.18 0.42 0.000650819
-0.18 0.48 0.000624175
-0.18 0.54 0.000590402
-0.18 0.6 0.000550778
-0.18 0.66 0.000506746
-0.18 0.72 0.000459831
-0.18 0.78 0.000411517
-0.18 0.84 0.000363226
-0.18 0.9 0.000316192
-0.18 0.96 0.000271462
-0.18 1.02 0.000229859
-0.18 1.08 0.000191956
-0.18 1.14 0.0001581
-0.18 1.2 0.000128424
-0.18 1.26 0.000102885
-0.18 1.32 8.12925e-05
-0.12 -0.3 0.00024709
-0.12 -0.24 0.000279794
-0.12 -0.18 0.000312471
-0.12 -0.12 0.000344166
-0.12 -0.06 0.000373868
-0.12 9.71445e-15 0.000400549
-0.12 0.06 0.000423233
-0.12 0.12 0.000441061
-0.12 0.18 0.000453315
-0.12 0.24 0.000459512
-0.12 0.3 0.000459383
-0.12 0.36 0.000452948
-0.12 0.42 0.000440459
-0.12 0.48 0.000422432
-0.12 0.54 0.000399575
-0.12 0.6 0.000372758
-0.12 0.66 0.00034296
-0.12 0.72 0.000311206
-0.12 0.78 0.000278512
-0.12 0.84 0.000245825
-0.12 0.9 0.000213992
-0.12 0.96 0.00018372
-0.12 1.02 0.000155564
-0.12 1.08 0.000129911
-0.12 1.14 0.000106998
-0.12 1.2 8.69155e-05
-0.12 1.26 6.96306e-05
-0.12 1.32 5.50172e-05
-0.06 -0.24 0.000186758
-0.06 -0.18 0.000208568
-0.06 -0.12 0.000229726
-0.06 -0.06 0.00024955
-0.06 9.71445e-15 0.000267359
-0.06 0.06 0.000282499
-0.06 0.12 0.000294398
-0.06 0.18 0.00030258
-0.06 0.24 0.000306716
-0.06 0.3 0.00030663
-0.06 0.36 0.000302334
-0.06 0.42 0.000294001
-0.06 0.48 0.000281968
-0.06 0.54 0.000266707
-0.06 0.6 0.000248807
-0.06 0.66 0.000228919
-0.06 0.72 0.000207722
-0.06 0.78 0.000185902
-0.06 0.84 0.000164084
-0.06 0.9 0.000142834
-0.06 0.96 0.000122631
-0.06 1.02 0.000103836
-0.06 1.08 8.67137e-05
-0.06 1.14 7.14197e-05
-0.06 1.2 5.80148e-05
-0.06 1.26 4.64776e-05
9.71445e-15 -0.18 0.000137302
9.71445e-15 -0.12 0.00015123
9.71445e-15 -0.06 0.00016428
9.71445e-15 9.71445e-15 0.000176003
9.71445e-15 0.06 0.000185971
9.71445e-15 0.12 0.000193804
9.71445e-15 0.18 0.00019919
9.71445e-15 0.24 0.000201913
9.71445e-15 0.3 0.000201857
9.71445e-15 0.36 0.000199028
9.71445e-15 0.42 0.000193543
9.71445e-15 0.48 0.000185621
9.71445e-15 0.54 0.000175575
9.71445e-15 0.6 0.000163791
9.71445e-15 0.66 0.000150699
9.71445e-15 0.72 0.000136745
9.71445e-15 0.78 0.00012238
9.71445e-15 0.84 0.000108018
9.71445e-15 0.9 9.40293e-05
9.71445e-15 0.96 8.07289e-05
9.71445e-15 1.02 6.83559e-05
9.71445e-15 1.08 5.70845e-05
9.71445e-15 1.14 4.70161e-05
9.71445e-15 1.2 3.81916e-05
0.06 -0.06 0.00010666
0.06 9.71445e-15 0.000114271
0.06 0.06 0.000120743
0.06 0.12 0.000125829
0.06 0.18 0.000129325
0.06 0.24 0.000131094
0.06 0.3 0.000131058
0.06 0.36 0.00012922
0.06 0.42 0.000125659
0.06 0.48 0.000120516
0.06 0.54 0.000113993
0.06 0.6 0.000106343
0.06 0.66 9.78425e-05
0.06 0.72 8.87827e-05
0.06 0.78 7.94563e-05
0.06 0.84 7.01315e-05
0.06 0.9 6.10493e-05
0.06 0.96 5.24138e-05
0.06 1.02 4.43806e-05
0.06 1.08 3.70625e-05
0.06 1.14 3.05257e-05
0.12 9.71445e-15 7.31718e-05
0.12 0.06 7.7316e-05
0.12 0.12 8.05725e-05
0.12 0.18 8.28112e-05
0.12 0.24 8.39438e-05
0.12 0.3 8.3921e-05
0.12 0.36 8.27445e-05
0.12 0.42 8.04637e-05
0.12 0.48 7.71703e-05
0.12 0.54 7.29942e-05
0.12 0.6 6.80951e-05
0.12 0.66 6.26516e-05
0.12 0.72 5.68509e-05
0.12 0.78 5.08785e-05
0.12 0.84 4.49077e-05
0.12 0.9 3.90921e-05
0.12 0.96 3.35623e-05
0.12 1.02 2.84183e-05
0.12 1.08 2.37324e-05
0.18 0.12 5.08842e-05
0.18 0.18 5.22986e-05
0.18 0.24 5.3013e-05
0.18 0.3 5.29987e-05
0.18 0.36 5.22563e-05
0.18 0.42 5.08156e-05
0.18 0.48 4.87359e-05
0.18 0.54 4.60985e-05
0.18 0.6 4.30044e-05
0.18 0.66 3.95664e-05
0.18 0.72 3.59035e-05
0.18 0.78 3.21314e-05
0.18 0.84 2.83606e-05
0.18 0.9 2.4688e-05
0.18 0.96 2.11958e-05
0.18 1.02 1.79473e-05
0.18 1.08 1.49878e-05
0.24 0.24 3.30192e-05
0.24 0.3 3.301e-05
0.24 0.36 3.25478e-05
0.24 0.42 3.16506e-05
0.24 0.48 3.03551e-05
0.24 0.54 2.87124e-05
0.24 0.6 2.67854e-05
0.24 0.66 2.46443e-05
0.24 0.72 2.23625e-05
0.24 0.78 2.00132e-05
0.24 0.84 1.76642e-05
0.24 0.9 1.5377e-05
0.24 0.96 1.32017e-05
0.3 0.42 1.94427e-05
0.3 0.48 1.86468e-05
0.3 0.54 1.76377e-05
0.3 0.6 1.6454e-05
0.3 0.66 1.51386e-05
0.3 0.72 1.3737e-05
0.3 0.78 1.22937e-05
0.3 0.84 1.08511e-05
0.3 0.9 9.44595e-06
0.36 0.6 9.9686e-06
0.36 0.66 9.17175e-06
0.36 0.72 8.32251e-06
0.36 0.78 7.44823e-06
0.36 0.84 6.57405e-06
