4403 0.06 0.06 0.641019 -12 -12
-1.5 -1.02 1.58276e-06
-1.5 -0.96 1.91734e-06
-1.5 -0.9 2.29071e-06
-1.5 -0.84 2.6992e-06
-1.5 -0.78 3.13682e-06
-1.44 -1.08 2.1221e-06
-1.44 -1.02 2.60654e-06
-1.44 -0.96 3.15752e-06
-1.44 -0.9 3.77243e-06
-1.44 -0.84 4.44513e-06
-1.44 -0.78 5.16576e-06
-1.44 -0.72 5.92068e-06
-1.44 -0.66 6.69273e-06
-1.44 -0.6 7.46143e-06
-1.44 -0.54 8.2041e-06
-1.44 -0.48 8.89654e-06
-1.44 -0.42 9.51504e-06
-1.38 -1.14 2.76753e-06
-1.38 -1.08 3.44667e-06
-1.38 -1.02 4.23347e-06
-1.38 -0.96 5.12831e-06
-1.38 -0.9 6.12705e-06
-1.38 -0.84 7.21962e-06
-1.38 -0.78 8.39008e-06
-1.38 -0.72 9.61627e-06
-1.38 -0.66 1.08701e-05
-1.38 -0.6 1.21187e-05
-1.38 -0.54 1.33248e-05
-1.38 -0.48 1.44497e-05
-1.38 -0.42 1.54542e-05
-1.38 -0.36 1.63012e-05
-1.38 -0.3 1.69584e-05
-1.38 -0.24 1.73995e-05
-1.32 -1.2 3.51072e-06
-1.32 -1.14 4.43319e-06
-1.32 -1.08 5.52103e-06
-1.32 -1.02 6.78137e-06
-1.32 -0.96 8.21484e-06
-1.32 -0.9 9.8147e-06
-1.32 -0.84 1.15648e-05
-1.32 -0.78 1.34396e-05
-1.32 -0.72 1.54038e-05
-1.32 -0.66 1.74124e-05
-1.32 -0.6 1.94122e-05
-1.32 -0.54 2.13445e-05
-1.32 -0.48 2.31463e-05
-1.32 -0.42 2.47552e-05
-1.32 -0.36 2.6112e-05
-1.32 -0.3 2.71647e-05
-1.32 -0.24 2.78713e-05
-1.32 -0.18 2.82032e-05
-1.32 -0.12 2.81467e-05
-1.32 -0.06 2.77044e-05
-1.26 -1.26 4.33195e-06
-1.26 -1.2 5.54638e-06
-1.26 -1.14 7.00369e-06
-1.26 -1.08 8.72229e-06
-1.26 -1.02 1.07135e-05
-1.26 -0.96 1.29782e-05
-1.26 -0.9 1.55056e-05
-1.26 -0.84 1.82705e-05
-1.26 -0.78 2.12325e-05
-1.26 -0.72 2.43354e-05
-1.26 -0.66 2.75088e-05
-1.26 -0.6 3.06682e-05
-1.26 -0.54 3.37209e-05
-1.26 -0.48 3.65672e-05
-1.26 -0.42 3.9109e-05
-1.26 -0.36 4.12524e-05
-1.26 -0.3 4.29156e-05
-1.26 -0.24 4.40319e-05
-1.26 -0.18 4.45564e-05
-1.26 -0.12 4.44674e-05
-1.26 -0.06 4.37682e-05
-1.26 9.71445e-15 4.24884e-05
-1.26 0.06 4.06786e-05
-1.2 -1.32 5.19923e-06
-1.2 -1.26 6.74966e-06
-1.2 -1.2 8.6419e-06
-1.2 -1.14 1.09126e-05
-1.2 -1.08 1.35904e-05
-1.2 -1.02 1.66929e-05
-1.2 -0.96 2.02216e-05
-1.2 -0.9 2.41595e-05
-1.2 -0.84 2.84677e-05
-1.2 -0.78 3.30829e-05
-1.2 -0.72 3.79175e-05
-1.2 -0.66 4.2862e-05
-1.2 -0.6 4.77849e-05
-1.2 -0.54 5.2541e-05
-1.2 -0.48 5.69758e-05
-1.2 -0.42 6.09366e-05
-1.2 -0.36 6.42763e-05
-1.2 -0.3 6.68676e-05
-1.2 -0.24 6.86069e-05
-1.2 -0.18 6.94243e-05
-1.2 -0.12 6.92857e-05
-1.2 -0.06 6.8196e-05
-1.2 9.71445e-15 6.6202e-05
-1.2 0.06 6.33816e-05
-1.2 0.12 5.98483e-05
-1.2 0.18 5.57348e-05
-1.14 -1.32 7.98968e-06
-1.14 -1.26 1.03722e-05
-1.14 -1.2 1.32801e-05
-1.14 -1.14 1.67695e-05
-1.14 -1.08 2.08844e-05
-1.14 -1.02 2.56518e-05
-1.14 -0.96 3.10746e-05
-1.14 -0.9 3.7126e-05
-1.14 -0.84 4.37461e-05
-1.14 -0.78 5.08384e-05
-1.14 -0.72 5.82679e-05
-1.14 -0.66 6.58662e-05
-1.14 -0.6 7.34308e-05
-1.14 -0.54 8.07394e-05
-1.14 -0.48 8.75554e-05
-1.14 -0.42 9.36409e-05
-1.14 -0.36 9.87741e-05
-1.14 -0.3 0.000102755
-1.14 -0.24 0.000105428
-1.14 -0.18 0.000106684
-1.14 -0.12 0.000106471
-1.14 -0.06 0.000104797
-1.14 9.71445e-15 0.000101732
-1.14 0.06 9.73994e-05
-1.14 0.12 9.20709e-05
-1.14 0.18 8.57425e-05
-1.14 0.24 7.87514e-05
-1.14 0.3 7.13362e-05
-1.08 -1.38 9.19938e-06
-1.08 -1.32 1.21091e-05
-1.08 -1.26 1.572e-05
-1.08 -1.2 2.0127e-05
-1.08 -1.14 2.54154e-05
-1.08 -1.08 3.16518e-05
-1.08 -1.02 3.88775e-05
-1.08 -0.96 4.70956e-05
-1.08 -0.9 5.62675e-05
-1.08 -0.84 6.63009e-05
-1.08 -0.78 7.7049e-05
-1.08 -0.72 8.83092e-05
-1.08 -0.66 9.98248e-05
-1.08 -0.6 0.00011129
-1.08 -0.54 0.000122368
-1.08 -0.48 0.000132697
-1.08 -0.42 0.000141921
-1.08 -0.36 0.000149699
-1.08 -0.3 0.000155734
-1.08 -0.24 0.000159785
-1.08 -0.18 0.000161688
-1.08 -0.12 0.000161595
-1.08 -0.06 0.000159053
-1.08 9.71445e-15 0.000154401
-1.08 0.06 0.000147824
-1.08 0.12 0.00013958
-1.08 0.18 0.000129986
-1.08 0.24 0.000119387
-1.08 0.3 0.000108145
-1.08 0.36 9.6616e-05
-1.02 -1.44 1.03031e-05
-1.02 -1.38 1.37508e-05
-1.02 -1.32 1.81e-05
-1.02 -1.26 2.34972e-05
-1.02 -1.2 3.00846e-05
-1.02 -1.14 3.79896e-05
-1.02 -1.08 4.7312e-05
-1.02 -1.02 5.81113e-05
-1.02 -0.96 7.03962e-05
-1.02 -0.9 8.41048e-05
-1.02 -0.84 9.91022e-05
-1.02 -0.78 0.000115169
-1.02 -0.72 0.000132002
-1.02 -0.66 0.000149214
-1.02 -0.6 0.000166351
-1.02 -0.54 0.000182907
-1.02 -0.48 0.000198349
-1.02 -0.42 0.000212136
-1.02 -0.36 0.000223764
-1.02 -0.3 0.000232782
-1.02 -0.24 0.000239272
-1.02 -0.18 0.000242119
-1.02 -0.12 0.000241631
-1.02 -0.06 0.000237832
-1.02 9.71445e-15 0.000230871
-1.02 0.06 0.000221038
-1.02 0.12 0.000208714
-1.02 0.18 0.000194366
-1.02 0.24 0.000178518
-1.02 0.3 0.000161708
-1.02 0.36 0.000144468
-1.02 0.42 0.000127291
-1.02 0.48 0.000110615
-0.96 -1.44 1.51888e-05
-0.96 -1.38 2.02715e-05
-0.96 -1.32 2.66831e-05
-0.96 -1.26 3.46396e-05
-0.96 -1.2 4.43511e-05
-0.96 -1.14 5.60035e-05
-0.96 -1.08 6.97473e-05
-0.96 -1.02 8.56691e-05
-0.96 -0.96 0.00010411
-0.96 -0.9 0.000124432
-0.96 -0.84 0.000146684
-0.96 -0.78 0.000170546
-0.96 -0.72 0.000195575
-0.96 -0.66 0.000221208
-0.96 -0.6 0.000246782
-0.96 -0.54 0.000271547
-0.96 -0.48 0.000294715
-0.96 -0.42 0.00031623
-0.96 -0.36 0.000333906
-0.96 -0.3 0.000347772
-0.96 -0.24 0.000357281
-0.96 -0.18 0.000362058
-0.96 -0.12 0.000361922
-0.96 -0.06 0.000350772
-0.96 9.71445e-15 0.000340509
-0.96 0.06 0.000326
-0.96 0.12 0.000307824
-0.96 0.18 0.000286664
-0.96 0.24 0.000263289
-0.96 0.3 0.000238495
-0.96 0.36 0.000213066
-0.96 0.42 0.000187733
-0.96 0.48 0.000163139
-0.96 0.54 0.000139817
-0.9 -1.5 1.6319e-05
-0.9 -1.44 2.20835e-05
-0.9 -1.38 2.94733e-05
-0.9 -1.32 3.87955e-05
-0.9 -1.26 5.03642e-05
-0.9 -1.2 6.46307e-05
-0.9 -1.14 8.16353e-05
-0.9 -1.08 0.000101698
-0.9 -1.02 0.000124957
-0.9 -0.96 0.00015143
-0.9 -0.9 0.000180998
-0.9 -0.84 0.000213374
-0.9 -0.78 0.000248098
-0.9 -0.72 0.000284529
-0.9 -0.66 0.000321847
-0.9 -0.6 0.00035908
-0.9 -0.54 0.000396318
-0.9 -0.48 0.000430172
-0.9 -0.42 0.000460547
-0.9 -0.36 0.000486356
-0.9 -0.3 0.00050662
-0.9 -0.24 0.000520553
-0.9 -0.18 0.00052761
-0.9 -0.12 0.000527511
-0.9 -0.06 0.000520273
-0.9 9.71445e-15 0.000506204
-0.9 0.06 0.000485872
-0.9 0.12 0.000460072
-0.9 0.18 0.000429798
-0.9 0.24 0.000383014
-0.9 0.3 0.000346948
-0.9 0.36 0.000309959
-0.9 0.42 0.000273106
-0.9 0.48 0.000237324
-0.9 0.54 0.000203398
-0.9 0.6 0.000171923
-0.84 -1.5 2.34007e-05
-0.84 -1.44 3.16669e-05
-0.84 -1.38 4.2341e-05
-0.84 -1.32 5.57448e-05
-0.84 -1.26 7.23849e-05
-0.84 -1.2 9.27042e-05
-0.84 -1.14 0.000117097
-0.84 -1.08 0.000145883
-0.84 -1.02 0.000179254
-0.84 -0.96 0.00021724
-0.84 -0.9 0.00025967
-0.84 -0.84 0.000306138
-0.84 -0.78 0.000355987
-0.84 -0.72 0.000408289
-0.84 -0.66 0.000461874
-0.84 -0.6 0.000517271
-0.84 -0.54 0.00056928
-0.84 -0.48 0.000617981
-0.84 -0.42 0.000661705
-0.84 -0.36 0.000698888
-0.84 -0.3 0.000728117
-0.84 -0.24 0.000748271
-0.84 -0.18 0.000758559
-0.84 -0.12 0.000758587
-0.84 -0.06 0.000748357
-0.84 9.71445e-15 0.00072831
-0.84 0.06 0.000699262
-0.84 0.12 0.00066236
-0.84 0.18 0.000619001
-0.84 0.24 0.00057075
-0.84 0.3 0.000519256
-0.84 0.36 0.000466135
-0.84 0.42 0.000391888
-0.84 0.48 0.000340548
-0.84 0.54 0.000291861
-0.84 0.6 0.000246699
-0.84 0.66 0.00020566
-0.78 -1.56 2.4155e-05
-0.78 -1.5 3.31484e-05
-0.78 -1.44 4.48667e-05
-0.78 -1.38 5.98938e-05
-0.78 -1.32 7.88568e-05
-0.78 -1.26 0.000102399
-0.78 -1.2 0.000131147
-0.78 -1.14 0.000165664
-0.78 -1.08 0.000206397
-0.78 -1.02 0.000253619
-0.78 -0.96 0.000307383
-0.78 -0.9 0.000367441
-0.78 -0.84 0.000433223
-0.78 -0.78 0.000503803
-0.78 -0.72 0.000580596
-0.78 -0.66 0.000656842
-0.78 -0.6 0.000732959
-0.78 -0.54 0.000806744
-0.78 -0.48 0.000875874
-0.78 -0.42 0.000937972
-0.78 -0.36 0.000990829
-0.78 -0.3 0.00103245
-0.78 -0.24 0.00106124
-0.78 -0.18 0.00107607
-0.78 -0.12 0.00107635
-0.78 -0.06 0.00106213
-0.78 9.71445e-15 0.00103397
-0.78 0.06 0.000993077
-0.78 0.12 0.000941009
-0.78 0.18 0.000879761
-0.78 0.24 0.000811546
-0.78 0.3 0.000738693
-0.78 0.36 0.000663484
-0.78 0.42 0.000588077
-0.78 0.48 0.000514402
-0.78 0.54 0.000413119
-0.78 0.6 0.00034919
-0.78 0.66 0.000291097
-0.78 0.72 0.000239336
-0.72 -1.56 3.36974e-05
-0.72 -1.5 4.62449e-05
-0.72 -1.44 6.25945e-05
-0.72 -1.38 8.35609e-05
-0.72 -1.32 0.000110021
-0.72 -1.26 0.000142873
-0.72 -1.2 0.00018299
-0.72 -1.14 0.000231163
-0.72 -1.08 0.000288011
-0.72 -1.02 0.000353928
-0.72 -0.96 0.000428983
-0.72 -0.9 0.000512834
-0.72 -0.84 0.00060469
-0.72 -0.78 0.000707443
-0.72 -0.72 0.000811503
-0.72 -0.66 0.000918168
-0.72 -0.6 0.00102467
-0.72 -0.54 0.00112798
-0.72 -0.48 0.00122479
-0.72 -0.42 0.00131183
-0.72 -0.36 0.00138599
-0.72 -0.3 0.00144449
-0.72 -0.24 0.00148509
-0.72 -0.18 0.00150621
-0.72 -0.12 0.00150702
-0.72 -0.06 0.00148754
-0.72 9.71445e-15 0.0014486
-0.72 0.06 0.00139181
-0.72 0.12 0.00131936
-0.72 0.18 0.00123403
-0.72 0.24 0.00113891
-0.72 0.3 0.00103723
-0.72 0.36 0.000932184
-0.72 0.42 0.000826782
-0.72 0.48 0.000723711
-0.72 0.54 0.000625261
-0.72 0.6 0.000533203
-0.72 0.66 0.000406458
-0.72 0.72 0.000334181
-0.72 0.78 0.000270979
-0.66 -1.62 3.33201e-05
-0.66 -1.56 4.63649e-05
-0.66 -1.5 6.36309e-05
-0.66 -1.44 8.6129e-05
-0.66 -1.38 0.000114983
-0.66 -1.32 0.000151397
-0.66 -1.26 0.000196612
-0.66 -1.2 0.00025183
-0.66 -1.14 0.000318137
-0.66 -1.08 0.000396394
-0.66 -1.02 0.000487153
-0.66 -0.96 0.000590494
-0.66 -0.9 0.000711303
-0.66 -0.84 0.000838746
-0.66 -0.78 0.000975518
-0.66 -0.72 0.00111911
-0.66 -0.66 0.00126635
-0.66 -0.6 0.00141342
-0.66 -0.54 0.00155614
-0.66 -0.48 0.00168996
-0.66 -0.42 0.00181035
-0.66 -0.36 0.00191308
-0.66 -0.3 0.00199426
-0.66 -0.24 0.00205079
-0.66 -0.18 0.00208051
-0.66 -0.12 0.00208226
-0.66 -0.06 0.002056
-0.66 9.71445e-15 0.00200295
-0.66 0.06 0.00192518
-0.66 0.12 0.00182578
-0.66 0.18 0.00170857
-0.66 0.24 0.00157772
-0.66 0.3 0.00143771
-0.66 0.36 0.00129294
-0.66 0.42 0.00114757
-0.66 0.48 0.00100529
-0.66 0.54 0.00086926
-0.66 0.6 0.000741952
-0.66 0.66 0.000625196
-0.66 0.72 0.000520095
-0.66 0.78 0.00037326
-0.66 0.84 0.000298503
-0.6 -1.62 4.52155e-05
-0.6 -1.56 6.29185e-05
-0.6 -1.5 8.63521e-05
-0.6 -1.44 0.000116886
-0.6 -1.38 0.000156049
-0.6 -1.32 0.000205477
-0.6 -1.26 0.000266856
-0.6 -1.2 0.000341817
-0.6 -1.14 0.000431841
-0.6 -1.08 0.000538104
-0.6 -1.02 0.000661353
-0.6 -0.96 0.000809346
-0.6 -0.9 0.000967662
-0.6 -0.84 0.00114114
-0.6 -0.78 0.00132734
-0.6 -0.72 0.00152288
-0.6 -0.66 0.00172345
-0.6 -0.6 0.00192389
-0.6 -0.54 0.00211846
-0.6 -0.48 0.00230102
-0.6 -0.42 0.00246545
-0.6 -0.36 0.00260588
-0.6 -0.3 0.00271712
-0.6 -0.24 0.00279489
-0.6 -0.18 0.00283624
-0.6 -0.12 0.00283955
-0.6 -0.06 0.00280478
-0.6 9.71445e-15 0.0027335
-0.6 0.06 0.00262853
-0.6 0.12 0.00249405
-0.6 0.18 0.0023352
-0.6 0.24 0.00215766
-0.6 0.3 0.00196745
-0.6 0.36 0.0017706
-0.6 0.42 0.00157274
-0.6 0.48 0.00137891
-0.6 0.54 0.0011934
-0.6 0.6 0.00101964
-0.6 0.66 0.000860081
-0.6 0.72 0.0007163
-0.6 0.78 0.000589042
-0.6 0.84 0.000478326
-0.6 0.9 0.000319949
-0.54 -1.68 4.28913e-05
-0.54 -1.62 6.05157e-05
-0.54 -1.56 8.42112e-05
-0.54 -1.5 0.000115579
-0.54 -1.44 0.000156454
-0.54 -1.38 0.00020888
-0.54 -1.32 0.000275054
-0.54 -1.26 0.000357233
-0.54 -1.2 0.000457606
-0.54 -1.14 0.000578166
-0.54 -1.08 0.000720486
-0.54 -1.02 0.000896221
-0.54 -0.96 0.00108646
-0.54 -0.9 0.00129906
-0.54 -0.84 0.0015321
-0.54 -0.78 0.0017823
-0.54 -0.72 0.00204511
-0.54 -0.66 0.00231477
-0.54 -0.6 0.00258435
-0.54 -0.54 0.00284619
-0.54 -0.48 0.00309207
-0.54 -0.42 0.00331373
-0.54 -0.36 0.00350331
-0.54 -0.3 0.0036538
-0.54 -0.24 0.00375954
-0.54 -0.18 0.00381641
-0.54 -0.12 0.00382225
-0.54 -0.06 0.00377698
-0.54 9.71445e-15 0.0036826
-0.54 0.06 0.00354294
-0.54 0.12 0.00336352
-0.54 0.18 0.00315112
-0.54 0.24 0.00291346
-0.54 0.3 0.00265853
-0.54 0.36 0.0023944
-0.54 0.42 0.00212861
-0.54 0.48 0.00186797
-0.54 0.54 0.00161827
-0.54 0.6 0.00138409
-0.54 0.66 0.00116881
-0.54 0.72 0.000974598
-0.54 0.78 0.000802463
-0.54 0.84 0.000652508
-0.54 0.9 0.000523992
-0.54 0.96 0.000333705
-0.48 -1.68 5.66155e-05
-0.48 -1.62 7.98825e-05
-0.48 -1.56 0.000111165
-0.48 -1.5 0.000152576
-0.48 -1.44 0.000206543
-0.48 -1.38 0.00027577
-0.48 -1.32 0.000363154
-0.48 -1.26 0.000471678
-0.48 -1.2 0.000604243
-0.48 -1.14 0.000763485
-0.48 -1.08 0.00096594
-0.48 -1.02 0.00118727
-0.48 -0.96 0.00143938
-0.48 -0.9 0.00172123
-0.48 -0.84 0.00203019
-0.48 -0.78 0.00236199
-0.48 -0.72 0.00271067
-0.48 -0.66 0.00306852
-0.48 -0.6 0.00342648
-0.48 -0.54 0.00377437
-0.48 -0.48 0.0041013
-0.48 -0.42 0.00439633
-0.48 -0.36 0.00464909
-0.48 -0.3 0.00485025
-0.48 -0.24 0.00499219
-0.48 -0.18 0.00506951
-0.48 -0.12 0.00507929
-0.48 -0.06 0.00502143
-0.48 9.71445e-15 0.00489835
-0.48 0.06 0.00471516
-0.48 0.12 0.004479
-0.48 0.18 0.00419895
-0.48 0.24 0.00388498
-0.48 0.3 0.0035478
-0.48 0.36 0.00319801
-0.48 0.42 0.00284561
-0.48 0.48 0.00249961
-0.48 0.54 0.00216776
-0.48 0.6 0.00185615
-0.48 0.66 0.00156934
-0.48 0.72 0.00131022
-0.48 0.78 0.00108027
-0.48 0.84 0.000879626
-0.48 0.9 0.000707408
-0.48 0.96 0.000561919
-0.48 1.02 0.00044089
-0.42 -1.68 7.37066e-05
-0.42 -1.62 0.000104001
-0.42 -1.56 0.000144733
-0.42 -1.5 0.000198658
-0.42 -1.44 0.000268938
-0.42 -1.38 0.000359091
-0.42 -1.32 0.0004729
-0.42 -1.26 0.000614251
-0.42 -1.2 0.000786954
-0.42 -1.14 0.00101347
-0.42 -1.08 0.00126303
-0.42 -1.02 0.00155254
-0.42 -0.96 0.00188239
-0.42 -0.9 0.00225117
-0.42 -0.84 0.00265559
-0.42 -0.78 0.00309004
-0.42 -0.72 0.00354669
-0.42 -0.66 0.00401554
-0.42 -0.6 0.00448483
-0.42 -0.54 0.0049411
-0.42 -0.48 0.00537039
-0.42 -0.42 0.00575827
-0.42 -0.36 0.00609109
-0.42 -0.3 0.00635667
-0.42 -0.24 0.0065451
-0.42 -0.18 0.00664912
-0.42 -0.12 0.00666495
-0.42 -0.06 0.00659222
-0.42 9.71445e-15 0.00643406
-0.42 0.06 0.00619708
-0.42 0.12 0.00589063
-0.42 0.18 0.00552617
-0.42 0.24 0.00511697
-0.42 0.3 0.00467679
-0.42 0.36 0.00421949
-0.42 0.42 0.00375817
-0.42 0.48 0.00330475
-0.42 0.54 0.00286922
-0.42 0.6 0.00245974
-0.42 0.66 0.00208228
-0.42 0.72 0.0017408
-0.42 0.78 0.00143728
-0.42 0.84 0.00117204
-0.42 0.9 0.000944014
-0.42 0.96 0.00075104
-0.42 1.02 0.000590215
-0.42 1.08 0.000312983
-0.36 -1.74 6.61515e-05
-0.36 -1.68 9.46415e-05
-0.36 -1.62 0.000133544
-0.36 -1.56 0.000185854
-0.36 -1.5 0.000255113
-0.36 -1.44 0.000345379
-0.36 -1.38 0.000461183
-0.36 -1.32 0.000607388
-0.36 -1.26 0.000789006
-0.36 -1.2 0.00103532
-0.36 -1.14 0.00130821
-0.36 -1.08 0.00163046
-0.36 -1.02 0.00200438
-0.36 -0.96 0.00243044
-0.36 -0.9 0.00290696
-0.36 -0.84 0.00342959
-0.36 -0.78 0.00399119
-0.36 -0.72 0.0045817
-0.36 -0.66 0.00518841
-0.36 -0.6 0.0057959
-0.36 -0.54 0.00638714
-0.36 -0.48 0.00694371
-0.36 -0.42 0.00744736
-0.36 -0.36 0.00788032
-0.36 -0.3 0.00822695
-0.36 -0.24 0.00847412
-0.36 -0.18 0.00861265
-0.36 -0.12 0.00863736
-0.36 -0.06 0.00854761
-0.36 9.71445e-15 0.00834761
-0.36 0.06 0.00804531
-0.36 0.12 0.00765279
-0.36 0.18 0.00718492
-0.36 0.24 0.00665846
-0.36 0.3 0.00609116
-0.36 0.36 0.00550094
-0.36 0.42 0.00490475
-0.36 0.48 0.00431779
-0.36 0.54 0.00375326
-0.36 0.6 0.00322169
-0.36 0.66 0.00273099
-0.36 0.72 0.00228631
-0.36 0.78 0.00189045
-0.36 0.84 0.00154391
-0.36 0.9 0.00124547
-0.36 0.96 0.000992445
-0.36 1.02 0.000781194
-0.36 1.08 0.000607435
-0.36 1.14 0.000337858
-0.3 -1.74 8.37735e-05
-0.3 -1.68 0.000119855
-0.3 -1.62 0.000169131
-0.3 -1.56 0.000235392
-0.3 -1.5 0.000323123
-0.3 -1.44 0.000437478
-0.3 -1.38 0.000584204
-0.3 -1.32 0.000769464
-0.3 -1.26 0.00103003
-0.3 -1.2 0.00131963
-0.3 -1.14 0.00166757
-0.3 -1.08 0.0020785
-0.3 -1.02 0.00255539
-0.3 -0.96 0.00309888
-0.3 -0.9 0.0037069
-0.3 -0.84 0.00437394
-0.3 -0.78 0.00509099
-0.3 -0.72 0.00584532
-0.3 -0.66 0.00662056
-0.3 -0.6 0.00739749
-0.3 -0.54 0.00815411
-0.3 -0.48 0.00886732
-0.3 -0.42 0.00951347
-0.3 -0.36 0.0100702
-0.3 -0.3 0.0105172
-0.3 -0.24 0.0108379
-0.3 -0.18 0.0110203
-0.3 -0.12 0.0110577
-0.3 -0.06 0.0109495
-0.3 9.71445e-15 0.0107
-0.3 0.06 0.0103199
-0.3 0.12 0.00982396
-0.3 0.18 0.0092311
-0.3 0.24 0.00856239
-0.3 0.3 0.00784059
-0.3 0.36 0.00708833
-0.3 0.42 0.00632712
-0.3 0.48 0.00557664
-0.3 0.54 0.00485363
-0.3 0.6 0.00417178
-0.3 0.66 0.00354128
-0.3 0.72 0.00296899
-0.3 0.78 0.00245864
-0.3 0.84 0.00201107
-0.3 0.9 0.0016249
-0.3 0.96 0.0012969
-0.3 1.02 0.00102252
-0.3 1.08 0.00079638
-0.3 1.14 0.00061272
-0.3 1.2 0.000355083
-0.24 -1.74 0.000104634
-0.24 -1.68 0.000149709
-0.24 -1.62 0.000211264
-0.24 -1.56 0.000294046
-0.24 -1.5 0.000403661
-0.24 -1.44 0.000546556
-0.24 -1.38 0.00072991
-0.24 -1.32 0.000998285
-0.24 -1.26 0.00129675
-0.24 -1.2 0.00166143
-0.24 -1.14 0.00209965
-0.24 -1.08 0.00261725
-0.24 -1.02 0.00321809
-0.24 -0.96 0.00390301
-0.24 -0.9 0.00466941
-0.24 -0.84 0.00551045
-0.24 -0.78 0.00641488
-0.24 -0.72 0.00736679
-0.24 -0.66 0.00834575
-0.24 -0.6 0.00932725
-0.24 -0.54 0.0102843
-0.24 -0.48 0.0111872
-0.24 -0.42 0.0120065
-0.24 -0.36 0.012714
-0.24 -0.3 0.0132842
-0.24 -0.24 0.0136958
-0.24 -0.18 0.0139338
-0.24 -0.12 0.0139894
-0.24 -0.06 0.0138611
-0.24 9.71445e-15 0.0135549
-0.24 0.06 0.0130834
-0.24 0.12 0.012465
-0.24 0.18 0.0117232
-0.24 0.24 0.0108846
-0.24 0.3 0.00997746
-0.24 0.36 0.00903029
-0.24 0.42 0.00807021
-0.24 0.48 0.00712189
-0.24 0.54 0.00620683
-0.24 0.6 0.00534225
-0.24 0.66 0.00454152
-0.24 0.72 0.00381333
-0.24 0.78 0.00316274
-0.24 0.84 0.0025911
-0.24 0.9 0.00209694
-0.24 0.96 0.00167638
-0.24 1.02 0.00132388
-0.24 1.08 0.00103278
-0.24 1.14 0.000795886
-0.24 1.2 0.000473086
-0.24 1.26 0.000363406
-0.18 -1.74 0.0001289
-0.18 -1.68 0.000184434
-0.18 -1.62 0.00026028
-0.18 -1.56 0.000362292
-0.18 -1.5 0.000497378
-0.18 -1.44 0.000673496
-0.18 -1.38 0.000899507
-0.18 -1.32 0.00124174
-0.18 -1.26 0.00161307
-0.18 -1.2 0.00206687
-0.18 -1.14 0.00261221
-0.18 -1.08 0.00325648
-0.18 -1.02 0.00400449
-0.18 -0.96 0.00485736
-0.18 -0.9 0.00581198
-0.18 -0.84 0.00685995
-0.18 -0.78 0.00798739
-0.18 -0.72 0.00917456
-0.18 -0.66 0.0103962
-0.18 -0.6 0.0116221
-0.18 -0.54 0.0128185
-0.18 -0.48 0.0139486
-0.18 -0.42 0.014976
-0.18 -0.36 0.0158653
-0.18 -0.3 0.0165846
-0.18 -0.24 0.0171074
-0.18 -0.18 0.0174146
-0.18 -0.12 0.0174953
-0.18 -0.06 0.0173468
-0.18 9.71445e-15 0.0169767
-0.18 0.06 0.0163996
-0.18 0.12 0.0156385
-0.18 0.18 0.0147222
-0.18 0.24 0.0136833
-0.18 0.3 0.0125569
-0.18 0.36 0.0113783
-0.18 0.42 0.0101813
-0.18 0.48 0.00899693
-0.18 0.54 0.00785177
-0.18 0.6 0.00676793
-0.18 0.66 0.00576209
-0.18 0.72 0.00484569
-0.18 0.78 0.0040253
-0.18 0.84 0.00330309
-0.18 0.9 0.00267749
-0.18 0.96 0.00214399
-0.18 1.02 0.0016959
-0.18 1.08 0.00132515
-0.18 1.14 0.0010228
-0.18 1.2 0.000779791
-0.18 1.26 0.000478203
-0.18 1.32 0.000362272
-0.12 -1.8 0.000107952
-0.12 -1.74 0.000156616
-0.12 -1.68 0.000224101
-0.12 -1.62 0.000316282
-0.12 -1.56 0.000440268
-0.12 -1.5 0.000604472
-0.12 -1.44 0.00081857
-0.12 -1.38 0.00115921
-0.12 -1.32 0.00152676
-0.12 -1.26 0.00198342
-0.12 -1.2 0.00254158
-0.12 -1.14 0.00321242
-0.12 -1.08 0.00400514
-0.12 -1.02 0.00492568
-0.12 -0.96 0.00597553
-0.12 -0.9 0.00715103
-0.12 -0.84 0.00844197
-0.12 -0.78 0.00983142
-0.12 -0.72 0.0112953
-0.12 -0.66 0.0128027
-0.12 -0.6 0.0143168
-0.12 -0.54 0.0157956
-0.12 -0.48 0.0171948
-0.12 -0.42 0.0184691
-0.12 -0.36 0.0195748
-0.12 -0.3 0.0204729
-0.12 -0.24 0.0211304
-0.12 -0.18 0.0215232
-0.12 -0.12 0.0216378
-0.12 -0.06 0.0214706
-0.12 9.71445e-15 0.0210296
-0.12 0.06 0.0203328
-0.12 0.12 0.0194079
-0.12 0.18 0.0182897
-0.12 0.24 0.0170178
-0.12 0.3 0.0156354
-0.12 0.36 0.0141855
-0.12 0.42 0.01271
-0.12 0.48 0.011247
-0.12 0.54 0.00982956
-0.12 0.6 0.00848545
-0.12 0.66 0.00723546
-0.12 0.72 0.00609425
-0.12 0.78 0.00507062
-0.12 0.84 0.00416758
-0.12 0.9 0.00338373
-0.12 0.96 0.00271391
-0.12 1.02 0.00215017
-0.12 1.08 0.00168274
-0.12 1.14 0.00130081
-0.12 1.2 0.000993229
-0.12 1.26 0.000621712
-0.12 1.32 0.000470964
-0.12 1.38 0.000351871
-0.06 -1.8 0.000129361
-0.06 -1.74 0.000187686
-0.06 -1.68 0.000268575
-0.06 -1.62 0.000379074
-0.06 -1.56 0.000527708
-0.06 -1.5 0.000724585
-0.06 -1.44 0.00105545
-0.06 -1.38 0.00140939
-0.06 -1.32 0.00185636
-0.06 -1.26 0.00241174
-0.06 -1.2 0.00309066
-0.06 -1.14 0.00390675
-0.06 -1.08 0.00487137
-0.06 -1.02 0.00599171
-0.06 -0.96 0.00726982
-0.06 -0.9 0.00870139
-0.06 -0.84 0.0102743
-0.06 -0.78 0.011968
-0.06 -0.72 0.0137535
-0.06 -0.66 0.0155934
-0.06 -0.6 0.0174433
-0.06 -0.54 0.019252
-0.06 -0.48 0.0209659
-0.06 -0.42 0.0225301
-0.06 -0.36 0.0238909
-0.06 -0.3 0.0250012
-0.06 -0.24 0.0258202
-0.06 -0.18 0.0263182
-0.06 -0.12 0.026478
-0.06 -0.06 0.0262948
-0.06 9.71445e-15 0.0257773
-0.06 0.06 0.024947
-0.06 0.12 0.0238369
-0.06 0.18 0.0224881
-0.06 0.24 0.020949
-0.06 0.3 0.019271
-0.06 0.36 0.0175069
-0.06 0.42 0.0157074
-0.06 0.48 0.0139194
-0.06 0.54 0.0121833
-0.06 0.6 0.0105335
-0.06 0.66 0.00899583
-0.06 0.72 0.00758905
-0.06 0.78 0.00632448
-0.06 0.84 0.00520652
-0.06 0.9 0.00423409
-0.06 0.96 0.00340135
-0.06 1.02 0.00269902
-0.06 1.08 0.00211552
-0.06 1.14 0.00163779
-0.06 1.2 0.00125231
-0.06 1.26 0.000945708
-0.06 1.32 0.000605147
-0.06 1.38 0.000452096
-0.06 1.44 0.000333109
9.71445e-15 -1.8 0.000152893
9.71445e-15 -1.74 0.000221842
9.71445e-15 -1.68 0.000317473
9.71445e-15 -1.62 0.000448117
9.71445e-15 -1.56 0.000623876
9.71445e-15 -1.5 0.000856702
9.71445e-15 -1.44 0.0012696
9.71445e-15 -1.38 0.0016954
9.71445e-15 -1.32 0.00223316
9.71445e-15 -1.26 0.00290144
9.71445e-15 -1.2 0.0037185
9.71445e-15 -1.14 0.00470086
9.71445e-15 -1.08 0.00586221
9.71445e-15 -1.02 0.00721134
9.71445e-15 -0.96 0.0087511
9.71445e-15 -0.9 0.0104762
9.71445e-15 -0.84 0.0123725
9.71445e-15 -0.78 0.0144157
9.71445e-15 -0.72 0.0165711
9.71445e-15 -0.66 0.0187938
9.71445e-15 -0.6 0.0210307
9.71445e-15 -0.54 0.0232207
9.71445e-15 -0.48 0.0252994
9.71445e-15 -0.42 0.0272002
9.71445e-15 -0.36 0.0288594
9.71445e-15 -0.3 0.0302187
9.71445e-15 -0.24 0.0312297
9.71445e-15 -0.18 0.0318556
9.71445e-15 -0.12 0.0320749
9.71445e-15 -0.06 0.0318808
9.71445e-15 9.71445e-15 0.0312828
9.71445e-15 0.06 0.0303061
9.71445e-15 0.12 0.0289892
9.71445e-15 0.18 0.0273805
9.71445e-15 0.24 0.0255382
9.71445e-15 0.3 0.0235234
9.71445e-15 0.36 0.0213992
9.71445e-15 0.42 0.019227
9.71445e-15 0.48 0.0170635
9.71445e-15 0.54 0.014958
9.71445e-15 0.6 0.0129525
9.71445e-15 0.66 0.0110792
9.71445e-15 0.72 0.00936165
9.71445e-15 0.78 0.00781415
9.71445e-15 0.84 0.00644317
9.71445e-15 0.9 0.00524806
9.71445e-15 0.96 0.00422244
9.71445e-15 1.02 0.00335566
9.71445e-15 1.08 0.00263407
9.71445e-15 1.14 0.00204214
9.71445e-15 1.2 0.00156362
9.71445e-15 1.26 0.00118233
9.71445e-15 1.32 0.000768838
9.71445e-15 1.38 0.000574347
9.71445e-15 1.44 0.000423159
9.71445e-15 1.5 0.000307488
0.06 -1.8 0.000178235
0.06 -1.74 0.000258626
0.06 -1.68 0.000370139
0.06 -1.62 0.000522496
0.06 -1.56 0.000727495
0.06 -1.5 0.00111664
0.06 -1.44 0.0015118
0.06 -1.38 0.00201892
0.06 -1.32 0.00265943
0.06 -1.26 0.00345551
0.06 -1.2 0.00442893
0.06 -1.14 0.00559953
0.06 -1.08 0.00698365
0.06 -1.02 0.00859227
0.06 -0.96 0.0104286
0.06 -0.9 0.012487
0.06 -0.84 0.0147506
0.06 -0.78 0.017191
0.06 -0.72 0.0197673
0.06 -0.66 0.0224266
0.06 -0.6 0.0251056
0.06 -0.54 0.0277324
0.06 -0.48 0.0302294
0.06 -0.42 0.0325182
0.06 -0.36 0.0345226
0.06 -0.3 0.0361727
0.06 -0.24 0.0374098
0.06 -0.18 0.0381899
0.06 -0.12 0.0384861
0.06 -0.06 0.0382889
0.06 9.71445e-15 0.0376091
0.06 0.06 0.0364743
0.06 0.12 0.0349293
0.06 0.18 0.0330318
0.06 0.24 0.0308489
0.06 0.3 0.0284536
0.06 0.36 0.025921
0.06 0.42 0.0233241
0.06 0.48 0.0207307
0.06 0.54 0.0182007
0.06 0.6 0.0157852
0.06 0.66 0.0135238
0.06 0.72 0.0114453
0.06 0.78 0.00956862
0.06 0.84 0.00790214
0.06 0.9 0.00644631
0.06 0.96 0.00519432
0.06 1.02 0.00413404
0.06 1.08 0.00324965
0.06 1.14 0.00252278
0.06 1.2 0.00193413
0.06 1.26 0.00146427
0.06 1.32 0.0010946
0.06 1.38 0.000721814
0.06 1.44 0.000531767
0.06 1.5 0.000386377
0.12 -1.8 0.000204932
0.12 -1.74 0.000297384
0.12 -1.68 0.00042565
0.12 -1.62 0.000600905
0.12 -1.56 0.000959488
0.12 -1.5 0.00131701
0.12 -1.44 0.00178312
0.12 -1.38 0.00238131
0.12 -1.32 0.00313695
0.12 -1.26 0.00407627
0.12 -1.2 0.00522498
0.12 -1.14 0.00660679
0.12 -1.08 0.00824101
0.12 -1.02 0.0101408
0.12 -0.96 0.0123105
0.12 -0.9 0.0147434
0.12 -0.84 0.0174207
0.12 -0.78 0.0203088
0.12 -0.72 0.0233601
0.12 -0.66 0.026513
0.12 -0.6 0.0296924
0.12 -0.54 0.0328146
0.12 -0.48 0.0357884
0.12 -0.42 0.0385208
0.12 -0.36 0.0409214
0.12 -0.3 0.0429081
0.12 -0.24 0.0444108
0.12 -0.18 0.0453761
0.12 -0.12 0.0457701
0.12 -0.06 0.045581
0.12 9.71445e-15 0.0448195
0.12 0.06 0.043517
0.12 0.12 0.0417243
0.12 0.18 0.0395079
0.12 0.24 0.0369469
0.12 0.3 0.034126
0.12 0.36 0.0311338
0.12 0.42 0.0280566
0.12 0.48 0.0249751
0.12 0.54 0.0219616
0.12 0.6 0.0190767
0.12 0.66 0.0163695
0.12 0.72 0.0138756
0.12 0.78 0.0116184
0.12 0.84 0.00960957
0.12 0.9 0.00785085
0.12 0.96 0.00633518
0.12 1.02 0.00504908
0.12 1.08 0.00397421
0.12 1.14 0.0030892
0.12 1.2 0.0023712
0.12 1.26 0.00179721
0.12 1.32 0.00134491
0.12 1.38 0.000897866
0.12 1.44 0.000661406
0.12 1.5 0.000480526
0.12 1.56 0.000344316
0.18 -1.8 0.000232408
0.18 -1.74 0.000337282
0.18 -1.68 0.000482792
0.18 -1.62 0.000681655
0.18 -1.56 0.00112157
0.18 -1.5 0.00153949
0.18 -1.44 0.00208437
0.18 -1.38 0.00278375
0.18 -1.32 0.00366733
0.18 -1.26 0.0047658
0.18 -1.2 0.00610944
0.18 -1.14 0.00772601
0.18 -1.08 0.00963853
0.18 -1.02 0.0118626
0.18 -0.96 0.0144034
0.18 -0.9 0.0172544
0.18 -0.84 0.0203933
0.18 -0.78 0.0237818
0.18 -0.72 0.027365
0.18 -0.66 0.031071
0.18 -0.6 0.0348136
0.18 -0.54 0.0384942
0.18 -0.48 0.0420071
0.18 -0.42 0.0452433
0.18 -0.36 0.0480969
0.18 -0.3 0.0504712
0.18 -0.24 0.0522826
0.18 -0.18 0.0534674
0.18 -0.12 0.0539846
0.18 -0.06 0.0538193
0.18 9.71445e-15 0.0529799
0.18 0.06 0.0515024
0.18 0.12 0.0494435
0.18 0.18 0.0468799
0.18 0.24 0.0439017
0.18 0.3 0.0406083
0.18 0.36 0.0371029
0.18 0.42 0.0334865
0.18 0.48 0.0298547
0.18 0.54 0.0262933
0.18 0.6 0.0228753
0.18 0.66 0.0196594
0.18 0.72 0.0166899
0.18 0.78 0.013996
0.18 0.84 0.0115932
0.18 0.9 0.00948488
0.18 0.96 0.00766435
0.18 1.02 0.00611647
0.18 1.08 0.00482037
0.18 1.14 0.00375139
0.18 1.2 0.00288273
0.18 1.26 0.00218716
0.18 1.32 0.0016383
0.18 1.38 0.00121149
0.18 1.44 0.000814682
0.18 1.5 0.000591824
0.18 1.56 0.000424022
0.18 1.62 0.000299621
0.24 -1.8 0.000259966
0.24 -1.74 0.00037731
0.24 -1.68 0.000540144
0.24 -1.62 0.000934229
0.24 -1.56 0.00130006
0.24 -1.5 0.00178451
0.24 -1.44 0.0024162
0.24 -1.38 0.00322705
0.24 -1.32 0.00425156
0.24 -1.26 0.00552553
0.24 -1.2 0.00708416
0.24 -1.14 0.00895988
0.24 -1.08 0.0111796
0.24 -1.02 0.013762
0.24 -0.96 0.0167137
0.24 -0.9 0.0200273
0.24 -0.84 0.0236778
0.24 -0.78 0.0276219
0.24 -0.72 0.0317963
0.24 -0.66 0.036119
0.24 -0.6 0.0404899
0.24 -0.54 0.0447964
0.24 -0.48 0.048915
0.24 -0.42 0.0527195
0.24 -0.36 0.0560883
0.24 -0.3 0.0589055
0.24 -0.24 0.0610745
0.24 -0.18 0.06252
0.24 -0.12 0.0631919
0.24 -0.06 0.0630682
0.24 9.71445e-15 0.0621594
0.24 0.06 0.0605017
0.24 0.12 0.0581598
0.24 0.18 0.0552207
0.24 0.24 0.0517865
0.24 0.3 0.0479723
0.24 0.36 0.0438973
0.24 0.42 0.0396797
0.24 0.48 0.035431
0.24 0.54 0.0312526
0.24 0.6 0.0272317
0.24 0.66 0.0234393
0.24 0.72 0.0199287
0.24 0.78 0.0167363
0.24 0.84 0.0138827
0.24 0.9 0.0113736
0.24 0.96 0.00920242
0.24 1.02 0.00735294
0.24 1.08 0.00580167
0.24 1.14 0.00452
0.24 1.2 0.00347694
0.24 1.26 0.0026405
0.24 1.32 0.00197965
0.24 1.38 0.00146508
0.24 1.44 0.000994339
0.24 1.5 0.000722254
0.24 1.56 0.000517407
0.24 1.62 0.00036557
0.3 -1.8 0.00028682
0.3 -1.74 0.000416328
0.3 -1.68 0.000596067
0.3 -1.62 0.00107439
0.3 -1.56 0.00149512
0.3 -1.5 0.00205228
0.3 -1.44 0.00277884
0.3 -1.38 0.00371161
0.3 -1.32 0.00489032
0.3 -1.26 0.00635629
0.3 -1.2 0.00815031
0.3 -1.14 0.0103099
0.3 -1.08 0.0128666
0.3 -1.02 0.015842
0.3 -0.96 0.0192449
0.3 -0.9 0.0230671
0.3 -0.84 0.0272811
0.3 -0.78 0.0318383
0.3 -0.72 0.0366665
0.3 -0.66 0.0416717
0.3 -0.6 0.0467409
0.3 -0.54 0.0517436
0.3 -0.48 0.0565404
0.3 -0.42 0.0609845
0.3 -0.36 0.0649341
0.3 -0.3 0.0682567
0.3 -0.24 0.0708393
0.3 -0.18 0.0725913
0.3 -0.12 0.0734523
0.3 -0.06 0.073396
0.3 9.71445e-15 0.0724278
0.3 0.06 0.0705898
0.3 0.12 0.0679509
0.3 0.18 0.0646084
0.3 0.24 0.0606792
0.3 0.3 0.0562946
0.3 0.36 0.0515907
0.3 0.42 0.0467051
0.3 0.48 0.0417685
0.3 0.54 0.0368992
0.3 0.6 0.0322006
0.3 0.66 0.0277571
0.3 0.72 0.0236338
0.3 0.78 0.0198759
0.3 0.84 0.016509
0.3 0.9 0.0135426
0.3 0.96 0.0109709
0.3 1.02 0.00877619
0.3 1.08 0.00693208
0.3 1.14 0.00540618
0.3 1.2 0.00416246
0.3 1.26 0.00316388
0.3 1.32 0.0023739
0.3 1.38 0.00175815
0.3 1.44 0.00120319
0.3 1.5 0.000873854
0.3 1.56 0.000625938
0.3 1.62 0.000442191
0.3 1.68 0.000308093
0.36 -1.8 0.000312132
0.36 -1.74 0.000453116
0.36 -1.68 0.000648827
0.36 -1.62 0.00122636
0.36 -1.56 0.0017066
0.36 -1.5 0.00234263
0.36 -1.44 0.00317215
0.36 -1.38 0.0042372
0.36 -1.32 0.00558339
0.36 -1.26 0.00725799
0.36 -1.2 0.0093078
0.36 -1.14 0.0117763
0.36 -1.08 0.0146997
0.36 -1.02 0.0181036
0.36 -0.96 0.021999
0.36 -0.9 0.0263771
0.36 -0.84 0.031208
0.36 -0.78 0.0364367
0.36 -0.72 0.0419829
0.36 -0.66 0.0477406
0.36 -0.6 0.0535806
0.36 -0.54 0.0593561
0.36 -0.48 0.0649069
0.36 -0.42 0.0700653
0.36 -0.36 0.0746694
0.36 -0.3 0.0785658
0.36 -0.24 0.0816228
0.36 -0.18 0.0837348
0.36 -0.12 0.0848283
0.36 -0.06 0.0848683
0.36 9.71445e-15 0.0838586
0.36 0.06 0.0818415
0.36 0.12 0.0788932
0.36 0.18 0.0751213
0.36 0.24 0.070658
0.36 0.3 0.0656512
0.36 0.36 0.0602579
0.36 0.42 0.054635
0.36 0.48 0.0489342
0.36 0.54 0.0432947
0.36 0.6 0.037837
0.36 0.66 0.0326625
0.36 0.72 0.0278494
0.36 0.78 0.0234522
0.36 0.84 0.0195046
0.36 0.9 0.0160193
0.36 0.96 0.0129919
0.36 1.02 0.010404
0.36 1.08 0.00822608
0.36 1.14 0.00642128
0.36 1.2 0.00494826
0.36 1.26 0.0037641
0.36 1.32 0.0028263
0.36 1.38 0.00209453
0.36 1.44 0.00153199
0.36 1.5 0.00104873
0.36 1.56 0.000751099
0.36 1.62 0.000530542
0.36 1.68 0.0003696
0.42 -1.8 0.000335047
0.42 -1.74 0.000486446
0.42 -1.68 0.000985089
0.42 -1.62 0.00138972
0.42 -1.56 0.00193399
0.42 -1.5 0.0026549
0.42 -1.44 0.00359522
0.42 -1.38 0.00480276
0.42 -1.32 0.00632928
0.42 -1.26 0.00822885
0.42 -1.2 0.0105548
0.42 -1.14 0.0133568
0.42 -1.08 0.0166767
0.42 -1.02 0.0205444
0.42 -0.96 0.0249731
0.42 -0.9 0.0299547
0.42 -0.84 0.0354561
0.42 -0.78 0.0414171
0.42 -0.72 0.0477472
0.42 -0.66 0.0543286
0.42 -0.6 0.061016
0.42 -0.54 0.0676433
0.42 -0.48 0.074029
0.42 -0.42 0.0799837
0.42 -0.36 0.0853218
0.42 -0.3 0.0898663
0.42 -0.24 0.0934662
0.42 -0.18 0.0959968
0.42 -0.12 0.0973711
0.42 -0.06 0.0975438
0.42 9.71445e-15 0.096515
0.42 0.06 0.094326
0.42 0.12 0.0910593
0.42 0.18 0.0868355
0.42 0.24 0.0817989
0.42 0.3 0.0761184
0.42 0.36 0.0699709
0.42 0.42 0.063538
0.42 0.48 0.0569933
0.42 0.54 0.0504986
0.42 0.6 0.0441959
0.42 0.66 0.0382046
0.42 0.72 0.0326177
0.42 0.78 0.0275024
0.42 0.84 0.0229005
0.42 0.9 0.0188295
0.42 0.96 0.0152873
0.42 1.02 0.0122543
0.42 1.08 0.00969792
0.42 1.14 0.0075765
0.42 1.2 0.00584305
0.42 1.26 0.00444789
0.42 1.32 0.0033418
0.42 1.38 0.00247804
0.42 1.44 0.0018134
0.42 1.5 0.00124894
0.42 1.56 0.000894351
0.42 1.62 0.000631638
0.42 1.68 0.000439962
0.42 1.74 0.000302245
0.48 -1.8 0.000354747
0.48 -1.74 0.000515122
0.48 -1.68 0.00110836
0.48 -1.62 0.00156369
0.48 -1.56 0.00217618
0.48 -1.5 0.00298753
0.48 -1.44 0.00404604
0.48 -1.38 0.00540562
0.48 -1.32 0.00712487
0.48 -1.26 0.00926479
0.48 -1.2 0.011886
0.48 -1.14 0.0150451
0.48 -1.08 0.0187901
0.48 -1.02 0.023156
0.48 -0.96 0.0281584
0.48 -0.9 0.03379
0.48 -0.84 0.0400156
0.48 -0.78 0.0467685
0.48 -0.72 0.05395
0.48 -0.66 0.0614279
0.48 -0.6 0.0690406
0.48 -0.54 0.0766024
0.48 -0.48 0.0839078
0.48 -0.42 0.090744
0.48 -0.36 0.0969001
0.48 -0.3 0.102175
0.48 -0.24 0.106392
0.48 -0.18 0.109408
0.48 -0.12 0.111119
0.48 -0.06 0.111467
0.48 9.71445e-15 0.110447
0.48 0.06 0.108099
0.48 0.12 0.10451
0.48 0.18 0.0998116
0.48 0.24 0.0941655
0.48 0.3 0.0877589
0.48 0.36 0.0807931
0.48 0.42 0.073474
0.48 0.48 0.0660022
0.48 0.54 0.0585637
0.48 0.6 0.0513251
0.48 0.66 0.044426
0.48 0.72 0.0379769
0.48 0.78 0.0320597
0.48 0.84 0.0267248
0.48 0.9 0.0219975
0.48 0.96 0.0178768
0.48 1.02 0.0143429
0.48 1.08 0.0113604
0.48 1.14 0.0088821
0.48 1.2 0.00685466
0.48 1.26 0.00522127
0.48 1.32 0.00392512
0.48 1.38 0.00291202
0.48 1.44 0.00213196
0.48 1.5 0.00147636
0.48 1.56 0.00105705
0.48 1.62 0.000746435
0.48 1.68 0.000519846
0.48 1.74 0.000357066
0.54 -1.8 0.000370496
0.54 -1.74 0.000865644
0.54 -1.68 0.0012381
0.54 -1.62 0.00174682
0.54 -1.56 0.0024312
0.54 -1.5 0.003338
0.54 -1.44 0.00452114
0.54 -1.38 0.00604133
0.54 -1.32 0.00796421
0.54 -1.26 0.0103584
0.54 -1.2 0.0132925
0.54 -1.14 0.0168304
0.54 -1.08 0.021027
0.54 -1.02 0.0259226
0.54 -0.96 0.0315365
0.54 -0.9 0.0378628
0.54 -0.84 0.0448637
0.54 -0.78 0.0524672
0.54 -0.72 0.0605647
0.54 -0.66 0.0690112
0.54 -0.6 0.0776277
0.54 -0.54 0.0862066
0.54 -0.48 0.0945188
0.54 -0.42 0.102327
0.54 -0.36 0.109389
0.54 -0.3 0.11548
0.54 -0.24 0.120396
0.54 -0.18 0.12397
0.54 -0.12 0.126081
0.54 -0.06 0.126655
0.54 9.71445e-15 0.125677
0.54 0.06 0.123187
0.54 0.12 0.119278
0.54 0.18 0.114088
0.54 0.24 0.107798
0.54 0.3 0.100615
0.54 0.36 0.0927667
0.54 0.42 0.0844866
0.54 0.48 0.0760028
0.54 0.54 0.0675298
0.54 0.6 0.0592609
0.54 0.66 0.0513594
0.54 0.72 0.043956
0.54 0.78 0.0371488
0.54 0.84 0.0309998
0.54 0.9 0.0255412
0.54 0.96 0.0207754
0.54 1.02 0.0166825
0.54 1.08 0.0132235
0.54 1.14 0.010346
0.54 1.2 0.00798941
0.54 1.26 0.00608899
0.54 1.32 0.00457978
0.54 1.38 0.00339924
0.54 1.44 0.00248964
0.54 1.5 0.00173249
0.54 1.56 0.00124025
0.54 1.62 0.000875664
0.54 1.68 0.000609755
0.54 1.74 0.000418759
0.54 1.8 0.000283638
0.6 -1.8 0.000381689
0.6 -1.74 0.000959765
0.6 -1.68 0.00137281
0.6 -1.62 0.001937
0.6 -1.56 0.00269618
0.6 -1.5 0.00370229
0.6 -1.44 0.00501538
0.6 -1.38 0.00670299
0.6 -1.32 0.00883835
0.6 -1.26 0.0114985
0.6 -1.2 0.01476
0.6 -1.14 0.0186951
0.6 -1.08 0.023366
0.6 -1.02 0.0288188
0.6 -0.96 0.035078
0.6 -0.9 0.0421381
0.6 -0.84 0.0499607
0.6 -0.78 0.058469
0.6 -0.72 0.0675439
0.6 -0.66 0.0770275
0.6 -0.6 0.0867226
0.6 -0.54 0.0963999
0.6 -0.48 0.105806
0.6 -0.42 0.114675
0.6 -0.36 0.122735
0.6 -0.3 0.12973
0.6 -0.24 0.135432
0.6 -0.18 0.139644
0.6 -0.12 0.142222
0.6 -0.06 0.143078
0.6 9.71445e-15 0.142186
0.6 0.06 0.139579
0.6 0.12 0.135356
0.6 0.18 0.129664
0.6 0.24 0.122701
0.6 0.3 0.114696
0.6 0.36 0.105903
0.6 0.42 0.0965883
0.6 0.48 0.0870086
0.6 0.54 0.0774109
0.6 0.6 0.0680172
0.6 0.66 0.0590186
0.6 0.72 0.0505682
0.6 0.78 0.0427816
0.6 0.84 0.0357354
0.6 0.9 0.0294695
0.6 0.96 0.0239908
0.6 1.02 0.0192791
0.6 1.08 0.0152924
0.6 1.14 0.0119722
0.6 1.2 0.00925041
0.6 1.26 0.00705363
0.6 1.32 0.00530768
0.6 1.38 0.00394109
0.6 1.44 0.00288749
0.6 1.5 0.00201814
0.6 1.56 0.00144452
0.6 1.62 0.00101974
0.6 1.68 0.000709973
0.6 1.74 0.000487514
0.6 1.8 0.000330159
0.66 -1.8 0.000387889
0.66 -1.74 0.00105583
0.66 -1.68 0.00151034
0.66 -1.62 0.00213132
0.66 -1.56 0.00296706
0.66 -1.5 0.00407494
0.66 -1.44 0.00552129
0.66 -1.38 0.00738092
0.66 -1.32 0.009735
0.66 -1.26 0.012669
0.66 -1.2 0.0162683
0.66 -1.14 0.0206139
0.66 -1.08 0.0257759
0.66 -1.02 0.031808
0.66 -0.96 0.0387381
0.66 -0.9 0.0465652
0.66 -0.84 0.0552482
0.66 -0.78 0.0647063
0.66 -0.72 0.0748123
0.66 -0.66 0.0853941
0.66 -0.6 0.0962377
0.66 -0.54 0.107091
0.66 -0.48 0.117673
0.66 -0.42 0.127688
0.66 -0.36 0.136836
0.66 -0.3 0.144828
0.66 -0.24 0.151401
0.66 -0.18 0.156332
0.66 -0.12 0.159452
0.66 -0.06 0.160654
0.66 9.71445e-15 0.159895
0.66 0.06 0.157205
0.66 0.12 0.15268
0.66 0.18 0.146482
0.66 0.24 0.138824
0.66 0.3 0.129958
0.66 0.36 0.120168
0.66 0.42 0.109749
0.66 0.48 0.0989947
0.66 0.54 0.0881862
0.66 0.6 0.077578
0.66 0.66 0.0673907
0.66 0.72 0.0578024
0.66 0.78 0.0489502
0.66 0.84 0.0409252
0.66 0.9 0.0337775
0.66 0.96 0.0275191
0.66 1.02 0.02213
0.66 1.08 0.0175648
0.66 1.14 0.0137591
0.66 1.2 0.0106365
0.66 1.26 0.00811427
0.66 1.32 0.00610823
0.66 1.38 0.00453713
0.66 1.44 0.00332521
0.66 1.5 0.0024045
0.66 1.56 0.00166977
0.66 1.62 0.00117858
0.66 1.68 0.000820448
0.66 1.74 0.000563291
0.66 1.8 0.000381426
0.66 1.86 0.000254727
0.72 -1.8 0.000388846
0.72 -1.74 0.00115193
0.72 -1.68 0.00164802
0.72 -1.62 0.00232595
0.72 -1.56 0.00323862
0.72 -1.5 0.00444884
0.72 -1.44 0.00602946
0.72 -1.38 0.00806252
0.72 -1.32 0.0106374
0.72 -1.26 0.0138486
0.72 -1.2 0.0177906
0.72 -1.14 0.0225537
0.72 -1.08 0.0282166
0.72 -1.02 0.0348397
0.72 -0.96 0.0424586
0.72 -0.9 0.0510736
0.72 -0.84 0.060645
0.72 -0.78 0.0710885
0.72 -0.72 0.0822677
0.72 -0.66 0.0939978
0.72 -0.6 0.106047
0.72 -0.54 0.11814
0.72 -0.48 0.129973
0.72 -0.42 0.141216
0.72 -0.36 0.151535
0.72 -0.3 0.160608
0.72 -0.24 0.168141
0.72 -0.18 0.173875
0.72 -0.12 0.177612
0.72 -0.06 0.179225
0.72 9.71445e-15 0.178653
0.72 0.06 0.175919
0.72 0.12 0.171118
0.72 0.18 0.16442
0.72 0.24 0.156054
0.72 0.3 0.146298
0.72 0.36 0.135465
0.72 0.42 0.123884
0.72 0.48 0.111887
0.72 0.54 0.0997916
0.72 0.6 0.0878875
0.72 0.66 0.076427
0.72 0.72 0.0656179
0.72 0.78 0.05562
0.72 0.84 0.046541
0.72 0.9 0.0384421
0.72 0.96 0.0313418
0.72 1.02 0.0252203
0.72 1.08 0.0200291
0.72 1.14 0.0156977
0.72 1.2 0.0121407
0.72 1.26 0.00926562
0.72 1.32 0.0069774
0.72 1.38 0.00518442
0.72 1.44 0.00380064
0.72 1.5 0.00274893
0.72 1.56 0.00191493
0.72 1.62 0.00135144
0.72 1.68 0.000940659
0.72 1.74 0.00064574
0.72 1.8 0.000437198
0.72 1.86 0.000291933
0.78 -1.8 0.000858866
0.78 -1.74 0.00124575
0.78 -1.68 0.00178255
0.78 -1.62 0.00251634
0.78 -1.56 0.00350449
0.78 -1.5 0.00481539
0.78 -1.44 0.00652814
0.78 -1.38 0.00873237
0.78 -1.32 0.0115258
0.78 -1.26 0.0150116
0.78 -1.2 0.0192942
0.78 -1.14 0.024473
0.78 -1.08 0.0306365
0.78 -1.02 0.0378532
0.78 -0.96 0.0461647
0.78 -0.9 0.0555763
0.78 -0.84 0.0660492
0.78 -0.78 0.0774959
0.78 -0.72 0.0897737
0.78 -0.66 0.102686
0.78 -0.6 0.115983
0.78 -0.54 0.129369
0.78 -0.48 0.142509
0.78 -0.42 0.155047
0.78 -0.36 0.16661
0.78 -0.3 0.176845
0.78 -0.24 0.185415
0.78 -0.18 0.192032
0.78 -0.12 0.196464
0.78 -0.06 0.198555
0.78 9.71445e-15 0.198229
0.78 0.06 0.195495
0.78 0.12 0.19045
0.78 0.18 0.183269
0.78 0.24 0.174195
0.78 0.3 0.163535
0.78 0.36 0.151628
0.78 0.42 0.138844
0.78 0.48 0.125551
0.78 0.54 0.112107
0.78 0.6 0.0988396
0.78 0.66 0.0860368
0.78 0.72 0.0739378
0.78 0.78 0.0627256
0.78 0.84 0.0525283
0.78 0.9 0.0434186
0.78 0.96 0.0354216
0.78 1.02 0.0285201
0.78 1.08 0.0226618
0.78 1.14 0.0177694
0.78 1.2 0.013749
0.78 1.26 0.0104968
0.78 1.32 0.0079072
0.78 1.38 0.00587693
0.78 1.44 0.0043094
0.78 1.5 0.00311755
0.78 1.56 0.00217778
0.78 1.62 0.00153676
0.78 1.68 0.00106952
0.78 1.74 0.000734119
0.78 1.8 0.00049697
0.78 1.86 0.000331804
0.84 -1.8 0.000920025
0.84 -1.74 0.0013347
0.84 -1.68 0.00191022
0.84 -1.62 0.00269724
0.84 -1.56 0.00375749
0.84 -1.5 0.0051646
0.84 -1.44 0.0070041
0.84 -1.38 0.00937288
0.84 -1.32 0.0123769
0.84 -1.26 0.0161282
0.84 -1.2 0.0207408
0.84 -1.14 0.0263243
0.84 -1.08 0.0329763
0.84 -1.02 0.0407751
0.84 -0.96 0.0497686
0.84 -0.9 0.0599682
0.84 -0.84 0.0713375
0.84 -0.78 0.0837864
0.84 -0.72 0.0971686
0.84 -0.66 0.111275
0.84 -0.6 0.125842
0.84 -0.54 0.140549
0.84 -0.48 0.155037
0.84 -0.42 0.168916
0.84 -0.36 0.181781
0.84 -0.3 0.19324
0.84 -0.24 0.202914
0.84 -0.18 0.210485
0.84 -0.12 0.215682
0.84 -0.06 0.21832
0.84 9.71445e-15 0.218301
0.84 0.06 0.215621
0.84 0.12 0.210373
0.84 0.18 0.202734
0.84 0.24 0.19297
0.84 0.3 0.181405
0.84 0.36 0.168416
0.84 0.42 0.154405
0.84 0.48 0.139784
0.84 0.54 0.124951
0.84 0.6 0.110275
0.84 0.66 0.0960815
0.84 0.72 0.0826415
0.84 0.78 0.0701657
0.84 0.84 0.0588009
0.84 0.9 0.0486362
0.84 0.96 0.0397022
0.84 1.02 0.0319838
0.84 1.08 0.0254263
0.84 1.14 0.0199458
0.84 1.2 0.0154387
0.84 1.26 0.0117908
0.84 1.32 0.00888471
0.84 1.38 0.00660507
0.84 1.44 0.00484443
0.84 1.5 0.00350527
0.84 1.56 0.00245477
0.84 1.62 0.00173204
0.84 1.68 0.0012053
0.84 1.74 0.000827215
0.84 1.8 0.00055993
0.84 1.86 0.000373802
0.84 1.92 0.000246114
0.9 -1.8 0.000906547
0.9 -1.74 0.00141594
0.9 -1.68 0.00202701
0.9 -1.62 0.00286298
0.9 -1.56 0.0039897
0.9 -1.5 0.00548583
0.9 -1.44 0.00744293
0.9 -1.38 0.0099647
0.9 -1.32 0.0131652
0.9 -1.26 0.0171655
0.9 -1.2 0.0220889
0.9 -1.14 0.0280549
0.9 -1.08 0.035171
0.9 -1.02 0.0435252
0.9 -0.96 0.053173
0.9 -0.9 0.064133
0.9 -0.84 0.0763717
0.9 -0.78 0.0897995
0.9 -0.72 0.104265
0.9 -0.66 0.119554
0.9 -0.6 0.135383
0.9 -0.54 0.151415
0.9 -0.48 0.167264
0.9 -0.42 0.182507
0.9 -0.36 0.19671
0.9 -0.3 0.209433
0.9 -0.24 0.220267
0.9 -0.18 0.228843
0.9 -0.12 0.234865
0.9 -0.06 0.238112
0.9 9.71445e-15 0.238461
0.9 0.06 0.23589
0.9 0.12 0.230484
0.9 0.18 0.222434
0.9 0.24 0.212009
0.9 0.3 0.199563
0.9 0.36 0.185505
0.9 0.42 0.170271
0.9 0.48 0.154316
0.9 0.54 0.138082
0.9 0.6 0.12198
0.9 0.66 0.106373
0.9 0.72 0.0915676
0.9 0.78 0.0778014
0.9 0.84 0.0652443
0.9 0.9 0.0539979
0.9 0.96 0.0441037
0.9 1.02 0.0355473
0.9 1.08 0.0282716
0.9 1.14 0.0221864
0.9 1.2 0.0171792
0.9 1.26 0.0131243
0.9 1.32 0.00989201
0.9 1.38 0.00735572
0.9 1.44 0.00539609
0.9 1.5 0.00390509
0.9 1.56 0.00274083
0.9 1.62 0.0019337
0.9 1.68 0.00134551
0.9 1.74 0.000923366
0.9 1.8 0.000624954
0.9 1.86 0.000417169
0.9 1.92 0.000274645
0.96 -1.8 0.000965139
0.96 -1.74 0.00148659
0.96 -1.68 0.00212882
0.96 -1.62 0.00300782
0.96 -1.56 0.0041932
0.96 -1.5 0.00576815
0.96 -1.44 0.00782965
0.96 -1.38 0.0104882
0.96 -1.32 0.013865
0.96 -1.26 0.0180896
0.96 -1.2 0.0232948
0.96 -1.14 0.0296095
0.96 -1.08 0.0371514
0.96 -1.02 0.046018
0.96 -0.96 0.0562746
0.96 -0.9 0.0679461
0.96 -0.84 0.0810038
0.96 -0.78 0.0953619
0.96 -0.72 0.110865
0.96 -0.66 0.127291
0.96 -0.6 0.144346
0.96 -0.54 0.161675
0.96 -0.48 0.178865
0.96 -0.42 0.195468
0.96 -0.36 0.211008
0.96 -0.3 0.225014
0.96 -0.24 0.23703
0.96 -0.18 0.246653
0.96 -0.12 0.253543
0.96 -0.06 0.257447
0.96 9.71445e-15 0.258216
0.96 0.06 0.255814
0.96 0.12 0.250313
0.96 0.18 0.241901
0.96 0.24 0.230868
0.96 0.3 0.217588
0.96 0.36 0.202494
0.96 0.42 0.186073
0.96 0.48 0.168812
0.96 0.54 0.151198
0.96 0.6 0.133685
0.96 0.66 0.116676
0.96 0.72 0.100511
0.96 0.78 0.0854594
0.96 0.84 0.0717104
0.96 0.9 0.0593836
0.96 0.96 0.0485267
0.96 1.02 0.0391302
0.96 1.08 0.031134
0.96 1.14 0.0244416
0.96 1.2 0.0189313
0.96 1.26 0.0144668
0.96 1.32 0.0109067
0.96 1.38 0.00811197
0.96 1.44 0.0059519
0.96 1.5 0.00430807
0.96 1.56 0.00302974
0.96 1.62 0.00213735
0.96 1.68 0.00148708
0.96 1.74 0.00102043
0.96 1.8 0.000690597
0.96 1.86 0.000460951
0.96 1.92 0.000303438
1.02 -1.8 0.00101376
1.02 -1.74 0.00154398
1.02 -1.68 0.0022118
1.02 -1.62 0.00312631
1.02 -1.56 0.00436028
1.02 -1.5 0.00600098
1.02 -1.44 0.00815023
1.02 -1.38 0.0109241
1.02 -1.32 0.0144509
1.02 -1.26 0.0188679
1.02 -1.2 0.0243162
1.02 -1.14 0.0309344
1.02 -1.08 0.0388503
1.02 -1.02 0.0481707
1.02 -0.96 0.0589702
1.02 -0.9 0.0712823
1.02 -0.84 0.0850859
1.02 -0.78 0.100296
1.02 -0.72 0.116759
1.02 -0.66 0.134248
1.02 -0.6 0.15246
1.02 -0.54 0.171021
1.02 -0.48 0.189498
1.02 -0.42 0.207413
1.02 -0.36 0.224264
1.02 -0.3 0.239532
1.02 -0.24 0.252731
1.02 -0.18 0.263409
1.02 -0.12 0.271194
1.02 -0.06 0.275795
1.02 9.71445e-15 0.277033
1.02 0.06 0.274848
1.02 0.12 0.269311
1.02 0.18 0.260605
1.02 0.24 0.249034
1.02 0.3 0.234983
1.02 0.36 0.218932
1.02 0.42 0.201386
1.02 0.48 0.182881
1.02 0.54 0.163945
1.02 0.6 0.145076
1.02 0.66 0.126714
1.02 0.72 0.109235
1.02 0.78 0.0929341
1.02 0.84 0.0780284
1.02 0.9 0.0646485
1.02 0.96 0.052854
1.02 1.02 0.042637
1.02 1.08 0.0339367
1.02 1.14 0.0266508
1.02 1.2 0.0206486
1.02 1.26 0.0157832
1.02 1.32 0.0119018
1.02 1.38 0.00885375
1.02 1.44 0.00649739
1.02 1.5 0.00470355
1.02 1.56 0.00331375
1.02 1.62 0.00233755
1.02 1.68 0.00162627
1.02 1.74 0.00111587
1.02 1.8 0.00075512
1.02 1.86 0.000503989
1.02 1.92 0.000331748
1.08 -1.8 0.00105059
1.08 -1.74 0.00158567
1.08 -1.68 0.00227246
1.08 -1.62 0.00321353
1.08 -1.56 0.00448421
1.08 -1.5 0.00617499
1.08 -1.44 0.00839177
1.08 -1.38 0.0112554
1.08 -1.32 0.0149002
1.08 -1.26 0.01947
1.08 -1.2 0.025114
1.08 -1.14 0.0319798
1.08 -1.08 0.0402042
1.08 -1.02 0.0499038
1.08 -0.96 0.0611635
1.08 -0.9 0.0740241
1.08 -0.84 0.0884739
1.08 -0.78 0.104432
1.08 -0.72 0.121749
1.08 -0.66 0.140192
1.08 -0.6 0.159451
1.08 -0.54 0.179143
1.08 -0.48 0.198815
1.08 -0.42 0.217963
1.08 -0.36 0.236048
1.08 -0.3 0.252529
1.08 -0.24 0.266869
1.08 -0.18 0.278588
1.08 -0.12 0.287263
1.08 -0.06 0.292574
1.08 9.71445e-15 0.294314
1.08 0.06 0.292402
1.08 0.12 0.286893
1.08 0.18 0.277971
1.08 0.24 0.265943
1.08 0.3 0.251226
1.08 0.36 0.234308
1.08 0.42 0.215739
1.08 0.48 0.196094
1.08 0.54 0.175939
1.08 0.6 0.155808
1.08 0.66 0.136182
1.08 0.72 0.117472
1.08 0.78 0.100001
1.08 0.84 0.0840053
1.08 0.9 0.069634
1.08 0.96 0.0569536
1.08 1.02 0.0459617
1.08 1.08 0.0365956
1.08 1.14 0.0287476
1.08 1.2 0.0222791
1.08 1.26 0.0170336
1.08 1.32 0.0128474
1.08 1.38 0.00955894
1.08 1.44 0.00701597
1.08 1.5 0.0050796
1.08 1.56 0.00358443
1.08 1.62 0.00252834
1.08 1.68 0.0017589
1.08 1.74 0.00120681
1.08 1.8 0.000816619
1.08 1.86 0.000544992
1.08 1.92 0.000358721
1.08 1.98 0.000232867
1.14 -1.86 0.000729593
1.14 -1.8 0.00107427
1.14 -1.74 0.00156073
1.14 -1.68 0.00230808
1.14 -1.62 0.00326556
1.14 -1.56 0.00455949
1.14 -1.5 0.00628255
1.14 -1.44 0.0085438
1.14 -1.38 0.0114681
1.14 -1.32 0.015194
1.14 -1.26 0.0198715
1.14 -1.2 0.0256567
1.14 -1.14 0.0327045
1.14 -1.08 0.0411604
1.14 -1.02 0.05115
1.14 -0.96 0.0627692
1.14 -0.9 0.0760678
1.14 -0.84 0.0910404
1.14 -0.78 0.107617
1.14 -0.72 0.125649
1.14 -0.66 0.144904
1.14 -0.6 0.16507
1.14 -0.54 0.185753
1.14 -0.48 0.206487
1.14 -0.42 0.226742
1.14 -0.36 0.245956
1.14 -0.3 0.26355
1.14 -0.24 0.27896
1.14 -0.18 0.29166
1.14 -0.12 0.301195
1.14 -0.06 0.307211
1.14 9.71445e-15 0.309472
1.14 0.06 0.307875
1.14 0.12 0.302458
1.14 0.18 0.293407
1.14 0.24 0.281026
1.14 0.3 0.265756
1.14 0.36 0.248103
1.14 0.42 0.228651
1.14 0.48 0.208005
1.14 0.54 0.18677
1.14 0.6 0.165517
1.14 0.66 0.144763
1.14 0.72 0.124947
1.14 0.78 0.106421
1.14 0.84 0.0894417
1.14 0.9 0.0741719
1.14 0.96 0.060689
1.14 1.02 0.0489937
1.14 1.08 0.0390218
1.14 1.14 0.0306618
1.14 1.2 0.0237685
1.14 1.26 0.0181762
1.14 1.32 0.0137117
1.14 1.38 0.0102038
1.14 1.44 0.00749029
1.14 1.5 0.00542373
1.14 1.56 0.00383271
1.14 1.62 0.00270333
1.14 1.68 0.00188055
1.14 1.74 0.00129021
1.14 1.8 0.000873017
1.14 1.86 0.000582602
1.14 1.92 0.000383454
1.14 1.98 0.000248912
1.2 -1.86 0.000735791
1.2 -1.8 0.00108389
1.2 -1.74 0.00157552
1.2 -1.68 0.00231682
1.2 -1.62 0.00327985
1.2 -1.56 0.00458231
1.2 -1.5 0.00631847
1.2 -1.44 0.00859909
1.2 -1.38 0.0115519
1.2 -1.32 0.0153187
1.2 -1.26 0.0200542
1.2 -1.2 0.0259194
1.2 -1.14 0.0330758
1.2 -1.08 0.0416771
1.2 -1.02 0.0518576
1.2 -0.96 0.0637207
1.2 -0.9 0.0773288
1.2 -0.84 0.0926836
1.2 -0.78 0.109724
1.2 -0.72 0.128305
1.2 -0.66 0.148202
1.2 -0.6 0.1691
1.2 -0.54 0.190598
1.2 -0.48 0.212217
1.2 -0.42 0.233416
1.2 -0.36 0.253606
1.2 -0.3 0.272179
1.2 -0.24 0.288545
1.2 -0.18 0.302138
1.2 -0.12 0.312472
1.2 -0.06 0.319164
1.2 9.71445e-15 0.321946
1.2 0.06 0.320692
1.2 0.12 0.31543
1.2 0.18 0.306339
1.2 0.24 0.293725
1.2 0.3 0.278039
1.2 0.36 0.259808
1.2 0.42 0.239642
1.2 0.48 0.218174
1.2 0.54 0.19604
1.2 0.6 0.173846
1.2 0.66 0.152138
1.2 0.72 0.131384
1.2 0.78 0.111958
1.2 0.84 0.0941369
1.2 0.9 0.0780962
1.2 0.96 0.0639229
1.2 1.02 0.0516207
1.2 1.08 0.0411257
1.2 1.14 0.0323232
1.2 1.2 0.025062
1.2 1.26 0.0191691
1.2 1.32 0.0144632
1.2 1.38 0.0107647
1.2 1.44 0.00790306
1.2 1.5 0.0057233
1.2 1.56 0.00404956
1.2 1.62 0.00285617
1.2 1.68 0.00198678
1.2 1.74 0.00136304
1.2 1.8 0.000922261
1.2 1.86 0.000615441
1.2 1.92 0.000405051
1.2 1.98 0.000262921
1.26 -1.86 0.000732193
1.26 -1.8 0.00107915
1.26 -1.74 0.0015695
1.26 -1.68 0.00229789
1.26 -1.62 0.00325511
1.26 -1.56 0.00455099
1.26 -1.5 0.00628006
1.26 -1.44 0.00855406
1.26 -1.38 0.0115017
1.26 -1.32 0.015267
1.26 -1.26 0.0200075
1.26 -1.2 0.025888
1.26 -1.14 0.0330754
1.26 -1.08 0.0417291
1.26 -1.02 0.0519911
1.26 -0.96 0.0639746
1.26 -0.9 0.0777493
1.26 -0.84 0.0933281
1.26 -0.78 0.110659
1.26 -0.72 0.129605
1.26 -0.66 0.149945
1.26 -0.6 0.171368
1.26 -0.54 0.193472
1.26 -0.48 0.21577
1.26 -0.42 0.237708
1.26 -0.36 0.258684
1.26 -0.3 0.278061
1.26 -0.24 0.29523
1.26 -0.18 0.309593
1.26 -0.12 0.320635
1.26 -0.06 0.327944
1.26 9.71445e-15 0.331226
1.26 0.06 0.330335
1.26 0.12 0.325286
1.26 0.18 0.316247
1.26 0.24 0.303528
1.26 0.3 0.287582
1.26 0.36 0.268955
1.26 0.42 0.248274
1.26 0.48 0.226195
1.26 0.54 0.203381
1.26 0.6 0.180464
1.26 0.66 0.158015
1.26 0.72 0.136527
1.26 0.78 0.116392
1.26 0.84 0.0979052
1.26 0.9 0.0812519
1.26 0.96 0.0665275
1.26 1.02 0.0537394
1.26 1.08 0.0428248
1.26 1.14 0.0336664
1.26 1.2 0.0261087
1.26 1.26 0.0199733
1.26 1.32 0.0150724
1.26 1.38 0.0112196
1.26 1.44 0.00823806
1.26 1.5 0.00596654
1.26 1.56 0.00422648
1.26 1.62 0.00298085
1.26 1.68 0.00207344
1.26 1.74 0.00142244
1.26 1.8 0.00096242
1.26 1.86 0.000642224
1.26 1.92 0.000422661
1.26 1.98 0.000274344
1.32 -1.86 0.000718978
1.32 -1.8 0.00106026
1.32 -1.74 0.00154298
1.32 -1.68 0.00221605
1.32 -1.62 0.00319177
1.32 -1.56 0.00446584
1.32 -1.5 0.00616783
1.32 -1.44 0.00840876
1.32 -1.38 0.0113174
1.32 -1.32 0.0150384
1.32 -1.26 0.0197301
1.32 -1.2 0.0255597
1.32 -1.14 0.0326973
1.32 -1.08 0.0413076
1.32 -1.02 0.0515382
1.32 -0.96 0.0635101
1.32 -0.9 0.0773015
1.32 -0.84 0.0929357
1.32 -0.78 0.11037
1.32 -0.72 0.129476
1.32 -0.66 0.150042
1.32 -0.6 0.171762
1.32 -0.54 0.194234
1.32 -0.48 0.216973
1.32 -0.42 0.239418
1.32 -0.36 0.26095
1.32 -0.3 0.280929
1.32 -0.24 0.29871
1.32 -0.18 0.313687
1.32 -0.12 0.325315
1.32 -0.06 0.333157
1.32 9.71445e-15 0.3369
1.32 0.06 0.336378
1.32 0.12 0.331594
1.32 0.18 0.322698
1.32 0.24 0.310008
1.32 0.3 0.293971
1.32 0.36 0.275146
1.32 0.42 0.254173
1.32 0.48 0.231723
1.32 0.54 0.208478
1.32 0.6 0.185087
1.32 0.66 0.162146
1.32 0.72 0.140158
1.32 0.78 0.119537
1.32 0.84 0.100586
1.32 0.9 0.0835051
1.32 0.96 0.0683924
1.32 1.02 0.0552606
1.32 1.08 0.0440473
1.32 1.14 0.0346346
1.32 1.2 0.0268644
1.32 1.26 0.0205547
1.32 1.32 0.0155135
1.32 1.38 0.0115494
1.32 1.44 0.00848111
1.32 1.5 0.00614319
1.32 1.56 0.00435605
1.32 1.62 0.00307216
1.32 1.68 0.0021369
1.32 1.74 0.00146593
1.32 1.8 0.000991815
1.32 1.86 0.000661823
1.32 1.92 0.000435544
1.32 1.98 0.0002827
1.38 -1.86 0.00069671
1.38 -1.8 0.00102806
1.38 -1.74 0.00149712
1.38 -1.68 0.00215175
1.38 -1.62 0.00309166
1.38 -1.56 0.00432947
1.38 -1.5 0.00598491
1.38 -1.44 0.00816749
1.38 -1.38 0.0110044
1.38 -1.32 0.0146391
1.38 -1.26 0.0192293
1.38 -1.2 0.0249427
1.38 -1.14 0.031951
1.38 -1.08 0.0404214
1.38 -1.02 0.0505072
1.38 -0.96 0.062334
1.38 -0.9 0.0759893
1.38 -0.84 0.0915044
1.38 -0.78 0.108846
1.38 -0.72 0.127899
1.38 -0.66 0.14846
1.38 -0.6 0.170231
1.38 -0.54 0.192817
1.38 -0.48 0.215736
1.38 -0.42 0.238427
1.38 -0.36 0.260265
1.38 -0.3 0.280608
1.38 -0.24 0.298791
1.38 -0.18 0.314197
1.38 -0.12 0.326263
1.38 -0.06 0.334534
1.38 9.71445e-15 0.338681
1.38 0.06 0.338521
1.38 0.12 0.334037
1.38 0.18 0.325377
1.38 0.24 0.312848
1.38 0.3 0.296901
1.38 0.36 0.27809
1.38 0.42 0.25706
1.38 0.48 0.234498
1.38 0.54 0.211091
1.38 0.6 0.187503
1.38 0.66 0.164335
1.38 0.72 0.142108
1.38 0.78 0.121246
1.38 0.84 0.102058
1.38 0.9 0.0847519
1.38 0.96 0.0694321
1.38 1.02 0.056114
1.38 1.08 0.0447371
1.38 1.14 0.0351836
1.38 1.2 0.0272947
1.38 1.26 0.0208872
1.38 1.32 0.0157665
1.38 1.38 0.0117391
1.38 1.44 0.00862133
1.38 1.5 0.00624521
1.38 1.56 0.00443245
1.38 1.62 0.00312598
1.38 1.68 0.00217428
1.38 1.74 0.00149155
1.38 1.8 0.00100913
1.38 1.86 0.000673354
1.38 1.92 0.000443132
1.38 1.98 0.000287612
1.44 -1.86 0.000666273
1.44 -1.8 0.000983818
1.44 -1.74 0.00143375
1.44 -1.68 0.00206233
1.44 -1.62 0.00292818
1.44 -1.56 0.00414625
1.44 -1.5 0.0057373
1.44 -1.44 0.00783806
1.44 -1.38 0.0105725
1.44 -1.32 0.0140817
1.44 -1.26 0.0185209
1.44 -1.2 0.0240563
1.44 -1.14 0.0308591
1.44 -1.08 0.0390976
1.44 -1.02 0.0489276
1.44 -0.96 0.0604795
1.44 -0.9 0.0738461
1.44 -0.84 0.08907
1.44 -0.78 0.106124
1.44 -0.72 0.124907
1.44 -0.66 0.145227
1.44 -0.6 0.166796
1.44 -0.54 0.189232
1.44 -0.48 0.212057
1.44 -0.42 0.234716
1.44 -0.36 0.256598
1.44 -0.3 0.277044
1.44 -0.24 0.295397
1.44 -0.18 0.311027
1.44 -0.12 0.323368
1.44 -0.06 0.331946
1.44 9.71445e-15 0.33642
1.44 0.06 0.336596
1.44 0.12 0.332445
1.44 0.18 0.324103
1.44 0.24 0.311873
1.44 0.3 0.296187
1.44 0.36 0.27761
1.44 0.42 0.256773
1.44 0.48 0.234363
1.44 0.54 0.211076
1.44 0.6 0.187573
1.44 0.66 0.164465
1.44 0.72 0.142276
1.44 0.78 0.121428
1.44 0.84 0.102242
1.44 0.9 0.0849282
1.44 0.96 0.0695934
1.44 1.02 0.0562559
1.44 1.08 0.0448587
1.44 1.14 0.0352854
1.44 1.2 0.0273782
1.44 1.26 0.0209538
1.44 1.32 0.0158187
1.44 1.38 0.011779
1.44 1.44 0.0086516
1.44 1.5 0.00626765
1.44 1.56 0.00445194
1.44 1.62 0.00313968
1.44 1.68 0.00218378
1.44 1.74 0.00149803
1.44 1.8 0.00101349
1.44 1.86 0.000676258
1.44 1.92 0.000445034
1.44 1.98 0.000288842
1.5 -1.86 0.000628849
1.5 -1.8 0.000929241
1.5 -1.74 0.00135531
1.5 -1.68 0.00195119
1.5 -1.62 0.00277297
1.5 -1.56 0.00392234
1.5 -1.5 0.00543335
1.5 -1.44 0.00743125
1.5 -1.38 0.0100361
1.5 -1.32 0.0133843
1.5 -1.26 0.0176276
1.5 -1.2 0.0229287
1.5 -1.14 0.0294561
1.5 -1.08 0.0373772
1.5 -1.02 0.0468483
1.5 -0.96 0.058002
1.5 -0.9 0.0709383
1.5 -0.84 0.0857025
1.5 -0.78 0.102283
1.5 -0.72 0.120585
1.5 -0.66 0.14043
1.5 -0.6 0.161546
1.5 -0.54 0.183563
1.5 -0.48 0.20602
1.5 -0.42 0.228375
1.5 -0.36 0.250018
1.5 -0.3 0.270305
1.5 -0.24 0.288586
1.5 -0.18 0.304224
1.5 -0.12 0.316653
1.5 -0.06 0.325403
1.5 9.71445e-15 0.33012
1.5 0.06 0.3306
1.5 0.12 0.326803
1.5 0.18 0.318859
1.5 0.24 0.307047
1.5 0.3 0.291802
1.5 0.36 0.273662
1.5 0.42 0.253263
1.5 0.48 0.231277
1.5 0.54 0.208392
1.5 0.6 0.185266
1.5 0.66 0.162503
1.5 0.72 0.140623
1.5 0.78 0.120055
1.5 0.84 0.101114
1.5 0.9 0.0840103
1.5 0.96 0.0688568
1.5 1.02 0.055672
1.5 1.08 0.0444008
1.5 1.14 0.0349304
1.5 1.2 0.0271063
1.5 1.26 0.0207484
1.5 1.32 0.015665
1.5 1.38 0.011666
1.5 1.44 0.00856909
1.5 1.5 0.00617162
1.5 1.56 0.00441305
1.5 1.62 0.00311219
1.5 1.68 0.00216462
1.5 1.74 0.00148487
1.5 1.8 0.00100459
1.5 1.86 0.000670303
1.5 1.92 0.000441108
1.5 1.98 0.00028629
1.56 -1.86 0.000585822
1.56 -1.8 0.000866362
1.56 -1.74 0.0012647
1.56 -1.68 0.00182246
1.56 -1.62 0.00259267
1.56 -1.56 0.00364148
1.56 -1.5 0.00508295
1.56 -1.44 0.00696056
1.56 -1.38 0.00941251
1.56 -1.32 0.01257
1.56 -1.26 0.0165786
1.56 -1.2 0.0215961
1.56 -1.14 0.0277867
1.56 -1.08 0.0353145
1.56 -1.02 0.0443346
1.56 -0.96 0.0549804
1.56 -0.9 0.0673528
1.56 -0.84 0.0815075
1.56 -0.78 0.0974355
1.56 -0.72 0.115059
1.56 -0.66 0.134212
1.56 -0.6 0.154637
1.56 -0.54 0.175982
1.56 -0.48 0.197802
1.56 -0.42 0.219575
1.56 -0.36 0.24071
1.56 -0.3 0.26058
1.56 -0.24 0.278536
1.56 -0.18 0.29397
1.56 -0.12 0.306312
1.56 -0.06 0.315089
1.56 9.71445e-15 0.319952
1.56 0.06 0.320693
1.56 0.12 0.317262
1.56 0.18 0.30977
1.56 0.24 0.298498
1.56 0.3 0.283847
1.56 0.36 0.266352
1.56 0.42 0.246621
1.56 0.48 0.225315
1.56 0.54 0.203104
1.56 0.6 0.180631
1.56 0.66 0.158491
1.56 0.72 0.137196
1.56 0.78 0.11716
1.56 0.84 0.0986989
1.56 0.9 0.0820235
1.56 0.96 0.0672411
1.56 1.02 0.0543746
1.56 1.08 0.043373
1.56 1.14 0.0341267
1.56 1.2 0.0264858
1.56 1.26 0.0202756
1.56 1.32 0.0153099
1.56 1.38 0.0114023
1.56 1.44 0.00837613
1.56 1.5 0.00603697
1.56 1.56 0.00431673
1.56 1.62 0.00304424
1.56 1.68 0.00211734
1.56 1.74 0.00145242
1.56 1.8 0.000982608
1.56 1.86 0.000655632
1.56 1.92 0.000431449
1.56 1.98 0.000280019
1.62 -1.8 0.000797344
1.62 -1.74 0.00116505
1.62 -1.68 0.00168058
1.62 -1.62 0.00239344
1.62 -1.56 0.00336557
1.62 -1.5 0.00469744
1.62 -1.44 0.00644088
1.62 -1.38 0.00872179
1.62 -1.32 0.0116641
1.62 -1.26 0.0154067
1.62 -1.2 0.0201005
1.62 -1.14 0.0259034
1.62 -1.08 0.0329744
1.62 -1.02 0.0414642
1.62 -0.96 0.0515061
1.62 -0.9 0.0632023
1.62 -0.84 0.0766105
1.62 -0.78 0.0917329
1.62 -0.72 0.108499
1.62 -0.66 0.126758
1.62 -0.6 0.146272
1.62 -0.54 0.166709
1.62 -0.48 0.187647
1.62 -0.42 0.208584
1.62 -0.36 0.228957
1.62 -0.3 0.248156
1.62 -0.24 0.265564
1.62 -0.18 0.280578
1.62 -0.12 0.292648
1.62 -0.06 0.301312
1.62 9.71445e-15 0.306225
1.62 0.06 0.307175
1.62 0.12 0.304112
1.62 0.18 0.297133
1.62 0.24 0.286491
1.62 0.3 0.272582
1.62 0.36 0.25591
1.62 0.42 0.237064
1.62 0.48 0.216674
1.62 0.54 0.195387
1.62 0.6 0.173828
1.62 0.66 0.152567
1.62 0.72 0.132103
1.62 0.78 0.112838
1.62 0.84 0.095081
1.62 0.9 0.0790315
1.62 0.96 0.0647994
1.62 1.02 0.0524089
1.62 1.08 0.041811
1.62 1.14 0.0329019
1.62 1.2 0.0255382
1.62 1.26 0.0195519
1.62 1.32 0.0147647
1.62 1.38 0.0109972
1.62 1.44 0.00807904
1.62 1.5 0.00582665
1.62 1.56 0.00416628
1.62 1.62 0.00293811
1.62 1.68 0.00204351
1.62 1.74 0.00140176
1.62 1.8 0.000948329
1.62 1.86 0.000632756
1.62 1.92 0.000416386
1.62 1.98 0.000270244
1.68 -1.8 0.000724459
1.68 -1.74 0.00105964
1.68 -1.68 0.0015302
1.68 -1.62 0.00218179
1.68 -1.56 0.00307174
1.68 -1.5 0.00427069
1.68 -1.44 0.00588818
1.68 -1.38 0.00798466
1.68 -1.32 0.0106941
1.68 -1.26 0.0141474
1.68 -1.2 0.0184868
1.68 -1.14 0.0238626
1.68 -1.08 0.0304265
1.68 -1.02 0.0383238
1.68 -0.96 0.0476841
1.68 -0.9 0.0586092
1.68 -0.84 0.0711601
1.68 -0.78 0.0853437
1.68 -0.72 0.1011
1.68 -0.66 0.118296
1.68 -0.6 0.13671
1.68 -0.54 0.156031
1.68 -0.48 0.175866
1.68 -0.42 0.19574
1.68 -0.36 0.215121
1.68 -0.3 0.233424
1.68 -0.24 0.250068
1.68 -0.18 0.264468
1.68 -0.12 0.276102
1.68 -0.06 0.284522
1.68 9.71445e-15 0.28939
1.68 0.06 0.290499
1.68 0.12 0.28779
1.68 0.18 0.281358
1.68 0.24 0.271432
1.68 0.3 0.258384
1.68 0.36 0.242694
1.68 0.42 0.224913
1.68 0.48 0.205644
1.68 0.54 0.185504
1.68 0.6 0.165086
1.68 0.66 0.144934
1.68 0.72 0.125526
1.68 0.78 0.107244
1.68 0.84 0.0903849
1.68 0.9 0.0751408
1.68 0.96 0.0616198
1.68 1.02 0.0498441
1.68 1.08 0.0397698
1.68 1.14 0.0312992
1.68 1.2 0.0242967
1.68 1.26 0.0186032
1.68 1.32 0.0140493
1.68 1.38 0.0104651
1.68 1.44 0.00768865
1.68 1.5 0.00554825
1.68 1.56 0.00396716
1.68 1.62 0.00279766
1.68 1.68 0.00194582
1.68 1.74 0.00133474
1.68 1.8 0.000902984
1.68 1.86 0.000602496
1.68 1.92 0.000396475
1.68 1.98 0.000257316
1.74 -1.8 0.00064988
1.74 -1.74 0.000951592
1.74 -1.68 0.00137577
1.74 -1.62 0.00196404
1.74 -1.56 0.00276881
1.74 -1.5 0.00385478
1.74 -1.44 0.00530035
1.74 -1.38 0.00722213
1.74 -1.32 0.00968791
1.74 -1.26 0.0128366
1.74 -1.2 0.016801
1.74 -1.14 0.0217222
1.74 -1.08 0.0277433
1.74 -1.02 0.0350027
1.74 -0.96 0.0436241
1.74 -0.9 0.0537067
1.74 -0.84 0.065313
1.74 -0.78 0.0784541
1.74 -0.72 0.0930816
1.74 -0.66 0.109075
1.74 -0.6 0.126231
1.74 -0.54 0.144267
1.74 -0.48 0.162816
1.74 -0.42 0.181434
1.74 -0.36 0.199626
1.74 -0.3 0.216844
1.74 -0.24 0.232536
1.74 -0.18 0.246154
1.74 -0.12 0.257203
1.74 -0.06 0.265256
1.74 9.71445e-15 0.269991
1.74 0.06 0.271206
1.74 0.12 0.26884
1.74 0.18 0.262976
1.74 0.24 0.253828
1.74 0.3 0.241736
1.74 0.36 0.227152
1.74 0.42 0.210588
1.74 0.48 0.192612
1.74 0.54 0.173801
1.74 0.6 0.154713
1.74 0.66 0.135862
1.74 0.72 0.117695
1.74 0.78 0.100574
1.74 0.84 0.0847779
1.74 0.9 0.0704912
1.74 0.96 0.0578149
1.74 1.02 0.0467722
1.74 1.08 0.0373229
1.74 1.14 0.0293765
1.74 1.2 0.0228063
1.74 1.26 0.0174635
1.74 1.32 0.0131895
1.74 1.38 0.00982521
1.74 1.44 0.007189
1.74 1.5 0.00521198
1.74 1.56 0.00372669
1.74 1.62 0.00262808
1.74 1.68 0.00182786
1.74 1.74 0.00125382
1.74 1.8 0.00084823
1.74 1.86 0.00056596
1.74 1.92 0.000372432
1.74 1.98 0.000241709
1.8 -1.8 0.000575611
1.8 -1.74 0.000843831
1.8 -1.68 0.0012215
1.8 -1.62 0.0017461
1.8 -1.56 0.00246495
1.8 -1.5 0.00343671
1.8 -1.44 0.00473258
1.8 -1.38 0.00645407
1.8 -1.32 0.00867144
1.8 -1.26 0.0115084
1.8 -1.2 0.0150875
1.8 -1.14 0.0195392
1.8 -1.08 0.0249969
1.8 -1.02 0.0315898
1.8 -0.96 0.0394353
1.8 -0.9 0.0486278
1.8 -0.84 0.0592301
1.8 -0.78 0.0712561
1.8 -0.72 0.0846666
1.8 -0.66 0.0993543
1.8 -0.6 0.115138
1.8 -0.54 0.131757
1.8 -0.48 0.148877
1.8 -0.42 0.166091
1.8 -0.36 0.182939
1.8 -0.3 0.198916
1.8 -0.24 0.213507
1.8 -0.18 0.226205
1.8 -0.12 0.236545
1.8 -0.06 0.244128
1.8 9.71445e-15 0.24865
1.8 0.06 0.24992
1.8 0.12 0.247879
1.8 0.18 0.242592
1.8 0.24 0.234262
1.8 0.3 0.223194
1.8 0.36 0.209807
1.8 0.42 0.194574
1.8 0.48 0.178019
1.8 0.54 0.160678
1.8 0.6 0.143067
1.8 0.66 0.125662
1.8 0.72 0.108881
1.8 0.78 0.0930585
1.8 0.84 0.0784557
1.8 0.9 0.0652441
1.8 0.96 0.0535182
1.8 1.02 0.0433011
1.8 1.08 0.0345566
1.8 1.14 0.0272016
1.8 1.2 0.0211195
1.8 1.26 0.016173
1.8 1.32 0.0122157
1.8 1.38 0.00910025
1.8 1.44 0.00666199
1.8 1.5 0.00482987
1.8 1.56 0.00345348
1.8 1.62 0.0024354
1.8 1.68 0.00169384
1.8 1.74 0.00116188
1.8 1.8 0.000786025
1.8 1.86 0.000524453
1.8 1.92 0.000345116
1.8 1.98 0.00022398
1.86 -1.8 0.00050344
1.86 -1.74 0.000738949
1.86 -1.68 0.00107108
1.86 -1.62 0.00153319
1.86 -1.56 0.00216752
1.86 -1.5 0.00302657
1.86 -1.44 0.00417424
1.86 -1.38 0.00568669
1.86 -1.32 0.00766897
1.86 -1.26 0.0101948
1.86 -1.2 0.0133876
1.86 -1.14 0.0173666
1.86 -1.08 0.0222541
1.86 -1.02 0.0281698
1.86 -0.96 0.0352227
1.86 -0.9 0.0435016
1.86 -0.84 0.0530671
1.86 -0.78 0.0639361
1.86 -0.72 0.0760765
1.86 -0.66 0.0893947
1.86 -0.6 0.103729
1.86 -0.54 0.118845
1.86 -0.48 0.13444
1.86 -0.42 0.150144
1.86 -0.36 0.16554
1.86 -0.3 0.180163
1.86 -0.24 0.193542
1.86 -0.18 0.205214
1.86 -0.12 0.21475
1.86 -0.06 0.221781
1.86 9.71445e-15 0.226026
1.86 0.06 0.227307
1.86 0.12 0.225564
1.86 0.18 0.220853
1.86 0.24 0.213359
1.86 0.3 0.203354
1.86 0.36 0.191221
1.86 0.42 0.177392
1.86 0.48 0.162344
1.86 0.54 0.146565
1.86 0.6 0.13053
1.86 0.66 0.114675
1.86 0.72 0.0993782
1.86 0.78 0.0849506
1.86 0.84 0.0716299
1.86 0.9 0.0595756
1.86 0.96 0.0488742
1.86 1.02 0.0395478
1.86 1.08 0.0315642
1.86 1.14 0.024848
1.86 1.2 0.0192935
1.86 1.26 0.0147756
1.86 1.32 0.0111609
1.86 1.38 0.0083149
1.86 1.44 0.0060898
1.86 1.5 0.00441505
1.86 1.56 0.00315685
1.86 1.62 0.00222621
1.86 1.68 0.00154834
1.86 1.74 0.00106207
1.86 1.8 0.0007185
1.86 1.86 0.0004794
1.86 1.92 0.000315464
1.86 1.98 0.000204736
1.92 -1.8 0.000434824
1.92 -1.74 0.000639078
1.92 -1.68 0.000927602
1.92 -1.62 0.00132972
1.92 -1.56 0.00188271
1.92 -1.5 0.00263297
1.92 -1.44 0.00363721
1.92 -1.38 0.00496314
1.92 -1.32 0.00669002
1.92 -1.26 0.00892326
1.92 -1.2 0.0117374
1.92 -1.14 0.0152513
1.92 -1.08 0.0195755
1.92 -1.02 0.0248192
1.92 -0.96 0.0310818
1.92 -0.9 0.0384465
1.92 -0.84 0.0469688
1.92 -0.78 0.0566695
1.92 -0.72 0.0675206
1.92 -0.66 0.0794427
1.92 -0.6 0.0922922
1.92 -0.54 0.105862
1.92 -0.48 0.11988
1.92 -0.42 0.134018
1.92 -0.36 0.147894
1.92 -0.3 0.161097
1.92 -0.24 0.173197
1.92 -0.18 0.183772
1.92 -0.12 0.192438
1.92 -0.06 0.198859
1.92 9.71445e-15 0.202778
1.92 0.06 0.204031
1.92 0.12 0.202558
1.92 0.18 0.198411
1.92 0.24 0.191748
1.92 0.3 0.18282
1.92 0.36 0.171964
1.92 0.42 0.159571
1.92 0.48 0.14607
1.92 0.54 0.131903
1.92 0.6 0.117497
1.92 0.66 0.103243
1.92 0.72 0.0894843
1.92 0.78 0.0765047
1.92 0.84 0.0645166
1.92 0.9 0.0536651
1.92 0.96 0.0440303
1.92 1.02 0.0356317
1.92 1.08 0.0284409
1.92 1.14 0.0223909
1.92 1.2 0.0173867
1.92 1.26 0.0133163
1.92 1.32 0.0100589
1.92 1.38 0.00746987
1.92 1.44 0.00549101
1.92 1.5 0.00398093
1.92 1.56 0.00284645
1.92 1.62 0.00200729
1.92 1.68 0.00139607
1.92 1.74 0.000957622
1.92 1.8 0.000647848
1.92 1.86 0.000432254
1.92 1.92 0.000284442
1.92 1.98 0.000184601
1.98 -1.74 0.000545886
1.98 -1.68 0.000793487
1.98 -1.62 0.00113919
1.98 -1.56 0.00161546
1.98 -1.5 0.00226283
1.98 -1.44 0.00313096
1.98 -1.38 0.00427945
1.98 -1.32 0.00577802
1.98 -1.26 0.00770658
1.98 -1.2 0.0101676
1.98 -1.14 0.0132332
1.98 -1.08 0.0170127
1.98 -1.02 0.0216035
1.98 -0.96 0.0270962
1.98 -0.9 0.0335659
1.98 -0.84 0.0410642
1.98 -0.78 0.0496121
1.98 -0.72 0.0591875
1.98 -0.66 0.0697214
1.98 -0.6 0.0810902
1.98 -0.54 0.093112
1.98 -0.48 0.105547
1.98 -0.42 0.118103
1.98 -0.36 0.130443
1.98 -0.3 0.142197
1.98 -0.24 0.152989
1.98 -0.18 0.162439
1.98 -0.12 0.1702
1.98 -0.06 0.175976
1.98 9.71445e-15 0.179533
1.98 0.06 0.180723
1.98 0.12 0.179493
1.98 0.18 0.175886
1.98 0.24 0.170034
1.98 0.3 0.162168
1.98 0.36 0.152579
1.98 0.42 0.141619
1.98 0.48 0.129667
1.98 0.54 0.117114
1.98 0.6 0.104341
1.98 0.66 0.0916968
1.98 0.72 0.0794893
1.98 0.78 0.0679676
1.98 0.84 0.0573245
1.98 0.9 0.0476875
1.98 0.96 0.0391289
1.98 1.02 0.0316679
1.98 1.08 0.025279
1.98 1.14 0.019903
1.98 1.2 0.0154559
1.98 1.26 0.0118379
1.98 1.32 0.00894265
1.98 1.38 0.00664358
1.98 1.44 0.00488361
1.98 1.5 0.00354057
1.98 1.56 0.00253158
1.98 1.62 0.00178525
1.98 1.68 0.00124164
1.98 1.74 0.000851692
1.98 1.8 0.000576179
1.98 1.86 0.000384434
1.98 1.92 0.000252971
1.98 1.98 0.000164179
2.04 -1.74 0.000460572
2.04 -1.68 0.000670488
2.04 -1.62 0.000964104
2.04 -1.56 0.00136935
2.04 -1.5 0.00192123
2.04 -1.44 0.00266272
2.04 -1.38 0.00364547
2.04 -1.32 0.00493032
2.04 -1.26 0.00658684
2.04 -1.2 0.00870204
2.04 -1.14 0.011344
2.04 -1.08 0.0146068
2.04 -1.02 0.0185769
2.04 -0.96 0.0233344
2.04 -0.9 0.0289464
2.04 -0.84 0.0354606
2.04 -0.78 0.0428963
2.04 -0.72 0.0512379
2.04 -0.66 0.0604257
2.04 -0.6 0.0703531
2.04 -0.54 0.0808624
2.04 -0.48 0.0917448
2.04 -0.42 0.102746
2.04 -0.36 0.113568
2.04 -0.3 0.123893
2.04 -0.24 0.133381
2.04 -0.18 0.141706
2.04 -0.12 0.148559
2.04 -0.06 0.153676
2.04 9.71445e-15 0.156854
2.04 0.06 0.15796
2.04 0.12 0.156943
2.04 0.18 0.153838
2.04 0.24 0.148768
2.04 0.3 0.141924
2.04 0.36 0.133564
2.04 0.42 0.123996
2.04 0.48 0.113554
2.04 0.54 0.10258
2.04 0.6 0.0914069
2.04 0.66 0.0803421
2.04 0.72 0.0696546
2.04 0.78 0.0595663
2.04 0.84 0.0502426
2.04 0.9 0.0418009
2.04 0.96 0.0343017
2.04 1.02 0.027763
2.04 1.08 0.0221634
2.04 1.14 0.017451
2.04 1.2 0.0135522
2.04 1.26 0.0103805
2.04 1.32 0.00784206
2.04 1.38 0.00582799
2.04 1.44 0.00428408
2.04 1.5 0.00310588
2.04 1.56 0.00222079
2.04 1.62 0.00156608
2.04 1.68 0.00108921
2.04 1.74 0.000747124
2.04 1.8 0.00050544
2.04 1.86 0.000337233
2.04 1.92 0.000221914
2.1 -1.74 0.000383849
2.1 -1.68 0.000559668
2.1 -1.62 0.000806043
2.1 -1.56 0.00114671
2.1 -1.5 0.00161154
2.1 -1.44 0.00223722
2.1 -1.38 0.00306808
2.1 -1.32 0.00415626
2.1 -1.26 0.00556185
2.1 -1.2 0.00735185
2.1 -1.14 0.00960716
2.1 -1.08 0.0123893
2.1 -1.02 0.0157796
2.1 -0.96 0.0198485
2.1 -0.9 0.0246554
2.1 -0.84 0.0302425
2.1 -0.78 0.0366281
2.1 -0.72 0.0437995
2.1 -0.66 0.051708
2.1 -0.6 0.0602627
2.1 -0.54 0.0693283
2.1 -0.48 0.078725
2.1 -0.42 0.0882328
2.1 -0.36 0.0975983
2.1 -0.3 0.106539
2.1 -0.24 0.114769
2.1 -0.18 0.121998
2.1 -0.12 0.127961
2.1 -0.06 0.13243
2.1 9.71445e-15 0.135223
2.1 0.06 0.136226
2.1 0.12 0.135394
2.1 0.18 0.132757
2.1 0.24 0.128416
2.1 0.3 0.122537
2.1 0.36 0.115347
2.1 0.42 0.107106
2.1 0.48 0.0981036
2.1 0.54 0.0886363
2.1 0.6 0.0789928
2.1 0.66 0.0694398
2.1 0.72 0.06021
2.1 0.78 0.0514935
2.1 0.84 0.0434389
2.1 0.9 0.0361424
2.1 0.96 0.0296608
2.1 1.02 0.0240084
2.1 1.08 0.0191672
2.1 1.14 0.0150926
2.1 1.2 0.0117214
2.1 1.26 0.00897841
2.1 1.32 0.00676559
2.1 1.38 0.0050426
2.1 1.44 0.00370677
2.1 1.5 0.00268736
2.1 1.56 0.00192151
2.1 1.62 0.00135502
2.1 1.68 0.000942415
2.1 1.74 0.000646437
2.1 1.8 0.000437319
2.1 1.86 0.000291787
2.1 1.92 0.000192006
2.16 -1.68 0.000461508
2.16 -1.62 0.000665759
2.16 -1.56 0.000948719
2.16 -1.5 0.00133548
2.16 -1.44 0.00185711
2.16 -1.38 0.002551
2.16 -1.32 0.00346148
2.16 -1.26 0.00463951
2.16 -1.2 0.00614226
2.16 -1.14 0.00803179
2.16 -1.08 0.0103801
2.16 -1.02 0.0132393
2.16 -0.96 0.0166755
2.16 -0.9 0.0207401
2.16 -0.84 0.0254706
2.16 -0.78 0.0308829
2.16 -0.72 0.036969
2.16 -0.66 0.0436871
2.16 -0.6 0.050961
2.16 -0.54 0.0586765
2.16 -0.48 0.0666819
2.16 -0.42 0.0747886
2.16 -0.36 0.0827798
2.16 -0.3 0.0904185
2.16 -0.24 0.097455
2.16 -0.18 0.103646
2.16 -0.12 0.108761
2.16 -0.06 0.112605
2.16 9.71445e-15 0.115023
2.16 0.06 0.115915
2.16 0.12 0.115241
2.16 0.18 0.113028
2.16 0.24 0.109358
2.16 0.3 0.104376
2.16 0.36 0.0982702
2.16 0.42 0.0912647
2.16 0.48 0.0836073
2.16 0.54 0.0755501
2.16 0.6 0.0673392
2.16 0.66 0.0592017
2.16 0.72 0.0513382
2.16 0.78 0.0439109
2.16 0.84 0.0370446
2.16 0.9 0.0308248
2.16 0.96 0.0252983
2.16 1.02 0.0204783
2.16 1.08 0.0163498
2.16 1.14 0.0128747
2.16 1.2 0.00999938
2.16 1.26 0.00765973
2.16 1.32 0.00577375
2.16 1.38 0.00430335
2.16 1.44 0.00316336
2.16 1.5 0.00229335
2.16 1.56 0.00163979
2.16 1.62 0.00115637
2.16 1.68 0.000804252
2.16 1.74 0.000551668
2.16 1.8 0.000373207
2.16 1.86 0.000249004
2.16 1.92 0.000163856
2.22 -1.68 0.000375968
2.22 -1.62 0.000543258
2.22 -1.56 0.000775452
2.22 -1.5 0.00109341
2.22 -1.44 0.00152298
2.22 -1.38 0.00209549
2.22 -1.32 0.00284793
2.22 -1.26 0.00382316
2.22 -1.2 0.00506923
2.22 -1.14 0.00663835
2.22 -1.08 0.00858529
2.22 -1.02 0.0109708
2.22 -0.96 0.0138357
2.22 -0.9 0.017229
2.22 -0.84 0.021182
2.22 -0.78 0.0257105
2.22 -0.72 0.0308073
2.22 -0.66 0.0364386
2.22 -0.6 0.0425412
2.22 -0.54 0.0490198
2.22 -0.48 0.0557474
2.22 -0.42 0.0625661
2.22 -0.36 0.0692925
2.22 -0.3 0.0757276
2.22 -0.24 0.0816617
2.22 -0.18 0.0868876
2.22 -0.12 0.0912125
2.22 -0.06 0.0944704
2.22 9.71445e-15 0.0965315
2.22 0.06 0.0973099
2.22 0.12 0.0967713
2.22 0.18 0.0949358
2.22 0.24 0.091873
2.22 0.3 0.0877055
2.22 0.36 0.0825885
2.22 0.42 0.0767141
2.22 0.48 0.0702875
2.22 0.54 0.063522
2.22 0.6 0.056625
2.22 0.66 0.0497878
2.22 0.72 0.0431779
2.22 0.78 0.0369344
2.22 0.84 0.0311614
2.22 0.9 0.025931
2.22 0.96 0.0212832
2.22 1.02 0.0172293
2.22 1.08 0.0137564
2.22 1.14 0.010833
2.22 1.2 0.0084139
2.22 1.26 0.00643069
2.22 1.32 0.00485975
2.22 1.38 0.00362217
2.22 1.44 0.00266259
2.22 1.5 0.00193032
2.22 1.56 0.00138022
2.22 1.62 0.000973316
2.22 1.68 0.000676934
2.22 1.74 0.000464336
2.22 1.8 0.000314129
2.22 1.86 0.000209588
2.22 1.92 0.000137917
2.28 -1.68 0.000302596
2.28 -1.62 0.000437968
2.28 -1.56 0.000626194
2.28 -1.5 0.000884426
2.28 -1.44 0.00123391
2.28 -1.38 0.00170046
2.28 -1.32 0.00231469
2.28 -1.26 0.00311206
2.28 -1.2 0.00413239
2.28 -1.14 0.00541909
2.28 -1.08 0.00701782
2.28 -1.02 0.00897422
2.28 -0.96 0.0113361
2.28 -0.9 0.0141322
2.28 -0.84 0.017393
2.28 -0.78 0.0211322
2.28 -0.72 0.0253441
2.28 -0.66 0.030002
2.28 -0.6 0.0350539
2.28 -0.54 0.0404209
2.28 -0.48 0.0459978
2.28 -0.42 0.0516548
2.28 -0.36 0.0572393
2.28 -0.3 0.0625857
2.28 -0.24 0.0675206
2.28 -0.18 0.0718702
2.28 -0.12 0.0754755
2.28 -0.06 0.0781979
2.28 9.71445e-15 0.079928
2.28 0.06 0.0805941
2.28 0.12 0.0801669
2.28 0.18 0.0786638
2.28 0.24 0.0761416
2.28 0.3 0.0726998
2.28 0.36 0.0684697
2.28 0.42 0.0636084
2.28 0.48 0.058287
2.28 0.54 0.0526826
2.28 0.6 0.0469674
2.28 0.66 0.0413002
2.28 0.72 0.0358201
2.28 0.78 0.0306426
2.28 0.84 0.0258549
2.28 0.9 0.0215163
2.28 0.96 0.0176608
2.28 1.02 0.0142975
2.28 1.08 0.0114161
2.28 1.14 0.00899033
2.28 1.2 0.00698294
2.28 1.26 0.00533856
2.28 1.32 0.00403439
2.28 1.38 0.003007
2.28 1.44 0.00221038
2.28 1.5 0.00160249
2.28 1.56 0.00114581
2.28 1.62 0.000808006
2.28 1.68 0.000561962
2.28 1.74 0.000385471
2.28 1.8 0.000260776
2.28 1.86 0.000173992
2.34 -1.62 0.000348831
2.34 -1.56 0.000499577
2.34 -1.5 0.000706744
2.34 -1.44 0.000987609
2.34 -1.38 0.00136316
2.34 -1.32 0.00185836
2.34 -1.26 0.00250218
2.34 -1.2 0.00332719
2.34 -1.14 0.00436901
2.34 -1.08 0.0056651
2.34 -1.02 0.00725302
2.34 -0.96 0.00916817
2.34 -0.9 0.0114414
2.34 -0.84 0.0141001
2.34 -0.78 0.0171468
2.34 -0.72 0.0205815
2.34 -0.66 0.024383
2.34 -0.6 0.0285089
2.34 -0.54 0.0328951
2.34 -0.48 0.037456
2.34 -0.42 0.0420849
2.34 -0.36 0.0466579
2.34 -0.3 0.0510387
2.34 -0.24 0.0550853
2.34 -0.18 0.0586552
2.34 -0.12 0.0616184
2.34 -0.06 0.06386
2.34 9.71445e-15 0.0652904
2.34 0.06 0.0658505
2.34 0.12 0.0655157
2.34 0.18 0.0642997
2.34 0.24 0.0622492
2.34 0.3 0.0594446
2.34 0.36 0.0559941
2.34 0.42 0.052025
2.34 0.48 0.047678
2.34 0.54 0.0430981
2.34 0.6 0.0384261
2.34 0.66 0.0337923
2.34 0.72 0.0293107
2.34 0.78 0.0250757
2.34 0.84 0.021159
2.34 0.9 0.0176093
2.34 0.96 0.0144546
2.34 1.02 0.0117024
2.34 1.08 0.00934426
2.34 1.14 0.00735899
2.34 1.2 0.00570448
2.34 1.26 0.00437109
2.34 1.32 0.00330327
2.34 1.38 0.00246205
2.34 1.44 0.00180981
2.34 1.5 0.00131208
2.34 1.56 0.000938155
2.34 1.62 0.000661574
2.34 1.68 0.000460121
2.34 1.74 0.000315614
2.34 1.8 0.000213516
2.34 1.86 0.000142459
2.4 -1.62 0.00027449
2.4 -1.56 0.000393749
2.4 -1.5 0.000557926
2.4 -1.44 0.000780866
2.4 -1.38 0.00107943
2.4 -1.32 0.00147371
2.4 -1.26 0.00198704
2.4 -1.2 0.00264571
2.4 -1.14 0.00347854
2.4 -1.08 0.00451584
2.4 -1.02 0.00578808
2.4 -0.96 0.00732404
2.4 -0.9 0.00914894
2.4 -0.84 0.0112811
2.4 -0.78 0.0137339
2.4 -0.72 0.0164976
2.4 -0.66 0.0195586
2.4 -0.6 0.0228829
2.4 -0.54 0.0264192
2.4 -0.48 0.0300985
2.4 -0.42 0.0338346
2.4 -0.36 0.037528
2.4 -0.3 0.0410679
2.4 -0.24 0.0443402
2.4 -0.18 0.0472295
2.4 -0.12 0.0496303
2.4 -0.06 0.0514496
2.4 9.71445e-15 0.0526146
2.4 0.06 0.0530774
2.4 0.12 0.0528177
2.4 0.18 0.0518468
2.4 0.24 0.050201
2.4 0.3 0.0479462
2.4 0.36 0.045169
2.4 0.42 0.0419721
2.4 0.48 0.038469
2.4 0.54 0.0347768
2.4 0.6 0.0310094
2.4 0.66 0.0272718
2.4 0.72 0.0236567
2.4 0.78 0.0202397
2.4 0.84 0.0170793
2.4 0.9 0.0142147
2.4 0.96 0.0116686
2.4 1.02 0.00944716
2.4 1.08 0.00754373
2.4 1.14 0.00592922
2.4 1.2 0.00460662
2.4 1.26 0.00352983
2.4 1.32 0.00266753
2.4 1.38 0.00198821
2.4 1.44 0.0014615
2.4 1.5 0.00105956
2.4 1.56 0.000757594
2.4 1.62 0.000534245
2.4 1.68 0.000371566
2.4 1.74 0.000254871
2.4 1.8 0.000172422
2.4 1.86 0.000115041
2.46 -1.56 0.000306583
2.46 -1.5 0.000435095
2.46 -1.44 0.000609869
2.46 -1.38 0.000844291
2.46 -1.32 0.00115429
2.46 -1.26 0.00155842
2.46 -1.2 0.00207763
2.46 -1.14 0.00273487
2.46 -1.08 0.00355435
2.46 -1.02 0.00456042
2.46 -0.96 0.00577625
2.46 -0.9 0.00722195
2.46 -0.84 0.00891247
2.46 -0.78 0.0108555
2.46 -0.72 0.0130521
2.46 -0.66 0.0154837
2.46 -0.6 0.0181261
2.46 -0.54 0.0209386
2.46 -0.48 0.0238661
2.46 -0.42 0.0268405
2.46 -0.36 0.0297826
2.46 -0.3 0.0326035
2.46 -0.24 0.035213
2.46 -0.18 0.0375189
2.46 -0.12 0.0394364
2.46 -0.06 0.0408919
2.46 9.71445e-15 0.0418269
2.46 0.06 0.0422028
2.46 0.12 0.0420041
2.46 0.18 0.0412384
2.46 0.24 0.0399352
2.46 0.3 0.038146
2.46 0.36 0.0359405
2.46 0.42 0.0334003
2.46 0.48 0.0306155
2.46 0.54 0.0276793
2.46 0.6 0.0246824
2.46 0.66 0.0217089
2.46 0.72 0.0188323
2.46 0.78 0.0161128
2.46 0.84 0.0135976
2.46 0.9 0.0113174
2.46 0.96 0.00929061
2.46 1.02 0.00752214
2.46 1.08 0.00600677
2.46 1.14 0.0047224
2.46 1.2 0.00366898
2.46 1.26 0.00281134
2.46 1.32 0.00212457
2.46 1.38 0.00158351
2.46 1.44 0.00116402
2.46 1.5 0.000843894
2.46 1.56 0.000603395
2.46 1.62 0.000425504
2.46 1.68 0.000295936
2.46 1.74 0.000202993
2.46 1.8 0.000137325
2.52 -1.56 0.000235815
2.52 -1.5 0.000335166
2.52 -1.44 0.000470481
2.52 -1.38 0.00065223
2.52 -1.32 0.000892894
2.52 -1.26 0.00120702
2.52 -1.2 0.00161106
2.52 -1.14 0.00212307
2.52 -1.08 0.00276208
2.52 -1.02 0.00354734
2.52 -0.96 0.00449714
2.52 -0.9 0.00562735
2.52 -0.84 0.00694981
2.52 -0.78 0.00847101
2.52 -0.72 0.0101894
2.52 -0.66 0.0120947
2.52 -0.6 0.0141688
2.52 -0.54 0.0163752
2.52 -0.48 0.0186729
2.52 -0.42 0.0210088
2.52 -0.36 0.0233197
2.52 -0.3 0.0255373
2.52 -0.24 0.027589
2.52 -0.18 0.0294035
2.52 -0.12 0.0309137
2.52 -0.06 0.0320613
2.52 9.71445e-15 0.0328007
2.52 0.06 0.0331017
2.52 0.12 0.0329513
2.52 0.18 0.0323547
2.52 0.24 0.0313362
2.52 0.3 0.029936
2.52 0.36 0.0282075
2.52 0.42 0.0262163
2.52 0.48 0.0240325
2.52 0.54 0.0217292
2.52 0.6 0.019378
2.52 0.66 0.0170445
2.52 0.72 0.0147866
2.52 0.78 0.0126522
2.52 0.84 0.0106773
2.52 0.9 0.00888734
2.52 0.96 0.00729592
2.52 1.02 0.00590735
2.52 1.08 0.004709
2.52 1.14 0.00370954
2.52 1.2 0.00288203
2.52 1.26 0.00220836
2.52 1.32 0.00166889
2.52 1.38 0.00124388
2.52 1.44 0.000914346
2.52 1.5 0.000662891
2.52 1.56 0.000473979
2.52 1.62 0.000334243
2.52 1.68 0.000232463
2.52 1.74 0.000159454
2.52 1.8 0.000107872
2.58 -1.5 0.000255021
2.58 -1.44 0.000358482
2.58 -1.38 0.000497619
2.58 -1.32 0.00068209
2.58 -1.26 0.000923136
2.58 -1.2 0.00123351
2.58 -1.14 0.00162721
2.58 -1.08 0.00211904
2.58 -1.02 0.00272393
2.58 -0.96 0.0034561
2.58 -0.9 0.00432794
2.58 -0.84 0.00534887
2.58 -0.78 0.00652366
2.58 -0.72 0.00785165
2.58 -0.66 0.00932484
2.58 -0.6 0.0109273
2.58 -0.54 0.0126345
2.58 -0.48 0.0144153
2.58 -0.42 0.0162241
2.58 -0.36 0.0180147
2.58 -0.3 0.0197336
2.58 -0.24 0.0213247
2.58 -0.18 0.0227328
2.58 -0.12 0.0239056
2.58 -0.06 0.024798
2.58 9.71445e-15 0.0253743
2.58 0.06 0.025611
2.58 0.12 0.0254979
2.58 0.18 0.0250396
2.58 0.24 0.024254
2.58 0.3 0.0231725
2.58 0.36 0.0218369
2.58 0.42 0.0202967
2.58 0.48 0.0186074
2.58 0.54 0.0168252
2.58 0.6 0.0150054
2.58 0.66 0.013199
2.58 0.72 0.0114512
2.58 0.78 0.00979861
2.58 0.84 0.00826951
2.58 0.9 0.0068834
2.58 0.96 0.00565094
2.58 1.02 0.00456739
2.58 1.08 0.00364815
2.58 1.14 0.00287387
2.58 1.2 0.0022328
2.58 1.26 0.00171088
2.58 1.32 0.00129295
2.58 1.38 0.000963666
2.58 1.44 0.000708382
2.58 1.5 0.000513557
2.58 1.56 0.000367203
2.58 1.62 0.000258947
2.58 1.68 0.000180097
2.58 1.74 0.000123535
2.58 1.8 8.35716e-05
2.64 -1.5 0.000191651
2.64 -1.44 0.000269758
2.64 -1.38 0.000374925
2.64 -1.32 0.000514517
2.64 -1.26 0.000697122
2.64 -1.2 0.000932475
2.64 -1.14 0.00123127
2.64 -1.08 0.00160485
2.64 -1.02 0.00206466
2.64 -0.96 0.00262159
2.64 -0.9 0.00328524
2.64 -0.84 0.00406273
2.64 -0.78 0.00495804
2.64 -0.72 0.00597044
2.64 -0.66 0.00709408
2.64 -0.6 0.00831685
2.64 -0.54 0.00961999
2.64 -0.48 0.0109781
2.64 -0.42 0.0123598
2.64 -0.36 0.0137296
2.64 -0.3 0.0150435
2.64 -0.24 0.0162605
2.64 -0.18 0.0173376
2.64 -0.12 0.0182356
2.64 -0.06 0.0189196
2.64 9.71445e-15 0.0193624
2.64 0.06 0.0195458
2.64 0.12 0.0194619
2.64 0.18 0.0191142
2.64 0.24 0.0185166
2.64 0.3 0.0176924
2.64 0.36 0.0166739
2.64 0.42 0.0154991
2.64 0.48 0.0142099
2.64 0.54 0.0128496
2.64 0.6 0.0114605
2.64 0.66 0.0100814
2.64 0.72 0.0087467
2.64 0.78 0.00748467
2.64 0.84 0.00631691
2.64 0.9 0.00525818
2.64 0.96 0.00431691
2.64 1.02 0.00348995
2.64 1.08 0.00278755
2.64 1.14 0.0021959
2.64 1.2 0.00170605
2.64 1.26 0.00130727
2.64 1.32 0.000987919
2.64 1.38 0.00073633
2.64 1.44 0.00054126
2.64 1.5 0.000392406
2.64 1.56 0.000280575
2.64 1.62 0.000197857
2.64 1.68 0.000137608
2.64 1.74 9.43896e-05
2.7 -1.44 0.00020046
2.7 -1.38 0.000278943
2.7 -1.32 0.000383222
2.7 -1.26 0.00051976
2.7 -1.2 0.000695896
2.7 -1.14 0.000919707
2.7 -1.08 0.00119973
2.7 -1.02 0.00154464
2.7 -0.96 0.00196269
2.7 -0.9 0.00246106
2.7 -0.84 0.00304532
2.7 -0.78 0.00371834
2.7 -0.72 0.0044798
2.7 -0.66 0.00532522
2.7 -0.6 0.00624556
2.7 -0.54 0.00722678
2.7 -0.48 0.00824977
2.7 -0.42 0.0092907
2.7 -0.36 0.0103218
2.7 -0.3 0.0113124
2.7 -0.24 0.0122311
2.7 -0.18 0.0130441
2.7 -0.12 0.0137221
2.7 -0.06 0.0142389
2.7 9.71445e-15 0.0145741
2.7 0.06 0.0147139
2.7 0.12 0.0146526
2.7 0.18 0.0143921
2.7 0.24 0.0139433
2.7 0.3 0.0133238
2.7 0.36 0.0125577
2.7 0.42 0.0116737
2.7 0.48 0.0107034
2.7 0.54 0.00967926
2.7 0.6 0.00863315
2.7 0.66 0.00759461
2.7 0.72 0.00658942
2.7 0.78 0.00563885
2.7 0.84 0.00475919
2.7 0.9 0.0039617
2.7 0.96 0.00324742
2.7 1.02 0.00262997
2.7 1.08 0.00210066
2.7 1.14 0.00165481
2.7 1.2 0.00128567
2.7 1.26 0.000985134
2.7 1.32 0.000744493
2.7 1.38 0.000554886
2.7 1.44 0.000407892
2.7 1.5 0.000295712
2.7 1.56 0.00021144
2.7 1.62 0.000149105
2.7 1.68 0.000103701
2.7 1.74 7.11242e-05
2.76 -1.44 0.000147097
2.76 -1.38 0.000204913
2.76 -1.32 0.000281804
2.76 -1.26 0.000382575
2.76 -1.2 0.00051268
2.76 -1.14 0.000678122
2.76 -1.08 0.000885261
2.76 -1.02 0.00114054
2.76 -0.96 0.00145013
2.76 -0.9 0.00181943
2.76 -0.84 0.00225252
2.76 -0.78 0.00275168
2.76 -0.72 0.00331658
2.76 -0.66 0.00394402
2.76 -0.6 0.00462732
2.76 -0.54 0.00535604
2.76 -0.48 0.00611603
2.76 -0.42 0.00688956
2.76 -0.36 0.00765606
2.76 -0.3 0.00839242
2.76 -0.24 0.00907508
2.76 -0.18 0.00967986
2.76 -0.12 0.0101852
2.76 -0.06 0.0105704
2.76 9.71445e-15 0.0108206
2.76 0.06 0.0109256
2.76 0.12 0.0108811
2.76 0.18 0.0106888
2.76 0.24 0.0103562
2.76 0.3 0.0098968
2.76 0.36 0.00932833
2.76 0.42 0.0086722
2.76 0.48 0.00795175
2.76 0.54 0.00719124
2.76 0.6 0.00641432
2.76 0.66 0.00564286
2.76 0.72 0.00489617
2.76 0.78 0.00418995
2.76 0.84 0.00353646
2.76 0.9 0.00293928
2.76 0.96 0.00241359
2.76 1.02 0.00195469
2.76 1.08 0.00156129
2.76 1.14 0.00122992
2.76 1.2 0.000955561
2.76 1.26 0.000732194
2.76 1.32 0.000553329
2.76 1.38 0.000412414
2.76 1.44 0.000303158
2.76 1.5 0.000219785
2.76 1.56 0.000157135
2.76 1.62 0.000110809
2.76 1.68 7.70671e-05
2.82 -1.38 0.000148618
2.82 -1.32 0.000204581
2.82 -1.26 0.000277984
2.82 -1.2 0.000372823
2.82 -1.14 0.000493502
2.82 -1.08 0.000644695
2.82 -1.02 0.000831132
2.82 -0.96 0.00105734
2.82 -0.9 0.0013273
2.82 -0.84 0.00164405
2.82 -0.78 0.00200922
2.82 -0.72 0.00242265
2.82 -0.66 0.00288204
2.82 -0.6 0.00338243
2.82 -0.54 0.00391624
2.82 -0.48 0.00447309
2.82 -0.42 0.00503998
2.82 -0.36 0.00560191
2.82 -0.3 0.00614192
2.82 -0.24 0.00664262
2.82 -0.18 0.00708633
2.82 -0.12 0.00745685
2.82 -0.06 0.00773979
2.82 9.71445e-15 0.00792388
2.82 0.06 0.00800157
2.82 0.12 0.00797008
2.82 0.18 0.00782984
2.82 0.24 0.00758678
2.82 0.3 0.00725067
2.82 0.36 0.00683466
2.82 0.42 0.00635421
2.82 0.48 0.00582657
2.82 0.54 0.00526952
2.82 0.6 0.0047004
2.82 0.66 0.00413523
2.82 0.72 0.00358814
2.82 0.78 0.00307067
2.82 0.84 0.00258777
2.82 0.9 0.00215455
2.82 0.96 0.00176922
2.82 1.02 0.00143284
2.82 1.08 0.00114445
2.82 1.14 0.000901553
2.82 1.2 0.000700447
2.82 1.26 0.000536718
2.82 1.32 0.000405604
2.82 1.38 0.000302288
2.82 1.44 0.000222208
2.82 1.5 0.000161096
2.82 1.56 0.000115185
2.82 1.62 8.12268e-05
2.82 1.68 5.6493e-05
2.88 -1.32 0.000146613
2.88 -1.26 0.000199378
2.88 -1.2 0.000267599
2.88 -1.14 0.000354463
2.88 -1.08 0.00046335
2.88 -1.02 0.000597689
2.88 -0.96 0.00076076
2.88 -0.9 0.00095545
2.88 -0.84 0.00118398
2.88 -0.78 0.00144752
2.88 -0.72 0.001746
2.88 -0.66 0.00207774
2.88 -0.6 0.00243919
2.88 -0.54 0.00282488
2.88 -0.48 0.00322731
2.88 -0.42 0.00363709
2.88 -0.36 0.00404335
2.88 -0.3 0.00443389
2.88 -0.24 0.00479607
2.88 -0.18 0.00511717
2.88 -0.12 0.00538538
2.88 -0.06 0.00559033
2.88 9.71445e-15 0.00572386
2.88 0.06 0.00578049
2.88 0.12 0.00575786
2.88 0.18 0.0056569
2.88 0.24 0.00548167
2.88 0.3 0.00523913
2.88 0.36 0.00493877
2.88 0.42 0.00459202
2.88 0.48 0.00421087
2.88 0.54 0.00380844
2.88 0.6 0.00339722
2.88 0.66 0.00298883
2.88 0.72 0.00259349
2.88 0.78 0.00221608
2.88 0.84 0.00187082
2.88 0.9 0.00155764
2.88 0.96 0.00127906
2.88 1.02 0.00103581
2.88 1.08 0.000827336
2.88 1.14 0.00065174
2.88 1.2 0.00050636
2.88 1.26 0.000387999
2.88 1.32 0.000293216
2.88 1.38 0.000218541
2.88 1.44 0.000160648
2.88 1.5 0.000116466
2.88 1.56 8.32742e-05
2.88 1.62 5.8724e-05
2.94 -1.26 0.000141144
2.94 -1.2 0.000189569
2.94 -1.14 0.000251261
2.94 -1.08 0.000328633
2.94 -1.02 0.000424135
2.94 -0.96 0.000540113
2.94 -0.9 0.000678625
2.94 -0.84 0.000841272
2.94 -0.78 0.00102889
2.94 -0.72 0.00124145
2.94 -0.66 0.00147775
2.94 -0.6 0.00173528
2.94 -0.54 0.00201013
2.94 -0.48 0.00229698
2.94 -0.42 0.00258911
2.94 -0.36 0.00287881
2.94 -0.3 0.00315735
2.94 -0.24 0.00341571
2.94 -0.18 0.00364486
2.94 -0.12 0.00383633
2.94 -0.06 0.00398271
2.94 9.71445e-15 0.0040782
2.94 0.06 0.00411887
2.94 0.12 0.00410306
2.94 0.18 0.00403136
2.94 0.24 0.00390671
2.94 0.3 0.00373403
2.94 0.36 0.00352012
2.94 0.42 0.00327294
2.94 0.48 0.00300139
2.94 0.54 0.00271464
2.94 0.6 0.00242159
2.94 0.66 0.00213053
2.94 0.72 0.00184591
2.94 0.78 0.00158003
2.94 0.84 0.00133387
2.94 0.9 0.00111058
2.94 0.96 0.000911953
2.94 1.02 0.000738556
2.94 1.08 0.000589909
2.94 1.14 0.000464707
2.94 1.2 0.000361046
2.94 1.26 0.000276651
2.94 1.32 0.000209071
2.94 1.38 0.000155824
2.94 1.44 0.000114546
2.94 1.5 8.30428e-05
2.94 1.56 5.93767e-05
3 -1.2 0.000132533
3 -1.14 0.000175763
3 -1.08 0.000230006
3 -1.02 0.000296986
3 -0.96 0.000378359
3 -0.9 0.000475572
3 -0.84 0.000589762
3 -0.78 0.000721525
3 -0.72 0.000870834
3 -0.66 0.00103686
3 -0.6 0.00121783
3 -0.54 0.00141102
3 -0.48 0.00161267
3 -0.42 0.00181808
3 -0.36 0.00202182
3 -0.3 0.00221775
3 -0.24 0.0023995
3 -0.18 0.00256076
3 -0.12 0.00269555
3 -0.06 0.00279865
3 9.71445e-15 0.00286597
3 0.06 0.00289475
3 0.12 0.00288384
3 0.18 0.00283358
3 0.24 0.00274613
3 0.3 0.00262484
3 0.36 0.00247458
3 0.42 0.00230091
3 0.48 0.00211007
3 0.54 0.00190852
3 0.6 0.00170253
3 0.66 0.00149565
3 0.72 0.00129808
3 0.78 0.00111111
3 0.84 0.000938004
3 0.9 0.000780985
3 0.96 0.000641309
3 1.02 0.000519373
3 1.08 0.00041484
3 1.14 0.000326794
3 1.2 0.000253895
3 1.26 0.000194547
3 1.32 0.000147023
3 1.38 0.000109579
3 1.44 8.05508e-05
3 1.5 5.83977e-05
3 1.56 4.1755e-05
3.06 -1.2 9.14369e-05
3.06 -1.14 0.000121325
3.06 -1.08 0.000158842
3.06 -1.02 0.000205188
3.06 -0.96 0.000261507
3.06 -0.9 0.000328819
3.06 -0.84 0.000407892
3.06 -0.78 0.00049917
3.06 -0.72 0.000602619
3.06 -0.66 0.000717676
3.06 -0.6 0.000843117
3.06 -0.54 0.000977042
3.06 -0.48 0.00111685
3.06 -0.42 0.00125932
3.06 -0.36 0.00140062
3.06 -0.3 0.00153655
3.06 -0.24 0.00166267
3.06 -0.18 0.00177455
3.06 -0.12 0.00186811
3.06 -0.06 0.00193972
3.06 9.71445e-15 0.00198653
3.06 0.06 0.00200662
3.06 0.12 0.00199915
3.06 0.18 0.00196443
3.06 0.24 0.00190388
3.06 0.3 0.00181988
3.06 0.36 0.00171574
3.06 0.42 0.00159537
3.06 0.48 0.0014631
3.06 0.54 0.00132111
3.06 0.6 0.00117878
3.06 0.66 0.00103733
3.06 0.72 0.000900286
3.06 0.78 0.000770619
3.06 0.84 0.000650558
3.06 0.9 0.000541652
3.06 0.96 0.000444784
3.06 1.02 0.000360216
3.06 1.08 0.000287717
3.06 1.14 0.00022665
3.06 1.2 0.00017609
3.06 1.26 0.00013493
3.06 1.32 0.000101968
3.06 1.38 7.60002e-05
3.06 1.44 5.58662e-05
3.06 1.5 4.0502e-05
3.12 -1.14 8.26374e-05
3.12 -1.08 0.000108238
3.12 -1.02 0.000139871
3.12 -0.96 0.000178326
3.12 -0.9 0.000224297
3.12 -0.84 0.000278315
3.12 -0.78 0.000340683
3.12 -0.72 0.000411381
3.12 -0.66 0.000490022
3.12 -0.6 0.000575778
3.12 -0.54 0.000667355
3.12 -0.48 0.000762976
3.12 -0.42 0.000860414
3.12 -0.36 0.000957076
3.12 -0.3 0.00105005
3.12 -0.24 0.00113636
3.12 -0.18 0.00121295
3.12 -0.12 0.001277
3.12 -0.06 0.00132604
3.12 9.71445e-15 0.00135812
3.12 0.06 0.00137192
3.12 0.12 0.00136689
3.12 0.18 0.00134322
3.12 0.24 0.00130185
3.12 0.3 0.00124447
3.12 0.36 0.00117329
3.12 0.42 0.00109102
3.12 0.48 0.000998881
3.12 0.54 0.000903682
3.12 0.6 0.000806317
3.12 0.66 0.000709548
3.12 0.72 0.000615819
3.12 0.78 0.000527118
3.12 0.84 0.000444999
3.12 0.9 0.000370504
3.12 0.96 0.000304239
3.12 1.02 0.000246394
3.12 1.08 0.000196804
3.12 1.14 0.000155034
3.12 1.2 0.000120451
3.12 1.26 9.22947e-05
3.12 1.32 6.97485e-05
3.12 1.38 5.19858e-05
3.12 1.44 3.82137e-05
3.18 -1.08 7.27688e-05
3.18 -1.02 9.40704e-05
3.18 -0.96 0.000119971
3.18 -0.9 0.00015094
3.18 -0.84 0.00018734
3.18 -0.78 0.000229373
3.18 -0.72 0.000277034
3.18 -0.66 0.000330056
3.18 -0.6 0.000387883
3.18 -0.54 0.000449639
3.18 -0.48 0.000514129
3.18 -0.42 0.000579861
3.18 -0.36 0.000645063
3.18 -0.3 0.000707818
3.18 -0.24 0.000766047
3.18 -0.18 0.000817741
3.18 -0.12 0.000860983
3.18 -0.06 0.000894101
3.18 9.71445e-15 0.000915784
3.18 0.06 0.000925147
3.18 0.12 0.000921794
3.18 0.18 0.000905855
3.18 0.24 0.000877997
3.18 0.3 0.000839322
3.18 0.36 0.000791338
3.18 0.42 0.000734603
3.18 0.48 0.000673857
3.18 0.54 0.000609636
3.18 0.6 0.000543955
3.18 0.66 0.000478677
3.18 0.72 0.000415441
3.18 0.78 0.000355609
3.18 0.84 0.000300201
3.18 0.9 0.00024995
3.18 0.96 0.000205248
3.18 1.02 0.000166222
3.18 1.08 0.000132768
3.18 1.14 0.000104589
3.18 1.2 8.12572e-05
3.18 1.26 6.2264e-05
3.18 1.32 4.7054e-05
3.18 1.38 3.50706e-05
3.24 -1.02 6.24172e-05
3.24 -0.96 7.96252e-05
3.24 -0.9 0.000100206
3.24 -0.84 0.0001244
3.24 -0.78 0.000152343
3.24 -0.72 0.000184029
3.24 -0.66 0.000219287
3.24 -0.6 0.000257746
3.24 -0.54 0.000298824
3.24 -0.48 0.000341724
3.24 -0.42 0.000385454
3.24 -0.36 0.000428847
3.24 -0.3 0.000470595
3.24 -0.24 0.000509358
3.24 -0.18 0.000543767
3.24 -0.12 0.000572555
3.24 -0.06 0.000594615
3.24 9.71445e-15 0.000609063
3.24 0.06 0.000615308
3.24 0.12 0.000613104
3.24 0.18 0.000602533
3.24 0.24 0.00058402
3.24 0.3 0.000557243
3.24 0.36 0.000525512
3.24 0.42 0.000488775
3.24 0.48 0.000448354
3.24 0.54 0.000405623
3.24 0.6 0.000361919
3.24 0.66 0.000318488
3.24 0.72 0.000276416
3.24 0.78 0.0002366
3.24 0.84 0.000199741
3.24 0.9 0.000166303
3.24 0.96 0.000136561
3.24 1.02 0.000110596
3.24 1.08 8.83372e-05
3.24 1.14 6.95883e-05
3.24 1.2 5.40652e-05
3.24 1.26 4.1427e-05
3.24 1.32 3.13071e-05
3.24 1.38 2.33341e-05
3.3 -0.9 6.56253e-05
3.3 -0.84 8.14874e-05
3.3 -0.78 9.98082e-05
3.3 -0.72 0.000120589
3.3 -0.66 0.000143714
3.3 -0.6 0.000168941
3.3 -0.54 0.00019589
3.3 -0.48 0.000224039
3.3 -0.42 0.000252731
3.3 -0.36 0.000281204
3.3 -0.3 0.000308607
3.3 -0.24 0.000334047
3.3 -0.18 0.000356637
3.3 -0.12 0.00037554
3.3 -0.06 0.000390027
3.3 9.71445e-15 0.000399522
3.3 0.06 0.000403638
3.3 0.12 0.000402202
3.3 0.18 0.000394442
3.3 0.24 0.000382418
3.3 0.3 0.000365667
3.3 0.36 0.000344844
3.3 0.42 0.000320733
3.3 0.48 0.000294209
3.3 0.54 0.00026617
3.3 0.6 0.000237492
3.3 0.66 0.00020899
3.3 0.72 0.000181384
3.3 0.78 0.000155259
3.3 0.84 0.00013107
3.3 0.9 0.000109129
3.3 0.96 8.9611e-05
3.3 1.02 7.25728e-05
3.3 1.08 5.79663e-05
3.3 1.14 4.56635e-05
3.3 1.2 3.54774e-05
3.3 1.26 2.71846e-05
3.3 1.32 2.05439e-05
3.36 -0.84 5.26536e-05
3.36 -0.78 6.45032e-05
3.36 -0.72 7.79449e-05
3.36 -0.66 9.29043e-05
3.36 -0.6 0.000109225
3.36 -0.54 0.000126661
3.36 -0.48 0.000144876
3.36 -0.42 0.000163445
3.36 -0.36 0.000181872
3.36 -0.3 0.00019961
3.36 -0.24 0.000216078
3.36 -0.18 0.000230703
3.36 -0.12 0.000242941
3.36 -0.06 0.000252323
3.36 9.71445e-15 0.000258476
3.36 0.06 0.000260533
3.36 0.12 0.000259681
3.36 0.18 0.000255277
3.36 0.24 0.000247492
3.36 0.3 0.000236654
3.36 0.36 0.000223175
3.36 0.42 0.000207573
3.36 0.48 0.000190408
3.36 0.54 0.000172261
3.36 0.6 0.000153702
3.36 0.66 0.000135256
3.36 0.72 0.000117388
3.36 0.78 0.000100481
3.36 0.84 8.48262e-05
3.36 0.9 7.06258e-05
3.36 0.96 5.79945e-05
3.36 1.02 4.69682e-05
3.36 1.08 3.75152e-05
3.36 1.14 2.95527e-05
3.36 1.2 2.29604e-05
3.36 1.26 1.75934e-05
3.42 -0.78 4.11198e-05
3.42 -0.72 4.9695e-05
3.42 -0.66 5.92395e-05
3.42 -0.6 6.96539e-05
3.42 -0.54 8.07803e-05
3.42 -0.48 9.24052e-05
3.42 -0.42 0.000104258
3.42 -0.36 0.00011602
3.42 -0.3 0.000127342
3.42 -0.24 0.000137857
3.42 -0.18 0.000147193
3.42 -0.12 0.000155008
3.42 -0.06 0.000160578
3.42 9.71445e-15 0.000164546
3.42 0.06 0.000166295
3.42 0.12 0.00016575
3.42 0.18 0.00016294
3.42 0.24 0.000157972
3.42 0.3 0.000151053
3.42 0.36 0.00014245
3.42 0.42 0.000132491
3.42 0.48 0.000121535
3.42 0.54 0.000109952
3.42 0.6 9.81057e-05
3.42 0.66 8.63323e-05
3.42 0.72 7.49272e-05
3.42 0.78 6.41354e-05
3.42 0.84 5.41435e-05
3.42 0.9 4.50793e-05
3.42 0.96 3.70173e-05
3.42 1.02 2.99793e-05
3.42 1.08 2.39455e-05
3.42 1.14 1.88631e-05
3.42 1.2 1.46553e-05
3.48 -0.66 3.72585e-05
3.48 -0.6 4.38129e-05
3.48 -0.54 5.08159e-05
3.48 -0.48 5.81329e-05
3.48 -0.42 6.55937e-05
3.48 -0.36 7.29987e-05
3.48 -0.3 8.01265e-05
3.48 -0.24 8.64623e-05
3.48 -0.18 9.23545e-05
3.48 -0.12 9.72924e-05
3.48 -0.06 0.000101086
3.48 9.71445e-15 0.000103584
3.48 0.06 0.000104685
3.48 0.12 0.000104341
3.48 0.18 0.000102573
3.48 0.24 9.94454e-05
3.48 0.3 9.50896e-05
3.48 0.36 8.96743e-05
3.48 0.42 8.34051e-05
3.48 0.48 7.65076e-05
3.48 0.54 6.9216e-05
3.48 0.6 6.17587e-05
3.48 0.66 5.43472e-05
3.48 0.72 4.71678e-05
3.48 0.78 4.03739e-05
3.48 0.84 3.40841e-05
3.48 0.9 2.8378e-05
3.48 0.96 2.33029e-05
3.48 1.02 1.88723e-05
3.48 1.08 1.5074e-05
3.54 -0.6 2.71821e-05
3.54 -0.54 3.15296e-05
3.54 -0.48 3.59063e-05
3.54 -0.42 4.05368e-05
3.54 -0.36 4.51356e-05
3.54 -0.3 4.95642e-05
3.54 -0.24 5.36809e-05
3.54 -0.18 5.73393e-05
3.54 -0.12 6.04051e-05
3.54 -0.06 6.27606e-05
3.54 9.71445e-15 6.43114e-05
3.54 0.06 6.49944e-05
3.54 0.12 6.47816e-05
3.54 0.18 6.36832e-05
3.54 0.24 6.17418e-05
3.54 0.3 5.90372e-05
3.54 0.36 5.56752e-05
3.54 0.42 5.1783e-05
3.54 0.48 4.75006e-05
3.54 0.54 4.29735e-05
3.54 0.6 3.83435e-05
3.54 0.66 3.37418e-05
3.54 0.72 2.92847e-05
3.54 0.78 2.50664e-05
3.54 0.84 2.11615e-05
3.54 0.9 1.76188e-05
3.54 0.96 1.44678e-05
3.54 1.02 1.1717e-05
3.6 -0.48 2.19864e-05
3.6 -0.42 2.48218e-05
3.6 -0.36 2.76377e-05
3.6 -0.3 3.03497e-05
3.6 -0.24 3.28699e-05
3.6 -0.18 3.51103e-05
3.6 -0.12 3.69876e-05
3.6 -0.06 3.84297e-05
3.6 9.71445e-15 3.93793e-05
3.6 0.06 3.97974e-05
3.6 0.12 3.96678e-05
3.6 0.18 3.89948e-05
3.6 0.24 3.78062e-05
3.6 0.3 3.61499e-05
3.6 0.36 3.40911e-05
3.6 0.42 3.1708e-05
3.6 0.48 2.90859e-05
3.6 0.54 2.63138e-05
3.6 0.6 2.34786e-05
3.6 0.66 2.06611e-05
3.6 0.72 1.79317e-05
3.6 0.78 1.53489e-05
3.6 0.84 1.29577e-05
3.6 0.9 1.07885e-05
3.6 0.96 8.85904e-06
3.66 -0.36 1.66904e-05
3.66 -0.3 1.83286e-05
3.66 -0.24 1.98505e-05
3.66 -0.18 2.12034e-05
3.66 -0.12 2.23371e-05
3.66 -0.06 2.3208e-05
3.66 9.71445e-15 2.37815e-05
3.66 0.06 2.40343e-05
3.66 0.12 2.39558e-05
3.66 0.18 2.35493e-05
3.66 0.24 2.28314e-05
3.66 0.3 2.18314e-05
3.66 0.36 2.0588e-05
3.66 0.42 1.91486e-05
3.66 0.48 1.75651e-05
3.66 0.54 1.58911e-05
3.66 0.6 1.4179e-05
3.66 0.66 1.24774e-05
3.66 0.72 1.0829e-05
3.66 0.78 9.26943e-06
3.66 0.84 7.82521e-06
3.66 0.9 6.51528e-06
3.72 -0.18 1.26289e-05
3.72 -0.12 1.33043e-05
3.72 -0.06 1.3823e-05
3.72 9.71445e-15 1.41646e-05
3.72 0.06 1.4315e-05
3.72 0.12 1.42683e-05
3.72 0.18 1.40261e-05
3.72 0.24 1.35987e-05
3.72 0.3 1.30028e-05
3.72 0.36 1.22625e-05
3.72 0.42 1.14051e-05
3.72 0.48 1.04619e-05
3.72 0.54 9.46483e-06
3.72 0.6 8.44503e-06
3.72 0.66 7.4316e-06
3.72 0.72 6.44994e-06
3.72 0.78 5.5209e-06
3.78 -0.06 8.11985e-06
3.78 9.71445e-15 8.32052e-06
3.78 0.06 8.40891e-06
3.78 0.12 8.38143e-06
3.78 0.18 8.23929e-06
3.78 0.24 7.98808e-06
3.78 0.3 7.63822e-06
3.78 0.36 7.20317e-06
3.78 0.42 6.69961e-06
3.78 0.48 6.14557e-06
3.78 0.54 5.55987e-06
3.78 0.6 4.96086e-06
3.78 0.66 4.36552e-06
3.84 0.18 4.77333e-06
3.84 0.24 4.62791e-06
3.84 0.3 4.42515e-06
3.84 0.36 4.17313e-06
3.84 0.42 3.88138e-06
3.84 0.48 3.56038e-06
3.84 0.54 3.22105e-06
