4173 0.06 0.06 0.250215 -12 -12
-2.4 9.71445e-15 1.19323e-06
-2.4 0.06 1.13511e-06
-2.34 -0.24 2.20669e-06
-2.34 -0.18 2.2187e-06
-2.34 -0.12 2.20011e-06
-2.34 -0.06 2.15169e-06
-2.34 9.71445e-15 2.07543e-06
-2.34 0.06 1.97435e-06
-2.34 0.12 1.85236e-06
-2.34 0.18 1.71402e-06
-2.28 -0.42 3.42749e-06
-2.28 -0.36 3.59226e-06
-2.28 -0.3 3.71319e-06
-2.28 -0.24 3.7854e-06
-2.28 -0.18 3.80602e-06
-2.28 -0.12 3.77416e-06
-2.28 -0.06 3.69108e-06
-2.28 9.71445e-15 3.56024e-06
-2.28 0.06 3.38684e-06
-2.28 0.12 3.1776e-06
-2.28 0.18 2.94027e-06
-2.28 0.24 2.68332e-06
-2.28 0.3 2.41513e-06
-2.22 -0.54 5.06431e-06
-2.22 -0.48 5.45677e-06
-2.22 -0.42 5.79876e-06
-2.22 -0.36 6.07756e-06
-2.22 -0.3 6.28213e-06
-2.22 -0.24 6.40432e-06
-2.22 -0.18 6.43924e-06
-2.22 -0.12 6.38531e-06
-2.22 -0.06 6.24478e-06
-2.22 9.71445e-15 6.02339e-06
-2.22 0.06 5.72998e-06
-2.22 0.12 5.37601e-06
-2.22 0.18 4.97452e-06
-2.22 0.24 4.53976e-06
-2.22 0.3 4.08601e-06
-2.22 0.36 3.62709e-06
-2.22 0.42 3.17548e-06
-2.16 -0.66 6.98249e-06
-2.16 -0.6 7.73479e-06
-2.16 -0.54 8.45029e-06
-2.16 -0.48 9.10508e-06
-2.16 -0.42 9.67572e-06
-2.16 -0.36 1.01409e-05
-2.16 -0.3 1.04822e-05
-2.16 -0.24 1.06862e-05
-2.16 -0.18 1.07445e-05
-2.16 -0.12 1.06544e-05
-2.16 -0.06 1.042e-05
-2.16 9.71445e-15 1.00505e-05
-2.16 0.06 9.56099e-06
-2.16 0.12 8.97036e-06
-2.16 0.18 8.30045e-06
-2.16 0.24 7.575e-06
-2.16 0.3 6.81786e-06
-2.16 0.36 6.05214e-06
-2.16 0.42 5.29859e-06
-2.16 0.48 4.57502e-06
-2.1 -0.78 8.98362e-06
-2.1 -0.72 1.02307e-05
-2.1 -0.66 1.14908e-05
-2.1 -0.6 1.27288e-05
-2.1 -0.54 1.39064e-05
-2.1 -0.48 1.49839e-05
-2.1 -0.42 1.59229e-05
-2.1 -0.36 1.66885e-05
-2.1 -0.3 1.72503e-05
-2.1 -0.24 1.75859e-05
-2.1 -0.18 1.76817e-05
-2.1 -0.12 1.75336e-05
-2.1 -0.06 1.71478e-05
-2.1 9.71445e-15 1.65398e-05
-2.1 0.06 1.57341e-05
-2.1 0.12 1.4762e-05
-2.1 0.18 1.36596e-05
-2.1 0.24 1.24658e-05
-2.1 0.3 1.12198e-05
-2.1 0.36 9.95978e-06
-2.1 0.42 8.71962e-06
-2.1 0.48 7.52896e-06
-2.1 0.54 6.41149e-06
-2.1 0.6 5.38485e-06
-2.04 -0.84 1.26273e-05
-2.04 -0.78 1.45807e-05
-2.04 -0.72 1.66048e-05
-2.04 -0.66 1.86502e-05
-2.04 -0.6 2.06593e-05
-2.04 -0.54 2.25704e-05
-2.04 -0.48 2.43193e-05
-2.04 -0.42 2.58437e-05
-2.04 -0.36 2.70861e-05
-2.04 -0.3 2.7998e-05
-2.04 -0.24 2.85424e-05
-2.04 -0.18 2.86979e-05
-2.04 -0.12 2.84576e-05
-2.04 -0.06 2.78312e-05
-2.04 9.71445e-15 2.68446e-05
-2.04 0.06 2.55372e-05
-2.04 0.12 2.39595e-05
-2.04 0.18 2.217e-05
-2.04 0.24 2.02326e-05
-2.04 0.3 1.82104e-05
-2.04 0.36 1.61649e-05
-2.04 0.42 1.41522e-05
-2.04 0.48 1.22197e-05
-2.04 0.54 1.04061e-05
-2.04 0.6 8.73975e-06
-2.04 0.66 7.23949e-06
-1.98 -0.96 1.45431e-05
-1.98 -0.9 1.72643e-05
-1.98 -0.84 2.02126e-05
-1.98 -0.78 2.33397e-05
-1.98 -0.72 2.65799e-05
-1.98 -0.66 2.98537e-05
-1.98 -0.6 3.307e-05
-1.98 -0.54 3.6129e-05
-1.98 -0.48 3.89285e-05
-1.98 -0.42 4.13686e-05
-1.98 -0.36 4.33569e-05
-1.98 -0.3 4.48169e-05
-1.98 -0.24 4.56891e-05
-1.98 -0.18 4.59376e-05
-1.98 -0.12 4.55526e-05
-1.98 -0.06 4.45503e-05
-1.98 9.71445e-15 4.29711e-05
-1.98 0.06 4.0878e-05
-1.98 0.12 3.83523e-05
-1.98 0.18 3.54882e-05
-1.98 0.24 3.23865e-05
-1.98 0.3 2.91498e-05
-1.98 0.36 2.58759e-05
-1.98 0.42 2.26538e-05
-1.98 0.48 1.95604e-05
-1.98 0.54 1.66573e-05
-1.98 0.6 1.39902e-05
-1.98 0.66 1.15885e-05
-1.98 0.72 9.46707e-06
-1.92 -1.02 1.9075e-05
-1.92 -0.96 2.29597e-05
-1.92 -0.9 2.72556e-05
-1.92 -0.84 3.19106e-05
-1.92 -0.78 3.68467e-05
-1.92 -0.72 4.1962e-05
-1.92 -0.66 4.71304e-05
-1.92 -0.6 5.22081e-05
-1.92 -0.54 5.70375e-05
-1.92 -0.48 6.14577e-05
-1.92 -0.42 6.53095e-05
-1.92 -0.36 6.84495e-05
-1.92 -0.3 7.07531e-05
-1.92 -0.24 7.21298e-05
-1.92 -0.18 7.25232e-05
-1.92 -0.12 7.19156e-05
-1.92 -0.06 7.0333e-05
-1.92 9.71445e-15 6.78393e-05
-1.92 0.06 6.45351e-05
-1.92 0.12 6.05481e-05
-1.92 0.18 5.60265e-05
-1.92 0.24 5.11297e-05
-1.92 0.3 4.60195e-05
-1.92 0.36 4.08507e-05
-1.92 0.42 3.57644e-05
-1.92 0.48 3.08806e-05
-1.92 0.54 2.62975e-05
-1.92 0.6 2.20864e-05
-1.92 0.66 1.82948e-05
-1.92 0.72 1.4946e-05
-1.92 0.78 1.20421e-05
-1.86 -1.08 2.43358e-05
-1.86 -1.02 2.97003e-05
-1.86 -0.96 3.57487e-05
-1.86 -0.9 4.24376e-05
-1.86 -0.84 4.96853e-05
-1.86 -0.78 5.73717e-05
-1.86 -0.72 6.53359e-05
-1.86 -0.66 7.33841e-05
-1.86 -0.6 8.12893e-05
-1.86 -0.54 8.88093e-05
-1.86 -0.48 9.56907e-05
-1.86 -0.42 0.000101689
-1.86 -0.36 0.000106577
-1.86 -0.3 0.000110166
-1.86 -0.24 0.000112308
-1.86 -0.18 0.000112919
-1.86 -0.12 0.000111974
-1.86 -0.06 0.000109508
-1.86 9.71445e-15 0.000105628
-1.86 0.06 0.000100483
-1.86 0.12 9.42748e-05
-1.86 0.18 8.72339e-05
-1.86 0.24 7.96101e-05
-1.86 0.3 7.16538e-05
-1.86 0.36 6.36056e-05
-1.86 0.42 5.56852e-05
-1.86 0.48 4.80817e-05
-1.86 0.54 4.09454e-05
-1.86 0.6 3.43891e-05
-1.86 0.66 2.84858e-05
-1.86 0.72 2.32711e-05
-1.86 0.78 1.87501e-05
-1.86 0.84 1.48995e-05
-1.8 -1.2 2.40698e-05
-1.8 -1.14 3.02003e-05
-1.8 -1.08 3.73709e-05
-1.8 -1.02 4.5608e-05
-1.8 -0.96 5.48963e-05
-1.8 -0.9 6.51676e-05
-1.8 -0.84 7.62982e-05
-1.8 -0.78 8.81013e-05
-1.8 -0.72 0.000100331
-1.8 -0.66 0.000112689
-1.8 -0.6 0.000124829
-1.8 -0.54 0.000136378
-1.8 -0.48 0.000146946
-1.8 -0.42 0.000156155
-1.8 -0.36 0.000163663
-1.8 -0.3 0.000169172
-1.8 -0.24 0.000172463
-1.8 -0.18 0.000173402
-1.8 -0.12 0.00017195
-1.8 -0.06 0.000168166
-1.8 9.71445e-15 0.000162205
-1.8 0.06 0.000154303
-1.8 0.12 0.00014477
-1.8 0.18 0.000133958
-1.8 0.24 0.000122251
-1.8 0.3 0.000110032
-1.8 0.36 9.76747e-05
-1.8 0.42 8.55121e-05
-1.8 0.48 7.38359e-05
-1.8 0.54 6.28766e-05
-1.8 0.6 5.28087e-05
-1.8 0.66 4.37432e-05
-1.8 0.72 3.5736e-05
-1.8 0.78 2.87928e-05
-1.8 0.84 2.28801e-05
-1.8 0.9 1.79315e-05
-1.74 -1.26 2.86551e-05
-1.74 -1.2 3.6454e-05
-1.74 -1.14 4.57384e-05
-1.74 -1.08 5.65986e-05
-1.74 -1.02 6.90742e-05
-1.74 -0.96 8.31404e-05
-1.74 -0.9 9.86975e-05
-1.74 -0.84 0.000115554
-1.74 -0.78 0.00013343
-1.74 -0.72 0.000151953
-1.74 -0.66 0.00017067
-1.74 -0.6 0.000189056
-1.74 -0.54 0.000206545
-1.74 -0.48 0.000222551
-1.74 -0.42 0.0002365
-1.74 -0.36 0.000247868
-1.74 -0.3 0.000256213
-1.74 -0.24 0.000261199
-1.74 -0.18 0.00026262
-1.74 -0.12 0.000260421
-1.74 -0.06 0.000254689
-1.74 9.71445e-15 0.000245662
-1.74 0.06 0.000233695
-1.74 0.12 0.000219254
-1.74 0.18 0.000202881
-1.74 0.24 0.000185148
-1.74 0.3 0.000166646
-1.74 0.36 0.00014793
-1.74 0.42 0.000129509
-1.74 0.48 0.000111825
-1.74 0.54 9.52276e-05
-1.74 0.6 7.998e-05
-1.74 0.66 6.62496e-05
-1.74 0.72 5.41225e-05
-1.74 0.78 4.36073e-05
-1.74 0.84 3.46523e-05
-1.74 0.9 2.71574e-05
-1.74 0.96 2.0991e-05
-1.68 -1.32 3.31823e-05
-1.68 -1.26 4.28023e-05
-1.68 -1.2 5.44514e-05
-1.68 -1.14 6.83195e-05
-1.68 -1.08 8.45407e-05
-1.68 -1.02 0.000103176
-1.68 -0.96 0.000124187
-1.68 -0.9 0.000147424
-1.68 -0.84 0.000172602
-1.68 -0.78 0.000199305
-1.68 -0.72 0.000226972
-1.68 -0.66 0.00025493
-1.68 -0.6 0.000282392
-1.68 -0.54 0.000308516
-1.68 -0.48 0.000332423
-1.68 -0.42 0.00035326
-1.68 -0.36 0.000370238
-1.68 -0.3 0.000382706
-1.68 -0.24 0.000390152
-1.68 -0.18 0.000392272
-1.68 -0.12 0.000388988
-1.68 -0.06 0.000380426
-1.68 9.71445e-15 0.000366943
-1.68 0.06 0.00034907
-1.68 0.12 0.000327501
-1.68 0.18 0.000303043
-1.68 0.24 0.000276558
-1.68 0.3 0.000248919
-1.68 0.36 0.000220962
-1.68 0.42 0.000193446
-1.68 0.48 0.000167032
-1.68 0.54 0.000142241
-1.68 0.6 0.000119466
-1.68 0.66 9.89572e-05
-1.68 0.72 8.08422e-05
-1.68 0.78 6.51363e-05
-1.68 0.84 5.17598e-05
-1.68 0.9 4.05648e-05
-1.68 0.96 3.13545e-05
-1.68 1.02 2.39023e-05
-1.62 -1.38 3.73758e-05
-1.62 -1.32 4.88833e-05
-1.62 -1.26 6.30549e-05
-1.62 -1.2 8.0216e-05
-1.62 -1.14 0.000100646
-1.62 -1.08 0.000124542
-1.62 -1.02 0.000151996
-1.62 -0.96 0.000182949
-1.62 -0.9 0.000217181
-1.62 -0.84 0.000254272
-1.62 -0.78 0.000293609
-1.62 -0.72 0.000334367
-1.62 -0.66 0.000375554
-1.62 -0.6 0.000416011
-1.62 -0.54 0.000454495
-1.62 -0.48 0.000489712
-1.62 -0.42 0.000520411
-1.62 -0.36 0.000545423
-1.62 -0.3 0.000563789
-1.62 -0.24 0.000574756
-1.62 -0.18 0.00057788
-1.62 -0.12 0.000573042
-1.62 -0.06 0.000560427
-1.62 9.71445e-15 0.000540566
-1.62 0.06 0.000514239
-1.62 0.12 0.000482466
-1.62 0.18 0.000446434
-1.62 0.24 0.000407417
-1.62 0.3 0.0003667
-1.62 0.36 0.000325512
-1.62 0.42 0.000284978
-1.62 0.48 0.000246065
-1.62 0.54 0.000209544
-1.62 0.6 0.000175992
-1.62 0.66 0.00014578
-1.62 0.72 0.000119093
-1.62 0.78 9.59564e-05
-1.62 0.84 7.62504e-05
-1.62 0.9 5.97584e-05
-1.62 0.96 4.61905e-05
-1.62 1.02 3.5212e-05
-1.62 1.08 2.64739e-05
-1.56 -1.38 5.43039e-05
-1.56 -1.32 7.10236e-05
-1.56 -1.26 9.1613e-05
-1.56 -1.2 0.000116548
-1.56 -1.14 0.000146229
-1.56 -1.08 0.000180981
-1.56 -1.02 0.000220877
-1.56 -0.96 0.000265861
-1.56 -0.9 0.000315608
-1.56 -0.84 0.00036951
-1.56 -0.78 0.000426675
-1.56 -0.72 0.000485916
-1.56 -0.66 0.00054577
-1.56 -0.6 0.000604573
-1.56 -0.54 0.000660499
-1.56 -0.48 0.000711688
-1.56 -0.42 0.000756309
-1.56 -0.36 0.000792667
-1.56 -0.3 0.000819135
-1.56 -0.24 0.000835067
-1.56 -0.18 0.000839616
-1.56 -0.12 0.000832579
-1.56 -0.06 0.000814259
-1.56 9.71445e-15 0.000785392
-1.56 0.06 0.000747145
-1.56 0.12 0.000700983
-1.56 0.18 0.000648633
-1.56 0.24 0.000591943
-1.56 0.3 0.000532783
-1.56 0.36 0.000472938
-1.56 0.42 0.000414051
-1.56 0.48 0.000357511
-1.56 0.54 0.000304452
-1.56 0.6 0.000255701
-1.56 0.66 0.000211805
-1.56 0.72 0.000173032
-1.56 0.78 0.000139416
-1.56 0.84 0.000110785
-1.56 0.9 8.68244e-05
-1.56 0.96 6.7111e-05
-1.56 1.02 5.11597e-05
-1.56 1.08 3.84644e-05
-1.56 1.14 2.85215e-05
-1.5 -1.44 5.86797e-05
-1.5 -1.38 7.78151e-05
-1.5 -1.32 0.000101791
-1.5 -1.26 0.000131302
-1.5 -1.2 0.00016704
-1.5 -1.14 0.000209583
-1.5 -1.08 0.000259347
-1.5 -1.02 0.000316518
-1.5 -0.96 0.000380979
-1.5 -0.9 0.000452269
-1.5 -0.84 0.000529512
-1.5 -0.78 0.000611437
-1.5 -0.72 0.000696328
-1.5 -0.66 0.000782101
-1.5 -0.6 0.00086637
-1.5 -0.54 0.000946522
-1.5 -0.48 0.00101988
-1.5 -0.42 0.00108382
-1.5 -0.36 0.00113592
-1.5 -0.3 0.00117419
-1.5 -0.24 0.00119706
-1.5 -0.18 0.00120358
-1.5 -0.12 0.00119351
-1.5 -0.06 0.00116727
-1.5 9.71445e-15 0.00112543
-1.5 0.06 0.00107061
-1.5 0.12 0.00100446
-1.5 0.18 0.000929452
-1.5 0.24 0.000848213
-1.5 0.3 0.000763445
-1.5 0.36 0.000677701
-1.5 0.42 0.000593314
-1.5 0.48 0.000512296
-1.5 0.54 0.000436262
-1.5 0.6 0.000366408
-1.5 0.66 0.000303506
-1.5 0.72 0.000247947
-1.5 0.78 0.000199776
-1.5 0.84 0.00015875
-1.5 0.9 0.000124414
-1.5 0.96 9.61653e-05
-1.5 1.02 7.33095e-05
-1.5 1.08 5.51168e-05
-1.5 1.14 4.08696e-05
-1.5 1.2 2.98888e-05
-1.44 -1.5 6.16889e-05
-1.44 -1.44 8.2947e-05
-1.44 -1.38 0.000109997
-1.44 -1.32 0.000143864
-1.44 -1.26 0.000185571
-1.44 -1.2 0.00023608
-1.44 -1.14 0.000296209
-1.44 -1.08 0.000366546
-1.44 -1.02 0.000447346
-1.44 -0.96 0.000538453
-1.44 -0.9 0.000639211
-1.44 -0.84 0.000748391
-1.44 -0.78 0.000864167
-1.44 -0.72 0.000984144
-1.44 -0.66 0.00110538
-1.44 -0.6 0.00122448
-1.44 -0.54 0.00133777
-1.44 -0.48 0.00144147
-1.44 -0.42 0.00153183
-1.44 -0.36 0.0016055
-1.44 -0.3 0.00165957
-1.44 -0.24 0.00169189
-1.44 -0.18 0.00170113
-1.44 -0.12 0.00168692
-1.44 -0.06 0.00164982
-1.44 9.71445e-15 0.00159137
-1.44 0.06 0.00151389
-1.44 0.12 0.00142038
-1.44 0.18 0.00131355
-1.44 0.24 0.00119874
-1.44 0.3 0.00107894
-1.44 0.36 0.000957758
-1.44 0.42 0.000838502
-1.44 0.48 0.000724005
-1.44 0.54 0.000616549
-1.44 0.6 0.00051782
-1.44 0.66 0.000428925
-1.44 0.72 0.000350412
-1.44 0.78 0.000282331
-1.44 0.84 0.000224352
-1.44 0.9 0.000175828
-1.44 0.96 0.000135906
-1.44 1.02 0.000103603
-1.44 1.08 7.78939e-05
-1.44 1.14 5.77588e-05
-1.44 1.2 4.22402e-05
-1.38 -1.56 6.30716e-05
-1.38 -1.5 8.59886e-05
-1.38 -1.44 0.000115619
-1.38 -1.38 0.000153326
-1.38 -1.32 0.000200533
-1.38 -1.26 0.000258671
-1.38 -1.2 0.000329077
-1.38 -1.14 0.000412894
-1.38 -1.08 0.000510933
-1.38 -1.02 0.000623558
-1.38 -0.96 0.000750564
-1.38 -0.9 0.000891003
-1.38 -0.84 0.0010432
-1.38 -0.78 0.00120461
-1.38 -0.72 0.00137186
-1.38 -0.66 0.00154085
-1.38 -0.6 0.00170688
-1.38 -0.54 0.00186482
-1.38 -0.48 0.00200935
-1.38 -0.42 0.00213532
-1.38 -0.36 0.00223802
-1.38 -0.3 0.00231341
-1.38 -0.24 0.00235847
-1.38 -0.18 0.00237136
-1.38 -0.12 0.00235156
-1.38 -0.06 0.00229986
-1.38 9.71445e-15 0.00221838
-1.38 0.06 0.00211037
-1.38 0.12 0.00198004
-1.38 0.18 0.00183221
-1.38 0.24 0.00167213
-1.38 0.3 0.00150384
-1.38 0.36 0.00133494
-1.38 0.42 0.00116872
-1.38 0.48 0.00100913
-1.38 0.54 0.000859353
-1.38 0.6 0.00072175
-1.38 0.66 0.000597852
-1.38 0.72 0.000488412
-1.38 0.78 0.000393521
-1.38 0.84 0.000312707
-1.38 0.9 0.000245075
-1.38 0.96 0.000189428
-1.38 1.02 0.000144407
-1.38 1.08 0.00010857
-1.38 1.14 8.05063e-05
-1.38 1.2 5.88754e-05
-1.38 1.26 4.24645e-05
-1.32 -1.56 8.67078e-05
-1.32 -1.5 0.000118212
-1.32 -1.44 0.000158949
-1.32 -1.38 0.000210786
-1.32 -1.32 0.000275686
-1.32 -1.26 0.000355611
-1.32 -1.2 0.000452407
-1.32 -1.14 0.000567631
-1.32 -1.08 0.000702422
-1.32 -1.02 0.000857275
-1.32 -0.96 0.00103187
-1.32 -0.9 0.00122497
-1.32 -0.84 0.0014342
-1.32 -0.78 0.00165609
-1.32 -0.72 0.00188605
-1.32 -0.66 0.00211839
-1.32 -0.6 0.00234667
-1.32 -0.54 0.00256378
-1.32 -0.48 0.00276252
-1.32 -0.42 0.00293575
-1.32 -0.36 0.00307694
-1.32 -0.3 0.00318061
-1.32 -0.24 0.00324259
-1.32 -0.18 0.00326034
-1.32 -0.12 0.0032331
-1.32 -0.06 0.00316206
-1.32 9.71445e-15 0.00305005
-1.32 0.06 0.00290159
-1.32 0.12 0.0027224
-1.32 0.18 0.0025192
-1.32 0.24 0.00229909
-1.32 0.3 0.00206939
-1.32 0.36 0.00183703
-1.32 0.42 0.0016066
-1.32 0.48 0.0013872
-1.32 0.54 0.00118133
-1.32 0.6 0.00099217
-1.32 0.66 0.000821839
-1.32 0.72 0.000671394
-1.32 0.78 0.000540955
-1.32 0.84 0.000429867
-1.32 0.9 0.000336893
-1.32 0.96 0.000260401
-1.32 1.02 0.000198509
-1.32 1.08 0.000149248
-1.32 1.14 0.000110668
-1.32 1.2 8.09334e-05
-1.32 1.26 5.83743e-05
-1.32 1.32 4.15242e-05
-1.26 -1.62 8.5048e-05
-1.26 -1.56 0.000117565
-1.26 -1.5 0.000160284
-1.26 -1.44 0.000215516
-1.26 -1.38 0.000285804
-1.26 -1.32 0.000373805
-1.26 -1.26 0.000482178
-1.26 -1.2 0.000613425
-1.26 -1.14 0.000769664
-1.26 -1.08 0.000952433
-1.26 -1.02 0.00116239
-1.26 -0.96 0.00139916
-1.26 -0.9 0.00166097
-1.26 -0.84 0.00194471
-1.26 -0.78 0.00224559
-1.26 -0.72 0.0025574
-1.26 -0.66 0.00287247
-1.26 -0.6 0.00318202
-1.26 -0.54 0.00347646
-1.26 -0.48 0.00374596
-1.26 -0.42 0.00398087
-1.26 -0.36 0.00417238
-1.26 -0.3 0.00431297
-1.26 -0.24 0.00439698
-1.26 -0.18 0.00442112
-1.26 -0.12 0.00438425
-1.26 -0.06 0.00428792
-1.26 9.71445e-15 0.00413605
-1.26 0.06 0.00393477
-1.26 0.12 0.00369184
-1.26 0.18 0.00341626
-1.26 0.24 0.00311784
-1.26 0.3 0.00280634
-1.26 0.36 0.00249126
-1.26 0.42 0.00218118
-1.26 0.48 0.00188343
-1.26 0.54 0.0016016
-1.26 0.6 0.00134513
-1.26 0.66 0.00111423
-1.26 0.72 0.000910263
-1.26 0.78 0.000733412
-1.26 0.84 0.000582796
-1.26 0.9 0.000456751
-1.26 0.96 0.000353046
-1.26 1.02 0.000269132
-1.26 1.08 0.000202346
-1.26 1.14 0.000150041
-1.26 1.2 0.000109727
-1.26 1.26 7.91421e-05
-1.26 1.32 5.62979e-05
-1.2 -1.68 8.11426e-05
-1.2 -1.62 0.000113732
-1.2 -1.56 0.000157218
-1.2 -1.5 0.000214343
-1.2 -1.44 0.00028821
-1.2 -1.38 0.000382202
-1.2 -1.32 0.000499885
-1.2 -1.26 0.000644814
-1.2 -1.2 0.000820329
-1.2 -1.14 0.00102928
-1.2 -1.08 0.00127371
-1.2 -1.02 0.00155451
-1.2 -0.96 0.00187113
-1.2 -0.9 0.0022213
-1.2 -0.84 0.00260076
-1.2 -0.78 0.00300315
-1.2 -0.72 0.00342016
-1.2 -0.66 0.00384157
-1.2 -0.6 0.00425555
-1.2 -0.54 0.00464939
-1.2 -0.48 0.00500989
-1.2 -0.42 0.00532408
-1.2 -0.36 0.00558025
-1.2 -0.3 0.00576831
-1.2 -0.24 0.0058808
-1.2 -0.18 0.00591308
-1.2 -0.12 0.00586383
-1.2 -0.06 0.00573503
-1.2 9.71445e-15 0.00553201
-1.2 0.06 0.00526282
-1.2 0.12 0.0049379
-1.2 0.18 0.00456941
-1.2 0.24 0.00417026
-1.2 0.3 0.00375371
-1.2 0.36 0.00333231
-1.2 0.42 0.00291756
-1.2 0.48 0.00251934
-1.2 0.54 0.00214556
-1.2 0.6 0.00180212
-1.2 0.66 0.00148986
-1.2 0.72 0.00121715
-1.2 0.78 0.000980668
-1.2 0.84 0.000779281
-1.2 0.9 0.000610734
-1.2 0.96 0.000472065
-1.2 1.02 0.000359863
-1.2 1.08 0.000270562
-1.2 1.14 0.000200623
-1.2 1.2 0.00014672
-1.2 1.26 0.000105824
-1.2 1.32 7.52778e-05
-1.2 1.38 5.28125e-05
-1.14 -1.68 0.000107021
-1.14 -1.62 0.000150002
-1.14 -1.56 0.000207359
-1.14 -1.5 0.000282705
-1.14 -1.44 0.000380131
-1.14 -1.38 0.000504101
-1.14 -1.32 0.000659324
-1.14 -1.26 0.000850489
-1.14 -1.2 0.00108199
-1.14 -1.14 0.0013576
-1.14 -1.08 0.00168
-1.14 -1.02 0.00205039
-1.14 -0.96 0.00246803
-1.14 -0.9 0.00292993
-1.14 -0.84 0.00343044
-1.14 -0.78 0.00396126
-1.14 -0.72 0.00451137
-1.14 -0.66 0.00506727
-1.14 -0.6 0.00561339
-1.14 -0.54 0.00613289
-1.14 -0.48 0.00660847
-1.14 -0.42 0.00702304
-1.14 -0.36 0.00736096
-1.14 -0.3 0.00760919
-1.14 -0.24 0.00775762
-1.14 -0.18 0.00780027
-1.14 -0.12 0.00773538
-1.14 -0.06 0.00756557
-1.14 9.71445e-15 0.00729785
-1.14 0.06 0.00694286
-1.14 0.12 0.00651429
-1.14 0.18 0.00602824
-1.14 0.24 0.00550174
-1.14 0.3 0.00495227
-1.14 0.36 0.00439637
-1.14 0.42 0.00384925
-1.14 0.48 0.00332391
-1.14 0.54 0.00283082
-1.14 0.6 0.00237773
-1.14 0.66 0.00196974
-1.14 0.72 0.00160932
-1.14 0.78 0.00129326
-1.14 0.84 0.00102768
-1.14 0.9 0.000805401
-1.14 0.96 0.000622539
-1.14 1.02 0.000474573
-1.14 1.08 0.000356806
-1.14 1.14 0.000264571
-1.14 1.2 0.000193487
-1.14 1.26 0.000139556
-1.14 1.32 9.92721e-05
-1.14 1.38 6.96469e-05
-1.08 -1.74 9.79596e-05
-1.08 -1.68 0.000139216
-1.08 -1.62 0.000195128
-1.08 -1.56 0.000269741
-1.08 -1.5 0.000367756
-1.08 -1.44 0.000494495
-1.08 -1.38 0.000655768
-1.08 -1.32 0.000857704
-1.08 -1.26 0.00110639
-1.08 -1.2 0.00140757
-1.08 -1.14 0.0017661
-1.08 -1.08 0.00218553
-1.08 -1.02 0.00266741
-1.08 -0.96 0.00321076
-1.08 -0.9 0.0038117
-1.08 -0.84 0.00446286
-1.08 -0.78 0.0051535
-1.08 -0.72 0.00586926
-1.08 -0.66 0.00659252
-1.08 -0.6 0.00730313
-1.08 -0.54 0.00797908
-1.08 -0.48 0.00859788
-1.08 -0.42 0.0091374
-1.08 -0.36 0.00957716
-1.08 -0.3 0.00990027
-1.08 -0.24 0.0100935
-1.08 -0.18 0.0101492
-1.08 -0.12 0.0100648
-1.08 -0.06 0.00984406
-1.08 9.71445e-15 0.00949583
-1.08 0.06 0.00903411
-1.08 0.12 0.00847664
-1.08 0.18 0.00784426
-1.08 0.24 0.00715933
-1.08 0.3 0.0064444
-1.08 0.36 0.00572108
-1.08 0.42 0.00500922
-1.08 0.48 0.00432564
-1.08 0.54 0.00368405
-1.08 0.6 0.00309448
-1.08 0.66 0.00256355
-1.08 0.72 0.00209452
-1.08 0.78 0.00168781
-1.08 0.84 0.00133661
-1.08 0.9 0.00104753
-1.08 0.96 0.000809693
-1.08 1.02 0.000617241
-1.08 1.08 0.000464072
-1.08 1.14 0.000344111
-1.08 1.2 0.000251652
-1.08 1.26 0.000181509
-1.08 1.32 0.000129116
-1.08 1.38 9.05844e-05
-1.08 1.44 6.26774e-05
-1.02 -1.74 0.000125681
-1.02 -1.68 0.000178615
-1.02 -1.62 0.000250352
-1.02 -1.56 0.00034608
-1.02 -1.5 0.000471839
-1.02 -1.44 0.000634455
-1.02 -1.38 0.000841387
-1.02 -1.32 0.00110048
-1.02 -1.26 0.00141957
-1.02 -1.2 0.00180603
-1.02 -1.14 0.00226609
-1.02 -1.08 0.00280425
-1.02 -1.02 0.00342261
-1.02 -0.96 0.00411984
-1.02 -0.9 0.00489097
-1.02 -0.84 0.00572657
-1.02 -0.78 0.00661288
-1.02 -0.72 0.00753143
-1.02 -0.66 0.00845956
-1.02 -0.6 0.00937163
-1.02 -0.54 0.0102392
-1.02 -0.48 0.0110333
-1.02 -0.42 0.0117259
-1.02 -0.36 0.0122904
-1.02 -0.3 0.0127052
-1.02 -0.24 0.0129535
-1.02 -0.18 0.0130252
-1.02 -0.12 0.0129171
-1.02 -0.06 0.0126341
-1.02 9.71445e-15 0.0121874
-1.02 0.06 0.011595
-1.02 0.12 0.0108797
-1.02 0.18 0.0100683
-1.02 0.24 0.00918939
-1.02 0.3 0.00827191
-1.02 0.36 0.00734371
-1.02 0.42 0.0064301
-1.02 0.48 0.00555273
-1.02 0.54 0.00472929
-1.02 0.6 0.00397258
-1.02 0.66 0.00329108
-1.02 0.72 0.002689
-1.02 0.78 0.00216693
-1.02 0.84 0.0017222
-1.02 0.9 0.00134373
-1.02 0.96 0.00103863
-1.02 1.02 0.000791769
-1.02 1.08 0.000595286
-1.02 1.14 0.000441409
-1.02 1.2 0.000322807
-1.02 1.26 0.000232829
-1.02 1.32 0.000165622
-1.02 1.38 0.000116197
-1.02 1.44 8.03997e-05
-0.96 -1.8 0.000110367
-0.96 -1.74 0.000159037
-0.96 -1.68 0.000226023
-0.96 -1.62 0.000316805
-0.96 -1.56 0.00043795
-0.96 -1.5 0.000597097
-0.96 -1.44 0.000802891
-0.96 -1.38 0.00106476
-0.96 -1.32 0.00139265
-0.96 -1.26 0.0017965
-0.96 -1.2 0.00228557
-0.96 -1.14 0.00286784
-0.96 -1.08 0.00354898
-0.96 -1.02 0.00433156
-0.96 -0.96 0.005214
-0.96 -0.9 0.00619004
-0.96 -0.84 0.00724773
-0.96 -0.78 0.00836964
-0.96 -0.72 0.00953228
-0.96 -0.66 0.0107073
-0.96 -0.6 0.0118617
-0.96 -0.54 0.0129602
-0.96 -0.48 0.0139657
-0.96 -0.42 0.0148425
-0.96 -0.36 0.0155573
-0.96 -0.3 0.0160828
-0.96 -0.24 0.0163975
-0.96 -0.18 0.0164884
-0.96 -0.12 0.0163521
-0.96 -0.06 0.0159941
-0.96 9.71445e-15 0.0154291
-0.96 0.06 0.0146794
-0.96 0.12 0.0137742
-0.96 0.18 0.0127472
-0.96 0.24 0.0116348
-0.96 0.3 0.0104736
-0.96 0.36 0.00929862
-0.96 0.42 0.00814199
-0.96 0.48 0.00703137
-0.96 0.54 0.00598876
-0.96 0.6 0.00503074
-0.96 0.66 0.00416788
-0.96 0.72 0.00340554
-0.96 0.78 0.00274445
-0.96 0.84 0.00218129
-0.96 0.9 0.00170987
-0.96 0.96 0.00131398
-0.96 1.02 0.00100168
-0.96 1.08 0.000753101
-0.96 1.14 0.000558432
-0.96 1.2 0.000408391
-0.96 1.26 0.000294559
-0.96 1.32 0.000209532
-0.96 1.38 0.000147003
-0.96 1.44 0.000101715
-0.9 -1.8 0.000137746
-0.9 -1.74 0.000198495
-0.9 -1.68 0.000282099
-0.9 -1.62 0.000395409
-0.9 -1.56 0.000546622
-0.9 -1.5 0.000745263
-0.9 -1.44 0.00100214
-0.9 -1.38 0.00132902
-0.9 -1.32 0.00173832
-0.9 -1.26 0.00224241
-0.9 -1.2 0.00285293
-0.9 -1.14 0.00357978
-0.9 -1.08 0.00443015
-0.9 -1.02 0.00540712
-0.9 -0.96 0.00650879
-0.9 -0.9 0.00772737
-0.9 -0.84 0.00904791
-0.9 -0.78 0.0104485
-0.9 -0.72 0.0119002
-0.9 -0.66 0.0133674
-0.9 -0.6 0.014809
-0.9 -0.54 0.0161805
-0.9 -0.48 0.0174365
-0.9 -0.42 0.0185316
-0.9 -0.36 0.0194248
-0.9 -0.3 0.0200812
-0.9 -0.24 0.0204746
-0.9 -0.18 0.020589
-0.9 -0.12 0.0204194
-0.9 -0.06 0.0199729
-0.9 9.71445e-15 0.0192678
-0.9 0.06 0.0183323
-0.9 0.12 0.0172023
-0.9 0.18 0.0159205
-0.9 0.24 0.0145315
-0.9 0.3 0.0130816
-0.9 0.36 0.0116145
-0.9 0.42 0.0101703
-0.9 0.48 0.00878334
-0.9 0.54 0.00748134
-0.9 0.6 0.00628474
-0.9 0.66 0.005207
-0.9 0.72 0.00425486
-0.9 0.78 0.00342904
-0.9 0.84 0.00272554
-0.9 0.9 0.00213662
-0.9 0.96 0.00165194
-0.9 1.02 0.00125966
-0.9 1.08 0.000939666
-0.9 1.14 0.000696767
-0.9 1.2 0.000509559
-0.9 1.26 0.000367527
-0.9 1.32 0.00026144
-0.9 1.38 0.000183419
-0.9 1.44 0.000126912
-0.9 1.5 8.66075e-05
-0.84 -1.86 0.000116053
-0.84 -1.8 0.000169568
-0.84 -1.74 0.00024435
-0.84 -1.68 0.000347279
-0.84 -1.62 0.000486781
-0.84 -1.56 0.000672938
-0.84 -1.5 0.000917505
-0.84 -1.44 0.00123376
-0.84 -1.38 0.00163624
-0.84 -1.32 0.00214016
-0.84 -1.26 0.00276085
-0.84 -1.2 0.00351257
-0.84 -1.14 0.00440761
-0.84 -1.08 0.00545466
-0.84 -1.02 0.00665762
-0.84 -0.96 0.00801435
-0.84 -0.9 0.00951489
-0.84 -0.84 0.0111413
-0.84 -0.78 0.0128664
-0.84 -0.72 0.0146543
-0.84 -0.66 0.0164613
-0.84 -0.6 0.0182372
-0.84 -0.54 0.0199271
-0.84 -0.48 0.0214743
-0.84 -0.42 0.0228234
-0.84 -0.36 0.0239244
-0.84 -0.3 0.0247336
-0.84 -0.24 0.0252191
-0.84 -0.18 0.0253607
-0.84 -0.12 0.0251528
-0.84 -0.06 0.0246038
-0.84 9.71445e-15 0.0237361
-0.84 0.06 0.0225843
-0.84 0.12 0.0211933
-0.84 0.18 0.0196147
-0.84 0.24 0.0179044
-0.84 0.3 0.0161186
-0.84 0.36 0.0143118
-0.84 0.42 0.0125328
-0.84 0.48 0.0108242
-0.84 0.54 0.00922008
-0.84 0.6 0.00774587
-0.84 0.66 0.00641798
-0.84 0.72 0.0052447
-0.84 0.78 0.00422701
-0.84 0.84 0.00336004
-0.84 0.9 0.00263419
-0.84 0.96 0.00203677
-0.84 1.02 0.00155323
-0.84 1.08 0.0011682
-0.84 1.14 0.000857433
-0.84 1.2 0.000627055
-0.84 1.26 0.000452267
-0.84 1.32 0.000321723
-0.84 1.38 0.00022571
-0.84 1.44 0.000156176
-0.84 1.5 0.000106577
-0.78 -1.86 0.000140913
-0.78 -1.8 0.000205891
-0.78 -1.74 0.000296701
-0.78 -1.68 0.000421686
-0.78 -1.62 0.000591079
-0.78 -1.56 0.000817136
-0.78 -1.5 0.00111413
-0.78 -1.44 0.0014982
-0.78 -1.38 0.00198697
-0.78 -1.32 0.00259901
-0.78 -1.26 0.00335281
-0.78 -1.2 0.00426587
-0.78 -1.14 0.00535291
-0.78 -1.08 0.00662468
-0.78 -1.02 0.00808606
-0.78 -0.96 0.00973409
-0.78 -0.9 0.011557
-0.78 -0.84 0.0135327
-0.78 -0.78 0.0156285
-0.78 -0.72 0.017801
-0.78 -0.66 0.0199966
-0.78 -0.6 0.0221547
-0.78 -0.54 0.0242082
-0.78 -0.48 0.0260884
-0.78 -0.42 0.0277291
-0.78 -0.36 0.0290674
-0.78 -0.3 0.0300521
-0.78 -0.24 0.0306431
-0.78 -0.18 0.0308165
-0.78 -0.12 0.030565
-0.78 -0.06 0.0298994
-0.78 9.71445e-15 0.0288463
-0.78 0.06 0.0274483
-0.78 0.12 0.0257591
-0.78 0.18 0.0238417
-0.78 0.24 0.021764
-0.78 0.3 0.0195944
-0.78 0.36 0.0173988
-0.78 0.42 0.0152371
-0.78 0.48 0.0131605
-0.78 0.54 0.0112111
-0.78 0.6 0.00941919
-0.78 0.66 0.00780497
-0.78 0.72 0.00637852
-0.78 0.78 0.00514129
-0.78 0.84 0.0040871
-0.78 0.9 0.00320448
-0.78 0.96 0.00247795
-0.78 1.02 0.00188983
-0.78 1.08 0.00142151
-0.78 1.14 0.00105456
-0.78 1.2 0.000761021
-0.78 1.26 0.0005489
-0.78 1.32 0.000390458
-0.78 1.38 0.000273935
-0.78 1.44 0.000189544
-0.78 1.5 0.000129348
-0.72 -1.86 0.00016876
-0.72 -1.8 0.000246585
-0.72 -1.74 0.000355351
-0.72 -1.68 0.000505049
-0.72 -1.62 0.000707957
-0.72 -1.56 0.000978745
-0.72 -1.5 0.00133451
-0.72 -1.44 0.00179458
-0.72 -1.38 0.00238011
-0.72 -1.32 0.00311332
-0.72 -1.26 0.00401641
-0.72 -1.2 0.00511029
-0.72 -1.14 0.00641275
-0.72 -1.08 0.00793666
-0.72 -1.02 0.00968765
-0.72 -0.96 0.0116625
-0.72 -0.9 0.013847
-0.72 -0.84 0.0162149
-0.72 -0.78 0.0187267
-0.72 -0.72 0.0213304
-0.72 -0.66 0.0239626
-0.72 -0.6 0.0265497
-0.72 -0.54 0.029012
-0.72 -0.48 0.0312673
-0.72 -0.42 0.0332346
-0.72 -0.36 0.0348409
-0.72 -0.3 0.0360224
-0.72 -0.24 0.036733
-0.72 -0.18 0.036943
-0.72 -0.12 0.0366439
-0.72 -0.06 0.0358477
-0.72 9.71445e-15 0.0345873
-0.72 0.06 0.0329128
-0.72 0.12 0.0308893
-0.72 0.18 0.0285921
-0.72 0.24 0.0261022
-0.72 0.3 0.0235019
-0.72 0.36 0.02087
-0.72 0.42 0.0182785
-0.72 0.48 0.0157889
-0.72 0.54 0.0134511
-0.72 0.6 0.011302
-0.72 0.66 0.00936598
-0.72 0.72 0.0076551
-0.72 0.78 0.00617074
-0.72 0.84 0.00490599
-0.72 0.9 0.0038469
-0.72 0.96 0.00297504
-0.72 1.02 0.00226917
-0.72 1.08 0.00170705
-0.72 1.14 0.00126654
-0.72 1.2 0.000910935
-0.72 1.26 0.000657022
-0.72 1.32 0.000467375
-0.72 1.38 0.000327894
-0.72 1.44 0.00022688
-0.72 1.5 0.000154828
-0.72 1.56 0.000104205
-0.66 -1.92 0.000134562
-0.66 -1.86 0.000199363
-0.66 -1.8 0.000291309
-0.66 -1.74 0.000419812
-0.66 -1.68 0.000596682
-0.66 -1.62 0.000836423
-0.66 -1.56 0.00115639
-0.66 -1.5 0.00157677
-0.66 -1.44 0.00212043
-0.66 -1.38 0.00281234
-0.66 -1.32 0.00367884
-0.66 -1.26 0.00474619
-0.66 -1.2 0.00603901
-0.66 -1.14 0.00757847
-0.66 -1.08 0.00937971
-0.66 -1.02 0.0114496
-0.66 -0.96 0.0137842
-0.66 -0.9 0.0163669
-0.66 -0.84 0.0191664
-0.66 -0.78 0.0221367
-0.66 -0.72 0.0252158
-0.66 -0.66 0.028329
-0.66 -0.6 0.031389
-0.66 -0.54 0.0343019
-0.66 -0.48 0.0369704
-0.66 -0.42 0.0392993
-0.66 -0.36 0.0412005
-0.66 -0.3 0.0426013
-0.66 -0.24 0.0434441
-0.66 -0.18 0.043695
-0.66 -0.12 0.0433443
-0.66 -0.06 0.0424055
-0.66 9.71445e-15 0.040918
-0.66 0.06 0.0389403
-0.66 0.12 0.036549
-0.66 0.18 0.0338337
-0.66 0.24 0.03089
-0.66 0.3 0.0278154
-0.66 0.36 0.0247027
-0.66 0.42 0.0216371
-0.66 0.48 0.018692
-0.66 0.54 0.015926
-0.66 0.6 0.0133831
-0.66 0.66 0.0110919
-0.66 0.72 0.00906666
-0.66 0.78 0.00730958
-0.66 0.84 0.00581207
-0.66 0.9 0.00455791
-0.66 0.96 0.00352541
-0.66 1.02 0.00268935
-0.66 1.08 0.00202342
-0.66 1.14 0.00150148
-0.66 1.2 0.00109891
-0.66 1.26 0.000775637
-0.66 1.32 0.000551744
-0.66 1.38 0.000387091
-0.66 1.44 0.000267838
-0.66 1.5 0.000182776
-0.66 1.56 0.000123016
-0.6 -1.92 0.000156801
-0.6 -1.86 0.000232317
-0.6 -1.8 0.000339472
-0.6 -1.74 0.000489237
-0.6 -1.68 0.000695384
-0.6 -1.62 0.000974822
-0.6 -1.56 0.00134776
-0.6 -1.5 0.0018378
-0.6 -1.44 0.00247155
-0.6 -1.38 0.0032782
-0.6 -1.32 0.0042884
-0.6 -1.26 0.00553284
-0.6 -1.2 0.00704026
-0.6 -1.14 0.00883543
-0.6 -1.08 0.0109359
-0.6 -1.02 0.0133498
-0.6 -0.96 0.0160728
-0.6 -0.9 0.0190853
-0.6 -0.84 0.0223513
-0.6 -0.78 0.0258166
-0.6 -0.72 0.0294093
-0.6 -0.66 0.0330424
-0.6 -0.6 0.0366138
-0.6 -0.54 0.0400146
-0.6 -0.48 0.0431304
-0.6 -0.42 0.0458505
-0.6 -0.36 0.0480728
-0.6 -0.3 0.0497108
-0.6 -0.24 0.0506982
-0.6 -0.18 0.0509955
-0.6 -0.12 0.050591
-0.6 -0.06 0.0494996
-0.6 9.71445e-15 0.0477675
-0.6 0.06 0.0454631
-0.6 0.12 0.0426759
-0.6 0.18 0.0395091
-0.6 0.24 0.036076
-0.6 0.3 0.0324886
-0.6 0.36 0.0288563
-0.6 0.42 0.0252785
-0.6 0.48 0.0218405
-0.6 0.54 0.0186109
-0.6 0.6 0.0156413
-0.6 0.66 0.0129653
-0.6 0.72 0.0105996
-0.6 0.78 0.00854667
-0.6 0.84 0.00679675
-0.6 0.9 0.00533102
-0.6 0.96 0.00412404
-0.6 1.02 0.00314655
-0.6 1.08 0.00236782
-0.6 1.14 0.00175737
-0.6 1.2 0.00128643
-0.6 1.26 0.000928777
-0.6 1.32 0.0006424
-0.6 1.38 0.000450689
-0.6 1.44 0.000311842
-0.6 1.5 0.000212807
-0.6 1.56 0.000143228
-0.54 -1.92 0.00018024
-0.54 -1.86 0.000267055
-0.54 -1.8 0.000390248
-0.54 -1.74 0.000562439
-0.54 -1.68 0.000799464
-0.54 -1.62 0.00112078
-0.54 -1.56 0.00154964
-0.54 -1.5 0.00211317
-0.54 -1.44 0.00284202
-0.54 -1.38 0.00376979
-0.54 -1.32 0.00493174
-0.54 -1.26 0.00636321
-0.54 -1.2 0.00809735
-0.54 -1.14 0.0101626
-0.54 -1.08 0.0125795
-0.54 -1.02 0.0153571
-0.54 -0.96 0.0184908
-0.54 -0.9 0.021958
-0.54 -0.84 0.0257175
-0.54 -0.78 0.0297067
-0.54 -0.72 0.0338434
-0.54 -0.66 0.0380272
-0.54 -0.6 0.042141
-0.54 -0.54 0.0460591
-0.54 -0.48 0.0496502
-0.54 -0.42 0.0527859
-0.54 -0.36 0.05535
-0.54 -0.3 0.0572412
-0.54 -0.24 0.0583844
-0.54 -0.18 0.0587333
-0.54 -0.12 0.0582735
-0.54 -0.06 0.057023
-0.54 9.71445e-15 0.055034
-0.54 0.06 0.052385
-0.54 0.12 0.0491798
-0.54 0.18 0.0455367
-0.54 0.24 0.0415851
-0.54 0.3 0.037455
-0.54 0.36 0.0332725
-0.54 0.42 0.0291515
-0.54 0.48 0.0251906
-0.54 0.54 0.0214691
-0.54 0.6 0.0180463
-0.54 0.66 0.0149614
-0.54 0.72 0.0122337
-0.54 0.78 0.00986602
-0.54 0.84 0.00784751
-0.54 0.9 0.00615636
-0.54 0.96 0.00476348
-0.54 1.02 0.00363518
-0.54 1.08 0.00273612
-0.54 1.14 0.00203117
-0.54 1.2 0.0014872
-0.54 1.26 0.00107398
-0.54 1.32 0.000764954
-0.54 1.38 0.000517521
-0.54 1.44 0.000358087
-0.54 1.5 0.000244366
-0.54 1.56 0.000164468
-0.54 1.62 0.000109171
-0.48 -1.98 0.000136046
-0.48 -1.92 0.000204391
-0.48 -1.86 0.000302853
-0.48 -1.8 0.00044258
-0.48 -1.74 0.000637896
-0.48 -1.68 0.000906773
-0.48 -1.62 0.00127128
-0.48 -1.56 0.00175783
-0.48 -1.5 0.00239721
-0.48 -1.44 0.00322424
-0.48 -1.38 0.00427707
-0.48 -1.32 0.00559577
-0.48 -1.26 0.00722043
-0.48 -1.2 0.00918891
-0.48 -1.14 0.0115334
-0.48 -1.08 0.0142774
-0.48 -1.02 0.0174314
-0.48 -0.96 0.0209901
-0.48 -0.9 0.024928
-0.48 -0.84 0.0291986
-0.48 -0.78 0.0337307
-0.48 -0.72 0.0384317
-0.48 -0.66 0.0431867
-0.48 -0.6 0.0478639
-0.48 -0.54 0.0523192
-0.48 -0.48 0.0564048
-0.48 -0.42 0.0599739
-0.48 -0.36 0.0628948
-0.48 -0.3 0.0650515
-0.48 -0.24 0.0663591
-0.48 -0.18 0.066765
-0.48 -0.12 0.0662509
-0.48 -0.06 0.0648387
-0.48 9.71445e-15 0.0625857
-0.48 0.06 0.0595824
-0.48 0.12 0.0559455
-0.48 0.18 0.0518096
-0.48 0.24 0.0473215
-0.48 0.3 0.0426289
-0.48 0.36 0.0378753
-0.48 0.42 0.0331906
-0.48 0.48 0.0286862
-0.48 0.54 0.0244532
-0.48 0.6 0.0205589
-0.48 0.66 0.0170479
-0.48 0.72 0.0139429
-0.48 0.78 0.0112469
-0.48 0.84 0.00894796
-0.48 0.9 0.00702141
-0.48 0.96 0.00543413
-0.48 1.02 0.00414801
-0.48 1.08 0.00312297
-0.48 1.14 0.00231899
-0.48 1.2 0.00169841
-0.48 1.26 0.00122686
-0.48 1.32 0.000874106
-0.48 1.38 0.00061424
-0.48 1.44 0.000405537
-0.48 1.5 0.000276748
-0.48 1.56 0.000186261
-0.48 1.62 0.000123638
-0.42 -1.98 0.000152196
-0.42 -1.92 0.000228668
-0.42 -1.86 0.000338843
-0.42 -1.8 0.00049521
-0.42 -1.74 0.000713794
-0.42 -1.68 0.00101474
-0.42 -1.62 0.00142275
-0.42 -1.56 0.0019674
-0.42 -1.5 0.00268321
-0.42 -1.44 0.0036092
-0.42 -1.38 0.00478813
-0.42 -1.32 0.00626488
-0.42 -1.26 0.0080845
-0.42 -1.2 0.0102895
-0.42 -1.14 0.012916
-0.42 -1.08 0.0159904
-0.42 -1.02 0.0195248
-0.42 -0.96 0.0235133
-0.42 -0.9 0.0279276
-0.42 -0.84 0.0327156
-0.42 -0.78 0.0377983
-0.42 -0.72 0.0430713
-0.42 -0.66 0.0484058
-0.42 -0.6 0.0536556
-0.42 -0.54 0.058658
-0.42 -0.48 0.0632465
-0.42 -0.42 0.067258
-0.42 -0.36 0.0705438
-0.42 -0.3 0.0729741
-0.42 -0.24 0.0744533
-0.42 -0.18 0.0749205
-0.42 -0.12 0.0743555
-0.42 -0.06 0.0727838
-0.42 9.71445e-15 0.0702673
-0.42 0.06 0.0669073
-0.42 0.12 0.0628356
-0.42 0.18 0.0582019
-0.42 0.24 0.0531709
-0.42 0.3 0.0479082
-0.42 0.36 0.0425757
-0.42 0.42 0.0373179
-0.42 0.48 0.0322608
-0.42 0.54 0.0275071
-0.42 0.6 0.0231323
-0.42 0.66 0.0191868
-0.42 0.72 0.0156963
-0.42 0.78 0.0126648
-0.42 0.84 0.0100789
-0.42 0.9 0.00791117
-0.42 0.96 0.00612456
-0.42 1.02 0.00467654
-0.42 1.08 0.00352198
-0.42 1.14 0.00261617
-0.42 1.2 0.00191671
-0.42 1.26 0.00138503
-0.42 1.32 0.000987156
-0.42 1.38 0.000693944
-0.42 1.44 0.000452965
-0.42 1.5 0.000309112
-0.42 1.56 0.000208042
-0.42 1.62 0.000138097
-0.36 -1.98 0.000167991
-0.36 -1.92 0.000252416
-0.36 -1.86 0.000374063
-0.36 -1.8 0.000546726
-0.36 -1.74 0.000788112
-0.36 -1.68 0.00112048
-0.36 -1.62 0.00157115
-0.36 -1.56 0.0021728
-0.36 -1.5 0.00296364
-0.36 -1.44 0.00398676
-0.36 -1.38 0.00528955
-0.36 -1.32 0.00692165
-0.36 -1.26 0.00893311
-0.36 -1.2 0.0113707
-0.36 -1.14 0.014275
-0.36 -1.08 0.0176749
-0.36 -1.02 0.0215842
-0.36 -0.96 0.0259968
-0.36 -0.9 0.0308814
-0.36 -0.84 0.0361809
-0.36 -0.78 0.0418081
-0.36 -0.72 0.0476471
-0.36 -0.66 0.0535573
-0.36 -0.6 0.0593741
-0.36 -0.54 0.0649208
-0.36 -0.48 0.0700111
-0.36 -0.42 0.0744652
-0.36 -0.36 0.0781168
-0.36 -0.3 0.0808235
-0.36 -0.24 0.0824766
-0.36 -0.18 0.0830101
-0.36 -0.12 0.0824025
-0.36 -0.06 0.0806768
-0.36 9.71445e-15 0.0779052
-0.36 0.06 0.0741975
-0.36 0.12 0.069698
-0.36 0.18 0.0645735
-0.36 0.24 0.059007
-0.36 0.3 0.053181
-0.36 0.36 0.0472737
-0.36 0.42 0.0414468
-0.36 0.48 0.0358409
-0.36 0.54 0.0305683
-0.36 0.6 0.0257145
-0.36 0.66 0.0213355
-0.36 0.72 0.0174597
-0.36 0.78 0.0140924
-0.36 0.84 0.0112188
-0.36 0.9 0.00880898
-0.36 0.96 0.00682216
-0.36 1.02 0.00521117
-0.36 1.08 0.00392613
-0.36 1.14 0.00291753
-0.36 1.2 0.00213838
-0.36 1.26 0.00154588
-0.36 1.32 0.00110228
-0.36 1.38 0.000775219
-0.36 1.44 0.000537751
-0.36 1.5 0.000340512
-0.36 1.56 0.000229179
-0.36 1.62 0.000152125
-0.3 -1.98 0.000182964
-0.3 -1.92 0.000274943
-0.3 -1.86 0.000407487
-0.3 -1.8 0.000595632
-0.3 -1.74 0.000858703
-0.3 -1.68 0.00122097
-0.3 -1.62 0.00171221
-0.3 -1.56 0.00236816
-0.3 -1.5 0.00323047
-0.3 -1.44 0.00434628
-0.3 -1.38 0.00576722
-0.3 -1.32 0.00754777
-0.3 -1.26 0.00974236
-0.3 -1.2 0.0124027
-0.3 -1.14 0.0155725
-0.3 -1.08 0.0192844
-0.3 -1.02 0.0235537
-0.3 -0.96 0.0283732
-0.3 -0.9 0.0337101
-0.3 -0.84 0.0395011
-0.3 -0.78 0.0456527
-0.3 -0.72 0.0520389
-0.3 -0.66 0.0585043
-0.3 -0.6 0.0648718
-0.3 -0.54 0.0709452
-0.3 -0.48 0.0765235
-0.3 -0.42 0.0814103
-0.3 -0.36 0.0854206
-0.3 -0.3 0.088401
-0.3 -0.24 0.0902313
-0.3 -0.18 0.0908372
-0.3 -0.12 0.0901938
-0.3 -0.06 0.0883289
-0.3 9.71445e-15 0.085317
-0.3 0.06 0.0812799
-0.3 0.12 0.0763728
-0.3 0.18 0.0707789
-0.3 0.24 0.0646968
-0.3 0.3 0.0583275
-0.3 0.36 0.0518652
-0.3 0.42 0.0454879
-0.3 0.48 0.0393483
-0.3 0.54 0.0335724
-0.3 0.6 0.0282521
-0.3 0.66 0.0234495
-0.3 0.72 0.0191969
-0.3 0.78 0.015501
-0.3 0.84 0.0123453
-0.3 0.9 0.00969763
-0.3 0.96 0.00751367
-0.3 1.02 0.00574195
-0.3 1.08 0.00432805
-0.3 1.14 0.00321772
-0.3 1.2 0.00235954
-0.3 1.26 0.00170663
-0.3 1.32 0.00121751
-0.3 1.38 0.000856722
-0.3 1.44 0.000594612
-0.3 1.5 0.00036995
-0.3 1.56 0.000248989
-0.3 1.62 0.000165276
-0.24 -1.98 0.000196658
-0.24 -1.92 0.00029555
-0.24 -1.86 0.000438083
-0.24 -1.8 0.000640436
-0.24 -1.74 0.000923407
-0.24 -1.68 0.00131312
-0.24 -1.62 0.00184173
-0.24 -1.56 0.00254767
-0.24 -1.5 0.00347581
-0.24 -1.44 0.00467709
-0.24 -1.38 0.00620712
-0.24 -1.32 0.0081247
-0.24 -1.26 0.0104888
-0.24 -1.2 0.0133551
-0.24 -1.14 0.0167716
-0.24 -1.08 0.0207733
-0.24 -1.02 0.0253767
-0.24 -0.96 0.0305751
-0.24 -0.9 0.0363337
-0.24 -0.84 0.0425847
-0.24 -0.78 0.0492267
-0.24 -0.72 0.0561247
-0.24 -0.66 0.0631132
-0.24 -0.6 0.069998
-0.24 -0.54 0.0765712
-0.24 -0.48 0.0826141
-0.24 -0.42 0.0879119
-0.24 -0.36 0.0922683
-0.24 -0.3 0.0955135
-0.24 -0.24 0.0975195
-0.24 -0.18 0.0982034
-0.24 -0.12 0.097539
-0.24 -0.06 0.0955515
-0.24 9.71445e-15 0.0923244
-0.24 0.06 0.0879846
-0.24 0.12 0.0827008
-0.24 0.18 0.0766716
-0.24 0.24 0.0701085
-0.24 0.3 0.063231
-0.24 0.36 0.0562479
-0.24 0.42 0.0493513
-0.24 0.48 0.0427087
-0.24 0.54 0.0364545
-0.24 0.6 0.0306908
-0.24 0.66 0.0254852
-0.24 0.72 0.0208736
-0.24 0.78 0.0168626
-0.24 0.84 0.0134364
-0.24 0.9 0.0105599
-0.24 0.96 0.00818601
-0.24 1.02 0.00625909
-0.24 1.08 0.00472042
-0.24 1.14 0.0035114
-0.24 1.2 0.00257641
-0.24 1.26 0.00186457
-0.24 1.32 0.001331
-0.24 1.38 0.000937154
-0.24 1.44 0.000650851
-0.24 1.5 0.000445848
-0.24 1.56 0.000266797
-0.24 1.62 0.000177095
-0.18 -1.98 0.000208632
-0.18 -1.92 0.000313592
-0.18 -1.86 0.000464884
-0.18 -1.8 0.000679724
-0.18 -1.74 0.000980201
-0.18 -1.68 0.00139414
-0.18 -1.62 0.00195567
-0.18 -1.56 0.00270571
-0.18 -1.5 0.00369215
-0.18 -1.44 0.00496904
-0.18 -1.38 0.00659591
-0.18 -1.32 0.0086353
-0.18 -1.26 0.0111503
-0.18 -1.2 0.0142004
-0.18 -1.14 0.017837
-0.18 -1.08 0.0220975
-0.18 -1.02 0.0270005
-0.18 -0.96 0.0325398
-0.18 -0.9 0.0386775
-0.18 -0.84 0.0453437
-0.18 -0.78 0.0524306
-0.18 -0.72 0.0597941
-0.18 -0.66 0.0672577
-0.18 -0.6 0.0746171
-0.18 -0.54 0.0816483
-0.18 -0.48 0.0881179
-0.18 -0.42 0.093799
-0.18 -0.36 0.0984793
-0.18 -0.3 0.101978
-0.18 -0.24 0.104156
-0.18 -0.18 0.104925
-0.18 -0.12 0.104253
-0.18 -0.06 0.102169
-0.18 9.71445e-15 0.0987562
-0.18 0.06 0.0941524
-0.18 0.12 0.0885358
-0.18 0.18 0.0821154
-0.18 0.24 0.0751206
-0.18 0.3 0.0677819
-0.18 0.36 0.0603242
-0.18 0.42 0.0529536
-0.18 0.48 0.0458486
-0.18 0.54 0.0391544
-0.18 0.6 0.0329812
-0.18 0.66 0.0274021
-0.18 0.72 0.0224556
-0.18 0.78 0.018151
-0.18 0.84 0.0144712
-0.18 0.9 0.0113801
-0.18 0.96 0.00882712
-0.18 1.02 0.00675354
-0.18 1.08 0.00509652
-0.18 1.14 0.00379367
-0.18 1.2 0.00278534
-0.18 1.26 0.00201715
-0.18 1.32 0.00144092
-0.18 1.38 0.00101527
-0.18 1.44 0.00070561
-0.18 1.5 0.00048372
-0.18 1.56 0.000327091
-0.18 1.62 0.000187153
-0.12 -1.98 0.0002185
-0.12 -1.92 0.00032848
-0.12 -1.86 0.000487048
-0.12 -1.8 0.00071226
-0.12 -1.74 0.00102732
-0.12 -1.68 0.00146143
-0.12 -1.62 0.00205049
-0.12 -1.56 0.00283753
-0.12 -1.5 0.00387281
-0.12 -1.44 0.00521344
-0.12 -1.38 0.00692193
-0.12 -1.32 0.0090643
-0.12 -1.26 0.0117071
-0.12 -1.2 0.0149134
-0.12 -1.14 0.0187375
-0.12 -1.08 0.0232197
-0.12 -1.02 0.02838
-0.12 -0.96 0.034212
-0.12 -0.9 0.0406778
-0.12 -0.84 0.0477032
-0.12 -0.78 0.055176
-0.12 -0.72 0.0629463
-0.12 -0.66 0.0708272
-0.12 -0.6 0.0786053
-0.12 -0.54 0.0860436
-0.12 -0.48 0.0928968
-0.12 -0.42 0.0989235
-0.12 -0.36 0.103901
-0.12 -0.3 0.107636
-0.12 -0.24 0.109982
-0.12 -0.18 0.110842
-0.12 -0.12 0.110181
-0.12 -0.06 0.108028
-0.12 9.71445e-15 0.104469
-0.12 0.06 0.0996465
-0.12 0.12 0.0937487
-0.12 0.18 0.0869959
-0.12 0.24 0.079626
-0.12 0.3 0.0718856
-0.12 0.36 0.0640123
-0.12 0.42 0.056223
-0.12 0.48 0.0487072
-0.12 0.54 0.0416208
-0.12 0.6 0.03508
-0.12 0.66 0.0291635
-0.12 0.72 0.0239146
-0.12 0.78 0.0193428
-0.12 0.84 0.015432
-0.12 0.9 0.0121439
-0.12 0.96 0.00942608
-0.12 1.02 0.00721689
-0.12 1.08 0.00545019
-0.12 1.14 0.00405994
-0.12 1.2 0.00298313
-0.12 1.26 0.00216205
-0.12 1.32 0.00154564
-0.12 1.38 0.00108993
-0.12 1.44 0.000758127
-0.12 1.5 0.000520154
-0.12 1.56 0.000352021
-0.12 1.62 0.000195062
-0.06 -2.04 0.000148209
-0.06 -1.98 0.000225955
-0.06 -1.92 0.000339764
-0.06 -1.86 0.00050389
-0.06 -1.8 0.000737053
-0.06 -1.74 0.00106334
-0.06 -1.68 0.00151304
-0.06 -1.62 0.00212341
-0.06 -1.56 0.0029392
-0.06 -1.5 0.00401268
-0.06 -1.44 0.0054032
-0.06 -1.38 0.00717588
-0.06 -1.32 0.00939971
-0.06 -1.26 0.012144
-0.06 -1.2 0.0154749
-0.06 -1.14 0.0194491
-0.06 -1.08 0.0241095
-0.06 -1.02 0.0294779
-0.06 -0.96 0.0355481
-0.06 -0.9 0.0422819
-0.06 -0.84 0.0496025
-0.06 -0.78 0.0573957
-0.06 -0.72 0.065505
-0.06 -0.66 0.0737366
-0.06 -0.6 0.0818688
-0.06 -0.54 0.0896541
-0.06 -0.48 0.0968377
-0.06 -0.42 0.103169
-0.06 -0.36 0.10841
-0.06 -0.3 0.112363
-0.06 -0.24 0.114869
-0.06 -0.18 0.115826
-0.06 -0.12 0.115195
-0.06 -0.06 0.113006
-0.06 9.71445e-15 0.109344
-0.06 0.06 0.104356
-0.06 0.12 0.0982371
-0.06 0.18 0.0912149
-0.06 0.24 0.0835392
-0.06 0.3 0.075466
-0.06 0.36 0.067243
-0.06 0.42 0.0590992
-0.06 0.48 0.0512333
-0.06 0.54 0.0438096
-0.06 0.6 0.0369509
-0.06 0.66 0.0307411
-0.06 0.72 0.0252264
-0.06 0.78 0.0204193
-0.06 0.84 0.016303
-0.06 0.9 0.0128394
-0.06 0.96 0.00997391
-0.06 1.02 0.00764248
-0.06 1.08 0.00577634
-0.06 1.14 0.00430646
-0.06 1.2 0.00316693
-0.06 1.26 0.00229726
-0.06 1.32 0.00164373
-0.06 1.38 0.00116014
-0.06 1.44 0.000807687
-0.06 1.5 0.00055466
-0.06 1.56 0.000375725
-0.06 1.62 0.000200511
9.71445e-15 -2.04 0.000151339
9.71445e-15 -1.98 0.000230788
9.71445e-15 -1.92 0.000347121
9.71445e-15 -1.86 0.000514938
9.71445e-15 -1.8 0.000753423
9.71445e-15 -1.74 0.00108727
9.71445e-15 -1.68 0.00154755
9.71445e-15 -1.62 0.00217252
9.71445e-15 -1.56 0.0030081
9.71445e-15 -1.5 0.00410811
9.71445e-15 -1.44 0.00553352
9.71445e-15 -1.38 0.00735158
9.71445e-15 -1.32 0.00963329
9.71445e-15 -1.26 0.0124503
9.71445e-15 -1.2 0.0158712
9.71445e-15 -1.14 0.0199551
9.71445e-15 -1.08 0.0247465
9.71445e-15 -1.02 0.0302692
9.71445e-15 -0.96 0.0365181
9.71445e-15 -0.9 0.0434543
9.71445e-15 -0.84 0.0510015
9.71445e-15 -0.78 0.0590416
9.71445e-15 -0.72 0.0674153
9.71445e-15 -0.66 0.0759241
9.71445e-15 -0.6 0.08434
9.71445e-15 -0.54 0.0924084
9.71445e-15 -0.48 0.0998651
9.71445e-15 -0.42 0.106452
9.71445e-15 -0.36 0.111923
9.71445e-15 -0.3 0.11607
9.71445e-15 -0.24 0.118727
9.71445e-15 -0.18 0.119789
9.71445e-15 -0.12 0.119211
9.71445e-15 -0.06 0.117019
9.71445e-15 9.71445e-15 0.113298
9.71445e-15 0.06 0.108202
9.71445e-15 0.12 0.101927
9.71445e-15 0.18 0.0947056
9.71445e-15 0.24 0.086798
9.71445e-15 0.3 0.0784658
9.71445e-15 0.36 0.0699673
9.71445e-15 0.42 0.0615401
9.71445e-15 0.48 0.0533903
9.71445e-15 0.54 0.0456893
9.71445e-15 0.6 0.0385669
9.71445e-15 0.66 0.0321117
9.71445e-15 0.72 0.0263729
9.71445e-15 0.78 0.0213652
9.71445e-15 0.84 0.0170727
9.71445e-15 0.9 0.0134572
9.71445e-15 0.96 0.0104631
9.71445e-15 1.02 0.00802442
9.71445e-15 1.08 0.00607053
9.71445e-15 1.14 0.00452995
9.71445e-15 1.2 0.00333435
9.71445e-15 1.26 0.00242098
9.71445e-15 1.32 0.00173392
9.71445e-15 1.38 0.00122497
9.71445e-15 1.44 0.000853649
9.71445e-15 1.5 0.000586809
9.71445e-15 1.56 0.000397895
9.71445e-15 1.62 0.000266138
0.06 -2.04 0.000152674
0.06 -1.98 0.000232895
0.06 -1.92 0.0003504
0.06 -1.86 0.000519969
0.06 -1.8 0.000761047
0.06 -1.74 0.00109865
0.06 -1.68 0.00156432
0.06 -1.62 0.00219688
0.06 -1.56 0.00304299
0.06 -1.5 0.00415739
0.06 -1.44 0.00560213
0.06 -1.38 0.00744585
0.06 -1.32 0.00976096
0.06 -1.26 0.0126209
0.06 -1.2 0.0160959
0.06 -1.14 0.0202471
0.06 -1.08 0.0251207
0.06 -1.02 0.0307418
0.06 -0.96 0.0371071
0.06 -0.9 0.044178
0.06 -0.84 0.0518786
0.06 -0.78 0.0600901
0.06 -0.72 0.0686507
0.06 -0.66 0.07736
0.06 -0.6 0.0859856
0.06 -0.54 0.0942687
0.06 -0.48 0.101939
0.06 -0.42 0.10873
0.06 -0.36 0.114393
0.06 -0.3 0.11871
0.06 -0.24 0.12151
0.06 -0.18 0.122682
0.06 -0.12 0.122177
0.06 -0.06 0.120016
0.06 9.71445e-15 0.116287
0.06 0.06 0.111139
0.06 0.12 0.104774
0.06 0.18 0.0974278
0.06 0.24 0.0893639
0.06 0.3 0.0808508
0.06 0.36 0.0721542
0.06 0.42 0.0635168
0.06 0.48 0.0551524
0.06 0.54 0.0472382
0.06 0.6 0.0399093
0.06 0.66 0.0332593
0.06 0.72 0.0273403
0.06 0.78 0.0221692
0.06 0.84 0.0177318
0.06 0.9 0.0139898
0.06 0.96 0.0108875
0.06 1.02 0.00835808
0.06 1.08 0.00632908
0.06 1.14 0.00472755
0.06 1.2 0.00348329
0.06 1.26 0.00253165
0.06 1.32 0.00181502
0.06 1.38 0.00128357
0.06 1.44 0.000895405
0.06 1.5 0.000616148
0.06 1.56 0.000418223
0.06 1.62 0.000280026
0.12 -2.04 0.000152219
0.12 -1.98 0.000232286
0.12 -1.92 0.000349617
0.12 -1.86 0.000519014
0.12 -1.8 0.000759958
0.12 -1.74 0.00109753
0.12 -1.68 0.0015634
0.12 -1.62 0.00219657
0.12 -1.56 0.00304396
0.12 -1.5 0.00416066
0.12 -1.44 0.00560924
0.12 -1.38 0.00745895
0.12 -1.32 0.00978306
0.12 -1.26 0.0126562
0.12 -1.2 0.0161494
0.12 -1.14 0.0203257
0.12 -1.08 0.0252326
0.12 -1.02 0.0308963
0.12 -0.96 0.0373157
0.12 -0.9 0.0444533
0.12 -0.84 0.0522348
0.12 -0.78 0.0605409
0.12 -0.72 0.0692105
0.12 -0.66 0.0780433
0.12 -0.6 0.0868035
0.12 -0.54 0.0952321
0.12 -0.48 0.103054
0.12 -0.42 0.11
0.12 -0.36 0.115815
0.12 -0.3 0.120276
0.12 -0.24 0.123208
0.12 -0.18 0.124493
0.12 -0.12 0.124081
0.12 -0.06 0.121985
0.12 9.71445e-15 0.118294
0.12 0.06 0.113153
0.12 0.12 0.106763
0.12 0.18 0.0993635
0.12 0.24 0.0912203
0.12 0.3 0.0826047
0.12 0.36 0.0737863
0.12 0.42 0.0650132
0.12 0.48 0.0565049
0.12 0.54 0.0484421
0.12 0.6 0.0409657
0.12 0.66 0.0341728
0.12 0.72 0.0281188
0.12 0.78 0.0228229
0.12 0.84 0.0182728
0.12 0.9 0.0144312
0.12 0.96 0.0112424
0.12 1.02 0.00863935
0.12 1.08 0.00654879
0.12 1.14 0.00489671
0.12 1.2 0.00361169
0.12 1.26 0.00262772
0.12 1.32 0.00188588
0.12 1.38 0.00133508
0.12 1.44 0.000932315
0.12 1.5 0.000642223
0.12 1.56 0.000436386
0.12 1.62 0.000292495
0.12 1.68 0.00014206
0.18 -2.04 0.000150052
0.18 -1.98 0.000229081
0.18 -1.92 0.000344952
0.18 -1.86 0.000512335
0.18 -1.8 0.000750534
0.18 -1.74 0.00108447
0.18 -1.68 0.00154558
0.18 -1.62 0.00217265
0.18 -1.56 0.00301244
0.18 -1.5 0.00411986
0.18 -1.44 0.00555739
0.18 -1.38 0.00739426
0.18 -1.32 0.00970411
0.18 -1.26 0.0125617
0.18 -1.2 0.0160389
0.18 -1.14 0.0201993
0.18 -1.08 0.0250921
0.18 -1.02 0.0307452
0.18 -0.96 0.0371585
0.18 -0.9 0.0442971
0.18 -0.84 0.052088
0.18 -0.78 0.0604146
0.18 -0.72 0.069118
0.18 -0.66 0.0779981
0.18 -0.6 0.0868207
0.18 -0.54 0.0953251
0.18 -0.48 0.103238
0.18 -0.42 0.110287
0.18 -0.36 0.116214
0.18 -0.3 0.120793
0.18 -0.24 0.123843
0.18 -0.18 0.125245
0.18 -0.12 0.12494
0.18 -0.06 0.122941
0.18 9.71445e-15 0.119328
0.18 0.06 0.114249
0.18 0.12 0.107899
0.18 0.18 0.100516
0.18 0.24 0.0923667
0.18 0.3 0.083724
0.18 0.36 0.0748586
0.18 0.42 0.066024
0.18 0.48 0.0574403
0.18 0.54 0.049294
0.18 0.6 0.0417284
0.18 0.66 0.0348446
0.18 0.72 0.0287009
0.18 0.78 0.0233197
0.18 0.84 0.0186899
0.18 0.9 0.0147761
0.18 0.96 0.0115232
0.18 1.02 0.00886439
0.18 1.08 0.00672651
0.18 1.14 0.00503488
0.18 1.2 0.00371752
0.18 1.26 0.0027076
0.18 1.32 0.00194525
0.18 1.38 0.00137857
0.18 1.44 0.000963698
0.18 1.5 0.000664546
0.18 1.56 0.000452027
0.18 1.62 0.000303296
0.18 1.68 0.000154949
0.24 -2.04 0.000146318
0.24 -1.98 0.000223498
0.24 -1.92 0.000336729
0.24 -1.86 0.000500395
0.24 -1.8 0.000733469
0.24 -1.74 0.00106042
0.24 -1.68 0.00151221
0.24 -1.62 0.00212705
0.24 -1.56 0.00295108
0.24 -1.5 0.00403851
0.24 -1.44 0.00545128
0.24 -1.38 0.0072579
0.24 -1.32 0.00953167
0.24 -1.26 0.0123471
0.24 -1.2 0.0157763
0.24 -1.14 0.0198832
0.24 -1.08 0.0247177
0.24 -1.02 0.0303097
0.24 -0.96 0.0366605
0.24 -0.9 0.0437383
0.24 -0.84 0.0514718
0.24 -0.78 0.0597498
0.24 -0.72 0.0684144
0.24 -0.66 0.0772696
0.24 -0.6 0.086084
0.24 -0.54 0.0945995
0.24 -0.48 0.102543
0.24 -0.42 0.109643
0.24 -0.36 0.11564
0.24 -0.3 0.120309
0.24 -0.24 0.123464
0.24 -0.18 0.12498
0.24 -0.12 0.124795
0.24 -0.06 0.122918
0.24 9.71445e-15 0.119424
0.24 0.06 0.114454
0.24 0.12 0.1082
0.24 0.18 0.100898
0.24 0.24 0.0928118
0.24 0.3 0.0842141
0.24 0.36 0.0753753
0.24 0.42 0.0665477
0.24 0.48 0.0579563
0.24 0.54 0.0497889
0.24 0.6 0.0421921
0.24 0.66 0.0352686
0.24 0.72 0.0290807
0.24 0.78 0.0236534
0.24 0.84 0.0189774
0.24 0.9 0.0150192
0.24 0.96 0.0117252
0.24 1.02 0.00902934
0.24 1.08 0.00685887
0.24 1.14 0.00513938
0.24 1.2 0.00379866
0.24 1.26 0.00276959
0.24 1.32 0.00199184
0.24 1.38 0.00141306
0.24 1.44 0.000988836
0.24 1.5 0.000682567
0.24 1.56 0.000464755
0.24 1.62 0.000312152
0.24 1.68 0.000166685
0.3 -1.98 0.000215826
0.3 -1.92 0.000325373
0.3 -1.86 0.000483839
0.3 -1.8 0.000709663
0.3 -1.74 0.00102671
0.3 -1.68 0.00146513
0.3 -1.62 0.00206228
0.3 -1.56 0.0028633
0.3 -1.5 0.00392123
0.3 -1.44 0.00529698
0.3 -1.38 0.00705791
0.3 -1.32 0.00927621
0.3 -1.26 0.0120257
0.3 -1.2 0.015378
0.3 -1.14 0.0193973
0.3 -1.08 0.0241342
0.3 -1.02 0.0296192
0.3 -0.96 0.0358562
0.3 -0.9 0.0428166
0.3 -0.84 0.0504326
0.3 -0.78 0.0585952
0.3 -0.72 0.067154
0.3 -0.66 0.0759171
0.3 -0.6 0.0846565
0.3 -0.54 0.0931193
0.3 -0.48 0.101038
0.3 -0.42 0.108138
0.3 -0.36 0.114166
0.3 -0.3 0.118892
0.3 -0.24 0.122132
0.3 -0.18 0.123758
0.3 -0.12 0.1237
0.3 -0.06 0.121965
0.3 9.71445e-15 0.11862
0.3 0.06 0.113801
0.3 0.12 0.107694
0.3 0.18 0.100533
0.3 0.24 0.092572
0.3 0.3 0.0840856
0.3 0.36 0.0753397
0.3 0.42 0.0665868
0.3 0.48 0.058052
0.3 0.54 0.0499238
0.3 0.6 0.0423506
0.3 0.66 0.0354384
0.3 0.72 0.029252
0.3 0.78 0.0238174
0.3 0.84 0.0191292
0.3 0.9 0.0151551
0.3 0.96 0.0118436
0.3 1.02 0.00912984
0.3 1.08 0.0069424
0.3 1.14 0.00520731
0.3 1.2 0.00385279
0.3 1.26 0.00281185
0.3 1.32 0.00202427
0.3 1.38 0.00143748
0.3 1.44 0.00100691
0.3 1.5 0.000695718
0.3 1.56 0.000474164
0.3 1.62 0.000318771
0.3 1.68 0.000176848
0.3 1.74 0.000116313
0.36 -1.98 0.000206411
0.36 -1.92 0.000311405
0.36 -1.86 0.000463404
0.36 -1.8 0.000680206
0.36 -1.74 0.00098484
0.36 -1.68 0.0014065
0.36 -1.62 0.00198135
0.36 -1.56 0.00275313
0.36 -1.5 0.00377353
0.36 -1.44 0.00510167
0.36 -1.38 0.00680353
0.36 -1.32 0.00894961
0.36 -1.26 0.0116127
0.36 -1.2 0.014863
0.36 -1.14 0.0187648
0.36 -1.08 0.0233686
0.36 -1.02 0.0287062
0.36 -0.96 0.0347841
0.36 -0.9 0.0415756
0.36 -0.84 0.0490186
0.36 -0.78 0.0570084
0.36 -0.72 0.0653997
0.36 -0.66 0.0740072
0.36 -0.6 0.0826099
0.36 -0.54 0.0909606
0.36 -0.48 0.0987944
0.36 -0.42 0.105846
0.36 -0.36 0.111862
0.36 -0.3 0.116614
0.36 -0.24 0.119917
0.36 -0.18 0.121639
0.36 -0.12 0.121712
0.36 -0.06 0.12013
0.36 9.71445e-15 0.116959
0.36 0.06 0.112326
0.36 0.12 0.106412
0.36 0.18 0.0994396
0.36 0.24 0.0916639
0.36 0.3 0.0833479
0.36 0.36 0.0747571
0.36 0.42 0.0661415
0.36 0.48 0.0577243
0.36 0.54 0.0496936
0.36 0.6 0.0421992
0.36 0.66 0.0353485
0.36 0.72 0.0292075
0.36 0.78 0.0238055
0.36 0.84 0.019139
0.36 0.9 0.0151782
0.36 0.96 0.0118734
0.36 1.02 0.00916195
0.36 1.08 0.00697353
0.36 1.14 0.00523573
0.36 1.2 0.0038775
0.36 1.26 0.00283257
0.36 1.32 0.00204109
0.36 1.38 0.00145075
0.36 1.44 0.00101712
0.36 1.5 0.000703404
0.36 1.56 0.00047983
0.36 1.62 0.000322858
0.36 1.68 0.000185048
0.36 1.74 0.000121707
0.42 -1.98 0.000195614
0.42 -1.92 0.000295358
0.42 -1.86 0.000439889
0.42 -1.8 0.000646239
0.42 -1.74 0.00093646
0.42 -1.68 0.00133857
0.42 -1.62 0.00188732
0.42 -1.56 0.00262485
0.42 -1.5 0.00360093
0.42 -1.44 0.00487289
0.42 -1.38 0.00650446
0.42 -1.32 0.0085643
0.42 -1.26 0.0111233
0.42 -1.2 0.0142506
0.42 -1.14 0.018009
0.42 -1.08 0.0224497
0.42 -1.02 0.0276051
0.42 -0.96 0.0334832
0.42 -0.9 0.0400617
0.42 -0.84 0.0472813
0.42 -0.78 0.0550446
0.42 -0.72 0.0632125
0.42 -0.66 0.0716064
0.42 -0.6 0.0800135
0.42 -0.54 0.0881939
0.42 -0.48 0.0958912
0.42 -0.42 0.102844
0.42 -0.36 0.108804
0.42 -0.3 0.113546
0.42 -0.24 0.116886
0.42 -0.18 0.11869
0.42 -0.12 0.118886
0.42 -0.06 0.117465
0.42 9.71445e-15 0.114485
0.42 0.06 0.110066
0.42 0.12 0.104379
0.42 0.18 0.097643
0.42 0.24 0.0900993
0.42 0.3 0.0820103
0.42 0.36 0.0736336
0.42 0.42 0.0652137
0.42 0.48 0.0569718
0.42 0.54 0.0490951
0.42 0.6 0.0417327
0.42 0.66 0.0349917
0.42 0.72 0.028941
0.42 0.78 0.023611
0.42 0.84 0.0190008
0.42 0.9 0.0150825
0.42 0.96 0.0118096
0.42 1.02 0.00912106
0.42 1.08 0.00694873
0.42 1.14 0.00522173
0.42 1.2 0.00387056
0.42 1.26 0.00282995
0.42 1.32 0.00204093
0.42 1.38 0.00145185
0.42 1.44 0.00101874
0.42 1.5 0.000705095
0.42 1.56 0.000481357
0.42 1.62 0.000324142
0.42 1.68 0.000190968
0.42 1.74 0.0001256
0.48 -1.98 0.000183804
0.48 -1.92 0.000277777
0.48 -1.86 0.000414083
0.48 -1.8 0.000608885
0.48 -1.74 0.000883164
0.48 -1.68 0.00126359
0.48 -1.62 0.0017833
0.48 -1.56 0.00248258
0.48 -1.5 0.00340913
0.48 -1.44 0.00461788
0.48 -1.38 0.00617024
0.48 -1.32 0.00813247
0.48 -1.26 0.0105732
0.48 -1.2 0.0135596
0.48 -1.14 0.0171535
0.48 -1.08 0.0214051
0.48 -1.02 0.0263482
0.48 -0.96 0.0319923
0.48 -0.9 0.0383178
0.48 -0.84 0.0452709
0.48 -0.78 0.0527597
0.48 -0.72 0.0606527
0.48 -0.66 0.0687791
0.48 -0.6 0.0769362
0.48 -0.54 0.0848913
0.48 -0.48 0.0923963
0.48 -0.42 0.0992014
0.48 -0.36 0.10506
0.48 -0.3 0.109755
0.48 -0.24 0.113101
0.48 -0.18 0.114967
0.48 -0.12 0.115275
0.48 -0.06 0.114015
0.48 9.71445e-15 0.111237
0.48 0.06 0.107052
0.48 0.12 0.101624
0.48 0.18 0.0951595
0.48 0.24 0.0878964
0.48 0.3 0.0800833
0.48 0.36 0.0719723
0.48 0.42 0.0638038
0.48 0.48 0.0557931
0.48 0.54 0.0481247
0.48 0.6 0.0409456
0.48 0.66 0.0343634
0.48 0.72 0.0284467
0.48 0.78 0.0232286
0.48 0.84 0.0187092
0.48 0.9 0.0148642
0.48 0.96 0.0116485
0.48 1.02 0.00900418
0.48 1.08 0.00686527
0.48 1.14 0.0051632
0.48 1.2 0.00383016
0.48 1.26 0.00280261
0.48 1.32 0.00202275
0.48 1.38 0.00144
0.48 1.44 0.00101115
0.48 1.5 0.000700344
0.48 1.56 0.000478457
0.48 1.62 0.000291463
0.48 1.68 0.000194368
0.48 1.74 0.000127836
0.54 -1.98 0.000171322
0.54 -1.92 0.000259162
0.54 -1.86 0.000386713
0.54 -1.8 0.000569203
0.54 -1.74 0.000826436
0.54 -1.68 0.00118362
0.54 -1.62 0.00167215
0.54 -1.56 0.00233022
0.54 -1.5 0.0032032
0.54 -1.44 0.00434341
0.54 -1.38 0.00580962
0.54 -1.32 0.00766518
0.54 -1.26 0.00997601
0.54 -1.2 0.0128074
0.54 -1.14 0.016219
0.54 -1.08 0.0202604
0.54 -1.02 0.0249652
0.54 -0.96 0.0303453
0.54 -0.9 0.0363834
0.54 -0.84 0.0430314
0.54 -0.78 0.0502027
0.54 -0.72 0.0577733
0.54 -0.66 0.065583
0.54 -0.6 0.0734374
0.54 -0.54 0.0811157
0.54 -0.48 0.0883792
0.54 -0.42 0.0949849
0.54 -0.36 0.100698
0.54 -0.3 0.105304
0.54 -0.24 0.108624
0.54 -0.18 0.110527
0.54 -0.12 0.110933
0.54 -0.06 0.109828
0.54 9.71445e-15 0.107255
0.54 0.06 0.103318
0.54 0.12 0.0981731
0.54 0.18 0.0920146
0.54 0.24 0.0850696
0.54 0.3 0.0775781
0.54 0.36 0.0697847
0.54 0.42 0.0619192
0.54 0.48 0.0541926
0.54 0.54 0.0467841
0.54 0.6 0.0398384
0.54 0.66 0.0334623
0.54 0.72 0.0277236
0.54 0.78 0.0226561
0.54 0.84 0.0182626
0.54 0.9 0.0145205
0.54 0.96 0.0113878
0.54 1.02 0.00880913
0.54 1.08 0.00672155
0.54 1.14 0.0050587
0.54 1.2 0.00375527
0.54 1.26 0.00274964
0.54 1.32 0.00198587
0.54 1.38 0.00141467
0.54 1.44 0.000994012
0.54 1.5 0.000688901
0.54 1.56 0.000470923
0.54 1.62 0.000292576
0.54 1.68 0.000195111
0.54 1.74 0.000128324
0.6 -1.98 0.000158468
0.6 -1.92 0.000239964
0.6 -1.86 0.000358436
0.6 -1.8 0.000528134
0.6 -1.74 0.000767599
0.6 -1.68 0.0011005
0.6 -1.62 0.00155637
0.6 -1.56 0.00217117
0.6 -1.5 0.00298771
0.6 -1.44 0.00405552
0.6 -1.38 0.00543023
0.6 -1.32 0.0071722
0.6 -1.26 0.0093443
0.6 -1.2 0.012009
0.6 -1.14 0.015224
0.6 -1.08 0.0190376
0.6 -1.02 0.0234832
0.6 -0.96 0.0285735
0.6 -0.9 0.0342949
0.6 -0.84 0.0406027
0.6 -0.78 0.0474181
0.6 -0.72 0.0546246
0.6 -0.66 0.0620712
0.6 -0.6 0.069575
0.6 -0.54 0.0769264
0.6 -0.48 0.0838978
0.6 -0.42 0.0902563
0.6 -0.36 0.0957782
0.6 -0.3 0.100254
0.6 -0.24 0.103514
0.6 -0.18 0.105425
0.6 -0.12 0.105911
0.6 -0.06 0.104951
0.6 9.71445e-15 0.102584
0.6 0.06 0.0989058
0.6 0.12 0.0940622
0.6 0.18 0.0882377
0.6 0.24 0.0816462
0.6 0.3 0.0745178
0.6 0.36 0.0670865
0.6 0.42 0.059573
0.6 0.48 0.0521798
0.6 0.54 0.0450814
0.6 0.6 0.0384177
0.6 0.66 0.0322925
0.6 0.72 0.026774
0.6 0.78 0.0218955
0.6 0.84 0.0176619
0.6 0.9 0.0140524
0.6 0.96 0.011028
0.6 1.02 0.00853638
0.6 1.08 0.00651755
0.6 1.14 0.00490821
0.6 1.2 0.00364579
0.6 1.26 0.00267107
0.6 1.32 0.00193023
0.6 1.38 0.00137579
0.6 1.44 0.000967234
0.6 1.5 0.000670703
0.6 1.56 0.000458719
0.6 1.62 0.000289656
0.6 1.68 0.000193162
0.6 1.74 0.000127043
0.6 1.8 8.24079e-05
0.66 -1.98 0.0001455
0.66 -1.92 0.000220558
0.66 -1.86 0.000329798
0.66 -1.8 0.000486453
0.66 -1.74 0.000707765
0.66 -1.68 0.00101579
0.66 -1.62 0.00143809
0.66 -1.56 0.00200829
0.66 -1.5 0.00276648
0.66 -1.44 0.00375919
0.66 -1.38 0.0050387
0.66 -1.32 0.00666199
0.66 -1.26 0.00868864
0.66 -1.2 0.0111779
0.66 -1.14 0.0141849
0.66 -1.08 0.0177564
0.66 -1.02 0.0219249
0.66 -0.96 0.0267042
0.66 -0.9 0.0320832
0.66 -0.84 0.0380219
0.66 -0.78 0.044447
0.66 -0.72 0.0512514
0.66 -0.66 0.0582939
0.66 -0.6 0.0654028
0.66 -0.54 0.0723807
0.66 -0.48 0.0790129
0.66 -0.42 0.0850785
0.66 -0.36 0.0903641
0.66 -0.3 0.0946706
0.66 -0.24 0.0978335
0.66 -0.18 0.0997243
0.66 -0.12 0.100268
0.66 -0.06 0.0994413
0.66 9.71445e-15 0.0972784
0.66 0.06 0.0938654
0.66 0.12 0.0893379
0.66 0.18 0.0838704
0.66 0.24 0.0776635
0.66 0.3 0.0709356
0.66 0.36 0.0639072
0.66 0.42 0.05679
0.66 0.48 0.0497766
0.66 0.54 0.0430344
0.66 0.6 0.0366976
0.66 0.66 0.0308665
0.66 0.72 0.0256079
0.66 0.78 0.0209549
0.66 0.84 0.0169134
0.66 0.9 0.0134647
0.66 0.96 0.0105728
0.66 1.02 0.00818869
0.66 1.08 0.00625548
0.66 1.14 0.00471336
0.66 1.2 0.00350289
0.66 1.26 0.00256767
0.66 1.32 0.00185642
0.66 1.38 0.00132382
0.66 1.44 0.000931121
0.66 1.5 0.000645955
0.66 1.56 0.000441989
0.66 1.62 0.000282822
0.66 1.68 0.000188605
0.66 1.74 0.000124047
0.66 1.8 8.04641e-05
0.72 -1.92 0.000201251
0.72 -1.86 0.000301246
0.72 -1.8 0.000444804
0.72 -1.74 0.000647847
0.72 -1.68 0.000930766
0.72 -1.62 0.00131908
0.72 -1.56 0.001844
0.72 -1.5 0.00254277
0.72 -1.44 0.00345871
0.72 -1.38 0.00464063
0.72 -1.32 0.00614186
0.72 -1.26 0.00801822
0.72 -1.2 0.0103255
0.72 -1.14 0.013116
0.72 -1.08 0.0164342
0.72 -1.02 0.0203116
0.72 -0.96 0.0247626
0.72 -0.9 0.0297782
0.72 -0.84 0.0353225
0.72 -0.78 0.0413288
0.72 -0.72 0.0476985
0.72 -0.66 0.0543003
0.72 -0.6 0.060975
0.72 -0.54 0.0675378
0.72 -0.48 0.073788
0.72 -0.42 0.0795178
0.72 -0.36 0.0845265
0.72 -0.3 0.0886251
0.72 -0.24 0.0916572
0.72 -0.18 0.0935001
0.72 -0.12 0.0940809
0.72 -0.06 0.0933732
0.72 9.71445e-15 0.0914081
0.72 0.06 0.0882632
0.72 0.12 0.0840642
0.72 0.18 0.0789725
0.72 0.24 0.0731765
0.72 0.3 0.0668801
0.72 0.36 0.0602914
0.72 0.42 0.05361
0.72 0.48 0.0470175
0.72 0.54 0.0406729
0.72 0.6 0.0347035
0.72 0.66 0.0292056
0.72 0.72 0.0242431
0.72 0.78 0.0198485
0.72 0.84 0.0160287
0.72 0.9 0.0127669
0.72 0.96 0.0100298
0.72 1.02 0.00777178
0.72 1.08 0.00593974
0.72 1.14 0.00447747
0.72 1.2 0.00332903
0.72 1.26 0.00244127
0.72 1.32 0.00176577
0.72 1.38 0.00125968
0.72 1.44 0.000886348
0.72 1.5 0.000615129
0.72 1.56 0.000402793
0.72 1.62 0.000272355
0.72 1.68 0.000181624
0.72 1.74 0.000119455
0.72 1.8 7.74859e-05
0.78 -1.92 0.000182287
0.78 -1.86 0.000273136
0.78 -1.8 0.000403708
0.78 -1.74 0.000588587
0.78 -1.68 0.000846478
0.78 -1.62 0.00120081
0.78 -1.56 0.0016803
0.78 -1.5 0.00231931
0.78 -1.44 0.00315776
0.78 -1.38 0.0042409
0.78 -1.32 0.0056181
0.78 -1.26 0.00734124
0.78 -1.2 0.00946242
0.78 -1.14 0.0120304
0.78 -1.08 0.0150873
0.78 -1.02 0.0186633
0.78 -0.96 0.0227729
0.78 -0.9 0.0274084
0.78 -0.84 0.0325388
0.78 -0.78 0.0381032
0.78 -0.72 0.0440113
0.78 -0.66 0.0501423
0.78 -0.6 0.0563496
0.78 -0.54 0.0624621
0.78 -0.48 0.0682931
0.78 -0.42 0.0736503
0.78 -0.36 0.0783454
0.78 -0.3 0.0822023
0.78 -0.24 0.0850723
0.78 -0.18 0.0868416
0.78 -0.12 0.0874381
0.78 -0.06 0.0868365
0.78 9.71445e-15 0.0850616
0.78 0.06 0.0821853
0.78 0.12 0.0783228
0.78 0.18 0.0736213
0.78 0.24 0.0682572
0.78 0.3 0.0624183
0.78 0.36 0.0562998
0.78 0.42 0.0500871
0.78 0.48 0.0439503
0.78 0.54 0.0380385
0.78 0.6 0.0324715
0.78 0.66 0.0273404
0.78 0.72 0.0227052
0.78 0.78 0.0185978
0.78 0.84 0.0150251
0.78 0.9 0.0119726
0.78 0.96 0.00940966
0.78 1.02 0.00729417
0.78 1.08 0.00557688
0.78 1.14 0.0042055
0.78 1.2 0.00312796
0.78 1.26 0.00229463
0.78 1.32 0.00166027
0.78 1.38 0.00118482
0.78 1.44 0.000833944
0.78 1.5 0.000578942
0.78 1.56 0.000382552
0.78 1.62 0.00025867
0.78 1.68 0.000172498
0.78 1.74 0.000113452
0.78 1.8 7.35924e-05
0.84 -1.92 0.000163855
0.84 -1.86 0.000245759
0.84 -1.8 0.000363591
0.84 -1.74 0.000530602
0.84 -1.68 0.000763792
0.84 -1.62 0.00108452
0.84 -1.56 0.00151896
0.84 -1.5 0.00209849
0.84 -1.44 0.00285966
0.84 -1.38 0.00384387
0.84 -1.32 0.00509654
0.84 -1.26 0.00666533
0.84 -1.2 0.00859837
0.84 -1.14 0.0109409
0.84 -1.08 0.0137318
0.84 -1.02 0.017
0.84 -0.96 0.0207592
0.84 -0.9 0.025004
0.84 -0.84 0.0297062
0.84 -0.78 0.0348118
0.84 -0.72 0.040238
0.84 -0.66 0.0458759
0.84 -0.6 0.0515897
0.84 -0.54 0.0572241
0.84 -0.48 0.0626069
0.84 -0.42 0.067562
0.84 -0.36 0.0719131
0.84 -0.3 0.0754998
0.84 -0.24 0.0781817
0.84 -0.18 0.0798538
0.84 -0.12 0.0804477
0.84 -0.06 0.0799383
0.84 9.71445e-15 0.0783463
0.84 0.06 0.0757377
0.84 0.12 0.0722145
0.84 0.18 0.0679133
0.84 0.24 0.0629955
0.84 0.3 0.0576342
0.84 0.36 0.0520082
0.84 0.42 0.0462892
0.84 0.48 0.0406357
0.84 0.54 0.0351841
0.84 0.6 0.0300476
0.84 0.66 0.0253096
0.84 0.72 0.0210266
0.84 0.78 0.0172294
0.84 0.84 0.0139245
0.84 0.9 0.0110995
0.84 0.96 0.00872653
0.84 1.02 0.00676683
0.84 1.08 0.00517538
0.84 1.14 0.00390395
0.84 1.2 0.0029045
0.84 1.26 0.00213136
0.84 1.32 0.00154256
0.84 1.38 0.00110113
0.84 1.44 0.000775245
0.84 1.5 0.000538327
0.84 1.56 0.000358334
0.84 1.62 0.000242294
0.84 1.68 0.000161578
0.84 1.74 0.00010627
0.84 1.8 6.89338e-05
0.9 -1.86 0.000219345
0.9 -1.8 0.000324797
0.9 -1.74 0.000474403
0.9 -1.68 0.000683481
0.9 -1.62 0.000971295
0.9 -1.56 0.00136151
0.9 -1.5 0.00188249
0.9 -1.44 0.0025674
0.9 -1.38 0.00345375
0.9 -1.32 0.00458273
0.9 -1.26 0.00599791
0.9 -1.2 0.00774308
0.9 -1.14 0.00985978
0.9 -1.08 0.0123838
0.9 -1.02 0.0153418
0.9 -0.96 0.0187469
0.9 -0.9 0.0225955
0.9 -0.84 0.0268623
0.9 -0.78 0.0314986
0.9 -0.72 0.0364312
0.9 -0.66 0.041561
0.9 -0.6 0.0467651
0.9 -0.54 0.051902
0.9 -0.48 0.056817
0.9 -0.42 0.061347
0.9 -0.36 0.0653329
0.9 -0.3 0.0686264
0.9 -0.24 0.0711016
0.9 -0.18 0.0726583
0.9 -0.12 0.073233
0.9 -0.06 0.072804
0.9 9.71445e-15 0.071387
0.9 0.06 0.0690395
0.9 0.12 0.0658553
0.9 0.18 0.0619596
0.9 0.24 0.0574957
0.9 0.3 0.0526241
0.9 0.36 0.0475054
0.9 0.42 0.0422971
0.9 0.48 0.0371447
0.9 0.54 0.0321729
0.9 0.6 0.0274849
0.9 0.66 0.0231584
0.9 0.72 0.0192458
0.9 0.78 0.015775
0.9 0.84 0.012753
0.9 0.9 0.0101686
0.9 0.96 0.00799683
0.9 1.02 0.00620272
0.9 1.08 0.00474517
0.9 1.14 0.00358038
0.9 1.2 0.00266447
0.9 1.26 0.00195567
0.9 1.32 0.00141574
0.9 1.38 0.00101083
0.9 1.44 0.000711824
0.9 1.5 0.000482851
0.9 1.56 0.000331038
0.9 1.62 0.000223834
0.9 1.68 0.00014927
0.9 1.74 9.81755e-05
0.9 1.8 6.36825e-05
0.96 -1.86 0.000194096
0.96 -1.8 0.00028764
0.96 -1.74 0.000420457
0.96 -1.68 0.000606231
0.96 -1.62 0.000862166
0.96 -1.56 0.00120942
0.96 -1.5 0.00167343
0.96 -1.44 0.00228385
0.96 -1.38 0.00307444
0.96 -1.32 0.00408224
0.96 -1.26 0.00534642
0.96 -1.2 0.0069065
0.96 -1.14 0.0088
0.96 -1.08 0.0110596
0.96 -1.02 0.0137095
0.96 -0.96 0.0167624
0.96 -0.9 0.0202149
0.96 -0.84 0.0240456
0.96 -0.78 0.0282113
0.96 -0.72 0.0326466
0.96 -0.66 0.0372623
0.96 -0.6 0.0419498
0.96 -0.54 0.0465808
0.96 -0.48 0.0510155
0.96 -0.42 0.0551086
0.96 -0.36 0.0587159
0.96 -0.3 0.0617035
0.96 -0.24 0.0639553
0.96 -0.18 0.0653824
0.96 -0.12 0.0659273
0.96 -0.06 0.0655657
0.96 9.71445e-15 0.0643141
0.96 0.06 0.0622228
0.96 0.12 0.0593752
0.96 0.18 0.0558814
0.96 0.24 0.0518736
0.96 0.3 0.047493
0.96 0.36 0.0428865
0.96 0.42 0.0381971
0.96 0.48 0.0335536
0.96 0.54 0.0290711
0.96 0.6 0.0248421
0.96 0.66 0.0209374
0.96 0.72 0.0174045
0.96 0.78 0.0142695
0.96 0.84 0.0115387
0.96 0.9 0.00920262
0.96 0.96 0.00723881
0.96 1.02 0.00561605
0.96 1.08 0.00429727
0.96 1.14 0.00324309
0.96 1.2 0.00241394
0.96 1.26 0.00177214
0.96 1.32 0.00128312
0.96 1.38 0.000916303
0.96 1.44 0.000645366
0.96 1.5 0.000439939
0.96 1.56 0.000301617
0.96 1.62 0.000203943
0.96 1.68 0.000136002
0.96 1.74 8.94492e-05
0.96 1.8 5.80227e-05
1.02 -1.86 0.000170193
1.02 -1.8 0.000252393
1.02 -1.74 0.000369192
1.02 -1.68 0.000532666
1.02 -1.62 0.000758041
1.02 -1.56 0.00106406
1.02 -1.5 0.0014732
1.02 -1.44 0.00201185
1.02 -1.38 0.00270991
1.02 -1.32 0.0036003
1.02 -1.26 0.00471789
1.02 -1.2 0.00609798
1.02 -1.14 0.00777409
1.02 -1.08 0.00977541
1.02 -1.02 0.0121239
1.02 -0.96 0.0148309
1.02 -0.9 0.0178946
1.02 -0.84 0.0212958
1.02 -0.78 0.0249965
1.02 -0.72 0.028939
1.02 -0.66 0.0330455
1.02 -0.6 0.0372178
1.02 -0.54 0.0413437
1.02 -0.48 0.0452986
1.02 -0.42 0.0489519
1.02 -0.36 0.0521759
1.02 -0.3 0.0548503
1.02 -0.24 0.0568728
1.02 -0.18 0.0581625
1.02 -0.12 0.058666
1.02 -0.06 0.0583641
1.02 9.71445e-15 0.0572677
1.02 0.06 0.0554218
1.02 0.12 0.0529008
1.02 0.18 0.049803
1.02 0.24 0.0462432
1.02 0.3 0.0423502
1.02 0.36 0.038253
1.02 0.42 0.0340782
1.02 0.48 0.0299432
1.02 0.54 0.0259489
1.02 0.6 0.0221792
1.02 0.66 0.0186971
1.02 0.72 0.0155457
1.02 0.78 0.012748
1.02 0.84 0.0103105
1.02 0.9 0.00822465
1.02 0.96 0.00647077
1.02 1.02 0.00502103
1.02 1.08 0.00384269
1.02 1.14 0.00290053
1.02 1.2 0.00215932
1.02 1.26 0.00158545
1.02 1.32 0.00114813
1.02 1.38 0.000820027
1.02 1.44 0.00057765
1.02 1.5 0.000395328
1.02 1.56 0.000271032
1.02 1.62 0.000183262
1.02 1.68 0.000122212
1.02 1.74 8.03794e-05
1.02 1.8 5.21388e-05
1.08 -1.8 0.000219306
1.08 -1.74 0.000320981
1.08 -1.68 0.000463382
1.08 -1.62 0.000659817
1.08 -1.56 0.000926694
1.08 -1.5 0.00128372
1.08 -1.44 0.001754
1.08 -1.38 0.00236376
1.08 -1.32 0.00314203
1.08 -1.26 0.00411939
1.08 -1.2 0.00532692
1.08 -1.14 0.00679412
1.08 -1.08 0.008547
1.08 -1.02 0.0106051
1.08 -0.96 0.0129785
1.08 -0.9 0.0156659
1.08 -0.84 0.0186506
1.08 -0.78 0.0219005
1.08 -0.72 0.0253645
1.08 -0.66 0.0289739
1.08 -0.6 0.0326439
1.08 -0.54 0.0362751
1.08 -0.48 0.0397579
1.08 -0.42 0.0429786
1.08 -0.36 0.0458231
1.08 -0.3 0.0481873
1.08 -0.24 0.0499786
1.08 -0.18 0.0511257
1.08 -0.12 0.0515831
1.08 -0.06 0.0513308
1.08 9.71445e-15 0.05038
1.08 0.06 0.0487691
1.08 0.12 0.046562
1.08 0.18 0.0438453
1.08 0.24 0.040721
1.08 0.3 0.0373007
1.08 0.36 0.033699
1.08 0.42 0.0300276
1.08 0.48 0.026389
1.08 0.54 0.0228735
1.08 0.6 0.0195543
1.08 0.66 0.0164873
1.08 0.72 0.0137106
1.08 0.78 0.0112452
1.08 0.84 0.00909649
1.08 0.9 0.00725734
1.08 0.96 0.00571064
1.08 1.02 0.0044319
1.08 1.08 0.00339228
1.08 1.14 0.00256086
1.08 1.2 0.00190672
1.08 1.26 0.00140018
1.08 1.32 0.00101408
1.08 1.38 0.000724372
1.08 1.44 0.000504006
1.08 1.5 0.000350356
1.08 1.56 0.0002402
1.08 1.62 0.000162415
1.08 1.68 0.000108309
1.08 1.74 7.12357e-05
1.08 1.8 4.62083e-05
1.14 -1.8 0.000188588
1.14 -1.74 0.000276165
1.14 -1.68 0.000398883
1.14 -1.62 0.00056825
1.14 -1.56 0.000798456
1.14 -1.5 0.00110659
1.14 -1.44 0.00151264
1.14 -1.38 0.00203941
1.14 -1.32 0.00271199
1.14 -1.26 0.00355706
1.14 -1.2 0.00460153
1.14 -1.14 0.00587128
1.14 -1.08 0.00738879
1.14 -1.02 0.00917122
1.14 -0.96 0.0112278
1.14 -0.9 0.0135572
1.14 -0.84 0.0161457
1.14 -0.78 0.018965
1.14 -0.72 0.0219715
1.14 -0.66 0.0251057
1.14 -0.6 0.0282941
1.14 -0.54 0.0314502
1.14 -0.48 0.034479
1.14 -0.42 0.037282
1.14 -0.36 0.0397599
1.14 -0.3 0.0418217
1.14 -0.24 0.0433868
1.14 -0.18 0.0443932
1.14 -0.12 0.0448005
1.14 -0.06 0.0445912
1.14 9.71445e-15 0.0437743
1.14 0.06 0.0423832
1.14 0.12 0.0404732
1.14 0.18 0.0381188
1.14 0.24 0.0354095
1.14 0.3 0.0324411
1.14 0.36 0.0293135
1.14 0.42 0.0261244
1.14 0.48 0.0229626
1.14 0.54 0.0199066
1.14 0.6 0.0170204
1.14 0.66 0.014353
1.14 0.72 0.0119374
1.14 0.78 0.00979218
1.14 0.84 0.00792213
1.14 0.9 0.00632133
1.14 0.96 0.00497468
1.14 1.02 0.00386121
1.14 1.08 0.00295577
1.14 1.14 0.00223163
1.14 1.2 0.00166174
1.14 1.26 0.00122041
1.14 1.32 0.000883973
1.14 1.38 0.000631494
1.14 1.44 0.000440533
1.14 1.5 0.000306235
1.14 1.56 0.000209952
1.14 1.62 0.000141962
1.14 1.68 9.46699e-05
1.14 1.74 6.22645e-05
1.14 1.8 4.0389e-05
1.2 -1.74 0.000235013
1.2 -1.68 0.000339586
1.2 -1.62 0.000483971
1.2 -1.56 0.0006803
1.2 -1.5 0.0009432
1.2 -1.44 0.00128977
1.2 -1.38 0.00173957
1.2 -1.32 0.00231408
1.2 -1.26 0.00303616
1.2 -1.2 0.003929
1.2 -1.14 0.00501476
1.2 -1.08 0.00631283
1.2 -1.02 0.007838
1.2 -0.96 0.00959842
1.2 -0.9 0.011593
1.2 -0.84 0.0138104
1.2 -0.78 0.0162262
1.2 -0.72 0.0188032
1.2 -0.66 0.0214909
1.2 -0.6 0.0242259
1.2 -0.54 0.0269344
1.2 -0.48 0.0295353
1.2 -0.42 0.0319432
1.2 -0.36 0.0340736
1.2 -0.3 0.0358473
1.2 -0.24 0.0371962
1.2 -0.18 0.0380667
1.2 -0.12 0.0384227
1.2 -0.06 0.0382503
1.2 9.71445e-15 0.0375559
1.2 0.06 0.0363681
1.2 0.12 0.0347349
1.2 0.18 0.0327194
1.2 0.24 0.0303984
1.2 0.3 0.0278542
1.2 0.36 0.0251725
1.2 0.42 0.0224368
1.2 0.48 0.019724
1.2 0.54 0.0171011
1.2 0.6 0.0146233
1.2 0.66 0.0123331
1.2 0.72 0.0102587
1.2 0.78 0.00841603
1.2 0.84 0.00680951
1.2 0.9 0.0054341
1.2 0.96 0.0042769
1.2 1.02 0.0033199
1.2 1.08 0.00254166
1.2 1.14 0.00191913
1.2 1.2 0.00142917
1.2 1.26 0.00104968
1.2 1.32 0.000760377
1.2 1.38 0.000538803
1.2 1.44 0.000379764
1.2 1.5 0.00026399
1.2 1.56 0.00018099
1.2 1.62 0.000122378
1.2 1.68 8.16106e-05
1.2 1.74 5.36753e-05
1.2 1.8 3.48172e-05
1.26 -1.74 0.000197719
1.26 -1.68 0.000285796
1.26 -1.62 0.000407448
1.26 -1.56 0.000572921
1.26 -1.5 0.000794577
1.26 -1.44 0.00108688
1.26 -1.38 0.00146635
1.26 -1.32 0.00195119
1.26 -1.26 0.00256075
1.26 -1.2 0.00331469
1.26 -1.14 0.0042318
1.26 -1.08 0.00532854
1.26 -1.02 0.00661754
1.26 -0.96 0.00810576
1.26 -0.9 0.00979244
1.26 -0.84 0.011668
1.26 -0.78 0.0137121
1.26 -0.72 0.0158931
1.26 -0.66 0.0181685
1.26 -0.6 0.0204847
1.26 -0.54 0.0227793
1.26 -0.48 0.0249835
1.26 -0.42 0.0270251
1.26 -0.36 0.0288323
1.26 -0.3 0.0303383
1.26 -0.24 0.0314848
1.26 -0.18 0.0322266
1.26 -0.12 0.0325328
1.26 -0.06 0.0323916
1.26 9.71445e-15 0.0318079
1.26 0.06 0.0308061
1.26 0.12 0.0294265
1.26 0.18 0.0277225
1.26 0.24 0.0257591
1.26 0.3 0.0236059
1.26 0.36 0.0213357
1.26 0.42 0.019019
1.26 0.48 0.0167213
1.26 0.54 0.0144991
1.26 0.6 0.0123996
1.26 0.66 0.0104586
1.26 0.72 0.00870029
1.26 0.78 0.00713818
1.26 0.84 0.00577605
1.26 0.9 0.00460977
1.26 0.96 0.00362841
1.26 1.02 0.00281673
1.26 1.08 0.0021566
1.26 1.14 0.0016285
1.26 1.2 0.00121282
1.26 1.26 0.00089084
1.26 1.32 0.000645354
1.26 1.38 0.000458091
1.26 1.44 0.000322876
1.26 1.5 0.000224445
1.26 1.56 0.000153878
1.26 1.62 0.000104046
1.26 1.68 6.93855e-05
1.26 1.74 4.56348e-05
1.26 1.8 2.96016e-05
1.32 -1.68 0.00023768
1.32 -1.62 0.000338944
1.32 -1.56 0.000476727
1.32 -1.5 0.000661337
1.32 -1.44 0.000904853
1.32 -1.38 0.00122107
1.32 -1.32 0.00162519
1.32 -1.26 0.0021334
1.32 -1.2 0.00276212
1.32 -1.14 0.0035271
1.32 -1.08 0.00444213
1.32 -1.02 0.00551784
1.32 -0.96 0.00676004
1.32 -0.9 0.00816826
1.32 -0.84 0.00973446
1.32 -0.78 0.0114418
1.32 -0.72 0.013264
1.32 -0.66 0.0151655
1.32 -0.6 0.0171016
1.32 -0.54 0.01902
1.32 -0.48 0.0208635
1.32 -0.42 0.0225718
1.32 -0.36 0.0240845
1.32 -0.3 0.0253459
1.32 -0.24 0.0263073
1.32 -0.18 0.0269302
1.32 -0.12 0.0271894
1.32 -0.06 0.0270745
1.32 9.71445e-15 0.0265897
1.32 0.06 0.0257551
1.32 0.12 0.0246042
1.32 0.18 0.0231818
1.32 0.24 0.0215421
1.32 0.3 0.0197433
1.32 0.36 0.0178461
1.32 0.42 0.0159097
1.32 0.48 0.0139888
1.32 0.54 0.0121307
1.32 0.6 0.010375
1.32 0.66 0.00875167
1.32 0.72 0.00728081
1.32 0.78 0.00597401
1.32 0.84 0.00483435
1.32 0.9 0.00385847
1.32 0.96 0.00303725
1.32 1.02 0.00235796
1.32 1.08 0.00180545
1.32 1.14 0.00136342
1.32 1.2 0.00101545
1.32 1.26 0.000745916
1.32 1.32 0.000537484
1.32 1.38 0.000384117
1.32 1.44 0.000270736
1.32 1.5 0.0001882
1.32 1.56 0.000129029
1.32 1.62 8.72439e-05
1.32 1.68 5.81806e-05
1.32 1.74 3.82654e-05
1.32 1.8 2.48215e-05
1.38 -1.68 0.000195258
1.38 -1.62 0.00027851
1.38 -1.56 0.000391817
1.38 -1.5 0.000543657
1.38 -1.44 0.000743999
1.38 -1.38 0.00100419
1.38 -1.32 0.00133679
1.38 -1.26 0.00175515
1.38 -1.2 0.0022728
1.38 -1.14 0.00290277
1.38 -1.08 0.00365647
1.38 -1.02 0.00454268
1.38 -0.96 0.00556619
1.38 -0.9 0.00672678
1.38 -0.84 0.00801769
1.38 -0.78 0.00942523
1.38 -0.72 0.0109279
1.38 -0.66 0.0124961
1.38 -0.6 0.0140932
1.38 -0.54 0.0156761
1.38 -0.48 0.0171975
1.38 -0.42 0.0186078
1.38 -0.36 0.0198569
1.38 -0.3 0.0208993
1.38 -0.24 0.0216944
1.38 -0.18 0.0222103
1.38 -0.12 0.0224262
1.38 -0.06 0.0223334
1.38 9.71445e-15 0.0219357
1.38 0.06 0.021249
1.38 0.12 0.020301
1.38 0.18 0.0191291
1.38 0.24 0.0177773
1.38 0.3 0.0162942
1.38 0.36 0.0147295
1.38 0.42 0.0131322
1.38 0.48 0.0115474
1.38 0.54 0.0100143
1.38 0.6 0.00856549
1.38 0.66 0.00722559
1.38 0.72 0.00601158
1.38 0.78 0.00493287
1.38 0.84 0.00399211
1.38 0.9 0.00318636
1.38 0.96 0.00250831
1.38 1.02 0.00194743
1.38 1.08 0.00149118
1.38 1.14 0.00112614
1.38 1.2 0.00083878
1.38 1.26 0.000613423
1.38 1.32 0.000444492
1.38 1.38 0.000317661
1.38 1.44 0.000223897
1.38 1.5 0.000155638
1.38 1.56 0.000106705
1.38 1.62 7.21493e-05
1.38 1.68 4.81145e-05
1.38 1.74 3.16453e-05
1.44 -1.62 0.000225992
1.44 -1.56 0.000317988
1.44 -1.5 0.000441292
1.44 -1.44 0.000604012
1.44 -1.38 0.000815382
1.44 -1.32 0.00108561
1.44 -1.26 0.00142558
1.44 -1.2 0.0018463
1.44 -1.14 0.00235838
1.44 -1.08 0.00297116
1.44 -1.02 0.00369173
1.44 -0.96 0.00452411
1.44 -0.9 0.00546806
1.44 -0.84 0.00651823
1.44 -0.78 0.00766336
1.44 -0.72 0.00888604
1.44 -0.66 0.0101622
1.44 -0.6 0.0114623
1.44 -0.54 0.0127512
1.44 -0.48 0.0139902
1.44 -0.42 0.0151386
1.44 -0.36 0.0161565
1.44 -0.3 0.0170059
1.44 -0.24 0.0176544
1.44 -0.18 0.0180756
1.44 -0.12 0.018253
1.44 -0.06 0.0181787
1.44 9.71445e-15 0.0178562
1.44 0.06 0.0172984
1.44 0.12 0.0165279
1.44 0.18 0.0155749
1.44 0.24 0.0144751
1.44 0.3 0.0132681
1.44 0.36 0.0119948
1.44 0.42 0.0106948
1.44 0.48 0.00940449
1.44 0.54 0.00815642
1.44 0.6 0.00697672
1.44 0.66 0.00588563
1.44 0.72 0.00489703
1.44 0.78 0.00401845
1.44 0.84 0.00325225
1.44 0.9 0.00259594
1.44 0.96 0.00204359
1.44 1.02 0.00158669
1.44 1.08 0.001215
1.44 1.14 0.000917606
1.44 1.2 0.000683484
1.44 1.26 0.000500319
1.44 1.32 0.00036254
1.44 1.38 0.000259089
1.44 1.44 0.000182614
1.44 1.5 0.000126944
1.44 1.56 8.70309e-05
1.44 1.62 5.88472e-05
1.44 1.68 3.92433e-05
1.44 1.74 2.58106e-05
1.5 -1.56 0.000254771
1.5 -1.5 0.000353615
1.5 -1.44 0.000484064
1.5 -1.38 0.000653549
1.5 -1.32 0.000870266
1.5 -1.26 0.00114292
1.5 -1.2 0.00148042
1.5 -1.14 0.00189122
1.5 -1.08 0.00238284
1.5 -1.02 0.00296107
1.5 -0.96 0.00362909
1.5 -0.9 0.0043867
1.5 -0.84 0.0052297
1.5 -0.78 0.00614913
1.5 -0.72 0.00713081
1.5 -0.66 0.00815573
1.5 -0.6 0.00919973
1.5 -0.54 0.010235
1.5 -0.48 0.0112303
1.5 -0.42 0.0121532
1.5 -0.36 0.0129712
1.5 -0.3 0.0136542
1.5 -0.24 0.0141756
1.5 -0.18 0.0145149
1.5 -0.12 0.0146581
1.5 -0.06 0.0145995
1.5 9.71445e-15 0.0143411
1.5 0.06 0.0138941
1.5 0.12 0.013276
1.5 0.18 0.0125109
1.5 0.24 0.0116282
1.5 0.3 0.0106591
1.5 0.36 0.00963661
1.5 0.42 0.00859249
1.5 0.48 0.00755627
1.5 0.54 0.00655362
1.5 0.6 0.00560605
1.5 0.66 0.00472956
1.5 0.72 0.00393525
1.5 0.78 0.00322938
1.5 0.84 0.00261366
1.5 0.9 0.0020863
1.5 0.96 0.00164248
1.5 1.02 0.00127528
1.5 1.08 0.000976581
1.5 1.14 0.000737559
1.5 1.2 0.000547775
1.5 1.26 0.000402461
1.5 1.32 0.000291628
1.5 1.38 0.000208414
1.5 1.44 0.000146897
1.5 1.5 0.000102115
1.5 1.56 7.00084e-05
1.5 1.62 4.73374e-05
1.5 1.68 3.15678e-05
1.5 1.74 2.0762e-05
1.56 -1.56 0.000201479
1.56 -1.5 0.000279676
1.56 -1.44 0.000382896
1.56 -1.38 0.000517012
1.56 -1.32 0.00068851
1.56 -1.26 0.000904322
1.56 -1.2 0.00117145
1.56 -1.14 0.00149668
1.56 -1.08 0.00188593
1.56 -1.02 0.00234376
1.56 -0.96 0.00287274
1.56 -0.9 0.00347276
1.56 -0.84 0.00414044
1.56 -0.78 0.00486863
1.56 -0.72 0.00564632
1.56 -0.66 0.00645828
1.56 -0.6 0.00728556
1.56 -0.54 0.00810591
1.56 -0.48 0.00889472
1.56 -0.42 0.00962619
1.56 -0.36 0.0102748
1.56 -0.3 0.0108163
1.56 -0.24 0.0112302
1.56 -0.18 0.0114995
1.56 -0.12 0.0116136
1.56 -0.06 0.0115676
1.56 9.71445e-15 0.0113636
1.56 0.06 0.0110097
1.56 0.12 0.0105203
1.56 0.18 0.00991458
1.56 0.24 0.00921531
1.56 0.3 0.00844772
1.56 0.36 0.00763763
1.56 0.42 0.00681037
1.56 0.48 0.00598924
1.56 0.54 0.00519478
1.56 0.6 0.00444374
1.56 0.66 0.00374903
1.56 0.72 0.00311953
1.56 0.78 0.00256002
1.56 0.84 0.00207203
1.56 0.9 0.001654
1.56 0.96 0.00130215
1.56 1.02 0.00101107
1.56 1.08 0.000774263
1.56 1.14 0.000583371
1.56 1.2 0.000434586
1.56 1.26 0.000319295
1.56 1.32 0.000231367
1.56 1.38 0.000165346
1.56 1.44 0.000116542
1.56 1.5 8.10129e-05
1.56 1.56 5.55417e-05
1.56 1.62 3.75551e-05
1.56 1.68 2.50445e-05
1.56 1.74 1.64719e-05
1.62 -1.5 0.000218293
1.62 -1.44 0.000298882
1.62 -1.38 0.000403603
1.62 -1.32 0.000537537
1.62 -1.26 0.000706073
1.62 -1.2 0.000914728
1.62 -1.14 0.00116875
1.62 -1.08 0.0014728
1.62 -1.02 0.00183048
1.62 -0.96 0.00224376
1.62 -0.9 0.00271257
1.62 -0.84 0.00323428
1.62 -0.78 0.00380341
1.62 -0.72 0.00441118
1.62 -0.66 0.00504583
1.62 -0.6 0.00569242
1.62 -0.54 0.00633372
1.62 -0.48 0.00695043
1.62 -0.42 0.00752245
1.62 -0.36 0.00802956
1.62 -0.3 0.00845324
1.62 -0.24 0.00877687
1.62 -0.18 0.0089878
1.62 -0.12 0.00907724
1.62 -0.06 0.00904171
1.62 9.71445e-15 0.00888251
1.62 0.06 0.00860627
1.62 0.12 0.008224
1.62 0.18 0.00775074
1.62 0.24 0.00720431
1.62 0.3 0.00660443
1.62 0.36 0.0059713
1.62 0.42 0.00532463
1.62 0.48 0.00468279
1.62 0.54 0.00406169
1.62 0.6 0.00347462
1.62 0.66 0.00293153
1.62 0.72 0.00243931
1.62 0.78 0.00200188
1.62 0.84 0.00162029
1.62 0.9 0.00129341
1.62 0.96 0.00101831
1.62 1.02 0.000790689
1.62 1.08 0.000604313
1.62 1.14 0.000456456
1.62 1.2 0.000340037
1.62 1.26 0.000249831
1.62 1.32 0.00018103
1.62 1.38 0.000129375
1.62 1.44 9.11878e-05
1.62 1.5 6.33881e-05
1.62 1.56 4.34581e-05
1.62 1.62 2.9385e-05
1.62 1.68 1.95959e-05
1.62 1.74 1.28883e-05
1.68 -1.44 0.000230208
1.68 -1.38 0.000310889
1.68 -1.32 0.000414082
1.68 -1.26 0.00054395
1.68 -1.2 0.00070473
1.68 -1.14 0.000900489
1.68 -1.08 0.00113483
1.68 -1.02 0.0014105
1.68 -0.96 0.00172905
1.68 -0.9 0.00209042
1.68 -0.84 0.0024926
1.68 -0.78 0.00293133
1.68 -0.72 0.00339992
1.68 -0.66 0.0038892
1.68 -0.6 0.00438783
1.68 -0.54 0.00488235
1.68 -0.48 0.00535791
1.68 -0.42 0.00579906
1.68 -0.36 0.00619028
1.68 -0.3 0.00651712
1.68 -0.24 0.00676687
1.68 -0.18 0.00692965
1.68 -0.12 0.00699895
1.68 -0.06 0.00697168
1.68 9.71445e-15 0.00684915
1.68 0.06 0.00663636
1.68 0.12 0.00634179
1.68 0.18 0.00597694
1.68 0.24 0.00555577
1.68 0.3 0.00509324
1.68 0.36 0.00460504
1.68 0.42 0.00410649
1.68 0.48 0.00361153
1.68 0.54 0.00313262
1.68 0.6 0.00267986
1.68 0.66 0.00226104
1.68 0.72 0.00188145
1.68 0.78 0.00154408
1.68 0.84 0.00124977
1.68 0.9 0.000997674
1.68 0.96 0.000785477
1.68 1.02 0.000608914
1.68 1.08 0.000466344
1.68 1.14 0.000352245
1.68 1.2 0.000262406
1.68 1.26 0.000192794
1.68 1.32 0.000139701
1.68 1.38 9.98381e-05
1.68 1.44 7.03681e-05
1.68 1.5 4.89166e-05
1.68 1.56 3.35366e-05
1.68 1.62 2.26763e-05
1.68 1.68 1.5122e-05
1.74 -1.38 0.000236269
1.74 -1.32 0.000314706
1.74 -1.26 0.00041343
1.74 -1.2 0.000535654
1.74 -1.14 0.000684488
1.74 -1.08 0.000862652
1.74 -1.02 0.00107224
1.74 -0.96 0.00131447
1.74 -0.9 0.00158925
1.74 -0.84 0.0018951
1.74 -0.78 0.00222872
1.74 -0.72 0.0025851
1.74 -0.66 0.00295723
1.74 -0.6 0.00333649
1.74 -0.54 0.00371262
1.74 -0.48 0.00407438
1.74 -0.42 0.00440996
1.74 -0.36 0.00470762
1.74 -0.3 0.00495631
1.74 -0.24 0.00514642
1.74 -0.18 0.0052704
1.74 -0.12 0.0053232
1.74 -0.06 0.00530262
1.74 9.71445e-15 0.00520955
1.74 0.06 0.00504775
1.74 0.12 0.00482381
1.74 0.18 0.00454641
1.74 0.24 0.00422612
1.74 0.3 0.00387436
1.74 0.36 0.00350308
1.74 0.42 0.00312388
1.74 0.48 0.00274742
1.74 0.54 0.00238313
1.74 0.6 0.00203871
1.74 0.66 0.00172011
1.74 0.72 0.00143136
1.74 0.78 0.00117471
1.74 0.84 0.00095083
1.74 0.9 0.000759044
1.74 0.96 0.000596794
1.74 1.02 0.000463436
1.74 1.08 0.000354925
1.74 1.14 0.00026809
1.74 1.2 0.000199714
1.74 1.26 0.000146732
1.74 1.32 0.000106325
1.74 1.38 7.59854e-05
1.74 1.44 5.35567e-05
1.74 1.5 3.72297e-05
1.74 1.56 2.55243e-05
1.74 1.62 1.72586e-05
1.74 1.68 1.15092e-05
1.8 -1.38 0.000177143
1.8 -1.32 0.000235962
1.8 -1.26 0.000309995
1.8 -1.2 0.000401656
1.8 -1.14 0.000513277
1.8 -1.08 0.000646899
1.8 -1.02 0.000804098
1.8 -0.96 0.000985781
1.8 -0.9 0.00119189
1.8 -0.84 0.00142132
1.8 -0.78 0.00167159
1.8 -0.72 0.00193892
1.8 -0.66 0.00221811
1.8 -0.6 0.00250263
1.8 -0.54 0.00278483
1.8 -0.48 0.00305628
1.8 -0.42 0.00330809
1.8 -0.36 0.00353146
1.8 -0.3 0.00371807
1.8 -0.24 0.00386079
1.8 -0.18 0.00395389
1.8 -0.12 0.00399356
1.8 -0.06 0.00397822
1.8 9.71445e-15 0.00390846
1.8 0.06 0.00378712
1.8 0.12 0.00361917
1.8 0.18 0.00341111
1.8 0.24 0.00317085
1.8 0.3 0.00290698
1.8 0.36 0.00262845
1.8 0.42 0.00234395
1.8 0.48 0.00206152
1.8 0.54 0.00178819
1.8 0.6 0.00152977
1.8 0.66 0.00129073
1.8 0.72 0.00107407
1.8 0.78 0.000881488
1.8 0.84 0.000713502
1.8 0.9 0.000568955
1.8 0.96 0.00044797
1.8 1.02 0.000347865
1.8 1.08 0.000266416
1.8 1.14 0.000201235
1.8 1.2 0.000149911
1.8 1.26 0.000110141
1.8 1.32 7.98102e-05
1.8 1.38 5.70365e-05
1.8 1.44 4.02011e-05
1.8 1.5 2.79454e-05
1.8 1.56 1.91592e-05
1.8 1.62 1.29547e-05
1.8 1.68 8.63914e-06
1.86 -1.32 0.000174528
1.86 -1.26 0.000229294
1.86 -1.2 0.000297102
1.86 -1.14 0.000379678
1.86 -1.08 0.000478534
1.86 -1.02 0.000594837
1.86 -0.96 0.000729257
1.86 -0.9 0.000881754
1.86 -0.84 0.00105151
1.86 -0.78 0.00123669
1.86 -0.72 0.00143451
1.86 -0.66 0.0016411
1.86 -0.6 0.00185165
1.86 -0.54 0.00206049
1.86 -0.48 0.00226137
1.86 -0.42 0.00244774
1.86 -0.36 0.00261306
1.86 -0.3 0.0027512
1.86 -0.24 0.00285684
1.86 -0.18 0.00292579
1.86 -0.12 0.00295519
1.86 -0.06 0.00294388
1.86 9.71445e-15 0.0028923
1.86 0.06 0.00280256
1.86 0.12 0.00267831
1.86 0.18 0.00252436
1.86 0.24 0.0023466
1.86 0.3 0.00215135
1.86 0.36 0.00194524
1.86 0.42 0.0017347
1.86 0.48 0.0015257
1.86 0.54 0.00132343
1.86 0.6 0.00113218
1.86 0.66 0.000955282
1.86 0.72 0.000794937
1.86 0.78 0.000652412
1.86 0.84 0.000527595
1.86 0.9 0.000421201
1.86 0.96 0.000331636
1.86 1.02 0.000257527
1.86 1.08 0.00019723
1.86 1.14 0.000148976
1.86 1.2 0.00011098
1.86 1.26 8.15381e-05
1.86 1.32 5.9084e-05
1.86 1.38 4.22246e-05
1.86 1.44 2.97611e-05
1.86 1.5 2.06882e-05
1.86 1.56 1.41837e-05
1.86 1.62 9.59042e-06
1.92 -1.26 0.0001673
1.92 -1.2 0.000216779
1.92 -1.14 0.000277037
1.92 -1.08 0.000349176
1.92 -1.02 0.000434054
1.92 -0.96 0.000532149
1.92 -0.9 0.000643446
1.92 -0.84 0.000767327
1.92 -0.78 0.000902484
1.92 -0.72 0.00104687
1.92 -0.66 0.00119765
1.92 -0.6 0.00135133
1.92 -0.54 0.00150376
1.92 -0.48 0.00165038
1.92 -0.42 0.00178644
1.92 -0.36 0.00190711
1.92 -0.3 0.00200798
1.92 -0.24 0.00208511
1.92 -0.18 0.00213544
1.92 -0.12 0.00215694
1.92 -0.06 0.0021487
1.92 9.71445e-15 0.00211108
1.92 0.06 0.00204563
1.92 0.12 0.00195494
1.92 0.18 0.00184259
1.92 0.24 0.00171286
1.92 0.3 0.00157036
1.92 0.36 0.00141991
1.92 0.42 0.00126625
1.92 0.48 0.00111369
1.92 0.54 0.000966052
1.92 0.6 0.000826469
1.92 0.66 0.000697334
1.92 0.72 0.000580286
1.92 0.78 0.000475891
1.92 0.84 0.000385213
1.92 0.9 0.000307531
1.92 0.96 0.000242137
1.92 1.02 0.000188029
1.92 1.08 0.000144004
1.92 1.14 0.000108772
1.92 1.2 8.10294e-05
1.92 1.26 5.95338e-05
1.92 1.32 4.3139e-05
1.92 1.38 3.08296e-05
1.92 1.44 2.17294e-05
1.92 1.5 1.51051e-05
1.92 1.56 1.03559e-05
1.92 1.62 7.00227e-06
1.98 -1.2 0.00015602
1.98 -1.14 0.00019939
1.98 -1.08 0.000251317
1.98 -1.02 0.000312414
1.98 -0.96 0.000383022
1.98 -0.9 0.000463141
1.98 -0.84 0.000552313
1.98 -0.78 0.000649606
1.98 -0.72 0.000753547
1.98 -0.66 0.000862091
1.98 -0.6 0.000972729
1.98 -0.54 0.00108247
1.98 -0.48 0.00118804
1.98 -0.42 0.00128599
1.98 -0.36 0.00137288
1.98 -0.3 0.0014455
1.98 -0.24 0.00150105
1.98 -0.18 0.00153728
1.98 -0.12 0.00155278
1.98 -0.06 0.00154686
1.98 9.71445e-15 0.00151981
1.98 0.06 0.00147269
1.98 0.12 0.00140741
1.98 0.18 0.00132656
1.98 0.24 0.00123315
1.98 0.3 0.00113057
1.98 0.36 0.00102227
1.98 0.42 0.000911647
1.98 0.48 0.00080181
1.98 0.54 0.000695528
1.98 0.6 0.000595037
1.98 0.66 0.000502064
1.98 0.72 0.000417534
1.98 0.78 0.000342688
1.98 0.84 0.000277393
1.98 0.9 0.00022145
1.98 0.96 0.000174361
1.98 1.02 0.000135399
1.98 1.08 0.000103696
1.98 1.14 7.8325e-05
1.98 1.2 5.83492e-05
1.98 1.26 4.287e-05
1.98 1.32 3.10641e-05
1.98 1.38 2.22002e-05
1.98 1.44 1.56473e-05
1.98 1.5 1.08771e-05
1.98 1.56 7.45719e-06
1.98 1.62 5.04229e-06
2.04 -1.08 0.000178415
2.04 -1.02 0.00022179
2.04 -0.96 0.000271923
2.04 -0.9 0.000328803
2.04 -0.84 0.00039212
2.04 -0.78 0.000461203
2.04 -0.72 0.000534996
2.04 -0.66 0.000612072
2.04 -0.6 0.000690623
2.04 -0.54 0.000768556
2.04 -0.48 0.000843522
2.04 -0.42 0.000913066
2.04 -0.36 0.000974777
2.04 -0.3 0.00102634
2.04 -0.24 0.00106578
2.04 -0.18 0.00109154
2.04 -0.12 0.00110255
2.04 -0.06 0.00109836
2.04 9.71445e-15 0.00107914
2.04 0.06 0.00104569
2.04 0.12 0.000999357
2.04 0.18 0.000941944
2.04 0.24 0.000875626
2.04 0.3 0.000802781
2.04 0.36 0.000725899
2.04 0.42 0.000647348
2.04 0.48 0.000569365
2.04 0.54 0.000493888
2.04 0.6 0.000422532
2.04 0.66 0.000356332
2.04 0.72 0.000296533
2.04 0.78 0.000243376
2.04 0.84 0.000197003
2.04 0.9 0.000157273
2.04 0.96 0.000123832
2.04 1.02 9.61591e-05
2.04 1.08 7.36452e-05
2.04 1.14 5.56268e-05
2.04 1.2 4.14391e-05
2.04 1.26 3.04457e-05
2.04 1.32 2.20616e-05
2.04 1.38 1.57663e-05
2.04 1.44 1.11127e-05
2.04 1.5 7.72495e-06
2.04 1.56 5.29609e-06
2.1 -1.02 0.000155304
2.1 -0.96 0.000190409
2.1 -0.9 0.000230243
2.1 -0.84 0.000274581
2.1 -0.78 0.000322958
2.1 -0.72 0.000374639
2.1 -0.66 0.000428616
2.1 -0.6 0.00048363
2.1 -0.54 0.000538199
2.1 -0.48 0.000590698
2.1 -0.42 0.000639414
2.1 -0.36 0.000682621
2.1 -0.3 0.000718746
2.1 -0.24 0.000746378
2.1 -0.18 0.000764412
2.1 -0.12 0.000772121
2.1 -0.06 0.000769195
2.1 9.71445e-15 0.00075575
2.1 0.06 0.000732329
2.1 0.12 0.000699877
2.1 0.18 0.000659673
2.1 0.24 0.000613234
2.1 0.3 0.000562231
2.1 0.36 0.000508379
2.1 0.42 0.000453367
2.1 0.48 0.000398753
2.1 0.54 0.000345744
2.1 0.6 0.000295797
2.1 0.66 0.000249586
2.1 0.72 0.0002077
2.1 0.78 0.000170468
2.1 0.84 0.000137987
2.1 0.9 0.00011016
2.1 0.96 8.67356e-05
2.1 1.02 6.73536e-05
2.1 1.08 5.15834e-05
2.1 1.14 3.89629e-05
2.1 1.2 2.90256e-05
2.1 1.26 2.13256e-05
2.1 1.32 1.54527e-05
2.1 1.38 1.10434e-05
2.1 1.44 7.78373e-06
2.1 1.5 5.41073e-06
2.1 1.56 3.70958e-06
2.16 -0.96 0.000131507
2.16 -0.9 0.000159017
2.16 -0.84 0.000189642
2.16 -0.78 0.000223057
2.16 -0.72 0.000258752
2.16 -0.66 0.000296034
2.16 -0.6 0.000334032
2.16 -0.54 0.00037173
2.16 -0.48 0.000407993
2.16 -0.42 0.000441639
2.16 -0.36 0.000471492
2.16 -0.3 0.000496441
2.16 -0.24 0.000515523
2.16 -0.18 0.000527988
2.16 -0.12 0.000533319
2.16 -0.06 0.000531299
2.16 9.71445e-15 0.000522007
2.16 0.06 0.000505833
2.16 0.12 0.000483427
2.16 0.18 0.000455657
2.16 0.24 0.000423582
2.16 0.3 0.000388346
2.16 0.36 0.000351156
2.16 0.42 0.00031316
2.16 0.48 0.000275336
2.16 0.54 0.000238842
2.16 0.6 0.000204338
2.16 0.66 0.000172417
2.16 0.72 0.000143482
2.16 0.78 0.000117761
2.16 0.84 9.5323e-05
2.16 0.9 7.60993e-05
2.16 0.96 5.99179e-05
2.16 1.02 4.65283e-05
2.16 1.08 3.56344e-05
2.16 1.14 2.69159e-05
2.16 1.2 2.0051e-05
2.16 1.26 1.47317e-05
2.16 1.32 1.06749e-05
2.16 1.38 7.62878e-06
2.16 1.44 5.37704e-06
2.16 1.5 3.73784e-06
2.22 -0.84 0.000129184
2.22 -0.78 0.000151945
2.22 -0.72 0.000176262
2.22 -0.66 0.000201659
2.22 -0.6 0.000227546
2.22 -0.54 0.000253227
2.22 -0.48 0.000277932
2.22 -0.42 0.000300852
2.22 -0.36 0.00032119
2.22 -0.3 0.000338188
2.22 -0.24 0.000351194
2.22 -0.18 0.000359684
2.22 -0.12 0.000363317
2.22 -0.06 0.000361941
2.22 9.71445e-15 0.000355617
2.22 0.06 0.000344599
2.22 0.12 0.000329331
2.22 0.18 0.000310417
2.22 0.24 0.000288565
2.22 0.3 0.000264566
2.22 0.36 0.000239152
2.22 0.42 0.000213279
2.22 0.48 0.000187589
2.22 0.54 0.000162727
2.22 0.6 0.000139219
2.22 0.66 0.000117468
2.22 0.72 9.77554e-05
2.22 0.78 8.02316e-05
2.22 0.84 6.49449e-05
2.22 0.9 5.18476e-05
2.22 0.96 4.08222e-05
2.22 1.02 3.17001e-05
2.22 1.08 2.42778e-05
2.22 1.14 1.83381e-05
2.22 1.2 1.36611e-05
2.22 1.26 1.0037e-05
2.22 1.32 7.27294e-06
2.22 1.38 5.19762e-06
2.22 1.44 3.66345e-06
2.22 1.5 2.54662e-06
2.28 -0.78 0.000102086
2.28 -0.72 0.000118424
2.28 -0.66 0.000135489
2.28 -0.6 0.000152882
2.28 -0.54 0.000170134
2.28 -0.48 0.000186735
2.28 -0.42 0.000202138
2.28 -0.36 0.000215801
2.28 -0.3 0.000227222
2.28 -0.24 0.000235961
2.28 -0.18 0.000241667
2.28 -0.12 0.000244106
2.28 -0.06 0.000243185
2.28 9.71445e-15 0.000238936
2.28 0.06 0.000231533
2.28 0.12 0.000221275
2.28 0.18 0.000208567
2.28 0.24 0.000193833
2.28 0.3 0.000177716
2.28 0.36 0.000160698
2.28 0.42 0.000143311
2.28 0.48 0.00012605
2.28 0.54 0.000109344
2.28 0.6 9.3547e-05
2.28 0.66 7.8933e-05
2.28 0.72 6.56865e-05
2.28 0.78 5.39116e-05
2.28 0.84 4.36392e-05
2.28 0.9 3.48386e-05
2.28 0.96 2.74306e-05
2.28 1.02 2.13008e-05
2.28 1.08 1.63135e-05
2.28 1.14 1.23222e-05
2.28 1.2 9.1795e-06
2.28 1.26 6.7443e-06
2.28 1.32 4.88699e-06
2.28 1.38 3.49254e-06
2.28 1.44 2.46165e-06
2.34 -0.66 8.97818e-05
2.34 -0.6 0.000101307
2.34 -0.54 0.00011274
2.34 -0.48 0.000123741
2.34 -0.42 0.000133948
2.34 -0.36 0.000143002
2.34 -0.3 0.000150572
2.34 -0.24 0.000156362
2.34 -0.18 0.000160144
2.34 -0.12 0.000161761
2.34 -0.06 0.000161151
2.34 9.71445e-15 0.000158335
2.34 0.06 0.000153393
2.34 0.12 0.0001466
2.34 0.18 0.000138182
2.34 0.24 0.000128456
2.34 0.3 0.000117774
2.34 0.36 0.000106496
2.34 0.42 9.49736e-05
2.34 0.48 8.35346e-05
2.34 0.54 7.24627e-05
2.34 0.6 6.19949e-05
2.34 0.66 5.231e-05
2.34 0.72 4.35312e-05
2.34 0.78 3.5728e-05
2.34 0.84 2.89202e-05
2.34 0.9 2.30878e-05
2.34 0.96 1.81786e-05
2.34 1.02 1.41162e-05
2.34 1.08 1.08112e-05
2.34 1.14 8.16604e-06
2.34 1.2 6.08332e-06
2.34 1.26 4.4695e-06
2.34 1.32 3.23864e-06
2.34 1.38 2.31454e-06
2.4 -0.54 7.36821e-05
2.4 -0.48 8.08719e-05
2.4 -0.42 8.75429e-05
2.4 -0.36 9.34607e-05
2.4 -0.3 9.84081e-05
2.4 -0.24 0.000102192
2.4 -0.18 0.000104664
2.4 -0.12 0.000105722
2.4 -0.06 0.000105301
2.4 9.71445e-15 0.000103462
2.4 0.06 0.000100258
2.4 0.12 9.58178e-05
2.4 0.18 9.03159e-05
2.4 0.24 8.39588e-05
2.4 0.3 7.69773e-05
2.4 0.36 6.96062e-05
2.4 0.42 6.2075e-05
2.4 0.48 5.45983e-05
2.4 0.54 4.73617e-05
2.4 0.6 4.052e-05
2.4 0.66 3.41899e-05
2.4 0.72 2.84521e-05
2.4 0.78 2.33519e-05
2.4 0.84 1.89023e-05
2.4 0.9 1.50902e-05
2.4 0.96 1.18815e-05
2.4 1.02 9.22639e-06
2.4 1.08 7.06621e-06
2.4 1.14 5.33732e-06
2.4 1.2 3.97606e-06
2.4 1.26 2.92127e-06
2.4 1.32 2.11678e-06
2.4 1.38 1.51278e-06
2.46 -0.42 5.64286e-05
2.46 -0.36 6.02435e-05
2.46 -0.3 6.34203e-05
2.46 -0.24 6.58598e-05
2.46 -0.18 6.74537e-05
2.46 -0.12 6.81356e-05
2.46 -0.06 6.78792e-05
2.46 9.71445e-15 6.66936e-05
2.46 0.06 6.46281e-05
2.46 0.12 6.17655e-05
2.46 0.18 5.82192e-05
2.46 0.24 5.4121e-05
2.46 0.3 4.96209e-05
2.46 0.36 4.48694e-05
2.46 0.42 4.00147e-05
2.46 0.48 3.51951e-05
2.46 0.54 3.05303e-05
2.46 0.6 2.61199e-05
2.46 0.66 2.20393e-05
2.46 0.72 1.83407e-05
2.46 0.78 1.5053e-05
2.46 0.84 1.21848e-05
2.46 0.9 9.72745e-06
2.46 0.96 7.65901e-06
2.46 1.02 5.94747e-06
2.46 1.08 4.55498e-06
2.46 1.14 3.44054e-06
2.46 1.2 2.56305e-06
2.46 1.26 1.8831e-06
2.46 1.32 1.36452e-06
2.52 -0.24 4.18709e-05
2.52 -0.18 4.28842e-05
2.52 -0.12 4.33176e-05
2.52 -0.06 4.31547e-05
2.52 9.71445e-15 4.2401e-05
2.52 0.06 4.10875e-05
2.52 0.12 3.92679e-05
2.52 0.18 3.7013e-05
2.52 0.24 3.44081e-05
2.52 0.3 3.15467e-05
2.52 0.36 2.8526e-05
2.52 0.42 2.54396e-05
2.52 0.48 2.23756e-05
2.52 0.54 1.94099e-05
2.52 0.6 1.66057e-05
2.52 0.66 1.40116e-05
2.52 0.72 1.16602e-05
2.52 0.78 9.56994e-06
2.52 0.84 7.74651e-06
2.52 0.9 6.18434e-06
2.52 0.96 4.86929e-06
2.52 1.02 3.78117e-06
2.52 1.08 2.89586e-06
2.52 1.14 2.18736e-06
2.52 1.2 1.62948e-06
2.52 1.26 1.19719e-06
2.58 9.71445e-15 2.6586e-05
2.58 0.06 2.57629e-05
2.58 0.12 2.46219e-05
2.58 0.18 2.32078e-05
2.58 0.24 2.15746e-05
2.58 0.3 1.97805e-05
2.58 0.36 1.78861e-05
2.58 0.42 1.59511e-05
2.58 0.48 1.40297e-05
2.58 0.54 1.21703e-05
2.58 0.6 1.04122e-05
2.58 0.66 8.78555e-06
2.58 0.72 7.31111e-06
2.58 0.78 6.00057e-06
2.58 0.84 4.85719e-06
2.58 0.9 3.87769e-06
2.58 0.96 3.05312e-06
2.58 1.02 2.37088e-06
2.64 0.48 8.67604e-06
2.64 0.54 7.52612e-06
