2965 0.06 0.06 0.253052 -12 -12
0.72 0.54 5.19648e-05
0.72 0.6 6.37676e-05
0.72 0.66 7.71751e-05
0.72 0.72 9.21173e-05
0.72 0.78 0.000108443
0.72 0.84 0.000125905
0.72 0.9 0.00014417
0.72 0.96 0.000162817
0.72 1.02 0.000181347
0.78 0.18 1.72083e-05
0.78 0.24 2.29452e-05
0.78 0.3 3.01743e-05
0.78 0.36 3.91348e-05
0.78 0.42 5.00597e-05
0.78 0.48 6.31538e-05
0.78 0.54 7.85776e-05
0.78 0.6 9.6425e-05
0.78 0.66 0.000116699
0.78 0.72 0.000139293
0.78 0.78 0.00016398
0.78 0.84 0.000190384
0.78 0.9 0.000218004
0.78 0.96 0.000246199
0.78 1.02 0.000274218
0.78 1.08 0.000301229
0.78 1.14 0.000326353
0.78 1.2 0.000348712
0.78 1.26 0.000367481
0.78 1.32 0.00038194
0.78 1.38 0.000391502
0.84 9.71445e-15 9.96286e-06
0.84 0.06 1.38475e-05
0.84 0.12 1.89823e-05
0.84 0.18 2.56634e-05
0.84 0.24 3.42192e-05
0.84 0.3 4.50002e-05
0.84 0.36 5.83636e-05
0.84 0.42 7.46561e-05
0.84 0.48 9.4184e-05
0.84 0.54 0.000117187
0.84 0.6 0.000143803
0.84 0.66 0.000174038
0.84 0.72 0.000207734
0.84 0.78 0.000244549
0.84 0.84 0.000283929
0.84 0.9 0.00032512
0.84 0.96 0.000367166
0.84 1.02 0.000408953
0.84 1.08 0.000449238
0.84 1.14 0.000486707
0.84 1.2 0.00052005
0.84 1.26 0.000548037
0.84 1.32 0.000569603
0.84 1.38 0.000583865
0.84 1.44 0.00059027
0.84 1.5 0.000588536
0.84 1.56 0.000578744
0.9 -0.18 5.02251e-06
0.9 -0.12 7.27678e-06
0.9 -0.06 1.0398e-05
0.9 9.71445e-15 1.46538e-05
0.9 0.06 2.03675e-05
0.9 0.12 2.792e-05
0.9 0.18 3.77471e-05
0.9 0.24 5.03307e-05
0.9 0.3 6.61883e-05
0.9 0.36 8.58442e-05
0.9 0.42 0.000109808
0.9 0.48 0.000138531
0.9 0.54 0.000172364
0.9 0.6 0.000211511
0.9 0.66 0.000255981
0.9 0.72 0.000305545
0.9 0.78 0.000359692
0.9 0.84 0.000417614
0.9 0.9 0.000478203
0.9 0.96 0.000540048
0.9 1.02 0.000601508
0.9 1.08 0.00066076
0.9 1.14 0.000715869
0.9 1.2 0.000764906
0.9 1.26 0.000806083
0.9 1.32 0.000837794
0.9 1.38 0.000858777
0.9 1.44 0.000868193
0.9 1.5 0.00086564
0.9 1.56 0.000851236
0.9 1.62 0.000825567
0.9 1.68 0.000789665
0.9 1.74 0.000744945
0.96 -0.24 4.95963e-06
0.96 -0.18 7.28586e-06
0.96 -0.12 1.0556e-05
0.96 -0.06 1.50837e-05
0.96 9.71445e-15 2.12572e-05
0.96 0.06 2.95456e-05
0.96 0.12 4.05016e-05
0.96 0.18 5.47568e-05
0.96 0.24 7.30112e-05
0.96 0.3 9.60136e-05
0.96 0.36 0.000124528
0.96 0.42 0.000159289
0.96 0.48 0.000200955
0.96 0.54 0.000250033
0.96 0.6 0.000306821
0.96 0.66 0.000371333
0.96 0.72 0.000443231
0.96 0.78 0.000521782
0.96 0.84 0.000605797
0.96 0.9 0.000693689
0.96 0.96 0.000783409
0.96 1.02 0.000872566
0.96 1.08 0.00095851
0.96 1.14 0.00103845
0.96 1.2 0.0011096
0.96 1.26 0.00116933
0.96 1.32 0.00121532
0.96 1.38 0.00124576
0.96 1.44 0.00125943
0.96 1.5 0.00125573
0.96 1.56 0.00123483
0.96 1.62 0.00119759
0.96 1.68 0.00114551
0.96 1.74 0.00108063
0.96 1.8 0.00100541
0.96 1.86 0.000922588
1.02 -0.24 7.09555e-06
1.02 -0.18 1.04237e-05
1.02 -0.12 1.51024e-05
1.02 -0.06 2.15801e-05
1.02 9.71445e-15 3.04123e-05
1.02 0.06 4.22708e-05
1.02 0.12 5.79452e-05
1.02 0.18 7.83391e-05
1.02 0.24 0.000104457
1.02 0.3 0.000137366
1.02 0.36 0.000178161
1.02 0.42 0.000227894
1.02 0.48 0.000287502
1.02 0.54 0.000357718
1.02 0.6 0.000438966
1.02 0.66 0.00053126
1.02 0.72 0.000634129
1.02 0.78 0.000746498
1.02 0.84 0.000866717
1.02 0.9 0.000992448
1.02 0.96 0.00112081
1.02 1.02 0.00124837
1.02 1.08 0.00137134
1.02 1.14 0.00148571
1.02 1.2 0.0015875
1.02 1.26 0.00167293
1.02 1.32 0.00173874
1.02 1.38 0.00178231
1.02 1.44 0.00180182
1.02 1.5 0.00179655
1.02 1.56 0.00176666
1.02 1.62 0.00171338
1.02 1.68 0.00163886
1.02 1.74 0.00154605
1.02 1.8 0.00143845
1.02 1.86 0.00131992
1.02 1.92 0.00119453
1.02 1.98 0.00106619
1.08 -0.3 6.72174e-06
1.08 -0.24 1.00121e-05
1.08 -0.18 1.4708e-05
1.08 -0.12 2.13097e-05
1.08 -0.06 3.045e-05
1.08 9.71445e-15 4.29128e-05
1.08 0.06 5.96445e-05
1.08 0.12 8.1761e-05
1.08 0.18 0.000110539
1.08 0.24 0.000147391
1.08 0.3 0.000193825
1.08 0.36 0.000251387
1.08 0.42 0.000321564
1.08 0.48 0.000405674
1.08 0.54 0.000504749
1.08 0.6 0.000619391
1.08 0.66 0.000749626
1.08 0.72 0.000894758
1.08 0.78 0.00105333
1.08 0.84 0.00122295
1.08 0.9 0.00140036
1.08 0.96 0.00158147
1.08 1.02 0.00176147
1.08 1.08 0.00193498
1.08 1.14 0.00209635
1.08 1.2 0.00223999
1.08 1.26 0.00236053
1.08 1.32 0.00245341
1.08 1.38 0.00251486
1.08 1.44 0.00254244
1.08 1.5 0.00253496
1.08 1.56 0.00249279
1.08 1.62 0.00241762
1.08 1.68 0.00231249
1.08 1.74 0.00218151
1.08 1.8 0.00202966
1.08 1.86 0.00186244
1.08 1.92 0.0016855
1.08 1.98 0.0015044
1.08 2.04 0.00132432
1.08 2.1 0.00114975
1.14 -0.3 9.35419e-06
1.14 -0.24 1.39331e-05
1.14 -0.18 2.04681e-05
1.14 -0.12 2.9655e-05
1.14 -0.06 4.23747e-05
1.14 9.71445e-15 5.97182e-05
1.14 0.06 8.30034e-05
1.14 0.12 0.000113781
1.14 0.18 0.000153829
1.14 0.24 0.000205111
1.14 0.3 0.000269734
1.14 0.36 0.00034984
1.14 0.42 0.000447495
1.14 0.48 0.000564545
1.14 0.54 0.000702422
1.14 0.6 0.000861954
1.14 0.66 0.00104319
1.14 0.72 0.00124518
1.14 0.78 0.00146584
1.14 0.84 0.00170188
1.14 0.9 0.00194879
1.14 0.96 0.00220084
1.14 1.02 0.00245132
1.14 1.08 0.00269277
1.14 1.14 0.00291735
1.14 1.2 0.0031172
1.14 1.26 0.00328501
1.14 1.32 0.0034142
1.14 1.38 0.00349976
1.14 1.44 0.00353811
1.14 1.5 0.00352772
1.14 1.56 0.003469
1.14 1.62 0.00336438
1.14 1.68 0.00321808
1.14 1.74 0.00303584
1.14 1.8 0.00282454
1.14 1.86 0.00259183
1.14 1.92 0.00234557
1.14 1.98 0.00209358
1.14 2.04 0.00184294
1.14 2.1 0.00160002
1.14 2.16 0.00137003
1.2 -0.3 1.28385e-05
1.2 -0.24 1.91231e-05
1.2 -0.18 2.80923e-05
1.2 -0.12 4.07013e-05
1.2 -0.06 5.81591e-05
1.2 9.71445e-15 8.19628e-05
1.2 0.06 0.000113922
1.2 0.12 0.000156164
1.2 0.18 0.000211129
1.2 0.24 0.000281515
1.2 0.3 0.000370209
1.2 0.36 0.00048015
1.2 0.42 0.000614187
1.2 0.48 0.00077484
1.2 0.54 0.000964077
1.2 0.6 0.00118304
1.2 0.66 0.00143177
1.2 0.72 0.001709
1.2 0.78 0.00201185
1.2 0.84 0.00233584
1.2 0.9 0.00267472
1.2 0.96 0.00302062
1.2 1.02 0.00336441
1.2 1.08 0.00369582
1.2 1.14 0.00400406
1.2 1.2 0.00427835
1.2 1.26 0.00450863
1.2 1.32 0.00468602
1.2 1.38 0.00480339
1.2 1.44 0.00485603
1.2 1.5 0.00484175
1.2 1.56 0.00476122
1.2 1.62 0.00461764
1.2 1.68 0.00441681
1.2 1.74 0.00416669
1.2 1.8 0.00387667
1.2 1.86 0.00355724
1.2 1.92 0.00321933
1.2 1.98 0.0028734
1.2 2.04 0.00252943
1.2 2.1 0.00219601
1.2 2.16 0.00188034
1.2 2.22 0.00158791
1.2 2.28 0.00132254
1.26 -0.3 1.73787e-05
1.26 -0.24 2.58854e-05
1.26 -0.18 3.80268e-05
1.26 -0.12 5.50949e-05
1.26 -0.06 7.87264e-05
1.26 9.71445e-15 0.000110947
1.26 0.06 0.000154208
1.26 0.12 0.000211389
1.26 0.18 0.000285789
1.26 0.24 0.000381069
1.26 0.3 0.000501123
1.26 0.36 0.000649949
1.26 0.42 0.000831381
1.26 0.48 0.00104884
1.26 0.54 0.001305
1.26 0.6 0.0016014
1.26 0.66 0.0019381
1.26 0.72 0.00231336
1.26 0.78 0.00272329
1.26 0.84 0.00316188
1.26 0.9 0.00362055
1.26 0.96 0.00408882
1.26 1.02 0.00455418
1.26 1.08 0.00500278
1.26 1.14 0.00542004
1.26 1.2 0.00579135
1.26 1.26 0.00610302
1.26 1.32 0.00634311
1.26 1.38 0.00650204
1.26 1.44 0.00657323
1.26 1.5 0.006554
1.26 1.56 0.00644497
1.26 1.62 0.0062506
1.26 1.68 0.00597875
1.26 1.74 0.00564015
1.26 1.8 0.00524761
1.26 1.86 0.00481519
1.26 1.92 0.00435777
1.26 1.98 0.00388955
1.26 2.04 0.0034239
1.26 2.1 0.00297258
1.26 2.16 0.00254529
1.26 2.22 0.00214946
1.26 2.28 0.00179024
1.26 2.34 0.00147055
1.32 -0.36 1.53621e-05
1.32 -0.3 2.3201e-05
1.32 -0.24 3.45576e-05
1.32 -0.18 5.07668e-05
1.32 -0.12 7.3553e-05
1.32 -0.06 0.000105101
1.32 9.71445e-15 0.000148117
1.32 0.06 0.000205872
1.32 0.12 0.000282211
1.32 0.18 0.000381536
1.32 0.24 0.000508736
1.32 0.3 0.000669015
1.32 0.36 0.000867699
1.32 0.42 0.00110991
1.32 0.48 0.00140022
1.32 0.54 0.0017422
1.32 0.6 0.00213789
1.32 0.66 0.0025874
1.32 0.72 0.0030884
1.32 0.78 0.00363568
1.32 0.84 0.00422117
1.32 0.9 0.00483353
1.32 0.96 0.00545869
1.32 1.02 0.00607994
1.32 1.08 0.00667883
1.32 1.14 0.00723587
1.32 1.2 0.0077316
1.32 1.26 0.00814771
1.32 1.32 0.0084682
1.32 1.38 0.00868038
1.32 1.44 0.00877542
1.32 1.5 0.00874977
1.32 1.56 0.00860417
1.32 1.62 0.00834467
1.32 1.68 0.00798174
1.32 1.74 0.00752972
1.32 1.8 0.00700569
1.32 1.86 0.00642842
1.32 1.92 0.0058177
1.32 1.98 0.00519265
1.32 2.04 0.00457097
1.32 2.1 0.00396848
1.32 2.16 0.00339804
1.32 2.22 0.00286959
1.32 2.28 0.00239002
1.32 2.34 0.00196324
1.32 2.4 0.00159047
1.38 -0.36 2.02269e-05
1.38 -0.3 3.05482e-05
1.38 -0.24 4.55013e-05
1.38 -0.18 6.68431e-05
1.38 -0.12 9.6845e-05
1.38 -0.06 0.000138384
1.38 9.71445e-15 0.000195022
1.38 0.06 0.000271066
1.38 0.12 0.000371579
1.38 0.18 0.000502361
1.38 0.24 0.000669836
1.38 0.3 0.000880876
1.38 0.36 0.00114248
1.38 0.42 0.00146139
1.38 0.48 0.00184364
1.38 0.54 0.00229392
1.38 0.6 0.00281491
1.38 0.66 0.00340674
1.38 0.72 0.00406642
1.38 0.78 0.004787
1.38 0.84 0.00555789
1.38 0.9 0.00636421
1.38 0.96 0.00718733
1.38 1.02 0.00800531
1.38 1.08 0.00879384
1.38 1.14 0.00952726
1.38 1.2 0.01018
1.38 1.26 0.0107279
1.38 1.32 0.0111499
1.38 1.38 0.0114292
1.38 1.44 0.0115544
1.38 1.5 0.0115206
1.38 1.56 0.0113288
1.38 1.62 0.0109871
1.38 1.68 0.0105093
1.38 1.74 0.00991418
1.38 1.8 0.00922419
1.38 1.86 0.00846416
1.38 1.92 0.00766002
1.38 1.98 0.00683704
1.38 2.04 0.00601849
1.38 2.1 0.00522519
1.38 2.16 0.0044741
1.38 2.22 0.00377832
1.38 2.28 0.00314689
1.38 2.34 0.00258494
1.38 2.4 0.00209413
1.38 2.46 0.00167323
1.44 -0.36 2.62661e-05
1.44 -0.3 3.96691e-05
1.44 -0.24 5.90872e-05
1.44 -0.18 8.68012e-05
1.44 -0.12 0.000125761
1.44 -0.06 0.000179703
1.44 9.71445e-15 0.000253253
1.44 0.06 0.000352
1.44 0.12 0.000482521
1.44 0.18 0.000652355
1.44 0.24 0.000869833
1.44 0.3 0.00114388
1.44 0.36 0.00148359
1.44 0.42 0.00189773
1.44 0.48 0.00239411
1.44 0.54 0.00297882
1.44 0.6 0.00365535
1.44 0.66 0.00442394
1.44 0.72 0.00528054
1.44 0.78 0.00621632
1.44 0.84 0.00721731
1.44 0.9 0.0082644
1.44 0.96 0.00933331
1.44 1.02 0.0103955
1.44 1.08 0.0114195
1.44 1.14 0.0123718
1.44 1.2 0.0132194
1.44 1.26 0.013931
1.44 1.32 0.0144788
1.44 1.38 0.0148417
1.44 1.44 0.0150044
1.44 1.5 0.0149603
1.44 1.56 0.0147113
1.44 1.62 0.0142676
1.44 1.68 0.0136472
1.44 1.74 0.0128743
1.44 1.8 0.0119783
1.44 1.86 0.0109914
1.44 1.92 0.00994706
1.44 1.98 0.00887843
1.44 2.04 0.0078155
1.44 2.1 0.00678535
1.44 2.16 0.00580999
1.44 2.22 0.00490646
1.44 2.28 0.00408648
1.44 2.34 0.00335673
1.44 2.4 0.00271941
1.44 2.46 0.00217281
1.44 2.52 0.00171223
1.5 -0.36 3.36397e-05
1.5 -0.3 5.0805e-05
1.5 -0.24 7.56742e-05
1.5 -0.18 0.000111169
1.5 -0.12 0.000161066
1.5 -0.06 0.000230151
1.5 9.71445e-15 0.000324348
1.5 0.06 0.000450812
1.5 0.12 0.000617981
1.5 0.18 0.000835481
1.5 0.24 0.00111403
1.5 0.3 0.00146499
1.5 0.36 0.00190007
1.5 0.42 0.00243047
1.5 0.48 0.00306618
1.5 0.54 0.00381501
1.5 0.6 0.00468153
1.5 0.66 0.00566589
1.5 0.72 0.00676289
1.5 0.78 0.0079614
1.5 0.84 0.00924345
1.5 0.9 0.0105843
1.5 0.96 0.0119533
1.5 1.02 0.0133138
1.5 1.08 0.0146252
1.5 1.14 0.0158449
1.5 1.2 0.0169306
1.5 1.26 0.0178418
1.5 1.32 0.0185435
1.5 1.38 0.0190081
1.5 1.44 0.0192164
1.5 1.5 0.0191602
1.5 1.56 0.0188413
1.5 1.62 0.0182731
1.5 1.68 0.0174784
1.5 1.74 0.0164885
1.5 1.8 0.0153409
1.5 1.86 0.014077
1.5 1.92 0.0127395
1.5 1.98 0.0113708
1.5 2.04 0.0100096
1.5 2.1 0.00869017
1.5 2.16 0.00744102
1.5 2.22 0.00628383
1.5 2.28 0.00523363
1.5 2.34 0.00429905
1.5 2.4 0.00348281
1.5 2.46 0.00278278
1.5 2.52 0.00219288
1.5 2.58 0.00170429
1.56 -0.36 4.24912e-05
1.56 -0.3 6.41733e-05
1.56 -0.24 9.55857e-05
1.56 -0.18 0.000140418
1.56 -0.12 0.000203445
1.56 -0.06 0.000290707
1.56 9.71445e-15 0.00040969
1.56 0.06 0.000569435
1.56 0.12 0.000780581
1.56 0.18 0.00105532
1.56 0.24 0.00140714
1.56 0.3 0.00185047
1.56 0.36 0.00240003
1.56 0.42 0.00307
1.56 0.48 0.003873
1.56 0.54 0.00481889
1.56 0.6 0.00591338
1.56 0.66 0.00715667
1.56 0.72 0.00854241
1.56 0.78 0.0100561
1.56 0.84 0.0116756
1.56 0.9 0.0133694
1.56 0.96 0.0150985
1.56 1.02 0.016817
1.56 1.08 0.0184735
1.56 1.14 0.0200142
1.56 1.2 0.0213853
1.56 1.26 0.0225362
1.56 1.32 0.0234228
1.56 1.38 0.0240097
1.56 1.44 0.0242726
1.56 1.5 0.0242014
1.56 1.56 0.0237988
1.56 1.62 0.0230811
1.56 1.68 0.0220773
1.56 1.74 0.0208271
1.56 1.8 0.0193775
1.56 1.86 0.0177807
1.56 1.92 0.0160917
1.56 1.98 0.0143627
1.56 2.04 0.0126433
1.56 2.1 0.0109766
1.56 2.16 0.00939879
1.56 2.22 0.00793716
1.56 2.28 0.00661071
1.56 2.34 0.0054302
1.56 2.4 0.0043992
1.56 2.46 0.00351501
1.56 2.52 0.00276986
1.56 2.58 0.00215271
1.56 2.64 0.00165007
1.62 -0.36 5.2934e-05
1.62 -0.3 7.99435e-05
1.62 -0.24 0.000119078
1.62 -0.18 0.000174929
1.62 -0.12 0.000253443
1.62 -0.06 0.000362152
1.62 9.71445e-15 0.000510374
1.62 0.06 0.000709369
1.62 0.12 0.000972418
1.62 0.18 0.00131468
1.62 0.24 0.00175296
1.62 0.3 0.00230524
1.62 0.36 0.00298982
1.62 0.42 0.00382446
1.62 0.48 0.00482482
1.62 0.54 0.00600314
1.62 0.6 0.00736665
1.62 0.66 0.00891554
1.62 0.72 0.0106416
1.62 0.78 0.0125277
1.62 0.84 0.0145449
1.62 0.9 0.016655
1.62 0.96 0.0188091
1.62 1.02 0.0209497
1.62 1.08 0.0230133
1.62 1.14 0.0249326
1.62 1.2 0.0266408
1.62 1.26 0.0280748
1.62 1.32 0.0291793
1.62 1.38 0.0299099
1.62 1.44 0.0302382
1.62 1.5 0.0301493
1.62 1.56 0.0296476
1.62 1.62 0.0287536
1.62 1.68 0.0275032
1.62 1.74 0.0259454
1.62 1.8 0.0241394
1.62 1.86 0.0221508
1.62 1.92 0.0200463
1.62 1.98 0.0178924
1.62 2.04 0.0157505
1.62 2.1 0.0136745
1.62 2.16 0.0117088
1.62 2.22 0.00988786
1.62 2.28 0.00823534
1.62 2.34 0.00676475
1.62 2.4 0.00548041
1.62 2.46 0.0043788
1.62 2.52 0.00345061
1.62 2.58 0.00268176
1.62 2.64 0.00205559
1.62 2.7 0.00155396
1.68 -0.36 6.50359e-05
1.68 -0.3 9.82228e-05
1.68 -0.24 0.000146302
1.68 -0.18 0.000214923
1.68 -0.12 0.00031139
1.68 -0.06 0.000444953
1.68 9.71445e-15 0.000627067
1.68 0.06 0.000871569
1.68 0.12 0.00119474
1.68 0.18 0.00161526
1.68 0.24 0.00215375
1.68 0.3 0.0028323
1.68 0.36 0.00367345
1.68 0.42 0.00469889
1.68 0.48 0.00592793
1.68 0.54 0.00737567
1.68 0.6 0.00905084
1.68 0.66 0.0109539
1.68 0.72 0.0130749
1.68 0.78 0.0153918
1.68 0.84 0.0178705
1.68 0.9 0.020463
1.68 0.96 0.0231097
1.68 1.02 0.0257399
1.68 1.08 0.0282752
1.68 1.14 0.0306334
1.68 1.2 0.0327319
1.68 1.26 0.0344939
1.68 1.32 0.0358502
1.68 1.38 0.0367489
1.68 1.44 0.0371514
1.68 1.5 0.0370425
1.68 1.56 0.036426
1.68 1.62 0.0353274
1.68 1.68 0.0337912
1.68 1.74 0.0318776
1.68 1.8 0.0296588
1.68 1.86 0.0272152
1.68 1.92 0.0246294
1.68 1.98 0.0219834
1.68 2.04 0.0193516
1.68 2.1 0.0168008
1.68 2.16 0.0143858
1.68 2.22 0.0121486
1.68 2.28 0.0101183
1.68 2.34 0.00831142
1.68 2.4 0.00673334
1.68 2.46 0.00538001
1.68 2.52 0.00423954
1.68 2.58 0.00329491
1.68 2.64 0.00252554
1.68 2.7 0.00190924
1.68 2.76 0.00142349
1.74 -0.36 7.88081e-05
1.74 -0.3 0.00011902
1.74 -0.24 0.000177282
1.74 -0.18 0.000260432
1.74 -0.12 0.000377323
1.74 -0.06 0.000539167
1.74 9.71445e-15 0.00075984
1.74 0.06 0.00105611
1.74 0.12 0.00144773
1.74 0.18 0.00195729
1.74 0.24 0.0026098
1.74 0.3 0.00343206
1.74 0.36 0.00445126
1.74 0.42 0.00569385
1.74 0.48 0.0071832
1.74 0.54 0.00893755
1.74 0.6 0.0109675
1.74 0.66 0.0132733
1.74 0.72 0.0158434
1.74 0.78 0.018651
1.74 0.84 0.0216545
1.74 0.9 0.0247962
1.74 0.96 0.028003
1.74 1.02 0.0311899
1.74 1.08 0.0342623
1.74 1.14 0.0371199
1.74 1.2 0.0396627
1.74 1.26 0.0417976
1.74 1.32 0.0434421
1.74 1.38 0.04453
1.74 1.44 0.0450182
1.74 1.5 0.044886
1.74 1.56 0.0441391
1.74 1.62 0.0428082
1.74 1.68 0.0409464
1.74 1.74 0.0386275
1.74 1.8 0.0359389
1.74 1.86 0.0329777
1.74 1.92 0.029845
1.74 1.98 0.0266382
1.74 2.04 0.0234492
1.74 2.1 0.0203583
1.74 2.16 0.0174319
1.74 2.22 0.0147209
1.74 2.28 0.0122608
1.74 2.34 0.0100714
1.74 2.4 0.00815916
1.74 2.46 0.00651919
1.74 2.52 0.00513724
1.74 2.58 0.00399258
1.74 2.64 0.00306036
1.74 2.7 0.00231354
1.74 2.76 0.00172491
1.74 2.82 0.00126837
1.8 -0.36 9.41826e-05
1.8 -0.3 0.000142241
1.8 -0.24 0.000211867
1.8 -0.18 0.000311241
1.8 -0.12 0.000450941
1.8 -0.06 0.00064436
1.8 9.71445e-15 0.000908082
1.8 0.06 0.00126216
1.8 0.12 0.00173018
1.8 0.18 0.00233912
1.8 0.24 0.00311897
1.8 0.3 0.00410159
1.8 0.36 0.00531969
1.8 0.42 0.00680467
1.8 0.48 0.00858454
1.8 0.54 0.0106811
1.8 0.6 0.0131071
1.8 0.66 0.0158629
1.8 0.72 0.0189344
1.8 0.78 0.0222896
1.8 0.84 0.0258793
1.8 0.9 0.0296334
1.8 0.96 0.033466
1.8 1.02 0.0372749
1.8 1.08 0.0409467
1.8 1.14 0.0443619
1.8 1.2 0.0474011
1.8 1.26 0.0499518
1.8 1.32 0.0519171
1.8 1.38 0.0532177
1.8 1.44 0.0538007
1.8 1.5 0.0536431
1.8 1.56 0.0527507
1.8 1.62 0.0511599
1.8 1.68 0.0489349
1.8 1.74 0.0461634
1.8 1.8 0.0429506
1.8 1.86 0.0394114
1.8 1.92 0.0356675
1.8 1.98 0.031835
1.8 2.04 0.028024
1.8 2.1 0.02433
1.8 2.16 0.0208327
1.8 2.22 0.0175929
1.8 2.28 0.0146527
1.8 2.34 0.0120362
1.8 2.4 0.00975095
1.8 2.46 0.00779107
1.8 2.52 0.00613941
1.8 2.58 0.00477155
1.8 2.64 0.00365741
1.8 2.7 0.00276487
1.8 2.76 0.00206143
1.8 2.82 0.00151583
1.86 -0.36 0.00011101
1.86 -0.3 0.000167654
1.86 -0.24 0.00024972
1.86 -0.18 0.000366851
1.86 -0.12 0.000531508
1.86 -0.06 0.000759484
1.86 9.71445e-15 0.00107032
1.86 0.06 0.00148766
1.86 0.12 0.00203931
1.86 0.18 0.00275704
1.86 0.24 0.00367622
1.86 0.3 0.00483442
1.86 0.36 0.00627013
1.86 0.42 0.00802039
1.86 0.48 0.0101182
1.86 0.54 0.0125894
1.86 0.6 0.0154488
1.86 0.66 0.018697
1.86 0.72 0.0223173
1.86 0.78 0.0262721
1.86 0.84 0.0305029
1.86 0.9 0.0349279
1.86 0.96 0.0394453
1.86 1.02 0.0439346
1.86 1.08 0.0482622
1.86 1.14 0.0522876
1.86 1.2 0.05587
1.86 1.26 0.0588765
1.86 1.32 0.0611927
1.86 1.38 0.0627258
1.86 1.44 0.063413
1.86 1.5 0.0632275
1.86 1.56 0.0621754
1.86 1.62 0.0603001
1.86 1.68 0.0576776
1.86 1.74 0.0544109
1.86 1.8 0.0506243
1.86 1.86 0.0464531
1.86 1.92 0.0420397
1.86 1.98 0.0375229
1.86 2.04 0.0330308
1.86 2.1 0.028677
1.86 2.16 0.0245549
1.86 2.22 0.0207362
1.86 2.28 0.0172707
1.86 2.34 0.0141867
1.86 2.4 0.0114931
1.86 2.46 0.00918305
1.86 2.52 0.00723636
1.86 2.58 0.00562405
1.86 2.64 0.00431083
1.86 2.7 0.00325887
1.86 2.76 0.00242975
1.86 2.82 0.00178666
1.86 2.88 0.00129572
1.92 -0.36 0.000129045
1.92 -0.3 0.000194891
1.92 -0.24 0.000290291
1.92 -0.18 0.00042645
1.92 -0.12 0.000617857
1.92 -0.06 0.000882868
1.92 9.71445e-15 0.0012442
1.92 0.06 0.00172935
1.92 0.12 0.00237062
1.92 0.18 0.00320497
1.92 0.24 0.00427345
1.92 0.3 0.00561985
1.92 0.36 0.0072888
1.92 0.42 0.00932339
1.92 0.48 0.0117621
1.92 0.54 0.0146348
1.92 0.6 0.0179587
1.92 0.66 0.0217345
1.92 0.72 0.025943
1.92 0.78 0.0305404
1.92 0.84 0.0354585
1.92 0.9 0.0406026
1.92 0.96 0.0458539
1.92 1.02 0.0510723
1.92 1.08 0.056103
1.92 1.14 0.0607823
1.92 1.2 0.0649466
1.92 1.26 0.068442
1.92 1.32 0.0711346
1.92 1.38 0.0729164
1.92 1.44 0.0737154
1.92 1.5 0.0734996
1.92 1.56 0.0722763
1.92 1.62 0.0700963
1.92 1.68 0.0670478
1.92 1.74 0.0632505
1.92 1.8 0.0588488
1.92 1.86 0.0539999
1.92 1.92 0.0488698
1.92 1.98 0.0436191
1.92 2.04 0.0383969
1.92 2.1 0.0333361
1.92 2.16 0.0285442
1.92 2.22 0.024105
1.92 2.28 0.0200766
1.92 2.34 0.0164915
1.92 2.4 0.0133603
1.92 2.46 0.0106749
1.92 2.52 0.00841201
1.92 2.58 0.00653773
1.92 2.64 0.00501121
1.92 2.7 0.00378833
1.92 2.76 0.00282449
1.92 2.82 0.00207693
1.92 2.88 0.00150622
1.92 2.94 0.00107734
1.98 -0.36 0.000147948
1.98 -0.3 0.000223441
1.98 -0.24 0.000332815
1.98 -0.18 0.000488916
1.98 -0.12 0.00070836
1.98 -0.06 0.00101219
1.98 9.71445e-15 0.00142647
1.98 0.06 0.00198268
1.98 0.12 0.00271787
1.98 0.18 0.00367447
1.98 0.24 0.00489942
1.98 0.3 0.00644308
1.98 0.36 0.00835652
1.98 0.42 0.0106891
1.98 0.48 0.0134852
1.98 0.54 0.0167786
1.98 0.6 0.0205894
1.98 0.66 0.0249182
1.98 0.72 0.0297433
1.98 0.78 0.035014
1.98 0.84 0.0406525
1.98 0.9 0.0465504
1.98 0.96 0.0525709
1.98 1.02 0.0585539
1.98 1.08 0.0643214
1.98 1.14 0.0696859
1.98 1.2 0.0744599
1.98 1.26 0.0784681
1.98 1.32 0.0815545
1.98 1.38 0.0835977
1.98 1.44 0.0845137
1.98 1.5 0.0842657
1.98 1.56 0.0828633
1.98 1.62 0.080364
1.98 1.68 0.0768691
1.98 1.74 0.072516
1.98 1.8 0.0674691
1.98 1.86 0.0619102
1.98 1.92 0.0560284
1.98 1.98 0.0500088
1.98 2.04 0.0440216
1.98 2.1 0.0382191
1.98 2.16 0.0327253
1.98 2.22 0.0276361
1.98 2.28 0.0230176
1.98 2.34 0.0189073
1.98 2.4 0.0153173
1.98 2.46 0.0122386
1.98 2.52 0.0096443
1.98 2.58 0.00749536
1.98 2.64 0.00574526
1.98 2.7 0.00434325
1.98 2.76 0.00323823
1.98 2.82 0.00238115
1.98 2.88 0.00172687
1.98 2.94 0.00123515
2.04 -0.36 0.000167287
2.04 -0.3 0.00025265
2.04 -0.24 0.000376324
2.04 -0.18 0.000552833
2.04 -0.12 0.000800965
2.04 -0.06 0.00114452
2.04 9.71445e-15 0.00161295
2.04 0.06 0.00224186
2.04 0.12 0.00307316
2.04 0.18 0.00415481
2.04 0.24 0.00553993
2.04 0.3 0.0072853
2.04 0.36 0.00944893
2.04 0.42 0.0120865
2.04 0.48 0.015248
2.04 0.54 0.0189719
2.04 0.6 0.0232807
2.04 0.66 0.0281759
2.04 0.72 0.0336315
2.04 0.78 0.0395915
2.04 0.84 0.0459666
2.04 0.9 0.0526355
2.04 0.96 0.0594434
2.04 1.02 0.0662085
2.04 1.08 0.0727299
2.04 1.14 0.0787955
2.04 1.2 0.084194
2.04 1.26 0.0887261
2.04 1.32 0.0922153
2.04 1.38 0.0945261
2.04 1.44 0.0955622
2.04 1.5 0.0952818
2.04 1.56 0.0936959
2.04 1.62 0.09087
2.04 1.68 0.0869184
2.04 1.74 0.081996
2.04 1.8 0.0762887
2.04 1.86 0.0700038
2.04 1.92 0.0633522
2.04 1.98 0.0565462
2.04 2.04 0.0497766
2.04 2.1 0.0432156
2.04 2.16 0.0370036
2.04 2.22 0.031249
2.04 2.28 0.0260266
2.04 2.34 0.0213788
2.04 2.4 0.0173198
2.04 2.46 0.0138385
2.04 2.52 0.0109051
2.04 2.58 0.00847525
2.04 2.64 0.00649627
2.04 2.7 0.00491099
2.04 2.76 0.00366153
2.04 2.82 0.00269244
2.04 2.88 0.00195262
2.04 2.94 0.00139661
2.04 3 0.000985197
2.1 -0.36 0.000186556
2.1 -0.3 0.00028175
2.1 -0.24 0.000419667
2.1 -0.18 0.000616511
2.1 -0.12 0.000893227
2.1 -0.06 0.00127635
2.1 9.71445e-15 0.00179874
2.1 0.06 0.00250009
2.1 0.12 0.00342715
2.1 0.18 0.00463331
2.1 0.24 0.00617808
2.1 0.3 0.00812445
2.1 0.36 0.0105372
2.1 0.42 0.0134786
2.1 0.48 0.0170042
2.1 0.54 0.0211571
2.1 0.6 0.0259625
2.1 0.66 0.0314214
2.1 0.72 0.0375052
2.1 0.78 0.0441515
2.1 0.84 0.0512617
2.1 0.9 0.0586978
2.1 0.96 0.0662896
2.1 1.02 0.0738342
2.1 1.08 0.081107
2.1 1.14 0.0878719
2.1 1.2 0.0938923
2.1 1.26 0.0989449
2.1 1.32 0.102837
2.1 1.38 0.105414
2.1 1.44 0.106569
2.1 1.5 0.106257
2.1 1.56 0.104489
2.1 1.62 0.101338
2.1 1.68 0.0969304
2.1 1.74 0.0914403
2.1 1.8 0.0850766
2.1 1.86 0.0780667
2.1 1.92 0.07065
2.1 1.98 0.0630589
2.1 2.04 0.0555101
2.1 2.1 0.0481931
2.1 2.16 0.0412657
2.1 2.22 0.0348483
2.1 2.28 0.0290241
2.1 2.34 0.0238413
2.1 2.4 0.0193147
2.1 2.46 0.0154326
2.1 2.52 0.0121611
2.1 2.58 0.00945151
2.1 2.64 0.00724457
2.1 2.7 0.00547669
2.1 2.76 0.0040833
2.1 2.82 0.00300257
2.1 2.88 0.00217751
2.1 2.94 0.00155747
2.1 3 0.00109868
2.16 -0.36 0.000205185
2.16 -0.3 0.000309886
2.16 -0.24 0.000461577
2.16 -0.18 0.000678064
2.16 -0.12 0.000982412
2.16 -0.06 0.0014038
2.16 9.71445e-15 0.00197836
2.16 0.06 0.00274974
2.16 0.12 0.00376931
2.16 0.18 0.00509605
2.16 0.24 0.00679494
2.16 0.3 0.00893572
2.16 0.36 0.0115895
2.16 0.42 0.0148247
2.16 0.48 0.0187024
2.16 0.54 0.02327
2.16 0.6 0.028555
2.16 0.66 0.034559
2.16 0.72 0.0412503
2.16 0.78 0.0485603
2.16 0.84 0.0563802
2.16 0.9 0.0645597
2.16 0.96 0.0729091
2.16 1.02 0.0812075
2.16 1.08 0.0892066
2.16 1.14 0.0966463
2.16 1.2 0.103267
2.16 1.26 0.108825
2.16 1.32 0.113106
2.16 1.38 0.11594
2.16 1.44 0.117211
2.16 1.5 0.116866
2.16 1.56 0.114922
2.16 1.62 0.111456
2.16 1.68 0.10661
2.16 1.74 0.100572
2.16 1.8 0.0935714
2.16 1.86 0.0858616
2.16 1.92 0.0777048
2.16 1.98 0.0693558
2.16 2.04 0.0610534
2.16 2.1 0.0530055
2.16 2.16 0.0453859
2.16 2.22 0.0383278
2.16 2.28 0.0319224
2.16 2.34 0.0262219
2.16 2.4 0.0212435
2.16 2.46 0.0169736
2.16 2.52 0.0133755
2.16 2.58 0.0103952
2.16 2.64 0.00796797
2.16 2.7 0.00602351
2.16 2.76 0.00449097
2.16 2.82 0.00330235
2.16 2.88 0.00239495
2.16 2.94 0.001713
2.16 3 0.00120839
2.16 3.06 0.0008407
2.22 -0.36 0.000222573
2.22 -0.3 0.000336142
2.22 -0.24 0.000500687
2.22 -0.18 0.000735529
2.22 -0.12 0.00106566
2.22 -0.06 0.00152274
2.22 9.71445e-15 0.00214596
2.22 0.06 0.00298273
2.22 0.12 0.00408877
2.22 0.18 0.00552784
2.22 0.24 0.00737072
2.22 0.3 0.00969297
2.22 0.36 0.0125715
2.22 0.42 0.0160807
2.22 0.48 0.020287
2.22 0.54 0.0252417
2.22 0.6 0.0309748
2.22 0.66 0.0374871
2.22 0.72 0.0447457
2.22 0.78 0.0526753
2.22 0.84 0.0611576
2.22 0.9 0.0700302
2.22 0.96 0.0790873
2.22 1.02 0.0880878
2.22 1.08 0.0967645
2.22 1.14 0.104835
2.22 1.2 0.112018
2.22 1.26 0.118047
2.22 1.32 0.122691
2.22 1.38 0.125764
2.22 1.44 0.127143
2.22 1.5 0.12677
2.22 1.56 0.12466
2.22 1.62 0.1209
2.22 1.68 0.115643
2.22 1.74 0.109093
2.22 1.8 0.1015
2.22 1.86 0.0931376
2.22 1.92 0.0842894
2.22 1.98 0.0752328
2.22 2.04 0.0662261
2.22 2.1 0.0574972
2.22 2.16 0.0492322
2.22 2.22 0.0415757
2.22 2.28 0.0346274
2.22 2.34 0.0284441
2.22 2.4 0.0230435
2.22 2.46 0.0184118
2.22 2.52 0.0145088
2.22 2.58 0.0112761
2.22 2.64 0.0086432
2.22 2.7 0.006534
2.22 2.76 0.0048716
2.22 2.82 0.00358222
2.22 2.88 0.00259789
2.22 2.94 0.00185816
2.22 3 0.00131077
2.22 3.06 0.000911947
2.28 -0.36 0.000238114
2.28 -0.3 0.000359615
2.28 -0.24 0.00053565
2.28 -0.18 0.000786886
2.28 -0.12 0.00114008
2.28 -0.06 0.00162909
2.28 9.71445e-15 0.00229584
2.28 0.06 0.003191
2.28 0.12 0.00437426
2.28 0.18 0.00591383
2.28 0.24 0.00788545
2.28 0.3 0.0103697
2.28 0.36 0.0134493
2.28 0.42 0.0172037
2.28 0.48 0.0217036
2.28 0.54 0.0270041
2.28 0.6 0.0331376
2.28 0.66 0.0401052
2.28 0.72 0.0478699
2.28 0.78 0.0563533
2.28 0.84 0.0654282
2.28 0.9 0.0749195
2.28 0.96 0.0846095
2.28 1.02 0.0942394
2.28 1.08 0.103522
2.28 1.14 0.112156
2.28 1.2 0.11984
2.28 1.26 0.126289
2.28 1.32 0.131258
2.28 1.38 0.134546
2.28 1.44 0.136021
2.28 1.5 0.135622
2.28 1.56 0.133365
2.28 1.62 0.129344
2.28 1.68 0.123719
2.28 1.74 0.116712
2.28 1.8 0.108588
2.28 1.86 0.099641
2.28 1.92 0.0901748
2.28 1.98 0.0804859
2.28 2.04 0.0708513
2.28 2.1 0.0615119
2.28 2.16 0.0526697
2.28 2.22 0.0444789
2.28 2.28 0.0370453
2.28 2.34 0.0304298
2.28 2.4 0.0246526
2.28 2.46 0.0196974
2.28 2.52 0.0155219
2.28 2.58 0.0120635
2.28 2.64 0.00924671
2.28 2.7 0.00699016
2.28 2.76 0.00521173
2.28 2.82 0.00383235
2.28 2.88 0.00277929
2.28 2.94 0.00198789
2.28 3 0.00140232
2.28 3.06 0.000975617
2.28 3.12 0.000669435
2.34 -0.36 0.000251238
2.34 -0.3 0.000379438
2.34 -0.24 0.000565176
2.34 -0.18 0.000830264
2.34 -0.12 0.00120292
2.34 -0.06 0.00171887
2.34 9.71445e-15 0.00242238
2.34 0.06 0.0033669
2.34 0.12 0.00461537
2.34 0.18 0.00623984
2.34 0.24 0.00832005
2.34 0.3 0.0109413
2.34 0.36 0.0141907
2.34 0.42 0.0181519
2.34 0.48 0.0228999
2.34 0.54 0.0284927
2.34 0.6 0.0349638
2.34 0.66 0.0423154
2.34 0.72 0.0505088
2.34 0.78 0.0594598
2.34 0.84 0.069034
2.34 0.9 0.0790497
2.34 0.96 0.089274
2.34 1.02 0.0994341
2.34 1.08 0.109228
2.34 1.14 0.118337
2.34 1.2 0.126445
2.34 1.26 0.133252
2.34 1.32 0.138492
2.34 1.38 0.141962
2.34 1.44 0.143519
2.34 1.5 0.143097
2.34 1.56 0.140716
2.34 1.62 0.136472
2.34 1.68 0.130537
2.34 1.74 0.123144
2.34 1.8 0.114573
2.34 1.86 0.105134
2.34 1.92 0.0951444
2.34 1.98 0.084923
2.34 2.04 0.074756
2.34 2.1 0.0649027
2.34 2.16 0.0555733
2.34 2.22 0.0469308
2.34 2.28 0.0390876
2.34 2.34 0.0321074
2.34 2.4 0.0260115
2.34 2.46 0.0207831
2.34 2.52 0.0163776
2.34 2.58 0.0127284
2.34 2.64 0.00975633
2.34 2.7 0.00737549
2.34 2.76 0.00549901
2.34 2.82 0.0040436
2.34 2.88 0.00293251
2.34 2.94 0.00209747
2.34 3 0.0014796
2.34 3.06 0.0010294
2.34 3.12 0.000706332
2.4 -0.3 0.000394848
2.4 -0.24 0.000588134
2.4 -0.18 0.000863983
2.4 -0.12 0.00125176
2.4 -0.06 0.00178869
2.4 9.71445e-15 0.00252078
2.4 0.06 0.00350364
2.4 0.12 0.00480281
2.4 0.18 0.00649331
2.4 0.24 0.00865796
2.4 0.3 0.0113858
2.4 0.36 0.014767
2.4 0.42 0.0188893
2.4 0.48 0.0238302
2.4 0.54 0.0296502
2.4 0.6 0.0363842
2.4 0.66 0.0440344
2.4 0.72 0.0525601
2.4 0.78 0.061875
2.4 0.84 0.0718381
2.4 0.9 0.0822609
2.4 0.96 0.0928997
2.4 1.02 0.103472
2.4 1.08 0.113665
2.4 1.14 0.123144
2.4 1.2 0.13158
2.4 1.26 0.138664
2.4 1.32 0.144117
2.4 1.38 0.147728
2.4 1.44 0.149348
2.4 1.5 0.148909
2.4 1.56 0.146431
2.4 1.62 0.142015
2.4 1.68 0.13584
2.4 1.74 0.128147
2.4 1.8 0.119226
2.4 1.86 0.109404
2.4 1.92 0.0990098
2.4 1.98 0.088372
2.4 2.04 0.077793
2.4 2.1 0.0675389
2.4 2.16 0.0578303
2.4 2.22 0.0488368
2.4 2.28 0.0406751
2.4 2.34 0.0334116
2.4 2.4 0.0270681
2.4 2.46 0.0216273
2.4 2.52 0.0170428
2.4 2.58 0.0132454
2.4 2.64 0.0101526
2.4 2.7 0.00767507
2.4 2.76 0.00572234
2.4 2.82 0.00420782
2.4 2.88 0.00305162
2.4 2.94 0.00218268
2.4 3 0.00153971
2.4 3.06 0.00107121
2.4 3.12 0.000735027
2.4 3.18 0.000497415
2.46 -0.3 0.000405241
2.46 -0.24 0.00060361
2.46 -0.18 0.000886714
2.46 -0.12 0.00128471
2.46 -0.06 0.00183576
2.46 9.71445e-15 0.00258712
2.46 0.06 0.00359586
2.46 0.12 0.00492917
2.46 0.18 0.00666416
2.46 0.24 0.00888584
2.46 0.3 0.0116853
2.46 0.36 0.0151556
2.46 0.42 0.0193864
2.46 0.48 0.0244573
2.46 0.54 0.0304304
2.46 0.6 0.0373416
2.46 0.66 0.0451932
2.46 0.72 0.0539433
2.46 0.78 0.063503
2.46 0.84 0.0737287
2.46 0.9 0.0844253
2.46 0.96 0.0953439
2.46 1.02 0.106196
2.46 1.08 0.116656
2.46 1.14 0.126385
2.46 1.2 0.135043
2.46 1.26 0.142312
2.46 1.32 0.14791
2.46 1.38 0.151616
2.46 1.44 0.153278
2.46 1.5 0.152827
2.46 1.56 0.150285
2.46 1.62 0.145753
2.46 1.68 0.139415
2.46 1.74 0.131519
2.46 1.8 0.122364
2.46 1.86 0.112282
2.46 1.92 0.101615
2.46 1.98 0.0906972
2.46 2.04 0.0798402
2.46 2.1 0.069316
2.46 2.16 0.0593518
2.46 2.22 0.0501217
2.46 2.28 0.0417452
2.46 2.34 0.0342906
2.46 2.4 0.0277803
2.46 2.46 0.0221965
2.46 2.52 0.0174913
2.46 2.58 0.013594
2.46 2.64 0.0104198
2.46 2.7 0.007877
2.46 2.76 0.00587289
2.46 2.82 0.00431852
2.46 2.88 0.00313191
2.46 2.94 0.00224011
2.46 3 0.00158023
2.46 3.06 0.00109939
2.46 3.12 0.00075437
2.46 3.18 0.000510502
2.52 -0.3 0.000410187
2.52 -0.24 0.000610978
2.52 -0.18 0.000897541
2.52 -0.12 0.0013004
2.52 -0.06 0.00185818
2.52 9.71445e-15 0.0026187
2.52 0.06 0.00363975
2.52 0.12 0.00498937
2.52 0.18 0.00674549
2.52 0.24 0.00899434
2.52 0.3 0.0118279
2.52 0.36 0.0153406
2.52 0.42 0.0196231
2.52 0.48 0.0247558
2.52 0.54 0.0308017
2.52 0.6 0.0377975
2.52 0.66 0.045745
2.52 0.72 0.0546017
2.52 0.78 0.0642782
2.52 0.84 0.0746289
2.52 0.9 0.0854555
2.52 0.96 0.0965079
2.52 1.02 0.107492
2.52 1.08 0.11808
2.52 1.14 0.127927
2.52 1.2 0.136692
2.52 1.26 0.144049
2.52 1.32 0.149716
2.52 1.38 0.153467
2.52 1.44 0.155149
2.52 1.5 0.154693
2.52 1.56 0.15212
2.52 1.62 0.147532
2.52 1.68 0.141117
2.52 1.74 0.133124
2.52 1.8 0.123858
2.52 1.86 0.113653
2.52 1.92 0.102856
2.52 1.98 0.0918044
2.52 2.04 0.0808149
2.52 2.1 0.0701622
2.52 2.16 0.0600763
2.52 2.22 0.0507337
2.52 2.28 0.0422548
2.52 2.34 0.034709
2.52 2.4 0.0281195
2.52 2.46 0.0224673
2.52 2.52 0.0177047
2.52 2.58 0.01376
2.52 2.64 0.010547
2.52 2.7 0.00797316
2.52 2.76 0.00594461
2.52 2.82 0.00437126
2.52 2.88 0.00317013
2.52 2.94 0.00226744
2.52 3 0.00159952
2.52 3.06 0.00111281
2.52 3.12 0.000763577
2.52 3.18 0.000516732
2.58 -0.3 0.000409484
2.58 -0.24 0.000609934
2.58 -0.18 0.000896008
2.58 -0.12 0.00129818
2.58 -0.06 0.00185501
2.58 9.71445e-15 0.00261422
2.58 0.06 0.00363352
2.58 0.12 0.00498087
2.58 0.18 0.00673394
2.58 0.24 0.008979
2.58 0.3 0.0118078
2.58 0.36 0.0153144
2.58 0.42 0.0195894
2.58 0.48 0.0247134
2.58 0.54 0.0307491
2.58 0.6 0.0377332
2.58 0.66 0.0456669
2.58 0.72 0.0545085
2.58 0.78 0.0641685
2.58 0.84 0.074502
2.58 0.9 0.0853096
2.58 0.96 0.0963425
2.58 1.02 0.107308
2.58 1.08 0.117878
2.58 1.14 0.12771
2.58 1.2 0.136459
2.58 1.26 0.143802
2.58 1.32 0.149461
2.58 1.38 0.153204
2.58 1.44 0.154884
2.58 1.5 0.154429
2.58 1.56 0.15186
2.58 1.62 0.147281
2.58 1.68 0.140876
2.58 1.74 0.132897
2.58 1.8 0.123647
2.58 1.86 0.113459
2.58 1.92 0.102681
2.58 1.98 0.091647
2.58 2.04 0.0806768
2.58 2.1 0.0700425
2.58 2.16 0.0599738
2.58 2.22 0.0506469
2.58 2.28 0.0421824
2.58 2.34 0.03465
2.58 2.4 0.0280715
2.58 2.46 0.0224291
2.58 2.52 0.0176745
2.58 2.58 0.0137365
2.58 2.64 0.0105291
2.58 2.7 0.0079596
2.58 2.76 0.00593448
2.58 2.82 0.0043638
2.58 2.88 0.00316471
2.58 2.94 0.00226358
2.58 3 0.00159679
2.58 3.06 0.00111092
2.58 3.12 0.000762269
2.58 3.18 0.00051585
2.58 3.24 0.000344295
2.64 -0.24 0.000600523
2.64 -0.18 0.000882181
2.64 -0.12 0.00127814
2.64 -0.06 0.00182637
2.64 9.71445e-15 0.00257388
2.64 0.06 0.00357748
2.64 0.12 0.00490401
2.64 0.18 0.0066301
2.64 0.24 0.0088404
2.64 0.3 0.0116257
2.64 0.36 0.0150782
2.64 0.42 0.0192873
2.64 0.48 0.0243323
2.64 0.54 0.0302749
2.64 0.6 0.0371511
2.64 0.66 0.0449619
2.64 0.72 0.0536676
2.64 0.78 0.0631782
2.64 0.84 0.0733523
2.64 0.9 0.0839942
2.64 0.96 0.0948567
2.64 1.02 0.105653
2.64 1.08 0.11606
2.64 1.14 0.12574
2.64 1.2 0.134353
2.64 1.26 0.141585
2.64 1.32 0.147155
2.64 1.38 0.150841
2.64 1.44 0.152494
2.64 1.5 0.152045
2.64 1.56 0.149516
2.64 1.62 0.145008
2.64 1.68 0.138701
2.64 1.74 0.130847
2.64 1.8 0.121739
2.64 1.86 0.111708
2.64 1.92 0.101097
2.64 1.98 0.0902336
2.64 2.04 0.0794318
2.64 2.1 0.0689614
2.64 2.16 0.0590482
2.64 2.22 0.0498654
2.64 2.28 0.0415319
2.64 2.34 0.0341156
2.64 2.4 0.0276382
2.64 2.46 0.0220831
2.64 2.52 0.0174018
2.64 2.58 0.0135244
2.64 2.64 0.0103666
2.64 2.7 0.00783682
2.64 2.76 0.00584293
2.64 2.82 0.00429646
2.64 2.88 0.0031159
2.64 2.94 0.00222867
2.64 3 0.00157214
2.64 3.06 0.00109378
2.64 3.12 0.000750514
2.64 3.18 0.000507892
2.64 3.24 0.000338979
2.7 -0.24 0.000583133
2.7 -0.18 0.000856642
2.7 -0.12 0.00124113
2.7 -0.06 0.00177348
2.7 9.71445e-15 0.00249933
2.7 0.06 0.00347385
2.7 0.12 0.00476201
2.7 0.18 0.00643808
2.7 0.24 0.00858437
2.7 0.3 0.0112889
2.7 0.36 0.0146415
2.7 0.42 0.0187286
2.7 0.48 0.0236275
2.7 0.54 0.0293979
2.7 0.6 0.0360749
2.7 0.66 0.0436599
2.7 0.72 0.0521132
2.7 0.78 0.061349
2.7 0.84 0.0712273
2.7 0.9 0.081561
2.7 0.96 0.0921099
2.7 1.02 0.102593
2.7 1.08 0.112698
2.7 1.14 0.122096
2.7 1.2 0.130462
2.7 1.26 0.137485
2.7 1.32 0.142893
2.7 1.38 0.146472
2.7 1.44 0.148079
2.7 1.5 0.147644
2.7 1.56 0.145186
2.7 1.62 0.140808
2.7 1.68 0.134685
2.7 1.74 0.127056
2.7 1.8 0.118213
2.7 1.86 0.108474
2.7 1.92 0.0981679
2.7 1.98 0.0876207
2.7 2.04 0.0771313
2.7 2.1 0.0669648
2.7 2.16 0.0573389
2.7 2.22 0.0484218
2.7 2.28 0.0403293
2.7 2.34 0.0331275
2.7 2.4 0.0268379
2.7 2.46 0.0214432
2.7 2.52 0.0168979
2.7 2.58 0.0131328
2.7 2.64 0.0100664
2.7 2.7 0.00760985
2.7 2.76 0.00567373
2.7 2.82 0.00417207
2.7 2.88 0.00302568
2.7 2.94 0.00216411
2.7 3 0.00152661
2.7 3.06 0.0010621
2.7 3.12 0.000728773
2.7 3.18 0.000493187
2.7 3.24 0.000329165
2.76 -0.24 0.000558454
2.76 -0.18 0.000820391
2.76 -0.12 0.00118862
2.76 -0.06 0.00169844
2.76 9.71445e-15 0.0023936
2.76 0.06 0.00332691
2.76 0.12 0.00456053
2.76 0.18 0.00616565
2.76 0.24 0.00822119
2.76 0.3 0.0108113
2.76 0.36 0.0140221
2.76 0.42 0.0179363
2.76 0.48 0.0226278
2.76 0.54 0.0281541
2.76 0.6 0.0345486
2.76 0.66 0.0418125
2.76 0.72 0.0499088
2.76 0.78 0.0587525
2.76 0.84 0.0682145
2.76 0.9 0.0781101
2.76 0.96 0.088213
2.76 1.02 0.0982527
2.76 1.08 0.107931
2.76 1.14 0.116932
2.76 1.2 0.124943
2.76 1.26 0.131668
2.76 1.32 0.136846
2.76 1.38 0.140276
2.76 1.44 0.141811
2.76 1.5 0.141396
2.76 1.56 0.139044
2.76 1.62 0.13485
2.76 1.68 0.128986
2.76 1.74 0.121681
2.76 1.8 0.113212
2.76 1.86 0.103884
2.76 1.92 0.0940147
2.76 1.98 0.0839138
2.76 2.04 0.0738678
2.76 2.1 0.0641306
2.76 2.16 0.0549123
2.76 2.22 0.0463728
2.76 2.28 0.038623
2.76 2.34 0.031726
2.76 2.4 0.0257021
2.76 2.46 0.0205363
2.76 2.52 0.0161829
2.76 2.58 0.0125771
2.76 2.64 0.00964041
2.76 2.7 0.00728787
2.76 2.76 0.00543368
2.76 2.82 0.00399553
2.76 2.88 0.00289765
2.76 2.94 0.00207255
2.76 3 0.00146202
2.76 3.06 0.00101717
2.76 3.12 0.000697941
2.76 3.18 0.000472316
2.76 3.24 0.000315237
2.82 -0.18 0.000774885
2.82 -0.12 0.00112268
2.82 -0.06 0.00160423
2.82 9.71445e-15 0.00226081
2.82 0.06 0.00314232
2.82 0.12 0.00430754
2.82 0.18 0.00582363
2.82 0.24 0.00776515
2.82 0.3 0.0102116
2.82 0.36 0.013244
2.82 0.42 0.0169412
2.82 0.48 0.0213725
2.82 0.54 0.0265924
2.82 0.6 0.0326323
2.82 0.66 0.0394933
2.82 0.72 0.0471396
2.82 0.78 0.055494
2.82 0.84 0.0644302
2.82 0.9 0.0737773
2.82 0.96 0.0833185
2.82 1.02 0.092801
2.82 1.08 0.101942
2.82 1.14 0.110445
2.82 1.2 0.118012
2.82 1.26 0.124363
2.82 1.32 0.129256
2.82 1.38 0.132493
2.82 1.44 0.133946
2.82 1.5 0.133553
2.82 1.56 0.131331
2.82 1.62 0.127371
2.82 1.68 0.121831
2.82 1.74 0.114931
2.82 1.8 0.106931
2.82 1.86 0.0981213
2.82 1.92 0.0887999
2.82 1.98 0.0792577
2.82 2.04 0.0697704
2.82 2.1 0.0605739
2.82 2.16 0.0518665
2.82 2.22 0.0438003
2.82 2.28 0.0364801
2.82 2.34 0.029966
2.82 2.4 0.0242767
2.82 2.46 0.019397
2.82 2.52 0.0152852
2.82 2.58 0.0118795
2.82 2.64 0.00910572
2.82 2.7 0.00688362
2.82 2.76 0.00513226
2.82 2.82 0.0037739
2.82 2.88 0.0027369
2.82 2.94 0.00195759
2.82 3 0.00138092
2.82 3.06 0.00096074
2.82 3.12 0.000659221
2.82 3.18 0.000446117
2.82 3.24 0.00029775
2.88 -0.18 0.000721842
2.88 -0.12 0.00104583
2.88 -0.06 0.00149442
2.88 9.71445e-15 0.00210606
2.88 0.06 0.00292723
2.88 0.12 0.00401267
2.88 0.18 0.00542495
2.88 0.24 0.0072336
2.88 0.3 0.00951244
2.88 0.36 0.0123376
2.88 0.42 0.0157816
2.88 0.48 0.0199095
2.88 0.54 0.0247718
2.88 0.6 0.0303981
2.88 0.66 0.0367898
2.88 0.72 0.0439129
2.88 0.78 0.0516949
2.88 0.84 0.0600196
2.88 0.9 0.0687262
2.88 0.96 0.0776157
2.88 1.02 0.0864494
2.88 1.08 0.0949645
2.88 1.14 0.102884
2.88 1.2 0.109934
2.88 1.26 0.11585
2.88 1.32 0.120407
2.88 1.38 0.123424
2.88 1.44 0.124776
2.88 1.5 0.124411
2.88 1.56 0.122341
2.88 1.62 0.118651
2.88 1.68 0.113491
2.88 1.74 0.107064
2.88 1.8 0.0996114
2.88 1.86 0.0914047
2.88 1.92 0.0827202
2.88 1.98 0.0738329
2.88 2.04 0.0649943
2.88 2.1 0.0564269
2.88 2.16 0.048316
2.88 2.22 0.0408022
2.88 2.28 0.0339831
2.88 2.34 0.0279145
2.88 2.4 0.0226147
2.88 2.46 0.0180691
2.88 2.52 0.0142388
2.88 2.58 0.0110663
2.88 2.64 0.00848229
2.88 2.7 0.00641235
2.88 2.76 0.00478092
2.88 2.82 0.00351556
2.88 2.88 0.00254955
2.88 2.94 0.00182355
2.88 3 0.00128639
2.88 3.06 0.00089497
2.88 3.12 0.000614096
2.88 3.18 0.000415578
2.88 3.24 0.00027737
2.88 3.3 0.00018258
2.94 -0.12 0.000960844
2.94 -0.06 0.00137297
2.94 9.71445e-15 0.00193491
2.94 0.06 0.00268935
2.94 0.12 0.00368659
2.94 0.18 0.00498417
2.94 0.24 0.00664574
2.94 0.3 0.00873953
2.94 0.36 0.011335
2.94 0.42 0.0144991
2.94 0.48 0.0182917
2.94 0.54 0.022759
2.94 0.6 0.0279279
2.94 0.66 0.0338
2.94 0.72 0.0403445
2.94 0.78 0.0474944
2.94 0.84 0.0551417
2.94 0.9 0.0631422
2.94 0.96 0.0713088
2.94 1.02 0.0794242
2.94 1.08 0.0872472
2.94 1.14 0.0945234
2.94 1.2 0.101
2.94 1.26 0.106437
2.94 1.32 0.110623
2.94 1.38 0.113394
2.94 1.44 0.114638
2.94 1.5 0.114301
2.94 1.56 0.112398
2.94 1.62 0.109009
2.94 1.68 0.104269
2.94 1.74 0.098363
2.94 1.8 0.0915163
2.94 1.86 0.0839773
2.94 1.92 0.0759981
2.94 1.98 0.0678333
2.94 2.04 0.0597126
2.94 2.1 0.051842
2.94 2.16 0.0443899
2.94 2.22 0.0374866
2.94 2.28 0.0312217
2.94 2.34 0.0256462
2.94 2.4 0.0207771
2.94 2.46 0.0166007
2.94 2.52 0.0130819
2.94 2.58 0.010167
2.94 2.64 0.00779302
2.94 2.7 0.00589128
2.94 2.76 0.00439241
2.94 2.82 0.00322988
2.94 2.88 0.00234239
2.94 2.94 0.00167539
2.94 3 0.00118185
2.94 3.06 0.000822244
2.94 3.12 0.000564194
2.94 3.18 0.000381809
2.94 3.24 0.000254829
2.94 3.3 0.000167742
3 -0.12 0.000870628
3 -0.06 0.00124407
3 9.71445e-15 0.00175325
3 0.06 0.00243685
3 0.12 0.00334044
3 0.18 0.00451621
3 0.24 0.00602179
3 0.3 0.00791898
3 0.36 0.0102707
3 0.42 0.0131379
3 0.48 0.0165743
3 0.54 0.0206222
3 0.6 0.0253058
3 0.66 0.0306268
3 0.72 0.0365564
3 0.78 0.0430352
3 0.84 0.0499646
3 0.9 0.0572139
3 0.96 0.0646134
3 1.02 0.071967
3 1.08 0.079056
3 1.14 0.085649
3 1.2 0.0915166
3 1.26 0.096443
3 1.32 0.100237
3 1.38 0.102747
3 1.44 0.103875
3 1.5 0.103569
3 1.56 0.101845
3 1.62 0.0987745
3 1.68 0.0944793
3 1.74 0.0891284
3 1.8 0.0829238
3 1.86 0.0760925
3 1.92 0.068863
3 1.98 0.0614642
3 2.04 0.0541065
3 2.1 0.0469746
3 2.16 0.0402221
3 2.22 0.0339669
3 2.28 0.0282902
3 2.34 0.0232383
3 2.4 0.0188264
3 2.46 0.0150421
3 2.52 0.0118536
3 2.58 0.00921241
3 2.64 0.00706136
3 2.7 0.00533814
3 2.76 0.00398
3 2.82 0.00292662
3 2.88 0.00212246
3 2.94 0.00151809
3 3 0.00107089
3 3.06 0.000745041
3 3.12 0.000511225
3 3.18 0.000345961
3 3.24 0.000230902
3 3.3 0.000151993
3.06 -0.06 0.00111177
3.06 9.71445e-15 0.0015668
3.06 0.06 0.00217771
3.06 0.12 0.0029852
3.06 0.18 0.00403593
3.06 0.24 0.00538143
3.06 0.3 0.00707681
3.06 0.36 0.00917849
3.06 0.42 0.0117407
3.06 0.48 0.0148117
3.06 0.54 0.0184291
3.06 0.6 0.0226148
3.06 0.66 0.0273699
3.06 0.72 0.0326689
3.06 0.78 0.0384586
3.06 0.84 0.0446515
3.06 0.9 0.0511293
3.06 0.96 0.0577418
3.06 1.02 0.0643139
3.06 1.08 0.0706489
3.06 1.14 0.0765407
3.06 1.2 0.0817848
3.06 1.26 0.0861865
3.06 1.32 0.0895772
3.06 1.38 0.0918211
3.06 1.44 0.0928281
3.06 1.5 0.0925548
3.06 1.56 0.0910152
3.06 1.62 0.0882707
3.06 1.68 0.0844322
3.06 1.74 0.0796502
3.06 1.8 0.0741056
3.06 1.86 0.0680003
3.06 1.92 0.06154
3.06 1.98 0.0549277
3.06 2.04 0.0483527
3.06 2.1 0.0419791
3.06 2.16 0.0359446
3.06 2.22 0.0303546
3.06 2.28 0.0252816
3.06 2.34 0.0207669
3.06 2.4 0.0168243
3.06 2.46 0.0134425
3.06 2.52 0.010593
3.06 2.58 0.00823276
3.06 2.64 0.00631044
3.06 2.7 0.00477047
3.06 2.76 0.00355674
3.06 2.82 0.00261538
3.06 2.88 0.00189674
3.06 2.94 0.00135664
3.06 3 0.000957014
3.06 3.06 0.000665807
3.06 3.12 0.000456859
3.06 3.18 0.000309169
3.06 3.24 0.000206348
3.06 3.3 0.00013583
3.12 -0.06 0.000979886
3.12 9.71445e-15 0.00138093
3.12 0.06 0.00191936
3.12 0.12 0.00263108
3.12 0.18 0.00355714
3.12 0.24 0.00474305
3.12 0.3 0.00623734
3.12 0.36 0.00808962
3.12 0.42 0.0103479
3.12 0.48 0.0130546
3.12 0.54 0.0162429
3.12 0.6 0.0199321
3.12 0.66 0.024123
3.12 0.72 0.0287934
3.12 0.78 0.0338963
3.12 0.84 0.0393548
3.12 0.9 0.0450638
3.12 0.96 0.0508918
3.12 1.02 0.0566842
3.12 1.08 0.0622676
3.12 1.14 0.0674612
3.12 1.2 0.0720831
3.12 1.26 0.075962
3.12 1.32 0.0789511
3.12 1.38 0.0809281
3.12 1.44 0.081816
3.12 1.5 0.0815753
3.12 1.56 0.0802185
3.12 1.62 0.0777995
3.12 1.68 0.0744161
3.12 1.74 0.0702012
3.12 1.8 0.065315
3.12 1.86 0.0599335
3.12 1.92 0.0542399
3.12 1.98 0.0484115
3.12 2.04 0.0426166
3.12 2.1 0.0369992
3.12 2.16 0.0316806
3.12 2.22 0.0267536
3.12 2.28 0.0222824
3.12 2.34 0.0183035
3.12 2.4 0.0148285
3.12 2.46 0.0118479
3.12 2.52 0.00933636
3.12 2.58 0.00725614
3.12 2.64 0.00556187
3.12 2.7 0.00420458
3.12 2.76 0.00313483
3.12 2.82 0.00230513
3.12 2.88 0.00167173
3.12 2.94 0.00119571
3.12 3 0.000843485
3.12 3.06 0.000586827
3.12 3.12 0.000402661
3.12 3.18 0.000272493
3.12 3.24 0.00018187
3.12 3.3 0.000119717
3.18 9.71445e-15 0.00120038
3.18 0.06 0.00166843
3.18 0.12 0.00228709
3.18 0.18 0.00309208
3.18 0.24 0.00412291
3.18 0.3 0.00542188
3.18 0.36 0.007032
3.18 0.42 0.00899503
3.18 0.48 0.0113479
3.18 0.54 0.0141193
3.18 0.6 0.0173262
3.18 0.66 0.020969
3.18 0.72 0.025029
3.18 0.78 0.0294645
3.18 0.84 0.0342094
3.18 0.9 0.0391724
3.18 0.96 0.0442383
3.18 1.02 0.0492732
3.18 1.08 0.0541269
3.18 1.14 0.0586413
3.18 1.2 0.0626584
3.18 1.26 0.0660308
3.18 1.32 0.0686289
3.18 1.38 0.0703477
3.18 1.44 0.0711186
3.18 1.5 0.0709098
3.18 1.56 0.0697302
3.18 1.62 0.0676275
3.18 1.68 0.0646863
3.18 1.74 0.0610229
3.18 1.8 0.0567756
3.18 1.86 0.0520973
3.18 1.92 0.0471485
3.18 1.98 0.0420823
3.18 2.04 0.0370445
3.18 2.1 0.0321617
3.18 2.16 0.0275385
3.18 2.22 0.0232557
3.18 2.28 0.0193692
3.18 2.34 0.0159105
3.18 2.4 0.0128897
3.18 2.46 0.0102989
3.18 2.52 0.00811569
3.18 2.58 0.00630741
3.18 2.64 0.00483469
3.18 2.7 0.00365487
3.18 2.76 0.00272498
3.18 2.82 0.00200375
3.18 2.88 0.00145316
3.18 2.94 0.00103939
3.18 3 0.0007332
3.18 3.06 0.000510107
3.18 3.12 0.000350017
3.18 3.18 0.000236865
3.18 3.24 0.00015809
3.18 3.3 0.000104064
3.24 0.06 0.00143036
3.24 0.12 0.00196075
3.24 0.18 0.00265088
3.24 0.24 0.00353459
3.24 0.3 0.0046482
3.24 0.36 0.00602862
3.24 0.42 0.0077115
3.24 0.48 0.00972862
3.24 0.54 0.0121046
3.24 0.6 0.0148537
3.24 0.66 0.0179769
3.24 0.72 0.0214576
3.24 0.78 0.0252604
3.24 0.84 0.0293276
3.24 0.9 0.0335828
3.24 0.96 0.0379262
3.24 1.02 0.0422424
3.24 1.08 0.0464032
3.24 1.14 0.0502731
3.24 1.2 0.0537175
3.24 1.26 0.0566093
3.24 1.32 0.0588358
3.24 1.38 0.0603096
3.24 1.44 0.0609712
3.24 1.5 0.060792
3.24 1.56 0.0597799
3.24 1.62 0.0579774
3.24 1.68 0.0554563
3.24 1.74 0.0523154
3.24 1.8 0.0486738
3.24 1.86 0.0446641
3.24 1.92 0.0404204
3.24 1.98 0.0360778
3.24 2.04 0.0317588
3.24 2.1 0.0275727
3.24 2.16 0.0236092
3.24 2.22 0.0199376
3.24 2.28 0.0166055
3.24 2.34 0.0136402
3.24 2.4 0.0110505
3.24 2.46 0.00882925
3.24 2.52 0.00695771
3.24 2.58 0.00540738
3.24 2.64 0.00414479
3.24 2.7 0.00313333
3.24 2.76 0.00233614
3.24 2.82 0.00171784
3.24 2.88 0.00124582
3.24 2.94 0.000891071
3.24 3 0.00062858
3.24 3.06 0.000437318
3.24 3.12 0.000300072
3.24 3.18 0.000203069
3.24 3.24 0.000135533
3.24 3.3 8.92149e-05
3.3 0.06 0.00120941
3.3 0.12 0.00165787
3.3 0.18 0.00224136
3.3 0.24 0.00298861
3.3 0.3 0.00393018
3.3 0.36 0.00509736
3.3 0.42 0.00652026
3.3 0.48 0.00822571
3.3 0.54 0.0102347
3.3 0.6 0.0125592
3.3 0.66 0.0151999
3.3 0.72 0.018143
3.3 0.78 0.0213581
3.3 0.84 0.0247976
3.3 0.9 0.0283949
3.3 0.96 0.0320675
3.3 1.02 0.0357171
3.3 1.08 0.0392353
3.3 1.14 0.0425077
3.3 1.2 0.0454199
3.3 1.26 0.0478643
3.3 1.32 0.0497471
3.3 1.38 0.0509935
3.3 1.44 0.051552
3.3 1.5 0.0514013
3.3 1.56 0.0505459
3.3 1.62 0.0490215
3.3 1.68 0.0468895
3.3 1.74 0.0442339
3.3 1.8 0.0411555
3.3 1.86 0.0377643
3.3 1.92 0.0341766
3.3 1.98 0.0305046
3.3 2.04 0.0268526
3.3 2.1 0.0233132
3.3 2.16 0.0199621
3.3 2.22 0.0168576
3.3 2.28 0.0140403
3.3 2.34 0.0115332
3.3 2.4 0.00934335
3.3 2.46 0.00746544
3.3 2.52 0.00588285
3.3 2.58 0.00457211
3.3 2.64 0.00350452
3.3 2.7 0.00264933
3.3 2.76 0.00197528
3.3 2.82 0.00145248
3.3 2.88 0.00105336
3.3 2.94 0.000753422
3.3 3 0.000531479
3.3 3.06 0.000369766
3.3 3.12 0.000253717
3.3 3.18 0.000171698
3.3 3.24 0.000114597
3.3 3.3 7.54337e-05
3.36 0.12 0.00138249
3.36 0.18 0.00186909
3.36 0.24 0.00249221
3.36 0.3 0.00327737
3.36 0.36 0.00425067
3.36 0.42 0.00543729
3.36 0.48 0.00685951
3.36 0.54 0.00853475
3.36 0.6 0.0104732
3.36 0.66 0.0126753
3.36 0.72 0.0151294
3.36 0.78 0.0178107
3.36 0.84 0.0206787
3.36 0.9 0.0236786
3.36 0.96 0.026741
3.36 1.02 0.0297846
3.36 1.08 0.0327184
3.36 1.14 0.035447
3.36 1.2 0.0378757
3.36 1.26 0.039914
3.36 1.32 0.0414844
3.36 1.38 0.0425235
3.36 1.44 0.0429899
3.36 1.5 0.0428633
3.36 1.56 0.0421503
3.36 1.62 0.0408793
3.36 1.68 0.0391016
3.36 1.74 0.036887
3.36 1.8 0.0343193
3.36 1.86 0.0314918
3.36 1.92 0.0285
3.36 1.98 0.0254377
3.36 2.04 0.0223927
3.36 2.1 0.0194411
3.36 2.16 0.0166464
3.36 2.22 0.0140576
3.36 2.28 0.0117082
3.36 2.34 0.00961746
3.36 2.4 0.00779155
3.36 2.46 0.00622539
3.36 2.52 0.00490576
3.36 2.58 0.0038127
3.36 2.64 0.00292245
3.36 2.7 0.00220927
3.36 2.76 0.00164718
3.36 2.82 0.00121122
3.36 2.88 0.000878404
3.36 2.94 0.000628278
3.36 3 0.000443206
3.36 3.06 0.000308344
3.36 3.12 0.000211577
3.36 3.18 0.00014318
3.36 3.24 9.55626e-05
3.36 3.3 6.29047e-05
3.42 0.18 0.00153721
3.42 0.24 0.00204968
3.42 0.3 0.00269545
3.42 0.36 0.00349596
3.42 0.42 0.00447184
3.42 0.48 0.0056415
3.42 0.54 0.00701932
3.42 0.6 0.00861352
3.42 0.66 0.0104246
3.42 0.72 0.0124431
3.42 0.78 0.0146482
3.42 0.84 0.017007
3.42 0.9 0.0194743
3.42 0.96 0.0219931
3.42 1.02 0.0244961
3.42 1.08 0.026909
3.42 1.14 0.0291532
3.42 1.2 0.0311503
3.42 1.26 0.0328272
3.42 1.32 0.0341181
3.42 1.38 0.0349732
3.42 1.44 0.0353564
3.42 1.5 0.0352527
3.42 1.56 0.0346659
3.42 1.62 0.0336204
3.42 1.68 0.0321584
3.42 1.74 0.0303373
3.42 1.8 0.0282257
3.42 1.86 0.0259003
3.42 1.92 0.0234394
3.42 1.98 0.0209212
3.42 2.04 0.0184165
3.42 2.1 0.015989
3.42 2.16 0.0136907
3.42 2.22 0.0115616
3.42 2.28 0.00962942
3.42 2.34 0.00790984
3.42 2.4 0.00640802
3.42 2.46 0.00512005
3.42 2.52 0.0040347
3.42 2.58 0.0031357
3.42 2.64 0.00240351
3.42 2.7 0.00181699
3.42 2.76 0.00135471
3.42 2.82 0.000996158
3.42 2.88 0.000722439
3.42 2.94 0.000516724
3.42 3 0.000364507
3.42 3.06 0.000253598
3.42 3.12 0.000174009
3.42 3.18 0.000117758
3.42 3.24 7.85946e-05
3.42 3.3 5.17351e-05
3.48 0.24 0.00166257
3.48 0.3 0.00218639
3.48 0.36 0.00283567
3.48 0.42 0.00362727
3.48 0.48 0.00457606
3.48 0.54 0.00569366
3.48 0.6 0.00698681
3.48 0.66 0.00845576
3.48 0.72 0.010093
3.48 0.78 0.0118816
3.48 0.84 0.013795
3.48 0.9 0.0157964
3.48 0.96 0.0178393
3.48 1.02 0.0198695
3.48 1.08 0.0218268
3.48 1.14 0.0236472
3.48 1.2 0.025267
3.48 1.26 0.0266272
3.48 1.32 0.0276747
3.48 1.38 0.0283678
3.48 1.44 0.0286789
3.48 1.5 0.0285945
3.48 1.56 0.0281187
3.48 1.62 0.0272708
3.48 1.68 0.0260849
3.48 1.74 0.0246077
3.48 1.8 0.0228948
3.48 1.86 0.0210085
3.48 1.92 0.0190127
3.48 1.98 0.0169698
3.48 2.04 0.0149383
3.48 2.1 0.0129692
3.48 2.16 0.0111049
3.48 2.22 0.00937796
3.48 2.28 0.00781072
3.48 2.34 0.00641597
3.48 2.4 0.00519778
3.48 2.46 0.00415305
3.48 2.52 0.00327268
3.48 2.58 0.00254347
3.48 2.64 0.0019496
3.48 2.7 0.00147383
3.48 2.76 0.00109885
3.48 2.82 0.000808015
3.48 2.88 0.000585993
3.48 2.94 0.000419135
3.48 3 0.000295664
3.48 3.06 0.000205702
3.48 3.12 0.000141145
3.48 3.18 9.55168e-05
3.48 3.24 6.375e-05
3.48 3.3 4.19639e-05
3.54 0.24 0.00133004
3.54 0.3 0.00174907
3.54 0.36 0.00226851
3.54 0.42 0.00290177
3.54 0.48 0.00366078
3.54 0.54 0.00455484
3.54 0.6 0.00558935
3.54 0.66 0.0067645
3.54 0.72 0.00807431
3.54 0.78 0.00950508
3.54 0.84 0.0110359
3.54 0.9 0.0126368
3.54 0.96 0.0142712
3.54 1.02 0.0158954
3.54 1.08 0.0174612
3.54 1.14 0.0189175
3.54 1.2 0.0202134
3.54 1.26 0.0213013
3.54 1.32 0.0221393
3.54 1.38 0.022694
3.54 1.44 0.0229426
3.54 1.5 0.0228753
3.54 1.56 0.0224948
3.54 1.62 0.0218164
3.54 1.68 0.0208675
3.54 1.74 0.0196858
3.54 1.8 0.0183157
3.54 1.86 0.0168064
3.54 1.92 0.0152099
3.54 1.98 0.0135756
3.54 2.04 0.0119505
3.54 2.1 0.0103752
3.54 2.16 0.00888376
3.54 2.22 0.00750222
3.54 2.28 0.00624845
3.54 2.34 0.00513265
3.54 2.4 0.00415814
3.54 2.46 0.0033224
3.54 2.52 0.00261808
3.54 2.58 0.00203475
3.54 2.64 0.00155965
3.54 2.7 0.00117904
3.54 2.76 0.000879065
3.54 2.82 0.0006464
3.54 2.88 0.000468782
3.54 2.94 0.000335301
3.54 3 0.000236527
3.54 3.06 0.000164559
3.54 3.12 0.000112914
3.54 3.18 7.64114e-05
3.54 3.24 5.09995e-05
3.54 3.3 3.35707e-05
3.6 0.3 0.00138
3.6 0.36 0.00178984
3.6 0.42 0.00228947
3.6 0.48 0.00288831
3.6 0.54 0.00359371
3.6 0.6 0.00440993
3.6 0.66 0.00533712
3.6 0.72 0.00637056
3.6 0.78 0.00749939
3.6 0.84 0.00870717
3.6 0.9 0.00997028
3.6 0.96 0.0112598
3.6 1.02 0.0125414
3.6 1.08 0.0137767
3.6 1.14 0.0149257
3.6 1.2 0.0159482
3.6 1.26 0.0168066
3.6 1.32 0.0174676
3.6 1.38 0.0179054
3.6 1.44 0.0181014
3.6 1.5 0.0180484
3.6 1.56 0.0177481
3.6 1.62 0.0172128
3.6 1.68 0.0164642
3.6 1.74 0.0155319
3.6 1.8 0.0144509
3.6 1.86 0.0132601
3.6 1.92 0.0120004
3.6 1.98 0.0107111
3.6 2.04 0.00942878
3.6 2.1 0.00818586
3.6 2.16 0.00700922
3.6 2.22 0.0059192
3.6 2.28 0.00492999
3.6 2.34 0.00404962
3.6 2.4 0.00328072
3.6 2.46 0.00262134
3.6 2.52 0.00206564
3.6 2.58 0.0016054
3.6 2.64 0.00123054
3.6 2.7 0.000930252
3.6 2.76 0.000693576
3.6 2.82 0.000510005
3.6 2.88 0.000369867
3.6 2.94 0.000264548
3.6 3 0.000186618
3.6 3.06 0.000129836
3.6 3.12 8.90881e-05
3.6 3.18 6.02882e-05
3.6 3.24 4.02381e-05
3.6 3.3 2.64869e-05
3.66 0.36 0.00139275
3.66 0.42 0.00178154
3.66 0.48 0.00224752
3.66 0.54 0.00279642
3.66 0.6 0.00343154
3.66 0.66 0.00415307
3.66 0.72 0.00495722
3.66 0.78 0.00583565
3.66 0.84 0.00677542
3.66 0.9 0.00775833
3.66 0.96 0.00876181
3.66 1.02 0.00975901
3.66 1.08 0.0107203
3.66 1.14 0.0116143
3.66 1.2 0.01241
3.66 1.26 0.013078
3.66 1.32 0.0135923
3.66 1.38 0.013933
3.66 1.44 0.0140855
3.66 1.5 0.0140443
3.66 1.56 0.0138105
3.66 1.62 0.013394
3.66 1.68 0.0128116
3.66 1.74 0.0120861
3.66 1.8 0.0112448
3.66 1.86 0.0103184
3.66 1.92 0.00933803
3.66 1.98 0.00833479
3.66 2.04 0.00733698
3.66 2.1 0.00636983
3.66 2.16 0.00545422
3.66 2.22 0.00460602
3.66 2.28 0.00383625
3.66 2.34 0.00315119
3.66 2.4 0.00255288
3.66 2.46 0.00203978
3.66 2.52 0.00160738
3.66 2.58 0.00124923
3.66 2.64 0.000957534
3.66 2.7 0.000723869
3.66 2.76 0.000539701
3.66 2.82 0.000396858
3.66 2.88 0.000287811
3.66 2.94 0.000205856
3.66 3 0.000145216
3.66 3.06 0.000101031
3.66 3.12 6.93234e-05
3.66 3.18 4.69132e-05
3.66 3.24 3.13112e-05
3.66 3.3 2.06107e-05
3.72 0.42 0.00136724
3.72 0.48 0.00172485
3.72 0.54 0.0021461
3.72 0.6 0.00263353
3.72 0.66 0.00318728
3.72 0.72 0.00380439
3.72 0.78 0.00447857
3.72 0.84 0.00519978
3.72 0.9 0.00595408
3.72 0.96 0.00672422
3.72 1.02 0.00748953
3.72 1.08 0.00822724
3.72 1.14 0.00891336
3.72 1.2 0.00952408
3.72 1.26 0.0100367
3.72 1.32 0.0104314
3.72 1.38 0.0106928
3.72 1.44 0.01081
3.72 1.5 0.0107783
3.72 1.56 0.010599
3.72 1.62 0.0102793
3.72 1.68 0.0098323
3.72 1.74 0.00927545
3.72 1.8 0.0086298
3.72 1.86 0.00791882
3.72 1.92 0.00716644
3.72 1.98 0.00639651
3.72 2.04 0.00563077
3.72 2.1 0.00488853
3.72 2.16 0.00418585
3.72 2.22 0.00353489
3.72 2.28 0.00294412
3.72 2.34 0.00241836
3.72 2.4 0.00195922
3.72 2.46 0.00156541
3.72 2.52 0.00123358
3.72 2.58 0.000958727
3.72 2.64 0.000734861
3.72 2.7 0.000555531
3.72 2.76 0.000414194
3.72 2.82 0.00030457
3.72 2.88 0.00022088
3.72 2.94 0.000157983
3.72 3 0.000111446
3.72 3.06 7.75354e-05
3.72 3.12 5.32021e-05
3.72 3.18 3.60035e-05
3.72 3.24 2.40299e-05
3.78 0.54 0.00162439
3.78 0.6 0.00199334
3.78 0.66 0.00241245
3.78 0.72 0.00287955
3.78 0.78 0.00338983
3.78 0.84 0.00393574
3.78 0.9 0.00450668
3.78 0.96 0.00508952
3.78 1.02 0.00566879
3.78 1.08 0.00622719
3.78 1.14 0.00674657
3.78 1.2 0.00720878
3.78 1.26 0.00759667
3.78 1.32 0.0078956
3.78 1.38 0.00809337
3.78 1.44 0.00818206
3.78 1.5 0.00815807
3.78 1.56 0.00802236
3.78 1.62 0.00778043
3.78 1.68 0.00744206
3.78 1.74 0.00702055
3.78 1.8 0.00653194
3.78 1.86 0.0059937
3.78 1.92 0.00542433
3.78 1.98 0.00484148
3.78 2.04 0.00426191
3.78 2.1 0.00370013
3.78 2.16 0.00316825
3.78 2.22 0.00267553
3.78 2.28 0.00222838
3.78 2.34 0.00183046
3.78 2.4 0.00148293
3.78 2.46 0.00118487
3.78 2.52 0.000933687
3.78 2.58 0.00072566
3.78 2.64 0.000556221
3.78 2.7 0.000420483
3.78 2.76 0.000313503
3.78 2.82 0.000230528
3.78 2.88 0.000167182
3.78 2.94 0.000119579
3.78 3 8.43536e-05
3.78 3.06 5.86868e-05
3.78 3.12 4.02686e-05
3.78 3.18 2.72508e-05
3.78 3.24 1.81881e-05
3.84 0.6 0.00148801
3.84 0.66 0.00180088
3.84 0.72 0.00214955
3.84 0.78 0.00253051
3.84 0.84 0.00293798
3.84 0.9 0.00336423
3.84 0.96 0.00379933
3.84 1.02 0.00423173
3.84 1.08 0.00464857
3.84 1.14 0.00503626
3.84 1.2 0.00538126
3.84 1.26 0.00567094
3.84 1.32 0.00589399
3.84 1.38 0.00604166
3.84 1.44 0.00610792
3.84 1.5 0.00608994
3.84 1.56 0.0059886
3.84 1.62 0.00580803
3.84 1.68 0.00555547
3.84 1.74 0.00524084
3.84 1.8 0.00487601
3.84 1.86 0.00447431
3.84 1.92 0.00404922
3.84 1.98 0.00361416
3.84 2.04 0.00318151
3.84 2.1 0.00276215
3.84 2.16 0.00236509
3.84 2.22 0.00199728
3.84 2.28 0.00166349
3.84 2.34 0.00136644
3.84 2.4 0.00110701
3.84 2.46 0.000884495
3.84 2.52 0.000697003
3.84 2.58 0.000541698
3.84 2.64 0.000415214
3.84 2.7 0.000313888
3.84 2.76 0.000234027
3.84 2.82 0.000172088
3.84 2.88 0.000124802
3.84 2.94 8.92652e-05
3.84 3 6.29696e-05
3.84 3.06 4.38092e-05
3.84 3.12 3.00605e-05
3.84 3.18 2.03428e-05
3.84 3.24 1.35773e-05
3.9 0.66 0.00132586
3.9 0.72 0.00158259
3.9 0.78 0.00186304
3.9 0.84 0.00216306
3.9 0.9 0.00247686
3.9 0.96 0.0027972
3.9 1.02 0.00311555
3.9 1.08 0.00342243
3.9 1.14 0.00370788
3.9 1.2 0.00396191
3.9 1.26 0.00417514
3.9 1.32 0.00433938
3.9 1.38 0.00444809
3.9 1.44 0.00449682
3.9 1.5 0.00448366
3.9 1.56 0.00440905
3.9 1.62 0.00427606
3.9 1.68 0.00409009
3.9 1.74 0.00385845
3.9 1.8 0.00358993
3.9 1.86 0.00329413
3.9 1.92 0.00298117
3.9 1.98 0.00266087
3.9 2.04 0.00234231
3.9 2.1 0.00203358
3.9 2.16 0.00174127
3.9 2.22 0.00147047
3.9 2.28 0.00122472
3.9 2.34 0.00100602
3.9 2.4 0.000815011
3.9 2.46 0.000651199
3.9 2.52 0.000513153
3.9 2.58 0.000398819
3.9 2.64 0.000305696
3.9 2.7 0.000231098
3.9 2.76 0.000172301
3.9 2.82 0.000126698
3.9 2.88 9.18833e-05
3.9 2.94 6.57202e-05
3.9 3 4.63601e-05
3.9 3.06 3.22542e-05
3.9 3.12 2.21313e-05
3.9 3.18 1.4977e-05
3.9 3.24 9.99612e-06
3.96 0.78 0.00135279
3.96 0.84 0.00157063
3.96 0.9 0.00179848
3.96 0.96 0.00203108
3.96 1.02 0.00226225
3.96 1.08 0.00248508
3.96 1.14 0.00269234
3.96 1.2 0.0028768
3.96 1.26 0.00303161
3.96 1.32 0.0031509
3.96 1.38 0.00322982
3.96 1.44 0.00326524
3.96 1.5 0.00325564
3.96 1.56 0.00320148
3.96 1.62 0.00310494
3.96 1.68 0.00296991
3.96 1.74 0.0028017
3.96 1.8 0.00260669
3.96 1.86 0.00239192
3.96 1.92 0.00216468
3.96 1.98 0.00193209
3.96 2.04 0.00170081
3.96 2.1 0.00147662
3.96 2.16 0.00126436
3.96 2.22 0.00106773
3.96 2.28 0.000889282
3.96 2.34 0.000730482
3.96 2.4 0.000591797
3.96 2.46 0.000472843
3.96 2.52 0.00037261
3.96 2.58 0.000289589
3.96 2.64 0.000221971
3.96 2.7 0.000167802
3.96 2.76 0.000125109
3.96 2.82 9.19965e-05
3.96 2.88 6.67179e-05
3.96 2.94 4.77201e-05
3.96 3 3.36631e-05
3.96 3.06 2.342e-05
3.96 3.12 1.607e-05
3.96 3.18 1.08751e-05
4.02 0.84 0.00112477
4.02 0.9 0.00128795
4.02 0.96 0.00145454
4.02 1.02 0.00162008
4.02 1.08 0.00177966
4.02 1.14 0.00192808
4.02 1.2 0.00206017
4.02 1.26 0.00217107
4.02 1.32 0.00225644
4.02 1.38 0.00231299
4.02 1.44 0.00233834
4.02 1.5 0.00233148
4.02 1.56 0.00229268
4.02 1.62 0.00222353
4.02 1.68 0.00212684
4.02 1.74 0.00200639
4.02 1.8 0.00186674
4.02 1.86 0.00171295
4.02 1.92 0.00155018
4.02 1.98 0.00138365
4.02 2.04 0.001218
4.02 2.1 0.00105746
4.02 2.16 0.000905453
4.02 2.22 0.000764643
4.02 2.28 0.000636853
4.02 2.34 0.000523125
4.02 2.4 0.000423803
4.02 2.46 0.00033862
4.02 2.52 0.00026684
4.02 2.58 0.000207384
4.02 2.64 0.000158959
4.02 2.7 0.000120169
4.02 2.76 8.95952e-05
4.02 2.82 6.58823e-05
4.02 2.88 4.77793e-05
4.02 2.94 3.4174e-05
4.02 3 2.41072e-05
4.02 3.06 1.6772e-05
4.02 3.12 1.15083e-05
4.02 3.18 7.78804e-06
4.08 0.96 0.00102733
4.08 1.02 0.00114424
4.08 1.08 0.00125695
4.08 1.14 0.00136178
4.08 1.2 0.00145506
4.08 1.26 0.0015334
4.08 1.32 0.00159371
4.08 1.38 0.00163364
4.08 1.44 0.00165155
4.08 1.5 0.00164669
4.08 1.56 0.00161928
4.08 1.62 0.00157046
4.08 1.68 0.00150217
4.08 1.74 0.0014171
4.08 1.8 0.00131845
4.08 1.86 0.00120983
4.08 1.92 0.00109489
4.08 1.98 0.000977255
4.08 2.04 0.000860265
4.08 2.1 0.000746872
4.08 2.16 0.000639511
4.08 2.22 0.000540058
4.08 2.28 0.000449802
4.08 2.34 0.00036948
4.08 2.4 0.000299329
4.08 2.46 0.000239163
4.08 2.52 0.000188467
4.08 2.58 0.000146472
4.08 2.64 0.000112272
4.08 2.7 8.48743e-05
4.08 2.76 6.32801e-05
4.08 2.82 4.65318e-05
4.08 2.88 3.37461e-05
4.08 2.94 2.4137e-05
4.08 3 1.70267e-05
4.08 3.06 1.18459e-05
4.08 3.12 8.12822e-06
4.08 3.18 5.50062e-06
4.14 1.08 0.000875574
4.14 1.14 0.000948596
4.14 1.2 0.00101358
4.14 1.26 0.00106813
4.14 1.32 0.00111015
4.14 1.38 0.00113797
4.14 1.44 0.00115044
4.14 1.5 0.00114705
4.14 1.56 0.00112797
4.14 1.62 0.00109396
4.14 1.68 0.00104639
4.14 1.74 0.000987128
4.14 1.8 0.000918415
4.14 1.86 0.000842746
4.14 1.92 0.000762684
4.14 1.98 0.000680735
4.14 2.04 0.000599247
4.14 2.1 0.000520257
4.14 2.16 0.00044547
4.14 2.22 0.000376192
4.14 2.28 0.000313323
4.14 2.34 0.000257372
4.14 2.4 0.000208508
4.14 2.46 0.000166598
4.14 2.52 0.000131282
4.14 2.58 0.00010203
4.14 2.64 7.82068e-05
4.14 2.7 5.91217e-05
4.14 2.76 4.40796e-05
4.14 2.82 3.2413e-05
4.14 2.88 2.35068e-05
4.14 2.94 1.68134e-05
4.14 3 1.18605e-05
4.14 3.06 8.25158e-06
4.14 3.12 5.66199e-06
4.2 1.2 0.000696338
4.2 1.26 0.000733816
4.2 1.32 0.000762682
4.2 1.38 0.000781793
4.2 1.44 0.000790362
4.2 1.5 0.000788038
4.2 1.56 0.000774928
4.2 1.62 0.00075156
4.2 1.68 0.000718878
4.2 1.74 0.000678165
4.2 1.8 0.000630957
4.2 1.86 0.000578971
4.2 1.92 0.000523967
4.2 1.98 0.000467672
4.2 2.04 0.000411688
4.2 2.1 0.00035742
4.2 2.16 0.000306041
4.2 2.22 0.000258448
4.2 2.28 0.000215255
4.2 2.34 0.000176815
4.2 2.4 0.000143246
4.2 2.46 0.000114454
4.2 2.52 9.01917e-05
4.2 2.58 7.0096e-05
4.2 2.64 5.37286e-05
4.2 2.7 4.06168e-05
4.2 2.76 3.0283e-05
4.2 2.82 2.22681e-05
4.2 2.88 1.61493e-05
4.2 2.94 1.15509e-05
4.2 3 8.14828e-06
4.2 3.06 5.66889e-06
4.26 1.38 0.000529712
4.26 1.44 0.000535521
4.26 1.5 0.000533948
4.26 1.56 0.000525065
4.26 1.62 0.000509232
4.26 1.68 0.000487087
4.26 1.74 0.000459499
4.26 1.8 0.000427515
4.26 1.86 0.00039229
4.26 1.92 0.000355023
4.26 1.98 0.000316876
4.26 2.04 0.000278945
4.26 2.1 0.000242176
4.26 2.16 0.000207363
4.26 2.22 0.000175115
4.26 2.28 0.000145849
4.26 2.34 0.000119804
4.26 2.4 9.70587e-05
4.26 2.46 7.75496e-05
4.26 2.52 6.11106e-05
4.26 2.58 4.74946e-05
4.26 2.64 3.64048e-05
4.26 2.7 2.75207e-05
4.26 2.76 2.05188e-05
4.26 2.82 1.50881e-05
4.26 2.88 1.09422e-05
4.32 1.62 0.000340294
4.32 1.68 0.000325494
4.32 1.74 0.000307059
4.32 1.8 0.000285688
4.32 1.86 0.000262147
4.32 1.92 0.000237245
4.32 1.98 0.000211752
4.32 2.04 0.000186404
4.32 2.1 0.000161834
4.32 2.16 0.00013857
4.32 2.22 0.00011702
4.32 2.28 9.74632e-05
4.32 2.34 8.00598e-05
4.32 2.4 6.48593e-05
4.32 2.46 5.18228e-05
4.32 2.52 4.0837e-05
4.32 2.58 3.17382e-05
4.32 2.64 2.43276e-05
4.38 2.04 0.000122853
4.38 2.1 0.000106659
4.38 2.16 9.13274e-05
4.38 2.22 7.71246e-05
