2678 0.06 0.06 0.0953055 -12 -12
-3.12 -0.78 1.00107e-05
-3.12 -0.72 1.31864e-05
-3.12 -0.66 1.71306e-05
-3.12 -0.6 2.19487e-05
-3.12 -0.54 2.77353e-05
-3.12 -0.48 3.4566e-05
-3.12 -0.42 4.24864e-05
-3.12 -0.36 5.15042e-05
-3.12 -0.3 6.15778e-05
-3.12 -0.24 7.26097e-05
-3.12 -0.18 8.4441e-05
-3.12 -0.12 9.68504e-05
-3.12 -0.06 0.000109557
-3.12 9.71445e-15 0.000122227
-3.12 0.06 0.000134488
-3.12 0.12 0.000145943
-3.06 -1.02 4.29199e-06
-3.06 -0.96 5.97536e-06
-3.06 -0.9 8.20456e-06
-3.06 -0.84 1.11105e-05
-3.06 -0.78 1.4839e-05
-3.06 -0.72 1.95461e-05
-3.06 -0.66 2.53927e-05
-3.06 -0.6 3.25345e-05
-3.06 -0.54 4.11121e-05
-3.06 -0.48 5.12368e-05
-3.06 -0.42 6.29779e-05
-3.06 -0.36 7.63446e-05
-3.06 -0.3 9.12771e-05
-3.06 -0.24 0.000107629
-3.06 -0.18 0.000125167
-3.06 -0.12 0.000143562
-3.06 -0.06 0.000162396
-3.06 9.71445e-15 0.000181176
-3.06 0.06 0.00019935
-3.06 0.12 0.000216333
-3.06 0.18 0.000231534
-3.06 0.24 0.000244397
-3.06 0.3 0.000254431
-3.06 0.36 0.000261233
-3 -1.14 3.10563e-06
-3 -1.08 4.44503e-06
-3 -1.02 6.27459e-06
-3 -0.96 8.73539e-06
-3 -0.9 1.19944e-05
-3 -0.84 1.62426e-05
-3 -0.78 2.16934e-05
-3 -0.72 2.85751e-05
-3 -0.66 3.7122e-05
-3 -0.6 4.75628e-05
-3 -0.54 6.01025e-05
-3 -0.48 7.49046e-05
-3 -0.42 9.2069e-05
-3 -0.36 0.00011161
-3 -0.3 0.000133439
-3 -0.24 0.000157346
-3 -0.18 0.000182986
-3 -0.12 0.000209875
-3 -0.06 0.00023741
-3 9.71445e-15 0.000264865
-3 0.06 0.000291434
-3 0.12 0.00031626
-3 0.18 0.000338483
-3 0.24 0.000357287
-3 0.3 0.000371956
-3 0.36 0.0003819
-3 0.42 0.000386726
-3 0.48 0.000386225
-3 0.54 0.000380425
-2.94 -1.2 3.08551e-06
-2.94 -1.14 4.4778e-06
-2.94 -1.08 6.40894e-06
-2.94 -1.02 9.04692e-06
-2.94 -0.96 1.25951e-05
-2.94 -0.9 1.7294e-05
-2.94 -0.84 2.34193e-05
-2.94 -0.78 3.12783e-05
-2.94 -0.72 4.11999e-05
-2.94 -0.66 5.35239e-05
-2.94 -0.6 6.85776e-05
-2.94 -0.54 8.66582e-05
-2.94 -0.48 0.000107999
-2.94 -0.42 0.000132747
-2.94 -0.36 0.000160923
-2.94 -0.3 0.000192396
-2.94 -0.24 0.000226866
-2.94 -0.18 0.000263832
-2.94 -0.12 0.000302605
-2.94 -0.06 0.000342305
-2.94 9.71445e-15 0.000381893
-2.94 0.06 0.000420197
-2.94 0.12 0.000455993
-2.94 0.18 0.00048804
-2.94 0.24 0.000515154
-2.94 0.3 0.0005363
-2.94 0.36 0.000550637
-2.94 0.42 0.000557592
-2.94 0.48 0.000556874
-2.94 0.54 0.000548504
-2.94 0.6 0.000532844
-2.94 0.66 0.000510511
-2.94 0.72 0.000482387
-2.88 -1.2 4.38766e-06
-2.88 -1.14 6.36747e-06
-2.88 -1.08 9.11362e-06
-2.88 -1.02 1.28649e-05
-2.88 -0.96 1.79104e-05
-2.88 -0.9 2.45922e-05
-2.88 -0.84 3.33026e-05
-2.88 -0.78 4.44783e-05
-2.88 -0.72 5.85871e-05
-2.88 -0.66 7.61114e-05
-2.88 -0.6 9.75188e-05
-2.88 -0.54 0.000123229
-2.88 -0.48 0.000153576
-2.88 -0.42 0.000188769
-2.88 -0.36 0.000228836
-2.88 -0.3 0.000273591
-2.88 -0.24 0.000322608
-2.88 -0.18 0.000375172
-2.88 -0.12 0.000430307
-2.88 -0.06 0.000486764
-2.88 9.71445e-15 0.000543055
-2.88 0.06 0.000597528
-2.88 0.12 0.000648429
-2.88 0.18 0.000693999
-2.88 0.24 0.000732555
-2.88 0.3 0.000762626
-2.88 0.36 0.000783016
-2.88 0.42 0.000792903
-2.88 0.48 0.00079188
-2.88 0.54 0.000779985
-2.88 0.6 0.00075771
-2.88 0.66 0.000725948
-2.88 0.72 0.000685962
-2.88 0.78 0.000639268
-2.88 0.84 0.000587567
-2.82 -1.2 6.15355e-06
-2.82 -1.14 8.93013e-06
-2.82 -1.08 1.27816e-05
-2.82 -1.02 1.80425e-05
-2.82 -0.96 2.51186e-05
-2.82 -0.9 3.44897e-05
-2.82 -0.84 4.67055e-05
-2.82 -0.78 6.23793e-05
-2.82 -0.72 8.21668e-05
-2.82 -0.66 0.000106743
-2.82 -0.6 0.000136767
-2.82 -0.54 0.000172823
-2.82 -0.48 0.000215386
-2.82 -0.42 0.000264742
-2.82 -0.36 0.000320935
-2.82 -0.3 0.000383702
-2.82 -0.24 0.000452447
-2.82 -0.18 0.000526169
-2.82 -0.12 0.000603487
-2.82 -0.06 0.00068267
-2.82 9.71445e-15 0.000761611
-2.82 0.06 0.000838013
-2.82 0.12 0.000909402
-2.82 0.18 0.000973308
-2.82 0.24 0.00102738
-2.82 0.3 0.00106956
-2.82 0.36 0.00109815
-2.82 0.42 0.00111202
-2.82 0.48 0.00111058
-2.82 0.54 0.00109391
-2.82 0.6 0.00106266
-2.82 0.66 0.00101812
-2.82 0.72 0.00096204
-2.82 0.78 0.000896556
-2.82 0.84 0.000824044
-2.82 0.9 0.000746982
-2.76 -1.2 8.51151e-06
-2.76 -1.14 1.2352e-05
-2.76 -1.08 1.76793e-05
-2.76 -1.02 2.49561e-05
-2.76 -0.96 3.47439e-05
-2.76 -0.9 4.77057e-05
-2.76 -0.84 6.46022e-05
-2.76 -0.78 8.62823e-05
-2.76 -0.72 0.000113653
-2.76 -0.66 0.000147646
-2.76 -0.6 0.000189173
-2.76 -0.54 0.000239046
-2.76 -0.48 0.000297921
-2.76 -0.42 0.00036619
-2.76 -0.36 0.000443912
-2.76 -0.3 0.000530735
-2.76 -0.24 0.000625819
-2.76 -0.18 0.000727793
-2.76 -0.12 0.000834741
-2.76 -0.06 0.000944258
-2.76 9.71445e-15 0.00105345
-2.76 0.06 0.00115913
-2.76 0.12 0.00125788
-2.76 0.18 0.00134627
-2.76 0.24 0.00142105
-2.76 0.3 0.0014794
-2.76 0.36 0.00151895
-2.76 0.42 0.00153813
-2.76 0.48 0.00153614
-2.76 0.54 0.00151308
-2.76 0.6 0.00146986
-2.76 0.66 0.00140825
-2.76 0.72 0.00133068
-2.76 0.78 0.00124011
-2.76 0.84 0.0011398
-2.76 0.9 0.00103322
-2.76 0.96 0.000923715
-2.76 1.02 0.000814479
-2.7 -1.26 7.89091e-06
-2.7 -1.2 1.16111e-05
-2.7 -1.14 1.68503e-05
-2.7 -1.08 2.41175e-05
-2.7 -1.02 3.40446e-05
-2.7 -0.96 4.7397e-05
-2.7 -0.9 6.50789e-05
-2.7 -0.84 8.81296e-05
-2.7 -0.78 0.000117704
-2.7 -0.72 0.000155042
-2.7 -0.66 0.000201416
-2.7 -0.6 0.000258068
-2.7 -0.54 0.000326104
-2.7 -0.48 0.000406417
-2.7 -0.42 0.000499546
-2.7 -0.36 0.000605571
-2.7 -0.3 0.000724019
-2.7 -0.24 0.000853722
-2.7 -0.18 0.000992835
-2.7 -0.12 0.00113874
-2.7 -0.06 0.00128814
-2.7 9.71445e-15 0.0014371
-2.7 0.06 0.00158127
-2.7 0.12 0.00171597
-2.7 0.18 0.00183654
-2.7 0.24 0.00193858
-2.7 0.3 0.00201816
-2.7 0.36 0.00207213
-2.7 0.42 0.00209828
-2.7 0.48 0.00209555
-2.7 0.54 0.00206409
-2.7 0.6 0.00200513
-2.7 0.66 0.00192109
-2.7 0.72 0.00181529
-2.7 0.78 0.00169173
-2.7 0.84 0.00155489
-2.7 0.9 0.00140949
-2.7 0.96 0.00126011
-2.7 1.02 0.0011111
-2.7 1.08 0.000966223
-2.7 1.14 0.000828696
-2.64 -1.26 1.06167e-05
-2.64 -1.2 1.5622e-05
-2.64 -1.14 2.2671e-05
-2.64 -1.08 3.24484e-05
-2.64 -1.02 4.58046e-05
-2.64 -0.96 6.3769e-05
-2.64 -0.9 8.75591e-05
-2.64 -0.84 0.000118572
-2.64 -0.78 0.000158362
-2.64 -0.72 0.000208595
-2.64 -0.66 0.00027099
-2.64 -0.6 0.00034721
-2.64 -0.54 0.000438749
-2.64 -0.48 0.000546798
-2.64 -0.42 0.000672098
-2.64 -0.36 0.000814756
-2.64 -0.3 0.000974106
-2.64 -0.24 0.00114863
-2.64 -0.18 0.00133577
-2.64 -0.12 0.00153209
-2.64 -0.06 0.00173309
-2.64 9.71445e-15 0.00193352
-2.64 0.06 0.00212746
-2.64 0.12 0.00230869
-2.64 0.18 0.00247094
-2.64 0.24 0.00260822
-2.64 0.3 0.00271528
-2.64 0.36 0.00278788
-2.64 0.42 0.00282308
-2.64 0.48 0.00281944
-2.64 0.54 0.00277708
-2.64 0.6 0.00269778
-2.64 0.66 0.0025847
-2.64 0.72 0.00244232
-2.64 0.78 0.00227607
-2.64 0.84 0.00209199
-2.64 0.9 0.00189635
-2.64 0.96 0.00169539
-2.64 1.02 0.0014949
-2.64 1.08 0.00129998
-2.64 1.14 0.00111496
-2.64 1.2 0.000943111
-2.58 -1.26 1.40875e-05
-2.58 -1.2 2.0729e-05
-2.58 -1.14 3.00828e-05
-2.58 -1.08 4.30566e-05
-2.58 -1.02 6.07788e-05
-2.58 -0.96 8.46172e-05
-2.58 -0.9 0.000116185
-2.58 -0.84 0.000157336
-2.58 -0.78 0.000210134
-2.58 -0.72 0.000276794
-2.58 -0.66 0.000359588
-2.58 -0.6 0.00046072
-2.58 -0.54 0.000582192
-2.58 -0.48 0.00072557
-2.58 -0.42 0.000891825
-2.58 -0.36 0.00108111
-2.58 -0.3 0.00129257
-2.58 -0.24 0.00152412
-2.58 -0.18 0.0017725
-2.58 -0.12 0.00203299
-2.58 -0.06 0.00229968
-2.58 9.71445e-15 0.00256565
-2.58 0.06 0.002823
-2.58 0.12 0.00306348
-2.58 0.18 0.00327875
-2.58 0.24 0.00346092
-2.58 0.3 0.00360299
-2.58 0.36 0.00369931
-2.58 0.42 0.00374601
-2.58 0.48 0.00374119
-2.58 0.54 0.00368498
-2.58 0.6 0.00357975
-2.58 0.66 0.0034297
-2.58 0.72 0.0032408
-2.58 0.78 0.0030202
-2.58 0.84 0.0027759
-2.58 0.9 0.00251635
-2.58 0.96 0.00224968
-2.58 1.02 0.00198361
-2.58 1.08 0.00172498
-2.58 1.14 0.00147946
-2.58 1.2 0.00125144
-2.58 1.26 0.00104401
-2.52 -1.26 1.84362e-05
-2.52 -1.2 2.71283e-05
-2.52 -1.14 3.9369e-05
-2.52 -1.08 5.63484e-05
-2.52 -1.02 7.95415e-05
-2.52 -0.96 0.000110737
-2.52 -0.9 0.000152049
-2.52 -0.84 0.000205904
-2.52 -0.78 0.000275002
-2.52 -0.72 0.000362238
-2.52 -0.66 0.000470584
-2.52 -0.6 0.000602943
-2.52 -0.54 0.000761901
-2.52 -0.48 0.000949542
-2.52 -0.42 0.00116713
-2.52 -0.36 0.00141486
-2.52 -0.3 0.00169157
-2.52 -0.24 0.00199464
-2.52 -0.18 0.00231965
-2.52 -0.12 0.00266051
-2.52 -0.06 0.00300959
-2.52 9.71445e-15 0.00335762
-2.52 0.06 0.00369443
-2.52 0.12 0.00400915
-2.52 0.18 0.00429088
-2.52 0.24 0.00452925
-2.52 0.3 0.00471519
-2.52 0.36 0.00484126
-2.52 0.42 0.00490242
-2.52 0.48 0.00489605
-2.52 0.54 0.00482255
-2.52 0.6 0.00468478
-2.52 0.66 0.00448846
-2.52 0.72 0.00424122
-2.52 0.78 0.00395252
-2.52 0.84 0.00363285
-2.52 0.9 0.00329312
-2.52 0.96 0.00294411
-2.52 1.02 0.00259595
-2.52 1.08 0.00225749
-2.52 1.14 0.00193616
-2.52 1.2 0.00163775
-2.52 1.26 0.00136629
-2.52 1.32 0.00112416
-2.46 -1.26 2.37959e-05
-2.46 -1.2 3.50142e-05
-2.46 -1.14 5.08139e-05
-2.46 -1.08 7.27283e-05
-2.46 -1.02 0.000102664
-2.46 -0.96 0.00014293
-2.46 -0.9 0.000196251
-2.46 -0.84 0.000265763
-2.46 -0.78 0.000354945
-2.46 -0.72 0.000467537
-2.46 -0.66 0.000607391
-2.46 -0.6 0.000778222
-2.46 -0.54 0.0009834
-2.46 -0.48 0.00122558
-2.46 -0.42 0.0015064
-2.46 -0.36 0.00182616
-2.46 -0.3 0.00218333
-2.46 -0.24 0.00257447
-2.46 -0.18 0.00299395
-2.46 -0.12 0.00343398
-2.46 -0.06 0.00388449
-2.46 9.71445e-15 0.00433373
-2.46 0.06 0.00476841
-2.46 0.12 0.00517462
-2.46 0.18 0.00553825
-2.46 0.24 0.00584598
-2.46 0.3 0.00608589
-2.46 0.36 0.00624865
-2.46 0.42 0.00632753
-2.46 0.48 0.00631938
-2.46 0.54 0.0062244
-2.46 0.6 0.00604669
-2.46 0.66 0.00579326
-2.46 0.72 0.00547413
-2.46 0.78 0.00510147
-2.46 0.84 0.00468889
-2.46 0.9 0.0042504
-2.46 0.96 0.00380001
-2.46 1.02 0.00335062
-2.46 1.08 0.00291374
-2.46 1.14 0.00249902
-2.46 1.2 0.00211386
-2.46 1.26 0.00176347
-2.46 1.32 0.00145094
-2.46 1.38 0.00117741
-2.4 -1.26 3.0291e-05
-2.4 -1.2 4.45719e-05
-2.4 -1.14 6.46832e-05
-2.4 -1.08 9.25806e-05
-2.4 -1.02 0.000130688
-2.4 -0.96 0.000181944
-2.4 -0.9 0.000249819
-2.4 -0.84 0.000338305
-2.4 -0.78 0.00045183
-2.4 -0.72 0.000595164
-2.4 -0.66 0.000773181
-2.4 -0.6 0.000990651
-2.4 -0.54 0.00125182
-2.4 -0.48 0.00156013
-2.4 -0.42 0.00191762
-2.4 -0.36 0.00232462
-2.4 -0.3 0.00277931
-2.4 -0.24 0.00327721
-2.4 -0.18 0.00381122
-2.4 -0.12 0.0043713
-2.4 -0.06 0.00494483
-2.4 9.71445e-15 0.00551663
-2.4 0.06 0.00607005
-2.4 0.12 0.00658713
-2.4 0.18 0.00704994
-2.4 0.24 0.00744167
-2.4 0.3 0.00774712
-2.4 0.36 0.00795433
-2.4 0.42 0.00805473
-2.4 0.48 0.00804422
-2.4 0.54 0.00792346
-2.4 0.6 0.00769712
-2.4 0.66 0.00737456
-2.4 0.72 0.00696841
-2.4 0.78 0.00649406
-2.4 0.84 0.00596882
-2.4 0.9 0.00541065
-2.4 0.96 0.00483725
-2.4 1.02 0.00426519
-2.4 1.08 0.00370907
-2.4 1.14 0.00318114
-2.4 1.2 0.00269084
-2.4 1.26 0.00224485
-2.4 1.32 0.00184702
-2.4 1.38 0.0014988
-2.4 1.44 0.00119952
-2.34 -1.32 2.54897e-05
-2.34 -1.26 3.80293e-05
-2.34 -1.2 5.59582e-05
-2.34 -1.14 8.12082e-05
-2.34 -1.08 0.000116231
-2.34 -1.02 0.000164073
-2.34 -0.96 0.000228423
-2.34 -0.9 0.000313639
-2.34 -0.84 0.000424728
-2.34 -0.78 0.000567254
-2.34 -0.72 0.000747207
-2.34 -0.66 0.000970708
-2.34 -0.6 0.00124372
-2.34 -0.54 0.00157163
-2.34 -0.48 0.00195868
-2.34 -0.42 0.00240749
-2.34 -0.36 0.00291846
-2.34 -0.3 0.0034893
-2.34 -0.24 0.0041144
-2.34 -0.18 0.00478486
-2.34 -0.12 0.00548805
-2.34 -0.06 0.00620802
-2.34 9.71445e-15 0.00692597
-2.34 0.06 0.00762073
-2.34 0.12 0.00826986
-2.34 0.18 0.00885093
-2.34 0.24 0.00934273
-2.34 0.3 0.0097262
-2.34 0.36 0.00998632
-2.34 0.42 0.0101124
-2.34 0.48 0.0100993
-2.34 0.54 0.00994762
-2.34 0.6 0.00966349
-2.34 0.66 0.00925851
-2.34 0.72 0.00874858
-2.34 0.78 0.00815306
-2.34 0.84 0.00749361
-2.34 0.9 0.00679289
-2.34 0.96 0.00607303
-2.34 1.02 0.00535475
-2.34 1.08 0.00465661
-2.34 1.14 0.00399377
-2.34 1.2 0.00337827
-2.34 1.26 0.00281833
-2.34 1.32 0.00231886
-2.34 1.38 0.00188168
-2.34 1.44 0.00150595
-2.34 1.5 0.00118867
-2.28 -1.32 3.15615e-05
-2.28 -1.26 4.70884e-05
-2.28 -1.2 6.92874e-05
-2.28 -1.14 0.000100553
-2.28 -1.08 0.000143918
-2.28 -1.02 0.000203156
-2.28 -0.96 0.000282837
-2.28 -0.9 0.000388352
-2.28 -0.84 0.000525904
-2.28 -0.78 0.000702379
-2.28 -0.72 0.000925193
-2.28 -0.66 0.00120194
-2.28 -0.6 0.00153998
-2.28 -0.54 0.001946
-2.28 -0.48 0.00242525
-2.28 -0.42 0.00298096
-2.28 -0.36 0.00361366
-2.28 -0.3 0.00432048
-2.28 -0.24 0.00509445
-2.28 -0.18 0.00592463
-2.28 -0.12 0.00679535
-2.28 -0.06 0.0076868
-2.28 9.71445e-15 0.00857581
-2.28 0.06 0.00943601
-2.28 0.12 0.0102398
-2.28 0.18 0.0109593
-2.28 0.24 0.0115683
-2.28 0.3 0.0120431
-2.28 0.36 0.0123651
-2.28 0.42 0.0125212
-2.28 0.48 0.012505
-2.28 0.54 0.0123171
-2.28 0.6 0.0119654
-2.28 0.66 0.011464
-2.28 0.72 0.0108325
-2.28 0.78 0.0100951
-2.28 0.84 0.00927861
-2.28 0.9 0.00841098
-2.28 0.96 0.00751967
-2.28 1.02 0.00663033
-2.28 1.08 0.00576584
-2.28 1.14 0.00494515
-2.28 1.2 0.004183
-2.28 1.26 0.00348966
-2.28 1.32 0.00287121
-2.28 1.38 0.0023299
-2.28 1.44 0.00186467
-2.28 1.5 0.00147182
-2.28 1.56 0.00114576
-2.22 -1.32 3.85425e-05
-2.22 -1.26 5.75039e-05
-2.22 -1.2 8.46134e-05
-2.22 -1.14 0.000122794
-2.22 -1.08 0.000175751
-2.22 -1.02 0.000248093
-2.22 -0.96 0.000345397
-2.22 -0.9 0.000474249
-2.22 -0.84 0.000642229
-2.22 -0.78 0.000857739
-2.22 -0.72 0.00112983
-2.22 -0.66 0.00146779
-2.22 -0.6 0.00188061
-2.22 -0.54 0.00237644
-2.22 -0.48 0.00296168
-2.22 -0.42 0.00364031
-2.22 -0.36 0.00441299
-2.22 -0.3 0.00527612
-2.22 -0.24 0.00622132
-2.22 -0.18 0.00723505
-2.22 -0.12 0.00829839
-2.22 -0.06 0.00938705
-2.22 9.71445e-15 0.0104727
-2.22 0.06 0.0115231
-2.22 0.12 0.0125047
-2.22 0.18 0.0133834
-2.22 0.24 0.0141271
-2.22 0.3 0.0147068
-2.22 0.36 0.0151002
-2.22 0.42 0.0152908
-2.22 0.48 0.0152711
-2.22 0.54 0.0150415
-2.22 0.6 0.0146121
-2.22 0.66 0.0139997
-2.22 0.72 0.0132285
-2.22 0.78 0.012328
-2.22 0.84 0.0113309
-2.22 0.9 0.0102713
-2.22 0.96 0.00918293
-2.22 1.02 0.00809692
-2.22 1.08 0.00704118
-2.22 1.14 0.00603899
-2.22 1.2 0.00510824
-2.22 1.26 0.00426153
-2.22 1.32 0.00350628
-2.22 1.38 0.00284525
-2.22 1.44 0.0022771
-2.22 1.5 0.00179737
-2.22 1.56 0.00139919
-2.22 1.62 0.00107424
-2.16 -1.32 4.64205e-05
-2.16 -1.26 6.9258e-05
-2.16 -1.2 0.000101909
-2.16 -1.14 0.000147894
-2.16 -1.08 0.000211676
-2.16 -1.02 0.000298804
-2.16 -0.96 0.000415995
-2.16 -0.9 0.00057119
-2.16 -0.84 0.0007735
-2.16 -0.78 0.00103307
-2.16 -0.72 0.00136076
-2.16 -0.66 0.0017678
-2.16 -0.6 0.002265
-2.16 -0.54 0.00286217
-2.16 -0.48 0.00356703
-2.16 -0.42 0.00438439
-2.16 -0.36 0.00531502
-2.16 -0.3 0.00635452
-2.16 -0.24 0.00749299
-2.16 -0.18 0.00871392
-2.16 -0.12 0.00999454
-2.16 -0.06 0.0113057
-2.16 9.71445e-15 0.0126133
-2.16 0.06 0.0138784
-2.16 0.12 0.0150606
-2.16 0.18 0.0161191
-2.16 0.24 0.0170146
-2.16 0.3 0.0177131
-2.16 0.36 0.0181866
-2.16 0.42 0.0184163
-2.16 0.48 0.0183926
-2.16 0.54 0.0181161
-2.16 0.6 0.0175989
-2.16 0.66 0.0168613
-2.16 0.72 0.0159324
-2.16 0.78 0.0148478
-2.16 0.84 0.013647
-2.16 0.9 0.0123708
-2.16 0.96 0.0110599
-2.16 1.02 0.00975194
-2.16 1.08 0.00848044
-2.16 1.14 0.00727339
-2.16 1.2 0.00615239
-2.16 1.26 0.00513258
-2.16 1.32 0.00422295
-2.16 1.38 0.00342683
-2.16 1.44 0.00274253
-2.16 1.5 0.00216475
-2.16 1.56 0.0016852
-2.16 1.62 0.00129383
-2.16 1.68 0.000979708
-2.1 -1.32 5.51405e-05
-2.1 -1.26 8.22672e-05
-2.1 -1.2 0.000121052
-2.1 -1.14 0.000175675
-2.1 -1.08 0.000251439
-2.1 -1.02 0.000354929
-2.1 -0.96 0.000494138
-2.1 -0.9 0.000678486
-2.1 -0.84 0.000918794
-2.1 -0.78 0.00122712
-2.1 -0.72 0.0016164
-2.1 -0.66 0.00209988
-2.1 -0.6 0.00269046
-2.1 -0.54 0.00339982
-2.1 -0.48 0.00423712
-2.1 -0.42 0.00520801
-2.1 -0.36 0.00631338
-2.1 -0.3 0.00754821
-2.1 -0.24 0.00890049
-2.1 -0.18 0.0103509
-2.1 -0.12 0.011872
-2.1 -0.06 0.0134294
-2.1 9.71445e-15 0.0149826
-2.1 0.06 0.0164855
-2.1 0.12 0.0178898
-2.1 0.18 0.019147
-2.1 0.24 0.0202106
-2.1 0.3 0.0210404
-2.1 0.36 0.0216028
-2.1 0.42 0.0218757
-2.1 0.48 0.0218475
-2.1 0.54 0.0215193
-2.1 0.6 0.0209048
-2.1 0.66 0.0200286
-2.1 0.72 0.0189253
-2.1 0.78 0.0176371
-2.1 0.84 0.0162105
-2.1 0.9 0.0146947
-2.1 0.96 0.0131375
-2.1 1.02 0.0115837
-2.1 1.08 0.0100734
-2.1 1.14 0.00863961
-2.1 1.2 0.00730804
-2.1 1.26 0.00609672
-2.1 1.32 0.00501628
-2.1 1.38 0.00407054
-2.1 1.44 0.00325775
-2.1 1.5 0.00257138
-2.1 1.56 0.00200175
-2.1 1.62 0.00153687
-2.1 1.68 0.00116375
-2.1 1.74 0.000869088
-2.04 -1.32 6.45984e-05
-2.04 -1.26 9.63776e-05
-2.04 -1.2 0.000141816
-2.04 -1.14 0.000205806
-2.04 -1.08 0.000294567
-2.04 -1.02 0.000415811
-2.04 -0.96 0.00057889
-2.04 -0.9 0.000794849
-2.04 -0.84 0.00107638
-2.04 -0.78 0.0014376
-2.04 -0.72 0.00189364
-2.04 -0.66 0.00246005
-2.04 -0.6 0.00315196
-2.04 -0.54 0.00398295
-2.04 -0.48 0.00496387
-2.04 -0.42 0.00610127
-2.04 -0.36 0.0073963
-2.04 -0.3 0.00884291
-2.04 -0.24 0.0104272
-2.04 -0.18 0.0121262
-2.04 -0.12 0.0139083
-2.04 -0.06 0.015733
-2.04 9.71445e-15 0.0175524
-2.04 0.06 0.0193132
-2.04 0.12 0.0209582
-2.04 0.18 0.0224308
-2.04 0.24 0.0236772
-2.04 0.3 0.0246489
-2.04 0.36 0.0253083
-2.04 0.42 0.025628
-2.04 0.48 0.0255946
-2.04 0.54 0.0252103
-2.04 0.6 0.0244901
-2.04 0.66 0.0234639
-2.04 0.72 0.0221715
-2.04 0.78 0.0206622
-2.04 0.84 0.0189911
-2.04 0.9 0.0172151
-2.04 0.96 0.0153908
-2.04 1.02 0.0135706
-2.04 1.08 0.0118013
-2.04 1.14 0.0101215
-2.04 1.2 0.00856155
-2.04 1.26 0.00714248
-2.04 1.32 0.00587665
-2.04 1.38 0.00476876
-2.04 1.44 0.00381651
-2.04 1.5 0.00301245
-2.04 1.56 0.00234507
-2.04 1.62 0.00180047
-2.04 1.68 0.00136333
-2.04 1.74 0.00101815
-1.98 -1.32 7.46372e-05
-1.98 -1.26 0.000111356
-1.98 -1.2 0.000163856
-1.98 -1.14 0.000237792
-1.98 -1.08 0.000340346
-1.98 -1.02 0.000480433
-1.98 -0.96 0.000668863
-1.98 -0.9 0.000918394
-1.98 -0.84 0.00124368
-1.98 -0.78 0.00166103
-1.98 -0.72 0.00218794
-1.98 -0.66 0.00284237
-1.98 -0.6 0.00364182
-1.98 -0.54 0.00460195
-1.98 -0.48 0.00573531
-1.98 -0.42 0.00704957
-1.98 -0.36 0.0085458
-1.98 -0.3 0.0102173
-1.98 -0.24 0.0120477
-1.98 -0.18 0.0140108
-1.98 -0.12 0.0160698
-1.98 -0.06 0.0181781
-1.98 9.71445e-15 0.0202802
-1.98 0.06 0.0223146
-1.98 0.12 0.0242157
-1.98 0.18 0.0259173
-1.98 0.24 0.027357
-1.98 0.3 0.0284802
-1.98 0.36 0.0292417
-1.98 0.42 0.0296106
-1.98 0.48 0.0295725
-1.98 0.54 0.0291284
-1.98 0.6 0.0282965
-1.98 0.66 0.0271102
-1.98 0.72 0.0256171
-1.98 0.78 0.0238735
-1.98 0.84 0.0219424
-1.98 0.9 0.0198906
-1.98 0.96 0.0177827
-1.98 1.02 0.0156796
-1.98 1.08 0.0136353
-1.98 1.14 0.0116946
-1.98 1.2 0.00989203
-1.98 1.26 0.00825246
-1.98 1.32 0.00679002
-1.98 1.38 0.00550988
-1.98 1.44 0.00440967
-1.98 1.5 0.00348058
-1.98 1.56 0.00270954
-1.98 1.62 0.00208031
-1.98 1.68 0.00157523
-1.98 1.74 0.00117639
-1.98 1.8 0.00086646
-1.92 -1.32 8.50523e-05
-1.92 -1.26 0.000126895
-1.92 -1.2 0.000186719
-1.92 -1.14 0.000270973
-1.92 -1.08 0.000387837
-1.92 -1.02 0.000547469
-1.92 -0.96 0.000762186
-1.92 -0.9 0.00104654
-1.92 -0.84 0.00141721
-1.92 -0.78 0.00189279
-1.92 -0.72 0.00249322
-1.92 -0.66 0.00323898
-1.92 -0.6 0.00414995
-1.92 -0.54 0.0052441
-1.92 -0.48 0.00653556
-1.92 -0.42 0.00803316
-1.92 -0.36 0.0097382
-1.92 -0.3 0.0116428
-1.92 -0.24 0.0137288
-1.92 -0.18 0.0159658
-1.92 -0.12 0.0183121
-1.92 -0.06 0.0207144
-1.92 9.71445e-15 0.0231102
-1.92 0.06 0.0254282
-1.92 0.12 0.0275942
-1.92 0.18 0.0295335
-1.92 0.24 0.0311743
-1.92 0.3 0.032454
-1.92 0.36 0.0333215
-1.92 0.42 0.0337427
-1.92 0.48 0.0336991
-1.92 0.54 0.0331928
-1.92 0.6 0.0322449
-1.92 0.66 0.0308935
-1.92 0.72 0.0291917
-1.92 0.78 0.0272045
-1.92 0.84 0.0250043
-1.92 0.9 0.0226661
-1.92 0.96 0.020264
-1.92 1.02 0.0178675
-1.92 1.08 0.015538
-1.92 1.14 0.0133263
-1.92 1.2 0.0112725
-1.92 1.26 0.00940399
-1.92 1.32 0.0077374
-1.92 1.38 0.0062787
-1.92 1.44 0.00502493
-1.92 1.5 0.00396629
-1.92 1.56 0.00308763
-1.92 1.62 0.00237056
-1.92 1.68 0.00179503
-1.92 1.74 0.00134054
-1.92 1.8 0.000987358
-1.92 1.86 0.000717234
-1.86 -1.26 0.000142614
-1.86 -1.2 0.000209849
-1.86 -1.14 0.000304537
-1.86 -1.08 0.000435878
-1.86 -1.02 0.000615291
-1.86 -0.96 0.000856607
-1.86 -0.9 0.00117617
-1.86 -0.84 0.00159277
-1.86 -0.78 0.00212726
-1.86 -0.72 0.00280206
-1.86 -0.66 0.0036402
-1.86 -0.6 0.00466406
-1.86 -0.54 0.00589369
-1.86 -0.48 0.00734515
-1.86 -0.42 0.00902823
-1.86 -0.36 0.0109446
-1.86 -0.3 0.0130852
-1.86 -0.24 0.0154294
-1.86 -0.18 0.0179433
-1.86 -0.12 0.0205805
-1.86 -0.06 0.0232806
-1.86 9.71445e-15 0.0259728
-1.86 0.06 0.0285782
-1.86 0.12 0.0310126
-1.86 0.18 0.0331919
-1.86 0.24 0.0350361
-1.86 0.3 0.036474
-1.86 0.36 0.0374496
-1.86 0.42 0.0379223
-1.86 0.48 0.0378732
-1.86 0.54 0.0373043
-1.86 0.6 0.036239
-1.86 0.66 0.0347199
-1.86 0.72 0.0328077
-1.86 0.78 0.0305743
-1.86 0.84 0.0281017
-1.86 0.9 0.0254735
-1.86 0.96 0.0227741
-1.86 1.02 0.0200809
-1.86 1.08 0.0174626
-1.86 1.14 0.0149771
-1.86 1.2 0.0126687
-1.86 1.26 0.0105689
-1.86 1.32 0.00869584
-1.86 1.38 0.00705648
-1.86 1.44 0.00564739
-1.86 1.5 0.00445758
-1.86 1.56 0.00347009
-1.86 1.62 0.00266421
-1.86 1.68 0.00201736
-1.86 1.74 0.00150658
-1.86 1.8 0.00110967
-1.86 1.86 0.00080608
-1.8 -1.26 0.000158075
-1.8 -1.2 0.0002326
-1.8 -1.14 0.000337554
-1.8 -1.08 0.000483137
-1.8 -1.02 0.000681999
-1.8 -0.96 0.000949476
-1.8 -0.9 0.00130368
-1.8 -0.84 0.00176545
-1.8 -0.78 0.00235789
-1.8 -0.72 0.00310588
-1.8 -0.66 0.00403489
-1.8 -0.6 0.00516974
-1.8 -0.54 0.00653271
-1.8 -0.48 0.00814158
-1.8 -0.42 0.0100071
-1.8 -0.36 0.0121311
-1.8 -0.3 0.0145039
-1.8 -0.24 0.0171023
-1.8 -0.18 0.019889
-1.8 -0.12 0.0228119
-1.8 -0.06 0.0258047
-1.8 9.71445e-15 0.0287889
-1.8 0.06 0.0316768
-1.8 0.12 0.034375
-1.8 0.18 0.0367902
-1.8 0.24 0.0388345
-1.8 0.3 0.0404283
-1.8 0.36 0.0415099
-1.8 0.42 0.0420341
-1.8 0.48 0.0419793
-1.8 0.54 0.0413489
-1.8 0.6 0.0401677
-1.8 0.66 0.0384846
-1.8 0.72 0.036365
-1.8 0.78 0.0338894
-1.8 0.84 0.0311486
-1.8 0.9 0.0282356
-1.8 0.96 0.0252435
-1.8 1.02 0.022258
-1.8 1.08 0.019356
-1.8 1.14 0.0166009
-1.8 1.2 0.0140423
-1.8 1.26 0.0117148
-1.8 1.32 0.00963871
-1.8 1.38 0.00782154
-1.8 1.44 0.00625972
-1.8 1.5 0.00494092
-1.8 1.56 0.0038463
-1.8 1.62 0.00295306
-1.8 1.68 0.0022361
-1.8 1.74 0.00166993
-1.8 1.8 0.00122997
-1.8 1.86 0.000893472
-1.8 1.92 0.000640111
-1.74 -1.26 0.000172807
-1.74 -1.2 0.000254274
-1.74 -1.14 0.000369011
-1.74 -1.08 0.000528158
-1.74 -1.02 0.000745549
-1.74 -0.96 0.00103796
-1.74 -0.9 0.00142518
-1.74 -0.84 0.00192998
-1.74 -0.78 0.0025776
-1.74 -0.72 0.0033953
-1.74 -0.66 0.00441091
-1.74 -0.6 0.00565146
-1.74 -0.54 0.0071415
-1.74 -0.48 0.00890025
-1.74 -0.42 0.0109396
-1.74 -0.36 0.0132615
-1.74 -0.3 0.0158554
-1.74 -0.24 0.0186959
-1.74 -0.18 0.0217423
-1.74 -0.12 0.0249377
-1.74 -0.06 0.0282092
-1.74 9.71445e-15 0.0314718
-1.74 0.06 0.0346286
-1.74 0.12 0.0375782
-1.74 0.18 0.0402187
-1.74 0.24 0.0424536
-1.74 0.3 0.0441959
-1.74 0.36 0.0453778
-1.74 0.42 0.045951
-1.74 0.48 0.0458914
-1.74 0.54 0.0452018
-1.74 0.6 0.0439111
-1.74 0.66 0.0420709
-1.74 0.72 0.0397536
-1.74 0.78 0.0370473
-1.74 0.84 0.034051
-1.74 0.9 0.0308668
-1.74 0.96 0.0275959
-1.74 1.02 0.0243322
-1.74 1.08 0.0211597
-1.74 1.14 0.0181479
-1.74 1.2 0.0153509
-1.74 1.26 0.0128065
-1.74 1.32 0.0105369
-1.74 1.38 0.00855036
-1.74 1.44 0.00684302
-1.74 1.5 0.00540134
-1.74 1.56 0.00420474
-1.74 1.62 0.00322823
-1.74 1.68 0.00244448
-1.74 1.74 0.00182554
-1.74 1.8 0.00134459
-1.74 1.86 0.000976738
-1.74 1.92 0.000699764
-1.68 -1.26 0.000186314
-1.68 -1.2 0.000274149
-1.68 -1.14 0.000397855
-1.68 -1.08 0.000569438
-1.68 -1.02 0.000803825
-1.68 -0.96 0.00111909
-1.68 -0.9 0.00153657
-1.68 -0.84 0.00208083
-1.68 -0.78 0.00277909
-1.68 -0.72 0.00366066
-1.68 -0.66 0.00475566
-1.68 -0.6 0.00609319
-1.68 -0.54 0.00769968
-1.68 -0.48 0.00959586
-1.68 -0.42 0.0117946
-1.68 -0.36 0.0142981
-1.68 -0.3 0.0170947
-1.68 -0.24 0.0201572
-1.68 -0.18 0.0234416
-1.68 -0.12 0.0268869
-1.68 -0.06 0.0304141
-1.68 9.71445e-15 0.0339316
-1.68 0.06 0.037335
-1.68 0.12 0.0405154
-1.68 0.18 0.0433625
-1.68 0.24 0.0457719
-1.68 0.3 0.0476504
-1.68 0.36 0.0489247
-1.68 0.42 0.0495424
-1.68 0.48 0.0494785
-1.68 0.54 0.0487348
-1.68 0.6 0.0473434
-1.68 0.66 0.0453592
-1.68 0.72 0.0428606
-1.68 0.78 0.0399427
-1.68 0.84 0.0367124
-1.68 0.9 0.0332792
-1.68 0.96 0.0297528
-1.68 1.02 0.0262341
-1.68 1.08 0.0228136
-1.68 1.14 0.0195664
-1.68 1.2 0.0165508
-1.68 1.26 0.0138074
-1.68 1.32 0.0113603
-1.68 1.38 0.00921866
-1.68 1.44 0.00737783
-1.68 1.5 0.0058235
-1.68 1.56 0.00453341
-1.68 1.62 0.00348056
-1.68 1.68 0.00263554
-1.68 1.74 0.00196822
-1.68 1.8 0.00144969
-1.68 1.86 0.00105308
-1.68 1.92 0.000754457
-1.68 1.98 0.000533089
-1.62 -1.26 0.000198115
-1.62 -1.2 0.000291514
-1.62 -1.14 0.000423057
-1.62 -1.08 0.000605508
-1.62 -1.02 0.00085474
-1.62 -0.96 0.00118997
-1.62 -0.9 0.00163391
-1.62 -0.84 0.00221263
-1.62 -0.78 0.00295513
-1.62 -0.72 0.00389251
-1.62 -0.66 0.00505686
-1.62 -0.6 0.00647912
-1.62 -0.54 0.00818735
-1.62 -0.48 0.0102036
-1.62 -0.42 0.0125417
-1.62 -0.36 0.0152038
-1.62 -0.3 0.0181774
-1.62 -0.24 0.021434
-1.62 -0.18 0.0249265
-1.62 -0.12 0.0285897
-1.62 -0.06 0.0323405
-1.62 9.71445e-15 0.0360807
-1.62 0.06 0.0396996
-1.62 0.12 0.0430816
-1.62 0.18 0.0461093
-1.62 0.24 0.048671
-1.62 0.3 0.0506689
-1.62 0.36 0.0520234
-1.62 0.42 0.0526805
-1.62 0.48 0.0526127
-1.62 0.54 0.0518219
-1.62 0.6 0.0503424
-1.62 0.66 0.0482324
-1.62 0.72 0.0455753
-1.62 0.78 0.0424727
-1.62 0.84 0.0390378
-1.62 0.9 0.0353872
-1.62 0.96 0.0316372
-1.62 1.02 0.0278958
-1.62 1.08 0.0242586
-1.62 1.14 0.0208058
-1.62 1.2 0.0175991
-1.62 1.26 0.0146819
-1.62 1.32 0.0120799
-1.62 1.38 0.00980259
-1.62 1.44 0.00784512
-1.62 1.5 0.00619236
-1.62 1.56 0.00482057
-1.62 1.62 0.00370104
-1.62 1.68 0.00280249
-1.62 1.74 0.0020929
-1.62 1.8 0.00154152
-1.62 1.86 0.00111978
-1.62 1.92 0.000802243
-1.62 1.98 0.000566856
-1.56 -1.26 0.000207767
-1.56 -1.2 0.000305718
-1.56 -1.14 0.000443669
-1.56 -1.08 0.000635011
-1.56 -1.02 0.000896379
-1.56 -0.96 0.00124795
-1.56 -0.9 0.00171352
-1.56 -0.84 0.00232042
-1.56 -0.78 0.00309911
-1.56 -0.72 0.00408221
-1.56 -0.66 0.00530327
-1.56 -0.6 0.00679478
-1.56 -0.54 0.00858626
-1.56 -0.48 0.0107009
-1.56 -0.42 0.0131529
-1.56 -0.36 0.0159445
-1.56 -0.3 0.0190631
-1.56 -0.24 0.0224782
-1.56 -0.18 0.0261412
-1.56 -0.12 0.0299829
-1.56 -0.06 0.0339161
-1.56 9.71445e-15 0.0378386
-1.56 0.06 0.0416341
-1.56 0.12 0.0451809
-1.56 0.18 0.0483559
-1.56 0.24 0.0510422
-1.56 0.3 0.0531378
-1.56 0.36 0.0545582
-1.56 0.42 0.0552471
-1.56 0.48 0.0551761
-1.56 0.54 0.054347
-1.56 0.6 0.0527952
-1.56 0.66 0.0505823
-1.56 0.72 0.0477958
-1.56 0.78 0.0445426
-1.56 0.84 0.0409397
-1.56 0.9 0.0371117
-1.56 0.96 0.0331787
-1.56 1.02 0.0292548
-1.56 1.08 0.0254406
-1.56 1.14 0.0218195
-1.56 1.2 0.0184565
-1.56 1.26 0.0153973
-1.56 1.32 0.0126686
-1.56 1.38 0.0102802
-1.56 1.44 0.00822745
-1.56 1.5 0.00649403
-1.56 1.56 0.00505544
-1.56 1.62 0.00388137
-1.56 1.68 0.00293905
-1.56 1.74 0.00219489
-1.56 1.8 0.00161662
-1.56 1.86 0.00117433
-1.56 1.92 0.000841338
-1.56 1.98 0.000594472
-1.5 -1.2 0.000316207
-1.5 -1.14 0.000458888
-1.5 -1.08 0.000656799
-1.5 -1.02 0.000927138
-1.5 -0.96 0.00129076
-1.5 -0.9 0.00177229
-1.5 -0.84 0.00240004
-1.5 -0.78 0.00320542
-1.5 -0.72 0.00422228
-1.5 -0.66 0.00548523
-1.5 -0.6 0.00702797
-1.5 -0.54 0.00888088
-1.5 -0.48 0.011068
-1.5 -0.42 0.0136041
-1.5 -0.36 0.0164916
-1.5 -0.3 0.0197172
-1.5 -0.24 0.0232496
-1.5 -0.18 0.027038
-1.5 -0.12 0.0310116
-1.5 -0.06 0.0350801
-1.5 9.71445e-15 0.0391371
-1.5 0.06 0.0430629
-1.5 0.12 0.0467309
-1.5 0.18 0.0500144
-1.5 0.24 0.0527936
-1.5 0.3 0.0549601
-1.5 0.36 0.0564303
-1.5 0.42 0.0571431
-1.5 0.48 0.0570688
-1.5 0.54 0.0562115
-1.5 0.6 0.0546061
-1.5 0.66 0.0523179
-1.5 0.72 0.0494362
-1.5 0.78 0.0460708
-1.5 0.84 0.0423448
-1.5 0.9 0.0383848
-1.5 0.96 0.0343172
-1.5 1.02 0.0302585
-1.5 1.08 0.0263135
-1.5 1.14 0.022568
-1.5 1.2 0.0190899
-1.5 1.26 0.0159257
-1.5 1.32 0.0131033
-1.5 1.38 0.010633
-1.5 1.44 0.00850975
-1.5 1.5 0.00671691
-1.5 1.56 0.00522886
-1.5 1.62 0.00401452
-1.5 1.68 0.00303986
-1.5 1.74 0.00227018
-1.5 1.8 0.00167207
-1.5 1.86 0.00121463
-1.5 1.92 0.000870198
-1.5 1.98 0.000614868
-1.5 2.04 0.000428481
-1.44 -1.2 0.000322563
-1.44 -1.14 0.000468108
-1.44 -1.08 0.000669997
-1.44 -1.02 0.000945768
-1.44 -0.96 0.0013167
-1.44 -0.9 0.00180792
-1.44 -0.84 0.00244825
-1.44 -0.78 0.00326986
-1.44 -0.72 0.00430712
-1.44 -0.66 0.00559537
-1.44 -0.6 0.00716915
-1.44 -0.54 0.00905919
-1.44 -0.48 0.0112904
-1.44 -0.42 0.0138776
-1.44 -0.36 0.016823
-1.44 -0.3 0.0201134
-1.44 -0.24 0.0237168
-1.44 -0.18 0.0275814
-1.44 -0.12 0.0316344
-1.44 -0.06 0.0357848
-1.44 9.71445e-15 0.0399227
-1.44 0.06 0.0439279
-1.44 0.12 0.0476702
-1.44 0.18 0.0510199
-1.44 0.24 0.0538539
-1.44 0.3 0.0560652
-1.44 0.36 0.0575641
-1.44 0.42 0.058291
-1.44 0.48 0.0582154
-1.44 0.54 0.0573415
-1.44 0.6 0.0557036
-1.44 0.66 0.0533688
-1.44 0.72 0.050429
-1.44 0.78 0.0469967
-1.44 0.84 0.0431955
-1.44 0.9 0.0391562
-1.44 0.96 0.0350063
-1.44 1.02 0.0308665
-1.44 1.08 0.0268422
-1.44 1.14 0.0230216
-1.44 1.2 0.0194732
-1.44 1.26 0.0162455
-1.44 1.32 0.0133666
-1.44 1.38 0.0108466
-1.44 1.44 0.00868075
-1.44 1.5 0.0068518
-1.44 1.56 0.00533392
-1.44 1.62 0.00409524
-1.44 1.68 0.00310094
-1.44 1.74 0.00231582
-1.44 1.8 0.00170569
-1.44 1.86 0.00123903
-1.44 1.92 0.000887681
-1.44 1.98 0.000627219
-1.44 2.04 0.000437094
-1.38 -1.2 0.000324519
-1.38 -1.14 0.000470953
-1.38 -1.08 0.00067406
-1.38 -1.02 0.000951512
-1.38 -0.96 0.0013247
-1.38 -0.9 0.00181889
-1.38 -0.84 0.00246314
-1.38 -0.78 0.0032897
-1.38 -0.72 0.0043332
-1.38 -0.66 0.0056294
-1.38 -0.6 0.00721269
-1.38 -0.54 0.00911432
-1.38 -0.48 0.0113589
-1.38 -0.42 0.0139616
-1.38 -0.36 0.0169252
-1.38 -0.3 0.0202354
-1.38 -0.24 0.0238607
-1.38 -0.18 0.0277485
-1.38 -0.12 0.0318267
-1.38 -0.06 0.0360021
-1.38 9.71445e-15 0.0401658
-1.38 0.06 0.0441944
-1.38 0.12 0.0479592
-1.38 0.18 0.0513296
-1.38 0.24 0.0541815
-1.38 0.3 0.0564053
-1.38 0.36 0.0579136
-1.38 0.42 0.0586448
-1.38 0.48 0.0585692
-1.38 0.54 0.057689
-1.38 0.6 0.0560419
-1.38 0.66 0.053693
-1.38 0.72 0.0507352
-1.38 0.78 0.0472812
-1.38 0.84 0.0434575
-1.38 0.9 0.0393934
-1.38 0.96 0.0352192
-1.38 1.02 0.0310541
-1.38 1.08 0.0270051
-1.38 1.14 0.0231614
-1.38 1.2 0.0195916
-1.38 1.26 0.0163442
-1.38 1.32 0.0134476
-1.38 1.38 0.0109124
-1.38 1.44 0.00873331
-1.38 1.5 0.00689344
-1.38 1.56 0.00536633
-1.38 1.62 0.00412005
-1.38 1.68 0.00311977
-1.38 1.74 0.00232984
-1.38 1.8 0.00171604
-1.38 1.86 0.00124656
-1.38 1.92 0.00089307
-1.38 1.98 0.000631033
-1.38 2.04 0.000439744
-1.38 2.1 0.000302233
-1.32 -1.14 0.000467292
-1.32 -1.08 0.000668832
-1.32 -1.02 0.000944129
-1.32 -0.96 0.00131442
-1.32 -0.9 0.00180476
-1.32 -0.84 0.00244402
-1.32 -0.78 0.00326416
-1.32 -0.72 0.00429965
-1.32 -0.66 0.00558571
-1.32 -0.6 0.00715677
-1.32 -0.54 0.00904355
-1.32 -0.48 0.0112708
-1.32 -0.42 0.0138535
-1.32 -0.36 0.0167938
-1.32 -0.3 0.0200786
-1.32 -0.24 0.0236756
-1.32 -0.18 0.0275335
-1.32 -0.12 0.0315797
-1.32 -0.06 0.035723
-1.32 9.71445e-15 0.0398539
-1.32 0.06 0.043852
-1.32 0.12 0.0475874
-1.32 0.18 0.0509308
-1.32 0.24 0.0537608
-1.32 0.3 0.0559675
-1.32 0.36 0.0574645
-1.32 0.42 0.0581899
-1.32 0.48 0.0581139
-1.32 0.54 0.0572416
-1.32 0.6 0.0556063
-1.32 0.66 0.0532762
-1.32 0.72 0.050342
-1.32 0.78 0.0469151
-1.32 0.84 0.0431206
-1.32 0.9 0.0390882
-1.32 0.96 0.0349459
-1.32 1.02 0.030813
-1.32 1.08 0.0267955
-1.32 1.14 0.0229815
-1.32 1.2 0.0194395
-1.32 1.26 0.0162175
-1.32 1.32 0.0133434
-1.32 1.38 0.0108278
-1.32 1.44 0.0086657
-1.32 1.5 0.00683997
-1.32 1.56 0.00532461
-1.32 1.62 0.00408811
-1.32 1.68 0.00309556
-1.32 1.74 0.00231179
-1.32 1.8 0.00170272
-1.32 1.86 0.00123688
-1.32 1.92 0.000886139
-1.32 1.98 0.000626129
-1.32 2.04 0.000436334
-1.32 2.1 0.000299891
-1.26 -1.14 0.000457299
-1.26 -1.08 0.000654519
-1.26 -1.02 0.000923919
-1.26 -0.96 0.00128629
-1.26 -0.9 0.00176617
-1.26 -0.84 0.00239172
-1.26 -0.78 0.00319432
-1.26 -0.72 0.00420764
-1.26 -0.66 0.00546622
-1.26 -0.6 0.00700356
-1.26 -0.54 0.0088501
-1.26 -0.48 0.0110296
-1.26 -0.42 0.013557
-1.26 -0.36 0.0164343
-1.26 -0.3 0.0196488
-1.26 -0.24 0.0231687
-1.26 -0.18 0.0269443
-1.26 -0.12 0.0309042
-1.26 -0.06 0.0349582
-1.26 9.71445e-15 0.0390013
-1.26 0.06 0.0429134
-1.26 0.12 0.046569
-1.26 0.18 0.0498414
-1.26 0.24 0.0526106
-1.26 0.3 0.0547702
-1.26 0.36 0.0562345
-1.26 0.42 0.0569444
-1.26 0.48 0.0568711
-1.26 0.54 0.0560166
-1.26 0.6 0.0544171
-1.26 0.66 0.0521361
-1.26 0.72 0.0492645
-1.26 0.78 0.0459111
-1.26 0.84 0.0421975
-1.26 0.9 0.0382519
-1.26 0.96 0.0341982
-1.26 1.02 0.0301536
-1.26 1.08 0.0262221
-1.26 1.14 0.0224897
-1.26 1.2 0.0190236
-1.26 1.26 0.0158704
-1.26 1.32 0.0130579
-1.26 1.38 0.010596
-1.26 1.44 0.00848024
-1.26 1.5 0.00669359
-1.26 1.56 0.00521074
-1.26 1.62 0.00400061
-1.26 1.68 0.00302935
-1.26 1.74 0.00226232
-1.26 1.8 0.00166628
-1.26 1.86 0.00121042
-1.26 1.92 0.000867187
-1.26 1.98 0.000612734
-1.26 2.04 0.000426999
-1.26 2.1 0.000293471
-1.2 -1.14 0.000441363
-1.2 -1.08 0.000631709
-1.2 -1.02 0.000891725
-1.2 -0.96 0.00124147
-1.2 -0.9 0.00170462
-1.2 -0.84 0.00230838
-1.2 -0.78 0.00308302
-1.2 -0.72 0.00406101
-1.2 -0.66 0.00527571
-1.2 -0.6 0.00675954
-1.2 -0.54 0.00854166
-1.2 -0.48 0.0106452
-1.2 -0.42 0.0130846
-1.2 -0.36 0.0158617
-1.2 -0.3 0.0189642
-1.2 -0.24 0.0223615
-1.2 -0.18 0.0260052
-1.2 -0.12 0.0298271
-1.2 -0.06 0.0337402
-1.2 9.71445e-15 0.037642
-1.2 0.06 0.0414179
-1.2 0.12 0.0449464
-1.2 0.18 0.0481047
-1.2 0.24 0.0507772
-1.2 0.3 0.0528618
-1.2 0.36 0.0542751
-1.2 0.42 0.0549597
-1.2 0.48 0.0548893
-1.2 0.54 0.0540648
-1.2 0.6 0.0525208
-1.2 0.66 0.0503191
-1.2 0.72 0.0475476
-1.2 0.78 0.0443113
-1.2 0.84 0.040727
-1.2 0.9 0.0369186
-1.2 0.96 0.0330063
-1.2 1.02 0.0291028
-1.2 1.08 0.0253082
-1.2 1.14 0.0217061
-1.2 1.2 0.0183605
-1.2 1.26 0.0153173
-1.2 1.32 0.0126028
-1.2 1.38 0.0102268
-1.2 1.44 0.00818472
-1.2 1.5 0.00646027
-1.2 1.56 0.00502916
-1.2 1.62 0.00386123
-1.2 1.68 0.00292377
-1.2 1.74 0.00218348
-1.2 1.8 0.00160822
-1.2 1.86 0.00116824
-1.2 1.92 0.000836966
-1.2 1.98 0.000591381
-1.2 2.04 0.00041212
-1.2 2.1 0.000283246
-1.14 -1.08 0.000601316
-1.14 -1.02 0.000848822
-1.14 -0.96 0.00118174
-1.14 -0.9 0.0016226
-1.14 -0.84 0.00219731
-1.14 -0.78 0.00293468
-1.14 -0.72 0.00386562
-1.14 -0.66 0.00502185
-1.14 -0.6 0.00643432
-1.14 -0.54 0.00813065
-1.14 -0.48 0.0101331
-1.14 -0.42 0.0124551
-1.14 -0.36 0.0150985
-1.14 -0.3 0.0180518
-1.14 -0.24 0.0212856
-1.14 -0.18 0.0247541
-1.14 -0.12 0.0283919
-1.14 -0.06 0.0321169
-1.14 9.71445e-15 0.0358308
-1.14 0.06 0.0394252
-1.14 0.12 0.0427838
-1.14 0.18 0.04579
-1.14 0.24 0.048334
-1.14 0.3 0.0503182
-1.14 0.36 0.0516638
-1.14 0.42 0.0523156
-1.14 0.48 0.052248
-1.14 0.54 0.0514635
-1.14 0.6 0.0499936
-1.14 0.66 0.0478978
-1.14 0.72 0.0452601
-1.14 0.78 0.0421793
-1.14 0.84 0.0387676
-1.14 0.9 0.0351425
-1.14 0.96 0.0314181
-1.14 1.02 0.0277026
-1.14 1.08 0.0240905
-1.14 1.14 0.0206616
-1.14 1.2 0.017477
-1.14 1.26 0.0145804
-1.14 1.32 0.0119965
-1.14 1.38 0.00973472
-1.14 1.44 0.00779094
-1.14 1.5 0.00614946
-1.14 1.56 0.00478715
-1.14 1.62 0.00367545
-1.14 1.68 0.00278308
-1.14 1.74 0.00207843
-1.14 1.8 0.00153084
-1.14 1.86 0.00111203
-1.14 1.92 0.000796692
-1.14 1.98 0.000562925
-1.14 2.04 0.00039229
-1.14 2.1 0.000269618
-1.14 2.16 0.000182757
-1.08 -1.08 0.000564516
-1.08 -1.02 0.000796878
-1.08 -0.96 0.00110941
-1.08 -0.9 0.00152329
-1.08 -0.84 0.00206284
-1.08 -0.78 0.00275506
-1.08 -0.72 0.00362905
-1.08 -0.66 0.00471451
-1.08 -0.6 0.00604056
-1.08 -0.54 0.00763306
-1.08 -0.48 0.00951296
-1.08 -0.42 0.0116928
-1.08 -0.36 0.0141746
-1.08 -0.3 0.016947
-1.08 -0.24 0.019983
-1.08 -0.18 0.0232391
-1.08 -0.12 0.0266543
-1.08 -0.06 0.0301514
-1.08 9.71445e-15 0.0336379
-1.08 0.06 0.0370125
-1.08 0.12 0.0401654
-1.08 0.18 0.0429874
-1.08 0.24 0.0453761
-1.08 0.3 0.0472385
-1.08 0.36 0.048502
-1.08 0.42 0.0491142
-1.08 0.48 0.0490502
-1.08 0.54 0.0483138
-1.08 0.6 0.0469337
-1.08 0.66 0.0449668
-1.08 0.72 0.0424903
-1.08 0.78 0.0395979
-1.08 0.84 0.0363952
-1.08 0.9 0.0329917
-1.08 0.96 0.0294954
-1.08 1.02 0.0260073
-1.08 1.08 0.0226163
-1.08 1.14 0.0193972
-1.08 1.2 0.0164076
-1.08 1.26 0.0136881
-1.08 1.32 0.0112623
-1.08 1.38 0.00913902
-1.08 1.44 0.00731414
-1.08 1.5 0.00577315
-1.08 1.56 0.00449416
-1.08 1.62 0.0034505
-1.08 1.68 0.00261274
-1.08 1.74 0.00195123
-1.08 1.8 0.00143715
-1.08 1.86 0.00104397
-1.08 1.92 0.000747933
-1.08 1.98 0.000528476
-1.08 2.04 0.000368281
-1.08 2.1 0.000253118
-1.08 2.16 0.000171574
-1.02 -1.02 0.000737829
-1.02 -0.96 0.0010272
-1.02 -0.9 0.00141041
-1.02 -0.84 0.00190997
-1.02 -0.78 0.00255092
-1.02 -0.72 0.0033601
-1.02 -0.66 0.00436514
-1.02 -0.6 0.00559292
-1.02 -0.54 0.00706742
-1.02 -0.48 0.00880797
-1.02 -0.42 0.0108263
-1.02 -0.36 0.0131242
-1.02 -0.3 0.0156911
-1.02 -0.24 0.0185023
-1.02 -0.18 0.0215169
-1.02 -0.12 0.024679
-1.02 -0.06 0.0279171
-1.02 9.71445e-15 0.0311453
-1.02 0.06 0.0342697
-1.02 0.12 0.0371888
-1.02 0.18 0.0398022
-1.02 0.24 0.0420136
-1.02 0.3 0.0437381
-1.02 0.36 0.0449078
-1.02 0.42 0.0454748
-1.02 0.48 0.0454158
-1.02 0.54 0.0447338
-1.02 0.6 0.0434561
-1.02 0.66 0.0416348
-1.02 0.72 0.0393416
-1.02 0.78 0.0366634
-1.02 0.84 0.0336983
-1.02 0.9 0.0305468
-1.02 0.96 0.0273096
-1.02 1.02 0.0240801
-1.02 1.08 0.0209405
-1.02 1.14 0.0179599
-1.02 1.2 0.0151917
-1.02 1.26 0.0126737
-1.02 1.32 0.0104276
-1.02 1.38 0.00846182
-1.02 1.44 0.00677209
-1.02 1.5 0.00534534
-1.02 1.56 0.00416116
-1.02 1.62 0.00319481
-1.02 1.68 0.00241913
-1.02 1.74 0.00180663
-1.02 1.8 0.00133066
-1.02 1.86 0.000966613
-1.02 1.92 0.000692504
-1.02 1.98 0.000489316
-1.02 2.04 0.000340988
-1.02 2.1 0.000234361
-1.02 2.16 0.00015886
-0.96 -1.02 0.000673759
-0.96 -0.96 0.000938009
-0.96 -0.9 0.00128795
-0.96 -0.84 0.00174412
-0.96 -0.78 0.00232943
-0.96 -0.72 0.00306836
-0.96 -0.66 0.00398612
-0.96 -0.6 0.00510725
-0.96 -0.54 0.00645374
-0.96 -0.48 0.00804315
-0.96 -0.42 0.00988628
-0.96 -0.36 0.0119846
-0.96 -0.3 0.0143287
-0.96 -0.24 0.0168957
-0.96 -0.18 0.0196487
-0.96 -0.12 0.0225362
-0.96 -0.06 0.0254928
-0.96 9.71445e-15 0.0284408
-0.96 0.06 0.0312938
-0.96 0.12 0.0339599
-0.96 0.18 0.0363463
-0.96 0.24 0.0383653
-0.96 0.3 0.0399405
-0.96 0.36 0.0410083
-0.96 0.42 0.0415259
-0.96 0.48 0.0414725
-0.96 0.54 0.0408496
-0.96 0.6 0.039683
-0.96 0.66 0.0380194
-0.96 0.72 0.0359252
-0.96 0.78 0.0334801
-0.96 0.84 0.0307721
-0.96 0.9 0.0278945
-0.96 0.96 0.0249383
-0.96 1.02 0.0219891
-0.96 1.08 0.0191221
-0.96 1.14 0.0164004
-0.96 1.2 0.0138726
-0.96 1.26 0.0115732
-0.96 1.32 0.00952228
-0.96 1.38 0.00772704
-0.96 1.44 0.00618409
-0.96 1.5 0.00488114
-0.96 1.56 0.00379986
-0.96 1.62 0.00291741
-0.96 1.68 0.0022091
-0.96 1.74 0.00164977
-0.96 1.8 0.00121512
-0.96 1.86 0.000882677
-0.96 1.92 0.000632381
-0.96 1.98 0.000446829
-0.96 2.04 0.000311383
-0.96 2.1 0.00021401
-0.96 2.16 0.000145065
-0.9 -0.96 0.00084479
-0.9 -0.9 0.00115994
-0.9 -0.84 0.0015708
-0.9 -0.78 0.00209791
-0.9 -0.72 0.0027634
-0.9 -0.66 0.00359
-0.9 -0.6 0.00459969
-0.9 -0.54 0.00581241
-0.9 -0.48 0.00724383
-0.9 -0.42 0.00890364
-0.9 -0.36 0.0107935
-0.9 -0.3 0.0129046
-0.9 -0.24 0.0152164
-0.9 -0.18 0.0176959
-0.9 -0.12 0.0202967
-0.9 -0.06 0.0229593
-0.9 9.71445e-15 0.0256146
-0.9 0.06 0.0281838
-0.9 0.12 0.0305847
-0.9 0.18 0.0327339
-0.9 0.24 0.0345528
-0.9 0.3 0.0359708
-0.9 0.36 0.0369328
-0.9 0.42 0.0373991
-0.9 0.48 0.0373508
-0.9 0.54 0.0367893
-0.9 0.6 0.035739
-0.9 0.66 0.0342412
-0.9 0.72 0.0323551
-0.9 0.78 0.0301524
-0.9 0.84 0.0277138
-0.9 0.9 0.0251222
-0.9 0.96 0.0224601
-0.9 1.02 0.0198039
-0.9 1.08 0.0172217
-0.9 1.14 0.0147705
-0.9 1.2 0.012494
-0.9 1.26 0.0104231
-0.9 1.32 0.00857583
-0.9 1.38 0.00695907
-0.9 1.44 0.00556946
-0.9 1.5 0.00439611
-0.9 1.56 0.00342222
-0.9 1.62 0.00262743
-0.9 1.68 0.00198954
-0.9 1.74 0.00148579
-0.9 1.8 0.00109435
-0.9 1.86 0.000794962
-0.9 1.92 0.000569533
-0.9 1.98 0.000402423
-0.9 2.04 0.000280436
-0.9 2.1 0.000192741
-0.9 2.16 0.000130649
-0.84 -0.96 0.000750367
-0.84 -0.9 0.00103031
-0.84 -0.84 0.00139522
-0.84 -0.78 0.00186345
-0.84 -0.72 0.00245458
-0.84 -0.66 0.00318876
-0.84 -0.6 0.00408562
-0.84 -0.54 0.00516276
-0.84 -0.48 0.00643427
-0.84 -0.42 0.00790866
-0.84 -0.36 0.00958721
-0.84 -0.3 0.0114624
-0.84 -0.24 0.0135159
-0.84 -0.18 0.0157183
-0.84 -0.12 0.0180282
-0.84 -0.06 0.0203933
-0.84 9.71445e-15 0.0227517
-0.84 0.06 0.0250341
-0.84 0.12 0.0271666
-0.84 0.18 0.0290754
-0.84 0.24 0.0306906
-0.84 0.3 0.0319507
-0.84 0.36 0.0328051
-0.84 0.42 0.0332193
-0.84 0.48 0.0331763
-0.84 0.54 0.0326782
-0.84 0.6 0.0317447
-0.84 0.66 0.0304143
-0.84 0.72 0.028739
-0.84 0.78 0.0267829
-0.84 0.84 0.0246165
-0.84 0.9 0.0223147
-0.84 0.96 0.0199498
-0.84 1.02 0.0175903
-0.84 1.08 0.015297
-0.84 1.14 0.0131196
-0.84 1.2 0.0110976
-0.84 1.26 0.00925818
-0.84 1.32 0.00761749
-0.84 1.38 0.00618134
-0.84 1.44 0.00494706
-0.84 1.5 0.00390476
-0.84 1.56 0.00303973
-0.84 1.62 0.00233382
-0.84 1.68 0.0017672
-0.84 1.74 0.00131976
-0.84 1.8 0.000972046
-0.84 1.86 0.000706104
-0.84 1.92 0.00050588
-0.84 1.98 0.000357444
-0.84 2.04 0.000249093
-0.84 2.1 0.0001712
-0.84 2.16 0.000116047
-0.78 -0.9 0.000902585
-0.78 -0.84 0.00122227
-0.78 -0.78 0.00163244
-0.78 -0.72 0.00215026
-0.78 -0.66 0.00279344
-0.78 -0.6 0.00357913
-0.78 -0.54 0.00452274
-0.78 -0.48 0.00563652
-0.78 -0.42 0.00692818
-0.78 -0.36 0.00839873
-0.78 -0.3 0.0100413
-0.78 -0.24 0.0118403
-0.78 -0.18 0.0137695
-0.78 -0.12 0.0157931
-0.78 -0.06 0.0178652
-0.78 9.71445e-15 0.0199312
-0.78 0.06 0.0219304
-0.78 0.12 0.0237986
-0.78 0.18 0.0254712
-0.78 0.24 0.0268862
-0.78 0.3 0.0279899
-0.78 0.36 0.0287382
-0.78 0.42 0.029101
-0.78 0.48 0.0290636
-0.78 0.54 0.028627
-0.78 0.6 0.0278095
-0.78 0.66 0.0266438
-0.78 0.72 0.0251761
-0.78 0.78 0.0234624
-0.78 0.84 0.0215648
-0.78 0.9 0.0195481
-0.78 0.96 0.0174766
-0.78 1.02 0.0154099
-0.78 1.08 0.0134006
-0.78 1.14 0.0114933
-0.78 1.2 0.00972186
-0.78 1.26 0.00811038
-0.78 1.32 0.00667308
-0.78 1.38 0.00541505
-0.78 1.44 0.00433372
-0.78 1.5 0.00342069
-0.78 1.56 0.00266291
-0.78 1.62 0.00204449
-0.78 1.68 0.00154811
-0.78 1.74 0.00115614
-0.78 1.8 0.000851547
-0.78 1.86 0.000618576
-0.78 1.92 0.000443165
-0.78 1.98 0.000313135
-0.78 2.04 0.000218214
-0.78 2.1 0.000149976
-0.78 2.16 0.000101661
-0.72 -0.84 0.00105602
-0.72 -0.78 0.0014104
-0.72 -0.72 0.00185781
-0.72 -0.66 0.00241351
-0.72 -0.6 0.00309233
-0.72 -0.54 0.0039076
-0.72 -0.48 0.00486996
-0.72 -0.42 0.00598584
-0.72 -0.36 0.00725638
-0.72 -0.3 0.00867562
-0.72 -0.24 0.0102299
-0.72 -0.18 0.0118967
-0.72 -0.12 0.0136451
-0.72 -0.06 0.0154354
-0.72 9.71445e-15 0.0172203
-0.72 0.06 0.0189478
-0.72 0.12 0.0205617
-0.72 0.18 0.0220065
-0.72 0.24 0.0232292
-0.72 0.3 0.0241826
-0.72 0.36 0.0248295
-0.72 0.42 0.0251431
-0.72 0.48 0.0251104
-0.72 0.54 0.0247333
-0.72 0.6 0.0240268
-0.72 0.66 0.02302
-0.72 0.72 0.0217521
-0.72 0.78 0.0202712
-0.72 0.84 0.0186318
-0.72 0.9 0.0168894
-0.72 0.96 0.0150996
-0.72 1.02 0.0133139
-0.72 1.08 0.011578
-0.72 1.14 0.00992999
-0.72 1.2 0.00839957
-0.72 1.26 0.00700735
-0.72 1.32 0.00576547
-0.72 1.38 0.00467854
-0.72 1.44 0.0037443
-0.72 1.5 0.00295546
-0.72 1.56 0.00230071
-0.72 1.62 0.00176641
-0.72 1.68 0.00133754
-0.72 1.74 0.000998889
-0.72 1.8 0.000735721
-0.72 1.86 0.000534439
-0.72 1.92 0.000382887
-0.72 1.98 0.000270543
-0.72 2.04 0.000188532
-0.72 2.1 0.000129578
-0.72 2.16 8.7834e-05
-0.66 -0.84 0.000899854
-0.66 -0.78 0.00120181
-0.66 -0.72 0.00158306
-0.66 -0.66 0.00205659
-0.66 -0.6 0.00263499
-0.66 -0.54 0.00332973
-0.66 -0.48 0.00414974
-0.66 -0.42 0.00510058
-0.66 -0.36 0.00618321
-0.66 -0.3 0.00739258
-0.66 -0.24 0.00871694
-0.66 -0.18 0.0101374
-0.66 -0.12 0.0116272
-0.66 -0.06 0.0131526
-0.66 9.71445e-15 0.0146737
-0.66 0.06 0.0161456
-0.66 0.12 0.0175209
-0.66 0.18 0.018752
-0.66 0.24 0.019794
-0.66 0.3 0.0206064
-0.66 0.36 0.0211574
-0.66 0.42 0.0214246
-0.66 0.48 0.0213969
-0.66 0.54 0.0210753
-0.66 0.6 0.0204736
-0.66 0.66 0.0196156
-0.66 0.72 0.0185351
-0.66 0.78 0.0172733
-0.66 0.84 0.0158763
-0.66 0.9 0.0143916
-0.66 0.96 0.0128666
-0.66 1.02 0.0113449
-0.66 1.08 0.00986572
-0.66 1.14 0.00846147
-0.66 1.2 0.00715738
-0.66 1.26 0.00597102
-0.66 1.32 0.0049128
-0.66 1.38 0.0039866
-0.66 1.44 0.00319056
-0.66 1.5 0.00251838
-0.66 1.56 0.00196047
-0.66 1.62 0.00150516
-0.66 1.68 0.00113974
-0.66 1.74 0.000851158
-0.66 1.8 0.000626915
-0.66 1.86 0.000455405
-0.66 1.92 0.000326265
-0.66 1.98 0.000230534
-0.66 2.04 0.000160652
-0.66 2.1 0.000110414
-0.66 2.16 7.48444e-05
-0.6 -0.78 0.00101001
-0.6 -0.72 0.0013304
-0.6 -0.66 0.00172835
-0.6 -0.6 0.00221446
-0.6 -0.54 0.0027983
-0.6 -0.48 0.00348741
-0.6 -0.42 0.00428654
-0.6 -0.36 0.00519639
-0.6 -0.3 0.00621275
-0.6 -0.24 0.00732575
-0.6 -0.18 0.00851937
-0.6 -0.12 0.0097715
-0.6 -0.06 0.0110535
-0.6 9.71445e-15 0.0123318
-0.6 0.06 0.0135687
-0.6 0.12 0.0147246
-0.6 0.18 0.0157592
-0.6 0.24 0.0166349
-0.6 0.3 0.0173176
-0.6 0.36 0.0177808
-0.6 0.42 0.0180051
-0.6 0.48 0.017982
-0.6 0.54 0.0177117
-0.6 0.6 0.017206
-0.6 0.66 0.0164848
-0.6 0.72 0.0155768
-0.6 0.78 0.0145165
-0.6 0.84 0.0133424
-0.6 0.9 0.0120946
-0.6 0.96 0.010813
-0.6 1.02 0.00953429
-0.6 1.08 0.00829109
-0.6 1.14 0.00711104
-0.6 1.2 0.00601504
-0.6 1.26 0.00501801
-0.6 1.32 0.00412872
-0.6 1.38 0.00335035
-0.6 1.44 0.00268134
-0.6 1.5 0.00211643
-0.6 1.56 0.00164757
-0.6 1.62 0.00126494
-0.6 1.68 0.000957835
-0.6 1.74 0.000715311
-0.6 1.8 0.000526861
-0.6 1.86 0.000382722
-0.6 1.92 0.000274193
-0.6 1.98 0.00019374
-0.6 2.04 0.000135012
-0.6 2.1 9.27926e-05
-0.6 2.16 6.28989e-05
-0.54 -0.72 0.0011027
-0.54 -0.66 0.00143253
-0.54 -0.6 0.00183545
-0.54 -0.54 0.00231935
-0.54 -0.48 0.00289054
-0.54 -0.42 0.00355289
-0.54 -0.36 0.00430703
-0.54 -0.3 0.00514941
-0.54 -0.24 0.00607195
-0.54 -0.18 0.00706126
-0.54 -0.12 0.00809905
-0.54 -0.06 0.00916164
-0.54 9.71445e-15 0.0102211
-0.54 0.06 0.0112464
-0.54 0.12 0.0122044
-0.54 0.18 0.013062
-0.54 0.24 0.0137878
-0.54 0.3 0.0143537
-0.54 0.36 0.0147376
-0.54 0.42 0.0149236
-0.54 0.48 0.0149043
-0.54 0.54 0.0146804
-0.54 0.6 0.0142612
-0.54 0.66 0.0136634
-0.54 0.72 0.0129108
-0.54 0.78 0.0120319
-0.54 0.84 0.0110589
-0.54 0.9 0.0100246
-0.54 0.96 0.00896233
-0.54 1.02 0.00790247
-0.54 1.08 0.00687208
-0.54 1.14 0.00589397
-0.54 1.2 0.00498554
-0.54 1.26 0.00415918
-0.54 1.32 0.00342208
-0.54 1.38 0.00277694
-0.54 1.44 0.00222242
-0.54 1.5 0.00175419
-0.54 1.56 0.00136559
-0.54 1.62 0.00104845
-0.54 1.68 0.000793897
-0.54 1.74 0.000592888
-0.54 1.8 0.000436689
-0.54 1.86 0.000317218
-0.54 1.92 0.000227263
-0.54 1.98 0.000160581
-0.54 2.04 0.000111904
-0.54 2.1 7.6911e-05
-0.54 2.16 5.21334e-05
-0.48 -0.66 0.00117102
-0.48 -0.6 0.00150039
-0.48 -0.54 0.00189596
-0.48 -0.48 0.00236287
-0.48 -0.42 0.00290434
-0.48 -0.36 0.0035208
-0.48 -0.3 0.00420939
-0.48 -0.24 0.00496355
-0.48 -0.18 0.00577229
-0.48 -0.12 0.00662056
-0.48 -0.06 0.00748919
-0.48 9.71445e-15 0.00835526
-0.48 0.06 0.00919336
-0.48 0.12 0.00997655
-0.48 0.18 0.0106777
-0.48 0.24 0.0112708
-0.48 0.3 0.0117335
-0.48 0.36 0.0120472
-0.48 0.42 0.0121993
-0.48 0.48 0.0121836
-0.48 0.54 0.0120006
-0.48 0.6 0.0116579
-0.48 0.66 0.0111692
-0.48 0.72 0.010554
-0.48 0.78 0.0098356
-0.48 0.84 0.00904012
-0.48 0.9 0.0081947
-0.48 0.96 0.00732626
-0.48 1.02 0.0064599
-0.48 1.08 0.00561762
-0.48 1.14 0.00481806
-0.48 1.2 0.00407545
-0.48 1.26 0.00339992
-0.48 1.32 0.00279741
-0.48 1.38 0.00227002
-0.48 1.44 0.00181673
-0.48 1.5 0.00143397
-0.48 1.56 0.00111631
-0.48 1.62 0.000857065
-0.48 1.68 0.000648978
-0.48 1.74 0.000484661
-0.48 1.8 0.000356974
-0.48 1.86 0.00025931
-0.48 1.92 0.000185777
-0.48 1.98 0.000131268
-0.48 2.04 9.14766e-05
-0.48 2.1 6.28709e-05
-0.48 2.16 4.26166e-05
-0.42 -0.6 0.00120964
-0.42 -0.54 0.00152856
-0.42 -0.48 0.001905
-0.42 -0.42 0.00234153
-0.42 -0.36 0.00283851
-0.42 -0.3 0.00339371
-0.42 -0.24 0.00400167
-0.42 -0.18 0.00465372
-0.42 -0.12 0.00533767
-0.42 -0.06 0.00603792
-0.42 9.71445e-15 0.00673618
-0.42 0.06 0.00741187
-0.42 0.12 0.00804332
-0.42 0.18 0.00860851
-0.42 0.24 0.00908676
-0.42 0.3 0.0094598
-0.42 0.36 0.00971272
-0.42 0.42 0.00983522
-0.42 0.48 0.00982263
-0.42 0.54 0.00967507
-0.42 0.6 0.00939879
-0.42 0.66 0.00900478
-0.42 0.72 0.00850879
-0.42 0.78 0.00792965
-0.42 0.84 0.00728823
-0.42 0.9 0.00660671
-0.42 0.96 0.0059066
-0.42 1.02 0.00520805
-0.42 1.08 0.00452898
-0.42 1.14 0.00388438
-0.42 1.2 0.00328568
-0.42 1.26 0.00274108
-0.42 1.32 0.00225532
-0.42 1.38 0.00183012
-0.42 1.44 0.00146468
-0.42 1.5 0.00115609
-0.42 1.56 0.000899986
-0.42 1.62 0.00069098
-0.42 1.68 0.00052322
-0.42 1.74 0.000390742
-0.42 1.8 0.000287797
-0.42 1.86 0.00020906
-0.42 1.92 0.000149778
-0.42 1.98 0.00010583
-0.42 2.04 7.37504e-05
-0.42 2.1 5.06877e-05
-0.42 2.16 3.43581e-05
-0.36 -0.54 0.00121542
-0.36 -0.48 0.00151474
-0.36 -0.42 0.00186181
-0.36 -0.36 0.00225701
-0.36 -0.3 0.00269844
-0.36 -0.24 0.00318187
-0.36 -0.18 0.00370033
-0.36 -0.12 0.00424417
-0.36 -0.06 0.00480096
-0.36 9.71445e-15 0.00535621
-0.36 0.06 0.00589345
-0.36 0.12 0.00639547
-0.36 0.18 0.00684491
-0.36 0.24 0.00722523
-0.36 0.3 0.00752177
-0.36 0.36 0.0077229
-0.36 0.42 0.00782044
-0.36 0.48 0.00781035
-0.36 0.54 0.00769296
-0.36 0.6 0.00747331
-0.36 0.66 0.0071601
-0.36 0.72 0.00676569
-0.36 0.78 0.00630508
-0.36 0.84 0.00579518
-0.36 0.9 0.00525322
-0.36 0.96 0.00469657
-0.36 1.02 0.00414114
-0.36 1.08 0.0036012
-0.36 1.14 0.00308862
-0.36 1.2 0.0026126
-0.36 1.26 0.00217954
-0.36 1.32 0.00179327
-0.36 1.38 0.00145519
-0.36 1.44 0.00116461
-0.36 1.5 0.000919259
-0.36 1.56 0.000715613
-0.36 1.62 0.000549417
-0.36 1.68 0.000416029
-0.36 1.74 0.000310691
-0.36 1.8 0.000228838
-0.36 1.86 0.000166232
-0.36 1.92 0.000119093
-0.36 1.98 8.41498e-05
-0.36 2.04 5.8641e-05
-0.36 2.1 4.03035e-05
-0.36 2.16 2.73198e-05
-0.3 -0.48 0.00118787
-0.3 -0.42 0.00146007
-0.3 -0.36 0.00176995
-0.3 -0.3 0.00211614
-0.3 -0.24 0.00249525
-0.3 -0.18 0.00290186
-0.3 -0.12 0.0033283
-0.3 -0.06 0.00376495
-0.3 9.71445e-15 0.00420034
-0.3 0.06 0.0046217
-0.3 0.12 0.0050154
-0.3 0.18 0.0053678
-0.3 0.24 0.005666
-0.3 0.3 0.00589862
-0.3 0.36 0.00605636
-0.3 0.42 0.00613282
-0.3 0.48 0.00612489
-0.3 0.54 0.00603293
-0.3 0.6 0.00586058
-0.3 0.66 0.00561497
-0.3 0.72 0.0053057
-0.3 0.78 0.00494456
-0.3 0.84 0.00454461
-0.3 0.9 0.00411966
-0.3 0.96 0.00368307
-0.3 1.02 0.00324746
-0.3 1.08 0.00282408
-0.3 1.14 0.0024221
-0.3 1.2 0.00204879
-0.3 1.26 0.00170921
-0.3 1.32 0.00140631
-0.3 1.38 0.00114118
-0.3 1.44 0.000913309
-0.3 1.5 0.000720885
-0.3 1.56 0.000561184
-0.3 1.62 0.000430862
-0.3 1.68 0.000326254
-0.3 1.74 0.000243649
-0.3 1.8 0.000179456
-0.3 1.86 0.000130359
-0.3 1.92 9.33938e-05
-0.3 1.98 6.599e-05
-0.3 2.04 4.59867e-05
-0.3 2.1 3.16064e-05
-0.3 2.16 2.14241e-05
-0.24 -0.42 0.00112925
-0.24 -0.36 0.00136894
-0.24 -0.3 0.00163668
-0.24 -0.24 0.00192991
-0.24 -0.18 0.00224435
-0.24 -0.12 0.00257419
-0.24 -0.06 0.00291192
-0.24 9.71445e-15 0.00324866
-0.24 0.06 0.00357453
-0.24 0.12 0.00387904
-0.24 0.18 0.00415164
-0.24 0.24 0.00438229
-0.24 0.3 0.00456218
-0.24 0.36 0.00468415
-0.24 0.42 0.0047433
-0.24 0.48 0.00473719
-0.24 0.54 0.00466602
-0.24 0.6 0.00453278
-0.24 0.66 0.00434277
-0.24 0.72 0.00410356
-0.24 0.78 0.00382423
-0.24 0.84 0.00351494
-0.24 0.9 0.00318622
-0.24 0.96 0.00284857
-0.24 1.02 0.00251172
-0.24 1.08 0.00218422
-0.24 1.14 0.00187334
-0.24 1.2 0.0015846
-0.24 1.26 0.00132194
-0.24 1.32 0.00108767
-0.24 1.38 0.000882621
-0.24 1.44 0.000706371
-0.24 1.5 0.000557551
-0.24 1.56 0.000434039
-0.24 1.62 0.00033324
-0.24 1.68 0.000252333
-0.24 1.74 0.000188444
-0.24 1.8 0.000138797
-0.24 1.86 0.000100824
-0.24 1.92 7.22331e-05
-0.24 1.98 5.10391e-05
-0.24 2.04 3.55675e-05
-0.24 2.1 2.44452e-05
-0.24 2.16 1.657e-05
-0.18 -0.36 0.00104422
-0.18 -0.3 0.00124845
-0.18 -0.24 0.00147212
-0.18 -0.18 0.00171199
-0.18 -0.12 0.00196359
-0.18 -0.06 0.0022212
-0.18 9.71445e-15 0.00247808
-0.18 0.06 0.00272666
-0.18 0.12 0.00295891
-0.18 0.18 0.00316681
-0.18 0.24 0.00334278
-0.18 0.3 0.00347996
-0.18 0.36 0.00357306
-0.18 0.42 0.00361819
-0.18 0.48 0.00361349
-0.18 0.54 0.00355921
-0.18 0.6 0.00345755
-0.18 0.66 0.00331267
-0.18 0.72 0.0031302
-0.18 0.78 0.00291711
-0.18 0.84 0.00268119
-0.18 0.9 0.00243045
-0.18 0.96 0.0021729
-0.18 1.02 0.00191591
-0.18 1.08 0.00166612
-0.18 1.14 0.00142896
-0.18 1.2 0.00120873
-0.18 1.26 0.00100838
-0.18 1.32 0.000829674
-0.18 1.38 0.000673259
-0.18 1.44 0.00053882
-0.18 1.5 0.000425302
-0.18 1.56 0.000331081
-0.18 1.62 0.000254192
-0.18 1.68 0.000192478
-0.18 1.74 0.000143744
-0.18 1.8 0.000105873
-0.18 1.86 7.6908e-05
-0.18 1.92 5.50991e-05
-0.18 1.98 3.89322e-05
-0.18 2.04 2.71305e-05
-0.18 2.1 1.86468e-05
-0.18 2.16 1.26397e-05
-0.12 -0.3 0.000939229
-0.12 -0.24 0.00110749
-0.12 -0.18 0.00128795
-0.12 -0.12 0.00147724
-0.12 -0.06 0.00167103
-0.12 9.71445e-15 0.00186429
-0.12 0.06 0.00205128
-0.12 0.12 0.00222603
-0.12 0.18 0.00238244
-0.12 0.24 0.00251483
-0.12 0.3 0.00261804
-0.12 0.36 0.00268806
-0.12 0.42 0.00272198
-0.12 0.48 0.00271847
-0.12 0.54 0.00267761
-0.12 0.6 0.00260116
-0.12 0.66 0.00249214
-0.12 0.72 0.00235487
-0.12 0.78 0.00219457
-0.12 0.84 0.00201707
-0.12 0.9 0.00182845
-0.12 0.96 0.0016347
-0.12 1.02 0.00144137
-0.12 1.08 0.00125343
-0.12 1.14 0.00107503
-0.12 1.2 0.000909341
-0.12 1.26 0.000758613
-0.12 1.32 0.000624171
-0.12 1.38 0.000506497
-0.12 1.44 0.000405358
-0.12 1.5 0.000319958
-0.12 1.56 0.000249076
-0.12 1.62 0.000191232
-0.12 1.68 0.000144804
-0.12 1.74 0.000108139
-0.12 1.8 7.96494e-05
-0.12 1.86 5.7859e-05
-0.12 1.92 4.1452e-05
-0.12 1.98 2.92892e-05
-0.12 2.04 2.04108e-05
-0.12 2.1 1.40282e-05
-0.12 2.16 9.50892e-06
-0.06 -0.24 0.000821725
-0.06 -0.18 0.000955621
-0.06 -0.12 0.00109606
-0.06 -0.06 0.00123986
-0.06 9.71445e-15 0.00138324
-0.06 0.06 0.001522
-0.06 0.12 0.00165166
-0.06 0.18 0.0017677
-0.06 0.24 0.00186592
-0.06 0.3 0.00194251
-0.06 0.36 0.00199447
-0.06 0.42 0.00201963
-0.06 0.48 0.00201701
-0.06 0.54 0.00198672
-0.06 0.6 0.00192998
-0.06 0.66 0.00184908
-0.06 0.72 0.00174725
-0.06 0.78 0.00162832
-0.06 0.84 0.00149662
-0.06 0.9 0.00135666
-0.06 0.96 0.00121289
-0.06 1.02 0.00106945
-0.06 1.08 0.000930008
-0.06 1.14 0.000797638
-0.06 1.2 0.000674699
-0.06 1.26 0.000562871
-0.06 1.32 0.00046312
-0.06 1.38 0.000375807
-0.06 1.44 0.000300766
-0.06 1.5 0.000237398
-0.06 1.56 0.000184806
-0.06 1.62 0.000141889
-0.06 1.68 0.00010744
-0.06 1.74 8.02368e-05
-0.06 1.8 5.90975e-05
-0.06 1.86 4.29296e-05
-0.06 1.92 3.0756e-05
-0.06 1.98 2.17316e-05
-0.06 2.04 1.51442e-05
-0.06 2.1 1.04085e-05
9.71445e-15 -0.12 0.000802062
9.71445e-15 -0.06 0.000907297
9.71445e-15 9.71445e-15 0.00101221
9.71445e-15 0.06 0.00111376
9.71445e-15 0.12 0.00120863
9.71445e-15 0.18 0.00129355
9.71445e-15 0.24 0.00136543
9.71445e-15 0.3 0.00142147
9.71445e-15 0.36 0.00145949
9.71445e-15 0.42 0.00147792
9.71445e-15 0.48 0.00147599
9.71445e-15 0.54 0.00145383
9.71445e-15 0.6 0.0014123
9.71445e-15 0.66 0.00135312
9.71445e-15 0.72 0.00127859
9.71445e-15 0.78 0.00119156
9.71445e-15 0.84 0.00109518
9.71445e-15 0.9 0.000992766
9.71445e-15 0.96 0.000887558
9.71445e-15 1.02 0.000782595
9.71445e-15 1.08 0.000680557
9.71445e-15 1.14 0.000583689
9.71445e-15 1.2 0.000493727
9.71445e-15 1.26 0.000411894
9.71445e-15 1.32 0.000338898
9.71445e-15 1.38 0.000275006
9.71445e-15 1.44 0.000220092
9.71445e-15 1.5 0.000173722
9.71445e-15 1.56 0.000135236
9.71445e-15 1.62 0.00010383
9.71445e-15 1.68 7.86211e-05
9.71445e-15 1.74 5.8715e-05
9.71445e-15 1.8 4.32459e-05
9.71445e-15 1.86 3.14145e-05
9.71445e-15 1.92 2.25063e-05
9.71445e-15 1.98 1.59026e-05
9.71445e-15 2.04 1.10821e-05
9.71445e-15 2.1 7.61667e-06
0.06 9.71445e-15 0.000730529
0.06 0.06 0.000803813
0.06 0.12 0.000872281
0.06 0.18 0.000933575
0.06 0.24 0.000985445
0.06 0.3 0.00102589
0.06 0.36 0.00105333
0.06 0.42 0.00106663
0.06 0.48 0.00106524
0.06 0.54 0.00104925
0.06 0.6 0.00101928
0.06 0.66 0.000976565
0.06 0.72 0.000922777
0.06 0.78 0.000859956
0.06 0.84 0.00079041
0.06 0.9 0.000716489
0.06 0.96 0.000640562
0.06 1.02 0.000564809
0.06 1.08 0.000491169
0.06 1.14 0.000421257
0.06 1.2 0.000356331
0.06 1.26 0.000297269
0.06 1.32 0.000244586
0.06 1.38 0.000198476
0.06 1.44 0.000158843
0.06 1.5 0.000125378
0.06 1.56 9.76015e-05
0.06 1.62 7.49356e-05
0.06 1.68 5.67418e-05
0.06 1.74 4.23754e-05
0.06 1.8 3.12112e-05
0.06 1.86 2.26723e-05
0.06 1.92 1.6243e-05
0.06 1.98 1.14771e-05
0.06 2.04 7.99802e-06
0.06 2.1 5.49704e-06
0.12 0.06 0.000572143
0.12 0.12 0.000620885
0.12 0.18 0.000664515
0.12 0.24 0.00070143
0.12 0.3 0.000730228
0.12 0.36 0.000749749
0.12 0.42 0.000759221
0.12 0.48 0.000758235
0.12 0.54 0.000746852
0.12 0.6 0.000725519
0.12 0.66 0.000695111
0.12 0.72 0.000656822
0.12 0.78 0.000612115
0.12 0.84 0.000562607
0.12 0.9 0.000509995
0.12 0.96 0.000455943
0.12 1.02 0.000402027
0.12 1.08 0.00034961
0.12 1.14 0.000299848
0.12 1.2 0.000253633
0.12 1.26 0.000211593
0.12 1.32 0.000174095
0.12 1.38 0.000141274
0.12 1.44 0.000113063
0.12 1.5 8.92426e-05
0.12 1.56 6.94723e-05
0.12 1.62 5.33389e-05
0.12 1.68 4.03886e-05
0.12 1.74 3.01627e-05
0.12 1.8 2.2216e-05
0.12 1.86 1.61379e-05
0.12 1.92 1.15617e-05
0.12 1.98 8.16932e-06
0.12 2.04 5.69298e-06
0.12 2.1 3.91273e-06
0.18 0.24 0.000492413
0.18 0.3 0.000512626
0.18 0.36 0.000526335
0.18 0.42 0.000532976
0.18 0.48 0.000532287
0.18 0.54 0.000524294
0.18 0.6 0.000509319
0.18 0.66 0.000487968
0.18 0.72 0.000461096
0.18 0.78 0.00042971
0.18 0.84 0.000394953
0.18 0.9 0.00035802
0.18 0.96 0.000320079
0.18 1.02 0.000282226
0.18 1.08 0.000245427
0.18 1.14 0.000210495
0.18 1.2 0.000178051
0.18 1.26 0.00014854
0.18 1.32 0.000122217
0.18 1.38 9.91745e-05
0.18 1.44 7.93716e-05
0.18 1.5 6.26488e-05
0.18 1.56 4.87701e-05
0.18 1.62 3.74443e-05
0.18 1.68 2.83532e-05
0.18 1.74 2.11744e-05
0.18 1.8 1.55957e-05
0.18 1.86 1.1329e-05
0.18 1.92 8.11647e-06
0.18 1.98 5.73492e-06
0.18 2.04 3.99654e-06
0.24 0.36 0.00036441
0.24 0.42 0.000369012
0.24 0.48 0.000368537
0.24 0.54 0.000362999
0.24 0.6 0.000352635
0.24 0.66 0.000337854
0.24 0.72 0.000319242
0.24 0.78 0.00029751
0.24 0.84 0.000273449
0.24 0.9 0.000247877
0.24 0.96 0.00022161
0.24 1.02 0.000195402
0.24 1.08 0.000169925
0.24 1.14 0.000145739
0.24 1.2 0.000123277
0.24 1.26 0.000102843
0.24 1.32 8.46168e-05
0.24 1.38 6.86645e-05
0.24 1.44 5.49529e-05
0.24 1.5 4.33757e-05
0.24 1.56 3.37668e-05
0.24 1.62 2.59248e-05
0.24 1.68 1.96307e-05
0.24 1.74 1.46602e-05
0.24 1.8 1.07979e-05
0.24 1.86 7.84378e-06
0.24 1.92 5.6195e-06
0.24 1.98 3.97067e-06
0.24 2.04 2.76703e-06
0.3 0.54 0.000247871
0.3 0.6 0.00024079
0.3 0.66 0.0002307
0.3 0.72 0.000217994
0.3 0.78 0.000203155
0.3 0.84 0.000186723
0.3 0.9 0.000169262
0.3 0.96 0.000151325
0.3 1.02 0.000133428
0.3 1.08 0.000116032
0.3 1.14 9.95156e-05
0.3 1.2 8.41785e-05
0.3 1.26 7.02261e-05
0.3 1.32 5.77805e-05
0.3 1.38 4.68871e-05
0.3 1.44 3.75247e-05
0.3 1.5 2.96189e-05
0.3 1.56 2.30571e-05
0.3 1.62 1.77026e-05
0.3 1.68 1.34046e-05
0.3 1.74 1.00106e-05
0.3 1.8 7.37318e-06
0.3 1.86 5.35603e-06
0.3 1.92 3.83723e-06
0.36 0.78 0.000136816
0.36 0.84 0.000125749
0.36 0.9 0.00011399
0.36 0.96 0.00010191
0.36 1.02 8.98582e-05
0.36 1.08 7.81418e-05
0.36 1.14 6.70201e-05
0.36 1.2 5.66902e-05
0.36 1.26 4.72936e-05
0.36 1.32 3.89126e-05
0.36 1.38 3.15764e-05
0.36 1.44 2.52712e-05
0.36 1.5 1.99467e-05
0.36 1.56 1.55281e-05
0.36 1.62 1.1922e-05
