3435 0.06 0.06 0.288889 -12 -12
-3 -0.12 0.0004875
-3 -0.06 0.000500364
-3 9.71445e-15 0.000506509
-3 0.06 0.000505686
-3 0.12 0.000497925
-3 0.18 0.000483538
-3 0.24 0.000463113
-3 0.3 0.000437456
-3 0.36 0.000407542
-3 0.42 0.00037445
-3 0.48 0.000339316
-3 0.54 0.000303254
-3 0.6 0.0002673
-2.94 -0.42 0.000516525
-2.94 -0.36 0.000568139
-2.94 -0.3 0.000616331
-2.94 -0.24 0.000659413
-2.94 -0.18 0.000695814
-2.94 -0.12 0.000724131
-2.94 -0.06 0.00074324
-2.94 9.71445e-15 0.000752369
-2.94 0.06 0.00075114
-2.94 0.12 0.000739605
-2.94 0.18 0.000718239
-2.94 0.24 0.0006879
-2.94 0.3 0.000649791
-2.94 0.36 0.000605353
-2.94 0.42 0.0005562
-2.94 0.48 0.000504016
-2.94 0.54 0.00045045
-2.94 0.6 0.000397043
-2.94 0.66 0.000345159
-2.94 0.72 0.000295932
-2.94 0.78 0.000250234
-2.94 0.84 0.000208688
-2.94 0.9 0.000171644
-2.88 -0.6 0.000523294
-2.88 -0.54 0.000599993
-2.88 -0.48 0.00067848
-2.88 -0.42 0.000756692
-2.88 -0.36 0.000832305
-2.88 -0.3 0.000902906
-2.88 -0.24 0.00096601
-2.88 -0.18 0.00101935
-2.88 -0.12 0.00106083
-2.88 -0.06 0.00108883
-2.88 9.71445e-15 0.0011022
-2.88 0.06 0.0011004
-2.88 0.12 0.0010835
-2.88 0.18 0.00105219
-2.88 0.24 0.00100776
-2.88 0.3 0.000951914
-2.88 0.36 0.000886819
-2.88 0.42 0.000814821
-2.88 0.48 0.000738372
-2.88 0.54 0.000659899
-2.88 0.6 0.00058166
-2.88 0.66 0.000505648
-2.88 0.72 0.000433528
-2.88 0.78 0.000366587
-2.88 0.84 0.00030572
-2.88 0.9 0.000251455
-2.88 0.96 0.000203978
-2.88 1.02 0.000163193
-2.88 1.08 0.000128767
-2.82 -0.72 0.000551736
-2.82 -0.66 0.000650362
-2.82 -0.6 0.000756078
-2.82 -0.54 0.000866895
-2.82 -0.48 0.000980288
-2.82 -0.42 0.00109328
-2.82 -0.36 0.00120255
-2.82 -0.3 0.00130454
-2.82 -0.24 0.00139573
-2.82 -0.18 0.00147277
-2.82 -0.12 0.00153272
-2.82 -0.06 0.00157316
-2.82 9.71445e-15 0.00159249
-2.82 0.06 0.00158989
-2.82 0.12 0.00156546
-2.82 0.18 0.00152024
-2.82 0.24 0.00145603
-2.82 0.3 0.00137536
-2.82 0.36 0.0012813
-2.82 0.42 0.00117728
-2.82 0.48 0.00106682
-2.82 0.54 0.000953444
-2.82 0.6 0.000840401
-2.82 0.66 0.000730575
-2.82 0.72 0.00062637
-2.82 0.78 0.000529658
-2.82 0.84 0.000441708
-2.82 0.9 0.000363311
-2.82 0.96 0.000294716
-2.82 1.02 0.000235785
-2.82 1.08 0.000186045
-2.82 1.14 0.000144781
-2.82 1.2 0.000111121
-2.76 -0.9 0.000441775
-2.76 -0.84 0.000542827
-2.76 -0.78 0.000657812
-2.76 -0.72 0.000786201
-2.76 -0.66 0.000926743
-2.76 -0.6 0.00107739
-2.76 -0.54 0.00123529
-2.76 -0.48 0.00139687
-2.76 -0.42 0.0015579
-2.76 -0.36 0.0017136
-2.76 -0.3 0.00185892
-2.76 -0.24 0.00198888
-2.76 -0.18 0.00209867
-2.76 -0.12 0.00218407
-2.76 -0.06 0.0022417
-2.76 9.71445e-15 0.00226923
-2.76 0.06 0.00226554
-2.76 0.12 0.00223076
-2.76 0.18 0.00216629
-2.76 0.24 0.0020748
-2.76 0.3 0.00195984
-2.76 0.36 0.00182583
-2.76 0.42 0.00167758
-2.76 0.48 0.00152018
-2.76 0.54 0.00135862
-2.76 0.6 0.00119754
-2.76 0.66 0.00104105
-2.76 0.72 0.000892563
-2.76 0.78 0.000754742
-2.76 0.84 0.000629426
-2.76 0.9 0.000517703
-2.76 0.96 0.000419961
-2.76 1.02 0.000335988
-2.76 1.08 0.00026511
-2.76 1.14 0.00020631
-2.76 1.2 0.000158344
-2.76 1.26 0.000119859
-2.76 1.32 8.94802e-05
-2.76 1.38 6.58841e-05
-2.7 -0.96 0.000498348
-2.7 -0.9 0.000620865
-2.7 -0.84 0.000762876
-2.7 -0.78 0.00092448
-2.7 -0.72 0.00110492
-2.7 -0.66 0.00130243
-2.7 -0.6 0.00151414
-2.7 -0.54 0.00173606
-2.7 -0.48 0.00196315
-2.7 -0.42 0.00218945
-2.7 -0.36 0.00240824
-2.7 -0.3 0.00261251
-2.7 -0.24 0.00279513
-2.7 -0.18 0.00294942
-2.7 -0.12 0.00306946
-2.7 -0.06 0.00315047
-2.7 9.71445e-15 0.00318916
-2.7 0.06 0.00318395
-2.7 0.12 0.00313504
-2.7 0.18 0.00304448
-2.7 0.24 0.0029159
-2.7 0.3 0.00275433
-2.7 0.36 0.00256596
-2.7 0.42 0.00235765
-2.7 0.48 0.00213645
-2.7 0.54 0.00190939
-2.7 0.6 0.00168301
-2.7 0.66 0.00146307
-2.7 0.72 0.00125438
-2.7 0.78 0.00106071
-2.7 0.84 0.00088458
-2.7 0.9 0.000727577
-2.7 0.96 0.000590206
-2.7 1.02 0.000472188
-2.7 1.08 0.000372579
-2.7 1.14 0.000289942
-2.7 1.2 0.000222533
-2.7 1.26 0.000168448
-2.7 1.32 0.000125755
-2.7 1.38 9.25921e-05
-2.7 1.44 6.72373e-05
-2.64 -1.08 0.000426922
-2.64 -1.02 0.000546815
-2.64 -0.96 0.000690742
-2.64 -0.9 0.000860559
-2.64 -0.84 0.0010574
-2.64 -0.78 0.0012814
-2.64 -0.72 0.00153148
-2.64 -0.66 0.00180523
-2.64 -0.6 0.00209867
-2.64 -0.54 0.00240627
-2.64 -0.48 0.00272106
-2.64 -0.42 0.00303473
-2.64 -0.36 0.00333797
-2.64 -0.3 0.00362112
-2.64 -0.24 0.00387422
-2.64 -0.18 0.00408811
-2.64 -0.12 0.00425448
-2.64 -0.06 0.00436675
-2.64 9.71445e-15 0.00442038
-2.64 0.06 0.00441316
-2.64 0.12 0.00434537
-2.64 0.18 0.00421984
-2.64 0.24 0.00404161
-2.64 0.3 0.00381769
-2.64 0.36 0.0035566
-2.64 0.42 0.00326784
-2.64 0.48 0.00296124
-2.64 0.54 0.00264652
-2.64 0.6 0.00233275
-2.64 0.66 0.0020279
-2.64 0.72 0.00173868
-2.64 0.78 0.00147019
-2.64 0.84 0.0012261
-2.64 0.9 0.00100846
-2.64 0.96 0.000818062
-2.64 1.02 0.00065449
-2.64 1.08 0.000516424
-2.64 1.14 0.000401882
-2.64 1.2 0.000308446
-2.64 1.26 0.000233477
-2.64 1.32 0.000174305
-2.64 1.38 0.000128339
-2.64 1.44 9.31957e-05
-2.64 1.5 6.67445e-05
-2.64 1.56 4.7145e-05
-2.58 -1.2 0.00034128
-2.58 -1.14 0.000449388
-2.58 -1.08 0.000583607
-2.58 -1.02 0.0007475
-2.58 -0.96 0.000944248
-2.58 -0.9 0.0011764
-2.58 -0.84 0.00144547
-2.58 -0.78 0.00175168
-2.58 -0.72 0.00209357
-2.58 -0.66 0.00246781
-2.58 -0.6 0.00286895
-2.58 -0.54 0.00328945
-2.58 -0.48 0.00371973
-2.58 -0.42 0.00414847
-2.58 -0.36 0.00456308
-2.58 -0.3 0.00495007
-2.58 -0.24 0.00529616
-2.58 -0.18 0.00558846
-2.58 -0.12 0.00581585
-2.58 -0.06 0.00596934
-2.58 9.71445e-15 0.00604265
-2.58 0.06 0.00603277
-2.58 0.12 0.00594021
-2.58 0.18 0.00576861
-2.58 0.24 0.00552489
-2.58 0.3 0.00521885
-2.58 0.36 0.00486194
-2.58 0.42 0.00446714
-2.58 0.48 0.00404802
-2.58 0.54 0.00361781
-2.58 0.6 0.00318888
-2.58 0.66 0.00277217
-2.58 0.72 0.0023768
-2.58 0.78 0.00200977
-2.58 0.84 0.00167609
-2.58 0.9 0.00137858
-2.58 0.96 0.0011183
-2.58 1.02 0.000894694
-2.58 1.08 0.000705956
-2.58 1.14 0.000549377
-2.58 1.2 0.000421648
-2.58 1.26 0.00031917
-2.58 1.32 0.000238276
-2.58 1.38 0.00017544
-2.58 1.44 0.000127399
-2.58 1.5 9.1242e-05
-2.58 1.56 6.4448e-05
-2.58 1.62 4.48965e-05
-2.58 1.68 3.08465e-05
-2.52 -1.26 0.000344629
-2.52 -1.2 0.000460124
-2.52 -1.14 0.000605878
-2.52 -1.08 0.000786832
-2.52 -1.02 0.00100779
-2.52 -0.96 0.00127307
-2.52 -0.9 0.00158604
-2.52 -0.84 0.00194883
-2.52 -0.78 0.00236163
-2.52 -0.72 0.0028226
-2.52 -0.66 0.00332716
-2.52 -0.6 0.00386799
-2.52 -0.54 0.00443491
-2.52 -0.48 0.00501501
-2.52 -0.42 0.00559306
-2.52 -0.36 0.00615206
-2.52 -0.3 0.00667381
-2.52 -0.24 0.00714039
-2.52 -0.18 0.00753451
-2.52 -0.12 0.00784112
-2.52 -0.06 0.00804806
-2.52 9.71445e-15 0.0081469
-2.52 0.06 0.00813359
-2.52 0.12 0.0080087
-2.52 0.18 0.00777731
-2.52 0.24 0.00744883
-2.52 0.3 0.00703613
-2.52 0.36 0.00655495
-2.52 0.42 0.00602276
-2.52 0.48 0.0054577
-2.52 0.54 0.00487767
-2.52 0.6 0.00429936
-2.52 0.66 0.0037375
-2.52 0.72 0.00320442
-2.52 0.78 0.00270965
-2.52 0.84 0.00225972
-2.52 0.9 0.00185865
-2.52 0.96 0.00150773
-2.52 1.02 0.00120624
-2.52 1.08 0.00095178
-2.52 1.14 0.000740679
-2.52 1.2 0.000568478
-2.52 1.26 0.000430314
-2.52 1.32 0.000321247
-2.52 1.38 0.000236534
-2.52 1.44 0.000171761
-2.52 1.5 0.000123015
-2.52 1.56 8.68906e-05
-2.52 1.62 6.05308e-05
-2.52 1.68 4.15882e-05
-2.52 1.74 2.81808e-05
-2.46 -1.32 0.000338509
-2.46 -1.26 0.000458251
-2.46 -1.2 0.000611822
-2.46 -1.14 0.00080563
-2.46 -1.08 0.00104625
-2.46 -1.02 0.00134005
-2.46 -0.96 0.00169277
-2.46 -0.9 0.00210896
-2.46 -0.84 0.00259132
-2.46 -0.78 0.00314026
-2.46 -0.72 0.0037532
-2.46 -0.66 0.00442408
-2.46 -0.6 0.00514321
-2.46 -0.54 0.00589706
-2.46 -0.48 0.00666846
-2.46 -0.42 0.00743705
-2.46 -0.36 0.0081803
-2.46 -0.3 0.00887415
-2.46 -0.24 0.00949451
-2.46 -0.18 0.0100184
-2.46 -0.12 0.0104262
-2.46 -0.06 0.0107014
-2.46 9.71445e-15 0.0108329
-2.46 0.06 0.0108151
-2.46 0.12 0.0106491
-2.46 0.18 0.0103415
-2.46 0.24 0.00990456
-2.46 0.3 0.00935594
-2.46 0.36 0.00871603
-2.46 0.42 0.00800835
-2.46 0.48 0.00725702
-2.46 0.54 0.00648576
-2.46 0.6 0.00571677
-2.46 0.66 0.00496972
-2.46 0.72 0.00426092
-2.46 0.78 0.00360297
-2.46 0.84 0.00300475
-2.46 0.9 0.00247141
-2.46 0.96 0.0020048
-2.46 1.02 0.00160393
-2.46 1.08 0.00126558
-2.46 1.14 0.000984875
-2.46 1.2 0.000755897
-2.46 1.26 0.000572181
-2.46 1.32 0.000427163
-2.46 1.38 0.000314514
-2.46 1.44 0.000228391
-2.46 1.5 0.000163571
-2.46 1.56 0.000115537
-2.46 1.62 8.04865e-05
-2.46 1.68 5.52989e-05
-2.46 1.74 3.74714e-05
-2.46 1.8 2.50424e-05
-2.4 -1.38 0.000323422
-2.4 -1.32 0.000443922
-2.4 -1.26 0.000600953
-2.4 -1.2 0.00080235
-2.4 -1.14 0.00105651
-2.4 -1.08 0.00137205
-2.4 -1.02 0.00175736
-2.4 -0.96 0.00221994
-2.4 -0.9 0.00276569
-2.4 -0.84 0.00339831
-2.4 -0.78 0.00411816
-2.4 -0.72 0.00492196
-2.4 -0.66 0.0058018
-2.4 -0.6 0.00674488
-2.4 -0.54 0.00773346
-2.4 -0.48 0.00874504
-2.4 -0.42 0.00975305
-2.4 -0.36 0.0107278
-2.4 -0.3 0.0116377
-2.4 -0.24 0.0124512
-2.4 -0.18 0.0131385
-2.4 -0.12 0.0136732
-2.4 -0.06 0.014034
-2.4 9.71445e-15 0.0142064
-2.4 0.06 0.0141832
-2.4 0.12 0.0139653
-2.4 0.18 0.0135619
-2.4 0.24 0.0129891
-2.4 0.3 0.0122695
-2.4 0.36 0.0114303
-2.4 0.42 0.0105023
-2.4 0.48 0.00951701
-2.4 0.54 0.00850556
-2.4 0.6 0.00749711
-2.4 0.66 0.00651734
-2.4 0.72 0.00558781
-2.4 0.78 0.00472502
-2.4 0.84 0.00394045
-2.4 0.9 0.00324105
-2.4 0.96 0.00262913
-2.4 1.02 0.00210342
-2.4 1.08 0.00165969
-2.4 1.14 0.00129158
-2.4 1.2 0.000991299
-2.4 1.26 0.000750369
-2.4 1.32 0.000560183
-2.4 1.38 0.000412461
-2.4 1.44 0.000299514
-2.4 1.5 0.000214509
-2.4 1.56 0.000151517
-2.4 1.62 0.000105552
-2.4 1.68 7.25203e-05
-2.4 1.74 4.91408e-05
-2.4 1.8 3.28407e-05
-2.4 1.86 2.16458e-05
-2.34 -1.5 0.000212998
-2.34 -1.44 0.000300566
-2.34 -1.38 0.000418307
-2.34 -1.32 0.000574168
-2.34 -1.26 0.000777266
-2.34 -1.2 0.00103775
-2.34 -1.14 0.00136648
-2.34 -1.08 0.0017746
-2.34 -1.02 0.00227295
-2.34 -0.96 0.00287124
-2.34 -0.9 0.00357712
-2.34 -0.84 0.00439533
-2.34 -0.78 0.00532637
-2.34 -0.72 0.00636602
-2.34 -0.66 0.00750399
-2.34 -0.6 0.00872377
-2.34 -0.54 0.0100024
-2.34 -0.48 0.0113107
-2.34 -0.42 0.0126144
-2.34 -0.36 0.0138752
-2.34 -0.3 0.0150518
-2.34 -0.24 0.0161043
-2.34 -0.18 0.0169932
-2.34 -0.12 0.0176846
-2.34 -0.06 0.0181512
-2.34 9.71445e-15 0.0183742
-2.34 0.06 0.0183443
-2.34 0.12 0.0180627
-2.34 0.18 0.0175408
-2.34 0.24 0.0167999
-2.34 0.3 0.0158691
-2.34 0.36 0.0147839
-2.34 0.42 0.0135835
-2.34 0.48 0.0123091
-2.34 0.54 0.0110009
-2.34 0.6 0.00969663
-2.34 0.66 0.00842948
-2.34 0.72 0.00722721
-2.34 0.78 0.00611125
-2.34 0.84 0.00509656
-2.34 0.9 0.00419193
-2.34 0.96 0.00340048
-2.34 1.02 0.00272052
-2.34 1.08 0.00214662
-2.34 1.14 0.00167051
-2.34 1.2 0.00128213
-2.34 1.26 0.000970518
-2.34 1.32 0.000724533
-2.34 1.38 0.000533472
-2.34 1.44 0.000387386
-2.34 1.5 0.000277444
-2.34 1.56 0.000195971
-2.34 1.62 0.00013652
-2.34 1.68 9.3797e-05
-2.34 1.74 6.35583e-05
-2.34 1.8 4.2476e-05
-2.34 1.86 2.79961e-05
-2.34 1.92 1.81993e-05
-2.34 1.98 1.16678e-05
-2.28 -1.56 0.000189898
-2.28 -1.5 0.000271702
-2.28 -1.44 0.000383407
-2.28 -1.38 0.000533594
-2.28 -1.32 0.000732418
-2.28 -1.26 0.000991495
-2.28 -1.2 0.00132376
-2.28 -1.14 0.0017431
-2.28 -1.08 0.00226371
-2.28 -1.02 0.00289941
-2.28 -0.96 0.00366256
-2.28 -0.9 0.00456303
-2.28 -0.84 0.00560669
-2.28 -0.78 0.00679443
-2.28 -0.72 0.00812055
-2.28 -0.66 0.0095721
-2.28 -0.6 0.0111281
-2.28 -0.54 0.0127591
-2.28 -0.48 0.0144281
-2.28 -0.42 0.0160911
-2.28 -0.36 0.0176993
-2.28 -0.3 0.0192004
-2.28 -0.24 0.0205427
-2.28 -0.18 0.0216767
-2.28 -0.12 0.0225586
-2.28 -0.06 0.023154
-2.28 9.71445e-15 0.0234383
-2.28 0.06 0.0234002
-2.28 0.12 0.023041
-2.28 0.18 0.0223752
-2.28 0.24 0.0214301
-2.28 0.3 0.0202428
-2.28 0.36 0.0188586
-2.28 0.42 0.0173273
-2.28 0.48 0.0157015
-2.28 0.54 0.0140328
-2.28 0.6 0.0123691
-2.28 0.66 0.0107528
-2.28 0.72 0.00921914
-2.28 0.78 0.00779549
-2.28 0.84 0.00650125
-2.28 0.9 0.00534725
-2.28 0.96 0.00433764
-2.28 1.02 0.00347033
-2.28 1.08 0.00273827
-2.28 1.14 0.00213092
-2.28 1.2 0.00163549
-2.28 1.26 0.00123799
-2.28 1.32 0.000924231
-2.28 1.38 0.000680498
-2.28 1.44 0.000494158
-2.28 1.5 0.000353908
-2.28 1.56 0.000249981
-2.28 1.62 0.000174145
-2.28 1.68 0.000119648
-2.28 1.74 8.10753e-05
-2.28 1.8 5.41825e-05
-2.28 1.86 3.57124e-05
-2.28 1.92 2.32151e-05
-2.28 1.98 1.48836e-05
-2.28 2.04 9.41103e-06
-2.22 -1.62 0.000164678
-2.22 -1.56 0.000238905
-2.22 -1.5 0.000341821
-2.22 -1.44 0.000482355
-2.22 -1.38 0.000671303
-2.22 -1.32 0.000921432
-2.22 -1.26 0.00124738
-2.22 -1.2 0.0016654
-2.22 -1.14 0.00219295
-2.22 -1.08 0.00284793
-2.22 -1.02 0.00364767
-2.22 -0.96 0.00460775
-2.22 -0.9 0.00574065
-2.22 -0.84 0.00705359
-2.22 -0.78 0.00854791
-2.22 -0.72 0.0102163
-2.22 -0.66 0.0120425
-2.22 -0.6 0.014
-2.22 -0.54 0.016052
-2.22 -0.48 0.0181517
-2.22 -0.42 0.0202439
-2.22 -0.36 0.0222669
-2.22 -0.3 0.0241557
-2.22 -0.24 0.0258443
-2.22 -0.18 0.0272707
-2.22 -0.12 0.0283805
-2.22 -0.06 0.0291296
-2.22 9.71445e-15 0.0294873
-2.22 0.06 0.0294391
-2.22 0.12 0.0289871
-2.22 0.18 0.0281498
-2.22 0.24 0.0269607
-2.22 0.3 0.025467
-2.22 0.36 0.0237254
-2.22 0.42 0.0217991
-2.22 0.48 0.0197538
-2.22 0.54 0.0176544
-2.22 0.6 0.0155613
-2.22 0.66 0.0135278
-2.22 0.72 0.0115983
-2.22 0.78 0.00980737
-2.22 0.84 0.00817902
-2.22 0.9 0.00672727
-2.22 0.96 0.00545709
-2.22 1.02 0.00436591
-2.22 1.08 0.00344493
-2.22 1.14 0.00268084
-2.22 1.2 0.00205755
-2.22 1.26 0.0015575
-2.22 1.32 0.00116275
-2.22 1.38 0.000856113
-2.22 1.44 0.000621689
-2.22 1.5 0.000445246
-2.22 1.56 0.000314494
-2.22 1.62 0.000219085
-2.22 1.68 0.000150525
-2.22 1.74 0.000101998
-2.22 1.8 6.81659e-05
-2.22 1.86 4.49291e-05
-2.22 1.92 2.92061e-05
-2.22 1.98 1.87248e-05
-2.22 2.04 1.18397e-05
-2.22 2.1 7.38341e-06
-2.16 -1.62 0.000204328
-2.16 -1.56 0.000296429
-2.16 -1.5 0.000424127
-2.16 -1.44 0.000598495
-2.16 -1.38 0.000832942
-2.16 -1.32 0.0011433
-2.16 -1.26 0.00154772
-2.16 -1.2 0.00206638
-2.16 -1.14 0.00272095
-2.16 -1.08 0.00353364
-2.16 -1.02 0.00452597
-2.16 -0.96 0.00571725
-2.16 -0.9 0.00712284
-2.16 -0.84 0.00875204
-2.16 -0.78 0.0106061
-2.16 -0.72 0.0126761
-2.16 -0.66 0.0149421
-2.16 -0.6 0.0173709
-2.16 -0.54 0.019917
-2.16 -0.48 0.0225222
-2.16 -0.42 0.0251182
-2.16 -0.36 0.0276286
-2.16 -0.3 0.0299717
-2.16 -0.24 0.0320672
-2.16 -0.18 0.0338371
-2.16 -0.12 0.0352139
-2.16 -0.06 0.0361431
-2.16 9.71445e-15 0.036587
-2.16 0.06 0.0365274
-2.16 0.12 0.0359669
-2.16 0.18 0.0349278
-2.16 0.24 0.0334523
-2.16 0.3 0.0315991
-2.16 0.36 0.0294382
-2.16 0.42 0.0270478
-2.16 0.48 0.02451
-2.16 0.54 0.0219051
-2.16 0.6 0.019308
-2.16 0.66 0.016785
-2.16 0.72 0.0143911
-2.16 0.78 0.0121688
-2.16 0.84 0.0101484
-2.16 0.9 0.00834702
-2.16 0.96 0.00677106
-2.16 1.02 0.00541719
-2.16 1.08 0.00427443
-2.16 1.14 0.00332637
-2.16 1.2 0.00255299
-2.16 1.26 0.00193251
-2.16 1.32 0.00144272
-2.16 1.38 0.00106226
-2.16 1.44 0.000771378
-2.16 1.5 0.000552452
-2.16 1.56 0.000390221
-2.16 1.62 0.00027184
-2.16 1.68 0.00018677
-2.16 1.74 0.000126559
-2.16 1.8 8.45791e-05
-2.16 1.86 5.57468e-05
-2.16 1.92 3.62387e-05
-2.16 1.98 2.32332e-05
-2.16 2.04 1.46906e-05
-2.16 2.1 9.16124e-06
-2.1 -1.68 0.000169988
-2.1 -1.62 0.000250045
-2.1 -1.56 0.000362747
-2.1 -1.5 0.000519012
-2.1 -1.44 0.000732399
-2.1 -1.38 0.00101929
-2.1 -1.32 0.00139908
-2.1 -1.26 0.00189399
-2.1 -1.2 0.00252871
-2.1 -1.14 0.00332974
-2.1 -1.08 0.00432423
-2.1 -1.02 0.00553851
-2.1 -0.96 0.00699636
-2.1 -0.9 0.00871648
-2.1 -0.84 0.0107101
-2.1 -0.78 0.0129789
-2.1 -0.72 0.0155122
-2.1 -0.66 0.0182851
-2.1 -0.6 0.0212573
-2.1 -0.54 0.024373
-2.1 -0.48 0.0275612
-2.1 -0.42 0.0307378
-2.1 -0.36 0.0338098
-2.1 -0.3 0.0366773
-2.1 -0.24 0.0392414
-2.1 -0.18 0.0414073
-2.1 -0.12 0.0430924
-2.1 -0.06 0.0442296
-2.1 9.71445e-15 0.0447729
-2.1 0.06 0.0446999
-2.1 0.12 0.0440134
-2.1 0.18 0.0427419
-2.1 0.24 0.0409367
-2.1 0.3 0.0386685
-2.1 0.36 0.0360241
-2.1 0.42 0.0330994
-2.1 0.48 0.0299939
-2.1 0.54 0.0268062
-2.1 0.6 0.023628
-2.1 0.66 0.0205403
-2.1 0.72 0.0176105
-2.1 0.78 0.0148914
-2.1 0.84 0.0124188
-2.1 0.9 0.0102146
-2.1 0.96 0.00828596
-2.1 1.02 0.00662908
-2.1 1.08 0.00523067
-2.1 1.14 0.00407051
-2.1 1.2 0.00312416
-2.1 1.26 0.00236488
-2.1 1.32 0.00176549
-2.1 1.38 0.00129991
-2.1 1.44 0.000943955
-2.1 1.5 0.000676053
-2.1 1.56 0.000477523
-2.1 1.62 0.000332657
-2.1 1.68 0.000228555
-2.1 1.74 0.000154873
-2.1 1.8 0.000103502
-2.1 1.86 6.82191e-05
-2.1 1.92 4.4346e-05
-2.1 1.98 2.84312e-05
-2.1 2.04 1.79772e-05
-2.1 2.1 1.12109e-05
-2.1 2.16 6.89517e-06
-2.04 -1.74 0.000137557
-2.04 -1.68 0.00020516
-2.04 -1.62 0.000301781
-2.04 -1.56 0.000437802
-2.04 -1.5 0.000626401
-2.04 -1.44 0.000883936
-2.04 -1.38 0.00123019
-2.04 -1.32 0.00168856
-2.04 -1.26 0.00228586
-2.04 -1.2 0.00305191
-2.04 -1.14 0.00401866
-2.04 -1.08 0.00521891
-2.04 -1.02 0.0066845
-2.04 -0.96 0.00844397
-2.04 -0.9 0.0105199
-2.04 -0.84 0.0129261
-2.04 -0.78 0.0156644
-2.04 -0.72 0.0187217
-2.04 -0.66 0.0220682
-2.04 -0.6 0.0256553
-2.04 -0.54 0.0294156
-2.04 -0.48 0.0332634
-2.04 -0.42 0.037098
-2.04 -0.36 0.0408052
-2.04 -0.3 0.0442663
-2.04 -0.24 0.0473604
-2.04 -0.18 0.0499752
-2.04 -0.12 0.0520089
-2.04 -0.06 0.0533813
-2.04 9.71445e-15 0.054037
-2.04 0.06 0.0539489
-2.04 0.12 0.0531203
-2.04 0.18 0.051585
-2.04 0.24 0.0494069
-2.04 0.3 0.046669
-2.04 0.36 0.0434778
-2.04 0.42 0.0399479
-2.04 0.48 0.0361998
-2.04 0.54 0.0323525
-2.04 0.6 0.0285168
-2.04 0.66 0.0247902
-2.04 0.72 0.0212544
-2.04 0.78 0.0179725
-2.04 0.84 0.0149883
-2.04 0.9 0.012328
-2.04 0.96 0.0100004
-2.04 1.02 0.00800078
-2.04 1.08 0.006313
-2.04 1.14 0.0049128
-2.04 1.2 0.0037706
-2.04 1.26 0.00285416
-2.04 1.32 0.00213078
-2.04 1.38 0.00156888
-2.04 1.44 0.00113927
-2.04 1.5 0.000815925
-2.04 1.56 0.000576326
-2.04 1.62 0.000401489
-2.04 1.68 0.000275847
-2.04 1.74 0.000186917
-2.04 1.8 0.000124915
-2.04 1.86 8.23343e-05
-2.04 1.92 5.35219e-05
-2.04 1.98 3.43137e-05
-2.04 2.04 2.16968e-05
-2.04 2.1 1.35305e-05
-2.04 2.16 8.32187e-06
-2.04 2.22 5.04795e-06
-1.98 -1.8 0.000108274
-1.98 -1.74 0.000163736
-1.98 -1.68 0.000244204
-1.98 -1.62 0.000359211
-1.98 -1.56 0.000521124
-1.98 -1.5 0.000745621
-1.98 -1.44 0.00105215
-1.98 -1.38 0.00146432
-1.98 -1.32 0.00200993
-1.98 -1.26 0.00272089
-1.98 -1.2 0.00363271
-1.98 -1.14 0.00478345
-1.98 -1.08 0.00621216
-1.98 -1.02 0.00795672
-1.98 -0.96 0.010051
-1.98 -0.9 0.012522
-1.98 -0.84 0.0153862
-1.98 -0.78 0.0186456
-1.98 -0.72 0.0222847
-1.98 -0.66 0.0262681
-1.98 -0.6 0.030538
-1.98 -0.54 0.035014
-1.98 -0.48 0.0395941
-1.98 -0.42 0.0441583
-1.98 -0.36 0.048571
-1.98 -0.3 0.0526908
-1.98 -0.24 0.0563742
-1.98 -0.18 0.0594859
-1.98 -0.12 0.0619068
-1.98 -0.06 0.0635404
-1.98 9.71445e-15 0.0643208
-1.98 0.06 0.0642158
-1.98 0.12 0.0632298
-1.98 0.18 0.0614033
-1.98 0.24 0.0588093
-1.98 0.3 0.0555515
-1.98 0.36 0.0517524
-1.98 0.42 0.0475501
-1.98 0.48 0.0430888
-1.98 0.54 0.0385094
-1.98 0.6 0.0339436
-1.98 0.66 0.0295081
-1.98 0.72 0.0252996
-1.98 0.78 0.0213928
-1.98 0.84 0.017841
-1.98 0.9 0.014674
-1.98 0.96 0.0119037
-1.98 1.02 0.0095235
-1.98 1.08 0.0075145
-1.98 1.14 0.0058478
-1.98 1.2 0.00448821
-1.98 1.26 0.00339734
-1.98 1.32 0.00253631
-1.98 1.38 0.00186746
-1.98 1.44 0.00135609
-1.98 1.5 0.00097121
-1.98 1.56 0.000686007
-1.98 1.62 0.000477898
-1.98 1.68 0.000328344
-1.98 1.74 0.000222489
-1.98 1.8 0.00014869
-1.98 1.86 9.80038e-05
-1.98 1.92 6.37076e-05
-1.98 1.98 4.08441e-05
-1.98 2.04 2.58261e-05
-1.98 2.1 1.61055e-05
-1.98 2.16 9.90559e-06
-1.98 2.22 6.00862e-06
-1.98 2.28 3.59466e-06
-1.92 -1.86 8.28979e-05
-1.92 -1.8 0.000127109
-1.92 -1.74 0.000192219
-1.92 -1.68 0.000286685
-1.92 -1.62 0.000421699
-1.92 -1.56 0.000611776
-1.92 -1.5 0.000875321
-1.92 -1.44 0.00123519
-1.92 -1.38 0.00171905
-1.92 -1.32 0.00235956
-1.92 -1.26 0.0031942
-1.92 -1.2 0.00426466
-1.92 -1.14 0.00561558
-1.92 -1.08 0.00729278
-1.92 -1.02 0.00934074
-1.92 -0.96 0.0117995
-1.92 -0.9 0.0147002
-1.92 -0.84 0.0180628
-1.92 -0.78 0.0218889
-1.92 -0.72 0.0261613
-1.92 -0.66 0.0308379
-1.92 -0.6 0.0358506
-1.92 -0.54 0.0411051
-1.92 -0.48 0.0464817
-1.92 -0.42 0.0518395
-1.92 -0.36 0.0570207
-1.92 -0.3 0.0618559
-1.92 -0.24 0.0661811
-1.92 -0.18 0.0698341
-1.92 -0.12 0.0726755
-1.92 -0.06 0.074593
-1.92 9.71445e-15 0.0755093
-1.92 0.06 0.0753865
-1.92 0.12 0.0742293
-1.92 0.18 0.0720843
-1.92 0.24 0.0690397
-1.92 0.3 0.0652146
-1.92 0.36 0.0607551
-1.92 0.42 0.0558219
-1.92 0.48 0.0505846
-1.92 0.54 0.0452086
-1.92 0.6 0.0398485
-1.92 0.66 0.0346413
-1.92 0.72 0.0297004
-1.92 0.78 0.0251144
-1.92 0.84 0.0209445
-1.92 0.9 0.0172268
-1.92 0.96 0.0139744
-1.92 1.02 0.0111801
-1.92 1.08 0.00882161
-1.92 1.14 0.00686501
-1.92 1.2 0.00526896
-1.92 1.26 0.00398837
-1.92 1.32 0.00297749
-1.92 1.38 0.00219232
-1.92 1.44 0.00159198
-1.92 1.5 0.00114016
-1.92 1.56 0.000805349
-1.92 1.62 0.000561033
-1.92 1.68 0.000385462
-1.92 1.74 0.000261195
-1.92 1.8 0.000174556
-1.92 1.86 0.000115051
-1.92 1.92 7.47905e-05
-1.92 1.98 4.79489e-05
-1.92 2.04 3.03188e-05
-1.92 2.1 1.89073e-05
-1.92 2.16 1.16287e-05
-1.92 2.22 7.05382e-06
-1.92 2.28 4.21997e-06
-1.92 2.34 2.48992e-06
-1.86 -1.86 9.59802e-05
-1.86 -1.8 0.000147169
-1.86 -1.74 0.000222555
-1.86 -1.68 0.000331929
-1.86 -1.62 0.000488247
-1.86 -1.56 0.000708325
-1.86 -1.5 0.00101347
-1.86 -1.44 0.00143012
-1.86 -1.38 0.00199035
-1.86 -1.32 0.00273196
-1.86 -1.26 0.00369831
-1.86 -1.2 0.00493768
-1.86 -1.14 0.0065018
-1.86 -1.08 0.00844373
-1.86 -1.02 0.010815
-1.86 -0.96 0.0136616
-1.86 -0.9 0.0170202
-1.86 -0.84 0.0209133
-1.86 -0.78 0.0253436
-1.86 -0.72 0.0302901
-1.86 -0.66 0.0357045
-1.86 -0.6 0.0415083
-1.86 -0.54 0.0475922
-1.86 -0.48 0.0538176
-1.86 -0.42 0.060021
-1.86 -0.36 0.0660192
-1.86 -0.3 0.0716185
-1.86 -0.24 0.0766255
-1.86 -0.18 0.0808547
-1.86 -0.12 0.0841451
-1.86 -0.06 0.0863655
-1.86 9.71445e-15 0.0874262
-1.86 0.06 0.0872835
-1.86 0.12 0.0859437
-1.86 0.18 0.0834612
-1.86 0.24 0.0799349
-1.86 0.3 0.0755073
-1.86 0.36 0.0703433
-1.86 0.42 0.0646311
-1.86 0.48 0.0585676
-1.86 0.54 0.0523432
-1.86 0.6 0.046137
-1.86 0.66 0.0401082
-1.86 0.72 0.034388
-1.86 0.78 0.0290777
-1.86 0.84 0.02425
-1.86 0.9 0.0199454
-1.86 0.96 0.0161798
-1.86 1.02 0.0129446
-1.86 1.08 0.0102139
-1.86 1.14 0.00794849
-1.86 1.2 0.0061005
-1.86 1.26 0.00461778
-1.86 1.32 0.00344742
-1.86 1.38 0.0025383
-1.86 1.44 0.00184323
-1.86 1.5 0.0013201
-1.86 1.56 0.00093244
-1.86 1.62 0.000649571
-1.86 1.68 0.000446293
-1.86 1.74 0.000302414
-1.86 1.8 0.000202104
-1.86 1.86 0.000133209
-1.86 1.92 8.65931e-05
-1.86 1.98 5.55166e-05
-1.86 2.04 3.51036e-05
-1.86 2.1 2.1891e-05
-1.86 2.16 1.34639e-05
-1.86 2.22 8.16705e-06
-1.86 2.28 4.88595e-06
-1.86 2.34 2.88285e-06
-1.8 -1.92 7.04974e-05
-1.8 -1.86 0.000109601
-1.8 -1.8 0.000168053
-1.8 -1.74 0.000254136
-1.8 -1.68 0.000379032
-1.8 -1.62 0.000557538
-1.8 -1.56 0.000808837
-1.8 -1.5 0.00115728
-1.8 -1.44 0.00163306
-1.8 -1.38 0.00227279
-1.8 -1.32 0.00311962
-1.8 -1.26 0.00422311
-1.8 -1.2 0.00563836
-1.8 -1.14 0.00742443
-1.8 -1.08 0.00964188
-1.8 -1.02 0.0123496
-1.8 -0.96 0.0156003
-1.8 -0.9 0.0194354
-1.8 -0.84 0.0238811
-1.8 -0.78 0.0289399
-1.8 -0.72 0.034588
-1.8 -0.66 0.040771
-1.8 -0.6 0.0473984
-1.8 -0.54 0.0543454
-1.8 -0.48 0.061454
-1.8 -0.42 0.0685384
-1.8 -0.36 0.0753878
-1.8 -0.3 0.0817817
-1.8 -0.24 0.0874986
-1.8 -0.18 0.0923291
-1.8 -0.12 0.0960862
-1.8 -0.06 0.0986216
-1.8 9.71445e-15 0.0998329
-1.8 0.06 0.0996703
-1.8 0.12 0.0981397
-1.8 0.18 0.0953041
-1.8 0.24 0.091279
-1.8 0.3 0.0862216
-1.8 0.36 0.0803252
-1.8 0.42 0.0738034
-1.8 0.48 0.0668788
-1.8 0.54 0.059771
-1.8 0.6 0.0526845
-1.8 0.66 0.0457998
-1.8 0.72 0.0392676
-1.8 0.78 0.0332041
-1.8 0.84 0.0276911
-1.8 0.9 0.0227758
-1.8 0.96 0.0184758
-1.8 1.02 0.0147815
-1.8 1.08 0.0116633
-1.8 1.14 0.00907642
-1.8 1.2 0.0069662
-1.8 1.26 0.00527307
-1.8 1.32 0.00393661
-1.8 1.38 0.00289851
-1.8 1.44 0.00210479
-1.8 1.5 0.00150742
-1.8 1.56 0.00106476
-1.8 1.62 0.000741753
-1.8 1.68 0.000509627
-1.8 1.74 0.00034533
-1.8 1.8 0.000230782
-1.8 1.86 0.000152112
-1.8 1.92 9.88818e-05
-1.8 1.98 6.33944e-05
-1.8 2.04 4.00849e-05
-1.8 2.1 2.49977e-05
-1.8 2.16 1.53746e-05
-1.8 2.22 9.32605e-06
-1.8 2.28 5.57933e-06
-1.8 2.34 3.29196e-06
-1.74 -1.92 7.93951e-05
-1.74 -1.86 0.000123434
-1.74 -1.8 0.000189263
-1.74 -1.74 0.00028621
-1.74 -1.68 0.000426869
-1.74 -1.62 0.000627907
-1.74 -1.56 0.000910925
-1.74 -1.5 0.00130333
-1.74 -1.44 0.00183918
-1.74 -1.38 0.00255961
-1.74 -1.32 0.00351334
-1.74 -1.26 0.00475614
-1.74 -1.2 0.00635003
-1.74 -1.14 0.00836153
-1.74 -1.08 0.0108589
-1.74 -1.02 0.0139082
-1.74 -0.96 0.0175691
-1.74 -0.9 0.0218885
-1.74 -0.84 0.026895
-1.74 -0.78 0.0325922
-1.74 -0.72 0.0389537
-1.74 -0.66 0.0459167
-1.74 -0.6 0.0533803
-1.74 -0.54 0.0612043
-1.74 -0.48 0.0692105
-1.74 -0.42 0.0771884
-1.74 -0.36 0.0849022
-1.74 -0.3 0.0921031
-1.74 -0.24 0.0985416
-1.74 -0.18 0.103982
-1.74 -0.12 0.108213
-1.74 -0.06 0.111069
-1.74 9.71445e-15 0.112433
-1.74 0.06 0.11225
-1.74 0.12 0.110526
-1.74 0.18 0.107331
-1.74 0.24 0.102799
-1.74 0.3 0.0971023
-1.74 0.36 0.0904632
-1.74 0.42 0.0831184
-1.74 0.48 0.0753198
-1.74 0.54 0.0673149
-1.74 0.6 0.059334
-1.74 0.66 0.0515804
-1.74 0.72 0.0442232
-1.74 0.78 0.0373948
-1.74 0.84 0.0311859
-1.74 0.9 0.0256505
-1.74 0.96 0.0208074
-1.74 1.02 0.0166469
-1.74 1.08 0.0131352
-1.74 1.14 0.0102219
-1.74 1.2 0.00784535
-1.74 1.26 0.00593858
-1.74 1.32 0.00443345
-1.74 1.38 0.00326431
-1.74 1.44 0.00237043
-1.74 1.5 0.00169768
-1.74 1.56 0.00119914
-1.74 1.62 0.000835366
-1.74 1.68 0.000573945
-1.74 1.74 0.000388913
-1.74 1.8 0.000259909
-1.74 1.86 0.00017131
-1.74 1.92 0.000111361
-1.74 1.98 7.13953e-05
-1.74 2.04 4.51439e-05
-1.74 2.1 2.81526e-05
-1.74 2.16 1.7315e-05
-1.74 2.22 1.05031e-05
-1.74 2.28 6.2835e-06
-1.68 -1.98 5.5943e-05
-1.68 -1.92 8.81857e-05
-1.68 -1.86 0.000137102
-1.68 -1.8 0.00021022
-1.68 -1.74 0.000317902
-1.68 -1.68 0.000474136
-1.68 -1.62 0.000697434
-1.68 -1.56 0.00101179
-1.68 -1.5 0.00144764
-1.68 -1.44 0.00204283
-1.68 -1.38 0.00284304
-1.68 -1.32 0.00390235
-1.68 -1.26 0.00528277
-1.68 -1.2 0.00705316
-1.68 -1.14 0.00928741
-1.68 -1.08 0.0120613
-1.68 -1.02 0.0154482
-1.68 -0.96 0.0195145
-1.68 -0.9 0.0243123
-1.68 -0.84 0.029873
-1.68 -0.78 0.0362011
-1.68 -0.72 0.0432672
-1.68 -0.66 0.0510013
-1.68 -0.6 0.0592915
-1.68 -0.54 0.0679819
-1.68 -0.48 0.0768744
-1.68 -0.42 0.0857347
-1.68 -0.36 0.0943034
-1.68 -0.3 0.102301
-1.68 -0.24 0.109454
-1.68 -0.18 0.115495
-1.68 -0.12 0.120195
-1.68 -0.06 0.123367
-1.68 9.71445e-15 0.124882
-1.68 0.06 0.124678
-1.68 0.12 0.122763
-1.68 0.18 0.119217
-1.68 0.24 0.114182
-1.68 0.3 0.107855
-1.68 0.36 0.100479
-1.68 0.42 0.0923217
-1.68 0.48 0.0836599
-1.68 0.54 0.0747687
-1.68 0.6 0.065904
-1.68 0.66 0.0572917
-1.68 0.72 0.0491199
-1.68 0.78 0.0415356
-1.68 0.84 0.0346389
-1.68 0.9 0.0284908
-1.68 0.96 0.0231115
-1.68 1.02 0.01849
-1.68 1.08 0.0145895
-1.68 1.14 0.0113536
-1.68 1.2 0.00871403
-1.68 1.26 0.00659619
-1.68 1.32 0.00492436
-1.68 1.38 0.00362576
-1.68 1.44 0.00263291
-1.68 1.5 0.00188567
-1.68 1.56 0.00133192
-1.68 1.62 0.000927858
-1.68 1.68 0.000637492
-1.68 1.74 0.000431976
-1.68 1.8 0.000288691
-1.68 1.86 0.000190279
-1.68 1.92 0.000123691
-1.68 1.98 7.9301e-05
-1.68 2.04 5.01427e-05
-1.68 2.1 3.12696e-05
-1.68 2.16 1.92322e-05
-1.68 2.22 1.1666e-05
-1.68 2.28 6.97924e-06
-1.62 -2.04 3.83424e-05
-1.62 -1.98 6.12832e-05
-1.62 -1.92 9.66047e-05
-1.62 -1.86 0.000150189
-1.62 -1.8 0.000230285
-1.62 -1.74 0.000348247
-1.62 -1.68 0.000519394
-1.62 -1.62 0.000764006
-1.62 -1.56 0.00110838
-1.62 -1.5 0.00158584
-1.62 -1.44 0.00223783
-1.62 -1.38 0.00311444
-1.62 -1.32 0.0042749
-1.62 -1.26 0.00578705
-1.62 -1.2 0.0077264
-1.62 -1.14 0.0101739
-1.62 -1.08 0.0132126
-1.62 -1.02 0.0169229
-1.62 -0.96 0.0213774
-1.62 -0.9 0.0266329
-1.62 -0.84 0.0327248
-1.62 -0.78 0.0396569
-1.62 -0.72 0.0473971
-1.62 -0.66 0.0558698
-1.62 -0.6 0.0649514
-1.62 -0.54 0.0744712
-1.62 -0.48 0.0842122
-1.62 -0.42 0.0939191
-1.62 -0.36 0.103306
-1.62 -0.3 0.112066
-1.62 -0.24 0.119902
-1.62 -0.18 0.126521
-1.62 -0.12 0.131668
-1.62 -0.06 0.135142
-1.62 9.71445e-15 0.136802
-1.62 0.06 0.13658
-1.62 0.12 0.134484
-1.62 0.18 0.130597
-1.62 0.24 0.125081
-1.62 0.3 0.118151
-1.62 0.36 0.110072
-1.62 0.42 0.101134
-1.62 0.48 0.0916452
-1.62 0.54 0.0819055
-1.62 0.6 0.0721946
-1.62 0.66 0.0627608
-1.62 0.72 0.0538093
-1.62 0.78 0.0455003
-1.62 0.84 0.0379458
-1.62 0.9 0.0312103
-1.62 0.96 0.0253177
-1.62 1.02 0.0202552
-1.62 1.08 0.0159824
-1.62 1.14 0.0124375
-1.62 1.2 0.00954591
-1.62 1.26 0.00722583
-1.62 1.32 0.00539444
-1.62 1.38 0.00397189
-1.62 1.44 0.00288424
-1.62 1.5 0.00206567
-1.62 1.56 0.00145907
-1.62 1.62 0.00101644
-1.62 1.68 0.000698353
-1.62 1.74 0.000473215
-1.62 1.8 0.000316249
-1.62 1.86 0.000208441
-1.62 1.92 0.0001355
-1.62 1.98 8.68704e-05
-1.62 2.04 5.49295e-05
-1.62 2.1 3.42548e-05
-1.62 2.16 2.10681e-05
-1.62 2.22 1.27796e-05
-1.62 2.28 7.64545e-06
-1.56 -2.04 4.14252e-05
-1.56 -1.98 6.62104e-05
-1.56 -1.92 0.000104371
-1.56 -1.86 0.000162265
-1.56 -1.8 0.000248804
-1.56 -1.74 0.00037625
-1.56 -1.68 0.00056116
-1.56 -1.62 0.00082544
-1.56 -1.56 0.00119749
-1.56 -1.5 0.00171335
-1.56 -1.44 0.00241777
-1.56 -1.38 0.00336486
-1.56 -1.32 0.00461857
-1.56 -1.26 0.00625236
-1.56 -1.2 0.00834769
-1.56 -1.14 0.010992
-1.56 -1.08 0.014275
-1.56 -1.02 0.0182834
-1.56 -0.96 0.0230962
-1.56 -0.9 0.0287744
-1.56 -0.84 0.0353558
-1.56 -0.78 0.0428453
-1.56 -0.72 0.0512083
-1.56 -0.66 0.060362
-1.56 -0.6 0.0701737
-1.56 -0.54 0.0804591
-1.56 -0.48 0.0909836
-1.56 -0.42 0.101471
-1.56 -0.36 0.111612
-1.56 -0.3 0.121078
-1.56 -0.24 0.129542
-1.56 -0.18 0.136693
-1.56 -0.12 0.142256
-1.56 -0.06 0.14601
-1.56 9.71445e-15 0.147803
-1.56 0.06 0.147562
-1.56 0.12 0.145295
-1.56 0.18 0.141097
-1.56 0.24 0.135139
-1.56 0.3 0.12765
-1.56 0.36 0.118921
-1.56 0.42 0.109266
-1.56 0.48 0.0990149
-1.56 0.54 0.0884918
-1.56 0.6 0.078
-1.56 0.66 0.0678069
-1.56 0.72 0.058135
-1.56 0.78 0.049159
-1.56 0.84 0.0409964
-1.56 0.9 0.03372
-1.56 0.96 0.0273534
-1.56 1.02 0.0218837
-1.56 1.08 0.0172673
-1.56 1.14 0.0134374
-1.56 1.2 0.0103134
-1.56 1.26 0.00780684
-1.56 1.32 0.00582816
-1.56 1.38 0.00429123
-1.56 1.44 0.00311614
-1.56 1.5 0.00223176
-1.56 1.56 0.00157638
-1.56 1.62 0.00109816
-1.56 1.68 0.000754496
-1.56 1.74 0.000511259
-1.56 1.8 0.000341676
-1.56 1.86 0.000225202
-1.56 1.92 0.000146393
-1.56 1.98 9.38557e-05
-1.56 2.04 5.93457e-05
-1.56 2.1 3.70089e-05
-1.56 2.16 2.27621e-05
-1.56 2.22 1.38073e-05
-1.56 2.28 8.26021e-06
-1.5 -2.04 4.41408e-05
-1.5 -1.98 7.05505e-05
-1.5 -1.92 0.000111213
-1.5 -1.86 0.000172902
-1.5 -1.8 0.000265112
-1.5 -1.74 0.000400912
-1.5 -1.68 0.000597942
-1.5 -1.62 0.000879547
-1.5 -1.56 0.00127598
-1.5 -1.5 0.00182567
-1.5 -1.44 0.00257625
-1.5 -1.38 0.00358543
-1.5 -1.32 0.00492135
-1.5 -1.26 0.00666218
-1.5 -1.2 0.00889484
-1.5 -1.14 0.0117125
-1.5 -1.08 0.0152106
-1.5 -1.02 0.0194822
-1.5 -0.96 0.0246102
-1.5 -0.9 0.0306604
-1.5 -0.84 0.0376736
-1.5 -0.78 0.0456543
-1.5 -0.72 0.0545645
-1.5 -0.66 0.0643181
-1.5 -0.6 0.0747731
-1.5 -0.54 0.0857322
-1.5 -0.48 0.0969472
-1.5 -0.42 0.108123
-1.5 -0.36 0.118928
-1.5 -0.3 0.129015
-1.5 -0.24 0.138033
-1.5 -0.18 0.145654
-1.5 -0.12 0.151581
-1.5 -0.06 0.155581
-1.5 9.71445e-15 0.157492
-1.5 0.06 0.157235
-1.5 0.12 0.15482
-1.5 0.18 0.150346
-1.5 0.24 0.143998
-1.5 0.3 0.136018
-1.5 0.36 0.126717
-1.5 0.42 0.116429
-1.5 0.48 0.105505
-1.5 0.54 0.0942922
-1.5 0.6 0.0831128
-1.5 0.66 0.0722516
-1.5 0.72 0.0619465
-1.5 0.78 0.0523811
-1.5 0.84 0.043684
-1.5 0.9 0.0359302
-1.5 0.96 0.0291464
-1.5 1.02 0.0233185
-1.5 1.08 0.0183994
-1.5 1.14 0.0143185
-1.5 1.2 0.0109895
-1.5 1.26 0.0083185
-1.5 1.32 0.00621022
-1.5 1.38 0.00457253
-1.5 1.44 0.00332043
-1.5 1.5 0.00237802
-1.5 1.56 0.00167972
-1.5 1.62 0.00117015
-1.5 1.68 0.000803962
-1.5 1.74 0.000544775
-1.5 1.8 0.000364069
-1.5 1.86 0.000239965
-1.5 1.92 0.000155991
-1.5 1.98 0.000100008
-1.5 2.04 6.32358e-05
-1.5 2.1 3.94351e-05
-1.5 2.16 2.42543e-05
-1.5 2.22 1.47124e-05
-1.5 2.28 8.8017e-06
-1.44 -2.1 2.86238e-05
-1.44 -2.04 4.63873e-05
-1.44 -1.98 7.41427e-05
-1.44 -1.92 0.000116875
-1.44 -1.86 0.000181701
-1.44 -1.8 0.000278607
-1.44 -1.74 0.000421322
-1.44 -1.68 0.00062838
-1.44 -1.62 0.000924308
-1.44 -1.56 0.00134094
-1.44 -1.5 0.00191861
-1.44 -1.44 0.00270737
-1.44 -1.38 0.00376796
-1.44 -1.32 0.0051719
-1.44 -1.26 0.00700131
-1.44 -1.2 0.00934758
-1.44 -1.14 0.0123086
-1.44 -1.08 0.0159849
-1.44 -1.02 0.020474
-1.44 -0.96 0.025863
-1.44 -0.9 0.0322212
-1.44 -0.84 0.0395913
-1.44 -0.78 0.0479783
-1.44 -0.72 0.0573425
-1.44 -0.66 0.0675927
-1.44 -0.6 0.0785798
-1.44 -0.54 0.0900974
-1.44 -0.48 0.101883
-1.44 -0.42 0.113626
-1.44 -0.36 0.124982
-1.44 -0.3 0.135582
-1.44 -0.24 0.145061
-1.44 -0.18 0.153067
-1.44 -0.12 0.159296
-1.44 -0.06 0.1635
-1.44 9.71445e-15 0.165508
-1.44 0.06 0.165238
-1.44 0.12 0.162701
-1.44 0.18 0.158002
-1.44 0.24 0.151326
-1.44 0.3 0.142944
-1.44 0.36 0.133168
-1.44 0.42 0.122354
-1.44 0.48 0.110875
-1.44 0.54 0.0990917
-1.44 0.6 0.0873426
-1.44 0.66 0.0759293
-1.44 0.72 0.0651003
-1.44 0.78 0.0550475
-1.44 0.84 0.045908
-1.44 0.9 0.0377589
-1.44 0.96 0.0306302
-1.44 1.02 0.0245056
-1.44 1.08 0.0193361
-1.44 1.14 0.0150474
-1.44 1.2 0.0115489
-1.44 1.26 0.00874198
-1.44 1.32 0.00652635
-1.44 1.38 0.00480528
-1.44 1.44 0.00348945
-1.44 1.5 0.0024991
-1.44 1.56 0.00176521
-1.44 1.62 0.00122971
-1.44 1.68 0.000844883
-1.44 1.74 0.000572504
-1.44 1.8 0.000382606
-1.44 1.86 0.00025218
-1.44 1.92 0.000163931
-1.44 1.98 0.000105099
-1.44 2.04 6.64552e-05
-1.44 2.1 4.14422e-05
-1.44 2.16 2.54887e-05
-1.44 2.22 1.54612e-05
-1.44 2.28 9.24965e-06
-1.38 -2.1 2.96673e-05
-1.38 -2.04 4.80788e-05
-1.38 -1.98 7.68455e-05
-1.38 -1.92 0.000121136
-1.38 -1.86 0.000188328
-1.38 -1.8 0.000288766
-1.38 -1.74 0.000436683
-1.38 -1.68 0.000651293
-1.38 -1.62 0.00095802
-1.38 -1.56 0.00138983
-1.38 -1.5 0.00198855
-1.38 -1.44 0.0028061
-1.38 -1.38 0.00390533
-1.38 -1.32 0.00536043
-1.38 -1.26 0.00725659
-1.38 -1.2 0.00968848
-1.38 -1.14 0.0127575
-1.38 -1.08 0.0165678
-1.38 -1.02 0.0212202
-1.38 -0.96 0.026806
-1.38 -0.9 0.0333962
-1.38 -0.84 0.0410349
-1.38 -0.78 0.049727
-1.38 -0.72 0.0594335
-1.38 -0.66 0.0700576
-1.38 -0.6 0.0814454
-1.38 -0.54 0.0933827
-1.38 -0.48 0.105597
-1.38 -0.42 0.117768
-1.38 -0.36 0.129539
-1.38 -0.3 0.140525
-1.38 -0.24 0.15035
-1.38 -0.18 0.158649
-1.38 -0.12 0.165104
-1.38 -0.06 0.169461
-1.38 9.71445e-15 0.171543
-1.38 0.06 0.171262
-1.38 0.12 0.168634
-1.38 0.18 0.163761
-1.38 0.24 0.156844
-1.38 0.3 0.148155
-1.38 0.36 0.138023
-1.38 0.42 0.126816
-1.38 0.48 0.114918
-1.38 0.54 0.102705
-1.38 0.6 0.0905282
-1.38 0.66 0.0786977
-1.38 0.72 0.0674733
-1.38 0.78 0.057055
-1.38 0.84 0.0475815
-1.38 0.9 0.0391361
-1.38 0.96 0.031747
-1.38 1.02 0.0253989
-1.38 1.08 0.0200409
-1.38 1.14 0.0155959
-1.38 1.2 0.01197
-1.38 1.26 0.0090608
-1.38 1.32 0.00676426
-1.38 1.38 0.00498051
-1.38 1.44 0.00361664
-1.38 1.5 0.00259023
-1.38 1.56 0.00182959
-1.38 1.62 0.00127455
-1.38 1.68 0.000875691
-1.38 1.74 0.000593382
-1.38 1.8 0.000396557
-1.38 1.86 0.000261373
-1.38 1.92 0.000169909
-1.38 1.98 0.000108931
-1.38 2.04 6.88783e-05
-1.38 2.1 4.29533e-05
-1.38 2.16 2.6418e-05
-1.38 2.22 1.60249e-05
-1.32 -2.16 1.84559e-05
-1.32 -2.1 3.03266e-05
-1.32 -2.04 4.91464e-05
-1.32 -1.98 7.85531e-05
-1.32 -1.92 0.000123826
-1.32 -1.86 0.000192511
-1.32 -1.8 0.000295182
-1.32 -1.74 0.000446386
-1.32 -1.68 0.000665762
-1.32 -1.62 0.000979296
-1.32 -1.56 0.00142069
-1.32 -1.5 0.00203274
-1.32 -1.44 0.00286842
-1.32 -1.38 0.0039921
-1.32 -1.32 0.00547952
-1.32 -1.26 0.00741777
-1.32 -1.2 0.00990364
-1.32 -1.14 0.0130408
-1.32 -1.08 0.0169358
-1.32 -1.02 0.0216917
-1.32 -0.96 0.0274014
-1.32 -0.9 0.034138
-1.32 -0.84 0.0419464
-1.32 -0.78 0.050832
-1.32 -0.72 0.0607537
-1.32 -0.66 0.0716134
-1.32 -0.6 0.083254
-1.32 -0.54 0.0954568
-1.32 -0.48 0.107944
-1.32 -0.42 0.120385
-1.32 -0.36 0.132416
-1.32 -0.3 0.143648
-1.32 -0.24 0.153689
-1.32 -0.18 0.162172
-1.32 -0.12 0.168772
-1.32 -0.06 0.173226
-1.32 9.71445e-15 0.175354
-1.32 0.06 0.175067
-1.32 0.12 0.172378
-1.32 0.18 0.1674
-1.32 0.24 0.160327
-1.32 0.3 0.151447
-1.32 0.36 0.141088
-1.32 0.42 0.129633
-1.32 0.48 0.117471
-1.32 0.54 0.104987
-1.32 0.6 0.0925387
-1.32 0.66 0.0804456
-1.32 0.72 0.0689725
-1.32 0.78 0.0583222
-1.32 0.84 0.0486386
-1.32 0.9 0.0400051
-1.32 0.96 0.0324522
-1.32 1.02 0.0259632
-1.32 1.08 0.0204862
-1.32 1.14 0.0159424
-1.32 1.2 0.0122359
-1.32 1.26 0.00926199
-1.32 1.32 0.00691456
-1.32 1.38 0.00509112
-1.32 1.44 0.00369701
-1.32 1.5 0.00264776
-1.32 1.56 0.00187022
-1.32 1.62 0.00130286
-1.32 1.68 0.000895139
-1.32 1.74 0.000606558
-1.32 1.8 0.000405365
-1.32 1.86 0.000267182
-1.32 1.92 0.000173681
-1.32 1.98 0.000111352
-1.32 2.04 7.0408e-05
-1.32 2.1 4.39071e-05
-1.32 2.16 2.70049e-05
-1.32 2.22 1.63809e-05
-1.26 -2.16 1.86066e-05
-1.26 -2.1 3.0574e-05
-1.26 -2.04 4.95481e-05
-1.26 -1.98 7.91938e-05
-1.26 -1.92 0.000124837
-1.26 -1.86 0.000194083
-1.26 -1.8 0.000297591
-1.26 -1.74 0.000450029
-1.26 -1.68 0.000671197
-1.26 -1.62 0.000987295
-1.26 -1.56 0.00143229
-1.26 -1.5 0.00204933
-1.26 -1.44 0.00289184
-1.26 -1.38 0.00402469
-1.26 -1.32 0.00552421
-1.26 -1.26 0.00747831
-1.26 -1.2 0.00998452
-1.26 -1.14 0.0131473
-1.26 -1.08 0.017074
-1.26 -1.02 0.0218687
-1.26 -0.96 0.0276252
-1.26 -0.9 0.0344165
-1.26 -0.84 0.042289
-1.26 -0.78 0.0512466
-1.26 -0.72 0.0612494
-1.26 -0.66 0.0721982
-1.26 -0.6 0.083934
-1.26 -0.54 0.096236
-1.26 -0.48 0.108824
-1.26 -0.42 0.121368
-1.26 -0.36 0.133498
-1.26 -0.3 0.144819
-1.26 -0.24 0.154944
-1.26 -0.18 0.163497
-1.26 -0.12 0.170149
-1.26 -0.06 0.17464
-1.26 9.71445e-15 0.176785
-1.26 0.06 0.176496
-1.26 0.12 0.173787
-1.26 0.18 0.168765
-1.26 0.24 0.161637
-1.26 0.3 0.152682
-1.26 0.36 0.14224
-1.26 0.42 0.130692
-1.26 0.48 0.11843
-1.26 0.54 0.105844
-1.26 0.6 0.0932946
-1.26 0.66 0.0811024
-1.26 0.72 0.0695351
-1.26 0.78 0.0587985
-1.26 0.84 0.0490352
-1.26 0.9 0.0403319
-1.26 0.96 0.0327172
-1.26 1.02 0.0261751
-1.26 1.08 0.0206534
-1.26 1.14 0.0160725
-1.26 1.2 0.0123358
-1.26 1.26 0.00933766
-1.26 1.32 0.00697093
-1.26 1.38 0.00513271
-1.26 1.44 0.00372716
-1.26 1.5 0.00266937
-1.26 1.56 0.0018855
-1.26 1.62 0.0013135
-1.26 1.68 0.000902452
-1.26 1.74 0.000611515
-1.26 1.8 0.000408674
-1.26 1.86 0.000269361
-1.26 1.92 0.000175101
-1.26 1.98 0.00011226
-1.26 2.04 7.09829e-05
-1.26 2.1 4.42659e-05
-1.26 2.16 2.72254e-05
-1.26 2.22 1.65146e-05
-1.2 -2.16 1.85007e-05
-1.2 -2.1 3.03997e-05
-1.2 -2.04 4.92661e-05
-1.2 -1.98 7.87427e-05
-1.2 -1.92 0.000124127
-1.2 -1.86 0.000192977
-1.2 -1.8 0.000295893
-1.2 -1.74 0.000447462
-1.2 -1.68 0.000667368
-1.2 -1.62 0.000981668
-1.2 -1.56 0.00142415
-1.2 -1.5 0.00203765
-1.2 -1.44 0.00287538
-1.2 -1.38 0.00400174
-1.2 -1.32 0.00549281
-1.2 -1.26 0.00743577
-1.2 -1.2 0.00992763
-1.2 -1.14 0.0130724
-1.2 -1.08 0.0169768
-1.2 -1.02 0.0217443
-1.2 -0.96 0.0274678
-1.2 -0.9 0.0342206
-1.2 -0.84 0.042048
-1.2 -0.78 0.0509551
-1.2 -0.72 0.0609006
-1.2 -0.66 0.071787
-1.2 -0.6 0.083456
-1.2 -0.54 0.095688
-1.2 -0.48 0.108204
-1.2 -0.42 0.120676
-1.2 -0.36 0.132738
-1.2 -0.3 0.143994
-1.2 -0.24 0.154062
-1.2 -0.18 0.162566
-1.2 -0.12 0.16918
-1.2 -0.06 0.173644
-1.2 9.71445e-15 0.175777
-1.2 0.06 0.175491
-1.2 0.12 0.172798
-1.2 0.18 0.167805
-1.2 0.24 0.160717
-1.2 0.3 0.151813
-1.2 0.36 0.141431
-1.2 0.42 0.129947
-1.2 0.48 0.117755
-1.2 0.54 0.10524
-1.2 0.6 0.0927626
-1.2 0.66 0.0806411
-1.2 0.72 0.0691395
-1.2 0.78 0.0584632
-1.2 0.84 0.0487565
-1.2 0.9 0.0401021
-1.2 0.96 0.0325307
-1.2 1.02 0.026026
-1.2 1.08 0.0205358
-1.2 1.14 0.015981
-1.2 1.2 0.0122655
-1.2 1.26 0.00928446
-1.2 1.32 0.0069313
-1.2 1.38 0.00510347
-1.2 1.44 0.00370596
-1.2 1.5 0.00265417
-1.2 1.56 0.00187476
-1.2 1.62 0.00130602
-1.2 1.68 0.000897311
-1.2 1.74 0.000608032
-1.2 1.8 0.000406347
-1.2 1.86 0.000267826
-1.2 1.92 0.000174104
-1.2 1.98 0.00011162
-1.2 2.04 7.05789e-05
-1.2 2.1 4.40139e-05
-1.2 2.16 2.70703e-05
-1.14 -2.22 1.08892e-05
-1.14 -2.16 1.81424e-05
-1.14 -2.1 2.98112e-05
-1.14 -2.04 4.83121e-05
-1.14 -1.98 7.72179e-05
-1.14 -1.92 0.000121724
-1.14 -1.86 0.000189241
-1.14 -1.8 0.000290165
-1.14 -1.74 0.000438798
-1.14 -1.68 0.000654446
-1.14 -1.62 0.000962664
-1.14 -1.56 0.00139658
-1.14 -1.5 0.00199819
-1.14 -1.44 0.00281972
-1.14 -1.38 0.00392424
-1.14 -1.32 0.00538647
-1.14 -1.26 0.00729183
-1.14 -1.2 0.00973547
-1.14 -1.14 0.0128194
-1.14 -1.08 0.0166482
-1.14 -1.02 0.0213234
-1.14 -0.96 0.0269356
-1.14 -0.9 0.0335583
-1.14 -0.84 0.0412335
-1.14 -0.78 0.0499689
-1.14 -0.72 0.0597217
-1.14 -0.66 0.0703967
-1.14 -0.6 0.0818394
-1.14 -0.54 0.0938349
-1.14 -0.48 0.10611
-1.14 -0.42 0.11834
-1.14 -0.36 0.130167
-1.14 -0.3 0.141207
-1.14 -0.24 0.151078
-1.14 -0.18 0.159418
-1.14 -0.12 0.165905
-1.14 -0.06 0.170283
-1.14 9.71445e-15 0.172375
-1.14 0.06 0.172093
-1.14 0.12 0.169452
-1.14 0.18 0.164555
-1.14 0.24 0.157605
-1.14 0.3 0.148873
-1.14 0.36 0.138693
-1.14 0.42 0.127431
-1.14 0.48 0.115475
-1.14 0.54 0.103202
-1.14 0.6 0.0909669
-1.14 0.66 0.07908
-1.14 0.72 0.0678009
-1.14 0.78 0.057331
-1.14 0.84 0.0478126
-1.14 0.9 0.0393257
-1.14 0.96 0.0319005
-1.14 1.02 0.0255221
-1.14 1.08 0.0201382
-1.14 1.14 0.0156716
-1.14 1.2 0.0120279
-1.14 1.26 0.00910465
-1.14 1.32 0.00679714
-1.14 1.38 0.00500461
-1.14 1.44 0.00363423
-1.14 1.5 0.00260277
-1.14 1.56 0.00183845
-1.14 1.62 0.00128072
-1.14 1.68 0.000879932
-1.14 1.74 0.000596256
-1.14 1.8 0.000398477
-1.14 1.86 0.000262643
-1.14 1.92 0.000170732
-1.14 1.98 0.00010946
-1.14 2.04 6.9212e-05
-1.14 2.1 4.31616e-05
-1.14 2.16 2.65462e-05
-1.08 -2.22 1.05315e-05
-1.08 -2.16 1.75466e-05
-1.08 -2.1 2.88323e-05
-1.08 -2.04 4.67251e-05
-1.08 -1.98 7.46826e-05
-1.08 -1.92 0.000117725
-1.08 -1.86 0.000183025
-1.08 -1.8 0.000280637
-1.08 -1.74 0.00042439
-1.08 -1.68 0.000632957
-1.08 -1.62 0.000931047
-1.08 -1.56 0.0013507
-1.08 -1.5 0.00193258
-1.08 -1.44 0.00272711
-1.08 -1.38 0.00379539
-1.08 -1.32 0.00520952
-1.08 -1.26 0.00705233
-1.08 -1.2 0.00941574
-1.08 -1.14 0.0123984
-1.08 -1.08 0.0161014
-1.08 -1.02 0.0206229
-1.08 -0.96 0.0260511
-1.08 -0.9 0.0324562
-1.08 -0.84 0.0398793
-1.08 -0.78 0.0483276
-1.08 -0.72 0.0577605
-1.08 -0.66 0.0680852
-1.08 -0.6 0.0791523
-1.08 -0.54 0.0907538
-1.08 -0.48 0.102625
-1.08 -0.42 0.114454
-1.08 -0.36 0.125892
-1.08 -0.3 0.13657
-1.08 -0.24 0.146117
-1.08 -0.18 0.154181
-1.08 -0.12 0.160456
-1.08 -0.06 0.164691
-1.08 9.71445e-15 0.166714
-1.08 0.06 0.16644
-1.08 0.12 0.163885
-1.08 0.18 0.159152
-1.08 0.24 0.152428
-1.08 0.3 0.143985
-1.08 0.36 0.134137
-1.08 0.42 0.123246
-1.08 0.48 0.111683
-1.08 0.54 0.0998133
-1.08 0.6 0.0879794
-1.08 0.66 0.0764825
-1.08 0.72 0.065574
-1.08 0.78 0.0554484
-1.08 0.84 0.046242
-1.08 0.9 0.0380342
-1.08 0.96 0.0308531
-1.08 1.02 0.0246839
-1.08 1.08 0.0194767
-1.08 1.14 0.0151568
-1.08 1.2 0.011633
-1.08 1.26 0.00880569
-1.08 1.32 0.0065739
-1.08 1.38 0.00484026
-1.08 1.44 0.00351486
-1.08 1.5 0.00251731
-1.08 1.56 0.00177807
-1.08 1.62 0.00123866
-1.08 1.68 0.00085103
-1.08 1.74 0.000576673
-1.08 1.8 0.000385394
-1.08 1.86 0.000254018
-1.08 1.92 0.000165124
-1.08 1.98 0.000105865
-1.08 2.04 6.69391e-05
-1.08 2.1 4.17437e-05
-1.08 2.16 2.56743e-05
-1.02 -2.22 1.00457e-05
-1.02 -2.16 1.67371e-05
-1.02 -2.1 2.75019e-05
-1.02 -2.04 4.45698e-05
-1.02 -1.98 7.12366e-05
-1.02 -1.92 0.000112295
-1.02 -1.86 0.000174582
-1.02 -1.8 0.000267687
-1.02 -1.74 0.000404806
-1.02 -1.68 0.000603749
-1.02 -1.62 0.000888093
-1.02 -1.56 0.0012884
-1.02 -1.5 0.00184341
-1.02 -1.44 0.00260129
-1.02 -1.38 0.00362027
-1.02 -1.32 0.00496922
-1.02 -1.26 0.00672698
-1.02 -1.2 0.00898132
-1.02 -1.14 0.0118263
-1.02 -1.08 0.0153586
-1.02 -1.02 0.0196716
-1.02 -0.96 0.0248493
-1.02 -0.9 0.0309587
-1.02 -0.84 0.0380396
-1.02 -0.78 0.0460981
-1.02 -0.72 0.0550953
-1.02 -0.66 0.0649436
-1.02 -0.6 0.0755003
-1.02 -0.54 0.0865663
-1.02 -0.48 0.0978901
-1.02 -0.42 0.109173
-1.02 -0.36 0.120084
-1.02 -0.3 0.130269
-1.02 -0.24 0.139376
-1.02 -0.18 0.147069
-1.02 -0.12 0.153053
-1.02 -0.06 0.157093
-1.02 9.71445e-15 0.159022
-1.02 0.06 0.158762
-1.02 0.12 0.156326
-1.02 0.18 0.151809
-1.02 0.24 0.145397
-1.02 0.3 0.137341
-1.02 0.36 0.12795
-1.02 0.42 0.11756
-1.02 0.48 0.10653
-1.02 0.54 0.0952079
-1.02 0.6 0.0839202
-1.02 0.66 0.0729542
-1.02 0.72 0.062549
-1.02 0.78 0.0528898
-1.02 0.84 0.044109
-1.02 0.9 0.0362794
-1.02 0.96 0.0294295
-1.02 1.02 0.0235452
-1.02 1.08 0.0185783
-1.02 1.14 0.0144577
-1.02 1.2 0.0110963
-1.02 1.26 0.00839938
-1.02 1.32 0.00627062
-1.02 1.38 0.00461696
-1.02 1.44 0.00335271
-1.02 1.5 0.00240115
-1.02 1.56 0.00169604
-1.02 1.62 0.00118152
-1.02 1.68 0.000811773
-1.02 1.74 0.00055007
-1.02 1.8 0.000367611
-1.02 1.86 0.000242298
-1.02 1.92 0.000157507
-1.02 1.98 0.00010098
-1.02 2.04 6.38509e-05
-1.02 2.1 3.98183e-05
-0.96 -2.22 9.45054e-06
-0.96 -2.16 1.57455e-05
-0.96 -2.1 2.58726e-05
-0.96 -2.04 4.19289e-05
-0.96 -1.98 6.70163e-05
-0.96 -1.92 0.000105641
-0.96 -1.86 0.000164239
-0.96 -1.8 0.00025183
-0.96 -1.74 0.000380826
-0.96 -1.68 0.000567985
-0.96 -1.62 0.000835479
-0.96 -1.56 0.00121205
-0.96 -1.5 0.00173419
-0.96 -1.44 0.00244717
-0.96 -1.38 0.00340579
-0.96 -1.32 0.00467477
-0.96 -1.26 0.00632841
-0.96 -1.2 0.00844923
-0.96 -1.14 0.0111257
-0.96 -1.08 0.0144486
-0.96 -1.02 0.0185059
-0.96 -0.96 0.0233772
-0.96 -0.9 0.0291245
-0.96 -0.84 0.035786
-0.96 -0.78 0.0433665
-0.96 -0.72 0.0518314
-0.96 -0.66 0.0610964
-0.96 -0.6 0.0710276
-0.96 -0.54 0.0814381
-0.96 -0.48 0.0920906
-0.96 -0.42 0.102704
-0.96 -0.36 0.11297
-0.96 -0.3 0.12255
-0.96 -0.24 0.131119
-0.96 -0.18 0.138355
-0.96 -0.12 0.143985
-0.96 -0.06 0.147785
-0.96 9.71445e-15 0.1496
-0.96 0.06 0.149356
-0.96 0.12 0.147063
-0.96 0.18 0.142815
-0.96 0.24 0.136782
-0.96 0.3 0.129204
-0.96 0.36 0.120368
-0.96 0.42 0.110595
-0.96 0.48 0.100219
-0.96 0.54 0.0895681
-0.96 0.6 0.0789487
-0.96 0.66 0.0686316
-0.96 0.72 0.0588428
-0.96 0.78 0.049757
-0.96 0.84 0.0414953
-0.96 0.9 0.0341302
-0.96 0.96 0.0276861
-0.96 1.02 0.02215
-0.96 1.08 0.0174774
-0.96 1.14 0.013601
-0.96 1.2 0.0104389
-0.96 1.26 0.00790182
-0.96 1.32 0.00589906
-0.96 1.38 0.00434344
-0.96 1.44 0.00315405
-0.96 1.5 0.00225891
-0.96 1.56 0.00159556
-0.96 1.62 0.00111152
-0.96 1.68 0.000763679
-0.96 1.74 0.000517481
-0.96 1.8 0.000345834
-0.96 1.86 0.000227941
-0.96 1.92 0.000148175
-0.96 1.98 9.49976e-05
-0.96 2.04 6.0068e-05
-0.96 2.1 3.7459e-05
-0.9 -2.22 8.76843e-06
-0.9 -2.16 1.46088e-05
-0.9 -2.1 2.40052e-05
-0.9 -2.04 3.89029e-05
-0.9 -1.98 6.2179e-05
-0.9 -1.92 9.80161e-05
-0.9 -1.86 0.000152385
-0.9 -1.8 0.000233654
-0.9 -1.74 0.000353341
-0.9 -1.68 0.000526991
-0.9 -1.62 0.000775179
-0.9 -1.56 0.00112457
-0.9 -1.5 0.00160902
-0.9 -1.44 0.00227055
-0.9 -1.38 0.00315997
-0.9 -1.32 0.00433735
-0.9 -1.26 0.00587164
-0.9 -1.2 0.00783938
-0.9 -1.14 0.0103227
-0.9 -1.08 0.0134057
-0.9 -1.02 0.0171703
-0.9 -0.96 0.0216898
-0.9 -0.9 0.0270223
-0.9 -0.84 0.0332029
-0.9 -0.78 0.0402367
-0.9 -0.72 0.04809
-0.9 -0.66 0.0566863
-0.9 -0.6 0.0659006
-0.9 -0.54 0.0755595
-0.9 -0.48 0.0854433
-0.9 -0.42 0.0952926
-0.9 -0.36 0.104815
-0.9 -0.3 0.113706
-0.9 -0.24 0.121654
-0.9 -0.18 0.12837
-0.9 -0.12 0.133594
-0.9 -0.06 0.13712
-0.9 9.71445e-15 0.138804
-0.9 0.06 0.138577
-0.9 0.12 0.136448
-0.9 0.18 0.132506
-0.9 0.24 0.12691
-0.9 0.3 0.119878
-0.9 0.36 0.11168
-0.9 0.42 0.102613
-0.9 0.48 0.0929859
-0.9 0.54 0.0831035
-0.9 0.6 0.0732506
-0.9 0.66 0.0636781
-0.9 0.72 0.0545954
-0.9 0.78 0.0461657
-0.9 0.84 0.0385001
-0.9 0.9 0.0316667
-0.9 0.96 0.0256878
-0.9 1.02 0.0205513
-0.9 1.08 0.016216
-0.9 1.14 0.0126193
-0.9 1.2 0.00968539
-0.9 1.26 0.00733146
-0.9 1.32 0.00547329
-0.9 1.38 0.00402992
-0.9 1.44 0.00292641
-0.9 1.5 0.00209586
-0.9 1.56 0.00148039
-0.9 1.62 0.00103129
-0.9 1.68 0.000708558
-0.9 1.74 0.000480127
-0.9 1.8 0.000320869
-0.9 1.86 0.000211491
-0.9 1.92 0.00013748
-0.9 1.98 8.81412e-05
-0.9 2.04 5.57318e-05
-0.84 -2.28 4.7497e-06
-0.84 -2.22 8.02368e-06
-0.84 -2.16 1.33682e-05
-0.84 -2.1 2.19664e-05
-0.84 -2.04 3.55986e-05
-0.84 -1.98 5.6898e-05
-0.84 -1.92 8.96917e-05
-0.84 -1.86 0.000139442
-0.84 -1.8 0.000213809
-0.84 -1.74 0.000323329
-0.84 -1.68 0.00048223
-0.84 -1.62 0.000709335
-0.84 -1.56 0.00102906
-0.84 -1.5 0.00147237
-0.84 -1.44 0.0020777
-0.84 -1.38 0.00289158
-0.84 -1.32 0.00396901
-0.84 -1.26 0.00537296
-0.84 -1.2 0.00717354
-0.84 -1.14 0.00944592
-0.84 -1.08 0.0122672
-0.84 -1.02 0.0157121
-0.84 -0.96 0.0198476
-0.84 -0.9 0.0247273
-0.84 -0.84 0.030383
-0.84 -0.78 0.0368195
-0.84 -0.72 0.0440058
-0.84 -0.66 0.0518715
-0.84 -0.6 0.0603031
-0.84 -0.54 0.0691419
-0.84 -0.48 0.0781869
-0.84 -0.42 0.0871994
-0.84 -0.36 0.0959128
-0.84 -0.3 0.104049
-0.84 -0.24 0.111322
-0.84 -0.18 0.117467
-0.84 -0.12 0.122247
-0.84 -0.06 0.125474
-0.84 9.71445e-15 0.127015
-0.84 0.06 0.126807
-0.84 0.12 0.12486
-0.84 0.18 0.121252
-0.84 0.24 0.116131
-0.84 0.3 0.109697
-0.84 0.36 0.102195
-0.84 0.42 0.0938973
-0.84 0.48 0.0850878
-0.84 0.54 0.0760448
-0.84 0.6 0.0670286
-0.84 0.66 0.0582698
-0.84 0.72 0.0499591
-0.84 0.78 0.0422443
-0.84 0.84 0.0352307
-0.84 0.9 0.028977
-0.84 0.96 0.023506
-0.84 1.02 0.018806
-0.84 1.08 0.0148389
-0.84 1.14 0.0115476
-0.84 1.2 0.00886282
-0.84 1.26 0.00670871
-0.84 1.32 0.00500847
-0.84 1.38 0.00368764
-0.84 1.44 0.00267788
-0.84 1.5 0.00191784
-0.84 1.56 0.00135465
-0.84 1.62 0.000943701
-0.84 1.68 0.000648378
-0.84 1.74 0.000439348
-0.84 1.8 0.000293617
-0.84 1.86 0.000193529
-0.84 1.92 0.000125803
-0.84 1.98 8.06553e-05
-0.84 2.04 5.09986e-05
-0.78 -2.28 4.28659e-06
-0.78 -2.22 7.24136e-06
-0.78 -2.16 1.20647e-05
-0.78 -2.1 1.98242e-05
-0.78 -2.04 3.21277e-05
-0.78 -1.98 5.13495e-05
-0.78 -1.92 8.09462e-05
-0.78 -1.86 0.000125846
-0.78 -1.8 0.00019296
-0.78 -1.74 0.0002918
-0.78 -1.68 0.000435207
-0.78 -1.62 0.000640173
-0.78 -1.56 0.000928721
-0.78 -1.5 0.0013288
-0.78 -1.44 0.00187511
-0.78 -1.38 0.00260963
-0.78 -1.32 0.00358198
-0.78 -1.26 0.00484905
-0.78 -1.2 0.00647407
-0.78 -1.14 0.00852487
-0.78 -1.08 0.011071
-0.78 -1.02 0.0141799
-0.78 -0.96 0.0179124
-0.78 -0.9 0.0223161
-0.78 -0.84 0.0274205
-0.78 -0.78 0.033229
-0.78 -0.72 0.0397147
-0.78 -0.66 0.0468137
-0.78 -0.6 0.0544234
-0.78 -0.54 0.0624
-0.78 -0.48 0.0705624
-0.78 -0.42 0.0786964
-0.78 -0.36 0.0865611
-0.78 -0.3 0.0939024
-0.78 -0.24 0.100467
-0.78 -0.18 0.106013
-0.78 -0.12 0.110327
-0.78 -0.06 0.113238
-0.78 9.71445e-15 0.114629
-0.78 0.06 0.114443
-0.78 0.12 0.112685
-0.78 0.18 0.109428
-0.78 0.24 0.104808
-0.78 0.3 0.0989997
-0.78 0.36 0.0922306
-0.78 0.42 0.0847421
-0.78 0.48 0.0767911
-0.78 0.54 0.0686299
-0.78 0.6 0.0604931
-0.78 0.66 0.0525881
-0.78 0.72 0.0450873
-0.78 0.78 0.0381252
-0.78 0.84 0.0317952
-0.78 0.9 0.0261516
-0.78 0.96 0.021214
-0.78 1.02 0.0169722
-0.78 1.08 0.0133918
-0.78 1.14 0.0104216
-0.78 1.2 0.00799864
-0.78 1.26 0.00605459
-0.78 1.32 0.00452006
-0.78 1.38 0.00332809
-0.78 1.44 0.00241674
-0.78 1.5 0.00173084
-0.78 1.56 0.00122257
-0.78 1.62 0.000851687
-0.78 1.68 0.000585159
-0.78 1.74 0.000396512
-0.78 1.8 0.000264987
-0.78 1.86 0.000174656
-0.78 1.92 0.000113537
-0.78 1.98 7.27899e-05
-0.72 -2.28 3.8154e-06
-0.72 -2.22 6.44539e-06
-0.72 -2.16 1.07386e-05
-0.72 -2.1 1.76454e-05
-0.72 -2.04 2.85962e-05
-0.72 -1.98 4.57058e-05
-0.72 -1.92 7.20489e-05
-0.72 -1.86 0.000112012
-0.72 -1.8 0.00017175
-0.72 -1.74 0.000259727
-0.72 -1.68 0.000387371
-0.72 -1.62 0.000569804
-0.72 -1.56 0.000826642
-0.72 -1.5 0.00118275
-0.72 -1.44 0.001669
-0.72 -1.38 0.00232279
-0.72 -1.32 0.00318829
-0.72 -1.26 0.00431607
-0.72 -1.2 0.00576247
-0.72 -1.14 0.00758785
-0.72 -1.08 0.00985417
-0.72 -1.02 0.0126214
-0.72 -0.96 0.0159434
-0.72 -0.9 0.0198633
-0.72 -0.84 0.0244064
-0.72 -0.78 0.0295769
-0.72 -0.72 0.0353495
-0.72 -0.66 0.0416681
-0.72 -0.6 0.0484413
-0.72 -0.54 0.0555413
-0.72 -0.48 0.062807
-0.72 -0.42 0.0700466
-0.72 -0.36 0.0770465
-0.72 -0.3 0.0835816
-0.72 -0.24 0.0894242
-0.72 -0.18 0.0943601
-0.72 -0.12 0.0982004
-0.72 -0.06 0.100792
-0.72 9.71445e-15 0.10203
-0.72 0.06 0.101863
-0.72 0.12 0.100299
-0.72 0.18 0.0974013
-0.72 0.24 0.0932871
-0.72 0.3 0.0881189
-0.72 0.36 0.0820931
-0.72 0.42 0.0754272
-0.72 0.48 0.0683503
-0.72 0.54 0.0610861
-0.72 0.6 0.0538436
-0.72 0.66 0.0468078
-0.72 0.72 0.0401318
-0.72 0.78 0.0339344
-0.72 0.84 0.0283006
-0.72 0.9 0.023277
-0.72 0.96 0.0188822
-0.72 1.02 0.0151067
-0.72 1.08 0.01192
-0.72 1.14 0.00927614
-0.72 1.2 0.00711944
-0.72 1.26 0.00538907
-0.72 1.32 0.00402327
-0.72 1.38 0.00296226
-0.72 1.44 0.00215112
-0.72 1.5 0.00154059
-0.72 1.56 0.00108819
-0.72 1.62 0.000758068
-0.72 1.68 0.000520837
-0.72 1.74 0.000352927
-0.72 1.8 0.000235861
-0.72 1.86 0.00015546
-0.72 1.92 0.000101057
-0.72 1.98 6.47898e-05
-0.66 -2.28 3.34937e-06
-0.66 -2.22 5.6581e-06
-0.66 -2.16 9.42679e-06
-0.66 -2.1 1.54901e-05
-0.66 -2.04 2.51033e-05
-0.66 -1.98 4.01229e-05
-0.66 -1.92 6.32478e-05
-0.66 -1.86 9.83311e-05
-0.66 -1.8 0.000150772
-0.66 -1.74 0.000228004
-0.66 -1.68 0.000340057
-0.66 -1.62 0.000500207
-0.66 -1.56 0.000725662
-0.66 -1.5 0.00103827
-0.66 -1.44 0.00146513
-0.66 -1.38 0.00203906
-0.66 -1.32 0.00279883
-0.66 -1.26 0.00378884
-0.66 -1.2 0.00505858
-0.66 -1.14 0.00666099
-0.66 -1.08 0.00865044
-0.66 -1.02 0.0110797
-0.66 -0.96 0.013996
-0.66 -0.9 0.017437
-0.66 -0.84 0.0214253
-0.66 -0.78 0.0259641
-0.66 -0.72 0.0310315
-0.66 -0.66 0.0365783
-0.66 -0.6 0.0425241
-0.66 -0.54 0.0487567
-0.66 -0.48 0.0551351
-0.66 -0.42 0.0614907
-0.66 -0.36 0.067635
-0.66 -0.3 0.0733724
-0.66 -0.24 0.0785002
-0.66 -0.18 0.0828346
-0.66 -0.12 0.0862058
-0.66 -0.06 0.0884807
-0.66 9.71445e-15 0.0895674
-0.66 0.06 0.0894212
-0.66 0.12 0.0880474
-0.66 0.18 0.0855036
-0.66 0.24 0.0818927
-0.66 0.3 0.077355
-0.66 0.36 0.0720649
-0.66 0.42 0.0662143
-0.66 0.48 0.0600019
-0.66 0.54 0.053625
-0.66 0.6 0.0472671
-0.66 0.66 0.0410901
-0.66 0.72 0.0352296
-0.66 0.78 0.0297897
-0.66 0.84 0.0248436
-0.66 0.9 0.0204338
-0.66 0.96 0.0165758
-0.66 1.02 0.0132615
-0.66 1.08 0.0104639
-0.66 1.14 0.00814306
-0.66 1.2 0.00624982
-0.66 1.26 0.00473082
-0.66 1.32 0.00353182
-0.66 1.38 0.00260043
-0.66 1.44 0.00188836
-0.66 1.5 0.00135241
-0.66 1.56 0.000955266
-0.66 1.62 0.000665474
-0.66 1.68 0.00045722
-0.66 1.74 0.000309817
-0.66 1.8 0.000207049
-0.66 1.86 0.000136471
-0.66 1.92 8.87132e-05
-0.6 -2.28 2.89983e-06
-0.6 -2.22 4.89868e-06
-0.6 -2.16 8.1616e-06
-0.6 -2.1 1.34111e-05
-0.6 -2.04 2.1734e-05
-0.6 -1.98 3.47378e-05
-0.6 -1.92 5.47589e-05
-0.6 -1.86 8.51336e-05
-0.6 -1.8 0.000130537
-0.6 -1.74 0.000197402
-0.6 -1.68 0.000294417
-0.6 -1.62 0.000433073
-0.6 -1.56 0.000628267
-0.6 -1.5 0.000898921
-0.6 -1.44 0.0012685
-0.6 -1.38 0.0017654
-0.6 -1.32 0.00242315
-0.6 -1.26 0.00328033
-0.6 -1.2 0.00437966
-0.6 -1.14 0.00576701
-0.6 -1.08 0.00748943
-0.6 -1.02 0.00959256
-0.6 -0.96 0.0121176
-0.6 -0.9 0.0150967
-0.6 -0.84 0.0185497
-0.6 -0.78 0.0224791
-0.6 -0.72 0.0268667
-0.6 -0.66 0.0316693
-0.6 -0.6 0.0368171
-0.6 -0.54 0.0422133
-0.6 -0.48 0.047735
-0.6 -0.42 0.0532374
-0.6 -0.36 0.0585576
-0.6 -0.3 0.0635244
-0.6 -0.24 0.067965
-0.6 -0.18 0.0717166
-0.6 -0.12 0.0746354
-0.6 -0.06 0.0766051
-0.6 9.71445e-15 0.077546
-0.6 0.06 0.0774194
-0.6 0.12 0.07623
-0.6 0.18 0.0740277
-0.6 0.24 0.0709015
-0.6 0.3 0.0669728
-0.6 0.36 0.0623927
-0.6 0.42 0.0573274
-0.6 0.48 0.0519488
-0.6 0.54 0.0464278
-0.6 0.6 0.0409232
-0.6 0.66 0.0355753
-0.6 0.72 0.0305009
-0.6 0.78 0.0257916
-0.6 0.84 0.0215089
-0.6 0.9 0.0176914
-0.6 0.96 0.0143511
-0.6 1.02 0.0114815
-0.6 1.08 0.00905942
-0.6 1.14 0.00705006
-0.6 1.2 0.005411
-0.6 1.26 0.00409591
-0.6 1.32 0.00305777
-0.6 1.38 0.00225142
-0.6 1.44 0.0016349
-0.6 1.5 0.0011709
-0.6 1.56 0.000827058
-0.6 1.62 0.000576155
-0.6 1.68 0.000395852
-0.6 1.74 0.000268235
-0.6 1.8 0.000179262
-0.6 1.86 0.000118154
-0.54 -2.22 4.18293e-06
-0.54 -2.16 6.96911e-06
-0.54 -2.1 1.14514e-05
-0.54 -2.04 1.85583e-05
-0.54 -1.98 2.9662e-05
-0.54 -1.92 4.67581e-05
-0.54 -1.86 7.26936e-05
-0.54 -1.8 0.000111463
-0.54 -1.74 0.000168558
-0.54 -1.68 0.000251396
-0.54 -1.62 0.000369791
-0.54 -1.56 0.000536469
-0.54 -1.5 0.000767575
-0.54 -1.44 0.00108314
-0.54 -1.38 0.00150745
-0.54 -1.32 0.00206911
-0.54 -1.26 0.00280101
-0.54 -1.2 0.0037397
-0.54 -1.14 0.00492433
-0.54 -1.08 0.00639506
-0.54 -1.02 0.00819092
-0.54 -0.96 0.010347
-0.54 -0.9 0.0128907
-0.54 -0.84 0.0158393
-0.54 -0.78 0.0191944
-0.54 -0.72 0.022941
-0.54 -0.66 0.0270419
-0.54 -0.6 0.0314376
-0.54 -0.54 0.0360453
-0.54 -0.48 0.04076
-0.54 -0.42 0.0454583
-0.54 -0.36 0.0500017
-0.54 -0.3 0.0542419
-0.54 -0.24 0.0580345
-0.54 -0.18 0.0612379
-0.54 -0.12 0.0637294
-0.54 -0.06 0.0654112
-0.54 9.71445e-15 0.0662146
-0.54 0.06 0.0661067
-0.54 0.12 0.065092
-0.54 0.18 0.0632111
-0.54 0.24 0.0605412
-0.54 0.3 0.0571869
-0.54 0.36 0.0532764
-0.54 0.42 0.0489505
-0.54 0.48 0.044358
-0.54 0.54 0.0396438
-0.54 0.6 0.0349435
-0.54 0.66 0.0303771
-0.54 0.72 0.0260444
-0.54 0.78 0.022023
-0.54 0.84 0.0183663
-0.54 0.9 0.0151063
-0.54 0.96 0.0122542
-0.54 1.02 0.00980389
-0.54 1.08 0.00773572
-0.54 1.14 0.00601997
-0.54 1.2 0.00462038
-0.54 1.26 0.00349743
-0.54 1.32 0.00261097
-0.54 1.38 0.00192246
-0.54 1.44 0.00139601
-0.54 1.5 0.000999816
-0.54 1.56 0.000706215
-0.54 1.62 0.000491973
-0.54 1.68 0.000338014
-0.54 1.74 0.000229043
-0.54 1.8 0.000153069
-0.54 1.86 0.000100889
-0.48 -2.16 5.86898e-06
-0.48 -2.1 9.64379e-06
-0.48 -2.04 1.56289e-05
-0.48 -1.98 2.49796e-05
-0.48 -1.92 3.93772e-05
-0.48 -1.86 6.12192e-05
-0.48 -1.8 9.3868e-05
-0.48 -1.74 0.00014195
-0.48 -1.68 0.000211713
-0.48 -1.62 0.00031142
-0.48 -1.56 0.000451787
-0.48 -1.5 0.000646405
-0.48 -1.44 0.000912171
-0.48 -1.38 0.00126948
-0.48 -1.32 0.00174249
-0.48 -1.26 0.00235888
-0.48 -1.2 0.0031494
-0.48 -1.14 0.00414703
-0.48 -1.08 0.00538563
-0.48 -1.02 0.00689798
-0.48 -0.96 0.00871364
-0.48 -0.9 0.010856
-0.48 -0.84 0.013339
-0.48 -0.78 0.0161646
-0.48 -0.72 0.0193197
-0.48 -0.66 0.0227731
-0.48 -0.6 0.0264749
-0.48 -0.54 0.0303553
-0.48 -0.48 0.034326
-0.48 -0.42 0.0382828
-0.48 -0.36 0.0421085
-0.48 -0.3 0.04568
-0.48 -0.24 0.0488731
-0.48 -0.18 0.0515713
-0.48 -0.12 0.05367
-0.48 -0.06 0.0550863
-0.48 9.71445e-15 0.0557629
-0.48 0.06 0.055672
-0.48 0.12 0.054817
-0.48 0.18 0.0532326
-0.48 0.24 0.050985
-0.48 0.3 0.0481594
-0.48 0.36 0.0448666
-0.48 0.42 0.0412239
-0.48 0.48 0.0373561
-0.48 0.54 0.0333859
-0.48 0.6 0.0294277
-0.48 0.66 0.0255821
-0.48 0.72 0.0219331
-0.48 0.78 0.0185465
-0.48 0.84 0.0154671
-0.48 0.9 0.0127218
-0.48 0.96 0.0103198
-0.48 1.02 0.00825629
-0.48 1.08 0.00651461
-0.48 1.14 0.00506969
-0.48 1.2 0.00389102
-0.48 1.26 0.00294534
-0.48 1.32 0.00219884
-0.48 1.38 0.00161898
-0.48 1.44 0.00117565
-0.48 1.5 0.000841989
-0.48 1.56 0.000594732
-0.48 1.62 0.000414312
-0.48 1.68 0.000284657
-0.48 1.74 0.000192887
-0.48 1.8 0.000128906
-0.42 -2.16 4.87462e-06
-0.42 -2.1 8.00989e-06
-0.42 -2.04 1.29808e-05
-0.42 -1.98 2.07475e-05
-0.42 -1.92 3.27054e-05
-0.42 -1.86 5.08464e-05
-0.42 -1.8 7.7964e-05
-0.42 -1.74 0.0001179
-0.42 -1.68 0.000175843
-0.42 -1.62 0.000258655
-0.42 -1.56 0.000375238
-0.42 -1.5 0.000536892
-0.42 -1.44 0.000757614
-0.42 -1.38 0.0010544
-0.42 -1.32 0.00144726
-0.42 -1.26 0.00195919
-0.42 -1.2 0.00261578
-0.42 -1.14 0.00344438
-0.42 -1.08 0.00447309
-0.42 -1.02 0.00572927
-0.42 -0.96 0.00723736
-0.42 -0.9 0.00901655
-0.42 -0.84 0.011079
-0.42 -0.78 0.0134258
-0.42 -0.72 0.0160463
-0.42 -0.66 0.0189147
-0.42 -0.6 0.0219894
-0.42 -0.54 0.0252123
-0.42 -0.48 0.02851
-0.42 -0.42 0.0317965
-0.42 -0.36 0.0349743
-0.42 -0.3 0.0379403
-0.42 -0.24 0.0405928
-0.42 -0.18 0.0428336
-0.42 -0.12 0.0445764
-0.42 -0.06 0.0457528
-0.42 9.71445e-15 0.0463148
-0.42 0.06 0.0462392
-0.42 0.12 0.0455293
-0.42 0.18 0.0442139
-0.42 0.24 0.0423463
-0.42 0.3 0.0400003
-0.42 0.36 0.0372647
-0.42 0.42 0.034239
-0.42 0.48 0.0310268
-0.42 0.54 0.0277294
-0.42 0.6 0.0244416
-0.42 0.66 0.0212476
-0.42 0.72 0.0182171
-0.42 0.78 0.0154042
-0.42 0.84 0.0128465
-0.42 0.9 0.0105663
-0.42 0.96 0.00857138
-0.42 1.02 0.00685748
-0.42 1.08 0.00541087
-0.42 1.14 0.00421076
-0.42 1.2 0.00323179
-0.42 1.26 0.00244632
-0.42 1.32 0.00182628
-0.42 1.38 0.00134469
-0.42 1.44 0.000976458
-0.42 1.5 0.000699332
-0.42 1.56 0.000493971
-0.42 1.62 0.000344117
-0.42 1.68 0.000236428
-0.42 1.74 0.000160207
-0.36 -2.1 6.56137e-06
-0.36 -2.04 1.06333e-05
-0.36 -1.98 1.69955e-05
-0.36 -1.92 2.67905e-05
-0.36 -1.86 4.16513e-05
-0.36 -1.8 6.38648e-05
-0.36 -1.74 9.65788e-05
-0.36 -1.68 0.000144043
-0.36 -1.62 0.000211879
-0.36 -1.56 0.000307378
-0.36 -1.5 0.000439797
-0.36 -1.44 0.000620604
-0.36 -1.38 0.000863718
-0.36 -1.32 0.00118553
-0.36 -1.26 0.00160489
-0.36 -1.2 0.00214272
-0.36 -1.14 0.00282148
-0.36 -1.08 0.00366419
-0.36 -1.02 0.00469317
-0.36 -0.96 0.00592848
-0.36 -0.9 0.00738602
-0.36 -0.84 0.00907538
-0.36 -0.78 0.0109979
-0.36 -0.72 0.0131445
-0.36 -0.66 0.015494
-0.36 -0.6 0.0180125
-0.36 -0.54 0.0206527
-0.36 -0.48 0.0233544
-0.36 -0.42 0.0260463
-0.36 -0.36 0.028649
-0.36 -0.3 0.0310793
-0.36 -0.24 0.0332516
-0.36 -0.18 0.0350871
-0.36 -0.12 0.0365152
-0.36 -0.06 0.0374789
-0.36 9.71445e-15 0.0379392
-0.36 0.06 0.0378772
-0.36 0.12 0.0372951
-0.36 0.18 0.0362181
-0.36 0.24 0.0346883
-0.36 0.3 0.0327665
-0.36 0.36 0.0305253
-0.36 0.42 0.0280472
-0.36 0.48 0.0254158
-0.36 0.54 0.0227147
-0.36 0.6 0.0200215
-0.36 0.66 0.017405
-0.36 0.72 0.0149226
-0.36 0.78 0.0126185
-0.36 0.84 0.0105233
-0.36 0.9 0.00865543
-0.36 0.96 0.00702126
-0.36 1.02 0.0056173
-0.36 1.08 0.00443232
-0.36 1.14 0.00344924
-0.36 1.2 0.00264732
-0.36 1.26 0.0020039
-0.36 1.32 0.00149602
-0.36 1.38 0.0011015
-0.36 1.44 0.000799878
-0.36 1.5 0.000572859
-0.36 1.56 0.000404635
-0.36 1.62 0.000281882
-0.36 1.68 0.000193669
-0.3 -2.04 8.59059e-06
-0.3 -1.98 1.37305e-05
-0.3 -1.92 2.16442e-05
-0.3 -1.86 3.36498e-05
-0.3 -1.8 5.15955e-05
-0.3 -1.74 7.80247e-05
-0.3 -1.68 0.00011637
-0.3 -1.62 0.000171176
-0.3 -1.56 0.000248331
-0.3 -1.5 0.000355306
-0.3 -1.44 0.000501387
-0.3 -1.38 0.000697784
-0.3 -1.32 0.000957791
-0.3 -1.26 0.00129659
-0.3 -1.2 0.00173111
-0.3 -1.14 0.00227947
-0.3 -1.08 0.00296029
-0.3 -1.02 0.0037916
-0.3 -0.96 0.00478954
-0.3 -0.9 0.00596715
-0.3 -0.84 0.0073319
-0.3 -0.78 0.00888518
-0.3 -0.72 0.0106194
-0.3 -0.66 0.0125176
-0.3 -0.6 0.0145522
-0.3 -0.54 0.0166852
-0.3 -0.48 0.0188679
-0.3 -0.42 0.0210426
-0.3 -0.36 0.0231455
-0.3 -0.3 0.0251087
-0.3 -0.24 0.0268638
-0.3 -0.18 0.0283468
-0.3 -0.12 0.0295003
-0.3 -0.06 0.0302789
-0.3 9.71445e-15 0.0306507
-0.3 0.06 0.0306007
-0.3 0.12 0.0301309
-0.3 0.18 0.0292602
-0.3 0.24 0.0280245
-0.3 0.3 0.0264717
-0.3 0.36 0.0246616
-0.3 0.42 0.0226592
-0.3 0.48 0.0205331
-0.3 0.54 0.0183509
-0.3 0.6 0.0161752
-0.3 0.66 0.0140616
-0.3 0.72 0.012056
-0.3 0.78 0.0101943
-0.3 0.84 0.00850176
-0.3 0.9 0.00699268
-0.3 0.96 0.00567236
-0.3 1.02 0.00453819
-0.3 1.08 0.00358086
-0.3 1.14 0.00278663
-0.3 1.2 0.00213874
-0.3 1.26 0.00161894
-0.3 1.32 0.00120863
-0.3 1.38 0.000889891
-0.3 1.44 0.000646218
-0.3 1.5 0.000462811
-0.3 1.56 0.000326902
-0.3 1.62 0.000227731
-0.24 -1.98 1.09403e-05
-0.24 -1.92 1.72459e-05
-0.24 -1.86 2.68119e-05
-0.24 -1.8 4.11109e-05
-0.24 -1.74 6.21694e-05
-0.24 -1.68 9.27228e-05
-0.24 -1.62 0.000136391
-0.24 -1.56 0.000197867
-0.24 -1.5 0.000283106
-0.24 -1.44 0.000399499
-0.24 -1.38 0.000555993
-0.24 -1.32 0.000763153
-0.24 -1.26 0.00103311
-0.24 -1.2 0.00137932
-0.24 -1.14 0.00181625
-0.24 -1.08 0.00235871
-0.24 -1.02 0.0030211
-0.24 -0.96 0.0038163
-0.24 -0.9 0.00475452
-0.24 -0.84 0.00584205
-0.24 -0.78 0.00707959
-0.24 -0.72 0.00846133
-0.24 -0.66 0.00997382
-0.24 -0.6 0.0115951
-0.24 -0.54 0.0132945
-0.24 -0.48 0.0150336
-0.24 -0.42 0.0167666
-0.24 -0.36 0.0184422
-0.24 -0.3 0.0200063
-0.24 -0.24 0.0214048
-0.24 -0.18 0.0225866
-0.24 -0.12 0.0235057
-0.24 -0.06 0.0241259
-0.24 9.71445e-15 0.0244223
-0.24 0.06 0.0243825
-0.24 0.12 0.024008
-0.24 0.18 0.0233142
-0.24 0.24 0.0223297
-0.24 0.3 0.0210924
-0.24 0.36 0.01965
-0.24 0.42 0.0180546
-0.24 0.48 0.0163607
-0.24 0.54 0.0146219
-0.24 0.6 0.0128883
-0.24 0.66 0.0112041
-0.24 0.72 0.00960603
-0.24 0.78 0.00812273
-0.24 0.84 0.00677407
-0.24 0.9 0.00557169
-0.24 0.96 0.00451974
-0.24 1.02 0.003616
-0.24 1.08 0.0028532
-0.24 1.14 0.00222037
-0.24 1.2 0.00170414
-0.24 1.26 0.00128995
-0.24 1.32 0.000963016
-0.24 1.38 0.000709063
-0.24 1.44 0.000514897
-0.24 1.5 0.00036876
-0.24 1.56 0.000260474
-0.24 1.62 0.000181455
-0.18 -1.92 1.35525e-05
-0.18 -1.86 2.10697e-05
-0.18 -1.8 3.23063e-05
-0.18 -1.74 4.88547e-05
-0.18 -1.68 7.28644e-05
-0.18 -1.62 0.000107181
-0.18 -1.56 0.000155492
-0.18 -1.5 0.000222475
-0.18 -1.44 0.000313941
-0.18 -1.38 0.000436918
-0.18 -1.32 0.000599719
-0.18 -1.26 0.000811857
-0.18 -1.2 0.00108393
-0.18 -1.14 0.00142728
-0.18 -1.08 0.00185358
-0.18 -1.02 0.0023741
-0.18 -0.96 0.00299897
-0.18 -0.9 0.0037363
-0.18 -0.84 0.00459086
-0.18 -0.78 0.00556343
-0.18 -0.72 0.00664927
-0.18 -0.66 0.00783782
-0.18 -0.6 0.00911187
-0.18 -0.54 0.0104474
-0.18 -0.48 0.011814
-0.18 -0.42 0.0131758
-0.18 -0.36 0.0144925
-0.18 -0.3 0.0157217
-0.18 -0.24 0.0168208
-0.18 -0.18 0.0177493
-0.18 -0.12 0.0184715
-0.18 -0.06 0.018959
-0.18 9.71445e-15 0.0191918
-0.18 0.06 0.0191605
-0.18 0.12 0.0188664
-0.18 0.18 0.0183213
-0.18 0.24 0.0175474
-0.18 0.3 0.0165752
-0.18 0.36 0.0154418
-0.18 0.42 0.0141879
-0.18 0.48 0.0128567
-0.18 0.54 0.0114903
-0.18 0.6 0.010128
-0.18 0.66 0.0088046
-0.18 0.72 0.00754882
-0.18 0.78 0.00638309
-0.18 0.84 0.00532336
-0.18 0.9 0.00437843
-0.18 0.96 0.00355175
-0.18 1.02 0.00284159
-0.18 1.08 0.00224215
-0.18 1.14 0.00174485
-0.18 1.2 0.00133917
-0.18 1.26 0.00101369
-0.18 1.32 0.00075678
-0.18 1.38 0.000557205
-0.18 1.44 0.000404627
-0.18 1.5 0.000289787
-0.18 1.56 0.000204689
-0.12 -1.86 1.63298e-05
-0.12 -1.8 2.50387e-05
-0.12 -1.74 3.78645e-05
-0.12 -1.68 5.64731e-05
-0.12 -1.62 8.30693e-05
-0.12 -1.56 0.000120511
-0.12 -1.5 0.000172426
-0.12 -1.44 0.000243315
-0.12 -1.38 0.000338628
-0.12 -1.32 0.000464802
-0.12 -1.26 0.000629214
-0.12 -1.2 0.000840076
-0.12 -1.14 0.00110619
-0.12 -1.08 0.00143658
-0.12 -1.02 0.00184001
-0.12 -0.96 0.00232432
-0.12 -0.9 0.00289576
-0.12 -0.84 0.0035581
-0.12 -0.78 0.00431186
-0.12 -0.72 0.0051534
-0.12 -0.66 0.00607454
-0.12 -0.6 0.00706196
-0.12 -0.54 0.00809702
-0.12 -0.48 0.00915629
-0.12 -0.42 0.0102118
-0.12 -0.36 0.0112322
-0.12 -0.3 0.012185
-0.12 -0.24 0.0130366
-0.12 -0.18 0.0137564
-0.12 -0.12 0.0143162
-0.12 -0.06 0.014694
-0.12 9.71445e-15 0.0148745
-0.12 0.06 0.0148502
-0.12 0.12 0.014622
-0.12 0.18 0.0141996
-0.12 0.24 0.0135999
-0.12 0.3 0.0128464
-0.12 0.36 0.0119678
-0.12 0.42 0.0109962
-0.12 0.48 0.0099645
-0.12 0.54 0.00890549
-0.12 0.6 0.00784963
-0.12 0.66 0.00682383
-0.12 0.72 0.0058506
-0.12 0.78 0.00494717
-0.12 0.84 0.00412578
-0.12 0.9 0.00339344
-0.12 0.96 0.00275275
-0.12 1.02 0.00220234
-0.12 1.08 0.00173775
-0.12 1.14 0.00135232
-0.12 1.2 0.00103791
-0.12 1.26 0.000785645
-0.12 1.32 0.000586531
-0.12 1.38 0.000431855
-0.12 1.44 0.000313601
-0.06 -1.8 1.91392e-05
-0.06 -1.74 2.89431e-05
-0.06 -1.68 4.31672e-05
-0.06 -1.62 6.3497e-05
-0.06 -1.56 9.21167e-05
-0.06 -1.5 0.000131799
-0.06 -1.44 0.000185987
-0.06 -1.38 0.000258841
-0.06 -1.32 0.000355283
-0.06 -1.26 0.000480962
-0.06 -1.2 0.000642145
-0.06 -1.14 0.000845558
-0.06 -1.08 0.0010981
-0.06 -1.02 0.00140646
-0.06 -0.96 0.00177667
-0.06 -0.9 0.00221347
-0.06 -0.84 0.00271974
-0.06 -0.78 0.00329589
-0.06 -0.72 0.00393919
-0.06 -0.66 0.00464333
-0.06 -0.6 0.00539809
-0.06 -0.54 0.00618929
-0.06 -0.48 0.00699888
-0.06 -0.42 0.00780567
-0.06 -0.36 0.00858568
-0.06 -0.3 0.00931395
-0.06 -0.24 0.00996498
-0.06 -0.18 0.0105151
-0.06 -0.12 0.010943
-0.06 -0.06 0.0112318
-0.06 9.71445e-15 0.0113698
-0.06 0.06 0.0113512
-0.06 0.12 0.0111769
-0.06 0.18 0.0108539
-0.06 0.24 0.0103956
-0.06 0.3 0.00981951
-0.06 0.36 0.00914804
-0.06 0.42 0.00840533
-0.06 0.48 0.00761672
-0.06 0.54 0.00680723
-0.06 0.6 0.00600015
-0.06 0.66 0.00521605
-0.06 0.72 0.00447205
-0.06 0.78 0.00378155
-0.06 0.84 0.00315365
-0.06 0.9 0.00259391
-0.06 0.96 0.00210415
-0.06 1.02 0.00168341
-0.06 1.08 0.0013283
-0.06 1.14 0.00103368
-0.06 1.2 0.000793356
-0.06 1.26 0.00060054
-0.06 1.32 0.000448331
-0.06 1.38 0.000330102
9.71445e-15 -1.68 3.25427e-05
9.71445e-15 -1.62 4.78687e-05
9.71445e-15 -1.56 6.94442e-05
9.71445e-15 -1.5 9.93605e-05
9.71445e-15 -1.44 0.00014021
9.71445e-15 -1.38 0.000195135
9.71445e-15 -1.32 0.00026784
9.71445e-15 -1.26 0.000362585
9.71445e-15 -1.2 0.000484097
9.71445e-15 -1.14 0.000637446
9.71445e-15 -1.08 0.000827829
9.71445e-15 -1.02 0.00106029
9.71445e-15 -0.96 0.00133939
9.71445e-15 -0.9 0.00166868
9.71445e-15 -0.84 0.00205036
9.71445e-15 -0.78 0.00248467
9.71445e-15 -0.72 0.00296967
9.71445e-15 -0.66 0.00350051
9.71445e-15 -0.6 0.00406952
9.71445e-15 -0.54 0.00466598
9.71445e-15 -0.48 0.00527631
9.71445e-15 -0.42 0.00588445
9.71445e-15 -0.36 0.00647259
9.71445e-15 -0.3 0.00702151
9.71445e-15 -0.24 0.00751242
9.71445e-15 -0.18 0.00792705
9.71445e-15 -0.12 0.00824964
9.71445e-15 -0.06 0.00846735
9.71445e-15 9.71445e-15 0.00857135
9.71445e-15 0.06 0.00855736
9.71445e-15 0.12 0.00842597
9.71445e-15 0.18 0.00818253
9.71445e-15 0.24 0.00783692
9.71445e-15 0.3 0.00740271
9.71445e-15 0.36 0.00689647
9.71445e-15 0.42 0.00633655
9.71445e-15 0.48 0.00574205
9.71445e-15 0.54 0.0051318
9.71445e-15 0.6 0.00452336
9.71445e-15 0.66 0.00393224
9.71445e-15 0.72 0.00337138
9.71445e-15 0.78 0.00285082
9.71445e-15 0.84 0.00237746
9.71445e-15 0.9 0.00195548
9.71445e-15 0.96 0.00158628
9.71445e-15 1.02 0.00126908
9.71445e-15 1.08 0.00100136
9.71445e-15 1.14 0.000779266
9.71445e-15 1.2 0.000598095
9.71445e-15 1.26 0.000452734
9.71445e-15 1.32 0.000337985
0.06 -1.62 3.5591e-05
0.06 -1.56 5.16332e-05
0.06 -1.5 7.38756e-05
0.06 -1.44 0.000104249
0.06 -1.38 0.000145085
0.06 -1.32 0.000199144
0.06 -1.26 0.000269588
0.06 -1.2 0.000359932
0.06 -1.14 0.000473948
0.06 -1.08 0.000615504
0.06 -1.02 0.000788347
0.06 -0.96 0.000995855
0.06 -0.9 0.00124069
0.06 -0.84 0.00152447
0.06 -0.78 0.0018474
0.06 -0.72 0.00220797
0.06 -0.66 0.00260266
0.06 -0.6 0.00302573
0.06 -0.54 0.0034692
0.06 -0.48 0.00392299
0.06 -0.42 0.00437519
0.06 -0.36 0.00481245
0.06 -0.3 0.00522058
0.06 -0.24 0.00558557
0.06 -0.18 0.00589391
0.06 -0.12 0.00613373
0.06 -0.06 0.00629557
0.06 9.71445e-15 0.0063729
0.06 0.06 0.00636254
0.06 0.12 0.00626486
0.06 0.18 0.0060838
0.06 0.24 0.00582688
0.06 0.3 0.005504
0.06 0.36 0.00512765
0.06 0.42 0.00471131
0.06 0.48 0.00426927
0.06 0.54 0.00381553
0.06 0.6 0.00336317
0.06 0.66 0.00292369
0.06 0.72 0.00250668
0.06 0.78 0.0021196
0.06 0.84 0.00176769
0.06 0.9 0.00145392
0.06 0.96 0.00117941
0.06 1.02 0.000943582
0.06 1.08 0.000744531
0.06 1.14 0.000579397
0.06 1.2 0.000444692
0.06 1.26 0.000336611
0.12 -1.56 3.7862e-05
0.12 -1.5 5.41727e-05
0.12 -1.44 7.64448e-05
0.12 -1.38 0.00010639
0.12 -1.32 0.000146029
0.12 -1.26 0.000197687
0.12 -1.2 0.000263937
0.12 -1.14 0.000347544
0.12 -1.08 0.000451344
0.12 -1.02 0.000578084
0.12 -0.96 0.000730255
0.12 -0.9 0.000909788
0.12 -0.84 0.00111788
0.12 -0.78 0.00135468
0.12 -0.72 0.0016191
0.12 -0.66 0.00190852
0.12 -0.6 0.00221875
0.12 -0.54 0.00254395
0.12 -0.48 0.00287671
0.12 -0.42 0.00320829
0.12 -0.36 0.00352894
0.12 -0.3 0.00382823
0.12 -0.24 0.00409586
0.12 -0.18 0.00432193
0.12 -0.12 0.00449783
0.12 -0.06 0.00461653
0.12 9.71445e-15 0.00467323
0.12 0.06 0.0046656
0.12 0.12 0.00459394
0.12 0.18 0.00446121
0.12 0.24 0.00427281
0.12 0.3 0.00403605
0.12 0.36 0.00376004
0.12 0.42 0.00345478
0.12 0.48 0.00313065
0.12 0.54 0.00279793
0.12 0.6 0.0024662
0.12 0.66 0.00214391
0.12 0.72 0.00183811
0.12 0.78 0.00155431
0.12 0.84 0.00129622
0.12 0.9 0.00106616
0.12 0.96 0.000864859
0.12 1.02 0.000691921
0.12 1.08 0.000545956
0.12 1.14 0.000424866
0.18 -1.44 5.52858e-05
0.18 -1.38 7.69426e-05
0.18 -1.32 0.000105611
0.18 -1.26 0.000142969
0.18 -1.2 0.000190882
0.18 -1.14 0.000251348
0.18 -1.08 0.000326417
0.18 -1.02 0.000418084
0.18 -0.96 0.000528129
0.18 -0.9 0.000657968
0.18 -0.84 0.000808468
0.18 -0.78 0.000979732
0.18 -0.72 0.00117095
0.18 -0.66 0.00138025
0.18 -0.6 0.00160461
0.18 -0.54 0.0018398
0.18 -0.48 0.00208047
0.18 -0.42 0.0023203
0.18 -0.36 0.00255217
0.18 -0.3 0.00276864
0.18 -0.24 0.00296216
0.18 -0.18 0.0031257
0.18 -0.12 0.00325291
0.18 -0.06 0.00333874
0.18 9.71445e-15 0.00337975
0.18 0.06 0.00337424
0.18 0.12 0.00332241
0.18 0.18 0.0032264
0.18 0.24 0.00309016
0.18 0.3 0.00291893
0.18 0.36 0.00271932
0.18 0.42 0.00249855
0.18 0.48 0.00226412
0.18 0.54 0.0020235
0.18 0.6 0.00178359
0.18 0.66 0.00155051
0.18 0.72 0.00132936
0.18 0.78 0.00112409
0.18 0.84 0.000937451
0.18 0.9 0.000771056
0.18 0.96 0.000625476
0.18 1.02 0.000500411
0.24 -1.32 7.53301e-05
0.24 -1.26 0.000101976
0.24 -1.2 0.00013615
0.24 -1.14 0.000179278
0.24 -1.08 0.000232824
0.24 -1.02 0.000298209
0.24 -0.96 0.000376701
0.24 -0.9 0.00046931
0.24 -0.84 0.000576658
0.24 -0.78 0.000698816
0.24 -0.72 0.000835207
0.24 -0.66 0.000984503
0.24 -0.6 0.00114453
0.24 -0.54 0.00131229
0.24 -0.48 0.00148395
0.24 -0.42 0.001655
0.24 -0.36 0.00182039
0.24 -0.3 0.00197479
0.24 -0.24 0.00211285
0.24 -0.18 0.00222947
0.24 -0.12 0.00232019
0.24 -0.06 0.00238142
0.24 9.71445e-15 0.00241067
0.24 0.06 0.00240673
0.24 0.12 0.00236978
0.24 0.18 0.00230133
0.24 0.24 0.0022041
0.24 0.3 0.00208201
0.24 0.36 0.00193962
0.24 0.42 0.00178212
0.24 0.48 0.00161492
0.24 0.54 0.0014433
0.24 0.6 0.00127217
0.24 0.66 0.00110593
0.24 0.72 0.000948203
0.24 0.78 0.000801781
0.24 0.84 0.000668662
0.24 0.9 0.000549967
0.24 0.96 0.000446137
0.3 -1.2 9.57781e-05
0.3 -1.14 0.000126118
0.3 -1.08 0.000163785
0.3 -1.02 0.000209778
0.3 -0.96 0.000264998
0.3 -0.9 0.000330147
0.3 -0.84 0.000405661
0.3 -0.78 0.00049159
0.3 -0.72 0.000587546
0.3 -0.66 0.000692573
0.3 -0.6 0.00080515
0.3 -0.54 0.00092316
0.3 -0.48 0.00104391
0.3 -0.42 0.00116423
0.3 -0.36 0.0012806
0.3 -0.3 0.00138919
0.3 -0.24 0.00148633
0.3 -0.18 0.00156836
0.3 -0.12 0.00163217
0.3 -0.06 0.00167525
0.3 9.71445e-15 0.00169583
0.3 0.06 0.00169306
0.3 0.12 0.00166707
0.3 0.18 0.00161891
0.3 0.24 0.00155052
0.3 0.3 0.00146462
0.3 0.36 0.00136446
0.3 0.42 0.00125368
0.3 0.48 0.00113606
0.3 0.54 0.00101532
0.3 0.6 0.00089494
0.3 0.66 0.000777988
0.3 0.72 0.000667027
0.3 0.78 0.000564031
0.3 0.84 0.00047038
0.36 -1.08 0.000113634
0.36 -1.02 0.000145545
0.36 -0.96 0.000183855
0.36 -0.9 0.000229055
0.36 -0.84 0.000281447
0.36 -0.78 0.000341067
0.36 -0.72 0.000407637
0.36 -0.66 0.000480502
0.36 -0.6 0.000558607
0.36 -0.54 0.000640483
0.36 -0.48 0.000724267
0.36 -0.42 0.000807747
0.36 -0.36 0.000888469
0.36 -0.3 0.000963832
0.36 -0.24 0.0010312
0.36 -0.18 0.00108812
0.36 -0.12 0.00113241
0.36 -0.06 0.0011623
0.36 9.71445e-15 0.00117657
0.36 0.06 0.00117465
0.36 0.12 0.0011566
0.36 0.18 0.0011232
0.36 0.24 0.00107575
0.36 0.3 0.00101616
0.36 0.36 0.000946654
0.36 0.42 0.000869798
0.36 0.48 0.000788196
0.36 0.54 0.000704429
0.36 0.6 0.000620908
0.36 0.66 0.000539764
0.42 -0.9 0.000156734
0.42 -0.84 0.000192584
0.42 -0.78 0.000233377
0.42 -0.72 0.000278932
0.42 -0.66 0.000328792
0.42 -0.6 0.000382237
0.42 -0.54 0.000438261
0.42 -0.48 0.000495587
0.42 -0.42 0.000552708
0.42 -0.36 0.000607951
0.42 -0.3 0.000659509
0.42 -0.24 0.000705619
0.42 -0.18 0.000744565
0.42 -0.12 0.000774863
0.42 -0.06 0.000795312
0.42 9.71445e-15 0.000805081
0.42 0.06 0.000803766
0.42 0.12 0.000791426
0.42 0.18 0.00076856
0.42 0.24 0.000736098
0.42 0.3 0.000695314
0.42 0.36 0.000647765
0.42 0.42 0.000595172
0.42 0.48 0.000539333
0.48 -0.6 0.000257955
0.48 -0.54 0.000295764
0.48 -0.48 0.000334451
0.48 -0.42 0.000373
0.48 -0.36 0.00041028
0.48 -0.3 0.000445074
0.48 -0.24 0.000476192
0.48 -0.18 0.000502474
0.48 -0.12 0.000522918
0.48 -0.06 0.000536719
0.48 9.71445e-15 0.00054331
0.48 0.06 0.000542424
0.48 0.12 0.000534101
0.48 0.18 0.000518671
0.48 0.24 0.000496758
