4479 0.06 0.06 1.30857 -12 -12
-1.8 -1.02 1.03497e-05
-1.8 -0.96 1.30764e-05
-1.8 -0.9 1.62945e-05
-1.8 -0.84 2.00254e-05
-1.8 -0.78 2.42725e-05
-1.8 -0.72 2.90159e-05
-1.8 -0.66 3.42091e-05
-1.8 -0.6 3.97777e-05
-1.8 -0.54 4.56168e-05
-1.8 -0.48 5.15945e-05
-1.8 -0.42 5.75529e-05
-1.8 -0.36 6.33169e-05
-1.8 -0.3 6.87012e-05
-1.8 -0.24 7.35184e-05
-1.8 -0.18 7.75923e-05
-1.8 -0.12 8.07653e-05
-1.8 -0.06 8.29136e-05
-1.8 9.71445e-15 8.39488e-05
-1.74 -1.26 5.69004e-06
-1.74 -1.2 7.59838e-06
-1.74 -1.14 1.00073e-05
-1.74 -1.08 1.29988e-05
-1.74 -1.02 1.66525e-05
-1.74 -0.96 2.10399e-05
-1.74 -0.9 2.62179e-05
-1.74 -0.84 3.2221e-05
-1.74 -0.78 3.90544e-05
-1.74 -0.72 4.6686e-05
-1.74 -0.66 5.50424e-05
-1.74 -0.6 6.40025e-05
-1.74 -0.54 7.3398e-05
-1.74 -0.48 8.30156e-05
-1.74 -0.42 9.26025e-05
-1.74 -0.36 0.000101878
-1.74 -0.3 0.000110539
-1.74 -0.24 0.00011829
-1.74 -0.18 0.000124844
-1.74 -0.12 0.000129952
-1.74 -0.06 0.000133408
-1.74 9.71445e-15 0.00013512
-1.74 0.06 0.000134938
-1.74 0.12 0.000132907
-1.74 0.18 0.000129109
-1.74 0.24 0.000123701
-1.68 -1.38 4.85747e-06
-1.68 -1.32 6.66875e-06
-1.68 -1.26 9.02945e-06
-1.68 -1.2 1.20578e-05
-1.68 -1.14 1.58806e-05
-1.68 -1.08 2.06277e-05
-1.68 -1.02 2.64257e-05
-1.68 -0.96 3.33878e-05
-1.68 -0.9 4.16046e-05
-1.68 -0.84 5.11308e-05
-1.68 -0.78 6.19743e-05
-1.68 -0.72 7.4086e-05
-1.68 -0.66 8.73462e-05
-1.68 -0.6 0.000101564
-1.68 -0.54 0.000116472
-1.68 -0.48 0.000131735
-1.68 -0.42 0.000146949
-1.68 -0.36 0.000161667
-1.68 -0.3 0.000175414
-1.68 -0.24 0.000187714
-1.68 -0.18 0.000198115
-1.68 -0.12 0.000206218
-1.68 -0.06 0.000211768
-1.68 9.71445e-15 0.000214428
-1.68 0.06 0.00021414
-1.68 0.12 0.000210917
-1.68 0.18 0.000204895
-1.68 0.24 0.000196315
-1.68 0.3 0.000185516
-1.68 0.36 0.000172911
-1.62 -1.44 5.46144e-06
-1.62 -1.38 7.60234e-06
-1.62 -1.32 1.0437e-05
-1.62 -1.26 1.41316e-05
-1.62 -1.2 1.88713e-05
-1.62 -1.14 2.48542e-05
-1.62 -1.08 3.2284e-05
-1.62 -1.02 4.13579e-05
-1.62 -0.96 5.22546e-05
-1.62 -0.9 6.51136e-05
-1.62 -0.84 8.00237e-05
-1.62 -0.78 9.69949e-05
-1.62 -0.72 0.000115949
-1.62 -0.66 0.000136702
-1.62 -0.6 0.000158955
-1.62 -0.54 0.00018229
-1.62 -0.48 0.000206175
-1.62 -0.42 0.000229985
-1.62 -0.36 0.000253019
-1.62 -0.3 0.000274536
-1.62 -0.24 0.000293783
-1.62 -0.18 0.000310062
-1.62 -0.12 0.000322832
-1.62 -0.06 0.000331441
-1.62 9.71445e-15 0.000335608
-1.62 0.06 0.000335163
-1.62 0.12 0.000330123
-1.62 0.18 0.000320699
-1.62 0.24 0.000307275
-1.62 0.3 0.000290382
-1.62 0.36 0.000270657
-1.62 0.42 0.000248825
-1.62 0.48 0.000225629
-1.62 0.54 0.000201806
-1.56 -1.5 5.97275e-06
-1.56 -1.44 8.43003e-06
-1.56 -1.38 1.17346e-05
-1.56 -1.32 1.611e-05
-1.56 -1.26 2.1813e-05
-1.56 -1.2 2.91289e-05
-1.56 -1.14 3.83636e-05
-1.56 -1.08 4.9832e-05
-1.56 -1.02 6.38386e-05
-1.56 -0.96 8.06575e-05
-1.56 -0.9 0.000100508
-1.56 -0.84 0.000123521
-1.56 -0.78 0.000149717
-1.56 -0.72 0.000178973
-1.56 -0.66 0.000211006
-1.56 -0.6 0.000245355
-1.56 -0.54 0.000281374
-1.56 -0.48 0.000318245
-1.56 -0.42 0.000373639
-1.56 -0.36 0.000413608
-1.56 -0.3 0.000451873
-1.56 -0.24 0.000487264
-1.56 -0.18 0.00051877
-1.56 -0.12 0.000545111
-1.56 -0.06 0.00056549
-1.56 9.71445e-15 0.000579195
-1.56 0.06 0.000585766
-1.56 0.12 0.000585014
-1.56 0.18 0.000577001
-1.56 0.24 0.000562098
-1.56 0.3 0.000540879
-1.56 0.36 0.000514129
-1.56 0.42 0.000482812
-1.56 0.48 0.000348357
-1.56 0.54 0.000311592
-1.56 0.6 0.000274921
-1.56 0.66 0.000239275
-1.5 -1.56 6.35367e-06
-1.5 -1.5 9.09259e-06
-1.5 -1.44 1.28333e-05
-1.5 -1.38 1.7864e-05
-1.5 -1.32 2.4525e-05
-1.5 -1.26 3.3207e-05
-1.5 -1.2 4.43443e-05
-1.5 -1.14 5.84027e-05
-1.5 -1.08 7.58609e-05
-1.5 -1.02 9.71842e-05
-1.5 -0.96 0.000122788
-1.5 -0.9 0.000153007
-1.5 -0.84 0.00018804
-1.5 -0.78 0.000227919
-1.5 -0.72 0.000272459
-1.5 -0.66 0.000332395
-1.5 -0.6 0.00038813
-1.5 -0.54 0.000447202
-1.5 -0.48 0.000508462
-1.5 -0.42 0.000570505
-1.5 -0.36 0.000631742
-1.5 -0.3 0.000690441
-1.5 -0.24 0.00074499
-1.5 -0.18 0.000793355
-1.5 -0.12 0.000834046
-1.5 -0.06 0.000865684
-1.5 9.71445e-15 0.000887171
-1.5 0.06 0.000897784
-1.5 0.12 0.000897224
-1.5 0.18 0.000885564
-1.5 0.24 0.000863328
-1.5 0.3 0.00083139
-1.5 0.36 0.000790935
-1.5 0.42 0.000743402
-1.5 0.48 0.000690364
-1.5 0.54 0.000633483
-1.5 0.6 0.00057442
-1.5 0.66 0.000514736
-1.5 0.72 0.000312946
-1.5 0.78 0.000265114
-1.44 -1.56 9.53946e-06
-1.44 -1.5 1.36517e-05
-1.44 -1.44 1.92682e-05
-1.44 -1.38 2.68213e-05
-1.44 -1.32 3.68223e-05
-1.44 -1.26 4.98573e-05
-1.44 -1.2 6.65792e-05
-1.44 -1.14 8.76868e-05
-1.44 -1.08 0.000113899
-1.44 -1.02 0.000145914
-1.44 -0.96 0.000184356
-1.44 -0.9 0.000229726
-1.44 -0.84 0.000289625
-1.44 -0.78 0.000352161
-1.44 -0.72 0.000422477
-1.44 -0.66 0.000500073
-1.44 -0.6 0.000584063
-1.44 -0.54 0.000673132
-1.44 -0.48 0.000765565
-1.44 -0.42 0.000859257
-1.44 -0.36 0.000951827
-1.44 -0.3 0.00104088
-1.44 -0.24 0.00112339
-1.44 -0.18 0.00119688
-1.44 -0.12 0.00125891
-1.44 -0.06 0.00130738
-1.44 9.71445e-15 0.00134063
-1.44 0.06 0.00135753
-1.44 0.12 0.0013576
-1.44 0.18 0.00134094
-1.44 0.24 0.00130827
-1.44 0.3 0.00126088
-1.44 0.36 0.00120055
-1.44 0.42 0.0011294
-1.44 0.48 0.00104979
-1.44 0.54 0.000964213
-1.44 0.6 0.000875166
-1.44 0.66 0.00078502
-1.44 0.72 0.000695928
-1.44 0.78 0.000609768
-1.44 0.84 0.000528079
-1.38 -1.62 9.73511e-06
-1.38 -1.56 1.41258e-05
-1.38 -1.5 2.02152e-05
-1.38 -1.44 2.85319e-05
-1.38 -1.38 3.97161e-05
-1.38 -1.32 5.45257e-05
-1.38 -1.26 7.38274e-05
-1.38 -1.2 9.85885e-05
-1.38 -1.14 0.000129844
-1.38 -1.08 0.000168659
-1.38 -1.02 0.000216066
-1.38 -0.96 0.000278892
-1.38 -0.9 0.000348456
-1.38 -0.84 0.000429526
-1.38 -0.78 0.00052236
-1.38 -0.72 0.000626792
-1.38 -0.66 0.000742085
-1.38 -0.6 0.000866931
-1.38 -0.54 0.000999418
-1.38 -0.48 0.001137
-1.38 -0.42 0.00127658
-1.38 -0.36 0.0014149
-1.38 -0.3 0.00154765
-1.38 -0.24 0.00167108
-1.38 -0.18 0.00178128
-1.38 -0.12 0.00187458
-1.38 -0.06 0.00194786
-1.38 9.71445e-15 0.00199862
-1.38 0.06 0.00202515
-1.38 0.12 0.00202669
-1.38 0.18 0.00200329
-1.38 0.24 0.00195605
-1.38 0.3 0.00188676
-1.38 0.36 0.00179804
-1.38 0.42 0.00169299
-1.38 0.48 0.00157513
-1.38 0.54 0.00144813
-1.38 0.6 0.00131569
-1.38 0.66 0.00118138
-1.38 0.72 0.00104838
-1.38 0.78 0.000919568
-1.38 0.84 0.000797247
-1.38 0.9 0.000683265
-1.38 0.96 0.00057889
-1.38 1.02 0.000404937
-1.32 -1.68 9.66354e-06
-1.32 -1.62 1.42174e-05
-1.32 -1.56 2.06298e-05
-1.32 -1.5 2.95228e-05
-1.32 -1.44 4.16686e-05
-1.32 -1.38 5.80026e-05
-1.32 -1.32 7.963e-05
-1.32 -1.26 0.00010782
-1.32 -1.2 0.00014398
-1.32 -1.14 0.000192669
-1.32 -1.08 0.000250766
-1.32 -1.02 0.00032197
-1.32 -0.96 0.000407822
-1.32 -0.9 0.000509629
-1.32 -0.84 0.000628302
-1.32 -0.78 0.000764251
-1.32 -0.72 0.000917225
-1.32 -0.66 0.00108621
-1.32 -0.6 0.00126929
-1.32 -0.54 0.0014637
-1.32 -0.48 0.00166573
-1.32 -0.42 0.00187117
-1.32 -0.36 0.00207442
-1.32 -0.3 0.00227002
-1.32 -0.24 0.00245221
-1.32 -0.18 0.00261522
-1.32 -0.12 0.00275374
-1.32 -0.06 0.00286308
-1.32 9.71445e-15 0.00293955
-1.32 0.06 0.00298062
-1.32 0.12 0.00298503
-1.32 0.18 0.00295284
-1.32 0.24 0.00288554
-1.32 0.3 0.00278567
-1.32 0.36 0.00265702
-1.32 0.42 0.00250408
-1.32 0.48 0.00233195
-1.32 0.54 0.00214604
-1.32 0.6 0.00195176
-1.32 0.66 0.00175429
-1.32 0.72 0.00155844
-1.32 0.78 0.00136842
-1.32 0.84 0.00118771
-1.32 0.9 0.00101905
-1.32 0.96 0.000864401
-1.32 1.02 0.00072495
-1.32 1.08 0.000515048
-1.32 1.14 0.000428966
-1.26 -1.68 1.39189e-05
-1.26 -1.62 2.0478e-05
-1.26 -1.56 2.97142e-05
-1.26 -1.5 4.25227e-05
-1.26 -1.44 6.00173e-05
-1.26 -1.38 8.35446e-05
-1.26 -1.32 0.000114695
-1.26 -1.26 0.000155297
-1.26 -1.2 0.000210517
-1.26 -1.14 0.000277781
-1.26 -1.08 0.000361582
-1.26 -1.02 0.000464312
-1.26 -0.96 0.000588212
-1.26 -0.9 0.000735155
-1.26 -0.84 0.000906519
-1.26 -0.78 0.0011029
-1.26 -0.72 0.00132396
-1.26 -0.66 0.00156826
-1.26 -0.6 0.00183311
-1.26 -0.54 0.00211452
-1.26 -0.48 0.00240751
-1.26 -0.42 0.00270512
-1.26 -0.36 0.00300015
-1.26 -0.3 0.00328456
-1.26 -0.24 0.00354988
-1.26 -0.18 0.00378784
-1.26 -0.12 0.00399072
-1.26 -0.06 0.00415175
-1.26 9.71445e-15 0.00426548
-1.26 0.06 0.00432813
-1.26 0.12 0.00433774
-1.26 0.18 0.00429435
-1.26 0.24 0.00419988
-1.26 0.3 0.00405812
-1.26 0.36 0.00387417
-1.26 0.42 0.00365459
-1.26 0.48 0.00340666
-1.26 0.54 0.00313814
-1.26 0.6 0.00285692
-1.26 0.66 0.00257054
-1.26 0.72 0.00228601
-1.26 0.78 0.00200945
-1.26 0.84 0.00174605
-1.26 0.9 0.00149983
-1.26 0.96 0.00127373
-1.26 1.02 0.00106958
-1.26 1.08 0.000888202
-1.26 1.14 0.000639125
-1.26 1.2 0.000526329
-1.26 1.26 0.000428402
-1.2 -1.74 1.32545e-05
-1.2 -1.68 1.97724e-05
-1.2 -1.62 2.90901e-05
-1.2 -1.56 4.22101e-05
-1.2 -1.5 6.04064e-05
-1.2 -1.44 8.52571e-05
-1.2 -1.38 0.000118679
-1.2 -1.32 0.000164989
-1.2 -1.26 0.000223748
-1.2 -1.2 0.00029932
-1.2 -1.14 0.000395002
-1.2 -1.08 0.000514228
-1.2 -1.02 0.000660425
-1.2 -0.96 0.000836779
-1.2 -0.9 0.00104602
-1.2 -0.84 0.00129008
-1.2 -0.78 0.00156989
-1.2 -0.72 0.00188501
-1.2 -0.66 0.00223343
-1.2 -0.6 0.00261137
-1.2 -0.54 0.00301355
-1.2 -0.48 0.00343198
-1.2 -0.42 0.00385776
-1.2 -0.36 0.00428034
-1.2 -0.3 0.00468825
-1.2 -0.24 0.00506956
-1.2 -0.18 0.00541238
-1.2 -0.12 0.00570568
-1.2 -0.06 0.00593965
-1.2 9.71445e-15 0.00610648
-1.2 0.06 0.00620059
-1.2 0.12 0.00621914
-1.2 0.18 0.00616194
-1.2 0.24 0.00603153
-1.2 0.3 0.00583298
-1.2 0.36 0.00557377
-1.2 0.42 0.00526282
-1.2 0.48 0.00491059
-1.2 0.54 0.00452808
-1.2 0.6 0.00412648
-1.2 0.66 0.00371678
-1.2 0.72 0.00330889
-1.2 0.78 0.0029118
-1.2 0.84 0.00253296
-1.2 0.9 0.00217833
-1.2 0.96 0.0018522
-1.2 1.02 0.00155732
-1.2 1.08 0.00129499
-1.2 1.14 0.00106521
-1.2 1.2 0.000774432
-1.2 1.26 0.000631069
-1.2 1.32 0.000508558
-1.14 -1.74 1.85699e-05
-1.14 -1.68 2.77017e-05
-1.14 -1.62 4.07556e-05
-1.14 -1.56 5.91377e-05
-1.14 -1.5 8.46297e-05
-1.14 -1.44 0.000120709
-1.14 -1.38 0.000168249
-1.14 -1.32 0.000231327
-1.14 -1.26 0.00031374
-1.14 -1.2 0.000419756
-1.14 -1.14 0.000554005
-1.14 -1.08 0.000721325
-1.14 -1.02 0.000926533
-1.14 -0.96 0.00117414
-1.14 -0.9 0.00146799
-1.14 -0.84 0.00181089
-1.14 -0.78 0.00220415
-1.14 -0.72 0.00264724
-1.14 -0.66 0.0031374
-1.14 -0.6 0.00366945
-1.14 -0.54 0.00423613
-1.14 -0.48 0.00482609
-1.14 -0.42 0.00542698
-1.14 -0.36 0.00602419
-1.14 -0.3 0.00660152
-1.14 -0.24 0.00714209
-1.14 -0.18 0.0076295
-1.14 -0.12 0.00804782
-1.14 -0.06 0.00838338
-1.14 9.71445e-15 0.00862488
-1.14 0.06 0.00876443
-1.14 0.12 0.00879757
-1.14 0.18 0.00872374
-1.14 0.24 0.00854655
-1.14 0.3 0.00827273
-1.14 0.36 0.00791233
-1.14 0.42 0.00747812
-1.14 0.48 0.00698451
-1.14 0.54 0.00644699
-1.14 0.6 0.00588136
-1.14 0.66 0.00530298
-1.14 0.72 0.00472615
-1.14 0.78 0.00416362
-1.14 0.84 0.00362606
-1.14 0.9 0.00312206
-1.14 0.96 0.00265793
-1.14 1.02 0.00223771
-1.14 1.08 0.00186335
-1.14 1.14 0.00153502
-1.14 1.2 0.00125133
-1.14 1.26 0.00100972
-1.14 1.32 0.000740319
-1.14 1.38 0.000591248
-1.14 1.44 0.000467515
-1.08 -1.8 1.69643e-05
-1.08 -1.74 2.56593e-05
-1.08 -1.68 3.82773e-05
-1.08 -1.62 5.63154e-05
-1.08 -1.56 8.17141e-05
-1.08 -1.5 0.000118102
-1.08 -1.44 0.000166896
-1.08 -1.38 0.000232648
-1.08 -1.32 0.000319898
-1.08 -1.26 0.000433915
-1.08 -1.2 0.000580601
-1.08 -1.14 0.00076638
-1.08 -1.08 0.000997968
-1.08 -1.02 0.00128209
-1.08 -0.96 0.001625
-1.08 -0.9 0.00203209
-1.08 -0.84 0.00250725
-1.08 -0.78 0.0030525
-1.08 -0.72 0.00366709
-1.08 -0.66 0.00434739
-1.08 -0.6 0.00508687
-1.08 -0.54 0.00587382
-1.08 -0.48 0.00669453
-1.08 -0.42 0.00753132
-1.08 -0.36 0.00836392
-1.08 -0.3 0.00917008
-1.08 -0.24 0.00992661
-1.08 -0.18 0.0106102
-1.08 -0.12 0.0111991
-1.08 -0.06 0.011674
-1.08 9.71445e-15 0.012019
-1.08 0.06 0.0122227
-1.08 0.12 0.0122788
-1.08 0.18 0.0121862
-1.08 0.24 0.0119491
-1.08 0.3 0.0115767
-1.08 0.36 0.011083
-1.08 0.42 0.0104851
-1.08 0.48 0.00980272
-1.08 0.54 0.00905755
-1.08 0.6 0.00827145
-1.08 0.66 0.00746608
-1.08 0.72 0.00666124
-1.08 0.78 0.00587499
-1.08 0.84 0.00512242
-1.08 0.9 0.00441581
-1.08 0.96 0.00376414
-1.08 1.02 0.00317328
-1.08 1.08 0.00264621
-1.08 1.14 0.0021833
-1.08 1.2 0.00178277
-1.08 1.26 0.00144119
-1.08 1.32 0.00115381
-1.08 1.38 0.000850952
-1.08 1.44 0.000674178
-1.08 1.5 0.000529197
-1.02 -1.8 2.31187e-05
-1.02 -1.74 3.49678e-05
-1.02 -1.68 5.21629e-05
-1.02 -1.62 7.67449e-05
-1.02 -1.56 0.0001124
-1.02 -1.5 0.000161042
-1.02 -1.44 0.000227595
-1.02 -1.38 0.000317288
-1.02 -1.32 0.000436322
-1.02 -1.26 0.000591894
-1.02 -1.2 0.000792076
-1.02 -1.14 0.00104566
-1.02 -1.08 0.00136185
-1.02 -1.02 0.00174984
-1.02 -0.96 0.00221828
-1.02 -0.9 0.00277455
-1.02 -0.84 0.00342414
-1.02 -0.78 0.00416981
-1.02 -0.72 0.00501073
-1.02 -0.66 0.00594276
-1.02 -0.6 0.00695529
-1.02 -0.54 0.00803431
-1.02 -0.48 0.0091605
-1.02 -0.42 0.0103102
-1.02 -0.36 0.0114556
-1.02 -0.3 0.0125664
-1.02 -0.24 0.0136108
-1.02 -0.18 0.0145569
-1.02 -0.12 0.015375
-1.02 -0.06 0.0160382
-1.02 9.71445e-15 0.0165246
-1.02 0.06 0.0168179
-1.02 0.12 0.0169089
-1.02 0.18 0.0167959
-1.02 0.24 0.0164839
-1.02 0.3 0.0159853
-1.02 0.36 0.0153182
-1.02 0.42 0.014506
-1.02 0.48 0.0135757
-1.02 0.54 0.0125567
-1.02 0.6 0.0114791
-1.02 0.66 0.0103725
-1.02 0.72 0.00926466
-1.02 0.78 0.00818036
-1.02 0.84 0.00714102
-1.02 0.9 0.00616353
-1.02 0.96 0.00526075
-1.02 1.02 0.0044411
-1.02 1.08 0.00370895
-1.02 1.14 0.00306506
-1.02 1.2 0.00250714
-1.02 1.26 0.00203062
-1.02 1.32 0.00162909
-1.02 1.38 0.00120894
-1.02 1.44 0.000959769
-1.02 1.5 0.000755075
-1.02 1.56 0.000588906
-1.02 1.62 0.000455486
-0.96 -1.8 3.10725e-05
-0.96 -1.74 4.69984e-05
-0.96 -1.68 7.01094e-05
-0.96 -1.62 0.000104056
-0.96 -1.56 0.000151156
-0.96 -1.5 0.000216584
-0.96 -1.44 0.000306118
-0.96 -1.38 0.00042679
-0.96 -1.32 0.000586964
-0.96 -1.26 0.000796333
-0.96 -1.2 0.00106579
-0.96 -1.14 0.00140721
-0.96 -1.08 0.00183302
-0.96 -1.02 0.00235564
-0.96 -0.96 0.00298683
-0.96 -0.9 0.00373664
-0.96 -0.84 0.00461258
-0.96 -0.78 0.0056185
-0.96 -0.72 0.00675355
-0.96 -0.66 0.00801242
-0.96 -0.6 0.0093809
-0.96 -0.54 0.0108405
-0.96 -0.48 0.0123654
-0.96 -0.42 0.0139237
-0.96 -0.36 0.0154784
-0.96 -0.3 0.0169885
-0.96 -0.24 0.0184113
-0.96 -0.18 0.0197037
-0.96 -0.12 0.0208253
-0.96 -0.06 0.0217391
-0.96 9.71445e-15 0.0224153
-0.96 0.06 0.0228316
-0.96 0.12 0.0229748
-0.96 0.18 0.0228412
-0.96 0.24 0.0224375
-0.96 0.3 0.0217793
-0.96 0.36 0.0208908
-0.96 0.42 0.0198027
-0.96 0.48 0.0185517
-0.96 0.54 0.0171772
-0.96 0.6 0.0157199
-0.96 0.66 0.01422
-0.96 0.72 0.0127154
-0.96 0.78 0.0112403
-0.96 0.84 0.00982398
-0.96 0.9 0.00848993
-0.96 0.96 0.00725607
-0.96 1.02 0.00613426
-0.96 1.08 0.00513085
-0.96 1.14 0.00424717
-0.96 1.2 0.00348042
-0.96 1.26 0.0028245
-0.96 1.32 0.0022709
-0.96 1.38 0.00180956
-0.96 1.44 0.00134893
-0.96 1.5 0.00106372
-0.96 1.56 0.000831706
-0.96 1.62 0.000644959
-0.96 1.68 0.000496112
-0.9 -1.86 2.6857e-05
-0.9 -1.8 4.11887e-05
-0.9 -1.74 6.27577e-05
-0.9 -1.68 9.37054e-05
-0.9 -1.62 0.000138006
-0.9 -1.56 0.000200488
-0.9 -1.5 0.000287291
-0.9 -1.44 0.000406087
-0.9 -1.38 0.000566221
-0.9 -1.32 0.000778802
-0.9 -1.26 0.00105673
-0.9 -1.2 0.00141448
-0.9 -1.14 0.00186787
-0.9 -1.08 0.00243348
-0.9 -1.02 0.00312789
-0.9 -0.96 0.00396679
-0.9 -0.9 0.00496374
-0.9 -0.84 0.00612885
-0.9 -0.78 0.00746751
-0.9 -0.72 0.00897976
-0.9 -0.66 0.0106562
-0.9 -0.6 0.0124809
-0.9 -0.54 0.0144287
-0.9 -0.48 0.0164657
-0.9 -0.42 0.0185497
-0.9 -0.36 0.0206318
-0.9 -0.3 0.0226576
-0.9 -0.24 0.0245702
-0.9 -0.18 0.0263123
-0.9 -0.12 0.0278295
-0.9 -0.06 0.0290724
-0.9 9.71445e-15 0.03
-0.9 0.06 0.0305826
-0.9 0.12 0.0308009
-0.9 0.18 0.0306492
-0.9 0.24 0.0301355
-0.9 0.3 0.0292795
-0.9 0.36 0.0281126
-0.9 0.42 0.0266753
-0.9 0.48 0.0250158
-0.9 0.54 0.0231868
-0.9 0.6 0.0212426
-0.9 0.66 0.019237
-0.9 0.72 0.0172211
-0.9 0.78 0.0152412
-0.9 0.84 0.0133371
-0.9 0.9 0.0115409
-0.9 0.96 0.00987725
-0.9 1.02 0.00836251
-0.9 1.08 0.0070057
-0.9 1.14 0.00580912
-0.9 1.2 0.00476944
-0.9 1.26 0.00387856
-0.9 1.32 0.00312539
-0.9 1.38 0.00249651
-0.9 1.44 0.00197758
-0.9 1.5 0.00147961
-0.9 1.56 0.00115984
-0.9 1.62 0.000901795
-0.9 1.68 0.000695541
-0.9 1.74 0.000532134
-0.84 -1.86 3.51114e-05
-0.84 -1.8 5.42206e-05
-0.84 -1.74 8.20827e-05
-0.84 -1.68 0.000122567
-0.84 -1.62 0.000180524
-0.84 -1.56 0.000262274
-0.84 -1.5 0.000375857
-0.84 -1.44 0.000531323
-0.84 -1.38 0.000740917
-0.84 -1.32 0.00101919
-0.84 -1.26 0.00138308
-0.84 -1.2 0.00185159
-0.84 -1.14 0.00244547
-0.84 -1.08 0.00318653
-0.84 -1.02 0.00409662
-0.84 -0.96 0.00519643
-0.84 -0.9 0.00650395
-0.84 -0.84 0.00803268
-0.84 -0.78 0.00979006
-0.84 -0.72 0.0117766
-0.84 -0.66 0.01398
-0.84 -0.6 0.0163803
-0.84 -0.54 0.0189448
-0.84 -0.48 0.0216294
-0.84 -0.42 0.0243792
-0.84 -0.36 0.0271306
-0.84 -0.3 0.0298121
-0.84 -0.24 0.032349
-0.84 -0.18 0.0346662
-0.84 -0.12 0.0366914
-0.84 -0.06 0.0383594
-0.84 9.71445e-15 0.0396154
-0.84 0.06 0.0404187
-0.84 0.12 0.040743
-0.84 0.18 0.0405794
-0.84 0.24 0.039937
-0.84 0.3 0.0388403
-0.84 0.36 0.0373293
-0.84 0.42 0.0354571
-0.84 0.48 0.033286
-0.84 0.54 0.0308851
-0.84 0.6 0.0283262
-0.84 0.66 0.0256804
-0.84 0.72 0.0230158
-0.84 0.78 0.0203943
-0.84 0.84 0.0178686
-0.84 0.9 0.0154826
-0.84 0.96 0.0132695
-0.84 1.02 0.0112516
-0.84 1.08 0.00944167
-0.84 1.14 0.00784322
-0.84 1.2 0.0064521
-0.84 1.26 0.0052582
-0.84 1.32 0.00424697
-0.84 1.38 0.00340095
-0.84 1.44 0.00270122
-0.84 1.5 0.00212857
-0.84 1.56 0.00159715
-0.84 1.62 0.00124513
-0.84 1.68 0.000962906
-0.84 1.74 0.0007386
-0.84 1.8 0.000561832
-0.78 -1.86 4.55672e-05
-0.78 -1.8 6.99398e-05
-0.78 -1.74 0.000105885
-0.78 -1.68 0.000158119
-0.78 -1.62 0.000232904
-0.78 -1.56 0.000338396
-0.78 -1.5 0.000484983
-0.78 -1.44 0.000685662
-0.78 -1.38 0.000956235
-0.78 -1.32 0.00131555
-0.78 -1.26 0.00178546
-0.78 -1.2 0.00239063
-0.78 -1.14 0.00315794
-0.78 -1.08 0.00411565
-0.78 -1.02 0.00529215
-0.78 -0.96 0.00671445
-0.78 -0.9 0.00840594
-0.78 -0.84 0.0103847
-0.78 -0.78 0.0126618
-0.78 -0.72 0.0152349
-0.78 -0.66 0.018092
-0.78 -0.6 0.0212069
-0.78 -0.54 0.024538
-0.78 -0.48 0.0280286
-0.78 -0.42 0.0316087
-0.78 -0.36 0.0351958
-0.78 -0.3 0.0386986
-0.78 -0.24 0.0420191
-0.78 -0.18 0.0450605
-0.78 -0.12 0.047728
-0.78 -0.06 0.049937
-0.78 9.71445e-15 0.0516148
-0.78 0.06 0.0527068
-0.78 0.12 0.0531772
-0.78 0.18 0.053013
-0.78 0.24 0.0522234
-0.78 0.3 0.0508397
-0.78 0.36 0.0489111
-0.78 0.42 0.0465059
-0.78 0.48 0.0437042
-0.78 0.54 0.0405952
-0.78 0.6 0.0372727
-0.78 0.66 0.0338295
-0.78 0.72 0.0303551
-0.78 0.78 0.0269302
-0.78 0.84 0.0236257
-0.78 0.9 0.0204989
-0.78 0.96 0.0175943
-0.78 1.02 0.0149424
-0.78 1.08 0.0125603
-0.78 1.14 0.0104533
-0.78 1.2 0.00861691
-0.78 1.26 0.00703807
-0.78 1.32 0.0056983
-0.78 1.38 0.00457491
-0.78 1.44 0.0036436
-0.78 1.5 0.00287936
-0.78 1.56 0.00225814
-0.78 1.62 0.00169762
-0.78 1.68 0.00131631
-0.78 1.74 0.00101228
-0.78 1.8 0.000771866
-0.78 1.86 0.000583362
-0.72 -1.86 5.79683e-05
-0.72 -1.8 8.89792e-05
-0.72 -1.74 0.000134716
-0.72 -1.68 0.000201184
-0.72 -1.62 0.000296361
-0.72 -1.56 0.000430629
-0.72 -1.5 0.000617234
-0.72 -1.44 0.000872708
-0.72 -1.38 0.00121723
-0.72 -1.32 0.00167484
-0.72 -1.26 0.00227341
-0.72 -1.2 0.0030444
-0.72 -1.14 0.00402225
-0.72 -1.08 0.00524307
-0.72 -1.02 0.00674329
-0.72 -0.96 0.00855762
-0.72 -0.9 0.0107164
-0.72 -0.84 0.0132428
-0.72 -0.78 0.016152
-0.72 -0.72 0.0194412
-0.72 -0.66 0.0230964
-0.72 -0.6 0.0270842
-0.72 -0.54 0.0313527
-0.72 -0.48 0.0358309
-0.72 -0.42 0.0404302
-0.72 -0.36 0.0450448
-0.72 -0.3 0.049559
-0.72 -0.24 0.0538481
-0.72 -0.18 0.057787
-0.72 -0.12 0.061255
-0.72 -0.06 0.0641414
-0.72 9.71445e-15 0.0663524
-0.72 0.06 0.0678153
-0.72 0.12 0.0684827
-0.72 0.18 0.0683364
-0.72 0.24 0.0673837
-0.72 0.3 0.0656633
-0.72 0.36 0.0632372
-0.72 0.42 0.0601897
-0.72 0.48 0.0566239
-0.72 0.54 0.0526532
-0.72 0.6 0.0483971
-0.72 0.66 0.0439767
-0.72 0.72 0.0395073
-0.72 0.78 0.0350933
-0.72 0.84 0.0308277
-0.72 0.9 0.0267854
-0.72 0.96 0.0230248
-0.72 1.02 0.0195865
-0.72 1.08 0.0164935
-0.72 1.14 0.0137536
-0.72 1.2 0.0113614
-0.72 1.26 0.00930123
-0.72 1.32 0.00754935
-0.72 1.38 0.00607725
-0.72 1.44 0.00485356
-0.72 1.5 0.00384659
-0.72 1.56 0.00302553
-0.72 1.62 0.00228555
-0.72 1.68 0.00177681
-0.72 1.74 0.00136983
-0.72 1.8 0.00104697
-0.72 1.86 0.000792973
-0.72 1.92 0.000594915
-0.66 -1.92 4.67354e-05
-0.66 -1.86 7.27326e-05
-0.66 -1.8 0.000111647
-0.66 -1.74 0.000169048
-0.66 -1.68 0.000252474
-0.66 -1.62 0.000371941
-0.66 -1.56 0.000540491
-0.66 -1.5 0.000774777
-0.66 -1.44 0.00109557
-0.66 -1.38 0.00152826
-0.66 -1.32 0.00210306
-0.66 -1.26 0.00285511
-0.66 -1.2 0.00382404
-0.66 -1.14 0.00505317
-0.66 -1.08 0.0065882
-0.66 -1.02 0.00847533
-0.66 -0.96 0.0107583
-0.66 -0.9 0.013476
-0.66 -0.84 0.0166596
-0.66 -0.78 0.0203244
-0.66 -0.72 0.0244724
-0.66 -0.66 0.0290852
-0.66 -0.6 0.0341224
-0.66 -0.54 0.0395194
-0.66 -0.48 0.0451883
-0.66 -0.42 0.0510171
-0.66 -0.36 0.0568748
-0.66 -0.3 0.0626152
-0.66 -0.24 0.0680825
-0.66 -0.18 0.0731171
-0.66 -0.12 0.0775656
-0.66 -0.06 0.0812876
-0.66 9.71445e-15 0.084162
-0.66 0.06 0.0860943
-0.66 0.12 0.0870227
-0.66 0.18 0.0869194
-0.66 0.24 0.0857919
-0.66 0.3 0.0836847
-0.66 0.36 0.0806755
-0.66 0.42 0.0768688
-0.66 0.48 0.0723919
-0.66 0.54 0.067389
-0.66 0.6 0.062012
-0.66 0.66 0.0564139
-0.66 0.72 0.050742
-0.66 0.78 0.0451307
-0.66 0.84 0.0396981
-0.66 0.9 0.0345431
-0.66 0.96 0.0297401
-0.66 1.02 0.025342
-0.66 1.08 0.0213795
-0.66 1.14 0.0178642
-0.66 1.2 0.0147898
-0.66 1.26 0.0121369
-0.66 1.32 0.00987634
-0.66 1.38 0.00797212
-0.66 1.44 0.00638496
-0.66 1.5 0.00507492
-0.66 1.56 0.00400332
-0.66 1.62 0.00313402
-0.66 1.68 0.00236825
-0.66 1.74 0.00183024
-0.66 1.8 0.00140202
-0.66 1.86 0.00106407
-0.66 1.92 0.000799767
-0.66 1.98 0.000595008
-0.6 -1.92 5.78314e-05
-0.6 -1.86 9.0006e-05
-0.6 -1.8 0.000138171
-0.6 -1.74 0.00020922
-0.6 -1.68 0.000312489
-0.6 -1.62 0.00046039
-0.6 -1.56 0.000669092
-0.6 -1.5 0.000959208
-0.6 -1.44 0.00135653
-0.6 -1.38 0.0018925
-0.6 -1.32 0.00260467
-0.6 -1.26 0.00353662
-0.6 -1.2 0.00473761
-0.6 -1.14 0.00626165
-0.6 -1.08 0.00816561
-0.6 -1.02 0.0105069
-0.6 -0.96 0.0133407
-0.6 -0.9 0.0167156
-0.6 -0.84 0.0206716
-0.6 -0.78 0.0252277
-0.6 -0.72 0.0303882
-0.6 -0.66 0.0361316
-0.6 -0.6 0.0424088
-0.6 -0.54 0.0491414
-0.6 -0.48 0.0562206
-0.6 -0.42 0.0635102
-0.6 -0.36 0.0708476
-0.6 -0.3 0.0780511
-0.6 -0.24 0.0849264
-0.6 -0.18 0.0912761
-0.6 -0.12 0.0969077
-0.6 -0.06 0.101643
-0.6 9.71445e-15 0.105329
-0.6 0.06 0.107847
-0.6 0.12 0.109112
-0.6 0.18 0.109088
-0.6 0.24 0.10778
-0.6 0.3 0.10524
-0.6 0.36 0.101561
-0.6 0.42 0.0968705
-0.6 0.48 0.0913277
-0.6 0.54 0.0851107
-0.6 0.6 0.0784098
-0.6 0.66 0.0714155
-0.6 0.72 0.0643148
-0.6 0.78 0.057277
-0.6 0.84 0.0504535
-0.6 0.9 0.0439673
-0.6 0.96 0.0379152
-0.6 1.02 0.0323653
-0.6 1.08 0.0273578
-0.6 1.14 0.0229077
-0.6 1.2 0.019009
-0.6 1.26 0.0156379
-0.6 1.32 0.0127589
-0.6 1.38 0.0103274
-0.6 1.44 0.00829516
-0.6 1.5 0.00661252
-0.6 1.56 0.00523137
-0.6 1.62 0.00410696
-0.6 1.68 0.00319876
-0.6 1.74 0.00241434
-0.6 1.8 0.00185344
-0.6 1.86 0.00140946
-0.6 1.92 0.0010612
-0.6 1.98 0.000790696
-0.54 -1.92 7.05797e-05
-0.54 -1.86 0.000109853
-0.54 -1.8 0.000168647
-0.54 -1.74 0.000255384
-0.54 -1.68 0.000381474
-0.54 -1.62 0.000562073
-0.54 -1.56 0.000816931
-0.54 -1.5 0.00117129
-0.54 -1.44 0.00165665
-0.54 -1.38 0.0023115
-0.54 -1.32 0.00318183
-0.54 -1.26 0.00432097
-0.54 -1.2 0.00578944
-0.54 -1.14 0.00765335
-0.54 -1.08 0.00998263
-0.54 -1.02 0.0128483
-0.54 -0.96 0.016318
-0.54 -0.9 0.0204542
-0.54 -0.84 0.0253013
-0.54 -0.78 0.0308893
-0.54 -0.72 0.0372233
-0.54 -0.66 0.0442779
-0.54 -0.6 0.0519953
-0.54 -0.54 0.0602813
-0.54 -0.48 0.0690053
-0.54 -0.42 0.0779997
-0.54 -0.36 0.0870681
-0.54 -0.3 0.095988
-0.54 -0.24 0.104521
-0.54 -0.18 0.112425
-0.54 -0.12 0.119458
-0.54 -0.06 0.125403
-0.54 9.71445e-15 0.130068
-0.54 0.06 0.133299
-0.54 0.12 0.134993
-0.54 0.18 0.135095
-0.54 0.24 0.133609
-0.54 0.3 0.130594
-0.54 0.36 0.12616
-0.54 0.42 0.120463
-0.54 0.48 0.113694
-0.54 0.54 0.106073
-0.54 0.6 0.0978343
-0.54 0.66 0.0892161
-0.54 0.72 0.0804471
-0.54 0.78 0.0717408
-0.54 0.84 0.0632844
-0.54 0.9 0.0552349
-0.54 0.96 0.0477125
-0.54 1.02 0.0408037
-0.54 1.08 0.03456
-0.54 1.14 0.0290017
-0.54 1.2 0.0241231
-0.54 1.26 0.019896
-0.54 1.32 0.016277
-0.54 1.38 0.0132123
-0.54 1.44 0.0106432
-0.54 1.5 0.00850893
-0.54 1.56 0.00675108
-0.54 1.62 0.00531475
-0.54 1.68 0.00415033
-0.54 1.74 0.00314431
-0.54 1.8 0.00241882
-0.54 1.86 0.00184281
-0.54 1.92 0.00138974
-0.54 1.98 0.00103697
-0.54 2.04 0.000765217
-0.48 -1.92 8.49568e-05
-0.48 -1.86 0.000132237
-0.48 -1.8 0.000203025
-0.48 -1.74 0.000307466
-0.48 -1.68 0.0004593
-0.48 -1.62 0.00067681
-0.48 -1.56 0.000983799
-0.48 -1.5 0.00141067
-0.48 -1.44 0.00199548
-0.48 -1.38 0.00278468
-0.48 -1.32 0.00383372
-0.48 -1.26 0.00520719
-0.48 -1.2 0.00697816
-0.48 -1.14 0.00922676
-0.48 -1.08 0.0120378
-0.48 -1.02 0.0154973
-0.48 -0.96 0.0196884
-0.48 -0.9 0.0246868
-0.48 -0.84 0.0305478
-0.48 -0.78 0.0373093
-0.48 -0.72 0.0449785
-0.48 -0.66 0.0535277
-0.48 -0.6 0.0628896
-0.48 -0.54 0.0729517
-0.48 -0.48 0.0835572
-0.48 -0.42 0.0945092
-0.48 -0.36 0.105567
-0.48 -0.3 0.116467
-0.48 -0.24 0.126917
-0.48 -0.18 0.136622
-0.48 -0.12 0.145292
-0.48 -0.06 0.152657
-0.48 9.71445e-15 0.15848
-0.48 0.06 0.162571
-0.48 0.12 0.164794
-0.48 0.18 0.165084
-0.48 0.24 0.163432
-0.48 0.3 0.159911
-0.48 0.36 0.154645
-0.48 0.42 0.14782
-0.48 0.48 0.139668
-0.48 0.54 0.130454
-0.48 0.6 0.120464
-0.48 0.66 0.109986
-0.48 0.72 0.099306
-0.48 0.78 0.0886805
-0.48 0.84 0.078345
-0.48 0.9 0.0684896
-0.48 0.96 0.0592659
-0.48 1.02 0.0507813
-0.48 1.08 0.0431011
-0.48 1.14 0.0362517
-0.48 1.2 0.0302278
-0.48 1.26 0.0249963
-0.48 1.32 0.0205064
-0.48 1.38 0.0166932
-0.48 1.44 0.0134863
-0.48 1.5 0.0108133
-0.48 1.56 0.00860374
-0.48 1.62 0.0067916
-0.48 1.68 0.00531707
-0.48 1.74 0.00412666
-0.48 1.8 0.00311602
-0.48 1.86 0.00237815
-0.48 1.92 0.00179621
-0.48 1.98 0.00134203
-0.48 2.04 0.000991449
-0.48 2.1 0.000723956
-0.42 -1.92 0.00010086
-0.42 -1.86 0.000156999
-0.42 -1.8 0.000241059
-0.42 -1.74 0.000365093
-0.42 -1.68 0.000545433
-0.42 -1.62 0.000803797
-0.42 -1.56 0.00116852
-0.42 -1.5 0.00167574
-0.42 -1.44 0.00237074
-0.42 -1.38 0.00330883
-0.42 -1.32 0.00455603
-0.42 -1.26 0.00618943
-0.42 -1.2 0.00829613
-0.42 -1.14 0.0109719
-0.42 -1.08 0.0143183
-0.42 -1.02 0.0184383
-0.42 -0.96 0.0234317
-0.42 -0.9 0.029391
-0.42 -0.84 0.036382
-0.42 -0.78 0.0444529
-0.42 -0.72 0.053614
-0.42 -0.66 0.0638358
-0.42 -0.6 0.07504
-0.42 -0.54 0.0870958
-0.42 -0.48 0.099819
-0.42 -0.42 0.112975
-0.42 -0.36 0.126283
-0.42 -0.3 0.139424
-0.42 -0.24 0.152052
-0.42 -0.18 0.163815
-0.42 -0.12 0.174361
-0.42 -0.06 0.183363
-0.42 9.71445e-15 0.190531
-0.42 0.06 0.195637
-0.42 0.12 0.198507
-0.42 0.18 0.199054
-0.42 0.24 0.197266
-0.42 0.3 0.193216
-0.42 0.36 0.187051
-0.42 0.42 0.178991
-0.42 0.48 0.169308
-0.42 0.54 0.158323
-0.42 0.6 0.146375
-0.42 0.66 0.133812
-0.42 0.72 0.120979
-0.42 0.78 0.10819
-0.42 0.84 0.095727
-0.42 0.9 0.083825
-0.42 0.96 0.0726686
-0.42 1.02 0.0623899
-0.42 1.08 0.0530691
-0.42 1.14 0.0447417
-0.42 1.2 0.0374019
-0.42 1.26 0.031012
-0.42 1.32 0.0255132
-0.42 1.38 0.0208292
-0.42 1.44 0.0168768
-0.42 1.5 0.0135708
-0.42 1.56 0.0108278
-0.42 1.62 0.0085698
-0.42 1.68 0.00672561
-0.42 1.74 0.00523149
-0.42 1.8 0.00396231
-0.42 1.86 0.00302902
-0.42 1.92 0.00229111
-0.42 1.98 0.0017139
-0.42 2.04 0.0012675
-0.42 2.1 0.000926338
-0.36 -1.92 0.000118097
-0.36 -1.86 0.000183842
-0.36 -1.8 0.000282294
-0.36 -1.74 0.000427578
-0.36 -1.68 0.000638841
-0.36 -1.62 0.000941544
-0.36 -1.56 0.00136891
-0.36 -1.5 0.00196337
-0.36 -1.44 0.00277804
-0.36 -1.38 0.00387789
-0.36 -1.32 0.00534053
-0.36 -1.26 0.00725661
-0.36 -1.2 0.00972861
-0.36 -1.14 0.0128694
-0.36 -1.08 0.0167989
-0.36 -1.02 0.0216391
-0.36 -0.96 0.0275109
-0.36 -0.9 0.0345166
-0.36 -0.84 0.0427434
-0.36 -0.78 0.0522475
-0.36 -0.72 0.0630442
-0.36 -0.66 0.0751018
-0.36 -0.6 0.0883314
-0.36 -0.54 0.102583
-0.36 -0.48 0.117644
-0.36 -0.42 0.133238
-0.36 -0.36 0.149041
-0.36 -0.3 0.164674
-0.36 -0.24 0.179734
-0.36 -0.18 0.193801
-0.36 -0.12 0.206458
-0.36 -0.06 0.217315
-0.36 9.71445e-15 0.226024
-0.36 0.06 0.232303
-0.36 0.12 0.235946
-0.36 0.18 0.236833
-0.36 0.24 0.23495
-0.36 0.3 0.230368
-0.36 0.36 0.223256
-0.36 0.42 0.213871
-0.36 0.48 0.202532
-0.36 0.54 0.189613
-0.36 0.6 0.175518
-0.36 0.66 0.160662
-0.36 0.72 0.145452
-0.36 0.78 0.13027
-0.36 0.84 0.115447
-0.36 0.9 0.101269
-0.36 0.96 0.0879585
-0.36 1.02 0.0756741
-0.36 1.08 0.0645147
-0.36 1.14 0.0545242
-0.36 1.2 0.0456986
-0.36 1.26 0.0379962
-0.36 1.32 0.031348
-0.36 1.38 0.0256675
-0.36 1.44 0.0208576
-0.36 1.5 0.0168194
-0.36 1.56 0.0134563
-0.36 1.62 0.0106773
-0.36 1.68 0.0083993
-0.36 1.74 0.0065472
-0.36 1.8 0.00505468
-0.36 1.86 0.0038076
-0.36 1.92 0.0028839
-0.36 1.98 0.00215982
-0.36 2.04 0.00159883
-0.36 2.1 0.00116943
-0.36 2.16 0.000844898
-0.3 -1.98 8.6411e-05
-0.3 -1.92 0.000136383
-0.3 -1.86 0.000212323
-0.3 -1.8 0.000326049
-0.3 -1.74 0.000493895
-0.3 -1.68 0.000737994
-0.3 -1.62 0.00108779
-0.3 -1.56 0.00158173
-0.3 -1.5 0.0022689
-0.3 -1.44 0.00321083
-0.3 -1.38 0.00448273
-0.3 -1.32 0.00617467
-0.3 -1.26 0.00839167
-0.3 -1.2 0.0112529
-0.3 -1.14 0.0148894
-0.3 -1.08 0.0194411
-0.3 -1.02 0.0250503
-0.3 -0.96 0.0318587
-0.3 -0.9 0.0399863
-0.3 -0.84 0.0495371
-0.3 -0.78 0.0605784
-0.3 -0.72 0.0731324
-0.3 -0.66 0.0871646
-0.3 -0.6 0.102577
-0.3 -0.54 0.1192
-0.3 -0.48 0.13679
-0.3 -0.42 0.15503
-0.3 -0.36 0.173545
-0.3 -0.3 0.191899
-0.3 -0.24 0.209622
-0.3 -0.18 0.226222
-0.3 -0.12 0.241211
-0.3 -0.06 0.254131
-0.3 9.71445e-15 0.264567
-0.3 0.06 0.27218
-0.3 0.12 0.276727
-0.3 0.18 0.27805
-0.3 0.24 0.276127
-0.3 0.3 0.27103
-0.3 0.36 0.262948
-0.3 0.42 0.252176
-0.3 0.48 0.239081
-0.3 0.54 0.224096
-0.3 0.6 0.207697
-0.3 0.66 0.190371
-0.3 0.72 0.172592
-0.3 0.78 0.154814
-0.3 0.84 0.137426
-0.3 0.9 0.120768
-0.3 0.96 0.105102
-0.3 1.02 0.0906194
-0.3 1.08 0.0774376
-0.3 1.14 0.0656106
-0.3 1.2 0.0551379
-0.3 1.26 0.0459736
-0.3 1.32 0.0380391
-0.3 1.38 0.0312368
-0.3 1.44 0.0254565
-0.3 1.5 0.0205854
-0.3 1.56 0.0165128
-0.3 1.62 0.0131349
-0.3 1.68 0.0103557
-0.3 1.74 0.0080886
-0.3 1.8 0.00625578
-0.3 1.86 0.00472362
-0.3 1.92 0.00358211
-0.3 1.98 0.00268559
-0.3 2.04 0.00198981
-0.3 2.1 0.0014565
-0.3 2.16 0.00105295
-0.3 2.22 0.00075163
-0.24 -1.98 9.84163e-05
-0.24 -1.92 0.00015534
-0.24 -1.86 0.000241854
-0.24 -1.8 0.000371427
-0.24 -1.74 0.000562678
-0.24 -1.68 0.000840856
-0.24 -1.62 0.00123955
-0.24 -1.56 0.00180262
-0.24 -1.5 0.00258612
-0.24 -1.44 0.00366032
-0.24 -1.38 0.00511113
-0.24 -1.32 0.00704162
-0.24 -1.26 0.00957185
-0.24 -1.2 0.0128385
-0.24 -1.14 0.0169921
-0.24 -1.08 0.022193
-0.24 -1.02 0.0286051
-0.24 -0.96 0.036393
-0.24 -0.9 0.0456949
-0.24 -0.84 0.0566337
-0.24 -0.78 0.0692884
-0.24 -0.72 0.0836897
-0.24 -0.66 0.099802
-0.24 -0.6 0.117518
-0.24 -0.54 0.136648
-0.24 -0.48 0.156918
-0.24 -0.42 0.17797
-0.24 -0.36 0.199378
-0.24 -0.3 0.220641
-0.24 -0.24 0.241218
-0.24 -0.18 0.26055
-0.24 -0.12 0.278066
-0.24 -0.06 0.293233
-0.24 9.71445e-15 0.305569
-0.24 0.06 0.314677
-0.24 0.12 0.320253
-0.24 0.18 0.322117
-0.24 0.24 0.320226
-0.24 0.3 0.31465
-0.24 0.36 0.305604
-0.24 0.42 0.293413
-0.24 0.48 0.2785
-0.24 0.54 0.261366
-0.24 0.6 0.242552
-0.24 0.66 0.222619
-0.24 0.72 0.202127
-0.24 0.78 0.181591
-0.24 0.84 0.161475
-0.24 0.9 0.14217
-0.24 0.96 0.123983
-0.24 1.02 0.107139
-0.24 1.08 0.0917761
-0.24 1.14 0.077962
-0.24 1.2 0.0656981
-0.24 1.26 0.0549339
-0.24 1.32 0.0455859
-0.24 1.38 0.0375428
-0.24 1.44 0.0306825
-0.24 1.5 0.024879
-0.24 1.56 0.0200083
-0.24 1.62 0.015953
-0.24 1.68 0.0126046
-0.24 1.74 0.00986389
-0.24 1.8 0.0076416
-0.24 1.86 0.00585768
-0.24 1.92 0.0043905
-0.24 1.98 0.00329487
-0.24 2.04 0.00244323
-0.24 2.1 0.00178962
-0.24 2.16 0.00129452
-0.24 2.22 0.000924504
-0.18 -1.98 0.000110551
-0.18 -1.92 0.000174507
-0.18 -1.86 0.000271714
-0.18 -1.8 0.000417324
-0.18 -1.74 0.000632266
-0.18 -1.68 0.000944938
-0.18 -1.62 0.00139315
-0.18 -1.56 0.00202627
-0.18 -1.5 0.00290738
-0.18 -1.44 0.00411569
-0.18 -1.38 0.00574809
-0.18 -1.32 0.00792074
-0.18 -1.26 0.0107693
-0.18 -1.2 0.0144481
-0.18 -1.14 0.0191277
-0.18 -1.08 0.0249899
-0.18 -1.02 0.0322207
-0.18 -0.96 0.0410089
-0.18 -0.9 0.0515116
-0.18 -0.84 0.063871
-0.18 -0.78 0.0781812
-0.18 -0.72 0.0944801
-0.18 -0.66 0.112734
-0.18 -0.6 0.132826
-0.18 -0.54 0.154549
-0.18 -0.48 0.177597
-0.18 -0.42 0.201574
-0.18 -0.36 0.225996
-0.18 -0.3 0.250303
-0.18 -0.24 0.273882
-0.18 -0.18 0.296092
-0.18 -0.12 0.316291
-0.18 -0.06 0.33386
-0.18 9.71445e-15 0.348245
-0.18 0.06 0.358982
-0.18 0.12 0.365717
-0.18 0.18 0.36823
-0.18 0.24 0.366453
-0.18 0.3 0.360464
-0.18 0.36 0.35049
-0.18 0.42 0.336893
-0.18 0.48 0.320152
-0.18 0.54 0.300827
-0.18 0.6 0.279538
-0.18 0.66 0.256929
-0.18 0.72 0.233631
-0.18 0.78 0.210241
-0.18 0.84 0.187289
-0.18 0.9 0.165221
-0.18 0.96 0.144394
-0.18 1.02 0.125067
-0.18 1.08 0.107403
-0.18 1.14 0.0914806
-0.18 1.2 0.0773051
-0.18 1.26 0.0648264
-0.18 1.32 0.0539515
-0.18 1.38 0.0445603
-0.18 1.44 0.0365201
-0.18 1.5 0.0296912
-0.18 1.56 0.0239376
-0.18 1.62 0.0191291
-0.18 1.68 0.0151447
-0.18 1.74 0.0118731
-0.18 1.8 0.00921257
-0.18 1.86 0.00707145
-0.18 1.92 0.00530978
-0.18 1.98 0.00398842
-0.18 2.04 0.00295975
-0.18 2.1 0.00216933
-0.18 2.16 0.00157
-0.18 2.22 0.00112172
-0.18 2.28 0.000791056
-0.12 -1.98 0.000122481
-0.12 -1.92 0.00019335
-0.12 -1.86 0.000301077
-0.12 -1.8 0.00046246
-0.12 -1.74 0.000700723
-0.12 -1.68 0.00104737
-0.12 -1.62 0.00154437
-0.12 -1.56 0.0022465
-0.12 -1.5 0.0032239
-0.12 -1.44 0.00456449
-0.12 -1.38 0.00637619
-0.12 -1.32 0.00878809
-0.12 -1.26 0.0119515
-0.12 -1.2 0.0160384
-0.12 -1.14 0.0212391
-0.12 -1.08 0.027757
-0.12 -1.02 0.0358012
-0.12 -0.96 0.0455844
-0.12 -0.9 0.0572828
-0.12 -0.84 0.0710593
-0.12 -0.78 0.0870246
-0.12 -0.72 0.105224
-0.12 -0.66 0.125628
-0.12 -0.6 0.148112
-0.12 -0.54 0.17245
-0.12 -0.48 0.19831
-0.12 -0.42 0.225255
-0.12 -0.36 0.252745
-0.12 -0.3 0.280166
-0.12 -0.24 0.306827
-0.12 -0.18 0.33201
-0.12 -0.12 0.354989
-0.12 -0.06 0.375071
-0.12 9.71445e-15 0.391622
-0.12 0.06 0.404102
-0.12 0.12 0.412101
-0.12 0.18 0.415371
-0.12 0.24 0.413803
-0.12 0.3 0.407488
-0.12 0.36 0.396657
-0.12 0.42 0.381715
-0.12 0.48 0.363185
-0.12 0.54 0.341698
-0.12 0.6 0.317946
-0.12 0.66 0.292654
-0.12 0.72 0.266538
-0.12 0.78 0.240263
-0.12 0.84 0.214433
-0.12 0.9 0.189554
-0.12 0.96 0.166031
-0.12 1.02 0.144155
-0.12 1.08 0.124115
-0.12 1.14 0.106004
-0.12 1.2 0.0898327
-0.12 1.26 0.0755506
-0.12 1.32 0.0630591
-0.12 1.38 0.0522317
-0.12 1.44 0.0429243
-0.12 1.5 0.0349879
-0.12 1.56 0.028275
-0.12 1.62 0.0226442
-0.12 1.68 0.0179622
-0.12 1.74 0.0141056
-0.12 1.8 0.010961
-0.12 1.86 0.00842396
-0.12 1.92 0.00633621
-0.12 1.98 0.00476331
-0.12 2.04 0.00353727
-0.12 2.1 0.00259408
-0.12 2.16 0.0018783
-0.12 2.22 0.00134253
-0.12 2.28 0.000947073
-0.06 -1.98 0.000133837
-0.06 -1.92 0.000211293
-0.06 -1.86 0.000329044
-0.06 -1.8 0.000505467
-0.06 -1.74 0.000765964
-0.06 -1.68 0.00114502
-0.06 -1.62 0.00168856
-0.06 -1.56 0.00245661
-0.06 -1.5 0.00352603
-0.06 -1.44 0.00499317
-0.06 -1.38 0.00697628
-0.06 -1.32 0.00961748
-0.06 -1.26 0.0130827
-0.06 -1.2 0.0175611
-0.06 -1.14 0.0232626
-0.06 -1.08 0.0304118
-0.06 -1.02 0.0392458
-0.06 -0.96 0.049983
-0.06 -0.9 0.0628394
-0.06 -0.84 0.0779897
-0.06 -0.78 0.0955605
-0.06 -0.72 0.115612
-0.06 -0.66 0.138114
-0.06 -0.6 0.162938
-0.06 -0.54 0.189845
-0.06 -0.48 0.218475
-0.06 -0.42 0.248353
-0.06 -0.36 0.278895
-0.06 -0.3 0.309412
-0.06 -0.24 0.339161
-0.06 -0.18 0.367338
-0.06 -0.12 0.393137
-0.06 -0.06 0.415779
-0.06 9.71445e-15 0.434553
-0.06 0.06 0.448856
-0.06 0.12 0.458222
-0.06 0.18 0.462343
-0.06 0.24 0.461101
-0.06 0.3 0.454556
-0.06 0.36 0.442981
-0.06 0.42 0.426796
-0.06 0.48 0.40658
-0.06 0.54 0.383027
-0.06 0.6 0.356904
-0.06 0.66 0.329007
-0.06 0.72 0.300135
-0.06 0.78 0.271032
-0.06 0.84 0.242364
-0.06 0.9 0.214703
-0.06 0.96 0.188494
-0.06 1.02 0.164066
-0.06 1.08 0.141633
-0.06 1.14 0.121303
-0.06 1.2 0.103094
-0.06 1.26 0.0869552
-0.06 1.32 0.0727883
-0.06 1.38 0.0604597
-0.06 1.44 0.0498185
-0.06 1.5 0.0407086
-0.06 1.56 0.0329732
-0.06 1.62 0.0264608
-0.06 1.68 0.0210279
-0.06 1.74 0.0165394
-0.06 1.8 0.0128697
-0.06 1.86 0.00990264
-0.06 1.92 0.00753168
-0.06 1.98 0.00561245
-0.06 2.04 0.00417047
-0.06 2.1 0.00306009
-0.06 2.16 0.00221667
-0.06 2.22 0.00158494
-0.06 2.28 0.00111841
-0.06 2.34 0.000778776
9.71445e-15 -1.98 0.00014424
9.71445e-15 -1.92 0.000227734
9.71445e-15 -1.86 0.000354681
9.71445e-15 -1.8 0.0005449
9.71445e-15 -1.74 0.000825812
9.71445e-15 -1.68 0.00123463
9.71445e-15 -1.62 0.00182099
9.71445e-15 -1.56 0.00264968
9.71445e-15 -1.5 0.00380375
9.71445e-15 -1.44 0.00538753
9.71445e-15 -1.38 0.00752895
9.71445e-15 -1.32 0.0103817
9.71445e-15 -1.26 0.0141259
9.71445e-15 -1.2 0.0189671
9.71445e-15 -1.14 0.0251333
9.71445e-15 -1.08 0.0328687
9.71445e-15 -1.02 0.0424328
9.71445e-15 -0.96 0.054066
9.71445e-15 -0.9 0.0680021
9.71445e-15 -0.84 0.0844407
9.71445e-15 -0.78 0.103522
9.71445e-15 -0.72 0.125317
9.71445e-15 -0.66 0.149801
9.71445e-15 -0.6 0.176846
9.71445e-15 -0.54 0.206198
9.71445e-15 -0.48 0.237472
9.71445e-15 -0.42 0.270166
9.71445e-15 -0.36 0.30364
9.71445e-15 -0.3 0.337167
9.71445e-15 -0.24 0.369915
9.71445e-15 -0.18 0.401021
9.71445e-15 -0.12 0.429596
9.71445e-15 -0.06 0.454787
9.71445e-15 9.71445e-15 0.475805
9.71445e-15 0.06 0.491975
9.71445e-15 0.12 0.502759
9.71445e-15 0.18 0.507822
9.71445e-15 0.24 0.507002
9.71445e-15 0.3 0.500375
9.71445e-15 0.36 0.488196
9.71445e-15 0.42 0.470926
9.71445e-15 0.48 0.449188
9.71445e-15 0.54 0.423735
9.71445e-15 0.6 0.395404
9.71445e-15 0.66 0.365064
9.71445e-15 0.72 0.333597
9.71445e-15 0.78 0.301804
9.71445e-15 0.84 0.270435
9.71445e-15 0.9 0.240098
9.71445e-15 0.96 0.211294
9.71445e-15 1.02 0.184385
9.71445e-15 1.08 0.159607
9.71445e-15 1.14 0.137083
9.71445e-15 1.2 0.116844
9.71445e-15 1.26 0.0988392
9.71445e-15 1.32 0.082973
9.71445e-15 1.38 0.0691081
9.71445e-15 1.44 0.0570926
9.71445e-15 1.5 0.0467644
9.71445e-15 1.56 0.0379605
9.71445e-15 1.62 0.0305225
9.71445e-15 1.68 0.0242972
9.71445e-15 1.74 0.0191392
9.71445e-15 1.8 0.0149115
9.71445e-15 1.86 0.0114861
9.71445e-15 1.92 0.00874411
9.71445e-15 1.98 0.00652405
9.71445e-15 2.04 0.00485074
9.71445e-15 2.1 0.00356092
9.71445e-15 2.16 0.00258049
9.71445e-15 2.22 0.00184568
9.71445e-15 2.28 0.00130275
9.71445e-15 2.34 0.000907334
0.06 -1.98 0.000153321
0.06 -1.92 0.000242094
0.06 -1.86 0.000377077
0.06 -1.8 0.000579371
0.06 -1.74 0.00087816
0.06 -1.68 0.00131307
0.06 -1.62 0.00193694
0.06 -1.56 0.00281886
0.06 -1.5 0.00404737
0.06 -1.44 0.0057337
0.06 -1.38 0.00801451
0.06 -1.32 0.0110539
0.06 -1.26 0.0150449
0.06 -1.2 0.0202071
0.06 -1.14 0.026785
0.06 -1.08 0.035042
0.06 -1.02 0.0452579
0.06 -0.96 0.0576903
0.06 -0.9 0.072597
0.06 -0.84 0.090192
0.06 -0.78 0.110636
0.06 -0.72 0.134009
0.06 -0.66 0.160296
0.06 -0.6 0.189368
0.06 -0.54 0.220962
0.06 -0.48 0.254676
0.06 -0.42 0.289972
0.06 -0.36 0.326182
0.06 -0.3 0.362515
0.06 -0.24 0.398095
0.06 -0.18 0.431981
0.06 -0.12 0.463215
0.06 -0.06 0.490865
0.06 9.71445e-15 0.514067
0.06 0.06 0.532085
0.06 0.12 0.544327
0.06 0.18 0.550394
0.06 0.24 0.550116
0.06 0.3 0.543537
0.06 0.36 0.530928
0.06 0.42 0.512777
0.06 0.48 0.489742
0.06 0.54 0.462631
0.06 0.6 0.432347
0.06 0.66 0.399824
0.06 0.72 0.366001
0.06 0.78 0.331765
0.06 0.84 0.297906
0.06 0.9 0.265096
0.06 0.96 0.233872
0.06 1.02 0.204626
0.06 1.08 0.17762
0.06 1.14 0.152992
0.06 1.2 0.130783
0.06 1.26 0.110951
0.06 1.32 0.0934025
0.06 1.38 0.0780037
0.06 1.44 0.0646029
0.06 1.5 0.0530375
0.06 1.56 0.043142
0.06 1.62 0.0347522
0.06 1.68 0.0277085
0.06 1.74 0.0218566
0.06 1.8 0.0170489
0.06 1.86 0.0131458
0.06 1.92 0.0100158
0.06 1.98 0.00748167
0.06 2.04 0.00556566
0.06 2.1 0.0040876
0.06 2.16 0.00296322
0.06 2.22 0.00212004
0.06 2.28 0.00149677
0.06 2.34 0.00104267
0.12 -1.98 0.00016074
0.12 -1.92 0.00025383
0.12 -1.86 0.000395393
0.12 -1.8 0.000607584
0.12 -1.74 0.000921036
0.12 -1.68 0.00137738
0.12 -1.62 0.00203212
0.12 -1.56 0.00295786
0.12 -1.5 0.00424782
0.12 -1.44 0.00601885
0.12 -1.38 0.00841517
0.12 -1.32 0.0116096
0.12 -1.26 0.0158057
0.12 -1.2 0.0212357
0.12 -1.14 0.0281584
0.12 -1.08 0.0368524
0.12 -1.02 0.0476172
0.12 -0.96 0.0607262
0.12 -0.9 0.0764556
0.12 -0.84 0.0950367
0.12 -0.78 0.116648
0.12 -0.72 0.14138
0.12 -0.66 0.169229
0.12 -0.6 0.200063
0.12 -0.54 0.233615
0.12 -0.48 0.269477
0.12 -0.42 0.307084
0.12 -0.36 0.34573
0.12 -0.3 0.384587
0.12 -0.24 0.422731
0.12 -0.18 0.459152
0.12 -0.12 0.492836
0.12 -0.06 0.522779
0.12 9.71445e-15 0.548052
0.12 0.06 0.56785
0.12 0.12 0.581528
0.12 0.18 0.588655
0.12 0.24 0.58901
0.12 0.3 0.58263
0.12 0.36 0.569803
0.12 0.42 0.551015
0.12 0.48 0.526965
0.12 0.54 0.498509
0.12 0.6 0.466592
0.12 0.66 0.43222
0.12 0.72 0.396389
0.12 0.78 0.360032
0.12 0.84 0.323997
0.12 0.9 0.289002
0.12 0.96 0.255613
0.12 1.02 0.224255
0.12 1.08 0.195208
0.12 1.14 0.168629
0.12 1.2 0.144569
0.12 1.26 0.122996
0.12 1.32 0.103828
0.12 1.38 0.0869372
0.12 1.44 0.0721749
0.12 1.5 0.059384
0.12 1.56 0.048399
0.12 1.62 0.0390541
0.12 1.68 0.0311851
0.12 1.74 0.0246307
0.12 1.8 0.0192339
0.12 1.86 0.0148443
0.12 1.92 0.0113188
0.12 1.98 0.00846408
0.12 2.04 0.00629958
0.12 2.1 0.00462846
0.12 2.16 0.00335641
0.12 2.22 0.00240199
0.12 2.28 0.00169619
0.12 2.34 0.0011818
0.12 2.4 0.000812363
0.18 -1.92 0.000262489
0.18 -1.86 0.000408928
0.18 -1.8 0.000628456
0.18 -1.74 0.000952795
0.18 -1.68 0.00142508
0.18 -1.62 0.00210285
0.18 -1.56 0.00306138
0.18 -1.5 0.00439733
0.18 -1.44 0.00623212
0.18 -1.38 0.00871551
0.18 -1.32 0.0120273
0.18 -1.26 0.0163792
0.18 -1.2 0.0220137
0.18 -1.14 0.0292007
0.18 -1.08 0.0382319
0.18 -1.02 0.0494219
0.18 -0.96 0.0630585
0.18 -0.9 0.0794331
0.18 -0.84 0.0987946
0.18 -0.78 0.121334
0.18 -0.72 0.147155
0.18 -0.66 0.176264
0.18 -0.6 0.208533
0.18 -0.54 0.243696
0.18 -0.48 0.281333
0.18 -0.42 0.32087
0.18 -0.36 0.361571
0.18 -0.3 0.402581
0.18 -0.24 0.442927
0.18 -0.18 0.481554
0.18 -0.12 0.517395
0.18 -0.06 0.549386
0.18 9.71445e-15 0.576544
0.18 0.06 0.597998
0.18 0.12 0.613054
0.18 0.18 0.621252
0.18 0.24 0.622326
0.18 0.3 0.616311
0.18 0.36 0.603475
0.18 0.42 0.58433
0.18 0.48 0.559598
0.18 0.54 0.530164
0.18 0.6 0.497018
0.18 0.66 0.461209
0.18 0.72 0.423787
0.18 0.78 0.385723
0.18 0.84 0.347909
0.18 0.9 0.311095
0.18 0.96 0.275876
0.18 1.02 0.242701
0.18 1.08 0.211871
0.18 1.14 0.183556
0.18 1.2 0.157821
0.18 1.26 0.134651
0.18 1.32 0.113971
0.18 1.38 0.0956709
0.18 1.44 0.0796095
0.18 1.5 0.0656379
0.18 1.56 0.0535949
0.18 1.62 0.0433167
0.18 1.68 0.0346373
0.18 1.74 0.0273898
0.18 1.8 0.0214104
0.18 1.86 0.0165381
0.18 1.92 0.0126194
0.18 1.98 0.00950964
0.18 2.04 0.00703369
0.18 2.1 0.0051697
0.18 2.16 0.00375002
0.18 2.22 0.00268433
0.18 2.28 0.00189594
0.18 2.34 0.00132118
0.18 2.4 0.000908293
0.24 -1.92 0.000267728
0.24 -1.86 0.000417135
0.24 -1.8 0.000641148
0.24 -1.74 0.000972174
0.24 -1.68 0.00145428
0.24 -1.62 0.00214631
0.24 -1.56 0.00312525
0.24 -1.5 0.00449001
0.24 -1.44 0.00636499
0.24 -1.38 0.00890367
0.24 -1.32 0.0122904
0.24 -1.26 0.016743
0.24 -1.2 0.0225104
0.24 -1.14 0.0298711
0.24 -1.08 0.0391261
0.24 -1.02 0.050602
0.24 -0.96 0.0645967
0.24 -0.9 0.0814146
0.24 -0.84 0.101319
0.24 -0.78 0.124512
0.24 -0.72 0.151111
0.24 -0.66 0.181132
0.24 -0.6 0.214455
0.24 -0.54 0.250817
0.24 -0.48 0.289795
0.24 -0.42 0.330809
0.24 -0.36 0.37311
0.24 -0.3 0.415818
0.24 -0.24 0.457928
0.24 -0.18 0.498351
0.24 -0.12 0.535979
0.24 -0.06 0.569702
0.24 9.71445e-15 0.598485
0.24 0.06 0.621411
0.24 0.12 0.637751
0.24 0.18 0.646988
0.24 0.24 0.648851
0.24 0.3 0.64335
0.24 0.36 0.630739
0.24 0.42 0.611539
0.24 0.48 0.586487
0.24 0.54 0.55649
0.24 0.6 0.522567
0.24 0.66 0.485806
0.24 0.72 0.447276
0.24 0.78 0.407993
0.24 0.84 0.368869
0.24 0.9 0.330672
0.24 0.96 0.294027
0.24 1.02 0.259399
0.24 1.08 0.227102
0.24 1.14 0.197323
0.24 1.2 0.170143
0.24 1.26 0.145567
0.24 1.32 0.123532
0.24 1.38 0.103948
0.24 1.44 0.0866889
0.24 1.5 0.0716164
0.24 1.56 0.0585783
0.24 1.62 0.0474161
0.24 1.68 0.0379646
0.24 1.74 0.0300545
0.24 1.8 0.0235153
0.24 1.86 0.0181783
0.24 1.92 0.01388
0.24 1.98 0.0104653
0.24 2.04 0.00774674
0.24 2.1 0.00569569
0.24 2.16 0.00413268
0.24 2.22 0.0029589
0.24 2.28 0.00209024
0.24 2.34 0.0014568
0.24 2.4 0.00100164
0.3 -1.92 0.000269331
0.3 -1.86 0.000419684
0.3 -1.8 0.000645145
0.3 -1.74 0.00097838
0.3 -1.68 0.0014638
0.3 -1.62 0.00216076
0.3 -1.56 0.00314692
0.3 -1.5 0.00452215
0.3 -1.44 0.00641217
0.3 -1.38 0.0089721
0.3 -1.32 0.0123887
0.3 -1.26 0.0168824
0.3 -1.2 0.0227062
0.3 -1.14 0.0301431
0.3 -1.08 0.0394997
0.3 -1.02 0.0511107
0.3 -0.96 0.0652801
0.3 -0.9 0.0823221
0.3 -0.84 0.10251
0.3 -0.78 0.126058
0.3 -0.72 0.153095
0.3 -0.66 0.183644
0.3 -0.6 0.217599
0.3 -0.54 0.254702
0.3 -0.48 0.294535
0.3 -0.42 0.33652
0.3 -0.36 0.379895
0.3 -0.3 0.423785
0.3 -0.24 0.467154
0.3 -0.18 0.508898
0.3 -0.12 0.547873
0.3 -0.06 0.582944
0.3 9.71445e-15 0.613034
0.3 0.06 0.637203
0.3 0.12 0.654668
0.3 0.18 0.664902
0.3 0.24 0.667585
0.3 0.3 0.662731
0.3 0.36 0.650574
0.3 0.42 0.631633
0.3 0.48 0.606647
0.3 0.54 0.576535
0.3 0.6 0.542338
0.3 0.66 0.50514
0.3 0.72 0.466048
0.3 0.78 0.426073
0.3 0.84 0.386159
0.3 0.9 0.34708
0.3 0.96 0.309467
0.3 1.02 0.2738
0.3 1.08 0.240405
0.3 1.14 0.209485
0.3 1.2 0.181143
0.3 1.26 0.155394
0.3 1.32 0.132208
0.3 1.38 0.111507
0.3 1.44 0.0931872
0.3 1.5 0.0771289
0.3 1.56 0.0631906
0.3 1.62 0.0512221
0.3 1.68 0.0410619
0.3 1.74 0.0325399
0.3 1.8 0.0254818
0.3 1.86 0.0197129
0.3 1.92 0.0150609
0.3 1.98 0.0113612
0.3 2.04 0.00841608
0.3 2.1 0.00618971
0.3 2.16 0.00449225
0.3 2.22 0.00321699
0.3 2.28 0.00227296
0.3 2.34 0.00158435
0.3 2.4 0.00108946
0.3 2.46 0.000739
0.36 -1.92 0.000267234
0.36 -1.86 0.000416469
0.36 -1.8 0.00064029
0.36 -1.74 0.000971158
0.36 -1.68 0.00145326
0.36 -1.62 0.0021456
0.36 -1.56 0.00312549
0.36 -1.5 0.00449246
0.36 -1.44 0.00637174
0.36 -1.38 0.00891804
0.36 -1.32 0.0123181
0.36 -1.26 0.0167919
0.36 -1.2 0.0225932
0.36 -1.14 0.0300057
0.36 -1.08 0.0393376
0.36 -1.02 0.0509279
0.36 -0.96 0.0650813
0.36 -0.9 0.0821197
0.36 -0.84 0.102323
0.36 -0.78 0.125912
0.36 -0.72 0.153028
0.36 -0.66 0.183702
0.36 -0.6 0.21784
0.36 -0.54 0.255196
0.36 -0.48 0.295367
0.36 -0.42 0.337771
0.36 -0.36 0.38167
0.36 -0.3 0.426169
0.36 -0.24 0.47024
0.36 -0.18 0.512776
0.36 -0.12 0.552611
0.36 -0.06 0.588594
0.36 9.71445e-15 0.619633
0.36 0.06 0.64475
0.36 0.12 0.663158
0.36 0.18 0.674286
0.36 0.24 0.677821
0.36 0.3 0.673722
0.36 0.36 0.662235
0.36 0.42 0.643862
0.36 0.48 0.619336
0.36 0.54 0.58957
0.36 0.6 0.555596
0.36 0.66 0.518522
0.36 0.72 0.479424
0.36 0.78 0.439338
0.36 0.84 0.399181
0.36 0.9 0.359746
0.36 0.96 0.32166
0.36 1.02 0.285408
0.36 1.08 0.251328
0.36 1.14 0.219633
0.36 1.2 0.190441
0.36 1.26 0.163803
0.36 1.32 0.139701
0.36 1.38 0.11809
0.36 1.44 0.0988864
0.36 1.5 0.0819894
0.36 1.56 0.0672761
0.36 1.62 0.0546057
0.36 1.68 0.0438232
0.36 1.74 0.0347611
0.36 1.8 0.0272432
0.36 1.86 0.0210893
0.36 1.92 0.0161213
0.36 1.98 0.012167
0.36 2.04 0.00901899
0.36 2.1 0.006635
0.36 2.16 0.00481654
0.36 2.22 0.00344984
0.36 2.28 0.00243781
0.36 2.34 0.00169949
0.36 2.4 0.00116874
0.36 2.46 0.000792842
0.42 -1.92 0.000261528
0.42 -1.86 0.000407625
0.42 -1.8 0.000626789
0.42 -1.74 0.00095084
0.42 -1.68 0.00142311
0.42 -1.62 0.00210149
0.42 -1.56 0.00306193
0.42 -1.5 0.0044022
0.42 -1.44 0.00624541
0.42 -1.38 0.00874381
0.42 -1.32 0.0120814
0.42 -1.26 0.0164755
0.42 -1.2 0.0221762
0.42 -1.14 0.0294646
0.42 -1.08 0.0386467
0.42 -1.02 0.050061
0.42 -0.96 0.0640093
0.42 -0.9 0.0808175
0.42 -0.84 0.100765
0.42 -0.78 0.12408
0.42 -0.72 0.150912
0.42 -0.66 0.181304
0.42 -0.6 0.215172
0.42 -0.54 0.252287
0.42 -0.48 0.292258
0.42 -0.42 0.334524
0.42 -0.36 0.378359
0.42 -0.3 0.422874
0.42 -0.24 0.467074
0.42 -0.18 0.509837
0.42 -0.12 0.55001
0.42 -0.06 0.586433
0.42 9.71445e-15 0.61801
0.42 0.06 0.643762
0.42 0.12 0.662885
0.42 0.18 0.674792
0.42 0.24 0.679148
0.42 0.3 0.675893
0.42 0.36 0.665272
0.42 0.42 0.647758
0.42 0.48 0.624067
0.42 0.54 0.5951
0.42 0.6 0.561872
0.42 0.66 0.525456
0.42 0.72 0.48693
0.42 0.78 0.447298
0.42 0.84 0.40747
0.42 0.9 0.368225
0.42 0.96 0.330182
0.42 1.02 0.293818
0.42 1.08 0.25948
0.42 1.14 0.227399
0.42 1.2 0.197713
0.42 1.26 0.170489
0.42 1.32 0.145746
0.42 1.38 0.123459
0.42 1.44 0.103578
0.42 1.5 0.0860203
0.42 1.56 0.0706848
0.42 1.62 0.0574433
0.42 1.68 0.0461489
0.42 1.74 0.0366378
0.42 1.8 0.0287349
0.42 1.86 0.0222577
0.42 1.92 0.0170232
0.42 1.98 0.0128529
0.42 2.04 0.00953347
0.42 2.1 0.00701519
0.42 2.16 0.00509362
0.42 2.22 0.00364894
0.42 2.28 0.00257888
0.42 2.34 0.00179799
0.42 2.4 0.0012366
0.42 2.46 0.000838926
0.48 -1.92 0.000252439
0.48 -1.86 0.000393516
0.48 -1.8 0.000605179
0.48 -1.74 0.00091822
0.48 -1.68 0.00137454
0.48 -1.62 0.0020302
0.48 -1.56 0.00295879
0.48 -1.5 0.00425493
0.48 -1.44 0.00603833
0.48 -1.38 0.00845661
0.48 -1.32 0.0116886
0.48 -1.26 0.0159457
0.48 -1.2 0.0214723
0.48 -1.14 0.0285427
0.48 -1.08 0.0374562
0.48 -1.02 0.0485461
0.48 -0.96 0.062109
0.48 -0.9 0.078466
0.48 -0.84 0.0978999
0.48 -0.78 0.120639
0.48 -0.72 0.146837
0.48 -0.66 0.176547
0.48 -0.6 0.209703
0.48 -0.54 0.24609
0.48 -0.48 0.285336
0.48 -0.42 0.326903
0.48 -0.36 0.370092
0.48 -0.3 0.414048
0.48 -0.24 0.457773
0.48 -0.18 0.500195
0.48 -0.12 0.540164
0.48 -0.06 0.576544
0.48 9.71445e-15 0.60824
0.48 0.06 0.634289
0.48 0.12 0.653871
0.48 0.18 0.666394
0.48 0.24 0.671522
0.48 0.3 0.669191
0.48 0.36 0.659592
0.48 0.42 0.643196
0.48 0.48 0.620691
0.48 0.54 0.59294
0.48 0.6 0.560935
0.48 0.66 0.525706
0.48 0.72 0.488294
0.48 0.78 0.449678
0.48 0.84 0.410737
0.48 0.9 0.372212
0.48 0.96 0.334714
0.48 1.02 0.298719
0.48 1.08 0.264567
0.48 1.14 0.232502
0.48 1.2 0.202684
0.48 1.26 0.175204
0.48 1.32 0.150112
0.48 1.38 0.127414
0.48 1.44 0.107085
0.48 1.5 0.0890722
0.48 1.56 0.0732896
0.48 1.62 0.0596272
0.48 1.68 0.0479496
0.48 1.74 0.0380984
0.48 1.8 0.0299003
0.48 1.86 0.0231738
0.48 1.92 0.0177319
0.48 1.98 0.0133931
0.48 2.04 0.00994012
0.48 2.1 0.00731611
0.48 2.16 0.00531302
0.48 2.22 0.00380667
0.48 2.28 0.0026907
0.48 2.34 0.00187615
0.48 2.4 0.00129045
0.48 2.46 0.000875532
0.54 -1.86 0.000374692
0.54 -1.8 0.000576333
0.54 -1.74 0.000874606
0.54 -1.68 0.00130953
0.54 -1.62 0.00193461
0.54 -1.56 0.00282015
0.54 -1.5 0.00405674
0.54 -1.44 0.00575867
0.54 -1.38 0.00806773
0.54 -1.32 0.0111552
0.54 -1.26 0.0152243
0.54 -1.2 0.0205097
0.54 -1.14 0.0272757
0.54 -1.08 0.0358118
0.54 -1.02 0.0464427
0.54 -0.96 0.0594542
0.54 -0.9 0.0751614
0.54 -0.84 0.0938406
0.54 -0.78 0.115723
0.54 -0.72 0.140963
0.54 -0.66 0.169624
0.54 -0.6 0.20165
0.54 -0.54 0.236848
0.54 -0.48 0.274873
0.54 -0.42 0.315215
0.54 -0.36 0.357204
0.54 -0.3 0.400021
0.54 -0.24 0.442718
0.54 -0.18 0.484235
0.54 -0.12 0.523477
0.54 -0.06 0.559326
0.54 9.71445e-15 0.590718
0.54 0.06 0.616694
0.54 0.12 0.636466
0.54 0.18 0.649438
0.54 0.24 0.655264
0.54 0.3 0.653864
0.54 0.36 0.645423
0.54 0.42 0.630367
0.54 0.48 0.609351
0.54 0.54 0.583195
0.54 0.6 0.552838
0.54 0.66 0.519278
0.54 0.72 0.483487
0.54 0.78 0.446404
0.54 0.84 0.408858
0.54 0.9 0.371562
0.54 0.96 0.3351
0.54 1.02 0.299928
0.54 1.08 0.266392
0.54 1.14 0.234743
0.54 1.2 0.205159
0.54 1.26 0.177765
0.54 1.32 0.152631
0.54 1.38 0.129798
0.54 1.44 0.109272
0.54 1.5 0.0910218
0.54 1.56 0.0749875
0.54 1.62 0.0610733
0.54 1.68 0.0491554
0.54 1.74 0.0390858
0.54 1.8 0.0306945
0.54 1.86 0.0238012
0.54 1.92 0.0182196
0.54 1.98 0.0137665
0.54 2.04 0.0102227
0.54 2.1 0.0075257
0.54 2.16 0.0054662
0.54 2.22 0.00391695
0.54 2.28 0.00276894
0.54 2.34 0.0019309
0.54 2.4 0.00132819
0.54 2.46 0.000901185
0.54 2.52 0.000603125
0.6 -1.86 0.000351903
0.6 -1.8 0.000541369
0.6 -1.74 0.000821699
0.6 -1.68 0.00123056
0.6 -1.62 0.00181837
0.6 -1.56 0.00265142
0.6 -1.5 0.00381509
0.6 -1.44 0.00541748
0.6 -1.38 0.00759223
0.6 -1.32 0.0105018
0.6 -1.26 0.0143384
0.6 -1.2 0.0193251
0.6 -1.14 0.0257134
0.6 -1.08 0.0337789
0.6 -1.02 0.0438331
0.6 -0.96 0.0561483
0.6 -0.9 0.0710296
0.6 -0.84 0.0887468
0.6 -0.78 0.109522
0.6 -0.72 0.133516
0.6 -0.66 0.160797
0.6 -0.6 0.191323
0.6 -0.54 0.224922
0.6 -0.48 0.261274
0.6 -0.42 0.299906
0.6 -0.36 0.340192
0.6 -0.3 0.38135
0.6 -0.24 0.422475
0.6 -0.18 0.462575
0.6 -0.12 0.500586
0.6 -0.06 0.535438
0.6 9.71445e-15 0.566108
0.6 0.06 0.591673
0.6 0.12 0.611361
0.6 0.18 0.624582
0.6 0.24 0.63101
0.6 0.3 0.630538
0.6 0.36 0.623326
0.6 0.42 0.609775
0.6 0.48 0.590496
0.6 0.54 0.566253
0.6 0.6 0.537922
0.6 0.66 0.506436
0.6 0.72 0.472704
0.6 0.78 0.437611
0.6 0.84 0.40192
0.6 0.9 0.366305
0.6 0.96 0.331315
0.6 1.02 0.297395
0.6 1.08 0.264881
0.6 1.14 0.234031
0.6 1.2 0.205043
0.6 1.26 0.178064
0.6 1.32 0.153197
0.6 1.38 0.130514
0.6 1.44 0.110046
0.6 1.5 0.0917918
0.6 1.56 0.0757084
0.6 1.62 0.0617201
0.6 1.68 0.0497167
0.6 1.74 0.039559
0.6 1.8 0.0310839
0.6 1.86 0.0241146
0.6 1.92 0.0184668
0.6 1.98 0.0139576
0.6 2.04 0.0103699
0.6 2.1 0.00763551
0.6 2.16 0.00554678
0.6 2.22 0.00397518
0.6 2.28 0.00281037
0.6 2.34 0.00195996
0.6 2.4 0.00134828
0.6 2.46 0.000914872
0.6 2.52 0.000612301
0.66 -1.86 0.000325978
0.66 -1.8 0.000501574
0.66 -1.74 0.000761456
0.66 -1.68 0.00114061
0.66 -1.62 0.00168587
0.66 -1.56 0.00245885
0.66 -1.5 0.00353911
0.66 -1.44 0.00502722
0.66 -1.38 0.00704789
0.66 -1.32 0.0097528
0.66 -1.26 0.0133216
0.66 -1.2 0.0179633
0.66 -1.14 0.0239135
0.66 -1.08 0.0314318
0.66 -1.02 0.0408139
0.66 -0.96 0.0523145
0.66 -0.9 0.0662257
0.66 -0.84 0.0828049
0.66 -0.78 0.102269
0.66 -0.72 0.124776
0.66 -0.66 0.150399
0.66 -0.6 0.179108
0.66 -0.54 0.210756
0.66 -0.48 0.245051
0.66 -0.42 0.281554
0.66 -0.36 0.31969
0.66 -0.3 0.358727
0.66 -0.24 0.397823
0.66 -0.18 0.436037
0.66 -0.12 0.472365
0.66 -0.06 0.505799
0.66 9.71445e-15 0.535365
0.66 0.06 0.560176
0.66 0.12 0.579511
0.66 0.18 0.592787
0.66 0.24 0.599688
0.66 0.3 0.600097
0.66 0.36 0.594156
0.66 0.42 0.582229
0.66 0.48 0.564866
0.66 0.54 0.542771
0.66 0.6 0.516758
0.66 0.66 0.487679
0.66 0.72 0.456366
0.66 0.78 0.423634
0.66 0.84 0.390185
0.66 0.9 0.356638
0.66 0.96 0.323509
0.66 1.02 0.291214
0.66 1.08 0.260083
0.66 1.14 0.230382
0.66 1.2 0.202325
0.66 1.26 0.176083
0.66 1.32 0.151784
0.66 1.38 0.129528
0.66 1.44 0.109375
0.66 1.5 0.0913458
0.66 1.56 0.0754205
0.66 1.62 0.0615413
0.66 1.68 0.0496102
0.66 1.74 0.0394992
0.66 1.8 0.0310528
0.66 1.86 0.0241008
0.66 1.92 0.0184628
0.66 1.98 0.0139587
0.66 2.04 0.0103756
0.66 2.1 0.00764096
0.66 2.16 0.00555154
0.66 2.22 0.00397906
0.66 2.28 0.00281339
0.66 2.34 0.0019622
0.66 2.4 0.00134988
0.66 2.46 0.000916011
0.66 2.52 0.000613093
0.72 -1.8 0.000458362
0.72 -1.74 0.000696003
0.72 -1.68 0.00104281
0.72 -1.62 0.00154173
0.72 -1.56 0.00224927
0.72 -1.5 0.00323846
0.72 -1.44 0.00460174
0.72 -1.38 0.00645396
0.72 -1.32 0.0089346
0.72 -1.26 0.0122096
0.72 -1.2 0.016472
0.72 -1.14 0.02194
0.72 -1.08 0.0288542
0.72 -1.02 0.0374919
0.72 -0.96 0.0480891
0.72 -0.9 0.0609198
0.72 -0.84 0.0762278
0.72 -0.78 0.0942217
0.72 -0.72 0.115053
0.72 -0.66 0.1388
0.72 -0.6 0.165445
0.72 -0.54 0.194858
0.72 -0.48 0.226782
0.72 -0.42 0.260821
0.72 -0.36 0.296439
0.72 -0.3 0.332978
0.72 -0.24 0.369648
0.72 -0.18 0.405577
0.72 -0.12 0.439835
0.72 -0.06 0.471482
0.72 9.71445e-15 0.499603
0.72 0.06 0.523371
0.72 0.12 0.542088
0.72 0.18 0.55523
0.72 0.24 0.562459
0.72 0.3 0.563684
0.72 0.36 0.559007
0.72 0.42 0.548752
0.72 0.48 0.533415
0.72 0.54 0.513633
0.72 0.6 0.490141
0.72 0.66 0.463704
0.72 0.72 0.435082
0.72 0.78 0.404992
0.72 0.84 0.374086
0.72 0.9 0.342916
0.72 0.96 0.311958
0.72 1.02 0.2816
0.72 1.08 0.252166
0.72 1.14 0.223924
0.72 1.2 0.197102
0.72 1.26 0.171887
0.72 1.32 0.148437
0.72 1.38 0.126871
0.72 1.44 0.107278
0.72 1.5 0.0896985
0.72 1.56 0.0741341
0.72 1.62 0.0605416
0.72 1.68 0.0488385
0.72 1.74 0.038907
0.72 1.8 0.0306018
0.72 1.86 0.0237601
0.72 1.92 0.0182078
0.72 1.98 0.0137695
0.72 2.04 0.0102394
0.72 2.1 0.00754183
0.72 2.16 0.00548024
0.72 2.22 0.00392835
0.72 2.28 0.00277778
0.72 2.34 0.00193749
0.72 2.4 0.00133297
0.72 2.46 0.000904557
0.72 2.52 0.000605454
0.78 -1.8 0.000413162
0.78 -1.74 0.000627507
0.78 -1.68 0.00094041
0.78 -1.62 0.00139072
0.78 -1.56 0.00202958
0.78 -1.5 0.00292312
0.78 -1.44 0.00415519
0.78 -1.38 0.00582998
0.78 -1.32 0.0080743
0.78 -1.26 0.0110392
0.78 -1.2 0.0149007
0.78 -1.14 0.0198581
0.78 -1.08 0.0261319
0.78 -1.02 0.0339581
0.78 -0.96 0.0436123
0.78 -0.9 0.0552889
0.78 -0.84 0.0692361
0.78 -0.78 0.0856489
0.78 -0.72 0.104674
0.78 -0.66 0.12639
0.78 -0.6 0.150792
0.78 -0.54 0.177767
0.78 -0.48 0.207088
0.78 -0.42 0.238408
0.78 -0.36 0.271236
0.78 -0.3 0.30498
0.78 -0.24 0.338917
0.78 -0.18 0.372252
0.78 -0.12 0.404129
0.78 -0.06 0.433684
0.78 9.71445e-15 0.460076
0.78 0.06 0.482539
0.78 0.12 0.500414
0.78 0.18 0.513231
0.78 0.24 0.520653
0.78 0.3 0.52259
0.78 0.36 0.519125
0.78 0.42 0.510538
0.78 0.48 0.497267
0.78 0.54 0.479883
0.78 0.6 0.459025
0.78 0.66 0.435372
0.78 0.72 0.409609
0.78 0.78 0.382354
0.78 0.84 0.354196
0.78 0.9 0.325625
0.78 0.96 0.297071
0.78 1.02 0.268897
0.78 1.08 0.241412
0.78 1.14 0.214888
0.78 1.2 0.189559
0.78 1.26 0.165629
0.78 1.32 0.143277
0.78 1.38 0.122642
0.78 1.44 0.103833
0.78 1.5 0.0869117
0.78 1.56 0.0718966
0.78 1.62 0.0587596
0.78 1.68 0.0474312
0.78 1.74 0.0378056
0.78 1.8 0.0297487
0.78 1.86 0.0231059
0.78 1.92 0.0177118
0.78 1.98 0.0133977
0.78 2.04 0.00996679
0.78 2.1 0.00734211
0.78 2.16 0.00533575
0.78 2.22 0.00382517
0.78 2.28 0.00270501
0.78 2.34 0.00188683
0.78 2.4 0.00129819
0.78 2.46 0.000880985
0.78 2.52 0.000589697
0.84 -1.8 0.00036734
0.84 -1.74 0.000558039
0.84 -1.68 0.00083652
0.84 -1.62 0.00123744
0.84 -1.56 0.00180646
0.84 -1.5 0.00260269
0.84 -1.44 0.00370111
0.84 -1.38 0.00519503
0.84 -1.32 0.00719822
0.84 -1.26 0.00984626
0.84 -1.2 0.0132975
0.84 -1.14 0.0177319
0.84 -1.08 0.0233483
0.84 -1.02 0.0303608
0.84 -0.96 0.0390224
0.84 -0.9 0.0495075
0.84 -0.84 0.0620459
0.84 -0.78 0.0768179
0.84 -0.72 0.0939632
0.84 -0.66 0.113559
0.84 -0.6 0.135609
0.84 -0.54 0.16002
0.84 -0.48 0.186597
0.84 -0.42 0.21503
0.84 -0.36 0.244888
0.84 -0.3 0.275637
0.84 -0.24 0.306626
0.84 -0.18 0.337143
0.84 -0.12 0.366413
0.84 -0.06 0.39365
0.84 9.71445e-15 0.418092
0.84 0.06 0.439034
0.84 0.12 0.455884
0.84 0.18 0.468196
0.84 0.24 0.475671
0.84 0.3 0.478207
0.84 0.36 0.475866
0.84 0.42 0.468891
0.84 0.48 0.457662
0.84 0.54 0.442668
0.84 0.6 0.424468
0.84 0.66 0.403658
0.84 0.72 0.380818
0.84 0.78 0.356498
0.84 0.84 0.3312
0.84 0.9 0.305359
0.84 0.96 0.279363
0.84 1.02 0.253545
0.84 1.08 0.2282
0.84 1.14 0.203593
0.84 1.2 0.179964
0.84 1.26 0.157535
0.84 1.32 0.136491
0.84 1.38 0.116996
0.84 1.44 0.0991706
0.84 1.5 0.083092
0.84 1.56 0.0687944
0.84 1.62 0.0562636
0.84 1.68 0.0454426
0.84 1.74 0.0362381
0.84 1.8 0.0285268
0.84 1.86 0.022164
0.84 1.92 0.0169945
0.84 1.98 0.012858
0.84 2.04 0.00956893
0.84 2.1 0.00704992
0.84 2.16 0.00512393
0.84 2.22 0.00367361
0.84 2.28 0.00259799
0.84 2.34 0.0018123
0.84 2.4 0.00124696
0.84 2.46 0.000846258
0.84 2.52 0.000566463
0.9 -1.74 0.000489505
0.9 -1.68 0.000733984
0.9 -1.62 0.00108609
0.9 -1.56 0.00158604
0.9 -1.5 0.00228596
0.9 -1.44 0.00325197
0.9 -1.38 0.00456661
0.9 -1.32 0.0063305
0.9 -1.26 0.00866383
0.9 -1.2 0.011707
0.9 -1.14 0.0156203
0.9 -1.08 0.020581
0.9 -1.02 0.0267805
0.9 -0.96 0.0344483
0.9 -0.9 0.0437387
0.9 -0.84 0.0548599
0.9 -0.78 0.0679791
0.9 -0.72 0.0832251
0.9 -0.66 0.100674
0.9 -0.6 0.120335
0.9 -0.54 0.142133
0.9 -0.48 0.165903
0.9 -0.42 0.191375
0.9 -0.36 0.218169
0.9 -0.3 0.245816
0.9 -0.24 0.273744
0.9 -0.18 0.30131
0.9 -0.12 0.32783
0.9 -0.06 0.352598
0.9 9.71445e-15 0.374928
0.9 0.06 0.394199
0.9 0.12 0.409868
0.9 0.18 0.421534
0.9 0.24 0.428915
0.9 0.3 0.43192
0.9 0.36 0.430592
0.9 0.42 0.425128
0.9 0.48 0.41585
0.9 0.54 0.403176
0.9 0.6 0.387586
0.9 0.66 0.369576
0.9 0.72 0.349646
0.9 0.78 0.328258
0.9 0.84 0.30585
0.9 0.9 0.282793
0.9 0.96 0.25943
0.9 1.02 0.236066
0.9 1.08 0.212978
0.9 1.14 0.190426
0.9 1.2 0.168657
0.9 1.26 0.147889
0.9 1.32 0.128326
0.9 1.38 0.110138
0.9 1.44 0.0934591
0.9 1.5 0.0783793
0.9 1.56 0.0649424
0.9 1.62 0.0531474
0.9 1.68 0.0429492
0.9 1.74 0.0342651
0.9 1.8 0.0269831
0.9 1.86 0.0209713
0.9 1.92 0.0160839
0.9 1.98 0.0121714
0.9 2.04 0.00906113
0.9 2.1 0.00667657
0.9 2.16 0.00485301
0.9 2.22 0.00347965
0.9 2.28 0.002461
0.9 2.34 0.00171681
0.9 2.4 0.00118131
0.9 2.46 0.000801729
0.9 2.52 0.000536674
0.96 -1.74 0.000423543
0.96 -1.68 0.000635262
0.96 -1.62 0.000940301
0.96 -1.56 0.00137361
0.96 -1.5 0.00198054
0.96 -1.44 0.00281867
0.96 -1.38 0.00395995
0.96 -1.32 0.00549218
0.96 -1.26 0.00752061
0.96 -1.2 0.0101681
0.96 -1.14 0.0135752
0.96 -1.08 0.0178982
0.96 -1.02 0.0233061
0.96 -0.96 0.0300038
0.96 -0.9 0.0381259
0.96 -0.84 0.0478595
0.96 -0.78 0.0593564
0.96 -0.72 0.0727335
0.96 -0.66 0.0880646
0.96 -0.6 0.105363
0.96 -0.54 0.12457
0.96 -0.48 0.145549
0.96 -0.42 0.168063
0.96 -0.36 0.191792
0.96 -0.3 0.216319
0.96 -0.24 0.241151
0.96 -0.18 0.265723
0.96 -0.12 0.289432
0.96 -0.06 0.31166
0.96 9.71445e-15 0.331799
0.96 0.06 0.349292
0.96 0.12 0.363675
0.96 0.18 0.374567
0.96 0.24 0.381738
0.96 0.3 0.385075
0.96 0.36 0.384621
0.96 0.42 0.380529
0.96 0.48 0.373069
0.96 0.54 0.362585
0.96 0.6 0.349471
0.96 0.66 0.334154
0.96 0.72 0.317032
0.96 0.78 0.298507
0.96 0.84 0.278927
0.96 0.9 0.258625
0.96 0.96 0.237894
0.96 1.02 0.217014
0.96 1.08 0.196242
0.96 1.14 0.175829
0.96 1.2 0.156013
0.96 1.26 0.137025
0.96 1.32 0.119063
0.96 1.38 0.102312
0.96 1.44 0.0869059
0.96 1.5 0.0729458
0.96 1.56 0.0604835
0.96 1.62 0.0495273
0.96 1.68 0.0400431
0.96 1.74 0.0319594
0.96 1.8 0.0251762
0.96 1.86 0.0195723
0.96 1.92 0.0150143
0.96 1.98 0.0113642
0.96 2.04 0.00846288
0.96 2.1 0.00623645
0.96 2.16 0.00453346
0.96 2.22 0.00325074
0.96 2.28 0.00229921
0.96 2.34 0.00160403
0.96 2.4 0.00110375
0.96 2.46 0.000749121
0.96 2.52 0.000501462
1.02 -1.68 0.000542336
1.02 -1.62 0.000803016
1.02 -1.56 0.0011735
1.02 -1.5 0.00169268
1.02 -1.44 0.00241008
1.02 -1.38 0.00338748
1.02 -1.32 0.00470063
1.02 -1.26 0.00644021
1.02 -1.2 0.00871262
1.02 -1.14 0.0116395
1.02 -1.08 0.0153567
1.02 -1.02 0.0200108
1.02 -0.96 0.0257835
1.02 -0.9 0.0327897
1.02 -0.84 0.0411966
1.02 -0.78 0.0511371
1.02 -0.72 0.0627192
1.02 -0.66 0.0760105
1.02 -0.6 0.091029
1.02 -0.54 0.10773
1.02 -0.48 0.125997
1.02 -0.42 0.145635
1.02 -0.36 0.16637
1.02 -0.3 0.187842
1.02 -0.24 0.209627
1.02 -0.18 0.231243
1.02 -0.12 0.252159
1.02 -0.06 0.271841
1.02 9.71445e-15 0.289764
1.02 0.06 0.305444
1.02 0.12 0.318464
1.02 0.18 0.328501
1.02 0.24 0.335344
1.02 0.3 0.338887
1.02 0.36 0.339154
1.02 0.42 0.336271
1.02 0.48 0.330453
1.02 0.54 0.321981
1.02 0.6 0.311172
1.02 0.66 0.298363
1.02 0.72 0.283893
1.02 0.78 0.268076
1.02 0.84 0.251208
1.02 0.9 0.233566
1.02 0.96 0.215406
1.02 1.02 0.196973
1.02 1.08 0.178511
1.02 1.14 0.160259
1.02 1.2 0.142446
1.02 1.26 0.125297
1.02 1.32 0.109017
1.02 1.38 0.0937811
1.02 1.44 0.0797341
1.02 1.5 0.0669779
1.02 1.56 0.055572
1.02 1.62 0.0455306
1.02 1.68 0.0368283
1.02 1.74 0.0294044
1.02 1.8 0.0231706
1.02 1.86 0.0180175
1.02 1.92 0.0138244
1.02 1.98 0.0104654
1.02 2.04 0.00779574
1.02 2.1 0.00574543
1.02 2.16 0.00417689
1.02 2.22 0.00299526
1.02 2.28 0.00211862
1.02 2.34 0.00147809
1.02 2.4 0.00101713
1.02 2.46 0.00069034
1.02 2.52 0.000462128
1.08 -1.68 0.000456713
1.08 -1.62 0.000676482
1.08 -1.56 0.000988964
1.08 -1.5 0.00142709
1.08 -1.44 0.00203282
1.08 -1.38 0.00285869
1.08 -1.32 0.00396895
1.08 -1.26 0.00544093
1.08 -1.2 0.00736525
1.08 -1.14 0.00984597
1.08 -1.08 0.0129993
1.08 -1.02 0.0169513
1.08 -0.96 0.021835
1.08 -0.9 0.0278244
1.08 -0.84 0.0349882
1.08 -0.78 0.0434704
1.08 -0.72 0.0533652
1.08 -0.66 0.064736
1.08 -0.6 0.0776024
1.08 -0.54 0.0919309
1.08 -0.48 0.107626
1.08 -0.42 0.12453
1.08 -0.36 0.142405
1.08 -0.3 0.160956
1.08 -0.24 0.179818
1.08 -0.18 0.198577
1.08 -0.12 0.216788
1.08 -0.06 0.23399
1.08 9.71445e-15 0.249731
1.08 0.06 0.263601
1.08 0.12 0.275234
1.08 0.18 0.28436
1.08 0.24 0.290776
1.08 0.3 0.294407
1.08 0.36 0.295248
1.08 0.42 0.293397
1.08 0.48 0.289021
1.08 0.54 0.282341
1.08 0.6 0.273612
1.08 0.66 0.263094
1.08 0.72 0.251059
1.08 0.78 0.237753
1.08 0.84 0.223425
1.08 0.9 0.208293
1.08 0.96 0.192583
1.08 1.02 0.176513
1.08 1.08 0.160304
1.08 1.14 0.14418
1.08 1.2 0.128365
1.08 1.26 0.11307
1.08 1.32 0.0984967
1.08 1.38 0.0848182
1.08 1.44 0.0721757
1.08 1.5 0.0606729
1.08 1.56 0.0503702
1.08 1.62 0.0412894
1.08 1.68 0.0334117
1.08 1.74 0.0266857
1.08 1.8 0.0210339
1.08 1.86 0.0163599
1.08 1.92 0.012555
1.08 1.98 0.00950572
1.08 2.04 0.00708298
1.08 2.1 0.00522052
1.08 2.16 0.00379552
1.08 2.22 0.00272195
1.08 2.28 0.00192541
1.08 2.34 0.00134334
1.08 2.4 0.000924425
1.08 2.46 0.000627438
1.08 2.52 0.000420031
1.14 -1.62 0.000562145
1.14 -1.56 0.000822146
1.14 -1.5 0.00118689
1.14 -1.44 0.00169148
1.14 -1.38 0.00237985
1.14 -1.32 0.00330601
1.14 -1.26 0.00453481
1.14 -1.2 0.00614253
1.14 -1.14 0.00821697
1.14 -1.08 0.0108565
1.14 -1.02 0.0141678
1.14 -0.96 0.0182636
1.14 -0.9 0.0232964
1.14 -0.84 0.0293203
1.14 -0.78 0.0364612
1.14 -0.72 0.0448028
1.14 -0.66 0.0544013
1.14 -0.6 0.0652773
1.14 -0.54 0.0774079
1.14 -0.48 0.0907165
1.14 -0.42 0.105071
1.14 -0.36 0.12028
1.14 -0.3 0.136093
1.14 -0.24 0.152207
1.14 -0.18 0.168275
1.14 -0.12 0.183922
1.14 -0.06 0.198758
1.14 9.71445e-15 0.212405
1.14 0.06 0.224512
1.14 0.12 0.234776
1.14 0.18 0.242954
1.14 0.24 0.248885
1.14 0.3 0.252486
1.14 0.36 0.25375
1.14 0.42 0.252748
1.14 0.48 0.249603
1.14 0.54 0.244484
1.14 0.6 0.237588
1.14 0.66 0.229113
1.14 0.72 0.219264
1.14 0.78 0.208239
1.14 0.84 0.196229
1.14 0.9 0.183419
1.14 0.96 0.169998
1.14 1.02 0.156158
1.14 1.08 0.1421
1.14 1.14 0.128031
1.14 1.2 0.114161
1.14 1.26 0.100692
1.14 1.32 0.0878128
1.14 1.38 0.0756891
1.14 1.44 0.0644588
1.14 1.5 0.0542216
1.14 1.56 0.0450398
1.14 1.62 0.0369364
1.14 1.68 0.0299004
1.14 1.74 0.0238887
1.14 1.8 0.0188341
1.14 1.86 0.014652
1.14 1.92 0.0112461
1.14 1.98 0.00851606
1.14 2.04 0.00634711
1.14 2.1 0.00467857
1.14 2.16 0.00340173
1.14 2.22 0.00243964
1.14 2.28 0.00172579
1.14 2.34 0.00120412
1.14 2.4 0.000828641
1.14 2.46 0.000562434
1.14 2.52 0.000376522
1.2 -1.62 0.000460809
1.2 -1.56 0.000674213
1.2 -1.5 0.000973774
1.2 -1.44 0.00138844
1.2 -1.38 0.00195455
1.2 -1.32 0.00271676
1.2 -1.26 0.0037288
1.2 -1.2 0.00505415
1.2 -1.14 0.00676576
1.2 -1.08 0.00894556
1.2 -1.02 0.0116831
1.2 -0.96 0.0150728
1.2 -0.9 0.0192453
1.2 -0.84 0.0242434
1.2 -0.78 0.0301761
1.2 -0.72 0.0371151
1.2 -0.66 0.0451103
1.2 -0.6 0.0541823
1.2 -0.54 0.0643152
1.2 -0.48 0.0754497
1.2 -0.42 0.0874795
1.2 -0.36 0.100247
1.2 -0.3 0.113549
1.2 -0.24 0.127134
1.2 -0.18 0.140715
1.2 -0.12 0.153982
1.2 -0.06 0.166613
1.2 9.71445e-15 0.178291
1.2 0.06 0.188725
1.2 0.12 0.19766
1.2 0.18 0.204896
1.2 0.24 0.210288
1.2 0.3 0.213767
1.2 0.36 0.215319
1.2 0.42 0.214986
1.2 0.48 0.21286
1.2 0.54 0.209064
1.2 0.6 0.203742
1.2 0.66 0.197042
1.2 0.72 0.189116
1.2 0.78 0.180114
1.2 0.84 0.170185
1.2 0.9 0.15948
1.2 0.96 0.148155
1.2 1.02 0.136382
1.2 1.08 0.124338
1.2 1.14 0.112212
1.2 1.2 0.100199
1.2 1.26 0.0884843
1.2 1.32 0.0772464
1.2 1.38 0.0666403
1.2 1.44 0.0567936
1.2 1.5 0.0478034
1.2 1.56 0.0397282
1.2 1.62 0.0325939
1.2 1.68 0.0263941
1.2 1.74 0.0210934
1.2 1.8 0.0166341
1.2 1.86 0.0129431
1.2 1.92 0.00993602
1.2 1.98 0.00752491
1.2 2.04 0.00560979
1.2 2.1 0.00413536
1.2 2.16 0.00300692
1.2 2.22 0.00215659
1.2 2.28 0.00152562
1.2 2.34 0.00106449
1.2 2.4 0.000732573
1.2 2.46 0.000497242
1.2 2.52 0.000332881
1.26 -1.56 0.000545427
1.26 -1.5 0.000788126
1.26 -1.44 0.00112433
1.26 -1.38 0.00158363
1.26 -1.32 0.00220248
1.26 -1.26 0.00302488
1.26 -1.2 0.0041028
1.26 -1.14 0.00549618
1.26 -1.08 0.00727246
1.26 -1.02 0.00950537
1.26 -0.96 0.0122734
1.26 -0.9 0.0156557
1.26 -0.84 0.0197793
1.26 -0.78 0.0246425
1.26 -0.72 0.030338
1.26 -0.66 0.0369094
1.26 -0.6 0.0443767
1.26 -0.54 0.0527293
1.26 -0.48 0.0619209
1.26 -0.42 0.0718688
1.26 -0.36 0.0824452
1.26 -0.3 0.0934866
1.26 -0.24 0.104788
1.26 -0.18 0.116116
1.26 -0.12 0.127218
1.26 -0.06 0.137831
1.26 9.71445e-15 0.147696
1.26 0.06 0.156575
1.26 0.12 0.164253
1.26 0.18 0.170569
1.26 0.24 0.175399
1.26 0.3 0.178681
1.26 0.36 0.180393
1.26 0.42 0.180564
1.26 0.48 0.179253
1.26 0.54 0.176548
1.26 0.6 0.172547
1.26 0.66 0.167355
1.26 0.72 0.161084
1.26 0.78 0.15384
1.26 0.84 0.145744
1.26 0.9 0.13691
1.26 0.96 0.127473
1.26 1.02 0.117578
1.26 1.08 0.107385
1.26 1.14 0.0970623
1.26 1.2 0.0867864
1.26 1.26 0.0767266
1.26 1.32 0.0670463
1.26 1.38 0.0578872
1.26 1.44 0.0493672
1.26 1.5 0.0415755
1.26 1.56 0.0345681
1.26 1.62 0.0283717
1.26 1.68 0.0229823
1.26 1.74 0.0183715
1.26 1.8 0.0144906
1.26 1.86 0.0112772
1.26 1.92 0.00865844
1.26 1.98 0.00654298
1.26 2.04 0.00489011
1.26 2.1 0.00360505
1.26 2.16 0.00262146
1.26 2.22 0.00188024
1.26 2.28 0.00133017
1.26 2.34 0.000928132
1.26 2.4 0.000638745
1.26 2.46 0.000433563
1.26 2.52 0.000290258
1.32 -1.5 0.000629266
1.32 -1.44 0.000898183
1.32 -1.38 0.00126582
1.32 -1.32 0.00176156
1.32 -1.26 0.0024209
1.32 -1.2 0.00328589
1.32 -1.14 0.00440508
1.32 -1.08 0.00583323
1.32 -1.02 0.00763043
1.32 -0.96 0.00986055
1.32 -0.9 0.0125889
1.32 -0.84 0.0159226
1.32 -0.78 0.0198563
1.32 -0.72 0.0244693
1.32 -0.66 0.0297989
1.32 -0.6 0.0358637
1.32 -0.54 0.0426573
1.32 -0.48 0.0501453
1.32 -0.42 0.058262
1.32 -0.36 0.0669082
1.32 -0.3 0.0759512
1.32 -0.24 0.085229
1.32 -0.18 0.0945558
1.32 -0.12 0.103726
1.32 -0.06 0.112528
1.32 9.71445e-15 0.120754
1.32 0.06 0.128211
1.32 0.12 0.134726
1.32 0.18 0.140165
1.32 0.24 0.144428
1.32 0.3 0.147455
1.32 0.36 0.149225
1.32 0.42 0.14975
1.32 0.48 0.149068
1.32 0.54 0.147234
1.32 0.6 0.144312
1.32 0.66 0.140374
1.32 0.72 0.135496
1.32 0.78 0.129755
1.32 0.84 0.123239
1.32 0.9 0.116041
1.32 0.96 0.108273
1.32 1.02 0.100058
1.32 1.08 0.0915357
1.32 1.14 0.0828571
1.32 1.2 0.0741764
1.32 1.26 0.0656475
1.32 1.32 0.0574156
1.32 1.38 0.0496089
1.32 1.44 0.0423338
1.32 1.5 0.0356701
1.32 1.56 0.0296708
1.32 1.62 0.0243607
1.32 1.68 0.0197389
1.32 1.74 0.0157824
1.32 1.8 0.012451
1.32 1.86 0.00969122
1.32 1.92 0.00744182
1.32 1.98 0.00562501
1.32 2.04 0.00420431
1.32 2.1 0.00309963
1.32 2.16 0.00225408
1.32 2.22 0.00161679
1.32 2.28 0.00114382
1.32 2.34 0.000798128
1.32 2.4 0.000549288
1.32 2.46 0.000372848
1.32 2.52 0.000249613
1.38 -1.5 0.00049565
1.38 -1.44 0.000707857
1.38 -1.38 0.000998182
1.38 -1.32 0.00138999
1.38 -1.26 0.00191156
1.38 -1.2 0.00259641
1.38 -1.14 0.00348337
1.38 -1.08 0.00461634
1.38 -1.02 0.00604358
1.38 -0.96 0.00781648
1.38 -0.9 0.00998787
1.38 -0.84 0.0126095
1.38 -0.78 0.0157873
1.38 -0.72 0.0194741
1.38 -0.66 0.0237393
1.38 -0.6 0.0285995
1.38 -0.54 0.0340519
1.38 -0.48 0.0400712
1.38 -0.42 0.046606
1.38 -0.36 0.0535809
1.38 -0.3 0.0608905
1.38 -0.24 0.0684072
1.38 -0.18 0.0759848
1.38 -0.12 0.0834608
1.38 -0.06 0.0906677
1.38 9.71445e-15 0.0974396
1.38 0.06 0.103622
1.38 0.12 0.109081
1.38 0.18 0.113703
1.38 0.24 0.117409
1.38 0.3 0.120146
1.38 0.36 0.12189
1.38 0.42 0.122642
1.38 0.48 0.122422
1.38 0.54 0.121261
1.38 0.6 0.119198
1.38 0.66 0.116279
1.38 0.72 0.112549
1.38 0.78 0.108067
1.38 0.84 0.102892
1.38 0.9 0.0971004
1.38 0.96 0.0907836
1.38 1.02 0.0840462
1.38 1.08 0.077008
1.38 1.14 0.0698001
1.38 1.2 0.0625585
1.38 1.26 0.05542
1.38 1.32 0.0485097
1.38 1.38 0.0419426
1.38 1.44 0.0358121
1.38 1.5 0.0301893
1.38 1.56 0.0251214
1.38 1.62 0.0206321
1.38 1.68 0.0167219
1.38 1.74 0.0133731
1.38 1.8 0.0105522
1.38 1.86 0.00821445
1.38 1.92 0.00630853
1.38 1.98 0.00476949
1.38 2.04 0.00356511
1.38 2.1 0.00262853
1.38 2.16 0.00191157
1.38 2.22 0.00137116
1.38 2.28 0.000970065
1.38 2.34 0.000676911
1.38 2.4 0.000465867
1.38 2.46 0.000316231
1.38 2.52 0.000211711
1.44 -1.44 0.000550352
1.44 -1.38 0.000776552
1.44 -1.32 0.00108208
1.44 -1.26 0.00148914
1.44 -1.2 0.00202414
1.44 -1.14 0.00271771
1.44 -1.08 0.00360455
1.44 -1.02 0.00472287
1.44 -0.96 0.0061136
1.44 -0.9 0.00781878
1.44 -0.84 0.00987974
1.44 -0.78 0.0123855
1.44 -0.72 0.015293
1.44 -0.66 0.0186611
1.44 -0.6 0.0225045
1.44 -0.54 0.0268226
1.44 -0.48 0.0315968
1.44 -0.42 0.0367893
1.44 -0.36 0.0423408
1.44 -0.3 0.0481716
1.44 -0.24 0.054182
1.44 -0.18 0.0602585
1.44 -0.12 0.0662745
1.44 -0.06 0.0720989
1.44 9.71445e-15 0.0776024
1.44 0.06 0.0826662
1.44 0.12 0.0871803
1.44 0.18 0.0910576
1.44 0.24 0.0942315
1.44 0.3 0.096658
1.44 0.36 0.0983118
1.44 0.42 0.0991862
1.44 0.48 0.0992871
1.44 0.54 0.0986287
1.44 0.6 0.0972317
1.44 0.66 0.0951183
1.44 0.72 0.0923189
1.44 0.78 0.0888684
1.44 0.84 0.0848143
1.44 0.9 0.0802125
1.44 0.96 0.0751378
1.44 1.02 0.0696785
1.44 1.08 0.0639365
1.44 1.14 0.0580243
1.44 1.2 0.0520606
1.44 1.26 0.0461606
1.44 1.32 0.0404356
1.44 1.38 0.0349833
1.44 1.44 0.0298852
1.44 1.5 0.0252039
1.44 1.56 0.0209803
1.44 1.62 0.017236
1.44 1.68 0.0139729
1.44 1.74 0.0111768
1.44 1.8 0.0088205
1.44 1.86 0.00686744
1.44 1.92 0.00527461
1.44 1.98 0.00398858
1.44 2.04 0.00298159
1.44 2.1 0.00219842
1.44 2.16 0.00159882
1.44 2.22 0.00114687
1.44 2.28 0.000811417
1.44 2.34 0.00056621
1.44 2.4 0.00038969
1.44 2.46 0.000264523
1.5 -1.38 0.000596026
1.5 -1.32 0.000831085
1.5 -1.26 0.00114455
1.5 -1.2 0.00155692
1.5 -1.14 0.00209202
1.5 -1.08 0.00277695
1.5 -1.02 0.00364158
1.5 -0.96 0.00471801
1.5 -0.9 0.00603924
1.5 -0.84 0.00763796
1.5 -0.78 0.00954427
1.5 -0.72 0.0118503
1.5 -0.66 0.0144749
1.5 -0.6 0.017474
1.5 -0.54 0.0208482
1.5 -0.48 0.024585
1.5 -0.42 0.028656
1.5 -0.36 0.0330169
1.5 -0.3 0.0376066
1.5 -0.24 0.0423498
1.5 -0.18 0.0471586
1.5 -0.12 0.0519374
1.5 -0.06 0.0565851
1.5 9.71445e-15 0.0610026
1.5 0.06 0.0650958
1.5 0.12 0.0687821
1.5 0.18 0.0719915
1.5 0.24 0.0746715
1.5 0.3 0.076783
1.5 0.36 0.0783021
1.5 0.42 0.0792166
1.5 0.48 0.0795237
1.5 0.54 0.0792248
1.5 0.6 0.0783257
1.5 0.66 0.0768374
1.5 0.72 0.0747738
1.5 0.78 0.0721585
1.5 0.84 0.0690221
1.5 0.9 0.0654104
1.5 0.96 0.0613822
1.5 1.02 0.0570125
1.5 1.08 0.0523858
1.5 1.14 0.0475974
1.5 1.2 0.0427466
1.5 1.26 0.0379339
1.5 1.32 0.0332517
1.5 1.38 0.028785
1.5 1.44 0.0246019
1.5 1.5 0.0207564
1.5 1.56 0.0172838
1.5 1.62 0.0142028
1.5 1.68 0.0115164
1.5 1.74 0.00921349
1.5 1.8 0.00727227
1.5 1.86 0.00566266
1.5 1.92 0.00434079
1.5 1.98 0.00328984
1.5 2.04 0.00245938
1.5 2.1 0.00181347
1.5 2.16 0.00131891
1.5 2.22 0.000946101
1.5 2.28 0.000669378
1.5 2.34 0.00046711
1.5 2.4 0.00032149
1.5 2.46 0.000218233
1.56 -1.32 0.000629754
1.56 -1.26 0.00086792
1.56 -1.2 0.00118153
1.56 -1.14 0.0015889
1.56 -1.08 0.00211085
1.56 -1.02 0.00277046
1.56 -0.96 0.00359253
1.56 -0.9 0.00460265
1.56 -0.84 0.00582623
1.56 -0.78 0.00728688
1.56 -0.72 0.00906091
1.56 -0.66 0.0110789
1.56 -0.6 0.0133881
1.56 -0.54 0.0159901
1.56 -0.48 0.018876
1.56 -0.42 0.0220259
1.56 -0.36 0.0254059
1.56 -0.3 0.0289716
1.56 -0.24 0.0326662
1.56 -0.18 0.0364232
1.56 -0.12 0.0401703
1.56 -0.06 0.0438316
1.56 9.71445e-15 0.0473319
1.56 0.06 0.0506
1.56 0.12 0.0535712
1.56 0.18 0.0561943
1.56 0.24 0.0584235
1.56 0.3 0.0602279
1.56 0.36 0.0615853
1.56 0.42 0.0624799
1.56 0.48 0.0629022
1.56 0.54 0.0628468
1.56 0.6 0.0623103
1.56 0.66 0.0612929
1.56 0.72 0.0598016
1.56 0.78 0.0578466
1.56 0.84 0.0554519
1.56 0.9 0.0526524
1.56 0.96 0.0494943
1.56 1.02 0.0460381
1.56 1.08 0.0423552
1.56 1.14 0.0385252
1.56 1.2 0.0346307
1.56 1.26 0.0307548
1.56 1.32 0.0269765
1.56 1.38 0.0233647
1.56 1.44 0.019978
1.56 1.5 0.0168611
1.56 1.56 0.0140444
1.56 1.62 0.0115438
1.56 1.68 0.00936223
1.56 1.74 0.00749131
1.56 1.8 0.00591371
1.56 1.86 0.0046053
1.56 1.92 0.00353096
1.56 1.98 0.00267626
1.56 2.04 0.00200076
1.56 2.1 0.00147536
1.56 2.16 0.00107305
1.56 2.22 0.000769764
1.56 2.28 0.000544632
1.56 2.34 0.00038006
1.56 2.4 0.000261584
1.56 2.46 0.000177566
1.62 -1.26 0.000649348
1.62 -1.2 0.000884671
1.62 -1.14 0.00119066
1.62 -1.08 0.00158313
1.62 -1.02 0.00207964
1.62 -0.96 0.00269907
1.62 -0.9 0.00346111
1.62 -0.84 0.00438513
1.62 -0.78 0.00548933
1.62 -0.72 0.00678929
1.62 -0.66 0.00836725
1.62 -0.6 0.0101216
1.62 -0.54 0.0121016
1.62 -0.48 0.0143012
1.62 -0.42 0.0167058
1.62 -0.36 0.0192917
1.62 -0.3 0.0220254
1.62 -0.24 0.0248655
1.62 -0.18 0.0277629
1.62 -0.12 0.0306638
1.62 -0.06 0.0335116
1.62 9.71445e-15 0.03625
1.62 0.06 0.0388264
1.62 0.12 0.0411927
1.62 0.18 0.0433068
1.62 0.24 0.045135
1.62 0.3 0.0466511
1.62 0.36 0.0478335
1.62 0.42 0.0486666
1.62 0.48 0.0491372
1.62 0.54 0.0492344
1.62 0.6 0.0489511
1.62 0.66 0.0482806
1.62 0.72 0.0472224
1.62 0.78 0.0457831
1.62 0.84 0.0439787
1.62 0.9 0.041834
1.62 0.96 0.0393877
1.62 1.02 0.036688
1.62 1.08 0.0337928
1.62 1.14 0.0307673
1.62 1.2 0.0276805
1.62 1.26 0.0245997
1.62 1.32 0.0215899
1.62 1.38 0.0187082
1.62 1.44 0.0160029
1.62 1.5 0.0135107
1.62 1.56 0.0112566
1.62 1.62 0.00925441
1.62 1.68 0.0075069
1.62 1.74 0.00600768
1.62 1.8 0.00474303
1.62 1.86 0.00369403
1.62 1.92 0.00283286
1.62 1.98 0.00214723
1.62 2.04 0.00160536
1.62 2.1 0.00118382
1.62 2.16 0.000861031
1.62 2.22 0.000617682
1.62 2.28 0.000437041
1.62 2.34 0.000304986
1.62 2.4 0.000209912
1.62 2.46 0.000142438
1.68 -1.2 0.000653562
1.68 -1.14 0.000880346
1.68 -1.08 0.00117153
1.68 -1.02 0.00154028
1.68 -0.96 0.00200087
1.68 -0.9 0.00256801
1.68 -0.84 0.00325656
1.68 -0.78 0.00408023
1.68 -0.72 0.00505089
1.68 -0.66 0.00623563
1.68 -0.6 0.00755093
1.68 -0.54 0.00903755
1.68 -0.48 0.0106917
1.68 -0.42 0.0125035
1.68 -0.36 0.0144556
1.68 -0.3 0.0165244
1.68 -0.24 0.0186793
1.68 -0.18 0.0208848
1.68 -0.12 0.0231018
1.68 -0.06 0.025289
1.68 9.71445e-15 0.0274052
1.68 0.06 0.0294111
1.68 0.12 0.0312708
1.68 0.18 0.0329531
1.68 0.24 0.0344311
1.68 0.3 0.0356831
1.68 0.36 0.0366902
1.68 0.42 0.0374363
1.68 0.48 0.0379073
1.68 0.54 0.0380904
1.68 0.6 0.0379746
1.68 0.66 0.0375515
1.68 0.72 0.0368168
1.68 0.78 0.0357727
1.68 0.84 0.0344295
1.68 0.9 0.032807
1.68 0.96 0.0309344
1.68 1.02 0.0288508
1.68 1.08 0.0266033
1.68 1.14 0.0242439
1.68 1.2 0.0218281
1.68 1.26 0.0194112
1.68 1.32 0.0170454
1.68 1.38 0.0147768
1.68 1.44 0.0126446
1.68 1.5 0.0106786
1.68 1.56 0.00889932
1.68 1.62 0.00731784
1.68 1.68 0.00593693
1.68 1.74 0.00475192
1.68 1.8 0.00375207
1.68 1.86 0.00291686
1.68 1.92 0.00224155
1.68 1.98 0.00169915
1.68 2.04 0.0012704
1.68 2.1 0.000936854
1.68 2.16 0.000681422
1.68 2.22 0.000488843
1.68 2.28 0.000345885
1.68 2.34 0.000241378
1.68 2.4 0.000166061
1.74 -1.14 0.000642221
1.74 -1.08 0.000855389
1.74 -1.02 0.00112564
1.74 -0.96 0.00146351
1.74 -0.9 0.00188006
1.74 -0.84 0.00238624
1.74 -0.78 0.00299241
1.74 -0.72 0.00370749
1.74 -0.66 0.00453809
1.74 -0.6 0.00555849
1.74 -0.54 0.00665998
1.74 -0.48 0.00788772
1.74 -0.42 0.00923468
1.74 -0.36 0.0106893
1.74 -0.3 0.0122342
1.74 -0.24 0.0138482
1.74 -0.18 0.0155058
1.74 -0.12 0.0171787
1.74 -0.06 0.0188374
1.74 9.71445e-15 0.0204521
1.74 0.06 0.0219942
1.74 0.12 0.0234378
1.74 0.18 0.0247585
1.74 0.24 0.0259365
1.74 0.3 0.0269532
1.74 0.36 0.0277924
1.74 0.42 0.0284394
1.74 0.48 0.0288801
1.74 0.54 0.029101
1.74 0.6 0.0290903
1.74 0.66 0.0288383
1.74 0.72 0.0283387
1.74 0.78 0.0275924
1.74 0.84 0.0266053
1.74 0.9 0.0253922
1.74 0.96 0.0239762
1.74 1.02 0.0223881
1.74 1.08 0.0206648
1.74 1.14 0.0188481
1.74 1.2 0.016982
1.74 1.26 0.0151107
1.74 1.32 0.0132753
1.74 1.38 0.0115132
1.74 1.44 0.0098552
1.74 1.5 0.0083252
1.74 1.56 0.00693953
1.74 1.62 0.00570738
1.74 1.68 0.00463108
1.74 1.74 0.00370718
1.74 1.8 0.00292743
1.74 1.86 0.00227624
1.74 1.92 0.00174936
1.74 1.98 0.00132611
1.74 2.04 0.000991532
1.74 2.1 0.000731221
1.74 2.16 0.000531864
1.74 2.22 0.000381562
1.74 2.28 0.000269981
1.74 2.34 0.000188316
1.74 2.4 0.000129627
1.8 -1.08 0.000616241
1.8 -1.02 0.000811653
1.8 -0.96 0.00105624
1.8 -0.9 0.00135807
1.8 -0.84 0.00172523
1.8 -0.78 0.0021654
1.8 -0.72 0.00268515
1.8 -0.66 0.00328946
1.8 -0.6 0.00398087
1.8 -0.54 0.004843
1.8 -0.48 0.00574215
1.8 -0.42 0.00673058
1.8 -0.36 0.00780009
1.8 -0.3 0.00893906
1.8 -0.24 0.0101323
1.8 -0.18 0.0113621
1.8 -0.12 0.0126085
1.8 -0.06 0.0138507
1.8 9.71445e-15 0.0150675
1.8 0.06 0.0162384
1.8 0.12 0.0173445
1.8 0.18 0.0183681
1.8 0.24 0.0192932
1.8 0.3 0.0201055
1.8 0.36 0.0207909
1.8 0.42 0.0213365
1.8 0.48 0.0217288
1.8 0.54 0.0219551
1.8 0.6 0.0220041
1.8 0.66 0.0218662
1.8 0.72 0.0215347
1.8 0.78 0.0210085
1.8 0.84 0.0202923
1.8 0.9 0.0193961
1.8 0.96 0.0183384
1.8 1.02 0.0171426
1.8 1.08 0.0158377
1.8 1.14 0.0144566
1.8 1.2 0.0130339
1.8 1.26 0.0116039
1.8 1.32 0.0101991
1.8 1.38 0.00884845
1.8 1.44 0.00757658
1.8 1.5 0.00640188
1.8 1.56 0.00533745
1.8 1.62 0.00439052
1.8 1.68 0.00356305
1.8 1.74 0.00285254
1.8 1.8 0.00224842
1.8 1.86 0.00175195
1.8 1.92 0.00134651
1.8 1.98 0.00102077
1.8 2.04 0.000763249
1.8 2.1 0.000562882
1.8 2.16 0.000409435
1.8 2.22 0.000293734
1.8 2.28 0.000207724
1.8 2.34 0.00014498
1.8 2.4 9.97968e-05
1.86 -1.02 0.000577459
1.86 -0.96 0.000752152
1.86 -0.9 0.000967944
1.86 -0.84 0.00123073
1.86 -0.78 0.00154607
1.86 -0.72 0.00191878
1.86 -0.66 0.00235254
1.86 -0.6 0.00284928
1.86 -0.54 0.00347519
1.86 -0.48 0.004125
1.86 -0.42 0.00484082
1.86 -0.36 0.00561698
1.86 -0.3 0.00644577
1.86 -0.24 0.00731669
1.86 -0.18 0.00821746
1.86 -0.12 0.00913444
1.86 -0.06 0.0100531
1.86 9.71445e-15 0.0109586
1.86 0.06 0.0118367
1.86 0.12 0.0126734
1.86 0.18 0.0134562
1.86 0.24 0.0141723
1.86 0.3 0.0148109
1.86 0.36 0.01536
1.86 0.42 0.0158083
1.86 0.48 0.0161442
1.86 0.54 0.0163562
1.86 0.6 0.0164341
1.86 0.66 0.0163688
1.86 0.72 0.0161545
1.86 0.78 0.015789
1.86 0.84 0.0152755
1.86 0.9 0.0146216
1.86 0.96 0.0138408
1.86 1.02 0.0129514
1.86 1.08 0.0119759
1.86 1.14 0.0109393
1.86 1.2 0.00986874
1.86 1.26 0.00879032
1.86 1.32 0.00772938
1.86 1.38 0.00670807
1.86 1.44 0.00574539
1.86 1.5 0.00485569
1.86 1.56 0.00404914
1.86 1.62 0.00333127
1.86 1.68 0.0027038
1.86 1.74 0.00216485
1.86 1.8 0.0017067
1.86 1.86 0.00132993
1.86 1.92 0.0010222
1.86 1.98 0.000774936
1.86 2.04 0.000579452
1.86 2.1 0.000427349
1.86 2.16 0.000310854
1.86 2.22 0.000222875
1.86 2.28 0.000157724
1.86 2.34 0.000110082
1.92 -0.96 0.000528481
1.92 -0.9 0.000680708
1.92 -0.84 0.000866273
1.92 -0.78 0.00108916
1.92 -0.72 0.00135285
1.92 -0.66 0.00166001
1.92 -0.6 0.00201208
1.92 -0.54 0.0024089
1.92 -0.48 0.00292422
1.92 -0.42 0.0034358
1.92 -0.36 0.00399183
1.92 -0.3 0.00458705
1.92 -0.24 0.00521456
1.92 -0.18 0.00586603
1.92 -0.12 0.0065322
1.92 -0.06 0.0072031
1.92 9.71445e-15 0.00786872
1.92 0.06 0.00851892
1.92 0.12 0.00914385
1.92 0.18 0.00973439
1.92 0.24 0.0102811
1.92 0.3 0.010775
1.92 0.36 0.0112067
1.92 0.42 0.0115666
1.92 0.48 0.011845
1.92 0.54 0.012032
1.92 0.6 0.0121186
1.92 0.66 0.0120971
1.92 0.72 0.0119625
1.92 0.78 0.0117124
1.92 0.84 0.0113486
1.92 0.9 0.010877
1.92 0.96 0.0103078
1.92 1.02 0.00965449
1.92 1.08 0.0089343
1.92 1.14 0.00816655
1.92 1.2 0.00737129
1.92 1.26 0.00656877
1.92 1.32 0.00577811
1.92 1.38 0.00501622
1.92 1.44 0.00429742
1.92 1.5 0.00363269
1.92 1.56 0.0030298
1.92 1.62 0.00249301
1.92 1.68 0.00202365
1.92 1.74 0.00161728
1.92 1.8 0.00127774
1.92 1.86 0.000995708
1.92 1.92 0.000765345
1.92 1.98 0.000580238
1.92 2.04 0.000433876
1.92 2.1 0.000319712
1.92 2.16 0.000232604
1.92 2.22 0.000166902
1.92 2.28 0.000118112
1.92 2.34 8.24355e-05
1.98 -0.9 0.000472332
1.98 -0.84 0.000601615
1.98 -0.78 0.000757048
1.98 -0.72 0.000941104
1.98 -0.66 0.00115569
1.98 -0.6 0.00140185
1.98 -0.54 0.00167953
1.98 -0.48 0.00198731
1.98 -0.42 0.00240649
1.98 -0.36 0.00279965
1.98 -0.3 0.0032217
1.98 -0.24 0.00366807
1.98 -0.18 0.00413328
1.98 -0.12 0.0046112
1.98 -0.06 0.00509515
1.98 9.71445e-15 0.00557829
1.98 0.06 0.00605367
1.98 0.12 0.00651457
1.98 0.18 0.00695405
1.98 0.24 0.0073654
1.98 0.3 0.00774148
1.98 0.36 0.00807481
1.98 0.42 0.00835765
1.98 0.48 0.00858185
1.98 0.54 0.00873938
1.98 0.6 0.00882272
1.98 0.66 0.00882576
1.98 0.72 0.0087438
1.98 0.78 0.00857512
1.98 0.84 0.00832066
1.98 0.9 0.0079846
1.98 0.96 0.00757452
1.98 1.02 0.00710068
1.98 1.08 0.00657584
1.98 1.14 0.00601434
1.98 1.2 0.00543136
1.98 1.26 0.00484211
1.98 1.32 0.0042607
1.98 1.38 0.00369992
1.98 1.44 0.0031705
1.98 1.5 0.0026806
1.98 1.56 0.00223607
1.98 1.62 0.00184014
1.98 1.68 0.00149384
1.98 1.74 0.00119411
1.98 1.8 0.000943458
1.98 1.86 0.000735249
1.98 1.92 0.000565163
1.98 1.98 0.000428488
1.98 2.04 0.000320098
1.98 2.1 0.000236129
1.98 2.16 0.000171793
1.98 2.22 0.000123267
1.98 2.28 8.72327e-05
1.98 2.34 6.08842e-05
2.04 -0.78 0.000519182
2.04 -0.72 0.000645928
2.04 -0.66 0.00079382
2.04 -0.6 0.000963618
2.04 -0.54 0.0011553
2.04 -0.48 0.00136789
2.04 -0.42 0.00159942
2.04 -0.36 0.0019378
2.04 -0.3 0.00223322
2.04 -0.24 0.00254673
2.04 -0.18 0.00287479
2.04 -0.12 0.00321337
2.04 -0.06 0.00355812
2.04 9.71445e-15 0.00390446
2.04 0.06 0.00424776
2.04 0.12 0.00458317
2.04 0.18 0.004906
2.04 0.24 0.00521096
2.04 0.3 0.00549282
2.04 0.36 0.00574568
2.04 0.42 0.00596341
2.04 0.48 0.00613944
2.04 0.54 0.00626745
2.04 0.6 0.0063414
2.04 0.66 0.00635617
2.04 0.72 0.00630837
2.04 0.78 0.0061961
2.04 0.84 0.00602025
2.04 0.9 0.00578364
2.04 0.96 0.00549188
2.04 1.02 0.00515246
2.04 1.08 0.00477479
2.04 1.14 0.00436952
2.04 1.2 0.00394783
2.04 1.26 0.0035208
2.04 1.32 0.00309904
2.04 1.38 0.00269185
2.04 1.44 0.00230714
2.04 1.5 0.00195099
2.04 1.56 0.00162767
2.04 1.62 0.00133963
2.04 1.68 0.00108553
2.04 1.74 0.000869564
2.04 1.8 0.00068707
2.04 1.86 0.000535466
2.04 1.92 0.000411615
2.04 1.98 0.000311731
2.04 2.04 0.000233161
2.04 2.1 0.000171996
2.04 2.16 0.000125135
2.04 2.22 8.97893e-05
2.04 2.28 6.35417e-05
2.1 -0.66 0.00053797
2.1 -0.6 0.000653503
2.1 -0.54 0.000784026
2.1 -0.48 0.00092891
2.1 -0.42 0.00108677
2.1 -0.36 0.0012554
2.1 -0.3 0.00152788
2.1 -0.24 0.00174529
2.1 -0.18 0.00197373
2.1 -0.12 0.00221063
2.1 -0.06 0.00245319
2.1 9.71445e-15 0.0026984
2.1 0.06 0.00294312
2.1 0.12 0.00318416
2.1 0.18 0.00341798
2.1 0.24 0.00364093
2.1 0.3 0.00384892
2.1 0.36 0.00403747
2.1 0.42 0.00420177
2.1 0.48 0.00433684
2.1 0.54 0.00443763
2.1 0.6 0.0044995
2.1 0.66 0.00451858
2.1 0.72 0.00449196
2.1 0.78 0.00441847
2.1 0.84 0.00429833
2.1 0.9 0.00413374
2.1 0.96 0.00392862
2.1 1.02 0.00368857
2.1 1.08 0.00342033
2.1 1.14 0.00313161
2.1 1.2 0.00283055
2.1 1.26 0.00252528
2.1 1.32 0.00222337
2.1 1.38 0.00193171
2.1 1.44 0.00165596
2.1 1.5 0.00140056
2.1 1.56 0.00116861
2.1 1.62 0.000959917
2.1 1.68 0.000779595
2.1 1.74 0.000624536
2.1 1.8 0.000493489
2.1 1.86 0.000384025
2.1 1.92 0.000295295
2.1 1.98 0.000223946
2.1 2.04 0.000167504
2.1 2.1 0.000123564
2.1 2.16 8.98964e-05
2.1 2.22 6.4504e-05
2.1 2.28 4.56478e-05
2.16 -0.6 0.000437249
2.16 -0.54 0.000524928
2.16 -0.48 0.000622317
2.16 -0.42 0.000728485
2.16 -0.36 0.000841984
2.16 -0.3 0.00096075
2.16 -0.24 0.0011806
2.16 -0.18 0.00133769
2.16 -0.12 0.00150138
2.16 -0.06 0.00166993
2.16 9.71445e-15 0.00184138
2.16 0.06 0.00201367
2.16 0.12 0.00218459
2.16 0.18 0.0023517
2.16 0.24 0.00251233
2.16 0.3 0.00266341
2.16 0.36 0.00280163
2.16 0.42 0.00292335
2.16 0.48 0.00302472
2.16 0.54 0.00310197
2.16 0.6 0.00315157
2.16 0.66 0.00317058
2.16 0.72 0.00315685
2.16 0.78 0.00310935
2.16 0.84 0.00302824
2.16 0.9 0.00291511
2.16 0.96 0.00277273
2.16 1.02 0.00260503
2.16 1.08 0.00241697
2.16 1.14 0.00221399
2.16 1.2 0.00200192
2.16 1.26 0.00178658
2.16 1.32 0.00157341
2.16 1.38 0.00136731
2.16 1.44 0.00117232
2.16 1.5 0.000991656
2.16 1.56 0.000827526
2.16 1.62 0.000679897
2.16 1.68 0.000552214
2.16 1.74 0.000441449
2.16 1.8 0.000348984
2.16 1.86 0.000272089
2.16 1.92 0.000209224
2.16 1.98 0.000158673
2.16 2.04 0.00011868
2.16 2.1 8.75478e-05
2.16 2.16 6.36943e-05
2.16 2.22 4.5703e-05
2.22 -0.42 0.000481745
2.22 -0.36 0.00055708
2.22 -0.3 0.000635968
2.22 -0.24 0.000716693
2.22 -0.18 0.000895008
2.22 -0.12 0.00100673
2.22 -0.06 0.00112238
2.22 9.71445e-15 0.00124077
2.22 0.06 0.00136053
2.22 0.12 0.00148014
2.22 0.18 0.00159796
2.22 0.24 0.001712
2.22 0.3 0.00182009
2.22 0.36 0.00191974
2.22 0.42 0.00200826
2.22 0.48 0.00208282
2.22 0.54 0.0021406
2.22 0.6 0.00217899
2.22 0.66 0.00219578
2.22 0.72 0.00218947
2.22 0.78 0.0021592
2.22 0.84 0.00210513
2.22 0.9 0.00202829
2.22 0.96 0.00193067
2.22 1.02 0.00181505
2.22 1.08 0.00168487
2.22 1.14 0.00154404
2.22 1.2 0.00139664
2.22 1.26 0.00124676
2.22 1.32 0.00109826
2.22 1.38 0.00095458
2.22 1.44 0.000818586
2.22 1.5 0.000692523
2.22 1.56 0.000576769
2.22 1.62 0.000473533
2.22 1.68 0.000384853
2.22 1.74 0.000308478
2.22 1.8 0.000243863
2.22 1.86 0.000190132
2.22 1.92 0.000146204
2.22 1.98 0.000110877
2.22 2.04 8.29317e-05
2.22 2.1 6.11764e-05
2.22 2.16 4.45082e-05
2.22 2.22 3.19365e-05
2.28 -0.3 0.00041528
2.28 -0.24 0.000468192
2.28 -0.18 0.000521
2.28 -0.12 0.000666487
2.28 -0.06 0.000744878
2.28 9.71445e-15 0.000825594
2.28 0.06 0.000907766
2.28 0.12 0.000990384
2.28 0.18 0.0010723
2.28 0.24 0.00115211
2.28 0.3 0.00122825
2.28 0.36 0.00129894
2.28 0.42 0.00136219
2.28 0.48 0.00141595
2.28 0.54 0.00145819
2.28 0.6 0.00148702
2.28 0.66 0.00150084
2.28 0.72 0.00149856
2.28 0.78 0.00147956
2.28 0.84 0.00144392
2.28 0.9 0.00139237
2.28 0.96 0.00132627
2.28 1.02 0.00124755
2.28 1.08 0.00115861
2.28 1.14 0.00106218
2.28 1.2 0.000961091
2.28 1.26 0.000858178
2.28 1.32 0.000756138
2.28 1.38 0.000657329
2.28 1.44 0.000563764
2.28 1.5 0.00047398
2.28 1.56 0.00039603
2.28 1.62 0.00032635
2.28 1.68 0.000265233
2.28 1.74 0.000212598
2.28 1.8 0.000168066
2.28 1.86 0.000131036
2.28 1.92 0.00010076
2.28 1.98 7.64146e-05
2.28 2.04 5.71542e-05
2.28 2.1 4.21616e-05
2.28 2.16 3.06742e-05
2.34 -0.12 0.000368992
2.34 -0.06 0.000488128
2.34 9.71445e-15 0.000542475
2.34 0.06 0.00059814
2.34 0.12 0.000654442
2.34 0.18 0.000710609
2.34 0.24 0.000765663
2.34 0.3 0.000818488
2.34 0.36 0.00086782
2.34 0.42 0.000912239
2.34 0.48 0.000950289
2.34 0.54 0.000980529
2.34 0.6 0.00100161
2.34 0.66 0.0010124
2.34 0.72 0.00101214
2.34 0.78 0.00100038
2.34 0.84 0.000977166
2.34 0.9 0.000942998
2.34 0.96 0.00089879
2.34 1.02 0.000845894
2.34 1.08 0.000785937
2.34 1.14 0.00072078
2.34 1.2 0.000652374
2.34 1.26 0.000582656
2.34 1.32 0.000509808
2.34 1.38 0.000443877
2.34 1.44 0.000380281
2.34 1.5 0.000322169
2.34 1.56 0.000269184
2.34 1.62 0.000221821
2.34 1.68 0.000180279
2.34 1.74 0.000144503
2.34 1.8 0.000114235
2.34 1.86 8.90658e-05
2.34 1.92 6.84874e-05
2.34 1.98 5.19393e-05
2.34 2.04 3.88483e-05
2.34 2.1 2.86575e-05
2.4 0.06 0.000262153
2.4 0.12 0.000427082
2.4 0.18 0.000465061
2.4 0.24 0.000502488
2.4 0.3 0.000538588
2.4 0.36 0.000572462
2.4 0.42 0.000603136
2.4 0.48 0.000629588
2.4 0.54 0.000650802
2.4 0.6 0.000665849
2.4 0.66 0.000673952
2.4 0.72 0.000674563
2.4 0.78 0.000667391
2.4 0.84 0.000652446
2.4 0.9 0.000630067
2.4 0.96 0.000600882
2.4 1.02 0.000555238
2.4 1.08 0.000517944
2.4 1.14 0.000476549
2.4 1.2 0.000432457
2.4 1.26 0.000387069
2.4 1.32 0.000341697
2.4 1.38 0.000297513
2.4 1.44 0.000254929
2.4 1.5 0.000215971
2.4 1.56 0.00018045
2.4 1.62 0.000148701
2.4 1.68 0.000120853
2.4 1.74 9.68695e-05
2.4 1.8 7.65788e-05
2.4 1.86 5.97061e-05
2.4 1.92 4.59115e-05
2.4 1.98 3.48181e-05
2.4 2.04 2.60426e-05
2.4 2.1 1.9211e-05
2.46 0.12 0.000200792
2.46 0.18 0.000229935
2.46 0.24 0.000259778
2.46 0.3 0.00028955
2.46 0.36 0.000318379
2.46 0.42 0.000345353
2.46 0.48 0.000369545
2.46 0.54 0.000390069
2.46 0.6 0.000406142
2.46 0.66 0.000417132
2.46 0.72 0.000422584
2.46 0.78 0.000422279
2.46 0.84 0.000416219
2.46 0.9 0.000404641
2.46 0.96 0.000388016
2.46 1.02 0.000366988
2.46 1.08 0.000342351
2.46 1.14 0.000314998
2.46 1.2 0.000285859
2.46 1.26 0.000255865
2.46 1.32 0.000225876
2.46 1.38 0.000196215
2.46 1.44 0.000168547
2.46 1.5 0.000142789
2.46 1.56 0.000119305
2.46 1.62 9.83137e-05
2.46 1.68 7.99018e-05
2.46 1.74 6.40454e-05
2.46 1.8 5.06302e-05
2.46 1.86 3.94745e-05
2.46 1.92 3.03543e-05
2.46 1.98 2.30201e-05
2.46 2.04 1.72181e-05
2.52 0.24 0.000169175
2.52 0.3 0.000188591
2.52 0.36 0.000207394
2.52 0.42 0.00022499
2.52 0.48 0.000240774
2.52 0.54 0.000254167
2.52 0.6 0.000264663
2.52 0.66 0.000271844
2.52 0.72 0.000275414
2.52 0.78 0.000275229
2.52 0.84 0.000271294
2.52 0.9 0.00026376
2.52 0.96 0.000252933
2.52 1.02 0.000239234
2.52 1.08 0.00022318
2.52 1.14 0.000205352
2.52 1.2 0.000186362
2.52 1.26 0.000166811
2.52 1.32 0.0001469
2.52 1.38 0.000127943
2.52 1.44 0.000109902
2.52 1.5 9.31071e-05
2.52 1.56 7.77937e-05
2.52 1.62 6.41061e-05
2.52 1.68 5.21007e-05
2.52 1.74 4.17617e-05
2.52 1.8 3.30137e-05
2.52 1.86 2.57399e-05
2.52 1.92 1.97928e-05
2.52 1.98 1.50104e-05
2.58 0.36 0.000133248
2.58 0.42 0.000144567
2.58 0.48 0.000154724
2.58 0.54 0.000163346
2.58 0.6 0.000170104
2.58 0.66 0.000174729
2.58 0.72 0.000177035
2.58 0.78 0.000176926
2.58 0.84 0.000174403
2.58 0.9 0.000169568
2.58 0.96 0.000162612
2.58 1.02 0.00015381
2.58 1.08 0.000143493
2.58 1.14 0.000132035
2.58 1.2 0.000119828
2.58 1.26 0.000106977
2.58 1.32 9.44705e-05
2.58 1.38 8.22808e-05
2.58 1.44 7.06779e-05
2.58 1.5 5.98771e-05
2.58 1.56 5.00292e-05
2.58 1.62 4.12266e-05
2.58 1.68 3.3506e-05
2.58 1.74 2.68566e-05
2.58 1.8 2.12311e-05
2.58 1.86 1.65532e-05
2.58 1.92 1.27288e-05
2.64 0.48 9.80653e-05
2.64 0.54 0.000103537
2.64 0.6 0.000107829
2.64 0.66 0.000110768
2.64 0.72 0.000112236
2.64 0.78 0.000112173
2.64 0.84 0.000110578
2.64 0.9 0.000107517
2.64 0.96 0.00010311
2.64 1.02 9.75318e-05
2.64 1.08 9.09922e-05
2.64 1.14 8.3465e-05
2.64 1.2 7.57768e-05
2.64 1.26 6.78507e-05
2.64 1.32 5.9919e-05
2.64 1.38 5.21869e-05
2.64 1.44 4.48277e-05
2.64 1.5 3.79775e-05
2.64 1.56 3.17316e-05
2.64 1.62 2.61482e-05
2.64 1.68 2.12513e-05
2.64 1.74 1.70341e-05
2.64 1.8 1.3466e-05
2.64 1.86 1.04991e-05
2.64 1.92 8.07326e-06
2.7 0.6 6.74153e-05
2.7 0.66 6.92576e-05
2.7 0.72 7.01793e-05
2.7 0.78 7.01428e-05
2.7 0.84 6.91484e-05
2.7 0.9 6.72361e-05
2.7 0.96 6.44828e-05
2.7 1.02 6.09956e-05
2.7 1.08 5.67173e-05
2.7 1.14 5.22106e-05
2.7 1.2 4.74009e-05
2.7 1.26 4.24436e-05
2.7 1.32 3.74816e-05
2.7 1.38 3.2645e-05
2.7 1.44 2.80419e-05
2.7 1.5 2.37564e-05
2.7 1.56 1.98494e-05
2.7 1.62 1.6357e-05
2.7 1.68 1.32936e-05
2.7 1.74 1.06555e-05
2.7 1.8 8.42362e-06
2.7 1.86 6.56758e-06
2.76 0.78 4.32589e-05
2.76 0.84 4.26471e-05
2.76 0.9 4.14694e-05
2.76 0.96 3.97724e-05
2.76 1.02 3.74895e-05
2.76 1.08 3.49914e-05
2.76 1.14 3.22111e-05
2.76 1.2 2.9244e-05
2.76 1.26 2.61852e-05
2.76 1.32 2.3124e-05
2.76 1.38 2.01402e-05
2.76 1.44 1.73001e-05
2.76 1.5 1.46564e-05
2.76 1.56 1.22458e-05
2.76 1.62 1.00912e-05
2.76 1.68 8.2014e-06
2.76 1.74 6.57381e-06
2.76 1.8 5.19683e-06
2.82 1.02 2.28109e-05
2.82 1.08 2.12907e-05
2.82 1.14 1.9599e-05
2.82 1.2 1.77937e-05
2.82 1.26 1.59326e-05
2.82 1.32 1.40702e-05
2.82 1.38 1.22545e-05
2.82 1.44 1.05265e-05
2.82 1.5 8.91773e-06
2.82 1.56 7.45114e-06
2.82 1.62 6.14014e-06
2.82 1.68 4.99026e-06
2.82 1.74 3.99994e-06
