4450 0.06 0.06 0.354254 -12 -12
-0.06 0.42 7.87179e-06
-0.06 0.48 8.90842e-06
-0.06 0.54 9.94299e-06
-0.06 0.6 1.09453e-05
-0.06 0.66 1.18829e-05
-0.06 0.72 1.27233e-05
-0.06 0.78 1.34363e-05
-0.06 0.84 1.39939e-05
-0.06 0.9 1.43745e-05
-0.06 0.96 1.45624e-05
9.71445e-15 0.06 4.66043e-06
9.71445e-15 0.12 5.73084e-06
9.71445e-15 0.18 6.95028e-06
9.71445e-15 0.24 8.31325e-06
9.71445e-15 0.3 9.80701e-06
9.71445e-15 0.36 1.141e-05
9.71445e-15 0.42 1.30926e-05
9.71445e-15 0.48 1.48168e-05
9.71445e-15 0.54 1.65375e-05
9.71445e-15 0.6 1.82046e-05
9.71445e-15 0.66 1.9764e-05
9.71445e-15 0.72 2.11622e-05
9.71445e-15 0.78 2.23478e-05
9.71445e-15 0.84 2.32754e-05
9.71445e-15 0.9 2.39084e-05
9.71445e-15 0.96 2.42208e-05
9.71445e-15 1.02 2.42e-05
9.71445e-15 1.08 2.38472e-05
9.71445e-15 1.14 2.31763e-05
9.71445e-15 1.2 2.22149e-05
9.71445e-15 1.26 2.10004e-05
0.06 -0.12 3.78373e-06
0.06 -0.06 4.85009e-06
0.06 9.71445e-15 6.13143e-06
0.06 0.06 7.64487e-06
0.06 0.12 9.40073e-06
0.06 0.18 1.14011e-05
0.06 0.24 1.36369e-05
0.06 0.3 1.60873e-05
0.06 0.36 1.87168e-05
0.06 0.42 2.14768e-05
0.06 0.48 2.43052e-05
0.06 0.54 2.71278e-05
0.06 0.6 2.98624e-05
0.06 0.66 3.24204e-05
0.06 0.72 3.47141e-05
0.06 0.78 3.66589e-05
0.06 0.84 3.81806e-05
0.06 0.9 3.92189e-05
0.06 0.96 3.97314e-05
0.06 1.02 3.96971e-05
0.06 1.08 3.91183e-05
0.06 1.14 3.80179e-05
0.06 1.2 3.64408e-05
0.06 1.26 3.44485e-05
0.06 1.32 3.21176e-05
0.06 1.38 2.95333e-05
0.06 1.44 2.67832e-05
0.12 -0.3 2.67488e-06
0.12 -0.24 3.57406e-06
0.12 -0.18 4.7099e-06
0.12 -0.12 6.12143e-06
0.12 -0.06 7.84662e-06
0.12 9.71445e-15 9.91961e-06
0.12 0.06 1.23681e-05
0.12 0.12 1.52088e-05
0.12 0.18 1.8445e-05
0.12 0.24 2.20622e-05
0.12 0.3 2.60264e-05
0.12 0.36 3.02806e-05
0.12 0.42 3.47459e-05
0.12 0.48 3.93218e-05
0.12 0.54 4.38883e-05
0.12 0.6 4.83124e-05
0.12 0.66 5.24507e-05
0.12 0.72 5.61614e-05
0.12 0.78 5.9308e-05
0.12 0.84 6.17696e-05
0.12 0.9 6.34495e-05
0.12 0.96 6.42788e-05
0.12 1.02 6.42234e-05
0.12 1.08 6.3287e-05
0.12 1.14 6.15067e-05
0.12 1.2 5.89551e-05
0.12 1.26 5.57318e-05
0.12 1.32 5.1961e-05
0.12 1.38 4.77798e-05
0.12 1.44 4.33308e-05
0.12 1.5 3.87555e-05
0.12 1.56 3.41874e-05
0.12 1.62 2.97433e-05
0.18 -0.42 2.29336e-06
0.18 -0.36 3.15028e-06
0.18 -0.3 4.26801e-06
0.18 -0.24 5.70275e-06
0.18 -0.18 7.51505e-06
0.18 -0.12 9.76731e-06
0.18 -0.06 1.252e-05
0.18 9.71445e-15 1.58277e-05
0.18 0.06 1.97344e-05
0.18 0.12 2.42673e-05
0.18 0.18 2.94308e-05
0.18 0.24 3.52024e-05
0.18 0.3 4.15273e-05
0.18 0.36 4.83156e-05
0.18 0.42 5.54407e-05
0.18 0.48 6.27418e-05
0.18 0.54 7.00279e-05
0.18 0.6 7.70872e-05
0.18 0.66 8.36903e-05
0.18 0.72 8.96101e-05
0.18 0.78 9.46315e-05
0.18 0.84 9.85587e-05
0.18 0.9 0.000101239
0.18 0.96 0.000102563
0.18 1.02 0.000102475
0.18 1.08 0.000100981
0.18 1.14 9.81395e-05
0.18 1.2 9.40684e-05
0.18 1.26 8.89252e-05
0.18 1.32 8.29086e-05
0.18 1.38 7.62366e-05
0.18 1.44 6.91382e-05
0.18 1.5 6.18381e-05
0.18 1.56 5.45491e-05
0.18 1.62 4.74579e-05
0.18 1.68 4.07205e-05
0.18 1.74 3.44601e-05
0.24 -0.54 1.83478e-06
0.24 -0.48 2.59114e-06
0.24 -0.42 3.60897e-06
0.24 -0.36 4.95754e-06
0.24 -0.3 6.71638e-06
0.24 -0.24 8.97426e-06
0.24 -0.18 1.18263e-05
0.24 -0.12 1.53704e-05
0.24 -0.06 1.9702e-05
0.24 9.71445e-15 2.49075e-05
0.24 0.06 3.10552e-05
0.24 0.12 3.81885e-05
0.24 0.18 4.6314e-05
0.24 0.24 5.53972e-05
0.24 0.3 6.53502e-05
0.24 0.36 7.60324e-05
0.24 0.42 8.7245e-05
0.24 0.48 9.87342e-05
0.24 0.54 0.000110201
0.24 0.6 0.000121309
0.24 0.66 0.0001317
0.24 0.72 0.000141017
0.24 0.78 0.000148917
0.24 0.84 0.000155098
0.24 0.9 0.000159314
0.24 0.96 0.000161398
0.24 1.02 0.000161262
0.24 1.08 0.00015891
0.24 1.14 0.000154439
0.24 1.2 0.000148031
0.24 1.26 0.000139939
0.24 1.32 0.000130471
0.24 1.38 0.00011997
0.24 1.44 0.0001088
0.24 1.5 9.73133e-05
0.24 1.56 8.58427e-05
0.24 1.62 7.4683e-05
0.24 1.68 6.40811e-05
0.24 1.74 5.42287e-05
0.24 1.8 4.52601e-05
0.24 1.86 3.72552e-05
0.3 -0.66 1.36976e-06
0.3 -0.6 1.9887e-06
0.3 -0.54 2.84765e-06
0.3 -0.48 4.02147e-06
0.3 -0.42 5.60124e-06
0.3 -0.36 7.69427e-06
0.3 -0.3 1.04241e-05
0.3 -0.24 1.39283e-05
0.3 -0.18 1.83548e-05
0.3 -0.12 2.38554e-05
0.3 -0.06 3.05784e-05
0.3 9.71445e-15 3.86574e-05
0.3 0.06 4.81988e-05
0.3 0.12 5.92688e-05
0.3 0.18 7.18813e-05
0.3 0.24 8.59778e-05
0.3 0.3 0.000101426
0.3 0.36 0.000118005
0.3 0.42 0.000135405
0.3 0.48 0.000153237
0.3 0.54 0.000171034
0.3 0.6 0.000188273
0.3 0.66 0.000204404
0.3 0.72 0.000218863
0.3 0.78 0.000231124
0.3 0.84 0.000240718
0.3 0.9 0.000247264
0.3 0.96 0.000250496
0.3 1.02 0.000250281
0.3 1.08 0.000246629
0.3 1.14 0.000239693
0.3 1.2 0.000229748
0.3 1.26 0.00021719
0.3 1.32 0.000202494
0.3 1.38 0.0001862
0.3 1.44 0.000168861
0.3 1.5 0.000151033
0.3 1.56 0.00013323
0.3 1.62 0.00011591
0.3 1.68 9.94562e-05
0.3 1.74 8.41637e-05
0.3 1.8 7.02447e-05
0.3 1.86 5.78219e-05
0.3 1.92 4.69411e-05
0.3 1.98 3.75846e-05
0.36 -0.72 1.42428e-06
0.36 -0.66 2.09666e-06
0.36 -0.6 3.0441e-06
0.36 -0.54 4.35887e-06
0.36 -0.48 6.15576e-06
0.36 -0.42 8.57377e-06
0.36 -0.36 1.17775e-05
0.36 -0.3 1.5956e-05
0.36 -0.24 2.132e-05
0.36 -0.18 2.80954e-05
0.36 -0.12 3.65152e-05
0.36 -0.06 4.68059e-05
0.36 9.71445e-15 5.91721e-05
0.36 0.06 7.37779e-05
0.36 0.12 9.07239e-05
0.36 0.18 0.000110027
0.36 0.24 0.000131606
0.36 0.3 0.00015525
0.36 0.36 0.000180629
0.36 0.42 0.000207267
0.36 0.48 0.000234563
0.36 0.54 0.000261802
0.36 0.6 0.000288193
0.36 0.66 0.000312877
0.36 0.72 0.000335012
0.36 0.78 0.000353782
0.36 0.84 0.000368467
0.36 0.9 0.000378484
0.36 0.96 0.000383433
0.36 1.02 0.000383106
0.36 1.08 0.00037752
0.36 1.14 0.000366897
0.36 1.2 0.000351676
0.36 1.26 0.00033245
0.36 1.32 0.000309956
0.36 1.38 0.000285012
0.36 1.44 0.000258475
0.36 1.5 0.000231184
0.36 1.56 0.000203935
0.36 1.62 0.000177424
0.36 1.68 0.000152236
0.36 1.74 0.000128831
0.36 1.8 0.000107524
0.36 1.86 8.85066e-05
0.36 1.92 7.18531e-05
0.36 1.98 5.75302e-05
0.36 2.04 4.54298e-05
0.36 2.1 3.53811e-05
0.42 -0.78 1.44052e-06
0.42 -0.72 2.15017e-06
0.42 -0.66 3.16528e-06
0.42 -0.6 4.59553e-06
0.42 -0.54 6.58041e-06
0.42 -0.48 9.29294e-06
0.42 -0.42 1.29435e-05
0.42 -0.36 1.77801e-05
0.42 -0.3 2.40884e-05
0.42 -0.24 3.21858e-05
0.42 -0.18 4.24146e-05
0.42 -0.12 5.51256e-05
0.42 -0.06 7.06614e-05
0.42 9.71445e-15 8.93304e-05
0.42 0.06 0.000111379
0.42 0.12 0.000136961
0.42 0.18 0.000166105
0.42 0.24 0.00019868
0.42 0.3 0.000234379
0.42 0.36 0.000272689
0.42 0.42 0.000312899
0.42 0.48 0.000354105
0.42 0.54 0.000395232
0.42 0.6 0.000435068
0.42 0.66 0.000472342
0.42 0.72 0.000505754
0.42 0.78 0.000534089
0.42 0.84 0.000556255
0.42 0.9 0.000571384
0.42 0.96 0.000578854
0.42 1.02 0.000578359
0.42 1.08 0.000569918
0.42 1.14 0.000553892
0.42 1.2 0.000530908
0.42 1.26 0.000501887
0.42 1.32 0.00046793
0.42 1.38 0.000430275
0.42 1.44 0.00039021
0.42 1.5 0.000349009
0.42 1.56 0.000307871
0.42 1.62 0.000267847
0.42 1.68 0.000229826
0.42 1.74 0.000194487
0.42 1.8 0.000162324
0.42 1.86 0.000133616
0.42 1.92 0.000108473
0.42 1.98 8.68515e-05
0.42 2.04 6.85836e-05
0.42 2.1 5.34134e-05
0.42 2.16 4.10269e-05
0.48 -0.78 2.14483e-06
0.48 -0.72 3.2014e-06
0.48 -0.66 4.7128e-06
0.48 -0.6 6.84237e-06
0.48 -0.54 9.79759e-06
0.48 -0.48 1.38365e-05
0.48 -0.42 1.92716e-05
0.48 -0.36 2.64729e-05
0.48 -0.3 3.58649e-05
0.48 -0.24 4.79217e-05
0.48 -0.18 6.31516e-05
0.48 -0.12 8.20773e-05
0.48 -0.06 0.000105208
0.48 9.71445e-15 0.000133005
0.48 0.06 0.000165833
0.48 0.12 0.000203923
0.48 0.18 0.000247315
0.48 0.24 0.000295816
0.48 0.3 0.000348967
0.48 0.36 0.000406006
0.48 0.42 0.000465879
0.48 0.48 0.000527231
0.48 0.54 0.000588462
0.48 0.6 0.000647774
0.48 0.66 0.000703271
0.48 0.72 0.000753019
0.48 0.78 0.000795199
0.48 0.84 0.000828215
0.48 0.9 0.000850732
0.48 0.96 0.000861847
0.48 1.02 0.00086112
0.48 1.08 0.00084856
0.48 1.14 0.000824684
0.48 1.2 0.000790473
0.48 1.26 0.000747266
0.48 1.32 0.000696701
0.48 1.38 0.000640635
0.48 1.44 0.000580978
0.48 1.5 0.000519644
0.48 1.56 0.000458394
0.48 1.62 0.000398802
0.48 1.68 0.000342189
0.48 1.74 0.000289577
0.48 1.8 0.000241684
0.48 1.86 0.000198941
0.48 1.92 0.000161506
0.48 1.98 0.000129313
0.48 2.04 0.000102113
0.48 2.1 7.95273e-05
0.48 2.16 6.10858e-05
0.48 2.22 4.62752e-05
0.54 -0.84 2.08108e-06
0.54 -0.78 3.14956e-06
0.54 -0.72 4.70109e-06
0.54 -0.66 6.92042e-06
0.54 -0.6 1.00476e-05
0.54 -0.54 1.43872e-05
0.54 -0.48 2.03181e-05
0.54 -0.42 2.8299e-05
0.54 -0.36 3.88737e-05
0.54 -0.3 5.26653e-05
0.54 -0.24 7.03701e-05
0.54 -0.18 9.27337e-05
0.54 -0.12 0.000120525
0.54 -0.06 0.000154492
0.54 9.71445e-15 0.000195308
0.54 0.06 0.000243517
0.54 0.12 0.000299449
0.54 0.18 0.000363164
0.54 0.24 0.000434386
0.54 0.3 0.000512432
0.54 0.36 0.000596192
0.54 0.42 0.000684117
0.54 0.48 0.000774212
0.54 0.54 0.00086412
0.54 0.6 0.000951225
0.54 0.66 0.0010327
0.54 0.72 0.00110577
0.54 0.78 0.00116771
0.54 0.84 0.00121619
0.54 0.9 0.00124925
0.54 0.96 0.00126558
0.54 1.02 0.0012645
0.54 1.08 0.00124607
0.54 1.14 0.001211
0.54 1.2 0.00116076
0.54 1.26 0.00109731
0.54 1.32 0.00102306
0.54 1.38 0.000940733
0.54 1.44 0.000853137
0.54 1.5 0.000763064
0.54 1.56 0.000673121
0.54 1.62 0.000585618
0.54 1.68 0.000502481
0.54 1.74 0.000425227
0.54 1.8 0.000354898
0.54 1.86 0.000292132
0.54 1.92 0.000237163
0.54 1.98 0.000189889
0.54 2.04 0.000149948
0.54 2.1 0.000116781
0.54 2.16 8.97006e-05
0.54 2.22 6.79527e-05
0.54 2.28 5.07694e-05
0.6 -0.9 1.9641e-06
0.6 -0.84 3.01393e-06
0.6 -0.78 4.56137e-06
0.6 -0.72 6.80838e-06
0.6 -0.66 1.00226e-05
0.6 -0.6 1.45514e-05
0.6 -0.54 2.08364e-05
0.6 -0.48 2.94258e-05
0.6 -0.42 4.09841e-05
0.6 -0.36 5.62992e-05
0.6 -0.3 7.62733e-05
0.6 -0.24 0.000101914
0.6 -0.18 0.000134302
0.6 -0.12 0.00017455
0.6 -0.06 0.000223743
0.6 9.71445e-15 0.000282855
0.6 0.06 0.000352675
0.6 0.12 0.000433678
0.6 0.18 0.000525951
0.6 0.24 0.000629105
0.6 0.3 0.000742135
0.6 0.36 0.000863441
0.6 0.42 0.000990774
0.6 0.48 0.00112126
0.6 0.54 0.00125147
0.6 0.6 0.00137762
0.6 0.66 0.00149561
0.6 0.72 0.00160143
0.6 0.78 0.00169115
0.6 0.84 0.00176135
0.6 0.9 0.00180923
0.6 0.96 0.00183289
0.6 1.02 0.00183132
0.6 1.08 0.00180462
0.6 1.14 0.00175385
0.6 1.2 0.00168108
0.6 1.26 0.00158918
0.6 1.32 0.00148166
0.6 1.38 0.00136242
0.6 1.44 0.00123557
0.6 1.5 0.00110512
0.6 1.56 0.000974847
0.6 1.62 0.000848123
0.6 1.68 0.000727724
0.6 1.74 0.000615837
0.6 1.8 0.000513983
0.6 1.86 0.000423082
0.6 1.92 0.000343474
0.6 1.98 0.000275008
0.6 2.04 0.000217164
0.6 2.1 0.00016913
0.6 2.16 0.000129909
0.6 2.22 9.84129e-05
0.6 2.28 7.35272e-05
0.6 2.34 5.41798e-05
0.6 2.4 3.93742e-05
0.66 -0.9 2.80542e-06
0.66 -0.84 4.30494e-06
0.66 -0.78 6.51523e-06
0.66 -0.72 9.72474e-06
0.66 -0.66 1.43157e-05
0.66 -0.6 2.07845e-05
0.66 -0.54 2.97617e-05
0.66 -0.48 4.20302e-05
0.66 -0.42 5.85395e-05
0.66 -0.36 8.0415e-05
0.66 -0.3 0.000108945
0.66 -0.24 0.000145569
0.66 -0.18 0.00019183
0.66 -0.12 0.000249319
0.66 -0.06 0.000319584
0.66 9.71445e-15 0.000404016
0.66 0.06 0.000503743
0.66 0.12 0.000619443
0.66 0.18 0.000751243
0.66 0.24 0.000898582
0.66 0.3 0.00106003
0.66 0.36 0.00123329
0.66 0.42 0.00141517
0.66 0.48 0.00160155
0.66 0.54 0.00178754
0.66 0.6 0.00196772
0.66 0.66 0.00213625
0.66 0.72 0.00228741
0.66 0.78 0.00241555
0.66 0.84 0.00251583
0.66 0.9 0.00258422
0.66 0.96 0.00261801
0.66 1.02 0.00261577
0.66 1.08 0.00257763
0.66 1.14 0.00250511
0.66 1.2 0.00240116
0.66 1.26 0.0022699
0.66 1.32 0.00211633
0.66 1.38 0.00194602
0.66 1.44 0.00176482
0.66 1.5 0.00157849
0.66 1.56 0.00139242
0.66 1.62 0.00121142
0.66 1.68 0.00103944
0.66 1.74 0.00087963
0.66 1.8 0.000734147
0.66 1.86 0.00060431
0.66 1.92 0.0004906
0.66 1.98 0.000392807
0.66 2.04 0.000310186
0.66 2.1 0.000241577
0.66 2.16 0.000185555
0.66 2.22 0.000140568
0.66 2.28 0.000105022
0.66 2.34 7.73875e-05
0.66 2.4 5.62401e-05
0.66 2.46 4.03098e-05
0.72 -0.96 2.54003e-06
0.72 -0.9 3.95205e-06
0.72 -0.84 6.06442e-06
0.72 -0.78 9.17809e-06
0.72 -0.72 1.36994e-05
0.72 -0.66 2.01668e-05
0.72 -0.6 2.92796e-05
0.72 -0.54 4.19257e-05
0.72 -0.48 5.92086e-05
0.72 -0.42 8.24657e-05
0.72 -0.36 0.000113282
0.72 -0.3 0.000153472
0.72 -0.24 0.000205065
0.72 -0.18 0.000270234
0.72 -0.12 0.000351221
0.72 -0.06 0.000450204
0.72 9.71445e-15 0.000569144
0.72 0.06 0.00070963
0.72 0.12 0.000872618
0.72 0.18 0.00105829
0.72 0.24 0.00126584
0.72 0.3 0.00149328
0.72 0.36 0.00173735
0.72 0.42 0.00199357
0.72 0.48 0.00225612
0.72 0.54 0.00251812
0.72 0.6 0.00277194
0.72 0.66 0.00300938
0.72 0.72 0.0032223
0.72 0.78 0.00340281
0.72 0.84 0.00354408
0.72 0.9 0.00364044
0.72 0.96 0.00368801
0.72 1.02 0.00368485
0.72 1.08 0.00363114
0.72 1.14 0.00352897
0.72 1.2 0.00338256
0.72 1.26 0.00319766
0.72 1.32 0.0029813
0.72 1.38 0.00274139
0.72 1.44 0.00248611
0.72 1.5 0.00222364
0.72 1.56 0.00196153
0.72 1.62 0.00170654
0.72 1.68 0.00146428
0.72 1.74 0.00123915
0.72 1.8 0.0010342
0.72 1.86 0.000851303
0.72 1.92 0.000691114
0.72 1.98 0.000553355
0.72 2.04 0.000436961
0.72 2.1 0.000340311
0.72 2.16 0.000261395
0.72 2.22 0.00019802
0.72 2.28 0.000147946
0.72 2.34 0.000109016
0.72 2.4 7.92266e-05
0.72 2.46 5.67851e-05
0.72 2.52 4.0141e-05
0.78 -0.96 3.529e-06
0.78 -0.9 5.49079e-06
0.78 -0.84 8.42568e-06
0.78 -0.78 1.27515e-05
0.78 -0.72 1.90332e-05
0.78 -0.66 2.80187e-05
0.78 -0.6 4.06797e-05
0.78 -0.54 5.82491e-05
0.78 -0.48 8.2261e-05
0.78 -0.42 0.000114575
0.78 -0.36 0.000157387
0.78 -0.3 0.000213227
0.78 -0.24 0.000284904
0.78 -0.18 0.000375451
0.78 -0.12 0.000487971
0.78 -0.06 0.000625491
0.78 9.71445e-15 0.000790746
0.78 0.06 0.00098592
0.78 0.12 0.00121237
0.78 0.18 0.00147035
0.78 0.24 0.00175869
0.78 0.3 0.00207469
0.78 0.36 0.00241382
0.78 0.42 0.00276977
0.78 0.48 0.00313452
0.78 0.54 0.00349854
0.78 0.6 0.00385122
0.78 0.66 0.00418113
0.78 0.72 0.00447688
0.78 0.78 0.00472771
0.78 0.84 0.00492396
0.78 0.9 0.00505786
0.78 0.96 0.00512394
0.78 1.02 0.00511957
0.78 1.08 0.00504491
0.78 1.14 0.00490296
0.78 1.2 0.0046996
0.78 1.26 0.00444269
0.78 1.32 0.00414205
0.78 1.38 0.00380874
0.78 1.44 0.00345408
0.78 1.5 0.0030894
0.78 1.56 0.00272526
0.78 1.62 0.00237099
0.78 1.68 0.00203439
0.78 1.74 0.00172161
0.78 1.8 0.00143688
0.78 1.86 0.00118276
0.78 1.92 0.000960191
0.78 1.98 0.000768804
0.78 2.04 0.000607095
0.78 2.1 0.000472807
0.78 2.16 0.000363169
0.78 2.22 0.000275118
0.78 2.28 0.000205549
0.78 2.34 0.000151463
0.78 2.4 0.000110074
0.78 2.46 7.88944e-05
0.78 2.52 5.57704e-05
0.84 -1.02 3.06521e-06
0.84 -0.96 4.83561e-06
0.84 -0.9 7.52369e-06
0.84 -0.84 1.15453e-05
0.84 -0.78 1.74728e-05
0.84 -0.72 2.60801e-05
0.84 -0.66 3.83927e-05
0.84 -0.6 5.5741e-05
0.84 -0.54 7.98163e-05
0.84 -0.48 0.000112719
0.84 -0.42 0.000156997
0.84 -0.36 0.000215662
0.84 -0.3 0.000292177
0.84 -0.24 0.000390397
0.84 -0.18 0.000514463
0.84 -0.12 0.000668639
0.84 -0.06 0.000857072
0.84 9.71445e-15 0.00108352
0.84 0.06 0.00135095
0.84 0.12 0.00166127
0.84 0.18 0.00201475
0.84 0.24 0.00240988
0.84 0.3 0.00284285
0.84 0.36 0.00330756
0.84 0.42 0.00379531
0.84 0.48 0.00429509
0.84 0.54 0.00479396
0.84 0.6 0.00527714
0.84 0.66 0.00572922
0.84 0.72 0.00613448
0.84 0.78 0.00647816
0.84 0.84 0.00674701
0.84 0.9 0.0069305
0.84 0.96 0.00702115
0.84 1.02 0.00701519
0.84 1.08 0.00691283
0.84 1.14 0.00671839
0.84 1.2 0.0064396
0.84 1.26 0.00608757
0.84 1.32 0.00567574
0.84 1.38 0.00521894
0.84 1.44 0.00473302
0.84 1.5 0.00423331
0.84 1.56 0.0037343
0.84 1.62 0.00324881
0.84 1.68 0.00278764
0.84 1.74 0.00235903
0.84 1.8 0.0019689
0.84 1.86 0.00162068
0.84 1.92 0.00131571
0.84 1.98 0.00105345
0.84 2.04 0.000831876
0.84 2.1 0.000647876
0.84 2.16 0.000497637
0.84 2.22 0.00037698
0.84 2.28 0.000281658
0.84 2.34 0.000207542
0.84 2.4 0.000150828
0.84 2.46 0.000108106
0.84 2.52 7.64196e-05
0.84 2.58 5.32783e-05
0.9 -1.02 4.1424e-06
0.9 -0.96 6.53493e-06
0.9 -0.9 1.01678e-05
0.9 -0.84 1.56025e-05
0.9 -0.78 2.36132e-05
0.9 -0.72 3.52456e-05
0.9 -0.66 5.1885e-05
0.9 -0.6 7.53299e-05
0.9 -0.54 0.000107866
0.9 -0.48 0.00015233
0.9 -0.42 0.000212167
0.9 -0.36 0.00029145
0.9 -0.3 0.000394852
0.9 -0.24 0.000527589
0.9 -0.18 0.000695257
0.9 -0.12 0.000903615
0.9 -0.06 0.00115828
0.9 9.71445e-15 0.00146429
0.9 0.06 0.00182573
0.9 0.12 0.00224505
0.9 0.18 0.00272277
0.9 0.24 0.00325675
0.9 0.3 0.00384191
0.9 0.36 0.00446986
0.9 0.42 0.005129
0.9 0.48 0.0058045
0.9 0.54 0.0064786
0.9 0.6 0.00713159
0.9 0.66 0.00774253
0.9 0.72 0.00829032
0.9 0.78 0.0087547
0.9 0.84 0.00911817
0.9 0.9 0.00936609
0.9 0.96 0.00948847
0.9 1.02 0.00948035
0.9 1.08 0.00934211
0.9 1.14 0.00907928
0.9 1.2 0.00870262
0.9 1.26 0.00822687
0.9 1.32 0.00767025
0.9 1.38 0.00705303
0.9 1.44 0.00639624
0.9 1.5 0.00572096
0.9 1.56 0.00504658
0.9 1.62 0.00439057
0.9 1.68 0.00376729
0.9 1.74 0.00318806
0.9 1.8 0.00266077
0.9 1.86 0.00219023
0.9 1.92 0.00177809
0.9 1.98 0.00142367
0.9 2.04 0.00112421
0.9 2.1 0.000875549
0.9 2.16 0.00067251
0.9 2.22 0.000509462
0.9 2.28 0.000380634
0.9 2.34 0.000280476
0.9 2.4 0.000203833
0.9 2.46 0.000146096
0.9 2.52 0.000103275
0.9 2.58 7.20003e-05
0.9 2.64 4.95072e-05
0.96 -1.02 5.52114e-06
0.96 -0.96 8.71008e-06
0.96 -0.9 1.3552e-05
0.96 -0.84 2.07958e-05
0.96 -0.78 3.14727e-05
0.96 -0.72 4.69763e-05
0.96 -0.66 6.91541e-05
0.96 -0.6 0.000100403
0.96 -0.54 0.000143767
0.96 -0.48 0.000203034
0.96 -0.42 0.000282788
0.96 -0.36 0.000388456
0.96 -0.3 0.000526277
0.96 -0.24 0.000703195
0.96 -0.18 0.000926667
0.96 -0.12 0.00120437
0.96 -0.06 0.00154378
0.96 9.71445e-15 0.00195166
0.96 0.06 0.00243338
0.96 0.12 0.00299233
0.96 0.18 0.00362903
0.96 0.24 0.00434075
0.96 0.3 0.00512063
0.96 0.36 0.00595768
0.96 0.42 0.00683625
0.96 0.48 0.00773649
0.96 0.54 0.00863501
0.96 0.6 0.00950537
0.96 0.66 0.0103196
0.96 0.72 0.0110496
0.96 0.78 0.0116686
0.96 0.84 0.012153
0.96 0.9 0.0124834
0.96 0.96 0.0126467
0.96 1.02 0.012636
0.96 1.08 0.0124516
0.96 1.14 0.0121014
0.96 1.2 0.0115992
0.96 1.26 0.0109651
0.96 1.32 0.0102233
0.96 1.38 0.00940049
0.96 1.44 0.00852524
0.96 1.5 0.00762516
0.96 1.56 0.00672634
0.96 1.62 0.00585189
0.96 1.68 0.00502118
0.96 1.74 0.00424918
0.96 1.8 0.00354645
0.96 1.86 0.00291921
0.96 1.92 0.0023699
0.96 1.98 0.00189749
0.96 2.04 0.0014984
0.96 2.1 0.00116697
0.96 2.16 0.00089636
0.96 2.22 0.000679031
0.96 2.28 0.00050733
0.96 2.34 0.000373831
0.96 2.4 0.000271677
0.96 2.46 0.000194725
0.96 2.52 0.000137649
0.96 2.58 9.59665e-05
0.96 2.64 6.5986e-05
0.96 2.7 4.47477e-05
1.02 -1.08 4.53726e-06
1.02 -1.02 7.25767e-06
1.02 -0.96 1.14496e-05
1.02 -0.9 1.78145e-05
1.02 -0.84 2.73366e-05
1.02 -0.78 4.13714e-05
1.02 -0.72 6.1752e-05
1.02 -0.66 9.09049e-05
1.02 -0.6 0.000131982
1.02 -0.54 0.000188986
1.02 -0.48 0.000266891
1.02 -0.42 0.00037173
1.02 -0.36 0.000510633
1.02 -0.3 0.000691804
1.02 -0.24 0.000924357
1.02 -0.18 0.00121812
1.02 -0.12 0.00158319
1.02 -0.06 0.00202937
1.02 9.71445e-15 0.00256551
1.02 0.06 0.00319876
1.02 0.12 0.00393346
1.02 0.18 0.00477043
1.02 0.24 0.00570594
1.02 0.3 0.00673121
1.02 0.36 0.00783144
1.02 0.42 0.00898633
1.02 0.48 0.0101698
1.02 0.54 0.0113508
1.02 0.6 0.012495
1.02 0.66 0.0135653
1.02 0.72 0.014525
1.02 0.78 0.0153388
1.02 0.84 0.0159755
1.02 0.9 0.0164099
1.02 0.96 0.0166244
1.02 1.02 0.01661
1.02 1.08 0.0163679
1.02 1.14 0.0159074
1.02 1.2 0.0152475
1.02 1.26 0.0144139
1.02 1.32 0.0134386
1.02 1.38 0.0123573
1.02 1.44 0.0112066
1.02 1.5 0.0100233
1.02 1.56 0.00884189
1.02 1.62 0.0076925
1.02 1.68 0.00660045
1.02 1.74 0.00558562
1.02 1.8 0.00466183
1.02 1.86 0.00383739
1.02 1.92 0.00311529
1.02 1.98 0.00249434
1.02 2.04 0.00196969
1.02 2.1 0.001534
1.02 2.16 0.00117827
1.02 2.22 0.0008926
1.02 2.28 0.000666888
1.02 2.34 0.000491413
1.02 2.4 0.000357127
1.02 2.46 0.000255967
1.02 2.52 0.000180942
1.02 2.58 0.000126149
1.02 2.64 8.67392e-05
1.02 2.7 5.88222e-05
1.02 2.76 3.93416e-05
1.08 -1.08 5.88237e-06
1.08 -1.02 9.4093e-06
1.08 -0.96 1.48438e-05
1.08 -0.9 2.30956e-05
1.08 -0.84 3.54402e-05
1.08 -0.78 5.36362e-05
1.08 -0.72 8.00589e-05
1.08 -0.66 0.000117855
1.08 -0.6 0.000171108
1.08 -0.54 0.000245013
1.08 -0.48 0.000346011
1.08 -0.42 0.000481931
1.08 -0.36 0.000662019
1.08 -0.3 0.000896892
1.08 -0.24 0.0011984
1.08 -0.18 0.00157925
1.08 -0.12 0.00205252
1.08 -0.06 0.00263098
1.08 9.71445e-15 0.00332609
1.08 0.06 0.00414705
1.08 0.12 0.00509951
1.08 0.18 0.00618468
1.08 0.24 0.00739758
1.08 0.3 0.00872675
1.08 0.36 0.0101531
1.08 0.42 0.0116503
1.08 0.48 0.0131846
1.08 0.54 0.0147159
1.08 0.6 0.0161991
1.08 0.66 0.0175869
1.08 0.72 0.0188311
1.08 0.78 0.0198859
1.08 0.84 0.0207115
1.08 0.9 0.0212747
1.08 0.96 0.0215527
1.08 1.02 0.0215343
1.08 1.08 0.0212201
1.08 1.14 0.0206232
1.08 1.2 0.0197676
1.08 1.26 0.0186871
1.08 1.32 0.0174227
1.08 1.38 0.0160207
1.08 1.44 0.0145288
1.08 1.5 0.0129949
1.08 1.56 0.0114632
1.08 1.62 0.00997296
1.08 1.68 0.00855726
1.08 1.74 0.00724151
1.08 1.8 0.00604386
1.08 1.86 0.00497502
1.08 1.92 0.00403885
1.08 1.98 0.0032338
1.08 2.04 0.0025536
1.08 2.1 0.00198877
1.08 2.16 0.00152759
1.08 2.22 0.00115722
1.08 2.28 0.000864598
1.08 2.34 0.00063709
1.08 2.4 0.000462996
1.08 2.46 0.000331852
1.08 2.52 0.000234585
1.08 2.58 0.000163546
1.08 2.64 0.000112454
1.08 2.7 7.626e-05
1.08 2.76 5.10048e-05
1.14 -1.08 7.52141e-06
1.14 -1.02 1.2031e-05
1.14 -0.96 1.89797e-05
1.14 -0.9 2.95308e-05
1.14 -0.84 4.5315e-05
1.14 -0.78 6.85811e-05
1.14 -0.72 0.000102366
1.14 -0.66 0.000150693
1.14 -0.6 0.000218786
1.14 -0.54 0.000313282
1.14 -0.48 0.000442422
1.14 -0.42 0.000616213
1.14 -0.36 0.00084648
1.14 -0.3 0.00114679
1.14 -0.24 0.00153232
1.14 -0.18 0.00201929
1.14 -0.12 0.00262443
1.14 -0.06 0.00336404
1.14 9.71445e-15 0.00425286
1.14 0.06 0.00530255
1.14 0.12 0.00652046
1.14 0.18 0.00790794
1.14 0.24 0.00945882
1.14 0.3 0.0111583
1.14 0.36 0.0129821
1.14 0.42 0.0148966
1.14 0.48 0.0168583
1.14 0.54 0.0188163
1.14 0.6 0.0207127
1.14 0.66 0.0224872
1.14 0.72 0.0240781
1.14 0.78 0.0254267
1.14 0.84 0.0264823
1.14 0.9 0.0272023
1.14 0.96 0.027558
1.14 1.02 0.0275346
1.14 1.08 0.0271328
1.14 1.14 0.0263696
1.14 1.2 0.0252754
1.14 1.26 0.023894
1.14 1.32 0.0222773
1.14 1.38 0.0204846
1.14 1.44 0.0185771
1.14 1.5 0.0166158
1.14 1.56 0.0146572
1.14 1.62 0.0127517
1.14 1.68 0.0109416
1.14 1.74 0.00925924
1.14 1.8 0.00772793
1.14 1.86 0.00636121
1.14 1.92 0.0051642
1.14 1.98 0.00413482
1.14 2.04 0.0032651
1.14 2.1 0.00254292
1.14 2.16 0.00195323
1.14 2.22 0.00147965
1.14 2.28 0.00110551
1.14 2.34 0.0008146
1.14 2.4 0.000592005
1.14 2.46 0.000424319
1.14 2.52 0.000299949
1.14 2.58 0.000209117
1.14 2.64 0.000143788
1.14 2.7 9.75087e-05
1.14 2.76 6.52163e-05
1.14 2.82 4.30186e-05
1.2 -1.14 5.8481e-06
1.2 -1.08 9.48495e-06
1.2 -1.02 1.51718e-05
1.2 -0.96 2.39345e-05
1.2 -0.9 3.72401e-05
1.2 -0.84 5.7145e-05
1.2 -0.78 8.64849e-05
1.2 -0.72 0.000129089
1.2 -0.66 0.000190033
1.2 -0.6 0.000275902
1.2 -0.54 0.000395067
1.2 -0.48 0.000557922
1.2 -0.42 0.000777081
1.2 -0.36 0.00106746
1.2 -0.3 0.00144617
1.2 -0.24 0.00193234
1.2 -0.18 0.00254644
1.2 -0.12 0.00330957
1.2 -0.06 0.00424224
1.2 9.71445e-15 0.0053631
1.2 0.06 0.00668681
1.2 0.12 0.0082227
1.2 0.18 0.00997238
1.2 0.24 0.0119281
1.2 0.3 0.0140713
1.2 0.36 0.0163712
1.2 0.42 0.0187855
1.2 0.48 0.0212593
1.2 0.54 0.0237285
1.2 0.6 0.0261199
1.2 0.66 0.0283577
1.2 0.72 0.0303638
1.2 0.78 0.0320645
1.2 0.84 0.0333957
1.2 0.9 0.0343037
1.2 0.96 0.0347522
1.2 1.02 0.0347228
1.2 1.08 0.0342162
1.2 1.14 0.0332536
1.2 1.2 0.0318738
1.2 1.26 0.0301317
1.2 1.32 0.028093
1.2 1.38 0.0258322
1.2 1.44 0.0234267
1.2 1.5 0.0209535
1.2 1.56 0.0184837
1.2 1.62 0.0160807
1.2 1.68 0.013798
1.2 1.74 0.0116765
1.2 1.8 0.00974537
1.2 1.86 0.00802184
1.2 1.92 0.00651235
1.2 1.98 0.00521424
1.2 2.04 0.00411748
1.2 2.1 0.00320677
1.2 2.16 0.00246314
1.2 2.22 0.00186593
1.2 2.28 0.00139411
1.2 2.34 0.00102726
1.2 2.4 0.000746554
1.2 2.46 0.000535091
1.2 2.52 0.000378253
1.2 2.58 0.000263709
1.2 2.64 0.000181326
1.2 2.7 0.000122964
1.2 2.76 8.22414e-05
1.2 2.82 5.4249e-05
1.2 2.88 3.52922e-05
1.26 -1.14 7.27346e-06
1.26 -1.08 1.17967e-05
1.26 -1.02 1.88696e-05
1.26 -0.96 2.97679e-05
1.26 -0.9 4.63165e-05
1.26 -0.84 7.10728e-05
1.26 -0.78 0.000107563
1.26 -0.72 0.000160551
1.26 -0.66 0.000236349
1.26 -0.6 0.000343146
1.26 -0.54 0.000491354
1.26 -0.48 0.000693899
1.26 -0.42 0.000966478
1.26 -0.36 0.00132763
1.26 -0.3 0.00179864
1.26 -0.24 0.00240329
1.26 -0.18 0.00316707
1.26 -0.12 0.00411619
1.26 -0.06 0.0052762
1.26 9.71445e-15 0.00667023
1.26 0.06 0.00831656
1.26 0.12 0.0102267
1.26 0.18 0.0124029
1.26 0.24 0.0148353
1.26 0.3 0.0175008
1.26 0.36 0.0203614
1.26 0.42 0.0233639
1.26 0.48 0.0264406
1.26 0.54 0.0295116
1.26 0.6 0.0324859
1.26 0.66 0.0352693
1.26 0.72 0.0377643
1.26 0.78 0.0398795
1.26 0.84 0.0415351
1.26 0.9 0.0426645
1.26 0.96 0.0432221
1.26 1.02 0.0431855
1.26 1.08 0.0425553
1.26 1.14 0.0413583
1.26 1.2 0.0396423
1.26 1.26 0.0374756
1.26 1.32 0.0349398
1.26 1.38 0.0321282
1.26 1.44 0.0291364
1.26 1.5 0.0260604
1.26 1.56 0.0229886
1.26 1.62 0.0199999
1.26 1.68 0.0171609
1.26 1.74 0.0145223
1.26 1.8 0.0121205
1.26 1.86 0.00997699
1.26 1.92 0.00809956
1.26 1.98 0.00648509
1.26 2.04 0.00512102
1.26 2.1 0.00398833
1.26 2.16 0.00306347
1.26 2.22 0.0023207
1.26 2.28 0.00173389
1.26 2.34 0.00127763
1.26 2.4 0.000928508
1.26 2.46 0.000665505
1.26 2.52 0.000470443
1.26 2.58 0.00032798
1.26 2.64 0.000225519
1.26 2.7 0.000152934
1.26 2.76 0.000102286
1.26 2.82 6.74708e-05
1.26 2.88 4.38937e-05
1.32 -1.14 8.9219e-06
1.32 -1.08 1.44701e-05
1.32 -1.02 2.31459e-05
1.32 -0.96 3.65146e-05
1.32 -0.9 5.68128e-05
1.32 -0.84 8.718e-05
1.32 -0.78 0.000131939
1.32 -0.72 0.000196937
1.32 -0.66 0.000289912
1.32 -0.6 0.000420911
1.32 -0.54 0.000602708
1.32 -0.48 0.00085115
1.32 -0.42 0.00118551
1.32 -0.36 0.0016285
1.32 -0.3 0.00220628
1.32 -0.24 0.00294793
1.32 -0.18 0.00388481
1.32 -0.12 0.00504902
1.32 -0.06 0.00647197
1.32 9.71445e-15 0.00818188
1.32 0.06 0.0102013
1.32 0.12 0.0125444
1.32 0.18 0.0152138
1.32 0.24 0.0181973
1.32 0.3 0.021467
1.32 0.36 0.0249759
1.32 0.42 0.0286588
1.32 0.48 0.0324329
1.32 0.54 0.0361997
1.32 0.6 0.0398484
1.32 0.66 0.0432624
1.32 0.72 0.0463227
1.32 0.78 0.0489178
1.32 0.84 0.0509482
1.32 0.9 0.0523338
1.32 0.96 0.0530179
1.32 1.02 0.0529725
1.32 1.08 0.0521994
1.32 1.14 0.0507316
1.32 1.2 0.0486265
1.32 1.26 0.0459685
1.32 1.32 0.0428582
1.32 1.38 0.0394094
1.32 1.44 0.0357398
1.32 1.5 0.0319662
1.32 1.56 0.0281983
1.32 1.62 0.0245325
1.32 1.68 0.02105
1.32 1.74 0.0178133
1.32 1.8 0.0148674
1.32 1.86 0.0122381
1.32 1.92 0.00993514
1.32 1.98 0.00795483
1.32 2.04 0.00628165
1.32 2.1 0.00489219
1.32 2.16 0.00375771
1.32 2.22 0.00284663
1.32 2.28 0.00212683
1.32 2.34 0.00156719
1.32 2.4 0.00113893
1.32 2.46 0.000816322
1.32 2.52 0.000577059
1.32 2.58 0.000402312
1.32 2.64 0.000276626
1.32 2.7 0.000187592
1.32 2.76 0.000125467
1.32 2.82 8.27612e-05
1.32 2.88 5.38412e-05
1.32 2.94 3.45454e-05
1.38 -1.14 1.07934e-05
1.38 -1.08 1.75053e-05
1.38 -1.02 2.80012e-05
1.38 -0.96 4.41745e-05
1.38 -0.9 6.87303e-05
1.38 -0.84 0.000105468
1.38 -0.78 0.000159618
1.38 -0.72 0.000238248
1.38 -0.66 0.000350723
1.38 -0.6 0.000509202
1.38 -0.54 0.000729136
1.38 -0.48 0.00102971
1.38 -0.42 0.00143418
1.38 -0.36 0.0019701
1.38 -0.3 0.00266908
1.38 -0.24 0.00356634
1.38 -0.18 0.00469968
1.38 -0.12 0.00610811
1.38 -0.06 0.00782956
1.38 9.71445e-15 0.00989805
1.38 0.06 0.0123413
1.38 0.12 0.0151759
1.38 0.18 0.018405
1.38 0.24 0.0220146
1.38 0.3 0.0259699
1.38 0.36 0.030215
1.38 0.42 0.0346706
1.38 0.48 0.0392367
1.38 0.54 0.0437934
1.38 0.6 0.0482078
1.38 0.66 0.052337
1.38 0.72 0.0560396
1.38 0.78 0.0591795
1.38 0.84 0.0616356
1.38 0.9 0.0633117
1.38 0.96 0.0641395
1.38 1.02 0.0640845
1.38 1.08 0.06315
1.38 1.14 0.0613735
1.38 1.2 0.0588271
1.38 1.26 0.0556104
1.38 1.32 0.0518487
1.38 1.38 0.0476759
1.38 1.44 0.0432369
1.38 1.5 0.0386718
1.38 1.56 0.0341131
1.38 1.62 0.0296786
1.38 1.68 0.0254655
1.38 1.74 0.0215502
1.38 1.8 0.0179861
1.38 1.86 0.0148052
1.38 1.92 0.0120193
1.38 1.98 0.00962348
1.38 2.04 0.00759936
1.38 2.1 0.00591845
1.38 2.16 0.00454595
1.38 2.22 0.0034438
1.38 2.28 0.00257298
1.38 2.34 0.00189595
1.38 2.4 0.00137784
1.38 2.46 0.000987561
1.38 2.52 0.000698101
1.38 2.58 0.000486703
1.38 2.64 0.000334653
1.38 2.7 0.000226943
1.38 2.76 0.000151785
1.38 2.82 0.000100121
1.38 2.88 6.51358e-05
1.38 2.94 4.17924e-05
1.44 -1.2 7.83112e-06
1.44 -1.14 1.2878e-05
1.44 -1.08 2.08865e-05
1.44 -1.02 3.34092e-05
1.44 -0.96 5.27058e-05
1.44 -0.9 8.20057e-05
1.44 -0.84 0.000125838
1.44 -0.78 0.000190447
1.44 -0.72 0.000284263
1.44 -0.66 0.000418464
1.44 -0.6 0.000607557
1.44 -0.54 0.000869959
1.44 -0.48 0.00122859
1.44 -0.42 0.00171119
1.44 -0.36 0.00235061
1.44 -0.3 0.00318456
1.44 -0.24 0.00425512
1.44 -0.18 0.00560743
1.44 -0.12 0.00728791
1.44 -0.06 0.00934176
1.44 9.71445e-15 0.0118099
1.44 0.06 0.0147249
1.44 0.12 0.018107
1.44 0.18 0.0219599
1.44 0.24 0.0262664
1.44 0.3 0.0309858
1.44 0.36 0.0360505
1.44 0.42 0.041367
1.44 0.48 0.0468147
1.44 0.54 0.0522515
1.44 0.6 0.0575182
1.44 0.66 0.0624456
1.44 0.72 0.0668629
1.44 0.78 0.0706084
1.44 0.84 0.07354
1.44 0.9 0.0755394
1.44 0.96 0.0765261
1.44 1.02 0.0764617
1.44 1.08 0.0753466
1.44 1.14 0.0732264
1.44 1.2 0.0701887
1.44 1.26 0.0663522
1.44 1.32 0.0618624
1.44 1.38 0.056884
1.44 1.44 0.0515869
1.44 1.5 0.0461409
1.44 1.56 0.0407023
1.44 1.62 0.035411
1.44 1.68 0.030384
1.44 1.74 0.0257125
1.44 1.8 0.0214599
1.44 1.86 0.0176646
1.44 1.92 0.0143406
1.44 1.98 0.0114822
1.44 2.04 0.00906696
1.44 2.1 0.00706148
1.44 2.16 0.00542401
1.44 2.22 0.00410894
1.44 2.28 0.00306992
1.44 2.34 0.0022621
1.44 2.4 0.00164397
1.44 2.46 0.00117831
1.44 2.52 0.000832938
1.44 2.58 0.000580703
1.44 2.64 0.000399292
1.44 2.7 0.000270777
1.44 2.76 0.000181101
1.44 2.82 0.00011946
1.44 2.88 7.77155e-05
1.44 2.94 4.98639e-05
1.44 3 3.15541e-05
1.5 -1.2 9.21521e-06
1.5 -1.14 1.51541e-05
1.5 -1.08 2.45778e-05
1.5 -1.02 3.93141e-05
1.5 -0.96 6.20214e-05
1.5 -0.9 9.64979e-05
1.5 -0.84 0.000148078
1.5 -0.78 0.000224105
1.5 -0.72 0.000334502
1.5 -0.66 0.000492422
1.5 -0.6 0.000714924
1.5 -0.54 0.00102372
1.5 -0.48 0.00144572
1.5 -0.42 0.00201363
1.5 -0.36 0.00276605
1.5 -0.3 0.00374744
1.5 -0.24 0.0050072
1.5 -0.18 0.00659843
1.5 -0.12 0.00857587
1.5 -0.06 0.0109928
1.5 9.71445e-15 0.0138971
1.5 0.06 0.0173273
1.5 0.12 0.0213071
1.5 0.18 0.025841
1.5 0.24 0.0309089
1.5 0.3 0.0364623
1.5 0.36 0.0424225
1.5 0.42 0.0486781
1.5 0.48 0.0550887
1.5 0.54 0.0614868
1.5 0.6 0.0676841
1.5 0.66 0.0734823
1.5 0.72 0.0786803
1.5 0.78 0.0830888
1.5 0.84 0.0865369
1.5 0.9 0.0888906
1.5 0.96 0.0900529
1.5 1.02 0.0899759
1.5 1.08 0.0886631
1.5 1.14 0.0861695
1.5 1.2 0.0825939
1.5 1.26 0.0780784
1.5 1.32 0.0727964
1.5 1.38 0.0669379
1.5 1.44 0.0607054
1.5 1.5 0.0542959
1.5 1.56 0.0478954
1.5 1.62 0.041669
1.5 1.68 0.0357539
1.5 1.74 0.0302567
1.5 1.8 0.0252529
1.5 1.86 0.0207867
1.5 1.92 0.0168753
1.5 1.98 0.0135115
1.5 2.04 0.0106696
1.5 2.1 0.0083096
1.5 2.16 0.00638261
1.5 2.22 0.00483513
1.5 2.28 0.00361251
1.5 2.34 0.00266193
1.5 2.4 0.0019345
1.5 2.46 0.00138656
1.5 2.52 0.00098015
1.5 2.58 0.000683341
1.5 2.64 0.000469859
1.5 2.7 0.00031863
1.5 2.76 0.000213108
1.5 2.82 0.000140572
1.5 2.88 9.14515e-05
1.5 2.94 5.86769e-05
1.5 3 3.71307e-05
1.56 -1.2 1.06949e-05
1.56 -1.14 1.75873e-05
1.56 -1.08 2.85244e-05
1.56 -1.02 4.56263e-05
1.56 -0.96 7.19795e-05
1.56 -0.9 0.000111994
1.56 -0.84 0.000171855
1.56 -0.78 0.000260088
1.56 -0.72 0.000388213
1.56 -0.66 0.000571489
1.56 -0.6 0.00082973
1.56 -0.54 0.00118809
1.56 -0.48 0.00167785
1.56 -0.42 0.00233695
1.56 -0.36 0.00321019
1.56 -0.3 0.00434911
1.56 -0.24 0.00581113
1.56 -0.18 0.00765797
1.56 -0.12 0.00995298
1.56 -0.06 0.0127579
1.56 9.71445e-15 0.0161286
1.56 0.06 0.0201094
1.56 0.12 0.0247282
1.56 0.18 0.0299903
1.56 0.24 0.0358715
1.56 0.3 0.0423169
1.56 0.36 0.0492338
1.56 0.42 0.0564939
1.56 0.48 0.0639337
1.56 0.54 0.0713586
1.56 0.6 0.0785516
1.56 0.66 0.0852811
1.56 0.72 0.0913134
1.56 0.78 0.0964289
1.56 0.84 0.100432
1.56 0.9 0.103163
1.56 0.96 0.104511
1.56 1.02 0.104422
1.56 1.08 0.102899
1.56 1.14 0.100004
1.56 1.2 0.0958558
1.56 1.26 0.090616
1.56 1.32 0.084484
1.56 1.38 0.0776856
1.56 1.44 0.0704516
1.56 1.5 0.0630136
1.56 1.56 0.0555863
1.56 1.62 0.0483601
1.56 1.68 0.0414949
1.56 1.74 0.035115
1.56 1.8 0.0293074
1.56 1.86 0.0241243
1.56 1.92 0.0195847
1.56 1.98 0.015681
1.56 2.04 0.0123826
1.56 2.1 0.00964371
1.56 2.16 0.00740745
1.56 2.22 0.00561148
1.56 2.28 0.00419252
1.56 2.34 0.00308932
1.56 2.4 0.00224514
1.56 2.46 0.00160919
1.56 2.52 0.00113753
1.56 2.58 0.000793056
1.56 2.64 0.000545304
1.56 2.7 0.000369795
1.56 2.76 0.000247325
1.56 2.82 0.000163144
1.56 2.88 0.000106134
1.56 2.94 6.80983e-05
1.56 3 4.30929e-05
1.62 -1.2 1.22413e-05
1.62 -1.14 2.01306e-05
1.62 -1.08 3.2649e-05
1.62 -1.02 5.22249e-05
1.62 -0.96 8.23889e-05
1.62 -0.9 0.000128189
1.62 -0.84 0.000196707
1.62 -0.78 0.000297702
1.62 -0.72 0.000444356
1.62 -0.66 0.000654133
1.62 -0.6 0.000949715
1.62 -0.54 0.00135991
1.62 -0.48 0.0019205
1.62 -0.42 0.00267486
1.62 -0.36 0.00367442
1.62 -0.3 0.00497803
1.62 -0.24 0.00665153
1.62 -0.18 0.00876535
1.62 -0.12 0.0113922
1.62 -0.06 0.0146028
1.62 9.71445e-15 0.0184608
1.62 0.06 0.0230177
1.62 0.12 0.0283044
1.62 0.18 0.0343268
1.62 0.24 0.0410591
1.62 0.3 0.0484362
1.62 0.36 0.0563531
1.62 0.42 0.0646637
1.62 0.48 0.0731799
1.62 0.54 0.0816784
1.62 0.6 0.0899113
1.62 0.66 0.0976124
1.62 0.72 0.104519
1.62 0.78 0.110374
1.62 0.84 0.114956
1.62 0.9 0.118082
1.62 0.96 0.119625
1.62 1.02 0.119523
1.62 1.08 0.11778
1.62 1.14 0.114466
1.62 1.2 0.109717
1.62 1.26 0.103719
1.62 1.32 0.096702
1.62 1.38 0.0889201
1.62 1.44 0.0806402
1.62 1.5 0.0721264
1.62 1.56 0.0636244
1.62 1.62 0.0553536
1.62 1.68 0.0474956
1.62 1.74 0.0401932
1.62 1.8 0.0335455
1.62 1.86 0.0276129
1.62 1.92 0.0224171
1.62 1.98 0.0179487
1.62 2.04 0.0141734
1.62 2.1 0.0110384
1.62 2.16 0.00847863
1.62 2.22 0.00642301
1.62 2.28 0.00479881
1.62 2.34 0.00353608
1.62 2.4 0.0025698
1.62 2.46 0.00184189
1.62 2.52 0.00130202
1.62 2.58 0.000907739
1.62 2.64 0.00062416
1.62 2.7 0.000423272
1.62 2.76 0.000283094
1.62 2.82 0.000186736
1.62 2.88 0.000121484
1.62 2.94 7.79462e-05
1.62 3 4.93242e-05
1.62 3.06 3.07834e-05
1.68 -1.2 1.3819e-05
1.68 -1.14 2.2725e-05
1.68 -1.08 3.68567e-05
1.68 -1.02 5.89556e-05
1.68 -0.96 9.30071e-05
1.68 -0.9 0.000144709
1.68 -0.84 0.000222058
1.68 -0.78 0.000336068
1.68 -0.72 0.000501622
1.68 -0.66 0.000738437
1.68 -0.6 0.0010721
1.68 -0.54 0.00153517
1.68 -0.48 0.002168
1.68 -0.42 0.00301962
1.68 -0.36 0.00414799
1.68 -0.3 0.00561964
1.68 -0.24 0.0075088
1.68 -0.18 0.00989505
1.68 -0.12 0.0128603
1.68 -0.06 0.0164847
1.68 9.71445e-15 0.0208401
1.68 0.06 0.0259841
1.68 0.12 0.0319521
1.68 0.18 0.0387509
1.68 0.24 0.046351
1.68 0.3 0.0546786
1.68 0.36 0.0636164
1.68 0.42 0.0729975
1.68 0.48 0.0826111
1.68 0.54 0.0922055
1.68 0.6 0.101499
1.68 0.66 0.110193
1.68 0.72 0.117989
1.68 0.78 0.1246
1.68 0.84 0.129771
1.68 0.9 0.133299
1.68 0.96 0.135043
1.68 1.02 0.134928
1.68 1.08 0.132959
1.68 1.14 0.12922
1.68 1.2 0.123857
1.68 1.26 0.117087
1.68 1.32 0.109165
1.68 1.38 0.10038
1.68 1.44 0.0910335
1.68 1.5 0.0814223
1.68 1.56 0.0718243
1.68 1.62 0.0624871
1.68 1.68 0.0536169
1.68 1.74 0.045373
1.68 1.8 0.0378691
1.68 1.86 0.0311716
1.68 1.92 0.0253062
1.68 1.98 0.0202618
1.68 2.04 0.0160001
1.68 2.1 0.0124611
1.68 2.16 0.00957137
1.68 2.22 0.00725078
1.68 2.28 0.00541731
1.68 2.34 0.00399182
1.68 2.4 0.00290096
1.68 2.46 0.00207928
1.68 2.52 0.00146982
1.68 2.58 0.00102474
1.68 2.64 0.000704602
1.68 2.7 0.00047782
1.68 2.76 0.000319578
1.68 2.82 0.000210802
1.68 2.88 0.000137141
1.68 2.94 8.79916e-05
1.68 3 5.56809e-05
1.68 3.06 3.47509e-05
1.74 -1.2 1.53857e-05
1.74 -1.14 2.53011e-05
1.74 -1.08 4.10349e-05
1.74 -1.02 6.56388e-05
1.74 -0.96 0.00010355
1.74 -0.9 0.000161113
1.74 -0.84 0.000247231
1.74 -0.78 0.000374164
1.74 -0.72 0.000558485
1.74 -0.66 0.000822147
1.74 -0.6 0.00119364
1.74 -0.54 0.0017092
1.74 -0.48 0.00241376
1.74 -0.42 0.00336194
1.74 -0.36 0.00461821
1.74 -0.3 0.0062567
1.74 -0.24 0.00836001
1.74 -0.18 0.0110168
1.74 -0.12 0.0143182
1.74 -0.06 0.0183534
1.74 9.71445e-15 0.0232025
1.74 0.06 0.0289296
1.74 0.12 0.0355743
1.74 0.18 0.0431439
1.74 0.24 0.0516054
1.74 0.3 0.060877
1.74 0.36 0.0708283
1.74 0.42 0.0812729
1.74 0.48 0.0919758
1.74 0.54 0.102658
1.74 0.6 0.113005
1.74 0.66 0.122685
1.74 0.72 0.131365
1.74 0.78 0.138724
1.74 0.84 0.144482
1.74 0.9 0.14841
1.74 0.96 0.150352
1.74 1.02 0.150224
1.74 1.08 0.148031
1.74 1.14 0.143868
1.74 1.2 0.137898
1.74 1.26 0.13036
1.74 1.32 0.121541
1.74 1.38 0.111759
1.74 1.44 0.101353
1.74 1.5 0.0906525
1.74 1.56 0.0799665
1.74 1.62 0.0695705
1.74 1.68 0.0596949
1.74 1.74 0.0505164
1.74 1.8 0.0421622
1.74 1.86 0.0347053
1.74 1.92 0.0281749
1.74 1.98 0.0225586
1.74 2.04 0.0178139
1.74 2.1 0.0138737
1.74 2.16 0.0106564
1.74 2.22 0.00807271
1.74 2.28 0.00603144
1.74 2.34 0.00444433
1.74 2.4 0.00322982
1.74 2.46 0.002315
1.74 2.52 0.00163645
1.74 2.58 0.0011409
1.74 2.64 0.000784478
1.74 2.7 0.000531984
1.74 2.76 0.000355805
1.74 2.82 0.000234699
1.74 2.88 0.000152687
1.74 2.94 9.79664e-05
1.74 3 6.19931e-05
1.74 3.06 3.86904e-05
1.8 -1.2 1.68943e-05
1.8 -1.14 2.77821e-05
1.8 -1.08 4.50588e-05
1.8 -1.02 7.20753e-05
1.8 -0.96 0.000113704
1.8 -0.9 0.000176911
1.8 -0.84 0.000271473
1.8 -0.78 0.000410854
1.8 -0.72 0.00061325
1.8 -0.66 0.000902767
1.8 -0.6 0.00131069
1.8 -0.54 0.0018768
1.8 -0.48 0.00265045
1.8 -0.42 0.0036916
1.8 -0.36 0.00507107
1.8 -0.3 0.00687021
1.8 -0.24 0.00917978
1.8 -0.18 0.0120971
1.8 -0.12 0.0157223
1.8 -0.06 0.0201532
1.8 9.71445e-15 0.0254778
1.8 0.06 0.0317664
1.8 0.12 0.0390627
1.8 0.18 0.0473744
1.8 0.24 0.0566658
1.8 0.3 0.0668466
1.8 0.36 0.0777735
1.8 0.42 0.0892424
1.8 0.48 0.100995
1.8 0.54 0.112725
1.8 0.6 0.124086
1.8 0.66 0.134716
1.8 0.72 0.144246
1.8 0.78 0.152327
1.8 0.84 0.15865
1.8 0.9 0.162963
1.8 0.96 0.165095
1.8 1.02 0.164954
1.8 1.08 0.162547
1.8 1.14 0.157976
1.8 1.2 0.151419
1.8 1.26 0.143143
1.8 1.32 0.133459
1.8 1.38 0.122718
1.8 1.44 0.111292
1.8 1.5 0.0995417
1.8 1.56 0.087808
1.8 1.62 0.0763925
1.8 1.68 0.0655486
1.8 1.74 0.05547
1.8 1.8 0.0462965
1.8 1.86 0.0381084
1.8 1.92 0.0309377
1.8 1.98 0.0247707
1.8 2.04 0.0195607
1.8 2.1 0.0152341
1.8 2.16 0.0117014
1.8 2.22 0.00886431
1.8 2.28 0.00662287
1.8 2.34 0.00488013
1.8 2.4 0.00354654
1.8 2.46 0.002542
1.8 2.52 0.00179691
1.8 2.58 0.00125278
1.8 2.64 0.000861403
1.8 2.7 0.00058415
1.8 2.76 0.000390695
1.8 2.82 0.000257714
1.8 2.88 0.000167659
1.8 2.94 0.000107573
1.8 3 6.80722e-05
1.8 3.06 4.24843e-05
1.8 3.12 2.615e-05
1.86 -1.2 1.82958e-05
1.86 -1.14 3.0087e-05
1.86 -1.08 4.87972e-05
1.86 -1.02 7.80551e-05
1.86 -0.96 0.000123138
1.86 -0.9 0.00019159
1.86 -0.84 0.000293995
1.86 -0.78 0.000444941
1.86 -0.72 0.00066413
1.86 -0.66 0.000977667
1.86 -0.6 0.00141943
1.86 -0.54 0.00203252
1.86 -0.48 0.00287035
1.86 -0.42 0.00399785
1.86 -0.36 0.00549179
1.86 -0.3 0.00744016
1.86 -0.24 0.00994137
1.86 -0.18 0.0131007
1.86 -0.12 0.0170267
1.86 -0.06 0.0218253
1.86 9.71445e-15 0.0275916
1.86 0.06 0.034402
1.86 0.12 0.0423033
1.86 0.18 0.051305
1.86 0.24 0.061367
1.86 0.3 0.0723928
1.86 0.36 0.0842255
1.86 0.42 0.0966458
1.86 0.48 0.109374
1.86 0.54 0.122077
1.86 0.6 0.13438
1.86 0.66 0.145892
1.86 0.72 0.156214
1.86 0.78 0.164965
1.86 0.84 0.171813
1.86 0.9 0.176484
1.86 0.96 0.178791
1.86 1.02 0.178639
1.86 1.08 0.176033
1.86 1.14 0.171081
1.86 1.2 0.163982
1.86 1.26 0.155019
1.86 1.32 0.144531
1.86 1.38 0.1329
1.86 1.44 0.120525
1.86 1.5 0.1078
1.86 1.56 0.095093
1.86 1.62 0.0827309
1.86 1.68 0.0709869
1.86 1.74 0.0600722
1.86 1.8 0.0501372
1.86 1.86 0.0412702
1.86 1.92 0.0335045
1.86 1.98 0.026826
1.86 2.04 0.0211835
1.86 2.1 0.016498
1.86 2.16 0.0126722
1.86 2.22 0.00959976
1.86 2.28 0.00717232
1.86 2.34 0.005285
1.86 2.4 0.00384078
1.86 2.46 0.00275289
1.86 2.52 0.001946
1.86 2.58 0.00135671
1.86 2.64 0.000932868
1.86 2.7 0.000632617
1.86 2.76 0.000423111
1.86 2.82 0.000279095
1.86 2.88 0.000181569
1.86 2.94 0.000116497
1.86 3 7.37199e-05
1.86 3.06 4.60089e-05
1.86 3.12 2.83196e-05
1.92 -1.2 1.95414e-05
1.92 -1.14 3.21356e-05
1.92 -1.08 5.21191e-05
1.92 -1.02 8.33687e-05
1.92 -0.96 0.000131521
1.92 -0.9 0.000204634
1.92 -0.84 0.000314012
1.92 -0.78 0.000475232
1.92 -0.72 0.000709344
1.92 -0.66 0.00104422
1.92 -0.6 0.00151607
1.92 -0.54 0.00217088
1.92 -0.48 0.00306576
1.92 -0.42 0.00427002
1.92 -0.36 0.00586564
1.92 -0.3 0.00794671
1.92 -0.24 0.0106181
1.92 -0.18 0.0139925
1.92 -0.12 0.0181859
1.92 -0.06 0.0233113
1.92 9.71445e-15 0.0294699
1.92 0.06 0.036744
1.92 0.12 0.0451832
1.92 0.18 0.0547977
1.92 0.24 0.0655442
1.92 0.3 0.0773212
1.92 0.36 0.0899594
1.92 0.42 0.103225
1.92 0.48 0.11682
1.92 0.54 0.130386
1.92 0.6 0.143529
1.92 0.66 0.155824
1.92 0.72 0.166848
1.92 0.78 0.176196
1.92 0.84 0.18351
1.92 0.9 0.1885
1.92 0.96 0.190963
1.92 1.02 0.190798
1.92 1.08 0.188016
1.92 1.14 0.182728
1.92 1.2 0.175147
1.92 1.26 0.165572
1.92 1.32 0.154369
1.92 1.38 0.141948
1.92 1.44 0.12873
1.92 1.5 0.115138
1.92 1.56 0.101566
1.92 1.62 0.0883634
1.92 1.68 0.0758194
1.92 1.74 0.0641619
1.92 1.8 0.05355
1.92 1.86 0.04408
1.92 1.92 0.0357852
1.92 1.98 0.0286524
1.92 2.04 0.0226257
1.92 2.1 0.017621
1.92 2.16 0.0135347
1.92 2.22 0.0102533
1.92 2.28 0.00766051
1.92 2.34 0.00564482
1.92 2.4 0.00410229
1.92 2.46 0.00294027
1.92 2.52 0.00207848
1.92 2.58 0.00144906
1.92 2.64 0.000996369
1.92 2.7 0.000675687
1.92 2.76 0.000451916
1.92 2.82 0.000298094
1.92 2.88 0.00019393
1.92 2.94 0.000124429
1.92 3 7.87385e-05
1.92 3.06 4.91405e-05
1.92 3.12 3.02475e-05
1.98 -1.2 2.05851e-05
1.98 -1.14 3.38514e-05
1.98 -1.08 5.49023e-05
1.98 -1.02 8.78195e-05
1.98 -0.96 0.000138544
1.98 -0.9 0.000215559
1.98 -0.84 0.000330782
1.98 -0.78 0.000500611
1.98 -0.72 0.000747214
1.98 -0.66 0.00109997
1.98 -0.6 0.00159702
1.98 -0.54 0.00228677
1.98 -0.48 0.00322949
1.98 -0.42 0.00449807
1.98 -0.36 0.00617881
1.98 -0.3 0.00837101
1.98 -0.24 0.0111851
1.98 -0.18 0.0147396
1.98 -0.12 0.019157
1.98 -0.06 0.0245558
1.98 9.71445e-15 0.0310435
1.98 0.06 0.0387058
1.98 0.12 0.0475964
1.98 0.18 0.0577239
1.98 0.24 0.0690443
1.98 0.3 0.0814494
1.98 0.36 0.0947636
1.98 0.42 0.108738
1.98 0.48 0.123058
1.98 0.54 0.137349
1.98 0.6 0.151194
1.98 0.66 0.164146
1.98 0.72 0.175755
1.98 0.78 0.185604
1.98 0.84 0.193307
1.98 0.9 0.198564
1.98 0.96 0.201159
1.98 1.02 0.200989
1.98 1.08 0.198058
1.98 1.14 0.192485
1.98 1.2 0.1845
1.98 1.26 0.174413
1.98 1.32 0.162613
1.98 1.38 0.149525
1.98 1.44 0.135603
1.98 1.5 0.121286
1.98 1.56 0.10699
1.98 1.62 0.093081
1.98 1.68 0.0798671
1.98 1.74 0.0675881
1.98 1.8 0.0564102
1.98 1.86 0.0464332
1.98 1.92 0.0376961
1.98 1.98 0.0301821
1.98 2.04 0.0238338
1.98 2.1 0.0185619
1.98 2.16 0.0142576
1.98 2.22 0.0108008
1.98 2.28 0.00806964
1.98 2.34 0.00594624
1.98 2.4 0.00432134
1.98 2.46 0.00309731
1.98 2.52 0.00218947
1.98 2.58 0.00152645
1.98 2.64 0.00104958
1.98 2.7 0.000711764
1.98 2.76 0.000476039
1.98 2.82 0.000314012
1.98 2.88 0.000204284
1.98 2.94 0.000131074
1.98 3 8.29431e-05
1.98 3.06 5.17651e-05
1.98 3.12 3.18624e-05
2.04 -1.2 2.13861e-05
2.04 -1.14 3.51688e-05
2.04 -1.08 5.70392e-05
2.04 -1.02 9.12385e-05
2.04 -0.96 0.000143934
2.04 -0.9 0.000223949
2.04 -0.84 0.00034365
2.04 -0.78 0.00052009
2.04 -0.72 0.000776301
2.04 -0.66 0.0011428
2.04 -0.6 0.00165918
2.04 -0.54 0.0023758
2.04 -0.48 0.00335513
2.04 -0.42 0.00467311
2.04 -0.36 0.00641935
2.04 -0.3 0.00869682
2.04 -0.24 0.0116204
2.04 -0.18 0.0153134
2.04 -0.12 0.0199026
2.04 -0.06 0.0255116
2.04 9.71445e-15 0.0322519
2.04 0.06 0.0402124
2.04 0.12 0.0494482
2.04 0.18 0.0599706
2.04 0.24 0.0717317
2.04 0.3 0.0846201
2.04 0.36 0.0984512
2.04 0.42 0.112969
2.04 0.48 0.127847
2.04 0.54 0.142695
2.04 0.6 0.157076
2.04 0.66 0.170534
2.04 0.72 0.182598
2.04 0.78 0.192826
2.04 0.84 0.200831
2.04 0.9 0.206292
2.04 0.96 0.208988
2.04 1.02 0.208811
2.04 1.08 0.205763
2.04 1.14 0.199976
2.04 1.2 0.191678
2.04 1.26 0.181202
2.04 1.32 0.168942
2.04 1.38 0.155347
2.04 1.44 0.14088
2.04 1.5 0.126007
2.04 1.56 0.111154
2.04 1.62 0.0967039
2.04 1.68 0.0829766
2.04 1.74 0.0702181
2.04 1.8 0.0586052
2.04 1.86 0.0482408
2.04 1.92 0.0391632
2.04 1.98 0.0313569
2.04 2.04 0.0247612
2.04 2.1 0.0192844
2.04 2.16 0.0148125
2.04 2.22 0.0112211
2.04 2.28 0.0083837
2.04 2.34 0.00617761
2.04 2.4 0.00448951
2.04 2.46 0.00321785
2.04 2.52 0.00227469
2.04 2.58 0.00158585
2.04 2.64 0.00109043
2.04 2.7 0.000739464
2.04 2.76 0.000494574
2.04 2.82 0.000326234
2.04 2.88 0.000212236
2.04 2.94 0.000136173
2.04 3 8.61714e-05
2.04 3.06 5.37796e-05
2.04 3.12 3.31028e-05
2.04 3.18 2.00954e-05
2.1 -1.2 2.19131e-05
2.1 -1.14 3.60353e-05
2.1 -1.08 5.84442e-05
2.1 -1.02 9.34855e-05
2.1 -0.96 0.000147483
2.1 -0.9 0.000229467
2.1 -0.84 0.000352122
2.1 -0.78 0.000532908
2.1 -0.72 0.000795423
2.1 -0.66 0.00117093
2.1 -0.6 0.00170005
2.1 -0.54 0.00243431
2.1 -0.48 0.00343784
2.1 -0.42 0.00478826
2.1 -0.36 0.00657743
2.1 -0.3 0.00891104
2.1 -0.24 0.0119067
2.1 -0.18 0.0156906
2.1 -0.12 0.0203929
2.1 -0.06 0.02614
2.1 9.71445e-15 0.0330461
2.1 0.06 0.041203
2.1 0.12 0.0506671
2.1 0.18 0.0614478
2.1 0.24 0.0734986
2.1 0.3 0.0867037
2.1 0.36 0.100877
2.1 0.42 0.115753
2.1 0.48 0.130997
2.1 0.54 0.14621
2.1 0.6 0.160949
2.1 0.66 0.174735
2.1 0.72 0.187095
2.1 0.78 0.197578
2.1 0.84 0.205779
2.1 0.9 0.211374
2.1 0.96 0.214138
2.1 1.02 0.213956
2.1 1.08 0.210836
2.1 1.14 0.204903
2.1 1.2 0.196403
2.1 1.26 0.185665
2.1 1.32 0.173103
2.1 1.38 0.159172
2.1 1.44 0.144352
2.1 1.5 0.129111
2.1 1.56 0.113892
2.1 1.62 0.0990864
2.1 1.68 0.0850197
2.1 1.74 0.0719487
2.1 1.8 0.0600494
2.1 1.86 0.0494288
2.1 1.92 0.0401281
2.1 1.98 0.0321292
2.1 2.04 0.0253714
2.1 2.1 0.0197594
2.1 2.16 0.0151774
2.1 2.22 0.0114976
2.1 2.28 0.00859025
2.1 2.34 0.00632987
2.1 2.4 0.00460012
2.1 2.46 0.00329714
2.1 2.52 0.00233071
2.1 2.58 0.00162493
2.1 2.64 0.0011173
2.1 2.7 0.000757685
2.1 2.76 0.000506753
2.1 2.82 0.000334271
2.1 2.88 0.000217464
2.1 2.94 0.00013953
2.1 3 8.82939e-05
2.1 3.06 5.51047e-05
2.1 3.12 3.39179e-05
2.1 3.18 2.05905e-05
2.16 -1.2 2.21443e-05
2.16 -1.14 3.64158e-05
2.16 -1.08 5.90611e-05
2.16 -1.02 9.44725e-05
2.16 -0.96 0.000149039
2.16 -0.9 0.000231889
2.16 -0.84 0.000355836
2.16 -0.78 0.000538526
2.16 -0.72 0.00080382
2.16 -0.66 0.00118331
2.16 -0.6 0.00171799
2.16 -0.54 0.00246002
2.16 -0.48 0.00347408
2.16 -0.42 0.00483878
2.16 -0.36 0.00664689
2.16 -0.3 0.00900518
2.16 -0.24 0.0120323
2.16 -0.18 0.0158562
2.16 -0.12 0.0206081
2.16 -0.06 0.0264161
2.16 9.71445e-15 0.0333951
2.16 0.06 0.0416379
2.16 0.12 0.0512012
2.16 0.18 0.0620965
2.16 0.24 0.0742741
2.16 0.3 0.0876198
2.16 0.36 0.101942
2.16 0.42 0.116974
2.16 0.48 0.132379
2.16 0.54 0.147753
2.16 0.6 0.162646
2.16 0.66 0.176579
2.16 0.72 0.189071
2.16 0.78 0.199664
2.16 0.84 0.207951
2.16 0.9 0.213607
2.16 0.96 0.216399
2.16 1.02 0.216213
2.16 1.08 0.213059
2.16 1.14 0.207066
2.16 1.2 0.198475
2.16 1.26 0.187625
2.16 1.32 0.17493
2.16 1.38 0.160854
2.16 1.44 0.145876
2.16 1.5 0.130473
2.16 1.56 0.115094
2.16 1.62 0.100132
2.16 1.68 0.0859178
2.16 1.74 0.0727073
2.16 1.8 0.0606829
2.16 1.86 0.0499511
2.16 1.92 0.0405515
2.16 1.98 0.0324686
2.16 2.04 0.0256393
2.16 2.1 0.019968
2.16 2.16 0.0153374
2.16 2.22 0.0116189
2.16 2.28 0.00868087
2.16 2.34 0.00639667
2.16 2.4 0.00464867
2.16 2.46 0.0033319
2.16 2.52 0.00235532
2.16 2.58 0.00164208
2.16 2.64 0.00112907
2.16 2.7 0.000765679
2.16 2.76 0.000512106
2.16 2.82 0.000337797
2.16 2.88 0.000219758
2.16 2.94 0.000141002
2.16 3 8.92259e-05
2.16 3.06 5.56861e-05
2.16 3.12 3.42762e-05
2.16 3.18 2.08078e-05
2.22 -1.2 2.20704e-05
2.22 -1.14 3.6294e-05
2.22 -1.08 5.88644e-05
2.22 -1.02 9.41575e-05
2.22 -0.96 0.00014854
2.22 -0.9 0.000231115
2.22 -0.84 0.000354647
2.22 -0.78 0.00053673
2.22 -0.72 0.000801136
2.22 -0.66 0.00117936
2.22 -0.6 0.00171227
2.22 -0.54 0.00245181
2.22 -0.48 0.00346249
2.22 -0.42 0.00482264
2.22 -0.36 0.00662474
2.22 -0.3 0.00897509
2.22 -0.24 0.0119922
2.22 -0.18 0.0158034
2.22 -0.12 0.0205394
2.22 -0.06 0.0263278
2.22 9.71445e-15 0.0332839
2.22 0.06 0.0414989
2.22 0.12 0.0510304
2.22 0.18 0.0618895
2.22 0.24 0.0740267
2.22 0.3 0.0873276
2.22 0.36 0.101602
2.22 0.42 0.116584
2.22 0.48 0.131936
2.22 0.54 0.14726
2.22 0.6 0.162102
2.22 0.66 0.175991
2.22 0.72 0.18844
2.22 0.78 0.198996
2.22 0.84 0.207256
2.22 0.9 0.212892
2.22 0.96 0.215675
2.22 1.02 0.215491
2.22 1.08 0.212347
2.22 1.14 0.206374
2.22 1.2 0.197811
2.22 1.26 0.187
2.22 1.32 0.174347
2.22 1.38 0.160317
2.22 1.44 0.145388
2.22 1.5 0.130039
2.22 1.56 0.114711
2.22 1.62 0.0997978
2.22 1.68 0.0856314
2.22 1.74 0.0724648
2.22 1.8 0.0604803
2.22 1.86 0.0497844
2.22 1.92 0.0404161
2.22 1.98 0.0323601
2.22 2.04 0.0255535
2.22 2.1 0.0199014
2.22 2.16 0.0152864
2.22 2.22 0.0115801
2.22 2.28 0.00865193
2.22 2.34 0.00637526
2.22 2.4 0.00463317
2.22 2.46 0.00332081
2.22 2.52 0.00234747
2.22 2.58 0.00163659
2.22 2.64 0.00112532
2.22 2.7 0.000763125
2.22 2.76 0.000510397
2.22 2.82 0.000336673
2.22 2.88 0.000219026
2.22 2.94 0.00014053
2.22 3 8.89288e-05
2.22 3.06 5.55003e-05
2.22 3.12 3.4162e-05
2.22 3.18 2.07384e-05
2.28 -1.2 2.16944e-05
2.28 -1.14 3.56756e-05
2.28 -1.08 5.78615e-05
2.28 -1.02 9.25532e-05
2.28 -0.96 0.000146009
2.28 -0.9 0.000227178
2.28 -0.84 0.000348605
2.28 -0.78 0.000527589
2.28 -0.72 0.000787486
2.28 -0.66 0.00115927
2.28 -0.6 0.0016831
2.28 -0.54 0.00241004
2.28 -0.48 0.00340352
2.28 -0.42 0.00474047
2.28 -0.36 0.00651187
2.28 -0.3 0.00882214
2.28 -0.24 0.0117879
2.28 -0.18 0.0155342
2.28 -0.12 0.0201895
2.28 -0.06 0.0258792
2.28 9.71445e-15 0.0327168
2.28 0.06 0.0407918
2.28 0.12 0.0501613
2.28 0.18 0.060835
2.28 0.24 0.0727656
2.28 0.3 0.0858396
2.28 0.36 0.0998702
2.28 0.42 0.114598
2.28 0.48 0.129689
2.28 0.54 0.144751
2.28 0.6 0.159341
2.28 0.66 0.172992
2.28 0.72 0.18523
2.28 0.78 0.195604
2.28 0.84 0.203726
2.28 0.9 0.209264
2.28 0.96 0.211999
2.28 1.02 0.211821
2.28 1.08 0.208731
2.28 1.14 0.202858
2.28 1.2 0.194442
2.28 1.26 0.183814
2.28 1.32 0.171376
2.28 1.38 0.157585
2.28 1.44 0.142911
2.28 1.5 0.127823
2.28 1.56 0.112757
2.28 1.62 0.0980981
2.28 1.68 0.0841724
2.28 1.74 0.0712307
2.28 1.8 0.05945
2.28 1.86 0.048936
2.28 1.92 0.0397274
2.28 1.98 0.0318086
2.28 2.04 0.025118
2.28 2.1 0.0195623
2.28 2.16 0.015026
2.28 2.22 0.0113829
2.28 2.28 0.00850455
2.28 2.34 0.00626662
2.28 2.4 0.00455425
2.28 2.46 0.00326424
2.28 2.52 0.00230747
2.28 2.58 0.00160871
2.28 2.64 0.00110615
2.28 2.7 0.000750128
2.28 2.76 0.0005017
2.28 2.82 0.000330938
2.28 2.88 0.000215294
2.28 2.94 0.000138136
2.28 3 8.74137e-05
2.28 3.06 5.45549e-05
2.28 3.12 3.35799e-05
2.28 3.18 2.03851e-05
2.34 -1.2 2.10317e-05
2.34 -1.14 3.45858e-05
2.34 -1.08 5.6094e-05
2.34 -1.02 8.97257e-05
2.34 -0.96 0.000141549
2.34 -0.9 0.000220239
2.34 -0.84 0.000337957
2.34 -0.78 0.000511473
2.34 -0.72 0.000763431
2.34 -0.66 0.00112385
2.34 -0.6 0.00163169
2.34 -0.54 0.00233641
2.34 -0.48 0.00329955
2.34 -0.42 0.00459566
2.34 -0.36 0.00631294
2.34 -0.3 0.00855263
2.34 -0.24 0.0114278
2.34 -0.18 0.0150596
2.34 -0.12 0.0195728
2.34 -0.06 0.0250887
2.34 9.71445e-15 0.0317174
2.34 0.06 0.0395458
2.34 0.12 0.048629
2.34 0.18 0.0589766
2.34 0.24 0.0705426
2.34 0.3 0.0832173
2.34 0.36 0.0968194
2.34 0.42 0.111097
2.34 0.48 0.125728
2.34 0.54 0.140329
2.34 0.6 0.154473
2.34 0.66 0.167707
2.34 0.72 0.179571
2.34 0.78 0.189629
2.34 0.84 0.197503
2.34 0.9 0.202872
2.34 0.96 0.205523
2.34 1.02 0.20535
2.34 1.08 0.202354
2.34 1.14 0.196661
2.34 1.2 0.188502
2.34 1.26 0.178199
2.34 1.32 0.166141
2.34 1.38 0.152771
2.34 1.44 0.138545
2.34 1.5 0.123919
2.34 1.56 0.109312
2.34 1.62 0.0951015
2.34 1.68 0.081601
2.34 1.74 0.0690548
2.34 1.8 0.0576339
2.34 1.86 0.047441
2.34 1.92 0.0385139
2.34 1.98 0.030837
2.34 2.04 0.0243507
2.34 2.1 0.0189647
2.34 2.16 0.014567
2.34 2.22 0.0110352
2.34 2.28 0.00824474
2.34 2.34 0.0060752
2.34 2.4 0.00441513
2.34 2.46 0.00316452
2.34 2.52 0.00223698
2.34 2.58 0.00155957
2.34 2.64 0.00107236
2.34 2.7 0.000727213
2.34 2.76 0.000486373
2.34 2.82 0.000320829
2.34 2.88 0.000208717
2.34 2.94 0.000133917
2.34 3 8.47434e-05
2.34 3.06 5.28883e-05
2.34 3.12 3.25541e-05
2.34 3.18 1.97623e-05
2.4 -1.14 3.30684e-05
2.4 -1.08 5.3633e-05
2.4 -1.02 8.57891e-05
2.4 -0.96 0.000135339
2.4 -0.9 0.000210576
2.4 -0.84 0.00032313
2.4 -0.78 0.000489031
2.4 -0.72 0.000729935
2.4 -0.66 0.00107454
2.4 -0.6 0.0015601
2.4 -0.54 0.00223391
2.4 -0.48 0.00315478
2.4 -0.42 0.00439405
2.4 -0.36 0.00603597
2.4 -0.3 0.00817744
2.4 -0.24 0.0109264
2.4 -0.18 0.0143989
2.4 -0.12 0.0187141
2.4 -0.06 0.0239879
2.4 9.71445e-15 0.0303258
2.4 0.06 0.0378106
2.4 0.12 0.0464953
2.4 0.18 0.0563892
2.4 0.24 0.0674476
2.4 0.3 0.0795665
2.4 0.36 0.092572
2.4 0.42 0.106223
2.4 0.48 0.120211
2.4 0.54 0.134172
2.4 0.6 0.147696
2.4 0.66 0.16035
2.4 0.72 0.171693
2.4 0.78 0.18131
2.4 0.84 0.188837
2.4 0.9 0.193971
2.4 0.96 0.196507
2.4 1.02 0.19634
2.4 1.08 0.193476
2.4 1.14 0.188033
2.4 1.2 0.180232
2.4 1.26 0.170381
2.4 1.32 0.158851
2.4 1.38 0.146069
2.4 1.44 0.132467
2.4 1.5 0.118482
2.4 1.56 0.104516
2.4 1.62 0.0909289
2.4 1.68 0.0780209
2.4 1.74 0.0660249
2.4 1.8 0.0551053
2.4 1.86 0.0453597
2.4 1.92 0.036824
2.4 1.98 0.0294841
2.4 2.04 0.0232824
2.4 2.1 0.0181326
2.4 2.16 0.0139279
2.4 2.22 0.010551
2.4 2.28 0.00788299
2.4 2.34 0.00580867
2.4 2.4 0.00422142
2.4 2.46 0.00302568
2.4 2.52 0.00213884
2.4 2.58 0.00149114
2.4 2.64 0.00102531
2.4 2.7 0.000695307
2.4 2.76 0.000465035
2.4 2.82 0.000306752
2.4 2.88 0.000199559
2.4 2.94 0.000128042
2.4 3 8.10255e-05
2.4 3.06 5.05677e-05
2.4 3.12 3.11259e-05
2.4 3.18 1.88953e-05
2.46 -1.14 3.11831e-05
2.46 -1.08 5.0575e-05
2.46 -1.02 8.08976e-05
2.46 -0.96 0.000127623
2.46 -0.9 0.000198568
2.46 -0.84 0.000304707
2.46 -0.78 0.000461145
2.46 -0.72 0.000688316
2.46 -0.66 0.00101328
2.46 -0.6 0.00147114
2.46 -0.54 0.00210653
2.46 -0.48 0.00297489
2.46 -0.42 0.00414353
2.46 -0.36 0.00569181
2.46 -0.3 0.00771124
2.46 -0.24 0.0103034
2.46 -0.18 0.0135779
2.46 -0.12 0.017647
2.46 -0.06 0.0226203
2.46 9.71445e-15 0.0285967
2.46 0.06 0.0356548
2.46 0.12 0.0438444
2.46 0.18 0.0531742
2.46 0.24 0.063602
2.46 0.3 0.0750299
2.46 0.36 0.0872943
2.46 0.42 0.100167
2.46 0.48 0.113357
2.46 0.54 0.126523
2.46 0.6 0.139275
2.46 0.66 0.151208
2.46 0.72 0.161903
2.46 0.78 0.170974
2.46 0.84 0.178069
2.46 0.9 0.182913
2.46 0.96 0.185304
2.46 1.02 0.185146
2.46 1.08 0.182445
2.46 1.14 0.177314
2.46 1.2 0.169956
2.46 1.26 0.160666
2.46 1.32 0.149795
2.46 1.38 0.137741
2.46 1.44 0.124915
2.46 1.5 0.111726
2.46 1.56 0.0985566
2.46 1.62 0.0857438
2.46 1.68 0.0735723
2.46 1.74 0.0622598
2.46 1.8 0.0519637
2.46 1.86 0.0427736
2.46 1.92 0.0347246
2.46 1.98 0.0278031
2.46 2.04 0.0219551
2.46 2.1 0.0170989
2.46 2.16 0.0131337
2.46 2.22 0.00994931
2.46 2.28 0.00743356
2.46 2.34 0.00547752
2.46 2.4 0.00398072
2.46 2.46 0.00285316
2.46 2.52 0.0020169
2.46 2.58 0.00140613
2.46 2.64 0.000966843
2.46 2.7 0.000655658
2.46 2.76 0.000438521
2.46 2.82 0.000289261
2.46 2.88 0.000188181
2.46 2.94 0.000120741
2.46 3 7.64055e-05
2.46 3.06 4.76848e-05
2.46 3.12 2.93512e-05
2.46 3.18 1.78181e-05
2.52 -1.14 2.9001e-05
2.52 -1.08 4.70352e-05
2.52 -1.02 7.52372e-05
2.52 -0.96 0.000118693
2.52 -0.9 0.000184673
2.52 -0.84 0.000283384
2.52 -0.78 0.00042888
2.52 -0.72 0.000640154
2.52 -0.66 0.000942368
2.52 -0.6 0.00136818
2.52 -0.54 0.00195913
2.52 -0.48 0.00276674
2.52 -0.42 0.00385354
2.52 -0.36 0.00529352
2.52 -0.3 0.0071716
2.52 -0.24 0.00958248
2.52 -0.18 0.0126277
2.52 -0.12 0.0164119
2.52 -0.06 0.0210373
2.52 9.71445e-15 0.0265953
2.52 0.06 0.03316
2.52 0.12 0.0407763
2.52 0.18 0.0494526
2.52 0.24 0.0591515
2.52 0.3 0.0697789
2.52 0.36 0.0811852
2.52 0.42 0.0931568
2.52 0.48 0.105426
2.52 0.54 0.11767
2.52 0.6 0.12953
2.52 0.66 0.140625
2.52 0.72 0.150574
2.52 0.78 0.15901
2.52 0.84 0.16561
2.52 0.9 0.170113
2.52 0.96 0.172338
2.52 1.02 0.17219
2.52 1.08 0.169679
2.52 1.14 0.164906
2.52 1.2 0.158063
2.52 1.26 0.149422
2.52 1.32 0.139313
2.52 1.38 0.128101
2.52 1.44 0.116174
2.52 1.5 0.103908
2.52 1.56 0.0916595
2.52 1.62 0.0797441
2.52 1.68 0.068424
2.52 1.74 0.0579037
2.52 1.8 0.0483273
2.52 1.86 0.0397802
2.52 1.92 0.032295
2.52 1.98 0.0258574
2.52 2.04 0.0204188
2.52 2.1 0.0159024
2.52 2.16 0.0122146
2.52 2.22 0.00925322
2.52 2.28 0.00691339
2.52 2.34 0.00509424
2.52 2.4 0.00370211
2.52 2.46 0.00265351
2.52 2.52 0.00187574
2.52 2.58 0.00130773
2.52 2.64 0.000899187
2.52 2.7 0.000609779
2.52 2.76 0.000407835
2.52 2.82 0.000269018
2.52 2.88 0.000175015
2.52 2.94 0.000112292
2.52 3 7.1058e-05
2.52 3.06 4.4348e-05
2.52 3.12 2.72971e-05
2.52 3.18 1.6571e-05
2.58 -1.14 2.66009e-05
2.58 -1.08 4.31431e-05
2.58 -1.02 6.901e-05
2.58 -0.96 0.000108869
2.58 -0.9 0.000169391
2.58 -0.84 0.000259931
2.58 -0.78 0.000393385
2.58 -0.72 0.000587174
2.58 -0.66 0.000864375
2.58 -0.6 0.00125497
2.58 -0.54 0.00179698
2.58 -0.48 0.00253775
2.58 -0.42 0.00353463
2.58 -0.36 0.0048554
2.58 -0.3 0.00657801
2.58 -0.24 0.00878931
2.58 -0.18 0.0115827
2.58 -0.12 0.0150539
2.58 -0.06 0.0192964
2.58 9.71445e-15 0.0243945
2.58 0.06 0.0304156
2.58 0.12 0.0374015
2.58 0.18 0.0453602
2.58 0.24 0.0542556
2.58 0.3 0.0640041
2.58 0.36 0.074466
2.58 0.42 0.085447
2.58 0.48 0.0967
2.58 0.54 0.10793
2.58 0.6 0.118809
2.58 0.66 0.128987
2.58 0.72 0.138112
2.58 0.78 0.145849
2.58 0.84 0.151904
2.58 0.9 0.156034
2.58 0.96 0.158073
2.58 1.02 0.157938
2.58 1.08 0.155635
2.58 1.14 0.151256
2.58 1.2 0.144982
2.58 1.26 0.137057
2.58 1.32 0.127782
2.58 1.38 0.117499
2.58 1.44 0.106558
2.58 1.5 0.0953079
2.58 1.56 0.0840743
2.58 1.62 0.0731448
2.58 1.68 0.0627609
2.58 1.74 0.0531116
2.58 1.8 0.0443274
2.58 1.86 0.0364879
2.58 1.92 0.0296219
2.58 1.98 0.0237176
2.58 2.04 0.0187288
2.58 2.1 0.0145861
2.58 2.16 0.0112038
2.58 2.22 0.00848739
2.58 2.28 0.00634118
2.58 2.34 0.00467261
2.58 2.4 0.00339578
2.58 2.46 0.00243389
2.58 2.52 0.00172051
2.58 2.58 0.00119949
2.58 2.64 0.000824773
2.58 2.7 0.000559316
2.58 2.76 0.000374081
2.58 2.82 0.000246756
2.58 2.88 0.000160529
2.58 2.94 0.000102999
2.58 3 6.5178e-05
2.58 3.06 4.06773e-05
2.58 3.12 2.5038e-05
2.58 3.18 1.51997e-05
2.64 -1.08 3.90282e-05
2.64 -1.02 6.24289e-05
2.64 -0.96 9.84866e-05
2.64 -0.9 0.000153234
2.64 -0.84 0.00023514
2.64 -0.78 0.000355867
2.64 -0.72 0.000531174
2.64 -0.66 0.000781942
2.64 -0.6 0.00113527
2.64 -0.54 0.00162562
2.64 -0.48 0.00229573
2.64 -0.42 0.00319753
2.64 -0.36 0.00439236
2.64 -0.3 0.00595073
2.64 -0.24 0.00795118
2.64 -0.18 0.010478
2.64 -0.12 0.013618
2.64 -0.06 0.0174559
2.64 9.71445e-15 0.0220679
2.64 0.06 0.0275149
2.64 0.12 0.0338346
2.64 0.18 0.0410341
2.64 0.24 0.0490818
2.64 0.3 0.0578999
2.64 0.36 0.0673646
2.64 0.42 0.0772984
2.64 0.48 0.087478
2.64 0.54 0.097638
2.64 0.6 0.107479
2.64 0.66 0.116686
2.64 0.72 0.124941
2.64 0.78 0.13194
2.64 0.84 0.137416
2.64 0.9 0.141153
2.64 0.96 0.142999
2.64 1.02 0.142877
2.64 1.08 0.140792
2.64 1.14 0.136833
2.64 1.2 0.131154
2.64 1.26 0.123985
2.64 1.32 0.115597
2.64 1.38 0.106293
2.64 1.44 0.0963969
2.64 1.5 0.0862193
2.64 1.56 0.0760559
2.64 1.62 0.0661683
2.64 1.68 0.0567757
2.64 1.74 0.0480461
2.64 1.8 0.0401003
2.64 1.86 0.0330081
2.64 1.92 0.0267971
2.64 1.98 0.0214554
2.64 2.04 0.0169428
2.64 2.1 0.0131952
2.64 2.16 0.0101353
2.64 2.22 0.00767794
2.64 2.28 0.00573648
2.64 2.34 0.004227
2.64 2.4 0.00307187
2.64 2.46 0.00220179
2.64 2.52 0.00155642
2.64 2.58 0.00108511
2.64 2.64 0.000746115
2.64 2.7 0.000505969
2.64 2.76 0.000338405
2.64 2.82 0.000223222
2.64 2.88 0.00014522
2.64 2.94 9.31756e-05
2.64 3 5.89614e-05
2.64 3.06 3.67984e-05
2.64 3.12 2.26501e-05
2.64 3.18 1.37501e-05
2.7 -1.08 3.48211e-05
2.7 -1.02 5.56981e-05
2.7 -0.96 8.78695e-05
2.7 -0.9 0.000136716
2.7 -0.84 0.000209793
2.7 -0.78 0.000317503
2.7 -0.72 0.00047391
2.7 -0.66 0.000697644
2.7 -0.6 0.00101289
2.7 -0.54 0.00145035
2.7 -0.48 0.00204824
2.7 -0.42 0.00285284
2.7 -0.36 0.00391883
2.7 -0.3 0.00530919
2.7 -0.24 0.00709392
2.7 -0.18 0.00934844
2.7 -0.12 0.0121501
2.7 -0.06 0.0155742
2.7 9.71445e-15 0.019689
2.7 0.06 0.0245486
2.7 0.12 0.0301872
2.7 0.18 0.0366107
2.7 0.24 0.0437901
2.7 0.3 0.0516583
2.7 0.36 0.0601024
2.7 0.42 0.0689654
2.7 0.48 0.0780473
2.7 0.54 0.0871113
2.7 0.6 0.0958924
2.7 0.66 0.104107
2.7 0.72 0.11147
2.7 0.78 0.117716
2.7 0.84 0.122602
2.7 0.9 0.125937
2.7 0.96 0.127582
2.7 1.02 0.127474
2.7 1.08 0.125615
2.7 1.14 0.122081
2.7 1.2 0.117016
2.7 1.26 0.110619
2.7 1.32 0.103134
2.7 1.38 0.0948346
2.7 1.44 0.0860041
2.7 1.5 0.0769235
2.7 1.56 0.0678569
2.7 1.62 0.0590356
2.7 1.68 0.0506547
2.7 1.74 0.0428665
2.7 1.8 0.0357772
2.7 1.86 0.0294497
2.7 1.92 0.023908
2.7 1.98 0.0191426
2.7 2.04 0.0151162
2.7 2.1 0.0117726
2.7 2.16 0.0090426
2.7 2.22 0.00685019
2.7 2.28 0.00511803
2.7 2.34 0.00377131
2.7 2.4 0.00274076
2.7 2.46 0.00196441
2.7 2.52 0.00138864
2.7 2.58 0.000968128
2.7 2.64 0.000665677
2.7 2.7 0.000451427
2.7 2.76 0.000301923
2.7 2.82 0.000199158
2.7 2.88 0.000129563
2.7 2.94 8.31315e-05
2.7 3 5.26057e-05
2.7 3.06 3.28311e-05
2.7 3.12 2.02084e-05
2.7 3.18 1.22678e-05
2.76 -1.08 3.064e-05
2.76 -1.02 4.90112e-05
2.76 -0.96 7.73189e-05
2.76 -0.9 0.000120301
2.76 -0.84 0.000184603
2.76 -0.78 0.000279382
2.76 -0.72 0.000417013
2.76 -0.66 0.000613883
2.76 -0.6 0.000891275
2.76 -0.54 0.00127623
2.76 -0.48 0.00180232
2.76 -0.42 0.00251027
2.76 -0.36 0.00344832
2.76 -0.3 0.00467173
2.76 -0.24 0.00624222
2.76 -0.18 0.00822599
2.76 -0.12 0.0106912
2.76 -0.06 0.0137043
2.76 9.71445e-15 0.0173249
2.76 0.06 0.0216013
2.76 0.12 0.0265625
2.76 0.18 0.0322147
2.76 0.24 0.0385325
2.76 0.3 0.0454559
2.76 0.36 0.0528856
2.76 0.42 0.0606843
2.76 0.48 0.0686766
2.76 0.54 0.0766521
2.76 0.6 0.0843783
2.76 0.66 0.0916064
2.76 0.72 0.0980877
2.76 0.78 0.103582
2.76 0.84 0.107883
2.76 0.9 0.110816
2.76 0.96 0.112264
2.76 1.02 0.112168
2.76 1.08 0.110532
2.76 1.14 0.107422
2.76 1.2 0.102966
2.76 1.26 0.0973371
2.76 1.32 0.0907512
2.76 1.38 0.0834487
2.76 1.44 0.0756778
2.76 1.5 0.067688
2.76 1.56 0.0597093
2.76 1.62 0.0519475
2.76 1.68 0.044573
2.76 1.74 0.0377199
2.76 1.8 0.0314811
2.76 1.86 0.0259139
2.76 1.92 0.0210376
2.76 1.98 0.0168443
2.76 2.04 0.0133012
2.76 2.1 0.0103591
2.76 2.16 0.00795688
2.76 2.22 0.00602776
2.76 2.28 0.00450351
2.76 2.34 0.00331849
2.76 2.4 0.00241167
2.76 2.46 0.00172854
2.76 2.52 0.0012219
2.76 2.58 0.000851878
2.76 2.64 0.000585751
2.76 2.7 0.000397227
2.76 2.76 0.000265674
2.76 2.82 0.000175245
2.76 2.88 0.000114008
2.76 2.94 7.31495e-05
2.76 3 4.62892e-05
2.76 3.06 2.8889e-05
2.76 3.12 1.7782e-05
2.76 3.18 1.07947e-05
2.82 -1.02 4.25339e-05
2.82 -0.96 6.71002e-05
2.82 -0.9 0.000104401
2.82 -0.84 0.000160204
2.82 -0.78 0.000242458
2.82 -0.72 0.000361899
2.82 -0.66 0.000532752
2.82 -0.6 0.000773477
2.82 -0.54 0.00110756
2.82 -0.48 0.00156411
2.82 -0.42 0.00217851
2.82 -0.36 0.00299259
2.82 -0.3 0.0040543
2.82 -0.24 0.00541726
2.82 -0.18 0.00713886
2.82 -0.12 0.0092782
2.82 -0.06 0.0118931
2.82 9.71445e-15 0.0150353
2.82 0.06 0.0187464
2.82 0.12 0.0230519
2.82 0.18 0.0279572
2.82 0.24 0.0334401
2.82 0.3 0.0394484
2.82 0.36 0.0458962
2.82 0.42 0.0526643
2.82 0.48 0.0596001
2.82 0.54 0.066522
2.82 0.6 0.0732266
2.82 0.66 0.0794997
2.82 0.72 0.0851243
2.82 0.78 0.0898926
2.82 0.84 0.0936244
2.82 0.9 0.0961698
2.82 0.96 0.097427
2.82 1.02 0.0973441
2.82 1.08 0.0959238
2.82 1.14 0.0932258
2.82 1.2 0.0893571
2.82 1.26 0.0844731
2.82 1.32 0.0787578
2.82 1.38 0.0724199
2.82 1.44 0.0656763
2.82 1.5 0.0587425
2.82 1.56 0.0518181
2.82 1.62 0.0450818
2.82 1.68 0.0386823
2.82 1.74 0.0327346
2.82 1.8 0.0273208
2.82 1.86 0.022489
2.82 1.92 0.0182573
2.82 1.98 0.014618
2.82 2.04 0.0115433
2.82 2.1 0.00899009
2.82 2.16 0.00690532
2.82 2.22 0.00523111
2.82 2.28 0.00390834
2.82 2.34 0.0028799
2.82 2.4 0.00209292
2.82 2.46 0.00150011
2.82 2.52 0.00106042
2.82 2.58 0.000739299
2.82 2.64 0.000508339
2.82 2.7 0.000344726
2.82 2.76 0.000230562
2.82 2.82 0.000152085
2.82 2.88 9.8941e-05
2.82 2.94 6.34817e-05
2.82 3 4.01715e-05
2.82 3.06 2.50712e-05
2.82 3.12 1.54319e-05
2.82 3.18 9.36809e-06
2.88 -1.02 3.64051e-05
2.88 -0.96 5.74315e-05
2.88 -0.9 8.93577e-05
2.88 -0.84 0.00013712
2.88 -0.78 0.000207521
2.88 -0.72 0.000309752
2.88 -0.66 0.000455987
2.88 -0.6 0.000662028
2.88 -0.54 0.00094797
2.88 -0.48 0.00133873
2.88 -0.42 0.00186461
2.88 -0.36 0.00256139
2.88 -0.3 0.00347011
2.88 -0.24 0.00463668
2.88 -0.18 0.00611022
2.88 -0.12 0.00794131
2.88 -0.06 0.0101794
2.88 9.71445e-15 0.0128688
2.88 0.06 0.0160452
2.88 0.12 0.0197304
2.88 0.18 0.0239288
2.88 0.24 0.0286217
2.88 0.3 0.0337642
2.88 0.36 0.039283
2.88 0.42 0.045076
2.88 0.48 0.0510122
2.88 0.54 0.0569369
2.88 0.6 0.0626752
2.88 0.66 0.0680445
2.88 0.72 0.0728586
2.88 0.78 0.0769398
2.88 0.84 0.0801338
2.88 0.9 0.0823123
2.88 0.96 0.0833887
2.88 1.02 0.0833178
2.88 1.08 0.0821018
2.88 1.14 0.0797928
2.88 1.2 0.0764812
2.88 1.26 0.0723013
2.88 1.32 0.0674096
2.88 1.38 0.0619848
2.88 1.44 0.056213
2.88 1.5 0.0502783
2.88 1.56 0.0443517
2.88 1.62 0.0385858
2.88 1.68 0.0331085
2.88 1.74 0.0280178
2.88 1.8 0.0233842
2.88 1.86 0.0192485
2.88 1.92 0.0156265
2.88 1.98 0.0125117
2.88 2.04 0.00988001
2.88 2.1 0.0076947
2.88 2.16 0.00591034
2.88 2.22 0.00447734
2.88 2.28 0.00334519
2.88 2.34 0.00246493
2.88 2.4 0.00179136
2.88 2.46 0.00128396
2.88 2.52 0.000907621
2.88 2.58 0.000632774
2.88 2.64 0.000435093
2.88 2.7 0.000295053
2.88 2.76 0.00019734
2.88 2.82 0.000130171
2.88 2.88 8.46844e-05
2.88 2.94 5.43345e-05
2.88 3 3.43832e-05
2.88 3.06 2.14587e-05
2.88 3.12 1.32083e-05
2.88 3.18 8.01823e-06
2.94 -0.96 4.84804e-05
2.94 -0.9 7.54308e-05
2.94 -0.84 0.000115749
2.94 -0.78 0.000175178
2.94 -0.72 0.000261475
2.94 -0.66 0.000384919
2.94 -0.6 0.000558847
2.94 -0.54 0.000800223
2.94 -0.48 0.00113008
2.94 -0.42 0.001574
2.94 -0.36 0.00216218
2.94 -0.3 0.00292927
2.94 -0.24 0.00391402
2.94 -0.18 0.0051579
2.94 -0.12 0.00670362
2.94 -0.06 0.00859285
2.94 9.71445e-15 0.0108631
2.94 0.06 0.0135444
2.94 0.12 0.0166553
2.94 0.18 0.0201994
2.94 0.24 0.0241608
2.94 0.3 0.0285019
2.94 0.36 0.0331605
2.94 0.42 0.0380505
2.94 0.48 0.0430615
2.94 0.54 0.0480628
2.94 0.6 0.0529067
2.94 0.66 0.0574394
2.94 0.72 0.0615031
2.94 0.78 0.0649481
2.94 0.84 0.0676444
2.94 0.9 0.0694836
2.94 0.96 0.0703919
2.94 1.02 0.0703321
2.94 1.08 0.0693057
2.94 1.14 0.0673565
2.94 1.2 0.0645613
2.94 1.26 0.0610328
2.94 1.32 0.0569033
2.94 1.38 0.0523241
2.94 1.44 0.0474517
2.94 1.5 0.0424421
2.94 1.56 0.0374392
2.94 1.62 0.032572
2.94 1.68 0.0279483
2.94 1.74 0.023651
2.94 1.8 0.0197396
2.94 1.86 0.0162486
2.94 1.92 0.013191
2.94 1.98 0.0105617
2.94 2.04 0.00834013
2.94 2.1 0.00649543
2.94 2.16 0.00498917
2.94 2.22 0.00377952
2.94 2.28 0.00282382
2.94 2.34 0.00208075
2.94 2.4 0.00151216
2.94 2.46 0.00108384
2.94 2.52 0.000766164
2.94 2.58 0.000534151
2.94 2.64 0.00036728
2.94 2.7 0.000249067
2.94 2.76 0.000166583
2.94 2.82 0.000109883
2.94 2.88 7.14858e-05
2.94 2.94 4.5866e-05
2.94 3 2.90244e-05
2.94 3.06 1.81142e-05
2.94 3.12 1.11498e-05
3 -0.96 4.0362e-05
3 -0.9 6.27994e-05
3 -0.84 9.63661e-05
3 -0.78 0.000145842
3 -0.72 0.000217689
3 -0.66 0.00032046
3 -0.6 0.000465261
3 -0.54 0.000666217
3 -0.48 0.00094084
3 -0.42 0.00131042
3 -0.36 0.0018001
3 -0.3 0.00243875
3 -0.24 0.00325857
3 -0.18 0.00429415
3 -0.12 0.00558102
3 -0.06 0.00715393
3 9.71445e-15 0.00904399
3 0.06 0.0112763
3 0.12 0.0138661
3 0.18 0.0168168
3 0.24 0.0201148
3 0.3 0.023729
3 0.36 0.0276075
3 0.42 0.0316783
3 0.48 0.0358504
3 0.54 0.040014
3 0.6 0.0440472
3 0.66 0.0478207
3 0.72 0.0512038
3 0.78 0.0540722
3 0.84 0.0563168
3 0.9 0.0578482
3 0.96 0.0586042
3 1.02 0.0585539
3 1.08 0.0576997
3 1.14 0.0560769
3 1.2 0.0537503
3 1.26 0.0508121
3 1.32 0.047374
3 1.38 0.043562
3 1.44 0.0395055
3 1.5 0.0353346
3 1.56 0.0311695
3 1.62 0.0271176
3 1.68 0.0232681
3 1.74 0.0196904
3 1.8 0.0164339
3 1.86 0.0135276
3 1.92 0.010982
3 1.98 0.00879305
3 2.04 0.00694353
3 2.1 0.00540768
3 2.16 0.00415366
3 2.22 0.0031466
3 2.28 0.00235093
3 2.34 0.00173232
3 2.4 0.00125894
3 2.46 0.000902338
3 2.52 0.000637863
3 2.58 0.000444701
3 2.64 0.000305774
3 2.7 0.000207359
3 2.76 0.000138687
3 2.82 9.14816e-05
3 2.88 5.95146e-05
3 2.94 3.81855e-05
3 3 2.4164e-05
3 3.06 1.50807e-05
3 3.12 9.28261e-06
3.06 -0.9 5.15644e-05
3.06 -0.84 7.91266e-05
3.06 -0.78 0.000119751
3.06 -0.72 0.000178742
3.06 -0.66 0.000263126
3.06 -0.6 0.000382025
3.06 -0.54 0.000547023
3.06 -0.48 0.000772527
3.06 -0.42 0.00107598
3.06 -0.36 0.00147804
3.06 -0.3 0.00200245
3.06 -0.24 0.00267559
3.06 -0.18 0.00352587
3.06 -0.12 0.00458257
3.06 -0.06 0.00587406
3.06 9.71445e-15 0.00742592
3.06 0.06 0.00925886
3.06 0.12 0.0113856
3.06 0.18 0.0138081
3.06 0.24 0.0165161
3.06 0.3 0.0194836
3.06 0.36 0.0226684
3.06 0.42 0.0260113
3.06 0.48 0.0294369
3.06 0.54 0.0328554
3.06 0.6 0.0361673
3.06 0.66 0.0392653
3.06 0.72 0.0420429
3.06 0.78 0.0443987
3.06 0.84 0.0462413
3.06 0.9 0.047499
3.06 0.96 0.0481199
3.06 1.02 0.0480785
3.06 1.08 0.0473776
3.06 1.14 0.0460447
3.06 1.2 0.0441345
3.06 1.26 0.0417214
3.06 1.32 0.0388987
3.06 1.38 0.0357684
3.06 1.44 0.032438
3.06 1.5 0.0290129
3.06 1.56 0.025593
3.06 1.62 0.0222661
3.06 1.68 0.0191052
3.06 1.74 0.0161678
3.06 1.8 0.0134938
3.06 1.86 0.0111074
3.06 1.92 0.00901734
3.06 1.98 0.00721993
3.06 2.04 0.00570134
3.06 2.1 0.00444023
3.06 2.16 0.00341055
3.06 2.22 0.00258367
3.06 2.28 0.00193034
3.06 2.34 0.00142241
3.06 2.4 0.00103371
3.06 2.46 0.000740906
3.06 2.52 0.000523743
3.06 2.58 0.000365142
3.06 2.64 0.000251069
3.06 2.7 0.000170262
3.06 2.76 0.000113875
3.06 2.82 7.51148e-05
3.06 2.88 4.88672e-05
3.06 2.94 3.13543e-05
3.06 3 1.98409e-05
3.06 3.06 1.23827e-05
3.06 3.12 7.62184e-06
3.12 -0.9 4.17575e-05
3.12 -0.84 6.40773e-05
3.12 -0.78 9.69762e-05
3.12 -0.72 0.000144748
3.12 -0.66 0.000213083
3.12 -0.6 0.00030937
3.12 -0.54 0.000442987
3.12 -0.48 0.000625602
3.12 -0.42 0.000871343
3.12 -0.36 0.00119694
3.12 -0.3 0.00162159
3.12 -0.24 0.00216673
3.12 -0.18 0.00285532
3.12 -0.12 0.00371102
3.12 -0.06 0.00475683
3.12 9.71445e-15 0.00601364
3.12 0.06 0.00749794
3.12 0.12 0.00922017
3.12 0.18 0.011182
3.12 0.24 0.013375
3.12 0.3 0.0157781
3.12 0.36 0.0183571
3.12 0.42 0.0210643
3.12 0.48 0.0238383
3.12 0.54 0.0266068
3.12 0.6 0.0292886
3.12 0.66 0.0317974
3.12 0.72 0.0340469
3.12 0.78 0.0359542
3.12 0.84 0.0374468
3.12 0.9 0.0384647
3.12 0.96 0.0389677
3.12 1.02 0.0389348
3.12 1.08 0.0383669
3.12 1.14 0.0372874
3.12 1.2 0.0357402
3.12 1.26 0.0337867
3.12 1.32 0.0315007
3.12 1.38 0.0289655
3.12 1.44 0.0262684
3.12 1.5 0.0234952
3.12 1.56 0.0207258
3.12 1.62 0.0180314
3.12 1.68 0.0154717
3.12 1.74 0.0130929
3.12 1.8 0.0109275
3.12 1.86 0.00899484
3.12 1.92 0.00730231
3.12 1.98 0.00584673
3.12 2.04 0.00461695
3.12 2.1 0.00359575
3.12 2.16 0.00276193
3.12 2.22 0.00209229
3.12 2.28 0.00156322
3.12 2.34 0.00115187
3.12 2.4 0.000837112
3.12 2.46 0.0006
3.12 2.52 0.000424134
3.12 2.58 0.000295698
3.12 2.64 0.000203321
3.12 2.7 0.000137881
3.12 2.76 9.22168e-05
3.12 2.82 6.08295e-05
3.12 2.88 3.9573e-05
3.12 2.94 2.5391e-05
3.12 3 1.60674e-05
3.12 3.06 1.00277e-05
3.12 3.12 6.1723e-06
3.18 -0.84 5.11771e-05
3.18 -0.78 7.7452e-05
3.18 -0.72 0.000115607
3.18 -0.66 0.000170186
3.18 -0.6 0.000247085
3.18 -0.54 0.000353805
3.18 -0.48 0.00049965
3.18 -0.42 0.000695926
3.18 -0.36 0.000955971
3.18 -0.3 0.00129515
3.18 -0.24 0.00173052
3.18 -0.18 0.00228048
3.18 -0.12 0.0029639
3.18 -0.06 0.00379922
3.18 9.71445e-15 0.00480297
3.18 0.06 0.00598845
3.18 0.12 0.00736387
3.18 0.18 0.00893088
3.18 0.24 0.0106823
3.18 0.3 0.0126017
3.18 0.36 0.0146615
3.18 0.42 0.0168235
3.18 0.48 0.019039
3.18 0.54 0.0212502
3.18 0.6 0.0233921
3.18 0.66 0.0253961
3.18 0.72 0.0271926
3.18 0.78 0.0287161
3.18 0.84 0.0299079
3.18 0.9 0.0307214
3.18 0.96 0.031123
3.18 1.02 0.0310963
3.18 1.08 0.0306426
3.18 1.14 0.0297808
3.18 1.2 0.0285451
3.18 1.26 0.0269847
3.18 1.32 0.0251589
3.18 1.38 0.0231344
3.18 1.44 0.0209802
3.18 1.5 0.018765
3.18 1.56 0.0165531
3.18 1.62 0.0144012
3.18 1.68 0.0123569
3.18 1.74 0.0104569
3.18 1.8 0.00872757
3.18 1.86 0.00718408
3.18 1.92 0.00583221
3.18 1.98 0.0046697
3.18 2.04 0.0036875
3.18 2.1 0.00287185
3.18 2.16 0.00220587
3.18 2.22 0.00167105
3.18 2.28 0.0012485
3.18 2.34 0.000919984
3.18 2.4 0.00066858
3.18 2.46 0.000479202
3.18 2.52 0.000338749
3.18 2.58 0.000236167
3.18 2.64 0.000162386
3.18 2.7 0.000110122
3.18 2.76 7.36523e-05
3.18 2.82 4.85828e-05
3.18 2.88 3.16062e-05
3.18 2.94 2.02792e-05
3.18 3 1.28327e-05
3.18 3.06 8.00891e-06
3.18 3.12 4.92969e-06
3.24 -0.84 4.03122e-05
3.24 -0.78 6.10097e-05
3.24 -0.72 9.10639e-05
3.24 -0.66 0.000134055
3.24 -0.6 0.000194631
3.24 -0.54 0.000278692
3.24 -0.48 0.000393579
3.24 -0.42 0.000548179
3.24 -0.36 0.000753021
3.24 -0.3 0.00102017
3.24 -0.24 0.00136313
3.24 -0.18 0.00179634
3.24 -0.12 0.00233468
3.24 -0.06 0.00299263
3.24 9.71445e-15 0.00378331
3.24 0.06 0.00471711
3.24 0.12 0.00580059
3.24 0.18 0.00703484
3.24 0.24 0.00841448
3.24 0.3 0.00992632
3.24 0.36 0.0115488
3.24 0.42 0.013252
3.24 0.48 0.0149971
3.24 0.54 0.0167388
3.24 0.6 0.018426
3.24 0.66 0.0200045
3.24 0.72 0.0214196
3.24 0.78 0.0226195
3.24 0.84 0.0235586
3.24 0.9 0.024199
3.24 0.96 0.0245153
3.24 1.02 0.0244946
3.24 1.08 0.0241374
3.24 1.14 0.0234582
3.24 1.2 0.0224849
3.24 1.26 0.021256
3.24 1.32 0.0198177
3.24 1.38 0.0182228
3.24 1.44 0.016526
3.24 1.5 0.0147813
3.24 1.56 0.013039
3.24 1.62 0.0113439
3.24 1.68 0.00973354
3.24 1.74 0.00823702
3.24 1.8 0.00687472
3.24 1.86 0.00565885
3.24 1.92 0.00459404
3.24 1.98 0.00367831
3.24 2.04 0.00290461
3.24 2.1 0.00226216
3.24 2.16 0.00173759
3.24 2.22 0.0013163
3.24 2.28 0.000983452
3.24 2.34 0.000724665
3.24 2.4 0.000526645
3.24 2.46 0.000377472
3.24 2.52 0.000266832
3.24 2.58 0.000186029
3.24 2.64 0.000127913
3.24 2.7 8.67437e-05
3.24 2.76 5.80156e-05
3.24 2.82 3.82691e-05
3.24 2.88 2.48962e-05
3.24 2.94 1.59739e-05
3.24 3 1.01084e-05
3.24 3.06 6.30864e-06
3.3 -0.78 4.73969e-05
3.3 -0.72 7.07452e-05
3.3 -0.66 0.000104143
3.3 -0.6 0.000151202
3.3 -0.54 0.000216509
3.3 -0.48 0.000305761
3.3 -0.42 0.000425865
3.3 -0.36 0.000585
3.3 -0.3 0.000792554
3.3 -0.24 0.00105898
3.3 -0.18 0.00139552
3.3 -0.12 0.00181373
3.3 -0.06 0.0023249
3.3 9.71445e-15 0.00293911
3.3 0.06 0.00366461
3.3 0.12 0.00450632
3.3 0.18 0.00546514
3.3 0.24 0.00653699
3.3 0.3 0.00771145
3.3 0.36 0.00897199
3.3 0.42 0.0102951
3.3 0.48 0.0116509
3.3 0.54 0.013004
3.3 0.6 0.0143148
3.3 0.66 0.0155409
3.3 0.72 0.0166403
3.3 0.78 0.0175727
3.3 0.84 0.018302
3.3 0.9 0.0187997
3.3 0.96 0.0190455
3.3 1.02 0.0190292
3.3 1.08 0.0187517
3.3 1.14 0.0182242
3.3 1.2 0.0174681
3.3 1.26 0.0165129
3.3 1.32 0.0153959
3.3 1.38 0.0141568
3.3 1.44 0.0128387
3.3 1.5 0.0114832
3.3 1.56 0.0101295
3.3 1.62 0.00881275
3.3 1.68 0.0075617
3.3 1.74 0.00639911
3.3 1.8 0.00534077
3.3 1.86 0.00439622
3.3 1.92 0.00356901
3.3 1.98 0.00285758
3.3 2.04 0.00225655
3.3 2.1 0.00175742
3.3 2.16 0.00134987
3.3 2.22 0.0010226
3.3 2.28 0.000764016
3.3 2.34 0.00056298
3.3 2.4 0.000409133
3.3 2.46 0.000293245
3.3 2.52 0.000207293
3.3 2.58 0.000144521
3.3 2.64 9.93717e-05
3.3 2.7 6.73885e-05
3.3 2.76 4.50709e-05
3.3 2.82 2.97299e-05
3.3 2.88 1.93414e-05
3.3 2.94 1.24098e-05
3.3 3 7.85281e-06
3.3 3.06 4.90101e-06
3.36 -0.72 5.42043e-05
3.36 -0.66 7.97946e-05
3.36 -0.6 0.00011585
3.36 -0.54 0.000165888
3.36 -0.48 0.000234271
3.36 -0.42 0.000326298
3.36 -0.36 0.000448223
3.36 -0.3 0.000607254
3.36 -0.24 0.000811389
3.36 -0.18 0.00106924
3.36 -0.12 0.00138968
3.36 -0.06 0.00178133
3.36 9.71445e-15 0.00225196
3.36 0.06 0.00280778
3.36 0.12 0.0034527
3.36 0.18 0.00418741
3.36 0.24 0.00500861
3.36 0.3 0.00590853
3.36 0.36 0.00687434
3.36 0.42 0.00788802
3.36 0.48 0.00892682
3.36 0.54 0.0099636
3.36 0.6 0.0109678
3.36 0.66 0.0119074
3.36 0.72 0.0127497
3.36 0.78 0.0134641
3.36 0.84 0.0140228
3.36 0.9 0.0144043
3.36 0.96 0.0145926
3.36 1.02 0.0145801
3.36 1.08 0.0143674
3.36 1.14 0.0139633
3.36 1.2 0.0133839
3.36 1.26 0.0126522
3.36 1.32 0.0117963
3.36 1.38 0.010847
3.36 1.44 0.00983698
3.36 1.5 0.00879835
3.36 1.56 0.0077612
3.36 1.62 0.00675225
3.36 1.68 0.00579374
3.36 1.74 0.00490292
3.36 1.8 0.0040921
3.36 1.86 0.00336839
3.36 1.92 0.00273455
3.36 1.98 0.00218947
3.36 2.04 0.00172895
3.36 2.1 0.00134653
3.36 2.16 0.00103427
3.36 2.22 0.000783505
3.36 2.28 0.000585387
3.36 2.34 0.000431352
3.36 2.4 0.000313476
3.36 2.46 0.000224684
3.36 2.52 0.000158828
3.36 2.58 0.000110732
3.36 2.64 7.61381e-05
3.36 2.7 5.16322e-05
3.36 2.76 3.45331e-05
3.36 2.82 2.27789e-05
3.36 2.88 1.48192e-05
3.36 2.94 9.50826e-06
3.36 3 6.01684e-06
3.36 3.06 3.75514e-06
3.42 -0.72 4.09602e-05
3.42 -0.66 6.0298e-05
3.42 -0.6 8.75442e-05
3.42 -0.54 0.000125355
3.42 -0.48 0.00017703
3.42 -0.42 0.000246572
3.42 -0.36 0.000338707
3.42 -0.3 0.000458879
3.42 -0.24 0.000613135
3.42 -0.18 0.000807991
3.42 -0.12 0.00105014
3.42 -0.06 0.00134608
3.42 9.71445e-15 0.00170173
3.42 0.06 0.00212174
3.42 0.12 0.00260909
3.42 0.18 0.00316428
3.42 0.24 0.00378482
3.42 0.3 0.00446487
3.42 0.36 0.00519469
3.42 0.42 0.0059607
3.42 0.48 0.00674563
3.42 0.54 0.00752912
3.42 0.6 0.00828797
3.42 0.66 0.00899804
3.42 0.72 0.0096345
3.42 0.78 0.0101743
3.42 0.84 0.0105965
3.42 0.9 0.0108847
3.42 0.96 0.0110271
3.42 1.02 0.0110177
3.42 1.08 0.0108569
3.42 1.14 0.0105515
3.42 1.2 0.0101137
3.42 1.26 0.00956088
3.42 1.32 0.008914
3.42 1.38 0.00819665
3.42 1.44 0.00743343
3.42 1.5 0.00664858
3.42 1.56 0.00586489
3.42 1.62 0.00510243
3.42 1.68 0.00437813
3.42 1.74 0.00370495
3.42 1.8 0.00309225
3.42 1.86 0.00254537
3.42 1.92 0.00206639
3.42 1.98 0.0016545
3.42 2.04 0.0013065
3.42 2.1 0.00101752
3.42 2.16 0.000781558
3.42 2.22 0.000592062
3.42 2.28 0.000442355
3.42 2.34 0.000325955
3.42 2.4 0.000236884
3.42 2.46 0.000169786
3.42 2.52 0.000120021
3.42 2.58 8.3676e-05
3.42 2.64 5.75348e-05
3.42 2.7 3.90168e-05
3.42 2.76 2.60954e-05
3.42 2.82 1.72133e-05
3.42 2.88 1.11983e-05
3.42 2.94 7.18506e-06
3.42 3 4.54673e-06
3.48 -0.66 4.49386e-05
3.48 -0.6 6.52447e-05
3.48 -0.54 9.34242e-05
3.48 -0.48 0.000131936
3.48 -0.42 0.000183765
3.48 -0.36 0.00025243
3.48 -0.3 0.000341992
3.48 -0.24 0.000456955
3.48 -0.18 0.000602176
3.48 -0.12 0.000782641
3.48 -0.06 0.0010032
3.48 9.71445e-15 0.00126826
3.48 0.06 0.00158128
3.48 0.12 0.00194449
3.48 0.18 0.00235826
3.48 0.24 0.00282074
3.48 0.3 0.00332756
3.48 0.36 0.00387148
3.48 0.42 0.00444238
3.48 0.48 0.00502736
3.48 0.54 0.00561128
3.48 0.6 0.00617684
3.48 0.66 0.00670603
3.48 0.72 0.00718036
3.48 0.78 0.00758265
3.48 0.84 0.00789732
3.48 0.9 0.00811213
3.48 0.96 0.00821821
3.48 1.02 0.00821121
3.48 1.08 0.00809139
3.48 1.14 0.00786382
3.48 1.2 0.00753751
3.48 1.26 0.00712549
3.48 1.32 0.0066434
3.48 1.38 0.00610877
3.48 1.44 0.00553996
3.48 1.5 0.00495503
3.48 1.56 0.00437096
3.48 1.62 0.00380272
3.48 1.68 0.00326291
3.48 1.74 0.00276122
3.48 1.8 0.00230458
3.48 1.86 0.001897
3.48 1.92 0.00154003
3.48 1.98 0.00123306
3.48 2.04 0.000973705
3.48 2.1 0.000758332
3.48 2.16 0.000582477
3.48 2.22 0.00044125
3.48 2.28 0.000329677
3.48 2.34 0.000242927
3.48 2.4 0.000176544
3.48 2.46 0.000126537
3.48 2.52 8.94489e-05
3.48 2.58 6.23618e-05
3.48 2.64 4.28794e-05
3.48 2.7 2.90783e-05
3.48 2.76 1.94483e-05
3.48 2.82 1.28286e-05
3.48 2.88 8.34581e-06
3.48 2.94 5.35486e-06
3.48 3 3.38857e-06
3.54 -0.6 4.79567e-05
3.54 -0.54 6.867e-05
3.54 -0.48 9.69775e-05
3.54 -0.42 0.000135073
3.54 -0.36 0.000185544
3.54 -0.3 0.000251375
3.54 -0.24 0.000335878
3.54 -0.18 0.000442617
3.54 -0.12 0.000575264
3.54 -0.06 0.000737385
3.54 9.71445e-15 0.000932206
3.54 0.06 0.00116229
3.54 0.12 0.00142927
3.54 0.18 0.0017334
3.54 0.24 0.00207334
3.54 0.3 0.00244586
3.54 0.36 0.00284566
3.54 0.42 0.00326529
3.54 0.48 0.00369529
3.54 0.54 0.00412448
3.54 0.6 0.00454017
3.54 0.66 0.00492914
3.54 0.72 0.0052778
3.54 0.78 0.0055735
3.54 0.84 0.0058048
3.54 0.9 0.00596268
3.54 0.96 0.00604066
3.54 1.02 0.00603552
3.54 1.08 0.00594743
3.54 1.14 0.00578017
3.54 1.2 0.0055403
3.54 1.26 0.00523744
3.54 1.32 0.00488312
3.54 1.38 0.00449013
3.54 1.44 0.00407206
3.54 1.5 0.00364212
3.54 1.56 0.00321279
3.54 1.62 0.0027951
3.54 1.68 0.00239834
3.54 1.74 0.00202959
3.54 1.8 0.00169394
3.54 1.86 0.00139435
3.54 1.92 0.00113198
3.54 1.98 0.000906336
3.54 2.04 0.000715706
3.54 2.1 0.0005574
3.54 2.16 0.000428141
3.54 2.22 0.000324335
3.54 2.28 0.000242324
3.54 2.34 0.000178559
3.54 2.4 0.000129765
3.54 2.46 9.30092e-05
3.54 2.52 6.57476e-05
3.54 2.58 4.5838e-05
3.54 2.64 3.15178e-05
3.54 2.7 2.13734e-05
3.54 2.76 1.42951e-05
3.54 2.82 9.42946e-06
3.54 2.88 6.13447e-06
3.54 2.94 3.93599e-06
3.6 -0.54 4.97812e-05
3.6 -0.48 7.0302e-05
3.6 -0.42 9.79173e-05
3.6 -0.36 0.000134507
3.6 -0.3 0.000182228
3.6 -0.24 0.000243488
3.6 -0.18 0.000320868
3.6 -0.12 0.000417023
3.6 -0.06 0.000534553
3.6 9.71445e-15 0.000675783
3.6 0.06 0.000842588
3.6 0.12 0.00103611
3.6 0.18 0.00125658
3.6 0.24 0.00150303
3.6 0.3 0.00177307
3.6 0.36 0.00206289
3.6 0.42 0.00236709
3.6 0.48 0.00267884
3.6 0.54 0.00298995
3.6 0.6 0.00329131
3.6 0.66 0.00357324
3.6 0.72 0.00382606
3.6 0.78 0.0040404
3.6 0.84 0.00420811
3.6 0.9 0.0043225
3.6 0.96 0.00437904
3.6 1.02 0.00437531
3.6 1.08 0.00431148
3.6 1.14 0.00419021
3.6 1.2 0.00401632
3.6 1.26 0.00379678
3.6 1.32 0.00353992
3.6 1.38 0.00325503
3.6 1.44 0.00295195
3.6 1.5 0.00264029
3.6 1.56 0.00232905
3.6 1.62 0.00202628
3.6 1.68 0.00173864
3.6 1.74 0.00147132
3.6 1.8 0.00122798
3.6 1.86 0.0010108
3.6 1.92 0.000820607
3.6 1.98 0.000657031
3.6 2.04 0.000518836
3.6 2.1 0.000404076
3.6 2.16 0.000310372
3.6 2.22 0.000235122
3.6 2.28 0.000175668
3.6 2.34 0.000129443
3.6 2.4 9.40698e-05
3.6 2.46 6.7425e-05
3.6 2.52 4.76621e-05
3.6 2.58 3.32292e-05
3.6 2.64 2.28482e-05
3.6 2.7 1.54943e-05
3.6 2.76 1.0363e-05
3.6 2.82 6.8357e-06
3.6 2.88 4.44708e-06
3.6 2.94 2.85331e-06
3.66 -0.48 5.02634e-05
3.66 -0.42 7.00075e-05
3.66 -0.36 9.61672e-05
3.66 -0.3 0.000130286
3.66 -0.24 0.000174084
3.66 -0.18 0.000229408
3.66 -0.12 0.00029816
3.66 -0.06 0.000382189
3.66 9.71445e-15 0.000483161
3.66 0.06 0.000602421
3.66 0.12 0.000740783
3.66 0.18 0.000898412
3.66 0.24 0.0010746
3.66 0.3 0.00126768
3.66 0.36 0.00147488
3.66 0.42 0.00169238
3.66 0.48 0.00191527
3.66 0.54 0.00213768
3.66 0.6 0.00235317
3.66 0.66 0.00255475
3.66 0.72 0.00273549
3.66 0.78 0.00288873
3.66 0.84 0.00300865
3.66 0.9 0.00309046
3.66 0.96 0.00313084
3.66 1.02 0.00312815
3.66 1.08 0.00308255
3.66 1.14 0.00299581
3.66 1.2 0.00287155
3.66 1.26 0.00271457
3.66 1.32 0.00253088
3.66 1.38 0.00232723
3.66 1.44 0.00211052
3.66 1.5 0.00188769
3.66 1.56 0.00166519
3.66 1.62 0.00144873
3.66 1.68 0.00124306
3.66 1.74 0.00105194
3.66 1.8 0.000877955
3.66 1.86 0.000722692
3.66 1.92 0.000586701
3.66 1.98 0.000469757
3.66 2.04 0.000370948
3.66 2.1 0.000288897
3.66 2.16 0.000221904
3.66 2.22 0.000168103
3.66 2.28 0.000125594
3.66 2.34 9.25469e-05
3.66 2.4 6.72575e-05
3.66 2.46 4.82061e-05
3.66 2.52 3.40767e-05
3.66 2.58 2.37574e-05
3.66 2.64 1.63356e-05
3.66 2.7 1.1078e-05
3.66 2.76 7.40917e-06
3.66 2.82 4.88729e-06
3.66 2.88 3.17948e-06
3.72 -0.42 4.93652e-05
3.72 -0.36 6.78111e-05
3.72 -0.3 9.18701e-05
3.72 -0.24 0.000122754
3.72 -0.18 0.000161764
3.72 -0.12 0.000210243
3.72 -0.06 0.000269492
3.72 9.71445e-15 0.000340694
3.72 0.06 0.000424784
3.72 0.12 0.000522358
3.72 0.18 0.000633506
3.72 0.24 0.000757746
3.72 0.3 0.000893888
3.72 0.36 0.00104001
3.72 0.42 0.00119337
3.72 0.48 0.00135052
3.72 0.54 0.00150738
3.72 0.6 0.00165931
3.72 0.66 0.00180146
3.72 0.72 0.00192888
3.72 0.78 0.00203695
3.72 0.84 0.00212148
3.72 0.9 0.00217918
3.72 0.96 0.00220768
3.72 1.02 0.00220581
3.72 1.08 0.00217363
3.72 1.14 0.00211248
3.72 1.2 0.00202483
3.72 1.26 0.00191413
3.72 1.32 0.00178464
3.72 1.38 0.00164101
3.72 1.44 0.00148822
3.72 1.5 0.00133109
3.72 1.56 0.00117419
3.72 1.62 0.00102154
3.72 1.68 0.000876525
3.72 1.74 0.000741759
3.72 1.8 0.000619088
3.72 1.86 0.000509595
3.72 1.92 0.000413703
3.72 1.98 0.000331238
3.72 2.04 0.000261569
3.72 2.1 0.000203713
3.72 2.16 0.000156474
3.72 2.22 0.000118535
3.72 2.28 8.85625e-05
3.72 2.34 6.5258e-05
3.72 2.4 4.74255e-05
3.72 2.46 3.39923e-05
3.72 2.52 2.40289e-05
3.72 2.58 1.67525e-05
3.72 2.64 1.15189e-05
3.72 2.7 7.8114e-06
3.72 2.76 5.22442e-06
3.72 2.82 3.44621e-06
3.72 2.88 2.24197e-06
3.78 -0.36 4.7159e-05
3.78 -0.3 6.38904e-05
3.78 -0.24 8.5368e-05
3.78 -0.18 0.000112498
3.78 -0.12 0.000146213
3.78 -0.06 0.000187419
3.78 9.71445e-15 0.000236934
3.78 0.06 0.000295417
3.78 0.12 0.000363267
3.78 0.18 0.000440566
3.78 0.24 0.000526967
3.78 0.3 0.000621652
3.78 0.36 0.000723261
3.78 0.42 0.000829913
3.78 0.48 0.000939214
3.78 0.54 0.00104829
3.78 0.6 0.00115395
3.78 0.66 0.0012528
3.78 0.72 0.00134144
3.78 0.78 0.00141659
3.78 0.84 0.00147539
3.78 0.9 0.00151551
3.78 0.96 0.00153532
3.78 1.02 0.00153399
3.78 1.08 0.00151163
3.78 1.14 0.0014691
3.78 1.2 0.00140816
3.78 1.26 0.00133117
3.78 1.32 0.0012411
3.78 1.38 0.00114124
3.78 1.44 0.00103497
3.78 1.5 0.000925696
3.78 1.56 0.000816579
3.78 1.62 0.00071043
3.78 1.68 0.000609578
3.78 1.74 0.000515854
3.78 1.8 0.000430535
3.78 1.86 0.000354397
3.78 1.92 0.000287709
3.78 1.98 0.000230361
3.78 2.04 0.000181907
3.78 2.1 0.000141671
3.78 2.16 0.000108817
3.78 2.22 8.24351e-05
3.78 2.28 6.15896e-05
3.78 2.34 4.53835e-05
3.78 2.4 3.29819e-05
3.78 2.46 2.36394e-05
3.78 2.52 1.67107e-05
3.78 2.58 1.16502e-05
3.78 2.64 8.01068e-06
3.78 2.7 5.43244e-06
3.78 2.76 3.63334e-06
3.78 2.82 2.39664e-06
3.84 -0.3 4.38214e-05
3.84 -0.24 5.85531e-05
3.84 -0.18 7.71612e-05
3.84 -0.12 0.000100285
3.84 -0.06 0.000128547
3.84 9.71445e-15 0.00016251
3.84 0.06 0.000202621
3.84 0.12 0.000249161
3.84 0.18 0.000302178
3.84 0.24 0.000361442
3.84 0.3 0.000426381
3.84 0.36 0.000496077
3.84 0.42 0.000569232
3.84 0.48 0.000644192
3.84 0.54 0.000719013
3.84 0.6 0.000791479
3.84 0.66 0.000859281
3.84 0.72 0.000920073
3.84 0.78 0.000971613
3.84 0.84 0.00101194
3.84 0.9 0.00103945
3.84 0.96 0.00105305
3.84 1.02 0.00105216
3.84 1.08 0.00103681
3.84 1.14 0.00100764
3.84 1.2 0.000965825
3.84 1.26 0.000913038
3.84 1.32 0.000851265
3.84 1.38 0.000782755
3.84 1.44 0.000709871
3.84 1.5 0.000634926
3.84 1.56 0.000560084
3.84 1.62 0.000487269
3.84 1.68 0.000418101
3.84 1.74 0.000353815
3.84 1.8 0.000295302
3.84 1.86 0.000243074
3.84 1.92 0.000197335
3.84 1.98 0.000157999
3.84 2.04 0.000124767
3.84 2.1 9.71705e-05
3.84 2.16 7.46372e-05
3.84 2.22 5.65407e-05
3.84 2.28 4.22439e-05
3.84 2.34 3.11277e-05
3.84 2.4 2.26217e-05
3.84 2.46 1.62142e-05
3.84 2.52 1.14616e-05
3.84 2.58 7.99083e-06
3.84 2.64 5.49446e-06
3.84 2.7 3.72601e-06
3.84 2.76 2.49204e-06
3.84 2.82 1.64383e-06
3.9 -0.24 3.96084e-05
3.9 -0.18 5.21958e-05
3.9 -0.12 6.78384e-05
3.9 -0.06 8.69565e-05
3.9 9.71445e-15 0.000109931
3.9 0.06 0.000137064
3.9 0.12 0.000168548
3.9 0.18 0.000204411
3.9 0.24 0.000244499
3.9 0.3 0.000288427
3.9 0.36 0.000335575
3.9 0.42 0.000385062
3.9 0.48 0.000435771
3.9 0.54 0.000486379
3.9 0.6 0.000535406
3.9 0.66 0.000581269
3.9 0.72 0.000622382
3.9 0.78 0.000657258
3.9 0.84 0.000684536
3.9 0.9 0.000703152
3.9 0.96 0.000712342
3.9 1.02 0.000711739
3.9 1.08 0.000701359
3.9 1.14 0.000681625
3.9 1.2 0.000653348
3.9 1.26 0.000617627
3.9 1.32 0.000575841
3.9 1.38 0.000529496
3.9 1.44 0.000480195
3.9 1.5 0.000429497
3.9 1.56 0.000378871
3.9 1.62 0.000329617
3.9 1.68 0.000282824
3.9 1.74 0.000239342
3.9 1.8 0.000199759
3.9 1.86 0.000164428
3.9 1.92 0.000133489
3.9 1.98 0.00010688
3.9 2.04 8.43998e-05
3.9 2.1 6.57312e-05
3.9 2.16 5.04888e-05
3.9 2.22 3.82476e-05
3.9 2.28 2.85761e-05
3.9 2.34 2.10567e-05
3.9 2.4 1.53026e-05
3.9 2.46 1.09682e-05
3.9 2.52 7.75329e-06
3.9 2.58 5.40545e-06
3.9 2.64 3.71676e-06
3.9 2.7 2.52049e-06
3.9 2.76 1.68574e-06
3.96 -0.12 4.52591e-05
3.96 -0.06 5.80142e-05
3.96 9.71445e-15 7.33411e-05
3.96 0.06 9.14436e-05
3.96 0.12 0.000112448
3.96 0.18 0.000136374
3.96 0.24 0.000163119
3.96 0.3 0.000192427
3.96 0.36 0.000223881
3.96 0.42 0.000256897
3.96 0.48 0.000290729
3.96 0.54 0.000324491
3.96 0.6 0.000357201
3.96 0.66 0.000387798
3.96 0.72 0.000415229
3.96 0.78 0.000438497
3.96 0.84 0.000456694
3.96 0.9 0.000469117
3.96 0.96 0.000475248
3.96 1.02 0.00047484
3.96 1.08 0.000467918
3.96 1.14 0.000454753
3.96 1.2 0.000435888
3.96 1.26 0.000412056
3.96 1.32 0.000384177
3.96 1.38 0.000353261
3.96 1.44 0.000320368
3.96 1.5 0.000286541
3.96 1.56 0.000252766
3.96 1.62 0.000219908
3.96 1.68 0.000188689
3.96 1.74 0.000159679
3.96 1.8 0.00013327
3.96 1.86 0.000109701
3.96 1.92 8.90584e-05
3.96 1.98 7.13065e-05
3.96 2.04 5.63083e-05
3.96 2.1 4.38532e-05
3.96 2.16 3.36838e-05
3.96 2.22 2.55172e-05
3.96 2.28 1.90647e-05
3.96 2.34 1.40482e-05
3.96 2.4 1.02093e-05
3.96 2.46 7.31746e-06
3.96 2.52 5.17267e-06
3.96 2.58 3.60628e-06
3.96 2.64 2.47965e-06
3.96 2.7 1.68156e-06
4.02 -0.06 3.81727e-05
4.02 9.71445e-15 4.82575e-05
4.02 0.06 6.01689e-05
4.02 0.12 7.39893e-05
4.02 0.18 8.97325e-05
4.02 0.24 0.00010733
4.02 0.3 0.000126615
4.02 0.36 0.000147311
4.02 0.42 0.000169035
4.02 0.48 0.000191296
4.02 0.54 0.000213512
4.02 0.6 0.000235034
4.02 0.66 0.000255166
4.02 0.72 0.000273217
4.02 0.78 0.000288526
4.02 0.84 0.0003005
4.02 0.9 0.000308674
4.02 0.96 0.000312708
4.02 1.02 0.000312439
4.02 1.08 0.000307884
4.02 1.14 0.000299223
4.02 1.2 0.000286809
4.02 1.26 0.000271127
4.02 1.32 0.000252784
4.02 1.38 0.000232442
4.02 1.44 0.000210799
4.02 1.5 0.000188541
4.02 1.56 0.000166317
4.02 1.62 0.000144697
4.02 1.68 0.000124155
4.02 1.74 0.000105067
4.02 1.8 8.769e-05
4.02 1.86 7.2182e-05
4.02 1.92 5.85994e-05
4.02 1.98 4.69189e-05
4.02 2.04 3.70503e-05
4.02 2.1 2.8855e-05
4.02 2.16 2.21635e-05
4.02 2.22 1.679e-05
4.02 2.28 1.25443e-05
4.02 2.34 9.24358e-06
4.02 2.4 6.71761e-06
4.02 2.46 4.81479e-06
4.02 2.52 3.40356e-06
4.02 2.58 2.37289e-06
4.02 2.64 1.63158e-06
4.08 0.06 3.90464e-05
4.08 0.12 4.8015e-05
4.08 0.18 5.82314e-05
4.08 0.24 6.96515e-05
4.08 0.3 8.21659e-05
4.08 0.36 9.55967e-05
4.08 0.42 0.000109694
4.08 0.48 0.000124141
4.08 0.54 0.000138557
4.08 0.6 0.000152524
4.08 0.66 0.000165589
4.08 0.72 0.000177303
4.08 0.78 0.000187238
4.08 0.84 0.000195008
4.08 0.9 0.000200312
4.08 0.96 0.00020293
4.08 1.02 0.000202756
4.08 1.08 0.0001998
4.08 1.14 0.000194179
4.08 1.2 0.000186123
4.08 1.26 0.000175946
4.08 1.32 0.000164043
4.08 1.38 0.000150842
4.08 1.44 0.000136797
4.08 1.5 0.000122353
4.08 1.56 0.00010793
4.08 1.62 9.38999e-05
4.08 1.68 8.05698e-05
4.08 1.74 6.81826e-05
4.08 1.8 5.6906e-05
4.08 1.86 4.6842e-05
4.08 1.92 3.80278e-05
4.08 1.98 3.04477e-05
4.08 2.04 2.40436e-05
4.08 2.1 1.87253e-05
4.08 2.16 1.43829e-05
4.08 2.22 1.08958e-05
4.08 2.28 8.14059e-06
4.08 2.34 5.99857e-06
4.08 2.4 4.35935e-06
4.08 2.46 3.12454e-06
4.08 2.52 2.20871e-06
4.08 2.58 1.53987e-06
4.14 0.18 3.72694e-05
4.14 0.24 4.45787e-05
4.14 0.3 5.25878e-05
4.14 0.36 6.11842e-05
4.14 0.42 7.02073e-05
4.14 0.48 7.94532e-05
4.14 0.54 8.86799e-05
4.14 0.6 9.76192e-05
4.14 0.66 0.000105981
4.14 0.72 0.000113478
4.14 0.78 0.000119836
4.14 0.84 0.00012481
4.14 0.9 0.000128204
4.14 0.96 0.00012988
4.14 1.02 0.000129769
4.14 1.08 0.000127877
4.14 1.14 0.000124279
4.14 1.2 0.000119123
4.14 1.26 0.000112611
4.14 1.32 0.000104991
4.14 1.38 9.65417e-05
4.14 1.44 8.75528e-05
4.14 1.5 7.83089e-05
4.14 1.56 6.90786e-05
4.14 1.62 6.00985e-05
4.14 1.68 5.15667e-05
4.14 1.74 4.36387e-05
4.14 1.8 3.64214e-05
4.14 1.86 2.99797e-05
4.14 1.92 2.43387e-05
4.14 1.98 1.94872e-05
4.14 2.04 1.53884e-05
4.14 2.1 1.19846e-05
4.14 2.16 9.20548e-06
4.14 2.22 6.97361e-06
4.14 2.28 5.21019e-06
4.14 2.34 3.83922e-06
4.14 2.4 2.79008e-06
4.14 2.46 1.99979e-06
4.2 0.3 3.31953e-05
4.2 0.36 3.86211e-05
4.2 0.42 4.43165e-05
4.2 0.48 5.01526e-05
4.2 0.54 5.59773e-05
4.2 0.6 6.16192e-05
4.2 0.66 6.68983e-05
4.2 0.72 7.16307e-05
4.2 0.78 7.56427e-05
4.2 0.84 7.87834e-05
4.2 0.9 8.09253e-05
4.2 0.96 8.19829e-05
4.2 1.02 8.19138e-05
4.2 1.08 8.07189e-05
4.2 1.14 7.84478e-05
4.2 1.2 7.51933e-05
4.2 1.26 7.10834e-05
4.2 1.32 6.62735e-05
4.2 1.38 6.09402e-05
4.2 1.44 5.52654e-05
4.2 1.5 4.9431e-05
4.2 1.56 4.36045e-05
4.2 1.62 3.79358e-05
4.2 1.68 3.25506e-05
4.2 1.74 2.75458e-05
4.2 1.8 2.29901e-05
4.2 1.86 1.89242e-05
4.2 1.92 1.53631e-05
4.2 1.98 1.23008e-05
4.2 2.04 9.71344e-06
4.2 2.1 7.56501e-06
4.2 2.16 5.81076e-06
4.2 2.22 4.4019e-06
4.2 2.28 3.28882e-06
4.2 2.34 2.42339e-06
4.26 0.42 2.75892e-05
4.26 0.48 3.12225e-05
4.26 0.54 3.48488e-05
4.26 0.6 3.83613e-05
4.26 0.66 4.16476e-05
4.26 0.72 4.45936e-05
4.26 0.78 4.70922e-05
4.26 0.84 4.90464e-05
4.26 0.9 5.03805e-05
4.26 0.96 5.10392e-05
4.26 1.02 5.09956e-05
4.26 1.08 5.02515e-05
4.26 1.14 4.88382e-05
4.26 1.2 4.68117e-05
4.26 1.26 4.42526e-05
4.26 1.32 4.12588e-05
4.26 1.38 3.79385e-05
4.26 1.44 3.44059e-05
4.26 1.5 3.07732e-05
4.26 1.56 2.71457e-05
4.26 1.62 2.36168e-05
4.26 1.68 2.02643e-05
4.26 1.74 1.71485e-05
4.26 1.8 1.43126e-05
4.26 1.86 1.17813e-05
4.26 1.92 9.56438e-06
4.26 1.98 7.65792e-06
4.26 2.04 6.04721e-06
4.26 2.1 4.70962e-06
4.26 2.16 3.61746e-06
4.32 0.6 2.35536e-05
4.32 0.66 2.55712e-05
4.32 0.72 2.73802e-05
4.32 0.78 2.8914e-05
4.32 0.84 3.01144e-05
4.32 0.9 3.09331e-05
4.32 0.96 3.13373e-05
4.32 1.02 3.13108e-05
4.32 1.08 3.08542e-05
4.32 1.14 2.99859e-05
4.32 1.2 2.8742e-05
4.32 1.26 2.71709e-05
4.32 1.32 2.53324e-05
4.32 1.38 2.32938e-05
4.32 1.44 2.11247e-05
4.32 1.5 1.88945e-05
4.32 1.56 1.66674e-05
4.32 1.62 1.45007e-05
4.32 1.68 1.24421e-05
4.32 1.74 1.05292e-05
4.32 1.8 8.78776e-06
4.32 1.86 7.23358e-06
4.32 1.92 5.87247e-06
4.32 1.98 4.70191e-06
4.38 0.84 1.82358e-05
4.38 0.9 1.87317e-05
4.38 0.96 1.89767e-05
4.38 1.02 1.89605e-05
4.38 1.08 1.86838e-05
4.38 1.14 1.81583e-05
4.38 1.2 1.74048e-05
4.38 1.26 1.64533e-05
4.38 1.32 1.53403e-05
4.38 1.38 1.41057e-05
4.38 1.44 1.27923e-05
4.38 1.5 1.14417e-05
4.38 1.56 1.00929e-05
4.38 1.62 8.78083e-06
4.38 1.68 7.53437e-06
4.38 1.74 6.37594e-06
