2082 0.06 0.06 0.00905964 -12 -12
-4.14 -0.6 1.08887e-06
-4.14 -0.54 1.11989e-06
-4.14 -0.48 1.13596e-06
-4.14 -0.42 1.13644e-06
-4.08 -0.66 1.68506e-06
-4.08 -0.6 1.75722e-06
-4.08 -0.54 1.80729e-06
-4.08 -0.48 1.83323e-06
-4.08 -0.42 1.834e-06
-4.08 -0.36 1.80953e-06
-4.02 -0.72 2.5365e-06
-4.02 -0.66 2.682e-06
-4.02 -0.6 2.79687e-06
-4.02 -0.54 2.87654e-06
-4.02 -0.48 2.91784e-06
-4.02 -0.42 2.91907e-06
-4.02 -0.36 2.88012e-06
-4.02 -0.3 2.80263e-06
-4.02 -0.24 2.68978e-06
-3.96 -0.78 3.71389e-06
-3.96 -0.72 3.98167e-06
-3.96 -0.66 4.21005e-06
-3.96 -0.6 4.39034e-06
-3.96 -0.54 4.51548e-06
-3.96 -0.48 4.58032e-06
-3.96 -0.42 4.58219e-06
-3.96 -0.36 4.52109e-06
-3.96 -0.3 4.39947e-06
-3.96 -0.24 4.22229e-06
-3.96 -0.18 3.99654e-06
-3.9 -0.84 5.28942e-06
-3.9 -0.78 5.74982e-06
-3.9 -0.72 6.16436e-06
-3.9 -0.66 6.51796e-06
-3.9 -0.6 6.7971e-06
-3.9 -0.54 6.99078e-06
-3.9 -0.48 7.09114e-06
-3.9 -0.42 7.09404e-06
-3.9 -0.36 6.99947e-06
-3.9 -0.3 6.81121e-06
-3.9 -0.24 6.53685e-06
-3.9 -0.18 6.18731e-06
-3.9 -0.12 5.77599e-06
-3.84 -0.9 7.32758e-06
-3.84 -0.84 8.07636e-06
-3.84 -0.78 8.77938e-06
-3.84 -0.72 9.41238e-06
-3.84 -0.66 9.95229e-06
-3.84 -0.6 1.03785e-05
-3.84 -0.54 1.06741e-05
-3.84 -0.48 1.08275e-05
-3.84 -0.42 1.08319e-05
-3.84 -0.36 1.06875e-05
-3.84 -0.3 1.03999e-05
-3.84 -0.24 9.98107e-06
-3.84 -0.18 9.44745e-06
-3.84 -0.12 8.8194e-06
-3.84 -0.06 8.11995e-06
-3.78 -0.96 9.87398e-06
-3.78 -0.9 1.10346e-05
-3.78 -0.84 1.21624e-05
-3.78 -0.78 1.3221e-05
-3.78 -0.72 1.41742e-05
-3.78 -0.66 1.49873e-05
-3.78 -0.6 1.56292e-05
-3.78 -0.54 1.60744e-05
-3.78 -0.48 1.63051e-05
-3.78 -0.42 1.6312e-05
-3.78 -0.36 1.60944e-05
-3.78 -0.3 1.56615e-05
-3.78 -0.24 1.50306e-05
-3.78 -0.18 1.4227e-05
-3.78 -0.12 1.32812e-05
-3.78 -0.06 1.22279e-05
-3.78 9.71445e-15 1.11034e-05
-3.72 -1.02 1.29421e-05
-3.72 -0.96 1.46649e-05
-3.72 -0.9 1.63888e-05
-3.72 -0.84 1.80637e-05
-3.72 -0.78 1.96359e-05
-3.72 -0.72 2.10515e-05
-3.72 -0.66 2.22591e-05
-3.72 -0.6 2.32125e-05
-3.72 -0.54 2.38738e-05
-3.72 -0.48 2.42168e-05
-3.72 -0.42 2.42265e-05
-3.72 -0.36 2.39037e-05
-3.72 -0.3 2.32606e-05
-3.72 -0.24 2.23235e-05
-3.72 -0.18 2.113e-05
-3.72 -0.12 1.97253e-05
-3.72 -0.06 1.81609e-05
-3.72 9.71445e-15 1.64909e-05
-3.72 0.06 1.47686e-05
-3.66 -1.08 1.65002e-05
-3.66 -1.02 1.89574e-05
-3.66 -0.96 2.14812e-05
-3.66 -0.9 2.40063e-05
-3.66 -0.84 2.64595e-05
-3.66 -0.78 2.87626e-05
-3.66 -0.72 3.08364e-05
-3.66 -0.66 3.26052e-05
-3.66 -0.6 3.40013e-05
-3.66 -0.54 3.49703e-05
-3.66 -0.48 3.54727e-05
-3.66 -0.42 3.54869e-05
-3.66 -0.36 3.50141e-05
-3.66 -0.3 3.4072e-05
-3.66 -0.24 3.26997e-05
-3.66 -0.18 3.09514e-05
-3.66 -0.12 2.88938e-05
-3.66 -0.06 2.66023e-05
-3.66 9.71445e-15 2.41558e-05
-3.66 0.06 2.16328e-05
-3.66 0.12 1.91072e-05
-3.6 -1.14 2.04624e-05
-3.6 -1.08 2.38372e-05
-3.6 -1.02 2.7387e-05
-3.6 -0.96 3.10331e-05
-3.6 -0.9 3.46812e-05
-3.6 -0.84 3.82248e-05
-3.6 -0.78 4.1552e-05
-3.6 -0.72 4.4548e-05
-3.6 -0.66 4.71032e-05
-3.6 -0.6 4.91207e-05
-3.6 -0.54 5.05204e-05
-3.6 -0.48 5.12458e-05
-3.6 -0.42 5.1267e-05
-3.6 -0.36 5.05831e-05
-3.6 -0.3 4.92224e-05
-3.6 -0.24 4.72403e-05
-3.6 -0.18 4.47146e-05
-3.6 -0.12 4.17421e-05
-3.6 -0.06 3.84315e-05
-3.6 9.71445e-15 3.48969e-05
-3.6 0.06 3.12521e-05
-3.6 0.12 2.76034e-05
-3.6 0.18 2.40452e-05
-3.54 -1.2 2.46832e-05
-3.54 -1.14 2.91549e-05
-3.54 -1.08 3.39632e-05
-3.54 -1.02 3.90214e-05
-3.54 -0.96 4.42158e-05
-3.54 -0.9 4.94139e-05
-3.54 -0.84 5.44633e-05
-3.54 -0.78 5.92039e-05
-3.54 -0.72 6.34725e-05
-3.54 -0.66 6.71135e-05
-3.54 -0.6 6.99876e-05
-3.54 -0.54 7.19815e-05
-3.54 -0.48 7.30155e-05
-3.54 -0.42 7.30454e-05
-3.54 -0.36 7.20716e-05
-3.54 -0.3 7.01319e-05
-3.54 -0.24 6.73078e-05
-3.54 -0.18 6.37093e-05
-3.54 -0.12 5.94741e-05
-3.54 -0.06 5.4757e-05
-3.54 9.71445e-15 4.97213e-05
-3.54 0.06 4.45283e-05
-3.54 0.12 3.93292e-05
-3.54 0.18 3.42598e-05
-3.54 0.24 2.94338e-05
-3.48 -1.2 3.4685e-05
-3.48 -1.14 4.0969e-05
-3.48 -1.08 4.7726e-05
-3.48 -1.02 5.48333e-05
-3.48 -0.96 6.21332e-05
-3.48 -0.9 6.94374e-05
-3.48 -0.84 7.65325e-05
-3.48 -0.78 8.31939e-05
-3.48 -0.72 8.91924e-05
-3.48 -0.66 9.43084e-05
-3.48 -0.6 9.83469e-05
-3.48 -0.54 0.000101151
-3.48 -0.48 0.000102603
-3.48 -0.42 0.000102644
-3.48 -0.36 0.000101276
-3.48 -0.3 9.8552e-05
-3.48 -0.24 9.45824e-05
-3.48 -0.18 8.95256e-05
-3.48 -0.12 8.35743e-05
-3.48 -0.06 7.6946e-05
-3.48 9.71445e-15 6.98693e-05
-3.48 0.06 6.25717e-05
-3.48 0.12 5.52666e-05
-3.48 0.18 4.81424e-05
-3.48 0.24 4.13609e-05
-3.48 0.3 3.50461e-05
-3.42 -1.26 4.0138e-05
-3.42 -1.2 4.80703e-05
-3.42 -1.14 5.67787e-05
-3.42 -1.08 6.61438e-05
-3.42 -1.02 7.59943e-05
-3.42 -0.96 8.61105e-05
-3.42 -0.9 9.62334e-05
-3.42 -0.84 0.000106068
-3.42 -0.78 0.0001153
-3.42 -0.72 0.000123613
-3.42 -0.66 0.000130703
-3.42 -0.6 0.000136301
-3.42 -0.54 0.000140185
-3.42 -0.48 0.000142198
-3.42 -0.42 0.000142256
-3.42 -0.36 0.000140359
-3.42 -0.3 0.000136583
-3.42 -0.24 0.000131082
-3.42 -0.18 0.000124073
-3.42 -0.12 0.000115825
-3.42 -0.06 0.000106639
-3.42 9.71445e-15 9.68328e-05
-3.42 0.06 8.67193e-05
-3.42 0.12 7.65933e-05
-3.42 0.18 6.67215e-05
-3.42 0.24 5.73219e-05
-3.42 0.3 4.85702e-05
-3.36 -1.32 4.51796e-05
-3.36 -1.26 5.48625e-05
-3.36 -1.2 6.57052e-05
-3.36 -1.14 7.76092e-05
-3.36 -1.08 9.0409e-05
-3.36 -1.02 0.000103872
-3.36 -0.96 0.000117701
-3.36 -0.9 0.000131537
-3.36 -0.84 0.000144979
-3.36 -0.78 0.000157598
-3.36 -0.72 0.00016896
-3.36 -0.66 0.000178653
-3.36 -0.6 0.000186305
-3.36 -0.54 0.000191613
-3.36 -0.48 0.000194362
-3.36 -0.42 0.000194445
-3.36 -0.36 0.000191849
-3.36 -0.3 0.000186689
-3.36 -0.24 0.000179172
-3.36 -0.18 0.000169592
-3.36 -0.12 0.000158318
-3.36 -0.06 0.000145761
-3.36 9.71445e-15 0.000132356
-3.36 0.06 0.000118532
-3.36 0.12 0.000104693
-3.36 0.18 9.11985e-05
-3.36 0.24 7.83508e-05
-3.36 0.3 6.63882e-05
-3.36 0.36 5.54791e-05
-3.3 -1.32 6.09049e-05
-3.3 -1.26 7.39582e-05
-3.3 -1.2 8.85749e-05
-3.3 -1.14 0.000104622
-3.3 -1.08 0.000121877
-3.3 -1.02 0.000140027
-3.3 -0.96 0.000158668
-3.3 -0.9 0.000177322
-3.3 -0.84 0.00019544
-3.3 -0.78 0.00021245
-3.3 -0.72 0.000227768
-3.3 -0.66 0.000240833
-3.3 -0.6 0.000251148
-3.3 -0.54 0.000258307
-3.3 -0.48 0.000262015
-3.3 -0.42 0.000262122
-3.3 -0.36 0.000258627
-3.3 -0.3 0.000251671
-3.3 -0.24 0.000241533
-3.3 -0.18 0.00022862
-3.3 -0.12 0.000213422
-3.3 -0.06 0.000196496
-3.3 9.71445e-15 0.000178424
-3.3 0.06 0.000159789
-3.3 0.12 0.000141133
-3.3 0.18 0.000122941
-3.3 0.24 0.000105622
-3.3 0.3 8.94967e-05
-3.3 0.36 7.479e-05
-3.24 -1.38 6.57671e-05
-3.24 -1.32 8.09754e-05
-3.24 -1.26 9.833e-05
-3.24 -1.2 0.000117763
-3.24 -1.14 0.000139099
-3.24 -1.08 0.000162041
-3.24 -1.02 0.00018617
-3.24 -0.96 0.000210957
-3.24 -0.9 0.000235754
-3.24 -0.84 0.000259845
-3.24 -0.78 0.000282464
-3.24 -0.72 0.000302829
-3.24 -0.66 0.0003202
-3.24 -0.6 0.000333913
-3.24 -0.54 0.000343428
-3.24 -0.48 0.000348358
-3.24 -0.42 0.000348504
-3.24 -0.36 0.000343853
-3.24 -0.3 0.000334606
-3.24 -0.24 0.00032113
-3.24 -0.18 0.00030396
-3.24 -0.12 0.000283754
-3.24 -0.06 0.00026125
-3.24 9.71445e-15 0.000237223
-3.24 0.06 0.000212444
-3.24 0.12 0.000187642
-3.24 0.18 0.000163454
-3.24 0.24 0.000140429
-3.24 0.3 0.000118988
-3.24 0.36 9.94355e-05
-3.24 0.42 8.19536e-05
-3.18 -1.38 8.62373e-05
-3.18 -1.32 0.00010618
-3.18 -1.26 0.000128936
-3.18 -1.2 0.000154418
-3.18 -1.14 0.000182394
-3.18 -1.08 0.000212478
-3.18 -1.02 0.000244119
-3.18 -0.96 0.000276619
-3.18 -0.9 0.000309136
-3.18 -0.84 0.000340725
-3.18 -0.78 0.000370383
-3.18 -0.72 0.000397086
-3.18 -0.66 0.000419863
-3.18 -0.6 0.000437847
-3.18 -0.54 0.000450326
-3.18 -0.48 0.000456788
-3.18 -0.42 0.000456979
-3.18 -0.36 0.000450882
-3.18 -0.3 0.000438757
-3.18 -0.24 0.000421084
-3.18 -0.18 0.000398568
-3.18 -0.12 0.000372072
-3.18 -0.06 0.000342565
-3.18 9.71445e-15 0.000311061
-3.18 0.06 0.000278572
-3.18 0.12 0.000246047
-3.18 0.18 0.000214332
-3.18 0.24 0.000184138
-3.18 0.3 0.000156026
-3.18 0.36 0.000130387
-3.18 0.42 0.000107463
-3.18 0.48 8.73523e-05
-3.12 -1.44 8.9335e-05
-3.12 -1.38 0.000111526
-3.12 -1.32 0.000137316
-3.12 -1.26 0.000166746
-3.12 -1.2 0.000199701
-3.12 -1.14 0.00023588
-3.12 -1.08 0.000274783
-3.12 -1.02 0.000315706
-3.12 -0.96 0.000357733
-3.12 -0.9 0.000399788
-3.12 -0.84 0.00044064
-3.12 -0.78 0.000478988
-3.12 -0.72 0.000513524
-3.12 -0.66 0.000542981
-3.12 -0.6 0.000566238
-3.12 -0.54 0.000582378
-3.12 -0.48 0.000590736
-3.12 -0.42 0.000590979
-3.12 -0.36 0.000583097
-3.12 -0.3 0.000567414
-3.12 -0.24 0.00054456
-3.12 -0.18 0.000515446
-3.12 -0.12 0.000481181
-3.12 -0.06 0.000443018
-3.12 9.71445e-15 0.000402273
-3.12 0.06 0.00036026
-3.12 0.12 0.000318198
-3.12 0.18 0.000277183
-3.12 0.24 0.000238135
-3.12 0.3 0.000201778
-3.12 0.36 0.000168621
-3.12 0.42 0.000138975
-3.12 0.48 0.000112967
-3.06 -1.44 0.000113943
-3.06 -1.38 0.000142248
-3.06 -1.32 0.000175143
-3.06 -1.26 0.00021268
-3.06 -1.2 0.000254712
-3.06 -1.14 0.000300857
-3.06 -1.08 0.000350473
-3.06 -1.02 0.000402671
-3.06 -0.96 0.000456273
-3.06 -0.9 0.000509915
-3.06 -0.84 0.000562019
-3.06 -0.78 0.000610938
-3.06 -0.72 0.000654986
-3.06 -0.66 0.000692559
-3.06 -0.6 0.000722219
-3.06 -0.54 0.000742796
-3.06 -0.48 0.000753463
-3.06 -0.42 0.000753773
-3.06 -0.36 0.000743723
-3.06 -0.3 0.000723708
-3.06 -0.24 0.000694566
-3.06 -0.18 0.000657433
-3.06 -0.12 0.000613728
-3.06 -0.06 0.000565052
-3.06 9.71445e-15 0.000513084
-3.06 0.06 0.000459499
-3.06 0.12 0.000405848
-3.06 0.18 0.000353536
-3.06 0.24 0.000303733
-3.06 0.3 0.000257359
-3.06 0.36 0.000215068
-3.06 0.42 0.000177256
-3.06 0.48 0.000144084
-3.06 0.54 0.00011551
-3 -1.44 0.000143332
-3 -1.38 0.000178938
-3 -1.32 0.000220318
-3 -1.26 0.000267536
-3 -1.2 0.000320409
-3 -1.14 0.000378454
-3 -1.08 0.000440874
-3 -1.02 0.000506531
-3 -0.96 0.000573964
-3 -0.9 0.000641432
-3 -0.84 0.00070698
-3 -0.78 0.000768519
-3 -0.72 0.00082393
-3 -0.66 0.000871192
-3 -0.6 0.000908498
-3 -0.54 0.000934382
-3 -0.48 0.000947808
-3 -0.42 0.000948187
-3 -0.36 0.000935554
-3 -0.3 0.00091038
-3 -0.24 0.000873714
-3 -0.18 0.000826999
-3 -0.12 0.000772024
-3 -0.06 0.000710797
-3 9.71445e-15 0.000645428
-3 0.06 0.000578015
-3 0.12 0.000510531
-3 0.18 0.000444721
-3 0.24 0.000382077
-3 0.3 0.000323741
-3 0.36 0.00027054
-3 0.42 0.000222975
-3 0.48 0.000181248
-3 0.54 0.000145305
-2.94 -1.5 0.000140484
-2.94 -1.44 0.000177824
-2.94 -1.38 0.000221997
-2.94 -1.32 0.000273333
-2.94 -1.26 0.000331914
-2.94 -1.2 0.000397512
-2.94 -1.14 0.000469528
-2.94 -1.08 0.000546964
-2.94 -1.02 0.000628423
-2.94 -0.96 0.00071208
-2.94 -0.9 0.000795792
-2.94 -0.84 0.000877107
-2.94 -0.78 0.000953444
-2.94 -0.72 0.00102219
-2.94 -0.66 0.00108083
-2.94 -0.6 0.00112712
-2.94 -0.54 0.00115924
-2.94 -0.48 0.00117588
-2.94 -0.42 0.00117636
-2.94 -0.36 0.00116068
-2.94 -0.3 0.00112946
-2.94 -0.24 0.00108397
-2.94 -0.18 0.00102601
-2.94 -0.12 0.000957808
-2.94 -0.06 0.000881843
-2.94 9.71445e-15 0.000800736
-2.94 0.06 0.00071711
-2.94 0.12 0.000633385
-2.94 0.18 0.000551741
-2.94 0.24 0.000474016
-2.94 0.3 0.000401647
-2.94 0.36 0.000335645
-2.94 0.42 0.000276634
-2.94 0.48 0.000224864
-2.94 0.54 0.00018027
-2.88 -1.5 0.000171894
-2.88 -1.44 0.000217583
-2.88 -1.38 0.000271632
-2.88 -1.32 0.000334447
-2.88 -1.26 0.000406127
-2.88 -1.2 0.000486388
-2.88 -1.14 0.0005745
-2.88 -1.08 0.000669262
-2.88 -1.02 0.00076893
-2.88 -0.96 0.00087129
-2.88 -0.9 0.000973712
-2.88 -0.84 0.00107322
-2.88 -0.78 0.00116663
-2.88 -0.72 0.00125074
-2.88 -0.66 0.00132249
-2.88 -0.6 0.00137913
-2.88 -0.54 0.00141843
-2.88 -0.48 0.0014388
-2.88 -0.42 0.00143938
-2.88 -0.36 0.0014202
-2.88 -0.3 0.00138199
-2.88 -0.24 0.00132632
-2.88 -0.18 0.0012554
-2.88 -0.12 0.00117195
-2.88 -0.06 0.001079
-2.88 9.71445e-15 0.00097978
-2.88 0.06 0.000877446
-2.88 0.12 0.000774997
-2.88 0.18 0.000675104
-2.88 0.24 0.00058
-2.88 0.3 0.000491448
-2.88 0.36 0.00041069
-2.88 0.42 0.000338485
-2.88 0.48 0.000275141
-2.88 0.54 0.000220577
-2.88 0.6 0.000174402
-2.82 -1.5 0.000207434
-2.82 -1.44 0.000262574
-2.82 -1.38 0.000327798
-2.82 -1.32 0.000403598
-2.82 -1.26 0.000490097
-2.82 -1.2 0.000586957
-2.82 -1.14 0.000693297
-2.82 -1.08 0.00080764
-2.82 -1.02 0.000927916
-2.82 -0.96 0.00105144
-2.82 -0.9 0.00117504
-2.82 -0.84 0.00129513
-2.82 -0.78 0.00140786
-2.82 -0.72 0.00150936
-2.82 -0.66 0.00159594
-2.82 -0.6 0.0016643
-2.82 -0.54 0.00171172
-2.82 -0.48 0.00173627
-2.82 -0.42 0.00173701
-2.82 -0.36 0.00171383
-2.82 -0.3 0.00166773
-2.82 -0.24 0.00160057
-2.82 -0.18 0.00151499
-2.82 -0.12 0.00141428
-2.82 -0.06 0.00130211
-2.82 9.71445e-15 0.00118236
-2.82 0.06 0.00105887
-2.82 0.12 0.000935236
-2.82 0.18 0.000814697
-2.82 0.24 0.000699925
-2.82 0.3 0.000593057
-2.82 0.36 0.000495607
-2.82 0.42 0.000408473
-2.82 0.48 0.00033203
-2.82 0.54 0.000266182
-2.82 0.6 0.000210462
-2.76 -1.56 0.000192361
-2.76 -1.5 0.000246886
-2.76 -1.44 0.000312509
-2.76 -1.38 0.000390138
-2.76 -1.32 0.000480355
-2.76 -1.26 0.000583305
-2.76 -1.2 0.000698587
-2.76 -1.14 0.00082515
-2.76 -1.08 0.000961236
-2.76 -1.02 0.00110439
-2.76 -0.96 0.00125141
-2.76 -0.9 0.00139852
-2.76 -0.84 0.00154142
-2.76 -0.78 0.00167559
-2.76 -0.72 0.0017964
-2.76 -0.66 0.00189944
-2.76 -0.6 0.0019808
-2.76 -0.54 0.00203724
-2.76 -0.48 0.00206649
-2.76 -0.42 0.00206735
-2.76 -0.36 0.00203977
-2.76 -0.3 0.0019849
-2.76 -0.24 0.00190497
-2.76 -0.18 0.00180312
-2.76 -0.12 0.00168325
-2.76 -0.06 0.00154975
-2.76 9.71445e-15 0.00140722
-2.76 0.06 0.00126024
-2.76 0.12 0.00111311
-2.76 0.18 0.000969626
-2.76 0.24 0.000833037
-2.76 0.3 0.000705853
-2.76 0.36 0.000589862
-2.76 0.42 0.000486155
-2.76 0.48 0.000395175
-2.76 0.54 0.000316806
-2.76 0.6 0.000250488
-2.7 -1.56 0.000225797
-2.7 -1.5 0.0002898
-2.7 -1.44 0.00036683
-2.7 -1.38 0.000457948
-2.7 -1.32 0.000563845
-2.7 -1.26 0.00068469
-2.7 -1.2 0.000820004
-2.7 -1.14 0.000968573
-2.7 -1.08 0.00112833
-2.7 -1.02 0.00129635
-2.7 -0.96 0.00146894
-2.7 -0.9 0.0016416
-2.7 -0.84 0.00180936
-2.7 -0.78 0.00196685
-2.7 -0.72 0.00210866
-2.7 -0.66 0.00222961
-2.7 -0.6 0.0023251
-2.7 -0.54 0.00239137
-2.7 -0.48 0.00242568
-2.7 -0.42 0.0024267
-2.7 -0.36 0.00239431
-2.7 -0.3 0.00232994
-2.7 -0.24 0.00223609
-2.7 -0.18 0.00211653
-2.7 -0.12 0.00197583
-2.7 -0.06 0.00181913
-2.7 9.71445e-15 0.00165183
-2.7 0.06 0.0014793
-2.7 0.12 0.00130658
-2.7 0.18 0.00113817
-2.7 0.24 0.000977835
-2.7 0.3 0.000828542
-2.7 0.36 0.000692394
-2.7 0.42 0.000570662
-2.7 0.48 0.000463868
-2.7 0.54 0.000371874
-2.7 0.6 0.000294024
-2.7 0.66 0.000229283
-2.64 -1.56 0.000261401
-2.64 -1.5 0.000335498
-2.64 -1.44 0.00042467
-2.64 -1.38 0.000530161
-2.64 -1.32 0.000652761
-2.64 -1.26 0.000792662
-2.64 -1.2 0.000949315
-2.64 -1.14 0.0011213
-2.64 -1.08 0.00130624
-2.64 -1.02 0.00150076
-2.64 -0.96 0.00170056
-2.64 -0.9 0.00190047
-2.64 -0.84 0.00209466
-2.64 -0.78 0.00227698
-2.64 -0.72 0.00244115
-2.64 -0.66 0.00258118
-2.64 -0.6 0.00269171
-2.64 -0.54 0.00276845
-2.64 -0.48 0.00280819
-2.64 -0.42 0.00280933
-2.64 -0.36 0.00277188
-2.64 -0.3 0.00269732
-2.64 -0.24 0.00258868
-2.64 -0.18 0.00245028
-2.64 -0.12 0.00228739
-2.64 -0.06 0.00210598
-2.64 9.71445e-15 0.00191229
-2.64 0.06 0.00171256
-2.64 0.12 0.00151262
-2.64 0.18 0.00131764
-2.64 0.24 0.00113203
-2.64 0.3 0.000959196
-2.64 0.36 0.000801573
-2.64 0.42 0.000660645
-2.64 0.48 0.000537011
-2.64 0.54 0.000430514
-2.64 0.6 0.00034039
-2.64 0.66 0.000265436
-2.58 -1.56 0.000298461
-2.58 -1.5 0.00038306
-2.58 -1.44 0.000484881
-2.58 -1.38 0.000605326
-2.58 -1.32 0.000745302
-2.58 -1.26 0.000905036
-2.58 -1.2 0.0010839
-2.58 -1.14 0.00128028
-2.58 -1.08 0.00149143
-2.58 -1.02 0.00171353
-2.58 -0.96 0.00194166
-2.58 -0.9 0.0021699
-2.58 -0.84 0.00239162
-2.58 -0.78 0.0025998
-2.58 -0.72 0.00278725
-2.58 -0.66 0.00294712
-2.58 -0.6 0.00307335
-2.58 -0.54 0.00316092
-2.58 -0.48 0.00320631
-2.58 -0.42 0.00320765
-2.58 -0.36 0.00316484
-2.58 -0.3 0.00307972
-2.58 -0.24 0.0029557
-2.58 -0.18 0.00279767
-2.58 -0.12 0.00261169
-2.58 -0.06 0.00240456
-2.58 9.71445e-15 0.00218341
-2.58 0.06 0.00195535
-2.58 0.12 0.00172707
-2.58 0.18 0.00150444
-2.58 0.24 0.00129252
-2.58 0.3 0.00109518
-2.58 0.36 0.000915208
-2.58 0.42 0.000754304
-2.58 0.48 0.000613141
-2.58 0.54 0.000491546
-2.58 0.6 0.000388649
-2.58 0.66 0.000303069
-2.52 -1.62 0.000258266
-2.52 -1.56 0.000336093
-2.52 -1.5 0.000431354
-2.52 -1.44 0.000546015
-2.52 -1.38 0.000681647
-2.52 -1.32 0.00083927
-2.52 -1.26 0.00101914
-2.52 -1.2 0.00122056
-2.52 -1.14 0.00144169
-2.52 -1.08 0.00167947
-2.52 -1.02 0.00192957
-2.52 -0.96 0.00218645
-2.52 -0.9 0.00244347
-2.52 -0.84 0.00269318
-2.52 -0.78 0.00292759
-2.52 -0.72 0.00313866
-2.52 -0.66 0.00331871
-2.52 -0.6 0.00346086
-2.52 -0.54 0.00355946
-2.52 -0.48 0.00361052
-2.52 -0.42 0.00361207
-2.52 -0.36 0.00356385
-2.52 -0.3 0.003468
-2.52 -0.24 0.00332835
-2.52 -0.18 0.00315039
-2.52 -0.12 0.00294096
-2.52 -0.06 0.00270771
-2.52 9.71445e-15 0.00245868
-2.52 0.06 0.00220189
-2.52 0.12 0.00194481
-2.52 0.18 0.00169413
-2.52 0.24 0.00145547
-2.52 0.3 0.00123325
-2.52 0.36 0.0010306
-2.52 0.42 0.000849408
-2.52 0.48 0.000690447
-2.52 0.54 0.000553515
-2.52 0.6 0.00043765
-2.52 0.66 0.00034128
-2.52 0.72 0.000262468
-2.46 -1.62 0.000286828
-2.46 -1.56 0.000373266
-2.46 -1.5 0.000479061
-2.46 -1.44 0.000606403
-2.46 -1.38 0.000757037
-2.46 -1.32 0.000932095
-2.46 -1.26 0.00113186
-2.46 -1.2 0.00135555
-2.46 -1.14 0.00160114
-2.46 -1.08 0.00186522
-2.46 -1.02 0.00214298
-2.46 -0.96 0.00242828
-2.46 -0.9 0.0027137
-2.46 -0.84 0.00299105
-2.46 -0.78 0.0032514
-2.46 -0.72 0.00348582
-2.46 -0.66 0.00368577
-2.46 -0.6 0.00384363
-2.46 -0.54 0.00395311
-2.46 -0.48 0.00400987
-2.46 -0.42 0.00401155
-2.46 -0.36 0.00395802
-2.46 -0.3 0.00385157
-2.46 -0.24 0.00369643
-2.46 -0.18 0.0034988
-2.46 -0.12 0.0032662
-2.46 -0.06 0.00300717
-2.46 9.71445e-15 0.00273063
-2.46 0.06 0.00244542
-2.46 0.12 0.00215989
-2.46 0.18 0.00188151
-2.46 0.24 0.00161645
-2.46 0.3 0.00136964
-2.46 0.36 0.00114458
-2.46 0.42 0.000943346
-2.46 0.48 0.000766807
-2.46 0.54 0.000614739
-2.46 0.6 0.000486053
-2.46 0.66 0.000379022
-2.46 0.72 0.000291499
-2.4 -1.62 0.000314175
-2.4 -1.56 0.000408848
-2.4 -1.5 0.000524734
-2.4 -1.44 0.000664213
-2.4 -1.38 0.000829201
-2.4 -1.32 0.00102095
-2.4 -1.26 0.00123976
-2.4 -1.2 0.00148477
-2.4 -1.14 0.00175378
-2.4 -1.08 0.00204305
-2.4 -1.02 0.00234726
-2.4 -0.96 0.00265978
-2.4 -0.9 0.00297241
-2.4 -0.84 0.00327617
-2.4 -0.78 0.00356135
-2.4 -0.72 0.00381812
-2.4 -0.66 0.00403713
-2.4 -0.6 0.00421002
-2.4 -0.54 0.00433
-2.4 -0.48 0.00439214
-2.4 -0.42 0.00439399
-2.4 -0.36 0.00433534
-2.4 -0.3 0.00421877
-2.4 -0.24 0.00404886
-2.4 -0.18 0.00383237
-2.4 -0.12 0.00357761
-2.4 -0.06 0.00329388
-2.4 9.71445e-15 0.00299095
-2.4 0.06 0.00267853
-2.4 0.12 0.00236582
-2.4 0.18 0.00206086
-2.4 0.24 0.00177056
-2.4 0.3 0.00150022
-2.4 0.36 0.0012537
-2.4 0.42 0.00103329
-2.4 0.48 0.000839915
-2.4 0.54 0.000673344
-2.4 0.6 0.000532387
-2.4 0.66 0.000415159
-2.4 0.72 0.000319286
-2.34 -1.62 0.000339396
-2.34 -1.56 0.000441672
-2.34 -1.5 0.000566853
-2.34 -1.44 0.000717535
-2.34 -1.38 0.000895778
-2.34 -1.32 0.00110292
-2.34 -1.26 0.0013393
-2.34 -1.2 0.00160399
-2.34 -1.14 0.00189458
-2.34 -1.08 0.00220704
-2.34 -1.02 0.00253572
-2.34 -0.96 0.00287329
-2.34 -0.9 0.00321105
-2.34 -0.84 0.0035392
-2.34 -0.78 0.00384726
-2.34 -0.72 0.00412464
-2.34 -0.66 0.00436124
-2.34 -0.6 0.00454803
-2.34 -0.54 0.00467757
-2.34 -0.48 0.00474475
-2.34 -0.42 0.00474673
-2.34 -0.36 0.00468341
-2.34 -0.3 0.0045574
-2.34 -0.24 0.00437387
-2.34 -0.18 0.00414003
-2.34 -0.12 0.0038648
-2.34 -0.06 0.00355827
-2.34 9.71445e-15 0.00323105
-2.34 0.06 0.00289357
-2.34 0.12 0.00255573
-2.34 0.18 0.00222631
-2.34 0.24 0.0019127
-2.34 0.3 0.00162065
-2.34 0.36 0.00135433
-2.34 0.42 0.00111623
-2.34 0.48 0.00090733
-2.34 0.54 0.000727396
-2.34 0.6 0.000575133
-2.34 0.66 0.000448485
-2.34 0.72 0.00034492
-2.28 -1.62 0.000361606
-2.28 -1.56 0.000470565
-2.28 -1.5 0.000603951
-2.28 -1.44 0.000764478
-2.28 -1.38 0.00095438
-2.28 -1.32 0.00117507
-2.28 -1.26 0.00142692
-2.28 -1.2 0.00170893
-2.28 -1.14 0.00201854
-2.28 -1.08 0.00235144
-2.28 -1.02 0.00270163
-2.28 -0.96 0.00306129
-2.28 -0.9 0.00342116
-2.28 -0.84 0.00377073
-2.28 -0.78 0.00409893
-2.28 -0.72 0.00439447
-2.28 -0.66 0.00464654
-2.28 -0.6 0.00484555
-2.28 -0.54 0.00498365
-2.28 -0.48 0.0050552
-2.28 -0.42 0.00505728
-2.28 -0.36 0.00498982
-2.28 -0.3 0.00485561
-2.28 -0.24 0.00466006
-2.28 -0.18 0.00441091
-2.28 -0.12 0.00411769
-2.28 -0.06 0.00379111
-2.28 9.71445e-15 0.00344243
-2.28 0.06 0.0030829
-2.28 0.12 0.00272297
-2.28 0.18 0.00237197
-2.28 0.24 0.00203783
-2.28 0.3 0.00172671
-2.28 0.36 0.00144296
-2.28 0.42 0.00118927
-2.28 0.48 0.000966707
-2.28 0.54 0.000774994
-2.28 0.6 0.00061276
-2.28 0.66 0.000477829
-2.28 0.72 0.000367487
-2.22 -1.62 0.000379968
-2.22 -1.56 0.000494465
-2.22 -1.5 0.000634622
-2.22 -1.44 0.000803301
-2.22 -1.38 0.00100284
-2.22 -1.32 0.00123475
-2.22 -1.26 0.00149939
-2.22 -1.2 0.0017957
-2.22 -1.14 0.00212102
-2.22 -1.08 0.00247088
-2.22 -1.02 0.00283882
-2.22 -0.96 0.00321676
-2.22 -0.9 0.00359487
-2.22 -0.84 0.00396226
-2.22 -0.78 0.00430714
-2.22 -0.72 0.00461767
-2.22 -0.66 0.00488254
-2.22 -0.6 0.00509164
-2.22 -0.54 0.00523675
-2.22 -0.48 0.00531192
-2.22 -0.42 0.0053141
-2.22 -0.36 0.00524325
-2.22 -0.3 0.00510223
-2.22 -0.24 0.00489671
-2.22 -0.18 0.00463487
-2.22 -0.12 0.00432675
-2.22 -0.06 0.00398362
-2.22 9.71445e-15 0.00361729
-2.22 0.06 0.00323946
-2.22 0.12 0.00286123
-2.22 0.18 0.00249243
-2.22 0.24 0.00214132
-2.22 0.3 0.00181439
-2.22 0.36 0.00151624
-2.22 0.42 0.00124967
-2.22 0.48 0.0010158
-2.22 0.54 0.000814355
-2.22 0.6 0.000643876
-2.22 0.66 0.000502096
-2.22 0.72 0.000386152
-2.16 -1.62 0.000393775
-2.16 -1.56 0.000512437
-2.16 -1.5 0.00065768
-2.16 -1.44 0.000832495
-2.16 -1.38 0.0010393
-2.16 -1.32 0.00127963
-2.16 -1.26 0.00155388
-2.16 -1.2 0.00186098
-2.16 -1.14 0.00219812
-2.16 -1.08 0.00256066
-2.16 -1.02 0.00294199
-2.16 -0.96 0.00333366
-2.16 -0.9 0.00372552
-2.16 -0.84 0.00410623
-2.16 -0.78 0.00446367
-2.16 -0.72 0.0047855
-2.16 -0.66 0.00506
-2.16 -0.6 0.0052767
-2.16 -0.54 0.00542698
-2.16 -0.48 0.00550498
-2.16 -0.42 0.00550722
-2.16 -0.36 0.00543381
-2.16 -0.3 0.0052876
-2.16 -0.24 0.00507464
-2.16 -0.18 0.00480332
-2.16 -0.12 0.004484
-2.16 -0.06 0.0041284
-2.16 9.71445e-15 0.00374874
-2.16 0.06 0.00335717
-2.16 0.12 0.00296522
-2.16 0.18 0.002583
-2.16 0.24 0.00221915
-2.16 0.3 0.00188032
-2.16 0.36 0.00157132
-2.16 0.42 0.00129506
-2.16 0.48 0.0010527
-2.16 0.54 0.000843945
-2.16 0.6 0.000667281
-2.16 0.66 0.00052034
-2.16 0.72 0.000400184
-2.1 -1.62 0.000402475
-2.1 -1.56 0.000523758
-2.1 -1.5 0.000672212
-2.1 -1.44 0.000850893
-2.1 -1.38 0.00106226
-2.1 -1.32 0.0013079
-2.1 -1.26 0.00158821
-2.1 -1.2 0.00190208
-2.1 -1.14 0.00224668
-2.1 -1.08 0.00261724
-2.1 -1.02 0.00300701
-2.1 -0.96 0.00340731
-2.1 -0.9 0.00380784
-2.1 -0.84 0.004197
-2.1 -0.78 0.0045623
-2.1 -0.72 0.00489122
-2.1 -0.66 0.0051718
-2.1 -0.6 0.0053933
-2.1 -0.54 0.00554694
-2.1 -0.48 0.00562659
-2.1 -0.42 0.00562892
-2.1 -0.36 0.00555385
-2.1 -0.3 0.00540446
-2.1 -0.24 0.00518676
-2.1 -0.18 0.00490944
-2.1 -0.12 0.00458306
-2.1 -0.06 0.00421959
-2.1 9.71445e-15 0.00383157
-2.1 0.06 0.00343138
-2.1 0.12 0.00303071
-2.1 0.18 0.0026401
-2.1 0.24 0.00226817
-2.1 0.3 0.00192186
-2.1 0.36 0.00160605
-2.1 0.42 0.00132369
-2.1 0.48 0.00107597
-2.1 0.54 0.000862594
-2.1 0.6 0.000682021
-2.1 0.66 0.000531836
-2.1 0.72 0.000409028
-2.04 -1.62 0.000405715
-2.04 -1.56 0.000527971
-2.04 -1.5 0.000677623
-2.04 -1.44 0.000857732
-2.04 -1.38 0.00107081
-2.04 -1.32 0.00131843
-2.04 -1.26 0.001601
-2.04 -1.2 0.0019174
-2.04 -1.14 0.00226476
-2.04 -1.08 0.00263829
-2.04 -1.02 0.00303121
-2.04 -0.96 0.00343471
-2.04 -0.9 0.00383849
-2.04 -0.84 0.00423075
-2.04 -0.78 0.00459897
-2.04 -0.72 0.00493057
-2.04 -0.66 0.0052134
-2.04 -0.6 0.00543665
-2.04 -0.54 0.00559155
-2.04 -0.48 0.0056719
-2.04 -0.42 0.00567416
-2.04 -0.36 0.00559857
-2.04 -0.3 0.00544793
-2.04 -0.24 0.00522847
-2.04 -0.18 0.00494894
-2.04 -0.12 0.00461995
-2.04 -0.06 0.00425355
-2.04 9.71445e-15 0.00386237
-2.04 0.06 0.00345899
-2.04 0.12 0.00305512
-2.04 0.18 0.00266133
-2.04 0.24 0.00228643
-2.04 0.3 0.00193734
-2.04 0.36 0.00161897
-2.04 0.42 0.00133434
-2.04 0.48 0.00108463
-2.04 0.54 0.000869537
-2.04 0.6 0.000687513
-2.04 0.66 0.000536112
-2.04 0.72 0.00041232
-1.98 -1.62 0.000403359
-1.98 -1.56 0.000524906
-1.98 -1.5 0.000673686
-1.98 -1.44 0.000852749
-1.98 -1.38 0.00106459
-1.98 -1.32 0.00131077
-1.98 -1.26 0.00159169
-1.98 -1.2 0.00190626
-1.98 -1.14 0.0022516
-1.98 -1.08 0.00262297
-1.98 -1.02 0.00301358
-1.98 -0.96 0.00341479
-1.98 -0.9 0.00381616
-1.98 -0.84 0.00420614
-1.98 -0.78 0.00457228
-1.98 -0.72 0.00490195
-1.98 -0.66 0.00518313
-1.98 -0.6 0.00540508
-1.98 -0.54 0.00555906
-1.98 -0.48 0.00563894
-1.98 -0.42 0.00564122
-1.98 -0.36 0.00556603
-1.98 -0.3 0.00541627
-1.98 -0.24 0.00519814
-1.98 -0.18 0.00492021
-1.98 -0.12 0.00459313
-1.98 -0.06 0.00422887
-1.98 9.71445e-15 0.00383996
-1.98 0.06 0.00343886
-1.98 0.12 0.00303739
-1.98 0.18 0.00264585
-1.98 0.24 0.00227316
-1.98 0.3 0.00192609
-1.98 0.36 0.00160957
-1.98 0.42 0.00132658
-1.98 0.48 0.00107833
-1.98 0.54 0.000864483
-1.98 0.6 0.000683518
-1.98 0.66 0.000533003
-1.98 0.72 0.000409922
-1.92 -1.62 0.000395503
-1.92 -1.56 0.00051468
-1.92 -1.5 0.000660565
-1.92 -1.44 0.000836148
-1.92 -1.38 0.00104385
-1.92 -1.32 0.00128523
-1.92 -1.26 0.00156068
-1.92 -1.2 0.00186912
-1.92 -1.14 0.00220777
-1.92 -1.08 0.0025719
-1.92 -1.02 0.00295487
-1.92 -0.96 0.00334829
-1.92 -0.9 0.00374186
-1.92 -0.84 0.00412421
-1.92 -0.78 0.00448322
-1.92 -0.72 0.00480646
-1.92 -0.66 0.00508216
-1.92 -0.6 0.00529982
-1.92 -0.54 0.00545083
-1.92 -0.48 0.0055291
-1.92 -0.42 0.0055314
-1.92 -0.36 0.00545759
-1.92 -0.3 0.00531081
-1.92 -0.24 0.00509694
-1.92 -0.18 0.00482442
-1.92 -0.12 0.0045037
-1.92 -0.06 0.00414652
-1.92 9.71445e-15 0.00376517
-1.92 0.06 0.00337188
-1.92 0.12 0.00297823
-1.92 0.18 0.00259432
-1.92 0.24 0.00222888
-1.92 0.3 0.00188857
-1.92 0.36 0.00157822
-1.92 0.42 0.00130075
-1.92 0.48 0.00105733
-1.92 0.54 0.000847643
-1.92 0.6 0.000670201
-1.92 0.66 0.000522626
-1.92 0.72 0.000401935
-1.86 -1.62 0.000382469
-1.86 -1.56 0.000497723
-1.86 -1.5 0.000638794
-1.86 -1.44 0.000808597
-1.86 -1.38 0.00100946
-1.86 -1.32 0.00124289
-1.86 -1.26 0.00150926
-1.86 -1.2 0.00180754
-1.86 -1.14 0.00213501
-1.86 -1.08 0.00248712
-1.86 -1.02 0.00285752
-1.86 -0.96 0.00323792
-1.86 -0.9 0.00361856
-1.86 -0.84 0.00398834
-1.86 -0.78 0.0043355
-1.86 -0.72 0.00464808
-1.86 -0.66 0.00491471
-1.86 -0.6 0.0051252
-1.86 -0.54 0.0052712
-1.86 -0.48 0.00534689
-1.86 -0.42 0.00534913
-1.86 -0.36 0.00527777
-1.86 -0.3 0.00513576
-1.86 -0.24 0.00492896
-1.86 -0.18 0.00466544
-1.86 -0.12 0.00435529
-1.86 -0.06 0.00400986
-1.86 9.71445e-15 0.00364109
-1.86 0.06 0.00326079
-1.86 0.12 0.00288007
-1.86 0.18 0.00250885
-1.86 0.24 0.00215543
-1.86 0.3 0.00182633
-1.86 0.36 0.00152621
-1.86 0.42 0.00125789
-1.86 0.48 0.00102248
-1.86 0.54 0.000819706
-1.86 0.6 0.000648121
-1.86 0.66 0.000505402
-1.86 0.72 0.000388693
-1.8 -1.62 0.000364783
-1.8 -1.56 0.000474704
-1.8 -1.5 0.000609257
-1.8 -1.44 0.000771195
-1.8 -1.38 0.000962771
-1.8 -1.32 0.00118541
-1.8 -1.26 0.00143947
-1.8 -1.2 0.00172394
-1.8 -1.14 0.00203627
-1.8 -1.08 0.00237212
-1.8 -1.02 0.00272536
-1.8 -0.96 0.00308821
-1.8 -0.9 0.00345121
-1.8 -0.84 0.00380387
-1.8 -0.78 0.004135
-1.8 -0.72 0.00443313
-1.8 -0.66 0.00468742
-1.8 -0.6 0.00488814
-1.8 -0.54 0.00502741
-1.8 -0.48 0.00509965
-1.8 -0.42 0.00510172
-1.8 -0.36 0.00503371
-1.8 -0.3 0.00489828
-1.8 -0.24 0.00470102
-1.8 -0.18 0.00444967
-1.8 -0.12 0.00415387
-1.8 -0.06 0.00382444
-1.8 9.71445e-15 0.00347272
-1.8 0.06 0.00310997
-1.8 0.12 0.0027469
-1.8 0.18 0.0023928
-1.8 0.24 0.00205576
-1.8 0.3 0.00174188
-1.8 0.36 0.00145564
-1.8 0.42 0.00119971
-1.8 0.48 0.000975198
-1.8 0.54 0.000781806
-1.8 0.6 0.000618147
-1.8 0.66 0.000482029
-1.8 0.72 0.000370718
-1.74 -1.62 0.000343131
-1.74 -1.56 0.000446527
-1.74 -1.5 0.000573093
-1.74 -1.44 0.000725423
-1.74 -1.38 0.000905627
-1.74 -1.32 0.00111505
-1.74 -1.26 0.00135403
-1.74 -1.2 0.00162163
-1.74 -1.14 0.00191541
-1.74 -1.08 0.00223129
-1.74 -1.02 0.00256362
-1.74 -0.96 0.00290486
-1.74 -0.9 0.00324638
-1.74 -0.84 0.00357812
-1.74 -0.78 0.00388954
-1.74 -0.72 0.00416998
-1.74 -0.66 0.00440918
-1.74 -0.6 0.00459801
-1.74 -0.54 0.00472904
-1.74 -0.48 0.00479694
-1.74 -0.42 0.0047989
-1.74 -0.36 0.00473493
-1.74 -0.3 0.00460751
-1.74 -0.24 0.00442196
-1.74 -0.18 0.00418555
-1.74 -0.12 0.00390731
-1.74 -0.06 0.0035974
-1.74 9.71445e-15 0.00326656
-1.74 0.06 0.00292541
-1.74 0.12 0.00258384
-1.74 0.18 0.0022508
-1.74 0.24 0.00193372
-1.74 0.3 0.00163848
-1.74 0.36 0.00136924
-1.74 0.42 0.00112851
-1.74 0.48 0.000917315
-1.74 0.54 0.0007354
-1.74 0.6 0.000581459
-1.74 0.66 0.000453415
-1.74 0.72 0.000348716
-1.68 -1.62 0.000318328
-1.68 -1.56 0.000414247
-1.68 -1.5 0.00053167
-1.68 -1.44 0.00067299
-1.68 -1.38 0.000840155
-1.68 -1.32 0.00103443
-1.68 -1.26 0.00125614
-1.68 -1.2 0.00150439
-1.68 -1.14 0.00177695
-1.68 -1.08 0.00207003
-1.68 -1.02 0.00237829
-1.68 -0.96 0.00269492
-1.68 -0.9 0.00301171
-1.68 -0.84 0.00331947
-1.68 -0.78 0.00360839
-1.68 -0.72 0.00386854
-1.68 -0.66 0.00409044
-1.68 -0.6 0.00426566
-1.68 -0.54 0.00438723
-1.68 -0.48 0.00445017
-1.68 -0.42 0.00445205
-1.68 -0.36 0.00439262
-1.68 -0.3 0.00427451
-1.68 -0.24 0.00410235
-1.68 -0.18 0.00388299
-1.68 -0.12 0.00362486
-1.68 -0.06 0.00333738
-1.68 9.71445e-15 0.00303046
-1.68 0.06 0.00271394
-1.68 0.12 0.00239706
-1.68 0.18 0.0020881
-1.68 0.24 0.00179394
-1.68 0.3 0.00152005
-1.68 0.36 0.00127027
-1.68 0.42 0.00104694
-1.68 0.48 0.000851015
-1.68 0.54 0.000682243
-1.68 0.6 0.000539421
-1.68 0.66 0.000420644
-1.68 0.72 0.000323505
-1.62 -1.62 0.000291258
-1.62 -1.56 0.000379024
-1.62 -1.5 0.000486457
-1.62 -1.44 0.000615756
-1.62 -1.38 0.000768717
-1.62 -1.32 0.00094648
-1.62 -1.26 0.00114933
-1.62 -1.2 0.00137647
-1.62 -1.14 0.00162585
-1.62 -1.08 0.001894
-1.62 -1.02 0.00217604
-1.62 -0.96 0.00246576
-1.62 -0.9 0.00275559
-1.62 -0.84 0.00303718
-1.62 -0.78 0.00330156
-1.62 -0.72 0.0035396
-1.62 -0.66 0.00374264
-1.62 -0.6 0.0039029
-1.62 -0.54 0.00401411
-1.62 -0.48 0.00407177
-1.62 -0.42 0.00407344
-1.62 -0.36 0.00401912
-1.62 -0.3 0.003911
-1.62 -0.24 0.0037535
-1.62 -0.18 0.00355281
-1.62 -0.12 0.00331663
-1.62 -0.06 0.00305359
-1.62 9.71445e-15 0.00277277
-1.62 0.06 0.00248313
-1.62 0.12 0.00219324
-1.62 0.18 0.00191051
-1.62 0.24 0.0016414
-1.62 0.3 0.00139079
-1.62 0.36 0.00116224
-1.62 0.42 0.000957903
-1.62 0.48 0.00077864
-1.62 0.54 0.000624226
-1.62 0.6 0.000493554
-1.62 0.66 0.000384873
-1.62 0.72 0.000295996
-1.56 -1.56 0.000342026
-1.56 -1.5 0.000438973
-1.56 -1.44 0.00055565
-1.56 -1.38 0.000693676
-1.56 -1.32 0.000854089
-1.56 -1.26 0.00103714
-1.56 -1.2 0.0012421
-1.56 -1.14 0.00146712
-1.56 -1.08 0.00170913
-1.56 -1.02 0.00196364
-1.56 -0.96 0.00222506
-1.56 -0.9 0.0024866
-1.56 -0.84 0.00274073
-1.56 -0.78 0.00297928
-1.56 -0.72 0.00319408
-1.56 -0.66 0.0033773
-1.56 -0.6 0.00352194
-1.56 -0.54 0.0036223
-1.56 -0.48 0.00367431
-1.56 -0.42 0.0036758
-1.56 -0.36 0.0036268
-1.56 -0.3 0.00352925
-1.56 -0.24 0.00338709
-1.56 -0.18 0.00320597
-1.56 -0.12 0.00299284
-1.56 -0.06 0.0027555
-1.56 9.71445e-15 0.00250211
-1.56 0.06 0.00224077
-1.56 0.12 0.00197914
-1.56 0.18 0.00172404
-1.56 0.24 0.00148117
-1.56 0.3 0.00125503
-1.56 0.36 0.0010488
-1.56 0.42 0.000864404
-1.56 0.48 0.000702639
-1.56 0.54 0.000563296
-1.56 0.6 0.000445376
-1.56 0.66 0.000347303
-1.56 0.72 0.000267105
-1.5 -1.56 0.000304397
-1.5 -1.5 0.000390678
-1.5 -1.44 0.000494516
-1.5 -1.38 0.000617364
-1.5 -1.32 0.000760129
-1.5 -1.26 0.00092304
-1.5 -1.2 0.00110546
-1.5 -1.14 0.00130572
-1.5 -1.08 0.00152108
-1.5 -1.02 0.00174761
-1.5 -0.96 0.00198026
-1.5 -0.9 0.00221303
-1.5 -0.84 0.00243919
-1.5 -0.78 0.0026515
-1.5 -0.72 0.00284268
-1.5 -0.66 0.00300574
-1.5 -0.6 0.00313445
-1.5 -0.54 0.00322376
-1.5 -0.48 0.00327008
-1.5 -0.42 0.00327139
-1.5 -0.36 0.0032278
-1.5 -0.3 0.00314095
-1.5 -0.24 0.00301445
-1.5 -0.18 0.00285328
-1.5 -0.12 0.0026636
-1.5 -0.06 0.00245236
-1.5 9.71445e-15 0.00222682
-1.5 0.06 0.00199424
-1.5 0.12 0.00176141
-1.5 0.18 0.00153435
-1.5 0.24 0.00131822
-1.5 0.3 0.00111696
-1.5 0.36 0.000933407
-1.5 0.42 0.0007693
-1.5 0.48 0.000625333
-1.5 0.54 0.000501323
-1.5 0.6 0.000396379
-1.5 0.66 0.000309093
-1.5 0.72 0.000237718
-1.44 -1.56 0.000267185
-1.44 -1.5 0.000342916
-1.44 -1.44 0.000434064
-1.44 -1.38 0.00054189
-1.44 -1.32 0.0006672
-1.44 -1.26 0.000810194
-1.44 -1.2 0.00097031
-1.44 -1.14 0.0011461
-1.44 -1.08 0.00133514
-1.44 -1.02 0.00153395
-1.44 -0.96 0.00173818
-1.44 -0.9 0.00194249
-1.44 -0.84 0.002141
-1.44 -0.78 0.00232736
-1.44 -0.72 0.00249517
-1.44 -0.66 0.00263829
-1.44 -0.6 0.00275127
-1.44 -0.54 0.00282966
-1.44 -0.48 0.0028703
-1.44 -0.42 0.00287148
-1.44 -0.36 0.00283318
-1.44 -0.3 0.00275698
-1.44 -0.24 0.00264595
-1.44 -0.18 0.00250447
-1.44 -0.12 0.00233798
-1.44 -0.06 0.00215256
-1.44 9.71445e-15 0.0019546
-1.44 0.06 0.00175043
-1.44 0.12 0.00154608
-1.44 0.18 0.00134678
-1.44 0.24 0.00115707
-1.44 0.3 0.000980405
-1.44 0.36 0.000819296
-1.44 0.42 0.000675255
-1.44 0.48 0.000548887
-1.44 0.54 0.000440033
-1.44 0.6 0.00034792
-1.44 0.66 0.000271308
-1.38 -1.56 0.000231296
-1.38 -1.5 0.000296857
-1.38 -1.44 0.000375765
-1.38 -1.38 0.000469104
-1.38 -1.32 0.000577578
-1.38 -1.26 0.000701364
-1.38 -1.2 0.00083998
-1.38 -1.14 0.000992166
-1.38 -1.08 0.00115581
-1.38 -1.02 0.00132792
-1.38 -0.96 0.00150472
-1.38 -0.9 0.00168158
-1.38 -0.84 0.00185343
-1.38 -0.78 0.00201475
-1.38 -0.72 0.00216002
-1.38 -0.66 0.00228391
-1.38 -0.6 0.00238174
-1.38 -0.54 0.00244961
-1.38 -0.48 0.00248475
-1.38 -0.42 0.00248581
-1.38 -0.36 0.00245262
-1.38 -0.3 0.00238668
-1.38 -0.24 0.00229056
-1.38 -0.18 0.00216809
-1.38 -0.12 0.00202396
-1.38 -0.06 0.00186344
-1.38 9.71445e-15 0.00169207
-1.38 0.06 0.00151533
-1.38 0.12 0.00133841
-1.38 0.18 0.00116589
-1.38 0.24 0.00100165
-1.38 0.3 0.000848719
-1.38 0.36 0.000709256
-1.38 0.42 0.000584561
-1.38 0.48 0.000475165
-1.38 0.54 0.00038093
-1.38 0.6 0.000301187
-1.38 0.66 0.000234868
-1.32 -1.5 0.000253451
-1.32 -1.44 0.000320823
-1.32 -1.38 0.000400516
-1.32 -1.32 0.000493131
-1.32 -1.26 0.000598819
-1.32 -1.2 0.000717165
-1.32 -1.14 0.000847096
-1.32 -1.08 0.000986804
-1.32 -1.02 0.00113376
-1.32 -0.96 0.00128469
-1.32 -0.9 0.00143571
-1.32 -0.84 0.00158244
-1.32 -0.78 0.00172017
-1.32 -0.72 0.00184419
-1.32 -0.66 0.00194998
-1.32 -0.6 0.0020335
-1.32 -0.54 0.00209144
-1.32 -0.48 0.00212144
-1.32 -0.42 0.00212235
-1.32 -0.36 0.00209402
-1.32 -0.3 0.0020377
-1.32 -0.24 0.00195564
-1.32 -0.18 0.00185108
-1.32 -0.12 0.00172802
-1.32 -0.06 0.00159097
-1.32 9.71445e-15 0.00144466
-1.32 0.06 0.00129377
-1.32 0.12 0.00114271
-1.32 0.18 0.000995427
-1.32 0.24 0.000855194
-1.32 0.3 0.00072462
-1.32 0.36 0.000605551
-1.32 0.42 0.000499088
-1.32 0.48 0.000405687
-1.32 0.54 0.000325231
-1.32 0.6 0.00025715
-1.32 0.66 0.000200526
-1.26 -1.5 0.000213419
-1.26 -1.44 0.000270147
-1.26 -1.38 0.000337254
-1.26 -1.32 0.000415241
-1.26 -1.26 0.000504236
-1.26 -1.2 0.000603887
-1.26 -1.14 0.000713293
-1.26 -1.08 0.000830945
-1.26 -1.02 0.000954679
-1.26 -0.96 0.00108178
-1.26 -0.9 0.00120893
-1.26 -0.84 0.00133249
-1.26 -0.78 0.00144847
-1.26 -0.72 0.00155291
-1.26 -0.66 0.00164198
-1.26 -0.6 0.0017123
-1.26 -0.54 0.00176109
-1.26 -0.48 0.00178637
-1.26 -0.42 0.00178711
-1.26 -0.36 0.00176327
-1.26 -0.3 0.00171585
-1.26 -0.24 0.00164674
-1.26 -0.18 0.00155869
-1.26 -0.12 0.00145507
-1.26 -0.06 0.00133968
-1.26 9.71445e-15 0.00121648
-1.26 0.06 0.00108941
-1.26 0.12 0.000962222
-1.26 0.18 0.000838193
-1.26 0.24 0.00072012
-1.26 0.3 0.000610168
-1.26 0.36 0.000509903
-1.26 0.42 0.000420256
-1.26 0.48 0.000341609
-1.26 0.54 0.000273863
-1.26 0.6 0.000216533
-1.26 0.66 0.000168853
-1.2 -1.5 0.000177239
-1.2 -1.44 0.000224352
-1.2 -1.38 0.000280082
-1.2 -1.32 0.000344849
-1.2 -1.26 0.000418757
-1.2 -1.2 0.000501517
-1.2 -1.14 0.000592377
-1.2 -1.08 0.000690073
-1.2 -1.02 0.00079284
-1.2 -0.96 0.000898389
-1.2 -0.9 0.001004
-1.2 -0.84 0.0011066
-1.2 -0.78 0.00120292
-1.2 -0.72 0.00128965
-1.2 -0.66 0.00136363
-1.2 -0.6 0.00142203
-1.2 -0.54 0.00146254
-1.2 -0.48 0.00148353
-1.2 -0.42 0.00148416
-1.2 -0.36 0.00146436
-1.2 -0.3 0.00142496
-1.2 -0.24 0.00136758
-1.2 -0.18 0.00129446
-1.2 -0.12 0.00120841
-1.2 -0.06 0.00111257
-1.2 9.71445e-15 0.00101025
-1.2 0.06 0.000904732
-1.2 0.12 0.000799101
-1.2 0.18 0.0006961
-1.2 0.24 0.000598039
-1.2 0.3 0.000506729
-1.2 0.36 0.00042346
-1.2 0.42 0.000349011
-1.2 0.48 0.000283696
-1.2 0.54 0.000227433
-1.2 0.6 0.000179826
-1.14 -1.44 0.000183755
-1.14 -1.38 0.000229402
-1.14 -1.32 0.000282451
-1.14 -1.26 0.000342987
-1.14 -1.2 0.00041077
-1.14 -1.14 0.00048519
-1.14 -1.08 0.000565211
-1.14 -1.02 0.000649382
-1.14 -0.96 0.000735837
-1.14 -0.9 0.000822336
-1.14 -0.84 0.000906362
-1.14 -0.78 0.000985256
-1.14 -0.72 0.00105629
-1.14 -0.66 0.00111688
-1.14 -0.6 0.00116471
-1.14 -0.54 0.00119791
-1.14 -0.48 0.00121511
-1.14 -0.42 0.00121561
-1.14 -0.36 0.0011994
-1.14 -0.3 0.00116713
-1.14 -0.24 0.00112013
-1.14 -0.18 0.00106024
-1.14 -0.12 0.000989759
-1.14 -0.06 0.000911262
-1.14 9.71445e-15 0.000827453
-1.14 0.06 0.000741027
-1.14 0.12 0.000654515
-1.14 0.18 0.000570143
-1.14 0.24 0.000489831
-1.14 0.3 0.000415046
-1.14 0.36 0.000346842
-1.14 0.42 0.000285862
-1.14 0.48 0.000232365
-1.14 0.54 0.000186284
-1.14 0.6 0.000147288
-1.08 -1.44 0.000148439
-1.08 -1.38 0.000185311
-1.08 -1.32 0.000228164
-1.08 -1.26 0.000277065
-1.08 -1.2 0.00033182
-1.08 -1.14 0.000391933
-1.08 -1.08 0.000456582
-1.08 -1.02 0.000524575
-1.08 -0.96 0.000594409
-1.08 -0.9 0.000664279
-1.08 -0.84 0.00073217
-1.08 -0.78 0.000795898
-1.08 -0.72 0.000853279
-1.08 -0.66 0.000902225
-1.08 -0.6 0.000940865
-1.08 -0.54 0.000967671
-1.08 -0.48 0.000981566
-1.08 -0.42 0.000981968
-1.08 -0.36 0.000968876
-1.08 -0.3 0.000942816
-1.08 -0.24 0.000904838
-1.08 -0.18 0.000856453
-1.08 -0.12 0.000799519
-1.08 -0.06 0.000736114
-1.08 9.71445e-15 0.000668422
-1.08 0.06 0.000598607
-1.08 0.12 0.000528712
-1.08 0.18 0.000460567
-1.08 0.24 0.000395685
-1.08 0.3 0.000335272
-1.08 0.36 0.000280178
-1.08 0.42 0.000230919
-1.08 0.48 0.000187705
-1.08 0.54 0.000150481
-1.08 0.6 0.000118979
-1.02 -1.44 0.000118261
-1.02 -1.38 0.000147638
-1.02 -1.32 0.000181779
-1.02 -1.26 0.000220738
-1.02 -1.2 0.000264363
-1.02 -1.14 0.000312256
-1.02 -1.08 0.000363755
-1.02 -1.02 0.000417928
-1.02 -0.96 0.000473564
-1.02 -0.9 0.000529233
-1.02 -0.84 0.000583314
-1.02 -0.78 0.000634089
-1.02 -0.72 0.000679807
-1.02 -0.66 0.000718802
-1.02 -0.6 0.000749585
-1.02 -0.54 0.000770935
-1.02 -0.48 0.000782014
-1.02 -0.42 0.000782334
-1.02 -0.36 0.000771904
-1.02 -0.3 0.00075113
-1.02 -0.24 0.000720882
-1.02 -0.18 0.000682341
-1.02 -0.12 0.00063698
-1.02 -0.06 0.00058646
-1.02 9.71445e-15 0.000532529
-1.02 0.06 0.000476907
-1.02 0.12 0.000421226
-1.02 0.18 0.00036693
-1.02 0.24 0.000315243
-1.02 0.3 0.00026711
-1.02 0.36 0.000223216
-1.02 0.42 0.000183971
-1.02 0.48 0.000149542
-1.02 0.54 0.000119887
-0.96 -1.38 0.000116006
-0.96 -1.32 0.000142831
-0.96 -1.26 0.000173443
-0.96 -1.2 0.00020772
-0.96 -1.14 0.000245353
-0.96 -1.08 0.00028582
-0.96 -1.02 0.000328385
-0.96 -0.96 0.000372101
-0.96 -0.9 0.000415842
-0.96 -0.84 0.000458341
-0.96 -0.78 0.000498234
-0.96 -0.72 0.000534155
-0.96 -0.66 0.000564796
-0.96 -0.6 0.000588986
-0.96 -0.54 0.000605766
-0.96 -0.48 0.00061446
-0.96 -0.42 0.000614718
-0.96 -0.36 0.000606517
-0.96 -0.3 0.000590202
-0.96 -0.24 0.000566432
-0.96 -0.18 0.000536146
-0.96 -0.12 0.000500504
-0.96 -0.06 0.000460808
-0.96 9.71445e-15 0.000418433
-0.96 0.06 0.000374731
-0.96 0.12 0.000330974
-0.96 0.18 0.000288317
-0.96 0.24 0.0002477
-0.96 0.3 0.00020988
-0.96 0.36 0.000175392
-0.96 0.42 0.000144556
-0.96 0.48 0.000117503
-0.96 0.54 9.42009e-05
-0.9 -1.38 8.98983e-05
-0.9 -1.32 0.000110687
-0.9 -1.26 0.00013441
-0.9 -1.2 0.000160973
-0.9 -1.14 0.000190135
-0.9 -1.08 0.000221495
-0.9 -1.02 0.000254482
-0.9 -0.96 0.000288356
-0.9 -0.9 0.000322257
-0.9 -0.84 0.000355189
-0.9 -0.78 0.000386102
-0.9 -0.72 0.000413939
-0.9 -0.66 0.000437684
-0.9 -0.6 0.00045643
-0.9 -0.54 0.000469435
-0.9 -0.48 0.000476177
-0.9 -0.42 0.00047637
-0.9 -0.36 0.000470021
-0.9 -0.3 0.000457375
-0.9 -0.24 0.00043895
-0.9 -0.18 0.000415483
-0.9 -0.12 0.000387863
-0.9 -0.06 0.0003571
-0.9 9.71445e-15 0.000324262
-0.9 0.06 0.000290396
-0.9 0.12 0.000256489
-0.9 0.18 0.000223429
-0.9 0.24 0.000191954
-0.9 0.3 0.000162647
-0.9 0.36 0.000135919
-0.9 0.42 0.000112023
-0.9 0.48 9.10588e-05
-0.84 -1.32 8.45978e-05
-0.84 -1.26 0.000102729
-0.84 -1.2 0.000123031
-0.84 -1.14 0.000145319
-0.84 -1.08 0.000169287
-0.84 -1.02 0.000194498
-0.84 -0.96 0.000220391
-0.84 -0.9 0.000246298
-0.84 -0.84 0.000271467
-0.84 -0.78 0.000295097
-0.84 -0.72 0.000316373
-0.84 -0.66 0.000334521
-0.84 -0.6 0.000348846
-0.84 -0.54 0.000358785
-0.84 -0.48 0.00036394
-0.84 -0.42 0.000364086
-0.84 -0.36 0.000359235
-0.84 -0.3 0.000349569
-0.84 -0.24 0.000335489
-0.84 -0.18 0.000317552
-0.84 -0.12 0.000296442
-0.84 -0.06 0.000272932
-0.84 9.71445e-15 0.000247832
-0.84 0.06 0.000221947
-0.84 0.12 0.000196034
-0.84 0.18 0.000170764
-0.84 0.24 0.00014671
-0.84 0.3 0.00012431
-0.84 0.36 0.000103882
-0.84 0.42 8.56183e-05
-0.84 0.48 6.95957e-05
-0.78 -1.26 7.74353e-05
-0.78 -1.2 9.27388e-05
-0.78 -1.14 0.000109541
-0.78 -1.08 0.000127607
-0.78 -1.02 0.000146609
-0.78 -0.96 0.000166129
-0.78 -0.9 0.000185657
-0.78 -0.84 0.000204627
-0.78 -0.78 0.00022244
-0.78 -0.72 0.000238478
-0.78 -0.66 0.000252157
-0.78 -0.6 0.000262956
-0.78 -0.54 0.000270449
-0.78 -0.48 0.000274333
-0.78 -0.42 0.000274446
-0.78 -0.36 0.000270786
-0.78 -0.3 0.000263501
-0.78 -0.24 0.00025289
-0.78 -0.18 0.000239369
-0.78 -0.12 0.000223456
-0.78 -0.06 0.000205734
-0.78 9.71445e-15 0.000186813
-0.78 0.06 0.0001673
-0.78 0.12 0.000147769
-0.78 0.18 0.00012872
-0.78 0.24 0.000110588
-0.78 0.3 9.37039e-05
-0.78 0.36 7.83055e-05
-0.78 0.42 6.45382e-05
-0.72 -1.26 5.75679e-05
-0.72 -1.2 6.89451e-05
-0.72 -1.14 8.14357e-05
-0.72 -1.08 9.48659e-05
-0.72 -1.02 0.000108994
-0.72 -0.96 0.000123504
-0.72 -0.9 0.000138023
-0.72 -0.84 0.000152126
-0.72 -0.78 0.000165368
-0.72 -0.72 0.000177291
-0.72 -0.66 0.000187461
-0.72 -0.6 0.00019549
-0.72 -0.54 0.000201059
-0.72 -0.48 0.000203946
-0.72 -0.42 0.000204031
-0.72 -0.36 0.00020131
-0.72 -0.3 0.000195892
-0.72 -0.24 0.000188005
-0.72 -0.18 0.000177953
-0.72 -0.12 0.000166123
-0.72 -0.06 0.000152948
-0.72 9.71445e-15 0.000138881
-0.72 0.06 0.000124376
-0.72 0.12 0.000109855
-0.72 0.18 9.56944e-05
-0.72 0.24 8.22142e-05
-0.72 0.3 6.96617e-05
-0.72 0.36 5.82144e-05
-0.72 0.42 4.79794e-05
-0.66 -1.2 5.05509e-05
-0.66 -1.14 5.9709e-05
-0.66 -1.08 6.95568e-05
-0.66 -1.02 7.99154e-05
-0.66 -0.96 9.05545e-05
-0.66 -0.9 0.000101199
-0.66 -0.84 0.00011154
-0.66 -0.78 0.000121249
-0.66 -0.72 0.000129992
-0.66 -0.66 0.000137448
-0.66 -0.6 0.000143333
-0.66 -0.54 0.000147418
-0.66 -0.48 0.000149536
-0.66 -0.42 0.000149596
-0.66 -0.36 0.000147602
-0.66 -0.3 0.000143631
-0.66 -0.24 0.000137846
-0.66 -0.18 0.000130476
-0.66 -0.12 0.000121803
-0.66 -0.06 0.000112143
-0.66 9.71445e-15 0.000101829
-0.66 0.06 9.11934e-05
-0.66 0.12 8.05468e-05
-0.66 0.18 7.01637e-05
-0.66 0.24 6.02804e-05
-0.66 0.3 5.10769e-05
-0.66 0.36 4.26834e-05
-0.6 -1.2 3.6555e-05
-0.6 -1.14 4.31773e-05
-0.6 -1.08 5.02985e-05
-0.6 -1.02 5.77896e-05
-0.6 -0.96 6.54819e-05
-0.6 -0.9 7.31806e-05
-0.6 -0.84 8.0659e-05
-0.6 -0.78 8.7679e-05
-0.6 -0.72 9.40002e-05
-0.6 -0.66 9.93924e-05
-0.6 -0.6 0.00010365
-0.6 -0.54 0.000106603
-0.6 -0.48 0.000108133
-0.6 -0.42 0.000108178
-0.6 -0.36 0.000106736
-0.6 -0.3 0.000103864
-0.6 -0.24 9.96806e-05
-0.6 -0.18 9.43511e-05
-0.6 -0.12 8.80789e-05
-0.6 -0.06 8.10929e-05
-0.6 9.71445e-15 7.36357e-05
-0.6 0.06 6.59454e-05
-0.6 0.12 5.82451e-05
-0.6 0.18 5.07381e-05
-0.6 0.24 4.35902e-05
-0.6 0.3 3.6935e-05
-0.54 -1.14 3.07939e-05
-0.54 -1.08 3.58728e-05
-0.54 -1.02 4.12146e-05
-0.54 -0.96 4.67018e-05
-0.54 -0.9 5.21913e-05
-0.54 -0.84 5.75249e-05
-0.54 -0.78 6.25318e-05
-0.54 -0.72 6.70402e-05
-0.54 -0.66 7.08857e-05
-0.54 -0.6 7.39221e-05
-0.54 -0.54 7.60285e-05
-0.54 -0.48 7.71191e-05
-0.54 -0.42 7.71521e-05
-0.54 -0.36 7.61217e-05
-0.54 -0.3 7.40753e-05
-0.54 -0.24 7.10921e-05
-0.54 -0.18 6.72909e-05
-0.54 -0.12 6.28175e-05
-0.54 -0.06 5.78355e-05
-0.54 9.71445e-15 5.25165e-05
-0.54 0.06 4.70313e-05
-0.54 0.12 4.15402e-05
-0.54 0.18 3.61858e-05
-0.54 0.24 3.10882e-05
-0.54 0.3 2.63416e-05
-0.48 -1.08 2.52323e-05
-0.48 -1.02 2.89899e-05
-0.48 -0.96 3.28494e-05
-0.48 -0.9 3.67109e-05
-0.48 -0.84 4.0462e-05
-0.48 -0.78 4.3984e-05
-0.48 -0.72 4.71554e-05
-0.48 -0.66 4.98602e-05
-0.48 -0.6 5.19952e-05
-0.48 -0.54 5.34773e-05
-0.48 -0.48 5.42453e-05
-0.48 -0.42 5.42673e-05
-0.48 -0.36 5.35439e-05
-0.48 -0.3 5.21034e-05
-0.48 -0.24 5.0005e-05
-0.48 -0.18 4.73314e-05
-0.48 -0.12 4.4185e-05
-0.48 -0.06 4.06807e-05
-0.48 9.71445e-15 3.69394e-05
-0.48 0.06 3.3081e-05
-0.48 0.12 2.9219e-05
-0.48 0.18 2.54524e-05
-0.48 0.24 2.18672e-05
-0.42 -1.02 2.01108e-05
-0.42 -0.96 2.27883e-05
-0.42 -0.9 2.54668e-05
-0.42 -0.84 2.80695e-05
-0.42 -0.78 3.05128e-05
-0.42 -0.72 3.27127e-05
-0.42 -0.66 3.45892e-05
-0.42 -0.6 3.60704e-05
-0.42 -0.54 3.70983e-05
-0.42 -0.48 3.76307e-05
-0.42 -0.42 3.76464e-05
-0.42 -0.36 3.71441e-05
-0.42 -0.3 3.61453e-05
-0.42 -0.24 3.46895e-05
-0.42 -0.18 3.28346e-05
-0.42 -0.12 3.06519e-05
-0.42 -0.06 2.8221e-05
-0.42 9.71445e-15 2.56257e-05
-0.42 0.06 2.2949e-05
-0.42 0.12 2.02697e-05
-0.42 0.18 1.76569e-05
-0.36 -0.96 1.55913e-05
-0.36 -0.9 1.74241e-05
-0.36 -0.84 1.92047e-05
-0.36 -0.78 2.08762e-05
-0.36 -0.72 2.23813e-05
-0.36 -0.66 2.36651e-05
-0.36 -0.6 2.46786e-05
-0.36 -0.54 2.5382e-05
-0.36 -0.48 2.57465e-05
-0.36 -0.42 2.57569e-05
-0.36 -0.36 2.54136e-05
-0.36 -0.3 2.473e-05
-0.36 -0.24 2.37338e-05
-0.36 -0.18 2.24648e-05
-0.36 -0.12 2.09715e-05
-0.36 -0.06 1.93082e-05
-0.36 9.71445e-15 1.75326e-05
-0.36 0.06 1.57014e-05
-0.36 0.12 1.38682e-05
-0.3 -0.9 1.17574e-05
-0.3 -0.84 1.29588e-05
-0.3 -0.78 1.40868e-05
-0.3 -0.72 1.51025e-05
-0.3 -0.66 1.59688e-05
-0.3 -0.6 1.66526e-05
-0.3 -0.54 1.71272e-05
-0.3 -0.48 1.73732e-05
-0.3 -0.42 1.73803e-05
-0.3 -0.36 1.71485e-05
-0.3 -0.3 1.66872e-05
-0.3 -0.24 1.60152e-05
-0.3 -0.18 1.51589e-05
-0.3 -0.12 1.41512e-05
-0.3 -0.06 1.30289e-05
-0.3 9.71445e-15 1.18306e-05
-0.3 0.06 1.05949e-05
-0.3 0.12 9.35801e-06
-0.24 -0.84 8.62417e-06
-0.24 -0.78 9.37483e-06
-0.24 -0.72 1.00507e-05
-0.24 -0.66 1.06273e-05
-0.24 -0.6 1.10825e-05
-0.24 -0.54 1.13982e-05
-0.24 -0.48 1.15618e-05
-0.24 -0.42 1.15667e-05
-0.24 -0.36 1.14124e-05
-0.24 -0.3 1.11054e-05
-0.24 -0.24 1.06582e-05
-0.24 -0.18 1.00883e-05
-0.24 -0.12 9.4177e-06
-0.24 -0.06 8.67078e-06
-0.24 9.71445e-15 7.87331e-06
-0.24 0.06 7.05096e-06
-0.18 -0.78 6.15328e-06
-0.18 -0.72 6.59693e-06
-0.18 -0.66 6.97534e-06
-0.18 -0.6 7.27407e-06
-0.18 -0.54 7.48126e-06
-0.18 -0.48 7.58873e-06
-0.18 -0.42 7.59187e-06
-0.18 -0.36 7.49063e-06
-0.18 -0.3 7.28907e-06
-0.18 -0.24 6.99553e-06
-0.18 -0.18 6.62152e-06
-0.18 -0.12 6.18133e-06
-0.18 -0.06 5.69107e-06
-0.18 9.71445e-15 5.16772e-06
-0.12 -0.72 4.2704e-06
-0.12 -0.66 4.51535e-06
-0.12 -0.6 4.70871e-06
-0.12 -0.54 4.84289e-06
-0.12 -0.48 4.91245e-06
-0.12 -0.42 4.91447e-06
-0.12 -0.36 4.84893e-06
-0.12 -0.3 4.71848e-06
-0.12 -0.24 4.52847e-06
-0.12 -0.18 4.28635e-06
-0.12 -0.12 4.00141e-06
-0.12 -0.06 3.68406e-06
-0.06 -0.66 2.88277e-06
-0.06 -0.6 3.00622e-06
-0.06 -0.54 3.09188e-06
-0.06 -0.48 3.13629e-06
-0.06 -0.42 3.13756e-06
-0.06 -0.36 3.09575e-06
-0.06 -0.3 3.01244e-06
-0.06 -0.24 2.89111e-06
-0.06 -0.18 2.73655e-06
-0.06 -0.12 2.55463e-06
9.71445e-15 -0.6 1.89291e-06
9.71445e-15 -0.54 1.94685e-06
9.71445e-15 -0.48 1.97478e-06
9.71445e-15 -0.42 1.97562e-06
9.71445e-15 -0.36 1.94925e-06
9.71445e-15 -0.3 1.89683e-06
9.71445e-15 -0.24 1.82044e-06
0.06 -0.48 1.22636e-06
0.06 -0.42 1.22687e-06
0.06 -0.36 1.2105e-06
0.06 -0.3 1.17794e-06
0.12 -0.42 7.51412e-07
0.12 -0.36 7.41399e-07
