3949 0.06 0.06 1.06541 -12 -12
-0.66 -0.18 0.000161958
-0.66 -0.12 0.000163614
-0.66 -0.06 0.000163015
-0.66 9.71445e-15 0.000160185
-0.66 0.06 0.000155242
-0.66 0.12 0.000148383
-0.66 0.18 0.000139876
-0.66 0.24 0.000130047
-0.66 0.3 0.000119245
-0.66 0.36 0.000107838
-0.66 0.42 9.61816e-05
-0.66 0.48 8.46053e-05
-0.66 0.54 7.34003e-05
-0.66 0.6 6.28036e-05
-0.66 0.66 5.29979e-05
-0.66 0.72 4.41083e-05
-0.66 0.78 3.62057e-05
-0.66 0.84 2.93099e-05
-0.6 -0.42 0.000217099
-0.6 -0.36 0.000231804
-0.6 -0.3 0.000244104
-0.6 -0.24 0.000253522
-0.6 -0.18 0.00025968
-0.6 -0.12 0.000262339
-0.6 -0.06 0.000261378
-0.6 9.71445e-15 0.00025684
-0.6 0.06 0.000248913
-0.6 0.12 0.000237916
-0.6 0.18 0.000224279
-0.6 0.24 0.000208515
-0.6 0.3 0.000191198
-0.6 0.36 0.000172907
-0.6 0.42 0.000154216
-0.6 0.48 0.000135655
-0.6 0.54 0.000117689
-0.6 0.6 0.000100698
-0.6 0.66 8.49766e-05
-0.6 0.72 7.07235e-05
-0.6 0.78 5.80518e-05
-0.6 0.84 4.69959e-05
-0.6 0.9 3.75221e-05
-0.6 0.96 2.95467e-05
-0.6 1.02 2.29464e-05
-0.6 1.08 1.75759e-05
-0.54 -0.54 0.000288888
-0.54 -0.48 0.000317113
-0.54 -0.42 0.000343312
-0.54 -0.36 0.000366564
-0.54 -0.3 0.000386016
-0.54 -0.24 0.000400906
-0.54 -0.18 0.00041065
-0.54 -0.12 0.000414853
-0.54 -0.06 0.000413333
-0.54 9.71445e-15 0.000406157
-0.54 0.06 0.000393622
-0.54 0.12 0.000376228
-0.54 0.18 0.000354664
-0.54 0.24 0.000329737
-0.54 0.3 0.000302352
-0.54 0.36 0.000273426
-0.54 0.42 0.000243871
-0.54 0.48 0.00021452
-0.54 0.54 0.000186109
-0.54 0.6 0.00015924
-0.54 0.66 0.000134378
-0.54 0.72 0.000111839
-0.54 0.78 9.18007e-05
-0.54 0.84 7.43173e-05
-0.54 0.9 5.93354e-05
-0.54 0.96 4.67241e-05
-0.54 1.02 3.62867e-05
-0.54 1.08 2.77939e-05
-0.54 1.14 2.0996e-05
-0.54 1.2 1.56427e-05
-0.54 1.26 1.14941e-05
-0.48 -0.72 0.000313496
-0.48 -0.66 0.000358717
-0.48 -0.6 0.000404817
-0.48 -0.54 0.000450559
-0.48 -0.48 0.000494575
-0.48 -0.42 0.000535437
-0.48 -0.36 0.000571705
-0.48 -0.3 0.000602038
-0.48 -0.24 0.000625262
-0.48 -0.18 0.000640462
-0.48 -0.12 0.000647011
-0.48 -0.06 0.000644644
-0.48 9.71445e-15 0.000633452
-0.48 0.06 0.0006139
-0.48 0.12 0.000586774
-0.48 0.18 0.000553138
-0.48 0.24 0.000514268
-0.48 0.3 0.000471554
-0.48 0.36 0.00042644
-0.48 0.42 0.000380348
-0.48 0.48 0.00033457
-0.48 0.54 0.00029026
-0.48 0.6 0.000248355
-0.48 0.66 0.000209578
-0.48 0.72 0.000174427
-0.48 0.78 0.000143175
-0.48 0.84 0.000115906
-0.48 0.9 9.25414e-05
-0.48 0.96 7.2872e-05
-0.48 1.02 5.65937e-05
-0.48 1.08 4.33478e-05
-0.48 1.14 3.27458e-05
-0.48 1.2 2.43967e-05
-0.48 1.26 1.79264e-05
-0.48 1.32 1.29913e-05
-0.48 1.38 9.28524e-06
-0.42 -0.84 0.000353326
-0.42 -0.78 0.000415632
-0.42 -0.72 0.000482216
-0.42 -0.66 0.000551769
-0.42 -0.6 0.000622682
-0.42 -0.54 0.000693045
-0.42 -0.48 0.000760751
-0.42 -0.42 0.000823603
-0.42 -0.36 0.00087939
-0.42 -0.3 0.000926043
-0.42 -0.24 0.000961763
-0.42 -0.18 0.00098515
-0.42 -0.12 0.000995215
-0.42 -0.06 0.000991579
-0.42 9.71445e-15 0.00097437
-0.42 0.06 0.000944296
-0.42 0.12 0.00090257
-0.42 0.18 0.000850832
-0.42 0.24 0.000791041
-0.42 0.3 0.000725335
-0.42 0.36 0.000655942
-0.42 0.42 0.000585046
-0.42 0.48 0.000514632
-0.42 0.54 0.000446471
-0.42 0.6 0.000382016
-0.42 0.66 0.00032237
-0.42 0.72 0.0002683
-0.42 0.78 0.000220229
-0.42 0.84 0.000178284
-0.42 0.9 0.000142346
-0.42 0.96 0.00011209
-0.42 1.02 8.70518e-05
-0.42 1.08 6.66764e-05
-0.42 1.14 5.03689e-05
-0.42 1.2 3.75266e-05
-0.42 1.26 2.75742e-05
-0.42 1.32 1.99829e-05
-0.42 1.38 1.42823e-05
-0.42 1.44 1.00678e-05
-0.42 1.5 6.99928e-06
-0.36 -0.9 0.000449387
-0.36 -0.84 0.000536008
-0.36 -0.78 0.000630533
-0.36 -0.72 0.00073154
-0.36 -0.66 0.000837059
-0.36 -0.6 0.000944626
-0.36 -0.54 0.00105137
-0.36 -0.48 0.00115409
-0.36 -0.42 0.00124944
-0.36 -0.36 0.00133406
-0.36 -0.3 0.00140483
-0.36 -0.24 0.00145904
-0.36 -0.18 0.00149451
-0.36 -0.12 0.00150979
-0.36 -0.06 0.00150426
-0.36 9.71445e-15 0.00147816
-0.36 0.06 0.00143254
-0.36 0.12 0.00136924
-0.36 0.18 0.00129075
-0.36 0.24 0.00120004
-0.36 0.3 0.00110035
-0.36 0.36 0.000995095
-0.36 0.42 0.000887531
-0.36 0.48 0.00078072
-0.36 0.54 0.000677316
-0.36 0.6 0.000579528
-0.36 0.66 0.000489044
-0.36 0.72 0.000407019
-0.36 0.78 0.000334094
-0.36 0.84 0.000270466
-0.36 0.9 0.000215945
-0.36 0.96 0.000170045
-0.36 1.02 0.000132061
-0.36 1.08 0.000101152
-0.36 1.14 7.64114e-05
-0.36 1.2 5.69289e-05
-0.36 1.26 4.18307e-05
-0.36 1.32 3.03147e-05
-0.36 1.38 2.16669e-05
-0.36 1.44 1.52733e-05
-0.36 1.5 1.06181e-05
-0.36 1.56 7.2805e-06
-0.3 -1.02 0.00045339
-0.3 -0.96 0.000555962
-0.3 -0.9 0.000672358
-0.3 -0.84 0.00080197
-0.3 -0.78 0.000943402
-0.3 -0.72 0.00109451
-0.3 -0.66 0.00125239
-0.3 -0.6 0.00141334
-0.3 -0.54 0.00157304
-0.3 -0.48 0.00172673
-0.3 -0.42 0.00186939
-0.3 -0.36 0.001996
-0.3 -0.3 0.00210192
-0.3 -0.24 0.00218299
-0.3 -0.18 0.00223606
-0.3 -0.12 0.00225893
-0.3 -0.06 0.00225066
-0.3 9.71445e-15 0.00221159
-0.3 0.06 0.00214332
-0.3 0.12 0.00204861
-0.3 0.18 0.00193119
-0.3 0.24 0.00179547
-0.3 0.3 0.00164635
-0.3 0.36 0.00148884
-0.3 0.42 0.00132791
-0.3 0.48 0.00116809
-0.3 0.54 0.00101339
-0.3 0.6 0.000867086
-0.3 0.66 0.000731707
-0.3 0.72 0.000608982
-0.3 0.78 0.000499868
-0.3 0.84 0.000404668
-0.3 0.9 0.000323091
-0.3 0.96 0.00025442
-0.3 1.02 0.000197587
-0.3 1.08 0.000151342
-0.3 1.14 0.000114326
-0.3 1.2 8.51768e-05
-0.3 1.26 6.25872e-05
-0.3 1.32 4.53568e-05
-0.3 1.38 3.24177e-05
-0.3 1.44 2.28515e-05
-0.3 1.5 1.58869e-05
-0.3 1.56 1.08929e-05
-0.3 1.62 7.36623e-06
-0.24 -1.14 0.000426845
-0.24 -1.08 0.000538103
-0.24 -1.02 0.000669037
-0.24 -0.96 0.000820391
-0.24 -0.9 0.000992162
-0.24 -0.84 0.0011834
-0.24 -0.78 0.0013921
-0.24 -0.72 0.0016151
-0.24 -0.66 0.00184806
-0.24 -0.6 0.00208554
-0.24 -0.54 0.00232123
-0.24 -0.48 0.00254803
-0.24 -0.42 0.00275852
-0.24 -0.36 0.00294535
-0.24 -0.3 0.00310161
-0.24 -0.24 0.00322129
-0.24 -0.18 0.00329956
-0.24 -0.12 0.00333331
-0.24 -0.06 0.0033211
-0.24 9.71445e-15 0.00326347
-0.24 0.06 0.00316274
-0.24 0.12 0.00302302
-0.24 0.18 0.00284974
-0.24 0.24 0.00264944
-0.24 0.3 0.00242937
-0.24 0.36 0.00219699
-0.24 0.42 0.00195949
-0.24 0.48 0.00172367
-0.24 0.54 0.00149537
-0.24 0.6 0.00127948
-0.24 0.66 0.00107972
-0.24 0.72 0.000898619
-0.24 0.78 0.000737611
-0.24 0.84 0.000597137
-0.24 0.9 0.000476766
-0.24 0.96 0.000375423
-0.24 1.02 0.000291563
-0.24 1.08 0.000223322
-0.24 1.14 0.0001687
-0.24 1.2 0.000125687
-0.24 1.26 9.23549e-05
-0.24 1.32 6.69287e-05
-0.24 1.38 4.78364e-05
-0.24 1.44 3.37203e-05
-0.24 1.5 2.34429e-05
-0.24 1.56 1.6074e-05
-0.24 1.62 1.08698e-05
-0.18 -1.2 0.000485995
-0.18 -1.14 0.000621206
-0.18 -1.08 0.000783118
-0.18 -1.02 0.000973662
-0.18 -0.96 0.00119394
-0.18 -0.9 0.00144393
-0.18 -0.84 0.00172225
-0.18 -0.78 0.00202597
-0.18 -0.72 0.00235052
-0.18 -0.66 0.00268955
-0.18 -0.6 0.00303521
-0.18 -0.54 0.00337819
-0.18 -0.48 0.00370822
-0.18 -0.42 0.00401456
-0.18 -0.36 0.00428651
-0.18 -0.3 0.00451389
-0.18 -0.24 0.00468804
-0.18 -0.18 0.00480202
-0.18 -0.12 0.00485108
-0.18 -0.06 0.00483335
-0.18 9.71445e-15 0.00474946
-0.18 0.06 0.00460287
-0.18 0.12 0.0043995
-0.18 0.18 0.00414728
-0.18 0.24 0.00385586
-0.18 0.3 0.00353556
-0.18 0.36 0.00319733
-0.18 0.42 0.00285175
-0.18 0.48 0.00250852
-0.18 0.54 0.00217628
-0.18 0.6 0.0018621
-0.18 0.66 0.00157137
-0.18 0.72 0.0013078
-0.18 0.78 0.00107349
-0.18 0.84 0.000869025
-0.18 0.9 0.000693856
-0.18 0.96 0.000546374
-0.18 1.02 0.000424325
-0.18 1.08 0.000325008
-0.18 1.14 0.000245518
-0.18 1.2 0.00018292
-0.18 1.26 0.000134408
-0.18 1.32 9.74045e-05
-0.18 1.38 6.96182e-05
-0.18 1.44 4.90743e-05
-0.18 1.5 3.41174e-05
-0.18 1.56 2.33929e-05
-0.18 1.62 1.58193e-05
-0.18 1.68 1.05506e-05
-0.12 -1.26 0.000538226
-0.12 -1.2 0.000697558
-0.12 -1.14 0.000891627
-0.12 -1.08 0.00112403
-0.12 -1.02 0.00139754
-0.12 -0.96 0.00171371
-0.12 -0.9 0.0020725
-0.12 -0.84 0.002472
-0.12 -0.78 0.00290797
-0.12 -0.72 0.00337375
-0.12 -0.66 0.00386039
-0.12 -0.6 0.00435649
-0.12 -0.54 0.00484877
-0.12 -0.48 0.00532251
-0.12 -0.42 0.00576223
-0.12 -0.36 0.00615248
-0.12 -0.3 0.00647899
-0.12 -0.24 0.00672892
-0.12 -0.18 0.00689243
-0.12 -0.12 0.00696297
-0.12 -0.06 0.00693748
-0.12 9.71445e-15 0.00681703
-0.12 0.06 0.00660662
-0.12 0.12 0.00631471
-0.12 0.18 0.00595276
-0.12 0.24 0.00553437
-0.12 0.3 0.00507476
-0.12 0.36 0.00458926
-0.12 0.42 0.00409317
-0.12 0.48 0.00360054
-0.12 0.54 0.00312369
-0.12 0.6 0.00267272
-0.12 0.66 0.00225544
-0.12 0.72 0.00187714
-0.12 0.78 0.0015408
-0.12 0.84 0.00124736
-0.12 0.9 0.000995905
-0.12 0.96 0.000784225
-0.12 1.02 0.000609044
-0.12 1.08 0.000466498
-0.12 1.14 0.000352401
-0.12 1.2 0.000262549
-0.12 1.26 0.000192921
-0.12 1.32 0.000139809
-0.12 1.38 9.99252e-05
-0.12 1.44 7.0438e-05
-0.12 1.5 4.89701e-05
-0.12 1.56 3.35768e-05
-0.12 1.62 2.27059e-05
-0.12 1.68 1.51435e-05
-0.06 -1.32 0.000579801
-0.06 -1.26 0.000761922
-0.06 -1.2 0.000987469
-0.06 -1.14 0.00126221
-0.06 -1.08 0.0015912
-0.06 -1.02 0.00197836
-0.06 -0.96 0.00242594
-0.06 -0.9 0.00293387
-0.06 -0.84 0.00349936
-0.06 -0.78 0.00411651
-0.06 -0.72 0.00477591
-0.06 -0.66 0.00546484
-0.06 -0.6 0.00616711
-0.06 -0.54 0.00686395
-0.06 -0.48 0.00753456
-0.06 -0.42 0.00815703
-0.06 -0.36 0.00870952
-0.06 -0.3 0.00917162
-0.06 -0.24 0.00952553
-0.06 -0.18 0.00975698
-0.06 -0.12 0.00985682
-0.06 -0.06 0.00982068
-0.06 9.71445e-15 0.00965022
-0.06 0.06 0.00935244
-0.06 0.12 0.00893921
-0.06 0.18 0.00842673
-0.06 0.24 0.00783452
-0.06 0.3 0.00718379
-0.06 0.36 0.00649659
-0.06 0.42 0.00579435
-0.06 0.48 0.005097
-0.06 0.54 0.00442194
-0.06 0.6 0.00378353
-0.06 0.66 0.00319279
-0.06 0.72 0.00265726
-0.06 0.78 0.00218118
-0.06 0.84 0.00176576
-0.06 0.9 0.00140981
-0.06 0.96 0.00111016
-0.06 1.02 0.000862168
-0.06 1.08 0.000660378
-0.06 1.14 0.000498861
-0.06 1.2 0.000371668
-0.06 1.26 0.000273098
-0.06 1.32 0.000197913
-0.06 1.38 0.000141455
-0.06 1.44 9.97127e-05
-0.06 1.5 6.93214e-05
-0.06 1.56 4.75315e-05
-0.06 1.62 3.21427e-05
-0.06 1.68 2.14371e-05
-0.06 1.74 1.41008e-05
9.71445e-15 -1.38 0.00060754
9.71445e-15 -1.32 0.00080949
9.71445e-15 -1.26 0.00106375
9.71445e-15 -1.2 0.00137864
9.71445e-15 -1.14 0.00176222
9.71445e-15 -1.08 0.00222155
9.71445e-15 -1.02 0.0027621
9.71445e-15 -0.96 0.00338695
9.71445e-15 -0.9 0.00409611
9.71445e-15 -0.84 0.00488558
9.71445e-15 -0.78 0.00574728
9.71445e-15 -0.72 0.00666789
9.71445e-15 -0.66 0.0076297
9.71445e-15 -0.6 0.00861017
9.71445e-15 -0.54 0.0095831
9.71445e-15 -0.48 0.0105194
9.71445e-15 -0.42 0.0113884
9.71445e-15 -0.36 0.0121598
9.71445e-15 -0.3 0.0128049
9.71445e-15 -0.24 0.0132991
9.71445e-15 -0.18 0.0136221
9.71445e-15 -0.12 0.0137615
9.71445e-15 -0.06 0.013711
9.71445e-15 9.71445e-15 0.013473
9.71445e-15 0.06 0.0130573
9.71445e-15 0.12 0.0124805
9.71445e-15 0.18 0.011765
9.71445e-15 0.24 0.0109381
9.71445e-15 0.3 0.0100296
9.71445e-15 0.36 0.00907023
9.71445e-15 0.42 0.00808974
9.71445e-15 0.48 0.00711613
9.71445e-15 0.54 0.00617364
9.71445e-15 0.6 0.00528236
9.71445e-15 0.66 0.00445762
9.71445e-15 0.72 0.00370993
9.71445e-15 0.78 0.00304524
9.71445e-15 0.84 0.00246526
9.71445e-15 0.9 0.00196831
9.71445e-15 0.96 0.00154994
9.71445e-15 1.02 0.0012037
9.71445e-15 1.08 0.000921977
9.71445e-15 1.14 0.000696478
9.71445e-15 1.2 0.000518901
9.71445e-15 1.26 0.000381286
9.71445e-15 1.32 0.000276314
9.71445e-15 1.38 0.000197492
9.71445e-15 1.44 0.000139212
9.71445e-15 1.5 9.67836e-05
9.71445e-15 1.56 6.63612e-05
9.71445e-15 1.62 4.48759e-05
9.71445e-15 1.68 2.99294e-05
9.71445e-15 1.74 1.96869e-05
0.06 -1.44 0.000619217
0.06 -1.38 0.000836558
0.06 -1.32 0.00111463
0.06 -1.26 0.00146473
0.06 -1.2 0.00189833
0.06 -1.14 0.00242648
0.06 -1.08 0.00305896
0.06 -1.02 0.00380329
0.06 -0.96 0.0046637
0.06 -0.9 0.00564014
0.06 -0.84 0.00672729
0.06 -0.78 0.00791376
0.06 -0.72 0.00918134
0.06 -0.66 0.0105057
0.06 -0.6 0.0118558
0.06 -0.54 0.0131954
0.06 -0.48 0.0144847
0.06 -0.42 0.0156814
0.06 -0.36 0.0167434
0.06 -0.3 0.0176319
0.06 -0.24 0.0183122
0.06 -0.18 0.018757
0.06 -0.12 0.018949
0.06 -0.06 0.0188796
0.06 9.71445e-15 0.0185518
0.06 0.06 0.0179793
0.06 0.12 0.017185
0.06 0.18 0.0161999
0.06 0.24 0.0150612
0.06 0.3 0.0138104
0.06 0.36 0.0124893
0.06 0.42 0.0111392
0.06 0.48 0.00979853
0.06 0.54 0.00850079
0.06 0.6 0.00727355
0.06 0.66 0.00613794
0.06 0.72 0.00510843
0.06 0.78 0.00419314
0.06 0.84 0.00339457
0.06 0.9 0.00271026
0.06 0.96 0.00213419
0.06 1.02 0.00165745
0.06 1.08 0.00126953
0.06 1.14 0.000959023
0.06 1.2 0.000714501
0.06 1.26 0.000525014
0.06 1.32 0.000380475
0.06 1.38 0.000271938
0.06 1.44 0.00019169
0.06 1.5 0.000133267
0.06 1.56 9.13763e-05
0.06 1.62 6.1792e-05
0.06 1.68 4.12115e-05
0.06 1.74 2.7108e-05
0.06 1.8 1.75859e-05
0.12 -1.5 0.000613894
0.12 -1.44 0.000840918
0.12 -1.38 0.00113607
0.12 -1.32 0.0015137
0.12 -1.26 0.00198914
0.12 -1.2 0.002578
0.12 -1.14 0.00329522
0.12 -1.08 0.00415413
0.12 -1.02 0.00516496
0.12 -0.96 0.00633342
0.12 -0.9 0.00765942
0.12 -0.84 0.0091359
0.12 -0.78 0.0107471
0.12 -0.72 0.0124685
0.12 -0.66 0.014267
0.12 -0.6 0.0161005
0.12 -0.54 0.0179198
0.12 -0.48 0.0196707
0.12 -0.42 0.0212958
0.12 -0.36 0.022738
0.12 -0.3 0.0239447
0.12 -0.24 0.0248683
0.12 -0.18 0.0254727
0.12 -0.12 0.0257333
0.12 -0.06 0.0256392
0.12 9.71445e-15 0.025194
0.12 0.06 0.0244163
0.12 0.12 0.0233375
0.12 0.18 0.0219998
0.12 0.24 0.0204537
0.12 0.3 0.018755
0.12 0.36 0.0169607
0.12 0.42 0.0151273
0.12 0.48 0.0133067
0.12 0.54 0.0115443
0.12 0.6 0.00987767
0.12 0.66 0.00833551
0.12 0.72 0.00693742
0.12 0.78 0.0056944
0.12 0.84 0.00460991
0.12 0.9 0.00368062
0.12 0.96 0.0028983
0.12 1.02 0.00225087
0.12 1.08 0.00172405
0.12 1.14 0.00130238
0.12 1.2 0.000970316
0.12 1.26 0.000712985
0.12 1.32 0.000516697
0.12 1.38 0.000369298
0.12 1.44 0.00026032
0.12 1.5 0.000180981
0.12 1.56 0.000124091
0.12 1.62 8.39152e-05
0.12 1.68 5.59665e-05
0.12 1.74 3.68133e-05
0.12 1.8 2.3882e-05
0.18 -1.56 0.000591996
0.18 -1.5 0.000822229
0.18 -1.44 0.00112629
0.18 -1.38 0.00152159
0.18 -1.32 0.0020274
0.18 -1.26 0.00266416
0.18 -1.2 0.00345288
0.18 -1.14 0.00441353
0.18 -1.08 0.00556389
0.18 -1.02 0.00691773
0.18 -0.96 0.00848275
0.18 -0.9 0.0102588
0.18 -0.84 0.0122363
0.18 -0.78 0.0143941
0.18 -0.72 0.0167
0.18 -0.66 0.0191085
0.18 -0.6 0.0215644
0.18 -0.54 0.0240012
0.18 -0.48 0.0263463
0.18 -0.42 0.0285229
0.18 -0.36 0.0304545
0.18 -0.3 0.0320706
0.18 -0.24 0.0333075
0.18 -0.18 0.0341173
0.18 -0.12 0.034466
0.18 -0.06 0.0343401
0.18 9.71445e-15 0.0337441
0.18 0.06 0.0327025
0.18 0.12 0.0312575
0.18 0.18 0.029466
0.18 0.24 0.0273949
0.18 0.3 0.0251197
0.18 0.36 0.0227165
0.18 0.42 0.020261
0.18 0.48 0.0178225
0.18 0.54 0.0154619
0.18 0.6 0.0132297
0.18 0.66 0.0111643
0.18 0.72 0.00929171
0.18 0.78 0.00762682
0.18 0.84 0.00617431
0.18 0.9 0.00492971
0.18 0.96 0.00388185
0.18 1.02 0.00301475
0.18 1.08 0.00230912
0.18 1.14 0.00174436
0.18 1.2 0.0012996
0.18 1.26 0.000954945
0.18 1.32 0.000692043
0.18 1.38 0.00049462
0.18 1.44 0.000348665
0.18 1.5 0.000242399
0.18 1.56 0.000166203
0.18 1.62 0.000112392
0.18 1.68 7.49596e-05
0.18 1.74 4.93067e-05
0.18 1.8 3.19869e-05
0.24 -1.62 0.000555296
0.24 -1.56 0.000781996
0.24 -1.5 0.00108612
0.24 -1.44 0.00148777
0.24 -1.38 0.00200997
0.24 -1.32 0.00267809
0.24 -1.26 0.00351926
0.24 -1.2 0.00456104
0.24 -1.14 0.00583005
0.24 -1.08 0.00734969
0.24 -1.02 0.00913806
0.24 -0.96 0.0112053
0.24 -0.9 0.0135514
0.24 -0.84 0.0161634
0.24 -0.78 0.0190141
0.24 -0.72 0.0220598
0.24 -0.66 0.0252418
0.24 -0.6 0.0284854
0.24 -0.54 0.0317044
0.24 -0.48 0.0348022
0.24 -0.42 0.0376772
0.24 -0.36 0.0402289
0.24 -0.3 0.0423635
0.24 -0.24 0.0439981
0.24 -0.18 0.0450669
0.24 -0.12 0.0455282
0.24 -0.06 0.0453612
0.24 9.71445e-15 0.0445741
0.24 0.06 0.0431983
0.24 0.12 0.0412899
0.24 0.18 0.0389231
0.24 0.24 0.0361872
0.24 0.3 0.0331818
0.24 0.36 0.0300076
0.24 0.42 0.0267637
0.24 0.48 0.0235427
0.24 0.54 0.0204246
0.24 0.6 0.0174759
0.24 0.66 0.0147474
0.24 0.72 0.0122738
0.24 0.78 0.0100747
0.24 0.84 0.00815602
0.24 0.9 0.0065119
0.24 0.96 0.00512773
0.24 1.02 0.00398232
0.24 1.08 0.00305025
0.24 1.14 0.00230421
0.24 1.2 0.00171671
0.24 1.26 0.00126143
0.24 1.32 0.000914152
0.24 1.38 0.000653376
0.24 1.44 0.000460569
0.24 1.5 0.000320195
0.24 1.56 0.000219547
0.24 1.62 0.000148465
0.24 1.68 9.90177e-05
0.24 1.74 6.51317e-05
0.24 1.8 4.22532e-05
0.24 1.86 2.7034e-05
0.3 -1.68 0.00050665
0.3 -1.62 0.000723433
0.3 -1.56 0.00101879
0.3 -1.5 0.001415
0.3 -1.44 0.00193827
0.3 -1.38 0.00261855
0.3 -1.32 0.00348902
0.3 -1.26 0.00458489
0.3 -1.2 0.00594218
0.3 -1.14 0.00759539
0.3 -1.08 0.00957509
0.3 -1.02 0.0119049
0.3 -0.96 0.014598
0.3 -0.9 0.0176548
0.3 -0.84 0.0210576
0.3 -0.78 0.0247714
0.3 -0.72 0.0287396
0.3 -0.66 0.0328848
0.3 -0.6 0.0371111
0.3 -0.54 0.0413047
0.3 -0.48 0.0453401
0.3 -0.42 0.0490855
0.3 -0.36 0.0524105
0.3 -0.3 0.055191
0.3 -0.24 0.0573202
0.3 -0.18 0.0587135
0.3 -0.12 0.0593133
0.3 -0.06 0.0590964
0.3 9.71445e-15 0.0580707
0.3 0.06 0.0562786
0.3 0.12 0.0537921
0.3 0.18 0.0507085
0.3 0.24 0.047145
0.3 0.3 0.043229
0.3 0.36 0.0390935
0.3 0.42 0.034868
0.3 0.48 0.0306713
0.3 0.54 0.0266091
0.3 0.6 0.0227677
0.3 0.66 0.019213
0.3 0.72 0.0159903
0.3 0.78 0.0131254
0.3 0.84 0.0106255
0.3 0.9 0.0084837
0.3 0.96 0.00668043
0.3 1.02 0.00518815
0.3 1.08 0.00397381
0.3 1.14 0.00300191
0.3 1.2 0.00223654
0.3 1.26 0.0016434
0.3 1.32 0.00119095
0.3 1.38 0.000851213
0.3 1.44 0.000600022
0.3 1.5 0.000417151
0.3 1.56 0.000286023
0.3 1.62 0.000193421
0.3 1.68 0.000129001
0.3 1.74 8.48532e-05
0.3 1.8 5.50468e-05
0.3 1.86 3.52199e-05
0.36 -1.68 0.000650982
0.36 -1.62 0.000929533
0.36 -1.56 0.00130902
0.36 -1.5 0.00181808
0.36 -1.44 0.00249046
0.36 -1.38 0.00336456
0.36 -1.32 0.00448295
0.36 -1.26 0.00589109
0.36 -1.2 0.007635
0.36 -1.14 0.00975923
0.36 -1.08 0.012303
0.36 -1.02 0.0152964
0.36 -0.96 0.0187571
0.36 -0.9 0.0226843
0.36 -0.84 0.0270567
0.36 -0.78 0.0318283
0.36 -0.72 0.0369268
0.36 -0.66 0.0422535
0.36 -0.6 0.0476834
0.36 -0.54 0.0530713
0.36 -0.48 0.0582563
0.36 -0.42 0.0630694
0.36 -0.36 0.067341
0.36 -0.3 0.0709141
0.36 -0.24 0.0736502
0.36 -0.18 0.0754399
0.36 -0.12 0.0762119
0.36 -0.06 0.0759325
0.36 9.71445e-15 0.0746146
0.36 0.06 0.0723121
0.36 0.12 0.0691169
0.36 0.18 0.0651547
0.36 0.24 0.0605756
0.36 0.3 0.0555444
0.36 0.36 0.0502308
0.36 0.42 0.0448012
0.36 0.48 0.0394094
0.36 0.54 0.0341899
0.36 0.6 0.0292538
0.36 0.66 0.0246862
0.36 0.72 0.0205457
0.36 0.78 0.0168646
0.36 0.84 0.0136527
0.36 0.9 0.0109005
0.36 0.96 0.00858362
0.36 1.02 0.00666619
0.36 1.08 0.00510597
0.36 1.14 0.00385714
0.36 1.2 0.00287369
0.36 1.26 0.00211156
0.36 1.32 0.00153024
0.36 1.38 0.00109371
0.36 1.44 0.000770968
0.36 1.5 0.000535987
0.36 1.56 0.000367508
0.36 1.62 0.000248523
0.36 1.68 0.000165749
0.36 1.74 0.000109026
0.36 1.8 7.07291e-05
0.36 1.86 4.52538e-05
0.42 -1.74 0.000569798
0.42 -1.68 0.00082495
0.42 -1.62 0.00117793
0.42 -1.56 0.00165882
0.42 -1.5 0.00230396
0.42 -1.44 0.00315594
0.42 -1.38 0.00426367
0.42 -1.32 0.00568096
0.42 -1.26 0.00746526
0.42 -1.2 0.00967522
0.42 -1.14 0.0123671
0.42 -1.08 0.0155906
0.42 -1.02 0.0193842
0.42 -0.96 0.0237695
0.42 -0.9 0.0287462
0.42 -0.84 0.034287
0.42 -0.78 0.0403338
0.42 -0.72 0.0467949
0.42 -0.66 0.0535443
0.42 -0.6 0.0604252
0.42 -0.54 0.0672537
0.42 -0.48 0.0738248
0.42 -0.42 0.0799236
0.42 -0.36 0.0853365
0.42 -0.3 0.0898641
0.42 -0.24 0.0933313
0.42 -0.18 0.0955992
0.42 -0.12 0.0965771
0.42 -0.06 0.0962235
0.42 9.71445e-15 0.0945538
0.42 0.06 0.0916352
0.42 0.12 0.0875868
0.42 0.18 0.0825664
0.42 0.24 0.076763
0.42 0.3 0.0703871
0.42 0.36 0.0636541
0.42 0.42 0.056773
0.42 0.48 0.0499403
0.42 0.54 0.0433257
0.42 0.6 0.0370709
0.42 0.66 0.0312832
0.42 0.72 0.026036
0.42 0.78 0.021371
0.42 0.84 0.017301
0.42 0.9 0.0138135
0.42 0.96 0.0108772
0.42 1.02 0.00844757
0.42 1.08 0.00647038
0.42 1.14 0.0048878
0.42 1.2 0.00364159
0.42 1.26 0.00267583
0.42 1.32 0.00193915
0.42 1.38 0.00138598
0.42 1.44 0.00097699
0.42 1.5 0.000679221
0.42 1.56 0.000465718
0.42 1.62 0.000314933
0.42 1.68 0.000210044
0.42 1.74 0.000138162
0.42 1.8 8.96303e-05
0.42 1.86 5.73465e-05
0.42 1.92 3.61871e-05
0.48 -1.8 0.000485117
0.48 -1.74 0.000712136
0.48 -1.68 0.00103103
0.48 -1.62 0.00147219
0.48 -1.56 0.00207323
0.48 -1.5 0.00287948
0.48 -1.44 0.00394437
0.48 -1.38 0.0053287
0.48 -1.32 0.00710009
0.48 -1.26 0.00933016
0.48 -1.2 0.0120923
0.48 -1.14 0.0154566
0.48 -1.08 0.0194852
0.48 -1.02 0.0242262
0.48 -0.96 0.0297072
0.48 -0.9 0.0359272
0.48 -0.84 0.0428524
0.48 -0.78 0.0504089
0.48 -0.72 0.0584846
0.48 -0.66 0.0669199
0.48 -0.6 0.0755205
0.48 -0.54 0.0840544
0.48 -0.48 0.0922661
0.48 -0.42 0.099889
0.48 -0.36 0.106655
0.48 -0.3 0.112313
0.48 -0.24 0.116645
0.48 -0.18 0.119482
0.48 -0.12 0.120702
0.48 -0.06 0.120261
0.48 9.71445e-15 0.118174
0.48 0.06 0.114527
0.48 0.12 0.109466
0.48 0.18 0.103191
0.48 0.24 0.0959397
0.48 0.3 0.0879705
0.48 0.36 0.0795547
0.48 0.42 0.0709559
0.48 0.48 0.0624161
0.48 0.54 0.0541491
0.48 0.6 0.0463318
0.48 0.66 0.0390979
0.48 0.72 0.0325401
0.48 0.78 0.0267099
0.48 0.84 0.0216228
0.48 0.9 0.0172642
0.48 0.96 0.0135946
0.48 1.02 0.0105579
0.48 1.08 0.00808672
0.48 1.14 0.00610887
0.48 1.2 0.00455133
0.48 1.26 0.00334427
0.48 1.32 0.00242358
0.48 1.38 0.0017322
0.48 1.44 0.00122105
0.48 1.5 0.000848892
0.48 1.56 0.000582053
0.48 1.62 0.000393607
0.48 1.68 0.000262514
0.48 1.74 0.000172674
0.48 1.8 0.00011202
0.48 1.86 7.16725e-05
0.48 1.92 4.52266e-05
0.54 -1.8 0.00059797
0.54 -1.74 0.000877806
0.54 -1.68 0.00127087
0.54 -1.62 0.00181465
0.54 -1.56 0.00255551
0.54 -1.5 0.00354936
0.54 -1.44 0.00486192
0.54 -1.38 0.00656833
0.54 -1.32 0.0087518
0.54 -1.26 0.0115006
0.54 -1.2 0.0149053
0.54 -1.14 0.0190521
0.54 -1.08 0.024018
0.54 -1.02 0.0298621
0.54 -0.96 0.0366175
0.54 -0.9 0.0442849
0.54 -0.84 0.0528206
0.54 -0.78 0.0621361
0.54 -0.72 0.0720899
0.54 -0.66 0.0824875
0.54 -0.6 0.0930887
0.54 -0.54 0.103608
0.54 -0.48 0.11373
0.54 -0.42 0.123125
0.54 -0.36 0.131466
0.54 -0.3 0.13844
0.54 -0.24 0.143781
0.54 -0.18 0.147276
0.54 -0.12 0.14878
0.54 -0.06 0.148237
0.54 9.71445e-15 0.145664
0.54 0.06 0.141168
0.54 0.12 0.134931
0.54 0.18 0.127197
0.54 0.24 0.118258
0.54 0.3 0.108435
0.54 0.36 0.0980616
0.54 0.42 0.0874623
0.54 0.48 0.0769354
0.54 0.54 0.0667457
0.54 0.6 0.05711
0.54 0.66 0.0481935
0.54 0.72 0.0401098
0.54 0.78 0.0329234
0.54 0.84 0.0266528
0.54 0.9 0.0212804
0.54 0.96 0.016757
0.54 1.02 0.0130138
0.54 1.08 0.00996781
0.54 1.14 0.00752993
0.54 1.2 0.00561009
0.54 1.26 0.00412227
0.54 1.32 0.00298736
0.54 1.38 0.00213517
0.54 1.44 0.00150509
0.54 1.5 0.00104637
0.54 1.56 0.000717457
0.54 1.62 0.000485173
0.54 1.68 0.000323583
0.54 1.74 0.000212845
0.54 1.8 0.000138079
0.54 1.86 8.83451e-05
0.54 1.92 5.5748e-05
0.6 -1.86 0.000488404
0.6 -1.8 0.000726946
0.6 -1.74 0.00106714
0.6 -1.68 0.00154499
0.6 -1.62 0.00220606
0.6 -1.56 0.00310667
0.6 -1.5 0.0043149
0.6 -1.44 0.00591056
0.6 -1.38 0.00798503
0.6 -1.32 0.0106394
0.6 -1.26 0.013981
0.6 -1.2 0.01812
0.6 -1.14 0.0231613
0.6 -1.08 0.0291982
0.6 -1.02 0.0363029
0.6 -0.96 0.0445157
0.6 -0.9 0.0538363
0.6 -0.84 0.0642136
0.6 -0.78 0.0755378
0.6 -0.72 0.0876382
0.6 -0.66 0.100278
0.6 -0.6 0.113166
0.6 -0.54 0.125954
0.6 -0.48 0.13826
0.6 -0.42 0.149683
0.6 -0.36 0.15982
0.6 -0.3 0.1683
0.6 -0.24 0.174791
0.6 -0.18 0.179041
0.6 -0.12 0.180871
0.6 -0.06 0.18021
0.6 9.71445e-15 0.177082
0.6 0.06 0.171616
0.6 0.12 0.164033
0.6 0.18 0.154632
0.6 0.24 0.143763
0.6 0.3 0.131823
0.6 0.36 0.119212
0.6 0.42 0.106326
0.6 0.48 0.0935288
0.6 0.54 0.0811412
0.6 0.6 0.0694273
0.6 0.66 0.058588
0.6 0.72 0.0487611
0.6 0.78 0.0400242
0.6 0.84 0.0324015
0.6 0.9 0.0258702
0.6 0.96 0.0203712
0.6 1.02 0.0158208
0.6 1.08 0.0121178
0.6 1.14 0.00915404
0.6 1.2 0.00682006
0.6 1.26 0.00501137
0.6 1.32 0.00363171
0.6 1.38 0.00259568
0.6 1.44 0.00182972
0.6 1.5 0.00127206
0.6 1.56 0.000872201
0.6 1.62 0.000589815
0.6 1.68 0.000393374
0.6 1.74 0.000258752
0.6 1.8 0.000167861
0.6 1.86 0.0001074
0.6 1.92 6.7772e-05
0.66 -1.86 0.000585584
0.66 -1.8 0.000871592
0.66 -1.74 0.00127946
0.66 -1.68 0.0018524
0.66 -1.62 0.00264501
0.66 -1.56 0.00372484
0.66 -1.5 0.00517345
0.66 -1.44 0.00708661
0.66 -1.38 0.00957387
0.66 -1.32 0.0127563
0.66 -1.26 0.0167629
0.66 -1.2 0.0217255
0.66 -1.14 0.0277699
0.66 -1.08 0.0350079
0.66 -1.02 0.0435263
0.66 -0.96 0.0533735
0.66 -0.9 0.0645482
0.66 -0.84 0.0769906
0.66 -0.78 0.0905676
0.66 -0.72 0.105076
0.66 -0.66 0.120231
0.66 -0.6 0.135683
0.66 -0.54 0.151015
0.66 -0.48 0.16577
0.66 -0.42 0.179466
0.66 -0.36 0.19162
0.66 -0.3 0.201787
0.66 -0.24 0.20957
0.66 -0.18 0.214666
0.66 -0.12 0.21686
0.66 -0.06 0.216067
0.66 9.71445e-15 0.212318
0.66 0.06 0.205764
0.66 0.12 0.196672
0.66 0.18 0.1854
0.66 0.24 0.172369
0.66 0.3 0.158052
0.66 0.36 0.142932
0.66 0.42 0.127482
0.66 0.48 0.112139
0.66 0.54 0.0972865
0.66 0.6 0.0832413
0.66 0.66 0.0702452
0.66 0.72 0.0584632
0.66 0.78 0.0479879
0.66 0.84 0.0388488
0.66 0.9 0.0310176
0.66 0.96 0.0244245
0.66 1.02 0.0189688
0.66 1.08 0.014529
0.66 1.14 0.0109754
0.66 1.2 0.00817708
0.66 1.26 0.00600848
0.66 1.32 0.00435431
0.66 1.38 0.00311213
0.66 1.44 0.0021938
0.66 1.5 0.00152517
0.66 1.56 0.00104575
0.66 1.62 0.000707168
0.66 1.68 0.000471643
0.66 1.74 0.000310237
0.66 1.8 0.000201261
0.66 1.86 0.00012877
0.66 1.92 8.12567e-05
0.72 -1.92 0.000458828
0.72 -1.86 0.000692446
0.72 -1.8 0.00103066
0.72 -1.74 0.00151295
0.72 -1.68 0.00219044
0.72 -1.62 0.0031277
0.72 -1.56 0.0044046
0.72 -1.5 0.00611754
0.72 -1.44 0.00837984
0.72 -1.38 0.0113211
0.72 -1.32 0.0150842
0.72 -1.26 0.0198222
0.72 -1.2 0.0256902
0.72 -1.14 0.0328378
0.72 -1.08 0.0413968
0.72 -1.02 0.0514697
0.72 -0.96 0.063114
0.72 -0.9 0.0763278
0.72 -0.84 0.0910404
0.72 -0.78 0.107096
0.72 -0.72 0.124251
0.72 -0.66 0.142174
0.72 -0.6 0.160443
0.72 -0.54 0.178574
0.72 -0.48 0.196022
0.72 -0.42 0.212217
0.72 -0.36 0.226589
0.72 -0.3 0.238611
0.72 -0.24 0.247817
0.72 -0.18 0.253841
0.72 -0.12 0.256437
0.72 -0.06 0.255497
0.72 9.71445e-15 0.251064
0.72 0.06 0.243315
0.72 0.12 0.232563
0.72 0.18 0.219234
0.72 0.24 0.203825
0.72 0.3 0.186895
0.72 0.36 0.169017
0.72 0.42 0.150746
0.72 0.48 0.132604
0.72 0.54 0.115042
0.72 0.6 0.0984323
0.72 0.66 0.0830638
0.72 0.72 0.069132
0.72 0.78 0.0567455
0.72 0.84 0.0459386
0.72 0.9 0.036678
0.72 0.96 0.028882
0.72 1.02 0.0224305
0.72 1.08 0.0171806
0.72 1.14 0.0129784
0.72 1.2 0.00966932
0.72 1.26 0.00710494
0.72 1.32 0.00514895
0.72 1.38 0.0036801
0.72 1.44 0.00259416
0.72 1.5 0.00180349
0.72 1.56 0.00123659
0.72 1.62 0.000836222
0.72 1.68 0.000557713
0.72 1.74 0.000366852
0.72 1.8 0.00023799
0.72 1.86 0.00015227
0.72 1.92 9.60852e-05
0.78 -1.92 0.000535102
0.78 -1.86 0.00080756
0.78 -1.8 0.00120199
0.78 -1.74 0.00176448
0.78 -1.68 0.00255458
0.78 -1.62 0.00364764
0.78 -1.56 0.00513679
0.78 -1.5 0.00713454
0.78 -1.44 0.00977297
0.78 -1.38 0.0132031
0.78 -1.32 0.0175918
0.78 -1.26 0.0231174
0.78 -1.2 0.029961
0.78 -1.14 0.0382964
0.78 -1.08 0.0482784
0.78 -1.02 0.060026
0.78 -0.96 0.0736057
0.78 -0.9 0.089016
0.78 -0.84 0.106175
0.78 -0.78 0.1249
0.78 -0.72 0.144906
0.78 -0.66 0.165808
0.78 -0.6 0.187117
0.78 -0.54 0.20826
0.78 -0.48 0.228608
0.78 -0.42 0.247494
0.78 -0.36 0.264256
0.78 -0.3 0.27828
0.78 -0.24 0.289014
0.78 -0.18 0.296038
0.78 -0.12 0.299067
0.78 -0.06 0.297973
0.78 9.71445e-15 0.292799
0.78 0.06 0.283762
0.78 0.12 0.271223
0.78 0.18 0.255677
0.78 0.24 0.237708
0.78 0.3 0.217966
0.78 0.36 0.197114
0.78 0.42 0.175807
0.78 0.48 0.154647
0.78 0.54 0.134166
0.78 0.6 0.114796
0.78 0.66 0.0968734
0.78 0.72 0.0806251
0.78 0.78 0.0661791
0.78 0.84 0.0535754
0.78 0.9 0.0427752
0.78 0.96 0.0336834
0.78 1.02 0.0261591
0.78 1.08 0.0200366
0.78 1.14 0.015136
0.78 1.2 0.0112768
0.78 1.26 0.00828615
0.78 1.32 0.00600494
0.78 1.38 0.00429189
0.78 1.44 0.00302539
0.78 1.5 0.00210332
0.78 1.56 0.00144216
0.78 1.62 0.000975243
0.78 1.68 0.000650429
0.78 1.74 0.000427835
0.78 1.8 0.000277552
0.78 1.86 0.000177581
0.78 1.92 0.000112058
0.78 1.98 6.97396e-05
0.84 -1.98 0.000402221
0.84 -1.92 0.000615476
0.84 -1.86 0.000928864
0.84 -1.8 0.00138254
0.84 -1.74 0.00202951
0.84 -1.68 0.00293831
0.84 -1.62 0.00419556
0.84 -1.56 0.00590841
0.84 -1.5 0.00820625
0.84 -1.44 0.0112409
0.84 -1.38 0.0151863
0.84 -1.32 0.0202345
0.84 -1.26 0.0265898
0.84 -1.2 0.0344613
0.84 -1.14 0.0440492
0.84 -1.08 0.0555307
0.84 -1.02 0.0690426
0.84 -0.96 0.084662
0.84 -0.9 0.102388
0.84 -0.84 0.122124
0.84 -0.78 0.143661
0.84 -0.72 0.166674
0.84 -0.66 0.190714
0.84 -0.6 0.215223
0.84 -0.54 0.239545
0.84 -0.48 0.26295
0.84 -0.42 0.284672
0.84 -0.36 0.303952
0.84 -0.3 0.320079
0.84 -0.24 0.332427
0.84 -0.18 0.340506
0.84 -0.12 0.343988
0.84 -0.06 0.342729
0.84 9.71445e-15 0.336782
0.84 0.06 0.326386
0.84 0.12 0.311967
0.84 0.18 0.294085
0.84 0.24 0.273415
0.84 0.3 0.250705
0.84 0.36 0.226723
0.84 0.42 0.202215
0.84 0.48 0.177877
0.84 0.54 0.154318
0.84 0.6 0.132039
0.84 0.66 0.111425
0.84 0.72 0.0927354
0.84 0.78 0.0761194
0.84 0.84 0.0616228
0.84 0.9 0.049201
0.84 0.96 0.0387425
0.84 1.02 0.0300886
0.84 1.08 0.0230462
0.84 1.14 0.0174094
0.84 1.2 0.0129706
0.84 1.26 0.00953081
0.84 1.32 0.00690688
0.84 1.38 0.00493657
0.84 1.44 0.00347984
0.84 1.5 0.00241925
0.84 1.56 0.00165879
0.84 1.62 0.00112173
0.84 1.68 0.000748135
0.84 1.74 0.000492106
0.84 1.8 0.000319245
0.84 1.86 0.000204257
0.84 1.92 0.000128892
0.84 1.98 8.02143e-05
0.9 -1.98 0.000456282
0.9 -1.92 0.0006982
0.9 -1.86 0.00105369
0.9 -1.8 0.00156835
0.9 -1.74 0.00230228
0.9 -1.68 0.00333319
0.9 -1.62 0.0047594
0.9 -1.56 0.0067025
0.9 -1.5 0.00930912
0.9 -1.44 0.0127518
0.9 -1.38 0.0172273
0.9 -1.32 0.0229539
0.9 -1.26 0.0301638
0.9 -1.2 0.0390931
0.9 -1.14 0.0499692
0.9 -1.08 0.062994
0.9 -1.02 0.0783217
0.9 -0.96 0.09604
0.9 -0.9 0.116149
0.9 -0.84 0.138537
0.9 -0.78 0.162969
0.9 -0.72 0.189074
0.9 -0.66 0.216348
0.9 -0.6 0.244151
0.9 -0.54 0.271739
0.9 -0.48 0.298287
0.9 -0.42 0.322927
0.9 -0.36 0.344804
0.9 -0.3 0.363096
0.9 -0.24 0.377107
0.9 -0.18 0.386271
0.9 -0.12 0.39022
0.9 -0.06 0.388791
0.9 9.71445e-15 0.382042
0.9 0.06 0.370252
0.9 0.12 0.353894
0.9 0.18 0.333605
0.9 0.24 0.310162
0.9 0.3 0.2844
0.9 0.36 0.257194
0.9 0.42 0.229394
0.9 0.48 0.201784
0.9 0.54 0.17506
0.9 0.6 0.149787
0.9 0.66 0.1264
0.9 0.72 0.105198
0.9 0.78 0.0863509
0.9 0.84 0.0699045
0.9 0.9 0.0558133
0.9 0.96 0.0439502
0.9 1.02 0.0341323
0.9 1.08 0.0261436
0.9 1.14 0.0197494
0.9 1.2 0.014714
0.9 1.26 0.0108118
0.9 1.32 0.00783517
0.9 1.38 0.00560009
0.9 1.44 0.0039475
0.9 1.5 0.0027444
0.9 1.56 0.00188173
0.9 1.62 0.0012725
0.9 1.68 0.000848683
0.9 1.74 0.000558239
0.9 1.8 0.000362146
0.9 1.86 0.000231708
0.9 1.92 0.000146214
0.9 1.98 9.09961e-05
0.96 -2.04 0.000329024
0.96 -1.98 0.000510484
0.96 -1.92 0.000781154
0.96 -1.86 0.00117889
0.96 -1.8 0.00175468
0.96 -1.74 0.0025758
0.96 -1.68 0.00372921
0.96 -1.62 0.0053249
0.96 -1.56 0.00749882
0.96 -1.5 0.0104151
0.96 -1.44 0.0142667
0.96 -1.38 0.0192741
0.96 -1.32 0.0256808
0.96 -1.26 0.0337473
0.96 -1.2 0.0437374
0.96 -1.14 0.0559063
0.96 -1.08 0.070478
0.96 -1.02 0.0876269
0.96 -0.96 0.107451
0.96 -0.9 0.129948
0.96 -0.84 0.154996
0.96 -0.78 0.182331
0.96 -0.72 0.211537
0.96 -0.66 0.24205
0.96 -0.6 0.273155
0.96 -0.54 0.304022
0.96 -0.48 0.333726
0.96 -0.42 0.361298
0.96 -0.36 0.385767
0.96 -0.3 0.406234
0.96 -0.24 0.421907
0.96 -0.18 0.432163
0.96 -0.12 0.436584
0.96 -0.06 0.434982
0.96 9.71445e-15 0.427435
0.96 0.06 0.414244
0.96 0.12 0.395938
0.96 0.18 0.373244
0.96 0.24 0.347011
0.96 0.3 0.318189
0.96 0.36 0.287749
0.96 0.42 0.256644
0.96 0.48 0.225759
0.96 0.54 0.195858
0.96 0.6 0.167581
0.96 0.66 0.141416
0.96 0.72 0.117697
0.96 0.78 0.0966092
0.96 0.84 0.0782103
0.96 0.9 0.062444
0.96 0.96 0.0491715
0.96 1.02 0.0381878
0.96 1.08 0.0292498
0.96 1.14 0.0220958
0.96 1.2 0.016462
0.96 1.26 0.0120961
0.96 1.32 0.00876606
0.96 1.38 0.00626537
0.96 1.44 0.00441654
0.96 1.5 0.00307043
0.96 1.56 0.00210528
0.96 1.62 0.00142367
0.96 1.68 0.000949502
0.96 1.74 0.000624563
0.96 1.8 0.000405177
0.96 1.86 0.000259239
0.96 1.92 0.000163584
0.96 1.98 0.000101806
1.02 -2.04 0.000363054
1.02 -1.98 0.000563289
1.02 -1.92 0.00086194
1.02 -1.86 0.00130081
1.02 -1.8 0.00193616
1.02 -1.74 0.00284221
1.02 -1.68 0.00411492
1.02 -1.62 0.00587561
1.02 -1.56 0.00827443
1.02 -1.5 0.0114924
1.02 -1.44 0.0157422
1.02 -1.38 0.0212675
1.02 -1.32 0.0283372
1.02 -1.26 0.0372375
1.02 -1.2 0.0482613
1.02 -1.14 0.0616886
1.02 -1.08 0.0777677
1.02 -1.02 0.0966901
1.02 -0.96 0.118563
1.02 -0.9 0.143389
1.02 -0.84 0.171026
1.02 -0.78 0.201188
1.02 -0.72 0.233418
1.02 -0.66 0.267085
1.02 -0.6 0.301409
1.02 -0.54 0.335469
1.02 -0.48 0.368245
1.02 -0.42 0.398665
1.02 -0.36 0.425669
1.02 -0.3 0.44825
1.02 -0.24 0.465546
1.02 -0.18 0.476861
1.02 -0.12 0.481732
1.02 -0.06 0.47997
1.02 9.71445e-15 0.471641
1.02 0.06 0.457087
1.02 0.12 0.436892
1.02 0.18 0.411848
1.02 0.24 0.382904
1.02 0.3 0.351097
1.02 0.36 0.317513
1.02 0.42 0.283191
1.02 0.48 0.249108
1.02 0.54 0.216114
1.02 0.6 0.184914
1.02 0.66 0.156044
1.02 0.72 0.12987
1.02 0.78 0.106601
1.02 0.84 0.0862988
1.02 0.9 0.0689032
1.02 0.96 0.0542569
1.02 1.02 0.0421373
1.02 1.08 0.0322747
1.02 1.14 0.0243808
1.02 1.2 0.0181647
1.02 1.26 0.0133473
1.02 1.32 0.00967264
1.02 1.38 0.00691339
1.02 1.44 0.00487329
1.02 1.5 0.00338802
1.02 1.56 0.00232305
1.02 1.62 0.00157092
1.02 1.68 0.00104772
1.02 1.74 0.000689165
1.02 1.8 0.000447083
1.02 1.86 0.000286051
1.02 1.92 0.000180505
1.02 1.98 0.000112336
1.08 -2.04 0.0003951
1.08 -1.98 0.000613002
1.08 -1.92 0.000938015
1.08 -1.86 0.00141563
1.08 -1.8 0.00210705
1.08 -1.74 0.00309308
1.08 -1.68 0.00447813
1.08 -1.62 0.00639425
1.08 -1.56 0.00900471
1.08 -1.5 0.0125067
1.08 -1.44 0.0171317
1.08 -1.38 0.0231445
1.08 -1.32 0.0308381
1.08 -1.26 0.0405239
1.08 -1.2 0.0525209
1.08 -1.14 0.0671331
1.08 -1.08 0.0846306
1.08 -1.02 0.105223
1.08 -0.96 0.129029
1.08 -0.9 0.156044
1.08 -0.84 0.186123
1.08 -0.78 0.218945
1.08 -0.72 0.254018
1.08 -0.66 0.290655
1.08 -0.6 0.32801
1.08 -0.54 0.365075
1.08 -0.48 0.400746
1.08 -0.42 0.433854
1.08 -0.36 0.463237
1.08 -0.3 0.487816
1.08 -0.24 0.50663
1.08 -0.18 0.51895
1.08 -0.12 0.524253
1.08 -0.06 0.522338
1.08 9.71445e-15 0.513273
1.08 0.06 0.497429
1.08 0.12 0.475448
1.08 0.18 0.448198
1.08 0.24 0.416698
1.08 0.3 0.382088
1.08 0.36 0.345534
1.08 0.42 0.308185
1.08 0.48 0.271094
1.08 0.54 0.235188
1.08 0.6 0.201234
1.08 0.66 0.169816
1.08 0.72 0.141334
1.08 0.78 0.11601
1.08 0.84 0.0939157
1.08 0.9 0.0749842
1.08 0.96 0.0590458
1.08 1.02 0.0458566
1.08 1.08 0.0351234
1.08 1.14 0.0265329
1.08 1.2 0.0197679
1.08 1.26 0.0145254
1.08 1.32 0.0105265
1.08 1.38 0.0075235
1.08 1.44 0.00530345
1.08 1.5 0.00368706
1.08 1.56 0.00252806
1.08 1.62 0.00170957
1.08 1.68 0.00114019
1.08 1.74 0.000749988
1.08 1.8 0.000486544
1.08 1.86 0.000311298
1.08 1.92 0.000196436
1.08 1.98 0.000122251
1.14 -2.1 0.000269561
1.14 -2.04 0.00042406
1.14 -1.98 0.00065794
1.14 -1.92 0.00100678
1.14 -1.86 0.0015194
1.14 -1.8 0.00226148
1.14 -1.74 0.00331978
1.14 -1.68 0.00480636
1.14 -1.62 0.00686295
1.14 -1.56 0.00966482
1.14 -1.5 0.0134234
1.14 -1.44 0.0183876
1.14 -1.38 0.0248409
1.14 -1.32 0.0330987
1.14 -1.26 0.0434947
1.14 -1.2 0.056371
1.14 -1.14 0.0720544
1.14 -1.08 0.0908348
1.14 -1.02 0.112936
1.14 -0.96 0.138487
1.14 -0.9 0.167483
1.14 -0.84 0.199766
1.14 -0.78 0.234993
1.14 -0.72 0.272639
1.14 -0.66 0.311963
1.14 -0.6 0.352056
1.14 -0.54 0.391839
1.14 -0.48 0.43012
1.14 -0.42 0.465655
1.14 -0.36 0.497196
1.14 -0.3 0.523572
1.14 -0.24 0.543769
1.14 -0.18 0.556992
1.14 -0.12 0.562681
1.14 -0.06 0.560626
1.14 9.71445e-15 0.550896
1.14 0.06 0.533893
1.14 0.12 0.510302
1.14 0.18 0.48105
1.14 0.24 0.447245
1.14 0.3 0.410094
1.14 0.36 0.370862
1.14 0.42 0.330777
1.14 0.48 0.290967
1.14 0.54 0.252429
1.14 0.6 0.215987
1.14 0.66 0.182264
1.14 0.72 0.151693
1.14 0.78 0.124514
1.14 0.84 0.100799
1.14 0.9 0.0804809
1.14 0.96 0.0633743
1.14 1.02 0.049218
1.14 1.08 0.037698
1.14 1.14 0.0284779
1.14 1.2 0.0212171
1.14 1.26 0.0155901
1.14 1.32 0.0112981
1.14 1.38 0.00807505
1.14 1.44 0.0056922
1.14 1.5 0.0039573
1.14 1.56 0.00271337
1.14 1.62 0.00183489
1.14 1.68 0.00122377
1.14 1.74 0.000804961
1.14 1.8 0.000522206
1.14 1.86 0.000334118
1.14 1.92 0.000210834
1.14 1.98 0.000131213
1.2 -2.1 0.000285344
1.2 -2.04 0.000448886
1.2 -1.98 0.000696462
1.2 -1.92 0.00106572
1.2 -1.86 0.00160835
1.2 -1.8 0.0023939
1.2 -1.74 0.00351416
1.2 -1.68 0.00508776
1.2 -1.62 0.00726474
1.2 -1.56 0.0102307
1.2 -1.5 0.0142094
1.2 -1.44 0.0194641
1.2 -1.38 0.0262954
1.2 -1.32 0.0350367
1.2 -1.26 0.0460412
1.2 -1.2 0.0596714
1.2 -1.14 0.0762732
1.2 -1.08 0.0961535
1.2 -1.02 0.119549
1.2 -0.96 0.146595
1.2 -0.9 0.177289
1.2 -0.84 0.211461
1.2 -0.78 0.248752
1.2 -0.72 0.288603
1.2 -0.66 0.330229
1.2 -0.6 0.372669
1.2 -0.54 0.414781
1.2 -0.48 0.455305
1.2 -0.42 0.492916
1.2 -0.36 0.526307
1.2 -0.3 0.554224
1.2 -0.24 0.575609
1.2 -0.18 0.589602
1.2 -0.12 0.595625
1.2 -0.06 0.593446
1.2 9.71445e-15 0.583149
1.2 0.06 0.565152
1.2 0.12 0.540182
1.2 0.18 0.509215
1.2 0.24 0.473431
1.2 0.3 0.434102
1.2 0.36 0.392578
1.2 0.42 0.350144
1.2 0.48 0.308003
1.2 0.54 0.267207
1.2 0.6 0.228632
1.2 0.66 0.192936
1.2 0.72 0.160573
1.2 0.78 0.131804
1.2 0.84 0.106701
1.2 0.9 0.0851933
1.2 0.96 0.0670846
1.2 1.02 0.0520995
1.2 1.08 0.0399052
1.2 1.14 0.0301451
1.2 1.2 0.0224593
1.2 1.26 0.0165029
1.2 1.32 0.0119595
1.2 1.38 0.00854784
1.2 1.44 0.00602546
1.2 1.5 0.00418901
1.2 1.56 0.00287225
1.2 1.62 0.00194232
1.2 1.68 0.00129542
1.2 1.74 0.000852096
1.2 1.8 0.000552779
1.2 1.86 0.00035368
1.2 1.92 0.00022318
1.2 1.98 0.000138895
1.26 -2.1 0.000297899
1.26 -2.04 0.000468635
1.26 -1.98 0.000727102
1.26 -1.92 0.00111261
1.26 -1.86 0.00167911
1.26 -1.8 0.00249924
1.26 -1.74 0.00366877
1.26 -1.68 0.00531161
1.26 -1.62 0.00758435
1.26 -1.56 0.0106808
1.26 -1.5 0.0148345
1.26 -1.44 0.0203203
1.26 -1.38 0.0274526
1.26 -1.32 0.0365783
1.26 -1.26 0.0480672
1.26 -1.2 0.0622966
1.26 -1.14 0.079629
1.26 -1.08 0.100384
1.26 -1.02 0.12481
1.26 -0.96 0.153045
1.26 -0.9 0.18509
1.26 -0.84 0.220764
1.26 -0.78 0.259699
1.26 -0.72 0.301301
1.26 -0.66 0.34476
1.26 -0.6 0.389063
1.26 -0.54 0.43303
1.26 -0.48 0.475338
1.26 -0.42 0.514604
1.26 -0.36 0.549462
1.26 -0.3 0.578607
1.26 -0.24 0.600938
1.26 -0.18 0.615542
1.26 -0.12 0.621833
1.26 -0.06 0.619553
1.26 9.71445e-15 0.608804
1.26 0.06 0.590018
1.26 0.12 0.56395
1.26 0.18 0.531621
1.26 0.24 0.49426
1.26 0.3 0.453201
1.26 0.36 0.409853
1.26 0.42 0.365548
1.26 0.48 0.321555
1.26 0.54 0.278966
1.26 0.6 0.23869
1.26 0.66 0.201424
1.26 0.72 0.167638
1.26 0.78 0.137603
1.26 0.84 0.111396
1.26 0.9 0.0889417
1.26 0.96 0.0700362
1.26 1.02 0.0543917
1.26 1.08 0.0416611
1.26 1.14 0.0314714
1.26 1.2 0.0234473
1.26 1.26 0.017229
1.26 1.32 0.0124856
1.26 1.38 0.00892399
1.26 1.44 0.00629057
1.26 1.5 0.0043733
1.26 1.56 0.00299864
1.26 1.62 0.00202778
1.26 1.68 0.00135242
1.26 1.74 0.000889588
1.26 1.8 0.000577103
1.26 1.86 0.000369241
1.26 1.92 0.000232999
1.32 -2.1 0.00030673
1.32 -2.04 0.000482526
1.32 -1.98 0.000748664
1.32 -1.92 0.0011456
1.32 -1.86 0.00172889
1.32 -1.8 0.00257334
1.32 -1.74 0.00377757
1.32 -1.68 0.00546907
1.32 -1.62 0.00780916
1.32 -1.56 0.0109974
1.32 -1.5 0.0152743
1.32 -1.44 0.020923
1.32 -1.38 0.0282665
1.32 -1.32 0.0376624
1.32 -1.26 0.0494925
1.32 -1.2 0.0641436
1.32 -1.14 0.0819895
1.32 -1.08 0.103361
1.32 -1.02 0.12851
1.32 -0.96 0.157582
1.32 -0.9 0.190577
1.32 -0.84 0.227309
1.32 -0.78 0.267399
1.32 -0.72 0.310231
1.32 -0.66 0.354982
1.32 -0.6 0.400601
1.32 -0.54 0.445866
1.32 -0.48 0.489428
1.32 -0.42 0.529856
1.32 -0.36 0.56575
1.32 -0.3 0.595766
1.32 -0.24 0.618756
1.32 -0.18 0.633788
1.32 -0.12 0.640272
1.32 -0.06 0.637925
1.32 9.71445e-15 0.62685
1.32 0.06 0.607509
1.32 0.12 0.580669
1.32 0.18 0.54738
1.32 0.24 0.508911
1.32 0.3 0.466641
1.32 0.36 0.422004
1.32 0.42 0.376387
1.32 0.48 0.331087
1.32 0.54 0.287238
1.32 0.6 0.245769
1.32 0.66 0.207397
1.32 0.72 0.172609
1.32 0.78 0.141684
1.32 0.84 0.114699
1.32 0.9 0.091578
1.32 0.96 0.0721131
1.32 1.02 0.056004
1.32 1.08 0.0428963
1.32 1.14 0.0324047
1.32 1.2 0.0241427
1.32 1.26 0.0177399
1.32 1.32 0.0128559
1.32 1.38 0.0091886
1.32 1.44 0.00647705
1.32 1.5 0.00450298
1.32 1.56 0.00308754
1.32 1.62 0.00208791
1.32 1.68 0.00139251
1.32 1.74 0.000915957
1.32 1.8 0.00059421
1.32 1.86 0.000380187
1.32 1.92 0.000239905
1.38 -2.16 0.000195278
1.38 -2.1 0.000311484
1.38 -2.04 0.00049001
1.38 -1.98 0.000760265
1.38 -1.92 0.00116335
1.38 -1.86 0.00175569
1.38 -1.8 0.00261319
1.38 -1.74 0.00383609
1.38 -1.68 0.00555383
1.38 -1.62 0.00793027
1.38 -1.56 0.0111679
1.38 -1.5 0.015511
1.38 -1.44 0.0212472
1.38 -1.38 0.0287041
1.38 -1.32 0.0382463
1.38 -1.26 0.0502591
1.38 -1.2 0.0651379
1.38 -1.14 0.0832604
1.38 -1.08 0.104962
1.38 -1.02 0.1305
1.38 -0.96 0.160024
1.38 -0.9 0.19353
1.38 -0.84 0.230834
1.38 -0.78 0.27154
1.38 -0.72 0.315041
1.38 -0.66 0.36048
1.38 -0.6 0.406809
1.38 -0.54 0.452779
1.38 -0.48 0.497014
1.38 -0.42 0.538073
1.38 -0.36 0.574521
1.38 -0.3 0.604997
1.38 -0.24 0.628338
1.38 -0.18 0.643616
1.38 -0.12 0.650189
1.38 -0.06 0.647814
1.38 9.71445e-15 0.636571
1.38 0.06 0.616925
1.38 0.12 0.589666
1.38 0.18 0.555861
1.38 0.24 0.516801
1.38 0.3 0.473872
1.38 0.36 0.42854
1.38 0.42 0.382221
1.38 0.48 0.336218
1.38 0.54 0.291687
1.38 0.6 0.249577
1.38 0.66 0.21061
1.38 0.72 0.175284
1.38 0.78 0.143879
1.38 0.84 0.116475
1.38 0.9 0.0929976
1.38 0.96 0.0732304
1.38 1.02 0.0568724
1.38 1.08 0.0435608
1.38 1.14 0.0329068
1.38 1.2 0.0245168
1.38 1.26 0.0180147
1.38 1.32 0.0130551
1.38 1.38 0.00933091
1.38 1.44 0.00657745
1.38 1.5 0.00457275
1.38 1.56 0.00313537
1.38 1.62 0.00212026
1.38 1.68 0.00141409
1.38 1.74 0.000930153
1.38 1.8 0.000603418
1.38 1.86 0.00038608
1.38 1.92 0.000243624
1.44 -2.16 0.000195579
1.44 -2.1 0.00031196
1.44 -2.04 0.000490761
1.44 -1.98 0.000761427
1.44 -1.92 0.00116515
1.44 -1.86 0.00175838
1.44 -1.8 0.00261724
1.44 -1.74 0.00384199
1.44 -1.68 0.00556236
1.44 -1.62 0.00794244
1.44 -1.56 0.011185
1.44 -1.5 0.0155347
1.44 -1.44 0.0212799
1.44 -1.38 0.0287487
1.44 -1.32 0.0383047
1.44 -1.26 0.0503366
1.44 -1.2 0.0652375
1.44 -1.14 0.0833881
1.44 -1.08 0.105123
1.44 -1.02 0.130702
1.44 -0.96 0.160271
1.44 -0.9 0.193826
1.44 -0.84 0.231187
1.44 -0.78 0.271959
1.44 -0.72 0.315522
1.44 -0.66 0.361036
1.44 -0.6 0.407432
1.44 -0.54 0.453469
1.44 -0.48 0.497774
1.44 -0.42 0.5389
1.44 -0.36 0.575397
1.44 -0.3 0.605929
1.44 -0.24 0.629306
1.44 -0.18 0.644599
1.44 -0.12 0.651196
1.44 -0.06 0.648809
1.44 9.71445e-15 0.637548
1.44 0.06 0.617873
1.44 0.12 0.59057
1.44 0.18 0.556719
1.44 0.24 0.51759
1.44 0.3 0.474603
1.44 0.36 0.429198
1.44 0.42 0.382805
1.44 0.48 0.336735
1.44 0.54 0.292137
1.44 0.6 0.24996
1.44 0.66 0.210932
1.44 0.72 0.175554
1.44 0.78 0.1441
1.44 0.84 0.116656
1.44 0.9 0.0931395
1.44 0.96 0.0733431
1.44 1.02 0.0569596
1.44 1.08 0.0436282
1.44 1.14 0.0329575
1.44 1.2 0.0245544
1.44 1.26 0.0180423
1.44 1.32 0.0130752
1.44 1.38 0.00934527
1.44 1.44 0.00658758
1.44 1.5 0.00457978
1.44 1.56 0.00314018
1.44 1.62 0.00212351
1.44 1.68 0.00141625
1.44 1.74 0.000931576
1.44 1.8 0.000604349
1.44 1.86 0.000386673
1.44 1.92 0.000243996
1.5 -2.16 0.000193186
1.5 -2.1 0.000308148
1.5 -2.04 0.000484762
1.5 -1.98 0.000752119
1.5 -1.92 0.00115089
1.5 -1.86 0.00173689
1.5 -1.8 0.00258523
1.5 -1.74 0.00379501
1.5 -1.68 0.00549439
1.5 -1.62 0.00784534
1.5 -1.56 0.0110482
1.5 -1.5 0.015345
1.5 -1.44 0.0210194
1.5 -1.38 0.028397
1.5 -1.32 0.0378367
1.5 -1.26 0.0497204
1.5 -1.2 0.0644396
1.5 -1.14 0.0823681
1.5 -1.08 0.103837
1.5 -1.02 0.129104
1.5 -0.96 0.15831
1.5 -0.9 0.191457
1.5 -0.84 0.228361
1.5 -0.78 0.268633
1.5 -0.72 0.311666
1.5 -0.66 0.356618
1.5 -0.6 0.402448
1.5 -0.54 0.447928
1.5 -0.48 0.491692
1.5 -0.42 0.532312
1.5 -0.36 0.568364
1.5 -0.3 0.598519
1.5 -0.24 0.621609
1.5 -0.18 0.636716
1.5 -0.12 0.643226
1.5 -0.06 0.640874
1.5 9.71445e-15 0.629752
1.5 0.06 0.610313
1.5 0.12 0.58335
1.5 0.18 0.549913
1.5 0.24 0.511262
1.5 0.3 0.468798
1.5 0.36 0.423952
1.5 0.42 0.378124
1.5 0.48 0.332615
1.5 0.54 0.28856
1.5 0.6 0.246902
1.5 0.66 0.208355
1.5 0.72 0.173407
1.5 0.78 0.142337
1.5 0.84 0.115229
1.5 0.9 0.0920015
1.5 0.96 0.0724451
1.5 1.02 0.056263
1.5 1.08 0.0430943
1.5 1.14 0.032554
1.5 1.2 0.024254
1.5 1.26 0.0178218
1.5 1.32 0.0129153
1.5 1.38 0.00923094
1.5 1.44 0.006507
1.5 1.5 0.0045238
1.5 1.56 0.0031018
1.5 1.62 0.00209754
1.5 1.68 0.00139895
1.5 1.74 0.000920194
1.5 1.8 0.00059696
1.5 1.86 0.000381942
1.5 1.92 0.000241016
1.56 -2.16 0.000188201
1.56 -2.1 0.000300194
1.56 -2.04 0.000472251
1.56 -1.98 0.000732712
1.56 -1.92 0.00112119
1.56 -1.86 0.00169206
1.56 -1.8 0.00251848
1.56 -1.74 0.00369706
1.56 -1.68 0.00535255
1.56 -1.62 0.00764286
1.56 -1.56 0.0107631
1.56 -1.5 0.0149489
1.56 -1.44 0.0204772
1.56 -1.38 0.027664
1.56 -1.32 0.0368601
1.56 -1.26 0.0484378
1.56 -1.2 0.0627772
1.56 -1.14 0.0802426
1.56 -1.08 0.101157
1.56 -1.02 0.125771
1.56 -0.96 0.154224
1.56 -0.9 0.186516
1.56 -0.84 0.222468
1.56 -0.78 0.2617
1.56 -0.72 0.303623
1.56 -0.66 0.347417
1.56 -0.6 0.392066
1.56 -0.54 0.436368
1.56 -0.48 0.478999
1.56 -0.42 0.518571
1.56 -0.36 0.553699
1.56 -0.3 0.583072
1.56 -0.24 0.605567
1.56 -0.18 0.620289
1.56 -0.12 0.626629
1.56 -0.06 0.624337
1.56 9.71445e-15 0.6135
1.56 0.06 0.594565
1.56 0.12 0.568293
1.56 0.18 0.535715
1.56 0.24 0.498071
1.56 0.3 0.456699
1.56 0.36 0.413008
1.56 0.42 0.368368
1.56 0.48 0.324032
1.56 0.54 0.281117
1.56 0.6 0.240533
1.56 0.66 0.202978
1.56 0.72 0.168932
1.56 0.78 0.138665
1.56 0.84 0.112255
1.56 0.9 0.089627
1.56 0.96 0.0705766
1.56 1.02 0.0548111
1.56 1.08 0.0419822
1.56 1.14 0.0317143
1.56 1.2 0.0236283
1.56 1.26 0.0173619
1.56 1.32 0.012582
1.56 1.38 0.00899277
1.56 1.44 0.00633905
1.56 1.5 0.00440702
1.56 1.56 0.00302172
1.56 1.62 0.00204342
1.56 1.68 0.00136284
1.56 1.74 0.000896439
1.56 1.8 0.000581548
1.56 1.86 0.000372087
1.56 1.92 0.000234794
1.62 -2.16 0.000180822
1.62 -2.1 0.000288426
1.62 -2.04 0.000453738
1.62 -1.98 0.000703991
1.62 -1.92 0.00107724
1.62 -1.86 0.00162574
1.62 -1.8 0.00241979
1.62 -1.74 0.00355218
1.62 -1.68 0.00514277
1.62 -1.62 0.00734324
1.62 -1.56 0.0103411
1.62 -1.5 0.0143629
1.62 -1.44 0.0196744
1.62 -1.38 0.0265799
1.62 -1.32 0.0354152
1.62 -1.26 0.046539
1.62 -1.2 0.0603158
1.62 -1.14 0.0770965
1.62 -1.08 0.0971924
1.62 -1.02 0.120842
1.62 -0.96 0.148179
1.62 -0.9 0.179204
1.62 -0.84 0.213747
1.62 -0.78 0.251444
1.62 -0.72 0.29172
1.62 -0.66 0.333799
1.62 -0.6 0.376696
1.62 -0.54 0.419261
1.62 -0.48 0.460224
1.62 -0.42 0.498243
1.62 -0.36 0.531991
1.62 -0.3 0.56022
1.62 -0.24 0.581833
1.62 -0.18 0.595967
1.62 -0.12 0.602067
1.62 -0.06 0.599863
1.62 9.71445e-15 0.589448
1.62 0.06 0.571253
1.62 0.12 0.546017
1.62 0.18 0.514718
1.62 0.24 0.478543
1.62 0.3 0.4388
1.62 0.36 0.396822
1.62 0.42 0.353927
1.62 0.48 0.311328
1.62 0.54 0.270096
1.62 0.6 0.231103
1.62 0.66 0.195022
1.62 0.72 0.162311
1.62 0.78 0.133229
1.62 0.84 0.107856
1.62 0.9 0.0861134
1.62 0.96 0.0678097
1.62 1.02 0.0526621
1.62 1.08 0.0403366
1.62 1.14 0.030471
1.62 1.2 0.022702
1.62 1.26 0.0166813
1.62 1.32 0.0120888
1.62 1.38 0.00864029
1.62 1.44 0.00609055
1.62 1.5 0.00423431
1.62 1.56 0.0029033
1.62 1.62 0.00196332
1.62 1.68 0.00130942
1.62 1.74 0.0008613
1.62 1.8 0.000558755
1.62 1.86 0.000357497
1.68 -2.16 0.000171348
1.68 -2.1 0.00027331
1.68 -2.04 0.000429961
1.68 -1.98 0.000667094
1.68 -1.92 0.0010208
1.68 -1.86 0.00154054
1.68 -1.8 0.00229298
1.68 -1.74 0.00336601
1.68 -1.68 0.00487325
1.68 -1.62 0.00695843
1.68 -1.56 0.00979923
1.68 -1.5 0.0136102
1.68 -1.44 0.0186435
1.68 -1.38 0.025187
1.68 -1.32 0.033559
1.68 -1.26 0.0441003
1.68 -1.2 0.0571553
1.68 -1.14 0.0730568
1.68 -1.08 0.0920991
1.68 -1.02 0.114509
1.68 -0.96 0.140415
1.68 -0.9 0.169812
1.68 -0.84 0.202546
1.68 -0.78 0.238266
1.68 -0.72 0.27643
1.68 -0.66 0.316307
1.68 -0.6 0.356955
1.68 -0.54 0.397288
1.68 -0.48 0.436103
1.68 -0.42 0.472133
1.68 -0.36 0.504112
1.68 -0.3 0.530862
1.68 -0.24 0.551339
1.68 -0.18 0.56474
1.68 -0.12 0.570519
1.68 -0.06 0.568429
1.68 9.71445e-15 0.55856
1.68 0.06 0.541323
1.68 0.12 0.517402
1.68 0.18 0.487745
1.68 0.24 0.453466
1.68 0.3 0.415804
1.68 0.36 0.376024
1.68 0.42 0.33538
1.68 0.48 0.295016
1.68 0.54 0.255944
1.68 0.6 0.218993
1.68 0.66 0.1848
1.68 0.72 0.153805
1.68 0.78 0.126247
1.68 0.84 0.102203
1.68 0.9 0.0816
1.68 0.96 0.0642566
1.68 1.02 0.0499026
1.68 1.08 0.0382231
1.68 1.14 0.0288744
1.68 1.2 0.0215123
1.68 1.26 0.015807
1.68 1.32 0.0114554
1.68 1.38 0.00818747
1.68 1.44 0.00577142
1.68 1.5 0.0040124
1.68 1.56 0.00275113
1.68 1.62 0.00186043
1.68 1.68 0.00124079
1.68 1.74 0.00081616
1.68 1.8 0.000529475
1.68 1.86 0.000338766
1.74 -2.16 0.000160136
1.74 -2.1 0.000255428
1.74 -2.04 0.000401828
1.74 -1.98 0.00062345
1.74 -1.92 0.000954005
1.74 -1.86 0.00143974
1.74 -1.8 0.00214294
1.74 -1.74 0.00314576
1.74 -1.68 0.00455437
1.74 -1.62 0.00650313
1.74 -1.56 0.00915811
1.74 -1.5 0.0127197
1.74 -1.44 0.0174237
1.74 -1.38 0.0235389
1.74 -1.32 0.0313635
1.74 -1.26 0.041215
1.74 -1.2 0.0534158
1.74 -1.14 0.0682768
1.74 -1.08 0.0860734
1.74 -1.02 0.107016
1.74 -0.96 0.131227
1.74 -0.9 0.158702
1.74 -0.84 0.189293
1.74 -0.78 0.222676
1.74 -0.72 0.258345
1.74 -0.66 0.295612
1.74 -0.6 0.333601
1.74 -0.54 0.371296
1.74 -0.48 0.40757
1.74 -0.42 0.44124
1.74 -0.36 0.47113
1.74 -0.3 0.496125
1.74 -0.24 0.515268
1.74 -0.18 0.52779
1.74 -0.12 0.533189
1.74 -0.06 0.531236
1.74 9.71445e-15 0.522013
1.74 0.06 0.505904
1.74 0.12 0.483551
1.74 0.18 0.455829
1.74 0.24 0.423797
1.74 0.3 0.388597
1.74 0.36 0.351422
1.74 0.42 0.313437
1.74 0.48 0.275713
1.74 0.54 0.239198
1.74 0.6 0.204665
1.74 0.66 0.17271
1.74 0.72 0.143741
1.74 0.78 0.117988
1.74 0.84 0.0955158
1.74 0.9 0.0762615
1.74 0.96 0.0600524
1.74 1.02 0.0466375
1.74 1.08 0.0357221
1.74 1.14 0.0269852
1.74 1.2 0.0201049
1.74 1.26 0.0147729
1.74 1.32 0.0107058
1.74 1.38 0.0076518
1.74 1.44 0.00539378
1.74 1.5 0.00374985
1.74 1.56 0.00257114
1.74 1.62 0.00173871
1.74 1.68 0.00115961
1.74 1.74 0.000762759
1.74 1.8 0.000494828
1.74 1.86 0.000316601
1.8 -2.16 0.000147601
1.8 -2.1 0.000235436
1.8 -2.04 0.000370374
1.8 -1.98 0.000574651
1.8 -1.92 0.000879325
1.8 -1.86 0.00132704
1.8 -1.8 0.0019752
1.8 -1.74 0.00289954
1.8 -1.68 0.00419789
1.8 -1.62 0.0059941
1.8 -1.56 0.00844129
1.8 -1.5 0.0117241
1.8 -1.44 0.0160598
1.8 -1.38 0.0216963
1.8 -1.32 0.0289086
1.8 -1.26 0.0379888
1.8 -1.2 0.0492347
1.8 -1.14 0.0629324
1.8 -1.08 0.0793357
1.8 -1.02 0.0986396
1.8 -0.96 0.120954
1.8 -0.9 0.14628
1.8 -0.84 0.174476
1.8 -0.78 0.205246
1.8 -0.72 0.238125
1.8 -0.66 0.272472
1.8 -0.6 0.307489
1.8 -0.54 0.342234
1.8 -0.48 0.37567
1.8 -0.42 0.406702
1.8 -0.36 0.434254
1.8 -0.3 0.45729
1.8 -0.24 0.474934
1.8 -0.18 0.486478
1.8 -0.12 0.49145
1.8 -0.06 0.489652
1.8 9.71445e-15 0.481153
1.8 0.06 0.466303
1.8 0.12 0.4457
1.8 0.18 0.420149
1.8 0.24 0.390626
1.8 0.3 0.358178
1.8 0.36 0.323914
1.8 0.42 0.288903
1.8 0.48 0.25413
1.8 0.54 0.220474
1.8 0.6 0.188645
1.8 0.66 0.159191
1.8 0.72 0.132489
1.8 0.78 0.108752
1.8 0.84 0.0880387
1.8 0.9 0.0702925
1.8 0.96 0.0553517
1.8 1.02 0.0429871
1.8 1.08 0.0329257
1.8 1.14 0.0248728
1.8 1.2 0.0185312
1.8 1.26 0.0136166
1.8 1.32 0.00986777
1.8 1.38 0.00705285
1.8 1.44 0.00497156
1.8 1.5 0.00345634
1.8 1.56 0.00236988
1.8 1.62 0.00160261
1.8 1.68 0.00106885
1.8 1.74 0.000703059
1.8 1.8 0.000456094
1.8 1.86 0.000291819
1.86 -2.16 0.000134178
1.86 -2.1 0.000214025
1.86 -2.04 0.000336691
1.86 -1.98 0.000522388
1.86 -1.92 0.000799353
1.86 -1.86 0.00120636
1.86 -1.8 0.00179557
1.86 -1.74 0.00263583
1.86 -1.68 0.00381612
1.86 -1.62 0.00544898
1.86 -1.56 0.00767362
1.86 -1.5 0.0106579
1.86 -1.44 0.0145992
1.86 -1.38 0.0197231
1.86 -1.32 0.0262796
1.86 -1.26 0.0345336
1.86 -1.2 0.0447571
1.86 -1.14 0.0572093
1.86 -1.08 0.0721207
1.86 -1.02 0.0896689
1.86 -0.96 0.109954
1.86 -0.9 0.132977
1.86 -0.84 0.158608
1.86 -0.78 0.186579
1.86 -0.72 0.216469
1.86 -0.66 0.247691
1.86 -0.6 0.279524
1.86 -0.54 0.31111
1.86 -0.48 0.341506
1.86 -0.42 0.369716
1.86 -0.36 0.394761
1.86 -0.3 0.415701
1.86 -0.24 0.431741
1.86 -0.18 0.442236
1.86 -0.12 0.446753
1.86 -0.06 0.44512
1.86 9.71445e-15 0.437396
1.86 0.06 0.423897
1.86 0.12 0.405168
1.86 0.18 0.381941
1.86 0.24 0.355101
1.86 0.3 0.325603
1.86 0.36 0.294457
1.86 0.42 0.262629
1.86 0.48 0.23102
1.86 0.54 0.200421
1.86 0.6 0.171488
1.86 0.66 0.144713
1.86 0.72 0.12044
1.86 0.78 0.098861
1.86 0.84 0.080032
1.86 0.9 0.0639
1.86 0.96 0.0503174
1.86 1.02 0.0390777
1.86 1.08 0.0299312
1.86 1.14 0.0226106
1.86 1.2 0.0168458
1.86 1.26 0.0123782
1.86 1.32 0.00897031
1.86 1.38 0.00641138
1.86 1.44 0.00451945
1.86 1.5 0.003142
1.86 1.56 0.00215436
1.86 1.62 0.00145686
1.86 1.68 0.000971644
1.86 1.74 0.000639122
1.86 1.8 0.000414617
1.92 -2.16 0.000120299
1.92 -2.1 0.000191886
1.92 -2.04 0.000301863
1.92 -1.98 0.00046835
1.92 -1.92 0.000716673
1.92 -1.86 0.00108157
1.92 -1.8 0.00160983
1.92 -1.74 0.00236317
1.92 -1.68 0.00342134
1.92 -1.62 0.00488533
1.92 -1.56 0.00687983
1.92 -1.5 0.00955532
1.92 -1.44 0.013089
1.92 -1.38 0.017683
1.92 -1.32 0.0235611
1.92 -1.26 0.0309617
1.92 -1.2 0.0401271
1.92 -1.14 0.0512915
1.92 -1.08 0.0646607
1.92 -1.02 0.0803937
1.92 -0.96 0.0985813
1.92 -0.9 0.119222
1.92 -0.84 0.142201
1.92 -0.78 0.16728
1.92 -0.72 0.194076
1.92 -0.66 0.222071
1.92 -0.6 0.250608
1.92 -0.54 0.278927
1.92 -0.48 0.306179
1.92 -0.42 0.331472
1.92 -0.36 0.353924
1.92 -0.3 0.3727
1.92 -0.24 0.387083
1.92 -0.18 0.396489
1.92 -0.12 0.400545
1.92 -0.06 0.399075
1.92 9.71445e-15 0.392151
1.92 0.06 0.38005
1.92 0.12 0.363258
1.92 0.18 0.342432
1.92 0.24 0.318367
1.92 0.3 0.291922
1.92 0.36 0.263998
1.92 0.42 0.235461
1.92 0.48 0.207124
1.92 0.54 0.179691
1.92 0.6 0.153749
1.92 0.66 0.129743
1.92 0.72 0.107981
1.92 0.78 0.088635
1.92 0.84 0.0717539
1.92 0.9 0.0572899
1.92 0.96 0.0451128
1.92 1.02 0.0350354
1.92 1.08 0.0268353
1.92 1.14 0.0202719
1.92 1.2 0.0151032
1.92 1.26 0.0110977
1.92 1.32 0.00804244
1.92 1.38 0.00574823
1.92 1.44 0.00405196
1.92 1.5 0.00281697
1.92 1.56 0.00193151
1.92 1.62 0.00130616
1.92 1.68 0.00087113
1.92 1.74 0.000573009
1.92 1.8 0.000371729
1.98 -2.16 0.000106372
1.98 -2.1 0.000169671
1.98 -2.04 0.00026692
1.98 -1.98 0.000414132
1.98 -1.92 0.000633704
1.98 -1.86 0.00095637
1.98 -1.8 0.00142347
1.98 -1.74 0.00208961
1.98 -1.68 0.00302531
1.98 -1.62 0.00431981
1.98 -1.56 0.0060834
1.98 -1.5 0.00844919
1.98 -1.44 0.0115739
1.98 -1.38 0.0156359
1.98 -1.32 0.0208335
1.98 -1.26 0.0273773
1.98 -1.2 0.0354821
1.98 -1.14 0.0453537
1.98 -1.08 0.0571747
1.98 -1.02 0.0710861
1.98 -0.96 0.0871686
1.98 -0.9 0.10542
1.98 -0.84 0.125741
1.98 -0.78 0.147914
1.98 -0.72 0.171609
1.98 -0.66 0.196362
1.98 -0.6 0.221598
1.98 -0.54 0.246638
1.98 -0.48 0.270733
1.98 -0.42 0.293101
1.98 -0.36 0.312954
1.98 -0.3 0.329558
1.98 -0.24 0.342269
1.98 -0.18 0.350592
1.98 -0.12 0.354175
1.98 -0.06 0.35288
1.98 9.71445e-15 0.346755
1.98 0.06 0.336052
1.98 0.12 0.321202
1.98 0.18 0.302791
1.98 0.24 0.281513
1.98 0.3 0.25813
1.98 0.36 0.233434
1.98 0.42 0.208204
1.98 0.48 0.183145
1.98 0.54 0.158889
1.98 0.6 0.13595
1.98 0.66 0.114724
1.98 0.72 0.0954818
1.98 0.78 0.0783742
1.98 0.84 0.0634472
1.98 0.9 0.0506576
1.98 0.96 0.0398903
1.98 1.02 0.0309797
1.98 1.08 0.0237286
1.98 1.14 0.0179251
1.98 1.2 0.0133549
1.98 1.26 0.00981299
1.98 1.32 0.00711146
1.98 1.38 0.00508275
1.98 1.44 0.00358289
1.98 1.5 0.00249089
1.98 1.56 0.00170789
1.98 1.62 0.00115495
1.98 1.68 0.000770286
1.98 1.74 0.000506672
2.04 -2.16 9.27652e-05
2.04 -2.1 0.000147968
2.04 -2.04 0.000232775
2.04 -1.98 0.000361156
2.04 -1.92 0.000552643
2.04 -1.86 0.000834026
2.04 -1.8 0.00124139
2.04 -1.74 0.00182232
2.04 -1.68 0.00263831
2.04 -1.62 0.00376721
2.04 -1.56 0.00530516
2.04 -1.5 0.00736838
2.04 -1.44 0.0100933
2.04 -1.38 0.0136359
2.04 -1.32 0.0181685
2.04 -1.26 0.0238751
2.04 -1.2 0.0309428
2.04 -1.14 0.0395519
2.04 -1.08 0.0498612
2.04 -1.02 0.0619939
2.04 -0.96 0.0760187
2.04 -0.9 0.0919347
2.04 -0.84 0.109655
2.04 -0.78 0.128995
2.04 -0.72 0.149657
2.04 -0.66 0.171243
2.04 -0.6 0.193249
2.04 -0.54 0.215086
2.04 -0.48 0.236102
2.04 -0.42 0.255608
2.04 -0.36 0.272917
2.04 -0.3 0.287401
2.04 -0.24 0.298489
2.04 -0.18 0.305741
2.04 -0.12 0.308871
2.04 -0.06 0.307738
2.04 9.71445e-15 0.302397
2.04 0.06 0.293064
2.04 0.12 0.280116
2.04 0.18 0.26406
2.04 0.24 0.245499
2.04 0.3 0.225111
2.04 0.36 0.203576
2.04 0.42 0.181568
2.04 0.48 0.159717
2.04 0.54 0.138564
2.04 0.6 0.118559
2.04 0.66 0.100049
2.04 0.72 0.0832676
2.04 0.78 0.0683482
2.04 0.84 0.0553317
2.04 0.9 0.0441775
2.04 0.96 0.0347874
2.04 1.02 0.0270166
2.04 1.08 0.0206934
2.04 1.14 0.0156321
2.04 1.2 0.0116464
2.04 1.26 0.00855774
2.04 1.32 0.00620176
2.04 1.38 0.00443259
2.04 1.44 0.00312457
2.04 1.5 0.00217226
2.04 1.56 0.00148944
2.04 1.62 0.00100721
2.04 1.68 0.000671748
2.04 1.74 0.000441862
2.1 -2.16 7.97872e-05
2.1 -2.1 0.000127267
2.1 -2.04 0.000200208
2.1 -1.98 0.000310629
2.1 -1.92 0.000475324
2.1 -1.86 0.00071734
2.1 -1.8 0.00106771
2.1 -1.74 0.00156735
2.1 -1.68 0.0022692
2.1 -1.62 0.00324015
2.1 -1.56 0.004563
2.1 -1.5 0.00633753
2.1 -1.44 0.00868119
2.1 -1.38 0.0117281
2.1 -1.32 0.0156268
2.1 -1.26 0.0205349
2.1 -1.2 0.0266141
2.1 -1.14 0.0340187
2.1 -1.08 0.0428856
2.1 -1.02 0.0533203
2.1 -0.96 0.0653829
2.1 -0.9 0.0790731
2.1 -0.84 0.0943139
2.1 -0.78 0.110946
2.1 -0.72 0.12872
2.1 -0.66 0.147286
2.1 -0.6 0.166214
2.1 -0.54 0.184997
2.1 -0.48 0.203071
2.1 -0.42 0.219846
2.1 -0.36 0.234738
2.1 -0.3 0.24719
2.1 -0.24 0.256729
2.1 -0.18 0.262969
2.1 -0.12 0.265656
2.1 -0.06 0.264683
2.1 9.71445e-15 0.260091
2.1 0.06 0.252064
2.1 0.12 0.240927
2.1 0.18 0.227116
2.1 0.24 0.211155
2.1 0.3 0.193614
2.1 0.36 0.175094
2.1 0.42 0.156168
2.1 0.48 0.137373
2.1 0.54 0.119178
2.1 0.6 0.101972
2.1 0.66 0.0860514
2.1 0.72 0.0716174
2.1 0.78 0.058786
2.1 0.84 0.0475899
2.1 0.9 0.0379972
2.1 0.96 0.0299204
2.1 1.02 0.023237
2.1 1.08 0.0177982
2.1 1.14 0.013445
2.1 1.2 0.0100171
2.1 1.26 0.00736048
2.1 1.32 0.00533404
2.1 1.38 0.00381244
2.1 1.44 0.00268742
2.1 1.5 0.00186834
2.1 1.56 0.00128106
2.1 1.62 0.000866296
2.1 1.68 0.000577773
2.1 1.74 0.000380044
2.16 -2.16 6.76809e-05
2.16 -2.1 0.000107956
2.16 -2.04 0.000169832
2.16 -1.98 0.000263498
2.16 -1.92 0.000403202
2.16 -1.86 0.000608506
2.16 -1.8 0.000905705
2.16 -1.74 0.00132955
2.16 -1.68 0.00192491
2.16 -1.62 0.00274855
2.16 -1.56 0.00387064
2.16 -1.5 0.00537596
2.16 -1.44 0.00736403
2.16 -1.38 0.00994862
2.16 -1.32 0.0132557
2.16 -1.26 0.0174191
2.16 -1.2 0.0225759
2.16 -1.14 0.0288569
2.16 -1.08 0.0363781
2.16 -1.02 0.0452299
2.16 -0.96 0.0554625
2.16 -0.9 0.0670748
2.16 -0.84 0.0800043
2.16 -0.78 0.0941131
2.16 -0.72 0.109189
2.16 -0.66 0.124937
2.16 -0.6 0.140994
2.16 -0.54 0.156926
2.16 -0.48 0.172259
2.16 -0.42 0.186491
2.16 -0.36 0.199121
2.16 -0.3 0.209687
2.16 -0.24 0.217773
2.16 -0.18 0.223069
2.16 -0.12 0.225349
2.16 -0.06 0.224525
2.16 9.71445e-15 0.220628
2.16 0.06 0.213818
2.16 0.12 0.20437
2.16 0.18 0.192656
2.16 0.24 0.179116
2.16 0.3 0.16424
2.16 0.36 0.148526
2.16 0.42 0.132472
2.16 0.48 0.116528
2.16 0.54 0.101095
2.16 0.6 0.0864999
2.16 0.66 0.0729951
2.16 0.72 0.0607518
2.16 0.78 0.0498665
2.16 0.84 0.0403693
2.16 0.9 0.0322317
2.16 0.96 0.0253807
2.16 1.02 0.0197113
2.16 1.08 0.0150977
2.16 1.14 0.0114051
2.16 1.2 0.00849718
2.16 1.26 0.00624369
2.16 1.32 0.00452477
2.16 1.38 0.00323397
2.16 1.44 0.00227967
2.16 1.5 0.00158487
2.16 1.56 0.00108668
2.16 1.62 0.000734854
2.16 1.68 0.000490106
2.22 -2.16 5.66227e-05
2.22 -2.1 9.03174e-05
2.22 -2.04 0.000142083
2.22 -1.98 0.000220446
2.22 -1.92 0.000337326
2.22 -1.86 0.00050908
2.22 -1.8 0.000757719
2.22 -1.74 0.00111231
2.22 -1.68 0.00161039
2.22 -1.62 0.00229946
2.22 -1.56 0.00323824
2.22 -1.5 0.00449757
2.22 -1.44 0.00616085
2.22 -1.38 0.00832309
2.22 -1.32 0.0110899
2.22 -1.26 0.0145732
2.22 -1.2 0.0188874
2.22 -1.14 0.0241421
2.22 -1.08 0.0304346
2.22 -1.02 0.0378398
2.22 -0.96 0.0464004
2.22 -0.9 0.0561157
2.22 -0.84 0.0669324
2.22 -0.78 0.0787359
2.22 -0.72 0.0913489
2.22 -0.66 0.104525
2.22 -0.6 0.117958
2.22 -0.54 0.131287
2.22 -0.48 0.144113
2.22 -0.42 0.156019
2.22 -0.36 0.166588
2.22 -0.3 0.175425
2.22 -0.24 0.182193
2.22 -0.18 0.186622
2.22 -0.12 0.18853
2.22 -0.06 0.18784
2.22 9.71445e-15 0.18458
2.22 0.06 0.178883
2.22 0.12 0.170979
2.22 0.18 0.161177
2.22 0.24 0.149851
2.22 0.3 0.137404
2.22 0.36 0.124259
2.22 0.42 0.110829
2.22 0.48 0.0974893
2.22 0.54 0.0845778
2.22 0.6 0.0723675
2.22 0.66 0.0610685
2.22 0.72 0.0508255
2.22 0.78 0.0417193
2.22 0.84 0.0337733
2.22 0.9 0.0269655
2.22 0.96 0.0212339
2.22 1.02 0.0164907
2.22 1.08 0.0126309
2.22 1.14 0.00954169
2.22 1.2 0.00710889
2.22 1.26 0.00522355
2.22 1.32 0.00378547
2.22 1.38 0.0027056
2.22 1.44 0.00190719
2.22 1.5 0.00132591
2.22 1.56 0.000909125
2.22 1.62 0.000614791
2.22 1.68 0.00041003
2.28 -2.16 4.67199e-05
2.28 -2.1 7.45221e-05
2.28 -2.04 0.000117234
2.28 -1.98 0.000181893
2.28 -1.92 0.00027833
2.28 -1.86 0.000420048
2.28 -1.8 0.000625208
2.28 -1.74 0.000917789
2.28 -1.68 0.00132876
2.28 -1.62 0.0018973
2.28 -1.56 0.0026719
2.28 -1.5 0.00371102
2.28 -1.44 0.00508337
2.28 -1.38 0.00686753
2.28 -1.32 0.00915041
2.28 -1.26 0.0120245
2.28 -1.2 0.0155842
2.28 -1.14 0.0199199
2.28 -1.08 0.0251119
2.28 -1.02 0.0312223
2.28 -0.96 0.0382853
2.28 -0.9 0.0463018
2.28 -0.84 0.0552264
2.28 -0.78 0.0649664
2.28 -0.72 0.0753732
2.28 -0.66 0.0862449
2.28 -0.6 0.0973288
2.28 -0.54 0.108327
2.28 -0.48 0.11891
2.28 -0.42 0.128733
2.28 -0.36 0.137453
2.28 -0.3 0.144746
2.28 -0.24 0.15033
2.28 -0.18 0.153984
2.28 -0.12 0.155557
2.28 -0.06 0.154989
2.28 9.71445e-15 0.152298
2.28 0.06 0.147598
2.28 0.12 0.141077
2.28 0.18 0.13299
2.28 0.24 0.123644
2.28 0.3 0.113374
2.28 0.36 0.102528
2.28 0.42 0.091446
2.28 0.48 0.0804393
2.28 0.54 0.069786
2.28 0.6 0.0597113
2.28 0.66 0.0503886
2.28 0.72 0.0419367
2.28 0.78 0.034423
2.28 0.84 0.0278669
2.28 0.9 0.0222496
2.28 0.96 0.0175203
2.28 1.02 0.0136066
2.28 1.08 0.0104219
2.28 1.14 0.00787292
2.28 1.2 0.00586562
2.28 1.26 0.00431003
2.28 1.32 0.00312343
2.28 1.38 0.00223242
2.28 1.44 0.00157363
2.28 1.5 0.00109403
2.28 1.56 0.000750133
2.28 1.62 0.000507273
2.34 -2.1 6.0644e-05
2.34 -2.04 9.54022e-05
2.34 -1.98 0.000148019
2.34 -1.92 0.000226496
2.34 -1.86 0.000341825
2.34 -1.8 0.000508775
2.34 -1.74 0.00074687
2.34 -1.68 0.00108131
2.34 -1.62 0.00154398
2.34 -1.56 0.00217431
2.34 -1.5 0.00301992
2.34 -1.44 0.00413668
2.34 -1.38 0.00558859
2.34 -1.32 0.00744633
2.34 -1.26 0.00978511
2.34 -1.2 0.0126819
2.34 -1.14 0.0162102
2.34 -1.08 0.0204353
2.34 -1.02 0.0254077
2.34 -0.96 0.0311557
2.34 -0.9 0.0376791
2.34 -0.84 0.0449419
2.34 -0.78 0.0528677
2.34 -0.72 0.0613365
2.34 -0.66 0.0701831
2.34 -0.6 0.079203
2.34 -0.54 0.0881531
2.34 -0.48 0.096766
2.34 -0.42 0.10476
2.34 -0.36 0.111855
2.34 -0.3 0.11779
2.34 -0.24 0.122334
2.34 -0.18 0.125307
2.34 -0.12 0.126588
2.34 -0.06 0.126126
2.34 9.71445e-15 0.123936
2.34 0.06 0.12011
2.34 0.12 0.114804
2.34 0.18 0.108224
2.34 0.24 0.100617
2.34 0.3 0.0922607
2.34 0.36 0.0834342
2.34 0.42 0.0744158
2.34 0.48 0.0654591
2.34 0.54 0.0567894
2.34 0.6 0.0485911
2.34 0.66 0.0410047
2.34 0.72 0.034127
2.34 0.78 0.0280123
2.34 0.84 0.0226772
2.34 0.9 0.0181061
2.34 0.96 0.0142574
2.34 1.02 0.0110727
2.34 1.08 0.00848101
2.34 1.14 0.00640674
2.34 1.2 0.00477325
2.34 1.26 0.00350737
2.34 1.32 0.00254176
2.34 1.38 0.00181667
2.34 1.44 0.00128059
2.34 1.5 0.000890295
2.34 1.56 0.000610437
2.4 -2.1 4.8672e-05
2.4 -2.04 7.65685e-05
2.4 -1.98 0.000118797
2.4 -1.92 0.000181783
2.4 -1.86 0.000274343
2.4 -1.8 0.000408338
2.4 -1.74 0.000599424
2.4 -1.68 0.000867841
2.4 -1.62 0.00123918
2.4 -1.56 0.00174507
2.4 -1.5 0.00242374
2.4 -1.44 0.00332003
2.4 -1.38 0.00448533
2.4 -1.32 0.00597631
2.4 -1.26 0.00785336
2.4 -1.2 0.0101783
2.4 -1.14 0.0130101
2.4 -1.08 0.0164012
2.4 -1.02 0.020392
2.4 -0.96 0.0250052
2.4 -0.9 0.0302407
2.4 -0.84 0.0360697
2.4 -0.78 0.0424307
2.4 -0.72 0.0492278
2.4 -0.66 0.0563279
2.4 -0.6 0.0635668
2.4 -0.54 0.0707503
2.4 -0.48 0.077663
2.4 -0.42 0.0840789
2.4 -0.36 0.0897732
2.4 -0.3 0.0945364
2.4 -0.24 0.0981835
2.4 -0.18 0.10057
2.4 -0.12 0.101598
2.4 -0.06 0.101226
2.4 9.71445e-15 0.0994698
2.4 0.06 0.0963994
2.4 0.12 0.0921404
2.4 0.18 0.0868591
2.4 0.24 0.0807539
2.4 0.3 0.0740468
2.4 0.36 0.0669634
2.4 0.42 0.0597247
2.4 0.48 0.0525366
2.4 0.54 0.0455782
2.4 0.6 0.0389982
2.4 0.66 0.0329097
2.4 0.72 0.0273897
2.4 0.78 0.0224821
2.4 0.84 0.0182005
2.4 0.9 0.0145317
2.4 0.96 0.0114427
2.4 1.02 0.00888678
2.4 1.08 0.00680678
2.4 1.14 0.00514193
2.4 1.2 0.00383092
2.4 1.26 0.00281495
2.4 1.32 0.00203997
2.4 1.38 0.00145803
2.4 1.44 0.00102778
2.4 1.5 0.000714535
2.4 1.56 0.00048993
2.46 -2.1 3.85264e-05
2.46 -2.04 6.06076e-05
2.46 -1.98 9.40345e-05
2.46 -1.92 0.000143891
2.46 -1.86 0.000217156
2.46 -1.8 0.000323222
2.46 -1.74 0.000474477
2.46 -1.68 0.000686937
2.46 -1.62 0.000980868
2.46 -1.56 0.00138131
2.46 -1.5 0.00191851
2.46 -1.44 0.00262798
2.46 -1.38 0.00355039
2.46 -1.32 0.00473055
2.46 -1.26 0.0062164
2.46 -1.2 0.00805658
2.46 -1.14 0.0102981
2.46 -1.08 0.0129824
2.46 -1.02 0.0161414
2.46 -0.96 0.019793
2.46 -0.9 0.0239371
2.46 -0.84 0.0285508
2.46 -0.78 0.0335864
2.46 -0.72 0.0389662
2.46 -0.66 0.0445868
2.46 -0.6 0.0503165
2.46 -0.54 0.0560023
2.46 -0.48 0.0614742
2.46 -0.42 0.0665526
2.46 -0.36 0.0710598
2.46 -0.3 0.0748306
2.46 -0.24 0.0777178
2.46 -0.18 0.0796056
2.46 -0.12 0.0804206
2.46 -0.06 0.0801258
2.46 9.71445e-15 0.0787351
2.46 0.06 0.076305
2.46 0.12 0.0729341
2.46 0.18 0.0687534
2.46 0.24 0.0639207
2.46 0.3 0.0586121
2.46 0.36 0.0530052
2.46 0.42 0.0472752
2.46 0.48 0.0415855
2.46 0.54 0.0360778
2.46 0.6 0.0308693
2.46 0.66 0.0260497
2.46 0.72 0.0216804
2.46 0.78 0.0177959
2.46 0.84 0.0144067
2.46 0.9 0.0115025
2.46 0.96 0.00905759
2.46 1.02 0.00703431
2.46 1.08 0.00538794
2.46 1.14 0.00407013
2.46 1.2 0.00303238
2.46 1.26 0.00222818
2.46 1.32 0.00161475
2.46 1.38 0.00115412
2.46 1.44 0.000813544
2.46 1.5 0.000565591
2.52 -2.1 3.00766e-05
2.52 -2.04 4.73148e-05
2.52 -1.98 7.34106e-05
2.52 -1.92 0.000112331
2.52 -1.86 0.000169528
2.52 -1.8 0.000252329
2.52 -1.74 0.000370412
2.52 -1.68 0.000536276
2.52 -1.62 0.000765736
2.52 -1.56 0.00107836
2.52 -1.5 0.00149774
2.52 -1.44 0.00205161
2.52 -1.38 0.00277168
2.52 -1.32 0.00369303
2.52 -1.26 0.00485298
2.52 -1.2 0.00628963
2.52 -1.14 0.0080395
2.52 -1.08 0.010135
2.52 -1.02 0.012601
2.52 -0.96 0.0154516
2.52 -0.9 0.0186871
2.52 -0.84 0.022289
2.52 -0.78 0.0262199
2.52 -0.72 0.03042
2.52 -0.66 0.0348077
2.52 -0.6 0.0392811
2.52 -0.54 0.0437199
2.52 -0.48 0.0479913
2.52 -0.42 0.0519558
2.52 -0.36 0.0554751
2.52 -0.3 0.0584183
2.52 -0.24 0.0606719
2.52 -0.18 0.0621466
2.52 -0.12 0.0627815
2.52 -0.06 0.0625522
2.52 9.71445e-15 0.0614663
2.52 0.06 0.0595693
2.52 0.12 0.0569375
2.52 0.18 0.0536737
2.52 0.24 0.0499017
2.52 0.3 0.0457568
2.52 0.36 0.0413794
2.52 0.42 0.0369068
2.52 0.48 0.0324647
2.52 0.54 0.028165
2.52 0.6 0.024099
2.52 0.66 0.0203364
2.52 0.72 0.0169253
2.52 0.78 0.0138928
2.52 0.84 0.0112468
2.52 0.9 0.00897977
2.52 0.96 0.00707105
2.52 1.02 0.0054915
2.52 1.08 0.00420617
2.52 1.14 0.00317744
2.52 1.2 0.00236732
2.52 1.26 0.00173949
2.52 1.32 0.00126059
2.52 1.38 0.000900987
2.52 1.44 0.000635107
2.58 -2.04 3.64295e-05
2.58 -1.98 5.65216e-05
2.58 -1.92 8.64898e-05
2.58 -1.86 0.000130526
2.58 -1.8 0.000194279
2.58 -1.74 0.000285193
2.58 -1.68 0.000412896
2.58 -1.62 0.000589573
2.58 -1.56 0.000830274
2.58 -1.5 0.00115316
2.58 -1.44 0.00157962
2.58 -1.38 0.00213403
2.58 -1.32 0.00284341
2.58 -1.26 0.00373653
2.58 -1.2 0.00484263
2.58 -1.14 0.00618999
2.58 -1.08 0.00780341
2.58 -1.02 0.0097021
2.58 -0.96 0.011897
2.58 -0.9 0.014388
2.58 -0.84 0.0171611
2.58 -0.78 0.0201877
2.58 -0.72 0.0234216
2.58 -0.66 0.0268001
2.58 -0.6 0.030244
2.58 -0.54 0.0336616
2.58 -0.48 0.0369504
2.58 -0.42 0.0400029
2.58 -0.36 0.0427124
2.58 -0.3 0.0449783
2.58 -0.24 0.0467141
2.58 -0.18 0.0478493
2.58 -0.12 0.0483387
2.58 -0.06 0.0481613
2.58 9.71445e-15 0.0473257
2.58 0.06 0.0458653
2.58 0.12 0.0438388
2.58 0.18 0.0413255
2.58 0.24 0.0384213
2.58 0.3 0.0352299
2.58 0.36 0.03186
2.58 0.42 0.0284159
2.58 0.48 0.0249962
2.58 0.54 0.0216856
2.58 0.6 0.0185548
2.58 0.66 0.0156577
2.58 0.72 0.0130314
2.58 0.78 0.0106967
2.58 0.84 0.00865943
2.58 0.9 0.00691388
2.58 0.96 0.00544431
2.58 1.02 0.00422816
2.58 1.08 0.00323855
2.58 1.14 0.00244646
2.58 1.2 0.00182269
2.58 1.26 0.0013393
2.58 1.32 0.00097058
2.58 1.38 0.00069371
2.58 1.44 0.000489001
2.64 -2.04 2.76634e-05
2.64 -1.98 4.292e-05
2.64 -1.92 6.56764e-05
2.64 -1.86 9.91173e-05
2.64 -1.8 0.000147527
2.64 -1.74 0.000216565
2.64 -1.68 0.000313541
2.64 -1.62 0.000447701
2.64 -1.56 0.000630476
2.64 -1.5 0.00087567
2.64 -1.44 0.0011995
2.64 -1.38 0.00162049
2.64 -1.32 0.00215916
2.64 -1.26 0.00283733
2.64 -1.2 0.00367731
2.64 -1.14 0.00470041
2.64 -1.08 0.00592552
2.64 -1.02 0.00736735
2.64 -0.96 0.00903411
2.64 -0.9 0.0109256
2.64 -0.84 0.0130316
2.64 -0.78 0.0153297
2.64 -0.72 0.0177853
2.64 -0.66 0.0203506
2.64 -0.6 0.022966
2.64 -0.54 0.0255612
2.64 -0.48 0.0280587
2.64 -0.42 0.0303768
2.64 -0.36 0.0324341
2.64 -0.3 0.034155
2.64 -0.24 0.0354723
2.64 -0.18 0.0363349
2.64 -0.12 0.0367062
2.64 -0.06 0.0365721
2.64 9.71445e-15 0.0359374
2.64 0.06 0.0348281
2.64 0.12 0.033289
2.64 0.18 0.0313812
2.64 0.24 0.0291756
2.64 0.3 0.0267523
2.64 0.36 0.024193
2.64 0.42 0.0215779
2.64 0.48 0.018981
2.64 0.54 0.0164669
2.64 0.6 0.0140896
2.64 0.66 0.0118899
2.64 0.72 0.00989563
2.64 0.78 0.00812256
2.64 0.84 0.00657562
2.64 0.9 0.0052501
2.64 0.96 0.00413416
2.64 1.02 0.0032107
2.64 1.08 0.00245921
2.64 1.14 0.00185773
2.64 1.2 0.00138407
2.64 1.26 0.00101701
2.64 1.32 0.000737023
2.64 1.38 0.000526766
2.7 -2.04 2.07175e-05
2.7 -1.98 3.2144e-05
2.7 -1.92 4.91864e-05
2.7 -1.86 7.42304e-05
2.7 -1.8 0.000110486
2.7 -1.74 0.000162191
2.7 -1.68 0.000234817
2.7 -1.62 0.000335289
2.7 -1.56 0.000472176
2.7 -1.5 0.000655807
2.7 -1.44 0.000898331
2.7 -1.38 0.00121362
2.7 -1.32 0.00161705
2.7 -1.26 0.00212496
2.7 -1.2 0.00275402
2.7 -1.14 0.00352022
2.7 -1.08 0.00443777
2.7 -1.02 0.00551757
2.7 -0.96 0.00676576
2.7 -0.9 0.00818242
2.7 -0.84 0.00975957
2.7 -0.78 0.0114808
2.7 -0.72 0.0133199
2.7 -0.66 0.0152412
2.7 -0.6 0.0171999
2.7 -0.54 0.0191434
2.7 -0.48 0.0210137
2.7 -0.42 0.0227495
2.7 -0.36 0.0242907
2.7 -0.3 0.0255793
2.7 -0.24 0.0265662
2.7 -0.18 0.0272119
2.7 -0.12 0.02749
2.7 -0.06 0.0273894
2.7 9.71445e-15 0.026914
2.7 0.06 0.0260834
2.7 0.12 0.0249309
2.7 0.18 0.0235018
2.7 0.24 0.0218503
2.7 0.3 0.0200353
2.7 0.36 0.0181187
2.7 0.42 0.0161603
2.7 0.48 0.0142152
2.7 0.54 0.0123325
2.7 0.6 0.0105521
2.7 0.66 0.00890463
2.7 0.72 0.00741101
2.7 0.78 0.00608321
2.7 0.84 0.0049246
2.7 0.9 0.00393193
2.7 0.96 0.00309618
2.7 1.02 0.00240454
2.7 1.08 0.00184175
2.7 1.14 0.0013913
2.7 1.2 0.00103657
2.7 1.26 0.000761665
2.7 1.32 0.000551969
2.76 -1.98 2.37423e-05
2.76 -1.92 3.63306e-05
2.76 -1.86 5.48288e-05
2.76 -1.8 8.16086e-05
2.76 -1.74 0.000119799
2.76 -1.68 0.000173442
2.76 -1.62 0.000247654
2.76 -1.56 0.000348759
2.76 -1.5 0.000484395
2.76 -1.44 0.000663531
2.76 -1.38 0.00089642
2.76 -1.32 0.00119438
2.76 -1.26 0.00156955
2.76 -1.2 0.00203418
2.76 -1.14 0.00260012
2.76 -1.08 0.00327784
2.76 -1.02 0.00407544
2.76 -0.96 0.00499743
2.76 -0.9 0.0060437
2.76 -0.84 0.00720872
2.76 -0.78 0.00848005
2.76 -0.72 0.00983831
2.76 -0.66 0.0112575
2.76 -0.6 0.0127042
2.76 -0.54 0.0141397
2.76 -0.48 0.0155212
2.76 -0.42 0.0168035
2.76 -0.36 0.0179415
2.76 -0.3 0.0188937
2.76 -0.24 0.0196225
2.76 -0.18 0.0200993
2.76 -0.12 0.020305
2.76 -0.06 0.0202307
2.76 9.71445e-15 0.0198794
2.76 0.06 0.0192659
2.76 0.12 0.0184146
2.76 0.18 0.0173591
2.76 0.24 0.016139
2.76 0.3 0.0147987
2.76 0.36 0.0133829
2.76 0.42 0.0119363
2.76 0.48 0.0104997
2.76 0.54 0.00910914
2.76 0.6 0.00779403
2.76 0.66 0.00657716
2.76 0.72 0.005474
2.76 0.78 0.0044932
2.76 0.84 0.00363748
2.76 0.9 0.0029042
2.76 0.96 0.00228692
2.76 1.02 0.00177606
2.76 1.08 0.00136038
2.76 1.14 0.00102765
2.76 1.2 0.000765633
2.76 1.26 0.000562583
2.82 -1.98 1.72957e-05
2.82 -1.92 2.64659e-05
2.82 -1.86 3.99412e-05
2.82 -1.8 5.94494e-05
2.82 -1.74 8.72694e-05
2.82 -1.68 0.000126347
2.82 -1.62 0.000180409
2.82 -1.56 0.000254063
2.82 -1.5 0.000352866
2.82 -1.44 0.000483366
2.82 -1.38 0.000653015
2.82 -1.32 0.00087008
2.82 -1.26 0.00114338
2.82 -1.2 0.00148186
2.82 -1.14 0.00189413
2.82 -1.08 0.00238784
2.82 -1.02 0.00296884
2.82 -0.96 0.0036405
2.82 -0.9 0.00440271
2.82 -0.84 0.00525135
2.82 -0.78 0.00617745
2.82 -0.72 0.00716698
2.82 -0.66 0.00820084
2.82 -0.6 0.00925473
2.82 -0.54 0.0103004
2.82 -0.48 0.0113067
2.82 -0.42 0.0122409
2.82 -0.36 0.01307
2.82 -0.3 0.0137635
2.82 -0.24 0.0142945
2.82 -0.18 0.0146419
2.82 -0.12 0.0147917
2.82 -0.06 0.0147375
2.82 9.71445e-15 0.0144816
2.82 0.06 0.0140348
2.82 0.12 0.0134146
2.82 0.18 0.0126456
2.82 0.24 0.0117569
2.82 0.3 0.0107804
2.82 0.36 0.00974913
2.82 0.42 0.00869534
2.82 0.48 0.00764882
2.82 0.54 0.0066358
2.82 0.6 0.00567779
2.82 0.66 0.00479128
2.82 0.72 0.00398765
2.82 0.78 0.0032732
2.82 0.84 0.0026498
2.82 0.9 0.00211564
2.82 0.96 0.00166597
2.82 1.02 0.00129381
2.82 1.08 0.000991
2.82 1.14 0.00074862
2.82 1.2 0.000557747
2.88 -1.92 1.90147e-05
2.88 -1.86 2.86961e-05
2.88 -1.8 4.27121e-05
2.88 -1.74 6.27e-05
2.88 -1.68 9.07756e-05
2.88 -1.62 0.000129617
2.88 -1.56 0.000182535
2.88 -1.5 0.000253523
2.88 -1.44 0.000347279
2.88 -1.38 0.000469166
2.88 -1.32 0.000625121
2.88 -1.26 0.000821475
2.88 -1.2 0.00106466
2.88 -1.14 0.00136086
2.88 -1.08 0.00171557
2.88 -1.02 0.002133
2.88 -0.96 0.00261554
2.88 -0.9 0.00316318
2.88 -0.84 0.00377288
2.88 -0.78 0.00443828
2.88 -0.72 0.00514922
2.88 -0.66 0.00589198
2.88 -0.6 0.00664917
2.88 -0.54 0.00740049
2.88 -0.48 0.00812349
2.88 -0.42 0.00879453
2.88 -0.36 0.00939032
2.88 -0.3 0.0098885
2.88 -0.24 0.0102701
2.88 -0.18 0.0105196
2.88 -0.12 0.0106272
2.88 -0.06 0.0105883
2.88 9.71445e-15 0.0104045
2.88 0.06 0.0100834
2.88 0.12 0.0096379
2.88 0.18 0.00908536
2.88 0.24 0.0084469
2.88 0.3 0.00774529
2.88 0.36 0.00700439
2.88 0.42 0.00624727
2.88 0.48 0.00549536
2.88 0.54 0.00476756
2.88 0.6 0.00407927
2.88 0.66 0.00344237
2.88 0.72 0.00286496
2.88 0.78 0.00235167
2.88 0.84 0.00190377
2.88 0.9 0.00152001
2.88 0.96 0.00119693
2.88 1.02 0.000929553
2.88 1.08 0.000711991
2.88 1.14 0.000537853
2.94 -1.92 1.34734e-05
2.94 -1.86 2.03337e-05
2.94 -1.8 3.02651e-05
2.94 -1.74 4.44284e-05
2.94 -1.68 6.43226e-05
2.94 -1.62 9.18446e-05
2.94 -1.56 0.000129342
2.94 -1.5 0.000179643
2.94 -1.44 0.000246077
2.94 -1.38 0.000332444
2.94 -1.32 0.000442954
2.94 -1.26 0.000582083
2.94 -1.2 0.000754399
2.94 -1.14 0.000964283
2.94 -1.08 0.00121562
2.94 -1.02 0.00151141
2.94 -0.96 0.00185332
2.94 -0.9 0.00224138
2.94 -0.84 0.0026734
2.94 -0.78 0.0031449
2.94 -0.72 0.00364868
2.94 -0.66 0.00417495
2.94 -0.6 0.0047115
2.94 -0.54 0.0052439
2.94 -0.48 0.00575622
2.94 -0.42 0.00623173
2.94 -0.36 0.00665386
2.94 -0.3 0.00700687
2.94 -0.24 0.0072772
2.94 -0.18 0.00745407
2.94 -0.12 0.00753023
2.94 -0.06 0.0075027
2.94 9.71445e-15 0.00737245
2.94 0.06 0.00714493
2.94 0.12 0.00682925
2.94 0.18 0.00643778
2.94 0.24 0.00598537
2.94 0.3 0.00548822
2.94 0.36 0.00496319
2.94 0.42 0.00442673
2.94 0.48 0.00389392
2.94 0.54 0.00337821
2.94 0.6 0.00289051
2.94 0.66 0.00243922
2.94 0.72 0.00203008
2.94 0.78 0.00166635
2.94 0.84 0.00134898
2.94 0.9 0.00107706
2.94 0.96 0.000848126
2.94 1.02 0.000658669
2.94 1.08 0.000504503
3 -1.86 1.42102e-05
3 -1.8 2.11507e-05
3 -1.74 3.10484e-05
3 -1.68 4.49516e-05
3 -1.62 6.41854e-05
3 -1.56 9.03901e-05
3 -1.5 0.000125543
3 -1.44 0.000171969
3 -1.38 0.000232326
3 -1.32 0.000309557
3 -1.26 0.000406784
3 -1.2 0.000527208
3 -1.14 0.000673888
3 -1.08 0.000849537
3 -1.02 0.00105624
3 -0.96 0.00129519
3 -0.9 0.00156639
3 -0.84 0.0018683
3 -0.78 0.00219778
3 -0.72 0.00254987
3 -0.66 0.00291764
3 -0.6 0.0032926
3 -0.54 0.00366468
3 -0.48 0.00402273
3 -0.42 0.00435503
3 -0.36 0.00465003
3 -0.3 0.0048967
3 -0.24 0.00508563
3 -0.18 0.00520925
3 -0.12 0.00526246
3 -0.06 0.00524321
3 9.71445e-15 0.00515222
3 0.06 0.00499323
3 0.12 0.00477263
3 0.18 0.00449904
3 0.24 0.00418285
3 0.3 0.0038354
3 0.36 0.00346852
3 0.42 0.00309359
3 0.48 0.00272126
3 0.54 0.00236083
3 0.6 0.00202001
3 0.66 0.00170463
3 0.72 0.00141871
3 0.78 0.00116452
3 0.84 0.00094273
3 0.9 0.000752702
3 0.96 0.000592705
3 1.02 0.000460309
3.06 -1.86 9.79408e-06
3.06 -1.8 1.45779e-05
3.06 -1.74 2.13998e-05
3.06 -1.68 3.0982e-05
3.06 -1.62 4.42389e-05
3.06 -1.56 6.23002e-05
3.06 -1.5 8.65284e-05
3.06 -1.44 0.000118528
3.06 -1.38 0.000160129
3.06 -1.32 0.000213358
3.06 -1.26 0.000280374
3.06 -1.2 0.000363371
3.06 -1.14 0.00046447
3.06 -1.08 0.000585536
3.06 -1.02 0.000728007
3.06 -0.96 0.000892701
3.06 -0.9 0.00107962
3.06 -0.84 0.0012877
3.06 -0.78 0.00151481
3.06 -0.72 0.00175746
3.06 -0.66 0.00201097
3.06 -0.6 0.00226939
3.06 -0.54 0.00252582
3.06 -0.48 0.0027726
3.06 -0.42 0.00300163
3.06 -0.36 0.00320496
3.06 -0.3 0.00337499
3.06 -0.24 0.00350524
3.06 -0.18 0.0035904
3.06 -0.12 0.00362713
3.06 -0.06 0.00361382
3.06 9.71445e-15 0.00355111
3.06 0.06 0.00344153
3.06 0.12 0.00328948
3.06 0.18 0.0031009
3.06 0.24 0.00288297
3.06 0.3 0.0026435
3.06 0.36 0.00239064
3.06 0.42 0.00213222
3.06 0.48 0.00187561
3.06 0.54 0.00162719
3.06 0.6 0.00139227
3.06 0.66 0.00117489
3.06 0.72 0.000977822
3.06 0.78 0.000802636
3.06 0.84 0.000649768
3.06 0.9 0.000518789
3.12 -1.8 9.90946e-06
3.12 -1.74 1.45468e-05
3.12 -1.68 2.10607e-05
3.12 -1.62 3.00724e-05
3.12 -1.56 4.23498e-05
3.12 -1.5 5.88191e-05
3.12 -1.44 8.05716e-05
3.12 -1.38 0.000108849
3.12 -1.32 0.000145033
3.12 -1.26 0.000190587
3.12 -1.2 0.000247009
3.12 -1.14 0.000315731
3.12 -1.08 0.000398024
3.12 -1.02 0.000494868
3.12 -0.96 0.000606827
3.12 -0.9 0.000733884
3.12 -0.84 0.000875344
3.12 -0.78 0.0010297
3.12 -0.72 0.00119466
3.12 -0.66 0.00136697
3.12 -0.6 0.00154266
3.12 -0.54 0.00171698
3.12 -0.48 0.00188472
3.12 -0.42 0.00204043
3.12 -0.36 0.00217864
3.12 -0.3 0.00229421
3.12 -0.24 0.00238271
3.12 -0.18 0.00244065
3.12 -0.12 0.00246559
3.12 -0.06 0.00245658
3.12 9.71445e-15 0.00241394
3.12 0.06 0.00233944
3.12 0.12 0.00223607
3.12 0.18 0.00210789
3.12 0.24 0.00195976
3.12 0.3 0.00179697
3.12 0.36 0.00162506
3.12 0.42 0.00144942
3.12 0.48 0.00127497
3.12 0.54 0.00110611
3.12 0.6 0.000946421
3.12 0.66 0.000798653
3.12 0.72 0.000664696
3.12 0.78 0.000545603
3.12 0.84 0.000441687
3.18 -1.8 6.64361e-06
3.18 -1.74 9.75257e-06
3.18 -1.68 1.41196e-05
3.18 -1.62 2.01611e-05
3.18 -1.56 2.83918e-05
3.18 -1.5 3.94336e-05
3.18 -1.44 5.40167e-05
3.18 -1.38 7.29759e-05
3.18 -1.32 9.72326e-05
3.18 -1.26 0.000127774
3.18 -1.2 0.000165599
3.18 -1.14 0.000211671
3.18 -1.08 0.000266843
3.18 -1.02 0.000331774
3.18 -0.96 0.000406832
3.18 -0.9 0.000492008
3.18 -0.84 0.000586847
3.18 -0.78 0.000690345
3.18 -0.72 0.000800919
3.18 -0.66 0.00091645
3.18 -0.6 0.00103422
3.18 -0.54 0.00115108
3.18 -0.48 0.00126355
3.18 -0.42 0.00136794
3.18 -0.36 0.00146058
3.18 -0.3 0.0015381
3.18 -0.24 0.00159743
3.18 -0.18 0.00163625
3.18 -0.12 0.001653
3.18 -0.06 0.00164694
3.18 9.71445e-15 0.00161835
3.18 0.06 0.0015684
3.18 0.12 0.0014991
3.18 0.18 0.00141318
3.18 0.24 0.00131384
3.18 0.3 0.00120473
3.18 0.36 0.00108948
3.18 0.42 0.000971709
3.18 0.48 0.000854765
3.18 0.54 0.000741558
3.18 0.6 0.000634496
3.18 0.66 0.000535434
3.18 0.72 0.000445628
3.24 -1.74 6.44839e-06
3.24 -1.68 9.33594e-06
3.24 -1.62 1.33306e-05
3.24 -1.56 1.87731e-05
3.24 -1.5 2.60739e-05
3.24 -1.44 3.5716e-05
3.24 -1.38 4.82519e-05
3.24 -1.32 6.42917e-05
3.24 -1.26 8.44852e-05
3.24 -1.2 0.000109495
3.24 -1.14 0.00013996
3.24 -1.08 0.00017644
3.24 -1.02 0.000219371
3.24 -0.96 0.000268998
3.24 -0.9 0.000325323
3.24 -0.84 0.000388025
3.24 -0.78 0.000456459
3.24 -0.72 0.00052958
3.24 -0.66 0.000605966
3.24 -0.6 0.000683837
3.24 -0.54 0.000761115
3.24 -0.48 0.000835477
3.24 -0.42 0.000904491
3.24 -0.36 0.00096576
3.24 -0.3 0.00101699
3.24 -0.24 0.00105624
3.24 -0.18 0.00108191
3.24 -0.12 0.00109296
3.24 -0.06 0.00108896
3.24 9.71445e-15 0.00107006
3.24 0.06 0.00103704
3.24 0.12 0.000991226
3.24 0.18 0.000934402
3.24 0.24 0.000868734
3.24 0.3 0.000796567
3.24 0.36 0.000720376
3.24 0.42 0.000642505
3.24 0.48 0.00056518
3.24 0.54 0.000490323
3.24 0.6 0.000419533
3.24 0.66 0.000354032
3.3 -1.62 8.69322e-06
3.3 -1.56 1.22422e-05
3.3 -1.5 1.70033e-05
3.3 -1.44 2.32912e-05
3.3 -1.38 3.14659e-05
3.3 -1.32 4.19255e-05
3.3 -1.26 5.50937e-05
3.3 -1.2 7.1404e-05
3.3 -1.14 9.12699e-05
3.3 -1.08 0.000115058
3.3 -1.02 0.000143055
3.3 -0.96 0.000175419
3.3 -0.9 0.000212147
3.3 -0.84 0.000253041
3.3 -0.78 0.000297663
3.3 -0.72 0.000345346
3.3 -0.66 0.000395156
3.3 -0.6 0.000445942
3.3 -0.54 0.000496333
3.3 -0.48 0.000544828
3.3 -0.42 0.00058984
3.3 -0.36 0.000629787
3.3 -0.3 0.000663203
3.3 -0.24 0.000688782
3.3 -0.18 0.000705531
3.3 -0.12 0.000712742
3.3 -0.06 0.000710137
3.3 9.71445e-15 0.000697813
3.3 0.06 0.000676274
3.3 0.12 0.000646389
3.3 0.18 0.000609342
3.3 0.24 0.000566516
3.3 0.3 0.000519462
3.3 0.36 0.000469766
3.3 0.42 0.000418988
3.3 0.48 0.000368562
3.3 0.54 0.000319746
3.36 -1.5 1.09357e-05
3.36 -1.44 1.49799e-05
3.36 -1.38 2.02372e-05
3.36 -1.32 2.69647e-05
3.36 -1.26 3.54341e-05
3.36 -1.2 4.5924e-05
3.36 -1.14 5.87008e-05
3.36 -1.08 7.40008e-05
3.36 -1.02 9.20061e-05
3.36 -0.96 0.000112821
3.36 -0.9 0.000136444
3.36 -0.84 0.000162744
3.36 -0.78 0.000191443
3.36 -0.72 0.000222112
3.36 -0.66 0.000254148
3.36 -0.6 0.000286812
3.36 -0.54 0.000319221
3.36 -0.48 0.000350408
3.36 -0.42 0.000379356
3.36 -0.36 0.000405053
3.36 -0.3 0.00042654
3.36 -0.24 0.000442995
3.36 -0.18 0.000453766
3.36 -0.12 0.000458402
3.36 -0.06 0.000456727
3.36 9.71445e-15 0.0004488
3.36 0.06 0.000434949
3.36 0.12 0.00041573
3.36 0.18 0.000391897
3.36 0.24 0.000364359
3.36 0.3 0.000334093
3.36 0.36 0.000302132
3.42 -1.32 1.71041e-05
3.42 -1.26 2.24763e-05
3.42 -1.2 2.91301e-05
3.42 -1.14 3.72346e-05
3.42 -1.08 4.69397e-05
3.42 -1.02 5.83611e-05
3.42 -0.96 7.15637e-05
3.42 -0.9 8.65484e-05
3.42 -0.84 0.00010323
3.42 -0.78 0.000121436
3.42 -0.72 0.000140889
3.42 -0.66 0.000161209
3.42 -0.6 0.000181928
3.42 -0.54 0.000202486
3.42 -0.48 0.00022227
3.42 -0.42 0.000240631
3.42 -0.36 0.00025693
3.42 -0.3 0.000270561
3.42 -0.24 0.000280998
3.42 -0.18 0.000287829
3.42 -0.12 0.000290768
3.42 -0.06 0.000289707
3.42 9.71445e-15 0.000284678
3.42 0.06 0.000275893
3.42 0.12 0.000263704
3.42 0.18 0.000248587
3.42 0.24 0.000231117
3.48 -1.14 2.32937e-05
3.48 -1.08 2.93653e-05
3.48 -1.02 3.65105e-05
3.48 -0.96 4.47702e-05
3.48 -0.9 5.41442e-05
3.48 -0.84 6.45805e-05
3.48 -0.78 7.59694e-05
3.48 -0.72 8.81394e-05
3.48 -0.66 0.000100852
3.48 -0.6 0.000113813
3.48 -0.54 0.000126674
3.48 -0.48 0.000139051
3.48 -0.42 0.000150538
3.48 -0.36 0.000160734
3.48 -0.3 0.000169262
3.48 -0.24 0.000175791
3.48 -0.18 0.000180064
3.48 -0.12 0.000181904
3.48 -0.06 0.000181239
3.48 9.71445e-15 0.000178094
3.54 -0.78 4.68731e-05
3.54 -0.72 5.43814e-05
3.54 -0.66 6.22253e-05
3.54 -0.6 7.02214e-05
3.54 -0.54 7.81571e-05
3.54 -0.48 8.57936e-05
3.54 -0.42 9.28812e-05
3.54 -0.36 9.91715e-05
