4629 0.06 0.06 1.14224 -12 -12
-1.98 -0.42 8.10558e-06
-1.98 -0.36 9.6806e-06
-1.98 -0.3 1.14027e-05
-1.98 -0.24 1.32465e-05
-1.98 -0.18 1.51771e-05
-1.98 -0.12 1.71499e-05
-1.98 -0.06 1.91127e-05
-1.98 9.71445e-15 2.10075e-05
-1.98 0.06 2.27729e-05
-1.98 0.12 2.43472e-05
-1.98 0.18 2.56722e-05
-1.98 0.24 2.66977e-05
-1.98 0.3 2.73822e-05
-1.98 0.36 2.76983e-05
-1.98 0.42 2.76329e-05
-1.98 0.48 2.71889e-05
-1.98 0.54 2.63841e-05
-1.92 -0.66 5.85106e-06
-1.92 -0.6 7.38575e-06
-1.92 -0.54 9.19486e-06
-1.92 -0.48 1.12898e-05
-1.92 -0.42 1.36715e-05
-1.92 -0.36 1.6328e-05
-1.92 -0.3 1.92326e-05
-1.92 -0.24 2.23427e-05
-1.92 -0.18 2.55989e-05
-1.92 -0.12 2.89263e-05
-1.92 -0.06 3.22371e-05
-1.92 9.71445e-15 3.54331e-05
-1.92 0.06 3.84105e-05
-1.92 0.12 4.10654e-05
-1.92 0.18 4.33011e-05
-1.92 0.24 4.50301e-05
-1.92 0.3 4.61848e-05
-1.92 0.36 4.67184e-05
-1.92 0.42 4.66082e-05
-1.92 0.48 4.58592e-05
-1.92 0.54 4.45017e-05
-1.92 0.6 4.2591e-05
-1.92 0.66 4.02019e-05
-1.92 0.72 3.74257e-05
-1.92 0.78 3.43616e-05
-1.86 -0.84 4.45352e-06
-1.86 -0.78 5.86003e-06
-1.86 -0.72 7.60471e-06
-1.86 -0.66 9.73319e-06
-1.86 -0.6 1.22861e-05
-1.86 -0.54 1.52957e-05
-1.86 -0.48 1.87805e-05
-1.86 -0.42 2.27424e-05
-1.86 -0.36 2.71615e-05
-1.86 -0.3 3.19932e-05
-1.86 -0.24 3.71666e-05
-1.86 -0.18 4.25832e-05
-1.86 -0.12 4.81186e-05
-1.86 -0.06 5.36258e-05
-1.86 9.71445e-15 5.89421e-05
-1.86 0.06 6.38954e-05
-1.86 0.12 6.83125e-05
-1.86 0.18 7.20303e-05
-1.86 0.24 7.49075e-05
-1.86 0.3 7.68278e-05
-1.86 0.36 7.77151e-05
-1.86 0.42 7.75314e-05
-1.86 0.48 7.62857e-05
-1.86 0.54 7.40278e-05
-1.86 0.6 7.08495e-05
-1.86 0.66 6.68759e-05
-1.86 0.72 6.22566e-05
-1.86 0.78 5.71606e-05
-1.86 0.84 5.17601e-05
-1.86 0.9 4.62255e-05
-1.86 0.96 4.07151e-05
-1.8 -0.96 4.04846e-06
-1.8 -0.9 5.47656e-06
-1.8 -0.84 7.30654e-06
-1.8 -0.78 9.61406e-06
-1.8 -0.72 1.24764e-05
-1.8 -0.66 1.59685e-05
-1.8 -0.6 2.01568e-05
-1.8 -0.54 2.50942e-05
-1.8 -0.48 3.08117e-05
-1.8 -0.42 3.73115e-05
-1.8 -0.36 4.45616e-05
-1.8 -0.3 5.24887e-05
-1.8 -0.24 6.0977e-05
-1.8 -0.18 6.98631e-05
-1.8 -0.12 7.89451e-05
-1.8 -0.06 8.79802e-05
-1.8 9.71445e-15 9.67023e-05
-1.8 0.06 0.000104828
-1.8 0.12 0.000112075
-1.8 0.18 0.000118175
-1.8 0.24 0.000122894
-1.8 0.3 0.000126045
-1.8 0.36 0.000127502
-1.8 0.42 0.000127201
-1.8 0.48 0.000125157
-1.8 0.54 0.000121453
-1.8 0.6 0.000116237
-1.8 0.66 0.000109718
-1.8 0.72 0.00010214
-1.8 0.78 9.37793e-05
-1.8 0.84 8.49192e-05
-1.8 0.9 7.5839e-05
-1.8 0.96 6.67988e-05
-1.8 1.02 5.80274e-05
-1.8 1.08 4.97151e-05
-1.74 -1.02 4.77596e-06
-1.74 -0.96 6.55068e-06
-1.74 -0.9 8.86147e-06
-1.74 -0.84 1.18225e-05
-1.74 -0.78 1.55563e-05
-1.74 -0.72 2.01879e-05
-1.74 -0.66 2.58382e-05
-1.74 -0.6 3.26156e-05
-1.74 -0.54 4.06044e-05
-1.74 -0.48 4.98556e-05
-1.74 -0.42 6.03731e-05
-1.74 -0.36 7.21041e-05
-1.74 -0.3 8.49314e-05
-1.74 -0.24 9.8665e-05
-1.74 -0.18 0.000113044
-1.74 -0.12 0.000127738
-1.74 -0.06 0.000142359
-1.74 9.71445e-15 0.000156472
-1.74 0.06 0.000169619
-1.74 0.12 0.000181343
-1.74 0.18 0.000191216
-1.74 0.24 0.000198852
-1.74 0.3 0.000203953
-1.74 0.36 0.000206307
-1.74 0.42 0.000205821
-1.74 0.48 0.000202512
-1.74 0.54 0.00019652
-1.74 0.6 0.000188083
-1.74 0.66 0.000177532
-1.74 0.72 0.000165272
-1.74 0.78 0.000151742
-1.74 0.84 0.000137406
-1.74 0.9 0.000122713
-1.74 0.96 0.000108085
-1.74 1.02 9.38919e-05
-1.74 1.08 8.04422e-05
-1.74 1.14 6.79718e-05
-1.74 1.2 5.66449e-05
-1.68 -1.08 5.48037e-06
-1.68 -1.02 7.62167e-06
-1.68 -0.96 1.04539e-05
-1.68 -0.9 1.41415e-05
-1.68 -0.84 1.88667e-05
-1.68 -0.78 2.48252e-05
-1.68 -0.72 3.22166e-05
-1.68 -0.66 4.12336e-05
-1.68 -0.6 5.20488e-05
-1.68 -0.54 6.47981e-05
-1.68 -0.48 7.95612e-05
-1.68 -0.42 9.63457e-05
-1.68 -0.36 0.000115066
-1.68 -0.3 0.000135536
-1.68 -0.24 0.000157453
-1.68 -0.18 0.000180399
-1.68 -0.12 0.000203848
-1.68 -0.06 0.00022718
-1.68 9.71445e-15 0.000249703
-1.68 0.06 0.000270686
-1.68 0.12 0.000289396
-1.68 0.18 0.00030515
-1.68 0.24 0.000317335
-1.68 0.3 0.000325473
-1.68 0.36 0.000329233
-1.68 0.42 0.000328455
-1.68 0.48 0.000323177
-1.68 0.54 0.000313611
-1.68 0.6 0.000300147
-1.68 0.66 0.000283311
-1.68 0.72 0.000263745
-1.68 0.78 0.000242153
-1.68 0.84 0.000219276
-1.68 0.9 0.00019583
-1.68 0.96 0.000172484
-1.68 1.02 0.000149836
-1.68 1.08 0.000128372
-1.68 1.14 0.000108471
-1.68 1.2 9.03955e-05
-1.68 1.26 7.4296e-05
-1.68 1.32 6.02249e-05
-1.62 -1.14 6.11697e-06
-1.62 -1.08 8.62549e-06
-1.62 -1.02 1.19957e-05
-1.62 -0.96 1.64533e-05
-1.62 -0.9 2.22571e-05
-1.62 -0.84 2.96944e-05
-1.62 -0.78 3.90725e-05
-1.62 -0.72 5.07054e-05
-1.62 -0.66 6.48974e-05
-1.62 -0.6 8.192e-05
-1.62 -0.54 0.000101985
-1.62 -0.48 0.00012522
-1.62 -0.42 0.000151637
-1.62 -0.36 0.000181101
-1.62 -0.3 0.000213321
-1.62 -0.24 0.000247815
-1.62 -0.18 0.000283929
-1.62 -0.12 0.000320836
-1.62 -0.06 0.000357558
-1.62 9.71445e-15 0.000393005
-1.62 0.06 0.000426028
-1.62 0.12 0.000455477
-1.62 0.18 0.00048027
-1.62 0.24 0.000499451
-1.62 0.3 0.000512265
-1.62 0.36 0.000518177
-1.62 0.42 0.000516956
-1.62 0.48 0.000508645
-1.62 0.54 0.000493595
-1.62 0.6 0.000472403
-1.62 0.66 0.000445903
-1.62 0.72 0.000415109
-1.62 0.78 0.000381127
-1.62 0.84 0.000345119
-1.62 0.9 0.000308213
-1.62 0.96 0.000271474
-1.62 1.02 0.000235825
-1.62 1.08 0.000202044
-1.62 1.14 0.000170723
-1.62 1.2 0.000142274
-1.62 1.26 0.000116935
-1.62 1.32 9.47883e-05
-1.62 1.38 7.57794e-05
-1.62 1.44 5.97502e-05
-1.56 -1.2 6.6411e-06
-1.56 -1.14 9.49518e-06
-1.56 -1.08 1.33891e-05
-1.56 -1.02 1.86206e-05
-1.56 -0.96 2.55399e-05
-1.56 -0.9 3.45491e-05
-1.56 -0.84 4.60931e-05
-1.56 -0.78 6.06507e-05
-1.56 -0.72 7.87081e-05
-1.56 -0.66 0.000100738
-1.56 -0.6 0.00012716
-1.56 -0.54 0.000158308
-1.56 -0.48 0.000194376
-1.56 -0.42 0.000235382
-1.56 -0.36 0.000281117
-1.56 -0.3 0.000331127
-1.56 -0.24 0.000384675
-1.56 -0.18 0.000440733
-1.56 -0.12 0.000498024
-1.56 -0.06 0.000555021
-1.56 9.71445e-15 0.00061005
-1.56 0.06 0.000661313
-1.56 0.12 0.000707022
-1.56 0.18 0.000745513
-1.56 0.24 0.000775279
-1.56 0.3 0.000795163
-1.56 0.36 0.000804351
-1.56 0.42 0.000802448
-1.56 0.48 0.000789557
-1.56 0.54 0.000766188
-1.56 0.6 0.000733287
-1.56 0.66 0.000692152
-1.56 0.72 0.000644354
-1.56 0.78 0.000591605
-1.56 0.84 0.000535716
-1.56 0.9 0.000478432
-1.56 0.96 0.000421398
-1.56 1.02 0.000366065
-1.56 1.08 0.000313627
-1.56 1.14 0.000265005
-1.56 1.2 0.000220845
-1.56 1.26 0.000181512
-1.56 1.32 0.000147135
-1.56 1.38 0.000117629
-1.56 1.44 9.27484e-05
-1.56 1.5 7.21242e-05
-1.5 -1.26 7.01331e-06
-1.5 -1.2 1.01671e-05
-1.5 -1.14 1.45364e-05
-1.5 -1.08 2.04978e-05
-1.5 -1.02 2.85067e-05
-1.5 -0.96 3.90995e-05
-1.5 -0.9 5.28922e-05
-1.5 -0.84 7.0566e-05
-1.5 -0.78 9.28507e-05
-1.5 -0.72 0.000120496
-1.5 -0.66 0.000154221
-1.5 -0.6 0.000194673
-1.5 -0.54 0.000242358
-1.5 -0.48 0.000297577
-1.5 -0.42 0.000360352
-1.5 -0.36 0.000430373
-1.5 -0.3 0.000506931
-1.5 -0.24 0.000588906
-1.5 -0.18 0.000674735
-1.5 -0.12 0.000762436
-1.5 -0.06 0.000849705
-1.5 9.71445e-15 0.000933944
-1.5 0.06 0.00101242
-1.5 0.12 0.0010824
-1.5 0.18 0.00114132
-1.5 0.24 0.00118691
-1.5 0.3 0.00121734
-1.5 0.36 0.0012314
-1.5 0.42 0.0012285
-1.5 0.48 0.00120875
-1.5 0.54 0.00117297
-1.5 0.6 0.00112261
-1.5 0.66 0.00105965
-1.5 0.72 0.000986466
-1.5 0.78 0.000905706
-1.5 0.84 0.000820135
-1.5 0.9 0.000732446
-1.5 0.96 0.000645133
-1.5 1.02 0.000560422
-1.5 1.08 0.000480138
-1.5 1.14 0.000405706
-1.5 1.2 0.000338098
-1.5 1.26 0.000277883
-1.5 1.32 0.000225255
-1.5 1.38 0.000180081
-1.5 1.44 0.00014199
-1.5 1.5 0.000110417
-1.5 1.56 8.4684e-05
-1.5 1.62 6.40556e-05
-1.44 -1.32 7.20421e-06
-1.44 -1.26 1.05892e-05
-1.44 -1.2 1.53511e-05
-1.44 -1.14 2.19483e-05
-1.44 -1.08 3.09493e-05
-1.44 -1.02 4.30414e-05
-1.44 -0.96 5.90358e-05
-1.44 -0.9 7.98606e-05
-1.44 -0.84 0.000106547
-1.44 -0.78 0.000140195
-1.44 -0.72 0.000181935
-1.44 -0.66 0.000232855
-1.44 -0.6 0.000293935
-1.44 -0.54 0.000365935
-1.44 -0.48 0.000449306
-1.44 -0.42 0.000544087
-1.44 -0.36 0.000649815
-1.44 -0.3 0.00076541
-1.44 -0.24 0.000889171
-1.44 -0.18 0.00101877
-1.44 -0.12 0.00115119
-1.44 -0.06 0.00128296
-1.44 9.71445e-15 0.00141014
-1.44 0.06 0.00152862
-1.44 0.12 0.0016343
-1.44 0.18 0.00172325
-1.44 0.24 0.00179209
-1.44 0.3 0.00183804
-1.44 0.36 0.00185924
-1.44 0.42 0.00185488
-1.44 0.48 0.00182506
-1.44 0.54 0.00177104
-1.44 0.6 0.00169502
-1.44 0.66 0.00159995
-1.44 0.72 0.00148944
-1.44 0.78 0.00136752
-1.44 0.84 0.0012383
-1.44 0.9 0.0011059
-1.44 0.96 0.000974079
-1.44 1.02 0.000846172
-1.44 1.08 0.000724954
-1.44 1.14 0.000612568
-1.44 1.2 0.000510487
-1.44 1.26 0.000419574
-1.44 1.32 0.000340107
-1.44 1.38 0.000271904
-1.44 1.44 0.000214388
-1.44 1.5 0.000166716
-1.44 1.56 0.000127862
-1.44 1.62 9.67162e-05
-1.44 1.68 7.21508e-05
-1.38 -1.32 1.0728e-05
-1.38 -1.26 1.57689e-05
-1.38 -1.2 2.28599e-05
-1.38 -1.14 3.26839e-05
-1.38 -1.08 4.60871e-05
-1.38 -1.02 6.40941e-05
-1.38 -0.96 8.79118e-05
-1.38 -0.9 0.000118923
-1.38 -0.84 0.000158661
-1.38 -0.78 0.000208769
-1.38 -0.72 0.000270926
-1.38 -0.66 0.000346754
-1.38 -0.6 0.000437709
-1.38 -0.54 0.000544922
-1.38 -0.48 0.00066907
-1.38 -0.42 0.000810221
-1.38 -0.36 0.000967649
-1.38 -0.3 0.0011398
-1.38 -0.24 0.0013241
-1.38 -0.18 0.00151707
-1.38 -0.12 0.00171426
-1.38 -0.06 0.00191048
-1.38 9.71445e-15 0.00209988
-1.38 0.06 0.00227633
-1.38 0.12 0.00243367
-1.38 0.18 0.00256616
-1.38 0.24 0.00266864
-1.38 0.3 0.00273709
-1.38 0.36 0.00276867
-1.38 0.42 0.00276216
-1.38 0.48 0.00271775
-1.38 0.54 0.00263733
-1.38 0.6 0.00252411
-1.38 0.66 0.00238252
-1.38 0.72 0.00221798
-1.38 0.78 0.00203641
-1.38 0.84 0.00184401
-1.38 0.9 0.00164683
-1.38 0.96 0.00145052
-1.38 1.02 0.00126005
-1.38 1.08 0.00107954
-1.38 1.14 0.000912193
-1.38 1.2 0.000760187
-1.38 1.26 0.000624797
-1.38 1.32 0.000506466
-1.38 1.38 0.000404898
-1.38 1.44 0.000319252
-1.38 1.5 0.000248264
-1.38 1.56 0.000190404
-1.38 1.62 0.000144024
-1.38 1.68 0.000107443
-1.38 1.74 7.9051e-05
-1.32 -1.38 1.05717e-05
-1.32 -1.32 1.57558e-05
-1.32 -1.26 2.31589e-05
-1.32 -1.2 3.35732e-05
-1.32 -1.14 4.80014e-05
-1.32 -1.08 6.76868e-05
-1.32 -1.02 9.41327e-05
-1.32 -0.96 0.000129113
-1.32 -0.9 0.000174657
-1.32 -0.84 0.000233021
-1.32 -0.78 0.000306609
-1.32 -0.72 0.000397895
-1.32 -0.66 0.000509258
-1.32 -0.6 0.000642842
-1.32 -0.54 0.000800307
-1.32 -0.48 0.000982645
-1.32 -0.42 0.00118993
-1.32 -0.36 0.00142116
-1.32 -0.3 0.00167397
-1.32 -0.24 0.00194464
-1.32 -0.18 0.00222807
-1.32 -0.12 0.00251768
-1.32 -0.06 0.00280586
-1.32 9.71445e-15 0.00308401
-1.32 0.06 0.00334313
-1.32 0.12 0.00357426
-1.32 0.18 0.0037688
-1.32 0.24 0.00391935
-1.32 0.3 0.00401984
-1.32 0.36 0.00406622
-1.32 0.42 0.00405668
-1.32 0.48 0.00399146
-1.32 0.54 0.00387333
-1.32 0.6 0.00370703
-1.32 0.66 0.00349913
-1.32 0.72 0.00325746
-1.32 0.78 0.0029908
-1.32 0.84 0.0027082
-1.32 0.9 0.00241864
-1.32 0.96 0.00213034
-1.32 1.02 0.0018506
-1.32 1.08 0.00158549
-1.32 1.14 0.0013397
-1.32 1.2 0.00111645
-1.32 1.26 0.000917618
-1.32 1.32 0.000743824
-1.32 1.38 0.000594661
-1.32 1.44 0.00046887
-1.32 1.5 0.000364613
-1.32 1.56 0.000279638
-1.32 1.62 0.000211521
-1.32 1.68 0.000157796
-1.32 1.74 0.000116099
-1.32 1.8 8.42463e-05
-1.26 -1.44 1.01333e-05
-1.26 -1.38 1.53128e-05
-1.26 -1.32 2.28219e-05
-1.26 -1.26 3.35453e-05
-1.26 -1.2 4.86301e-05
-1.26 -1.14 6.95289e-05
-1.26 -1.08 9.8042e-05
-1.26 -1.02 0.00013635
-1.26 -0.96 0.000187017
-1.26 -0.9 0.000252987
-1.26 -0.84 0.000337521
-1.26 -0.78 0.000444114
-1.26 -0.72 0.000576345
-1.26 -0.66 0.000737654
-1.26 -0.6 0.00093114
-1.26 -0.54 0.00115922
-1.26 -0.48 0.00142333
-1.26 -0.42 0.0017236
-1.26 -0.36 0.0020585
-1.26 -0.3 0.0024247
-1.26 -0.24 0.00281678
-1.26 -0.18 0.0032273
-1.26 -0.12 0.00364678
-1.26 -0.06 0.0040642
-1.26 9.71445e-15 0.00446713
-1.26 0.06 0.00484249
-1.26 0.12 0.00517719
-1.26 0.18 0.00545905
-1.26 0.24 0.00567703
-1.26 0.3 0.00582263
-1.26 0.36 0.00588987
-1.26 0.42 0.00587599
-1.26 0.48 0.00578155
-1.26 0.54 0.00561041
-1.26 0.6 0.00536955
-1.26 0.66 0.00506834
-1.26 0.72 0.00471834
-1.26 0.78 0.00433206
-1.26 0.84 0.00392278
-1.26 0.9 0.00350334
-1.26 0.96 0.00308571
-1.26 1.02 0.00268053
-1.26 1.08 0.00229653
-1.26 1.14 0.00194052
-1.26 1.2 0.00161715
-1.26 1.26 0.00132913
-1.26 1.32 0.00107741
-1.26 1.38 0.000861339
-1.26 1.44 0.000679152
-1.26 1.5 0.000528136
-1.26 1.56 0.00040505
-1.26 1.62 0.000306383
-1.26 1.68 0.000228565
-1.26 1.74 0.000168167
-1.26 1.8 0.000122028
-1.26 1.86 8.73321e-05
-1.2 -1.44 1.4476e-05
-1.2 -1.38 2.18755e-05
-1.2 -1.32 3.26024e-05
-1.2 -1.26 4.79219e-05
-1.2 -1.2 6.94707e-05
-1.2 -1.14 9.93266e-05
-1.2 -1.08 0.00014006
-1.2 -1.02 0.000194783
-1.2 -0.96 0.000267167
-1.2 -0.9 0.000361406
-1.2 -0.84 0.00048217
-1.2 -0.78 0.000634451
-1.2 -0.72 0.000823343
-1.2 -0.66 0.00105379
-1.2 -0.6 0.00133019
-1.2 -0.54 0.00165602
-1.2 -0.48 0.00203331
-1.2 -0.42 0.00246226
-1.2 -0.36 0.00294069
-1.2 -0.3 0.00346383
-1.2 -0.24 0.00402396
-1.2 -0.18 0.00461035
-1.2 -0.12 0.00520967
-1.2 -0.06 0.00580588
-1.2 9.71445e-15 0.00638153
-1.2 0.06 0.0069178
-1.2 0.12 0.00739601
-1.2 0.18 0.00779857
-1.2 0.24 0.00811002
-1.2 0.3 0.00831798
-1.2 0.36 0.00841406
-1.2 0.42 0.00839413
-1.2 0.48 0.00825929
-1.2 0.54 0.00801484
-1.2 0.6 0.00767071
-1.2 0.66 0.00724046
-1.2 0.72 0.00674037
-1.2 0.78 0.00618864
-1.2 0.84 0.00560396
-1.2 0.9 0.00500471
-1.2 0.96 0.00440812
-1.2 1.02 0.00382931
-1.2 1.08 0.00328076
-1.2 1.14 0.00277213
-1.2 1.2 0.00231019
-1.2 1.26 0.00189875
-1.2 1.32 0.00153913
-1.2 1.38 0.00123049
-1.2 1.44 0.000970216
-1.2 1.5 0.000754469
-1.2 1.56 0.00057864
-1.2 1.62 0.000437683
-1.2 1.68 0.000326518
-1.2 1.74 0.000240238
-1.2 1.8 0.000174326
-1.2 1.86 0.000124759
-1.2 1.92 8.80587e-05
-1.14 -1.5 1.33114e-05
-1.14 -1.44 2.03958e-05
-1.14 -1.38 3.08209e-05
-1.14 -1.32 4.59344e-05
-1.14 -1.26 6.75181e-05
-1.14 -1.2 9.78797e-05
-1.14 -1.14 0.000139943
-1.14 -1.08 0.000197334
-1.14 -1.02 0.000274434
-1.14 -0.96 0.000376415
-1.14 -0.9 0.000509191
-1.14 -0.84 0.000679348
-1.14 -0.78 0.000893895
-1.14 -0.72 0.00116003
-1.14 -0.66 0.00148471
-1.14 -0.6 0.00187415
-1.14 -0.54 0.00233321
-1.14 -0.48 0.00286478
-1.14 -0.42 0.00346912
-1.14 -0.36 0.00414324
-1.14 -0.3 0.00488031
-1.14 -0.24 0.00566942
-1.14 -0.18 0.00649568
-1.14 -0.12 0.00734007
-1.14 -0.06 0.00818018
-1.14 9.71445e-15 0.00899105
-1.14 0.06 0.00974657
-1.14 0.12 0.0104204
-1.14 0.18 0.0109875
-1.14 0.24 0.0114264
-1.14 0.3 0.0117195
-1.14 0.36 0.0118547
-1.14 0.42 0.0118268
-1.14 0.48 0.0116366
-1.14 0.54 0.0112923
-1.14 0.6 0.0108075
-1.14 0.66 0.0102014
-1.14 0.72 0.00949673
-1.14 0.78 0.00871941
-1.14 0.84 0.00789554
-1.14 0.9 0.00705124
-1.14 0.96 0.00621078
-1.14 1.02 0.0053952
-1.14 1.08 0.00462236
-1.14 1.14 0.00390576
-1.14 1.2 0.0032549
-1.14 1.26 0.00267522
-1.14 1.32 0.00216853
-1.14 1.38 0.00173368
-1.14 1.44 0.00136695
-1.14 1.5 0.00106299
-1.14 1.56 0.000815256
-1.14 1.62 0.000616665
-1.14 1.68 0.000460037
-1.14 1.74 0.000338475
-1.14 1.8 0.000245612
-1.14 1.86 0.000175775
-1.14 1.92 0.000124068
-1.14 1.98 8.63674e-05
-1.08 -1.56 1.19063e-05
-1.08 -1.5 1.84969e-05
-1.08 -1.44 2.8341e-05
-1.08 -1.38 4.28275e-05
-1.08 -1.32 6.38286e-05
-1.08 -1.26 9.38202e-05
-1.08 -1.2 0.000136009
-1.08 -1.14 0.000194461
-1.08 -1.08 0.000274209
-1.08 -1.02 0.000381345
-1.08 -0.96 0.000523055
-1.08 -0.9 0.000707559
-1.08 -0.84 0.000943993
-1.08 -0.78 0.00124212
-1.08 -0.72 0.00161193
-1.08 -0.66 0.00206309
-1.08 -0.6 0.00260422
-1.08 -0.54 0.00324214
-1.08 -0.48 0.00398081
-1.08 -0.42 0.00482057
-1.08 -0.36 0.00575729
-1.08 -0.3 0.00678143
-1.08 -0.24 0.00787801
-1.08 -0.18 0.00902618
-1.08 -0.12 0.0101995
-1.08 -0.06 0.0113668
-1.08 9.71445e-15 0.0124937
-1.08 0.06 0.0135435
-1.08 0.12 0.0144798
-1.08 0.18 0.0152679
-1.08 0.24 0.0158778
-1.08 0.3 0.0162848
-1.08 0.36 0.0164728
-1.08 0.42 0.016434
-1.08 0.48 0.0161699
-1.08 0.54 0.0156912
-1.08 0.6 0.0150176
-1.08 0.66 0.0141754
-1.08 0.72 0.0131963
-1.08 0.78 0.012116
-1.08 0.84 0.0109713
-1.08 0.9 0.00979822
-1.08 0.96 0.00863019
-1.08 1.02 0.00749702
-1.08 1.08 0.00642304
-1.08 1.14 0.00542726
-1.08 1.2 0.00452286
-1.08 1.26 0.00371738
-1.08 1.32 0.0030133
-1.08 1.38 0.00240903
-1.08 1.44 0.00189947
-1.08 1.5 0.00147709
-1.08 1.56 0.00113285
-1.08 1.62 0.000856892
-1.08 1.68 0.000639251
-1.08 1.74 0.000470334
-1.08 1.8 0.000341294
-1.08 1.86 0.000244251
-1.08 1.92 0.000172401
-1.08 1.98 0.000120012
-1.08 2.04 8.23948e-05
-1.02 -1.56 1.63171e-05
-1.02 -1.5 2.53494e-05
-1.02 -1.44 3.88405e-05
-1.02 -1.38 5.86932e-05
-1.02 -1.32 8.74746e-05
-1.02 -1.26 0.000128577
-1.02 -1.2 0.000186396
-1.02 -1.14 0.000266499
-1.02 -1.08 0.000375789
-1.02 -1.02 0.000522614
-1.02 -0.96 0.00071682
-1.02 -0.9 0.000969674
-1.02 -0.84 0.00129371
-1.02 -0.78 0.00170227
-1.02 -0.72 0.00220908
-1.02 -0.66 0.00282738
-1.02 -0.6 0.00356901
-1.02 -0.54 0.00444323
-1.02 -0.48 0.00545552
-1.02 -0.42 0.00660638
-1.02 -0.36 0.00789013
-1.02 -0.3 0.00929375
-1.02 -0.24 0.0107965
-1.02 -0.18 0.01237
-1.02 -0.12 0.0139779
-1.02 -0.06 0.0155778
-1.02 9.71445e-15 0.017122
-1.02 0.06 0.0185607
-1.02 0.12 0.0198439
-1.02 0.18 0.0209238
-1.02 0.24 0.0217598
-1.02 0.3 0.0223178
-1.02 0.36 0.0225753
-1.02 0.42 0.0225222
-1.02 0.48 0.0221601
-1.02 0.54 0.0215043
-1.02 0.6 0.0205812
-1.02 0.66 0.0194268
-1.02 0.72 0.018085
-1.02 0.78 0.0166047
-1.02 0.84 0.0150357
-1.02 0.9 0.013428
-1.02 0.96 0.0118274
-1.02 1.02 0.0102743
-1.02 1.08 0.00880253
-1.02 1.14 0.00743789
-1.02 1.2 0.00619842
-1.02 1.26 0.00509453
-1.02 1.32 0.00412962
-1.02 1.38 0.00330151
-1.02 1.44 0.00260313
-1.02 1.5 0.00202429
-1.02 1.56 0.00155252
-1.02 1.62 0.00117434
-1.02 1.68 0.000876066
-1.02 1.74 0.000644569
-1.02 1.8 0.000467727
-1.02 1.86 0.000334734
-1.02 1.92 0.000236267
-1.02 1.98 0.000164473
-1.02 2.04 0.000112919
-1.02 2.1 7.64601e-05
-0.96 -1.62 1.4001e-05
-0.96 -1.56 2.20543e-05
-0.96 -1.5 3.42627e-05
-0.96 -1.44 5.24974e-05
-0.96 -1.38 7.93315e-05
-0.96 -1.32 0.000118232
-0.96 -1.26 0.000173789
-0.96 -1.2 0.000251936
-0.96 -1.14 0.000360207
-0.96 -1.08 0.000507928
-0.96 -1.02 0.00070638
-0.96 -0.96 0.000968879
-0.96 -0.9 0.00131063
-0.96 -0.84 0.00174859
-0.96 -0.78 0.00230084
-0.96 -0.72 0.00298584
-0.96 -0.66 0.00382157
-0.96 -0.6 0.00482395
-0.96 -0.54 0.00600553
-0.96 -0.48 0.00737377
-0.96 -0.42 0.00892936
-0.96 -0.36 0.0106644
-0.96 -0.3 0.0125616
-0.96 -0.24 0.0145929
-0.96 -0.18 0.0167194
-0.96 -0.12 0.0188929
-0.96 -0.06 0.0210551
-0.96 9.71445e-15 0.0231425
-0.96 0.06 0.0250874
-0.96 0.12 0.0268216
-0.96 0.18 0.0282814
-0.96 0.24 0.0294109
-0.96 0.3 0.0301652
-0.96 0.36 0.0305135
-0.96 0.42 0.0304413
-0.96 0.48 0.0299522
-0.96 0.54 0.0290659
-0.96 0.6 0.0278179
-0.96 0.66 0.0262575
-0.96 0.72 0.024444
-0.96 0.78 0.0224432
-0.96 0.84 0.0203228
-0.96 0.9 0.0181495
-0.96 0.96 0.0159861
-0.96 1.02 0.013887
-0.96 1.08 0.0118977
-0.96 1.14 0.0100531
-0.96 1.2 0.0083779
-0.96 1.26 0.00688582
-0.96 1.32 0.00558168
-0.96 1.38 0.00446238
-0.96 1.44 0.00351848
-0.96 1.5 0.00273607
-0.96 1.56 0.00209844
-0.96 1.62 0.00158726
-0.96 1.68 0.00118411
-0.96 1.74 0.000871222
-0.96 1.8 0.000632193
-0.96 1.86 0.00045244
-0.96 1.92 0.000319344
-0.96 1.98 0.000222304
-0.96 2.04 0.000152625
-0.96 2.1 0.000103345
-0.9 -1.62 1.8664e-05
-0.9 -1.56 2.93995e-05
-0.9 -1.5 4.56739e-05
-0.9 -1.44 6.9981e-05
-0.9 -1.38 0.000105752
-0.9 -1.32 0.000157609
-0.9 -1.26 0.000231668
-0.9 -1.2 0.000335842
-0.9 -1.14 0.000480172
-0.9 -1.08 0.000677087
-0.9 -1.02 0.000941642
-0.9 -0.96 0.00129156
-0.9 -0.9 0.00174715
-0.9 -0.84 0.00233094
-0.9 -0.78 0.00306711
-0.9 -0.72 0.00398028
-0.9 -0.66 0.00509432
-0.9 -0.6 0.0064305
-0.9 -0.54 0.00800564
-0.9 -0.48 0.00982961
-0.9 -0.42 0.0119033
-0.9 -0.36 0.0142161
-0.9 -0.3 0.0167451
-0.9 -0.24 0.019453
-0.9 -0.18 0.0222879
-0.9 -0.12 0.025185
-0.9 -0.06 0.0280675
-0.9 9.71445e-15 0.0308503
-0.9 0.06 0.0334426
-0.9 0.12 0.0357542
-0.9 0.18 0.0377006
-0.9 0.24 0.0392059
-0.9 0.3 0.0402114
-0.9 0.36 0.040676
-0.9 0.42 0.0405799
-0.9 0.48 0.0399279
-0.9 0.54 0.0387461
-0.9 0.6 0.0370824
-0.9 0.66 0.0350023
-0.9 0.72 0.0325851
-0.9 0.78 0.0299174
-0.9 0.84 0.0270911
-0.9 0.9 0.0241943
-0.9 0.96 0.02131
-0.9 1.02 0.0185119
-0.9 1.08 0.0158601
-0.9 1.14 0.0134013
-0.9 1.2 0.0111681
-0.9 1.26 0.00917908
-0.9 1.32 0.00744064
-0.9 1.38 0.00594848
-0.9 1.44 0.00469029
-0.9 1.5 0.00364733
-0.9 1.56 0.00279732
-0.9 1.62 0.0021159
-0.9 1.68 0.00157849
-0.9 1.74 0.00116138
-0.9 1.8 0.000842737
-0.9 1.86 0.000603124
-0.9 1.92 0.000425699
-0.9 1.98 0.000296342
-0.9 2.04 0.000203456
-0.9 2.1 0.000137765
-0.9 2.16 9.20011e-05
-0.84 -1.62 2.45378e-05
-0.84 -1.56 3.86524e-05
-0.84 -1.5 6.00481e-05
-0.84 -1.44 9.20059e-05
-0.84 -1.38 0.000139034
-0.84 -1.32 0.000207211
-0.84 -1.26 0.000304575
-0.84 -1.2 0.000441536
-0.84 -1.14 0.00063129
-0.84 -1.08 0.000890186
-0.84 -1.02 0.001238
-0.84 -0.96 0.00169803
-0.84 -0.9 0.00229701
-0.84 -0.84 0.00306456
-0.84 -0.78 0.00403236
-0.84 -0.72 0.00523292
-0.84 -0.66 0.00669754
-0.84 -0.6 0.00845427
-0.84 -0.54 0.0105252
-0.84 -0.48 0.0129233
-0.84 -0.42 0.0156494
-0.84 -0.36 0.0186904
-0.84 -0.3 0.022015
-0.84 -0.24 0.0255752
-0.84 -0.18 0.0293025
-0.84 -0.12 0.0331114
-0.84 -0.06 0.0369012
-0.84 9.71445e-15 0.0405595
-0.84 0.06 0.0439674
-0.84 0.12 0.047007
-0.84 0.18 0.0495657
-0.84 0.24 0.0515453
-0.84 0.3 0.0528665
-0.84 0.36 0.0534773
-0.84 0.42 0.0533513
-0.84 0.48 0.052494
-0.84 0.54 0.0509399
-0.84 0.6 0.0487527
-0.84 0.66 0.0460186
-0.84 0.72 0.0428403
-0.84 0.78 0.0393333
-0.84 0.84 0.035617
-0.84 0.9 0.0318089
-0.84 0.96 0.0280169
-0.84 1.02 0.0243382
-0.84 1.08 0.0208516
-0.84 1.14 0.017619
-0.84 1.2 0.0146829
-0.84 1.26 0.012068
-0.84 1.32 0.00978238
-0.84 1.38 0.00782063
-0.84 1.44 0.00616637
-0.84 1.5 0.00479521
-0.84 1.56 0.00367768
-0.84 1.62 0.00278181
-0.84 1.68 0.00207526
-0.84 1.74 0.00152688
-0.84 1.8 0.00110797
-0.84 1.86 0.000792934
-0.84 1.92 0.00055968
-0.84 1.98 0.000389604
-0.84 2.04 0.000267486
-0.84 2.1 0.000181123
-0.84 2.16 0.000120956
-0.84 2.22 7.96657e-05
-0.78 -1.68 1.9921e-05
-0.78 -1.62 3.18172e-05
-0.78 -1.56 5.01183e-05
-0.78 -1.5 7.78618e-05
-0.78 -1.44 0.000119298
-0.78 -1.38 0.000180279
-0.78 -1.32 0.000268682
-0.78 -1.26 0.00039493
-0.78 -1.2 0.000572522
-0.78 -1.14 0.000818567
-0.78 -1.08 0.00115426
-0.78 -1.02 0.00160524
-0.78 -0.96 0.00220176
-0.78 -0.9 0.00297841
-0.78 -0.84 0.00397365
-0.78 -0.78 0.00522859
-0.78 -0.72 0.00678532
-0.78 -0.66 0.00868443
-0.78 -0.6 0.0109623
-0.78 -0.54 0.0136475
-0.78 -0.48 0.0167568
-0.78 -0.42 0.0202919
-0.78 -0.36 0.0242347
-0.78 -0.3 0.028546
-0.78 -0.24 0.033162
-0.78 -0.18 0.0379948
-0.78 -0.12 0.0429334
-0.78 -0.06 0.0478474
-0.78 9.71445e-15 0.0525913
-0.78 0.06 0.0570107
-0.78 0.12 0.0609515
-0.78 0.18 0.0642693
-0.78 0.24 0.066836
-0.78 0.3 0.0685498
-0.78 0.36 0.0693414
-0.78 0.42 0.0691777
-0.78 0.48 0.068066
-0.78 0.54 0.0660513
-0.78 0.6 0.0632157
-0.78 0.66 0.0596699
-0.78 0.72 0.0555488
-0.78 0.78 0.0510014
-0.78 0.84 0.0461829
-0.78 0.9 0.0412447
-0.78 0.96 0.0363279
-0.78 1.02 0.0315579
-0.78 1.08 0.0270371
-0.78 1.14 0.0228456
-0.78 1.2 0.0190387
-0.78 1.26 0.015648
-0.78 1.32 0.0126843
-0.78 1.38 0.0101406
-0.78 1.44 0.00799568
-0.78 1.5 0.00621772
-0.78 1.56 0.00476865
-0.78 1.62 0.00360703
-0.78 1.68 0.00269089
-0.78 1.74 0.00197984
-0.78 1.8 0.00143664
-0.78 1.86 0.00102816
-0.78 1.92 0.000725704
-0.78 1.98 0.000505184
-0.78 2.04 0.000346837
-0.78 2.1 0.000234851
-0.78 2.16 0.000156836
-0.78 2.22 0.000103298
-0.72 -1.68 2.54754e-05
-0.72 -1.62 4.06882e-05
-0.72 -1.56 6.40928e-05
-0.72 -1.5 9.95706e-05
-0.72 -1.44 0.000152563
-0.72 -1.38 0.000230545
-0.72 -1.32 0.000343595
-0.72 -1.26 0.000505044
-0.72 -1.2 0.000732146
-0.72 -1.14 0.0010468
-0.72 -1.08 0.0014761
-0.72 -1.02 0.00205283
-0.72 -0.96 0.00281566
-0.72 -0.9 0.00380888
-0.72 -0.84 0.0050816
-0.72 -0.78 0.00668644
-0.72 -0.72 0.00867714
-0.72 -0.66 0.0111058
-0.72 -0.6 0.0140187
-0.72 -0.54 0.0174528
-0.72 -0.48 0.0214292
-0.72 -0.42 0.0259496
-0.72 -0.36 0.0309921
-0.72 -0.3 0.036505
-0.72 -0.24 0.0424085
-0.72 -0.18 0.048589
-0.72 -0.12 0.054905
-0.72 -0.06 0.0611888
-0.72 9.71445e-15 0.0672552
-0.72 0.06 0.0729061
-0.72 0.12 0.0779466
-0.72 0.18 0.0821891
-0.72 0.24 0.0854718
-0.72 0.3 0.0876623
-0.72 0.36 0.0886755
-0.72 0.42 0.0884662
-0.72 0.48 0.0870449
-0.72 0.54 0.0844682
-0.72 0.6 0.0808409
-0.72 0.66 0.0763073
-0.72 0.72 0.0710371
-0.72 0.78 0.0652219
-0.72 0.84 0.0590597
-0.72 0.9 0.052745
-0.72 0.96 0.0464574
-0.72 1.02 0.0403573
-0.72 1.08 0.034576
-0.72 1.14 0.0292156
-0.72 1.2 0.024347
-0.72 1.26 0.020011
-0.72 1.32 0.0162209
-0.72 1.38 0.0129681
-0.72 1.44 0.010225
-0.72 1.5 0.00795133
-0.72 1.56 0.00609829
-0.72 1.62 0.00461275
-0.72 1.68 0.00344116
-0.72 1.74 0.00253186
-0.72 1.8 0.00183723
-0.72 1.86 0.00131483
-0.72 1.92 0.000928054
-0.72 1.98 0.000646037
-0.72 2.04 0.000443544
-0.72 2.1 0.000300335
-0.72 2.16 0.000200568
-0.72 2.22 0.0001321
-0.72 2.28 8.58099e-05
-0.66 -1.74 1.98411e-05
-0.66 -1.68 3.21309e-05
-0.66 -1.62 5.13179e-05
-0.66 -1.56 8.0836e-05
-0.66 -1.5 0.000125584
-0.66 -1.44 0.000192421
-0.66 -1.38 0.000290773
-0.66 -1.32 0.000433357
-0.66 -1.26 0.000636991
-0.66 -1.2 0.000923428
-0.66 -1.14 0.00132027
-0.66 -1.08 0.00186171
-0.66 -1.02 0.00258913
-0.66 -0.96 0.00355123
-0.66 -0.9 0.00480392
-0.66 -0.84 0.00640912
-0.66 -0.78 0.00843329
-0.66 -0.72 0.0109441
-0.66 -0.66 0.0140073
-0.66 -0.6 0.0176813
-0.66 -0.54 0.022012
-0.66 -0.48 0.0270273
-0.66 -0.42 0.0327289
-0.66 -0.36 0.0390883
-0.66 -0.3 0.0460423
-0.66 -0.24 0.0534878
-0.66 -0.18 0.0612823
-0.66 -0.12 0.0692488
-0.66 -0.06 0.0771744
-0.66 9.71445e-15 0.0848252
-0.66 0.06 0.0919532
-0.66 0.12 0.098309
-0.66 0.18 0.103661
-0.66 0.24 0.1078
-0.66 0.3 0.110565
-0.66 0.36 0.111842
-0.66 0.42 0.111578
-0.66 0.48 0.109785
-0.66 0.54 0.106536
-0.66 0.6 0.101962
-0.66 0.66 0.0962417
-0.66 0.72 0.0895957
-0.66 0.78 0.0822609
-0.66 0.84 0.0744896
-0.66 0.9 0.0665243
-0.66 0.96 0.0585943
-0.66 1.02 0.0509001
-0.66 1.08 0.0436089
-0.66 1.14 0.0368483
-0.66 1.2 0.0307078
-0.66 1.26 0.0252386
-0.66 1.32 0.0204588
-0.66 1.38 0.016356
-0.66 1.44 0.0128963
-0.66 1.5 0.0100286
-0.66 1.56 0.00769149
-0.66 1.62 0.00581786
-0.66 1.68 0.00434016
-0.66 1.74 0.0031933
-0.66 1.8 0.00231719
-0.66 1.86 0.00165834
-0.66 1.92 0.0011705
-0.66 1.98 0.000814814
-0.66 2.04 0.000559423
-0.66 2.1 0.000378795
-0.66 2.16 0.000252966
-0.66 2.22 0.000166612
-0.66 2.28 0.000108228
-0.6 -1.74 2.46804e-05
-0.6 -1.68 3.99681e-05
-0.6 -1.62 6.38356e-05
-0.6 -1.56 0.000100553
-0.6 -1.5 0.000156217
-0.6 -1.44 0.000239353
-0.6 -1.38 0.000361696
-0.6 -1.32 0.000539064
-0.6 -1.26 0.000792358
-0.6 -1.2 0.00114867
-0.6 -1.14 0.00164231
-0.6 -1.08 0.00231579
-0.6 -1.02 0.00322061
-0.6 -0.96 0.00441741
-0.6 -0.9 0.00597564
-0.6 -0.84 0.00797244
-0.6 -0.78 0.0104903
-0.6 -0.72 0.0136135
-0.6 -0.66 0.0174238
-0.6 -0.6 0.0219941
-0.6 -0.54 0.0273814
-0.6 -0.48 0.0336195
-0.6 -0.42 0.0407121
-0.6 -0.36 0.0486227
-0.6 -0.3 0.0572728
-0.6 -0.24 0.0665336
-0.6 -0.18 0.07623
-0.6 -0.12 0.0861384
-0.6 -0.06 0.095998
-0.6 9.71445e-15 0.105515
-0.6 0.06 0.114381
-0.6 0.12 0.122287
-0.6 0.18 0.128944
-0.6 0.24 0.134094
-0.6 0.3 0.137534
-0.6 0.36 0.139121
-0.6 0.42 0.138793
-0.6 0.48 0.136562
-0.6 0.54 0.132521
-0.6 0.6 0.126832
-0.6 0.66 0.119717
-0.6 0.72 0.111449
-0.6 0.78 0.102326
-0.6 0.84 0.0926581
-0.6 0.9 0.0827499
-0.6 0.96 0.0728859
-0.6 1.02 0.0633151
-0.6 1.08 0.0542451
-0.6 1.14 0.045836
-0.6 1.2 0.038198
-0.6 1.26 0.0313949
-0.6 1.32 0.025449
-0.6 1.38 0.0203454
-0.6 1.44 0.0160418
-0.6 1.5 0.0124748
-0.6 1.56 0.00956745
-0.6 1.62 0.00723692
-0.6 1.68 0.00539879
-0.6 1.74 0.00397217
-0.6 1.8 0.00288234
-0.6 1.86 0.00206281
-0.6 1.92 0.00145599
-0.6 1.98 0.00101357
-0.6 2.04 0.00069587
-0.6 2.1 0.000471187
-0.6 2.16 0.000314665
-0.6 2.22 0.000207251
-0.6 2.28 0.000134626
-0.6 2.34 8.62483e-05
-0.54 -1.74 3.0278e-05
-0.54 -1.68 4.9033e-05
-0.54 -1.62 7.83141e-05
-0.54 -1.56 0.00012336
-0.54 -1.5 0.000191647
-0.54 -1.44 0.00029364
-0.54 -1.38 0.000443736
-0.54 -1.32 0.00066133
-0.54 -1.26 0.000972077
-0.54 -1.2 0.00140919
-0.54 -1.14 0.00201481
-0.54 -1.08 0.00284107
-0.54 -1.02 0.00395111
-0.54 -0.96 0.00541938
-0.54 -0.9 0.00733099
-0.54 -0.84 0.00978067
-0.54 -0.78 0.0128696
-0.54 -0.72 0.0167012
-0.54 -0.66 0.0213758
-0.54 -0.6 0.0269824
-0.54 -0.54 0.0335918
-0.54 -0.48 0.041245
-0.54 -0.42 0.0499461
-0.54 -0.36 0.059651
-0.54 -0.3 0.0702624
-0.54 -0.24 0.0816245
-0.54 -0.18 0.0935196
-0.54 -0.12 0.105676
-0.54 -0.06 0.117771
-0.54 9.71445e-15 0.129447
-0.54 0.06 0.140325
-0.54 0.12 0.150025
-0.54 0.18 0.158191
-0.54 0.24 0.164509
-0.54 0.3 0.168727
-0.54 0.36 0.170676
-0.54 0.42 0.170272
-0.54 0.48 0.167537
-0.54 0.54 0.162578
-0.54 0.6 0.155598
-0.54 0.66 0.146871
-0.54 0.72 0.136726
-0.54 0.78 0.125534
-0.54 0.84 0.113674
-0.54 0.9 0.101519
-0.54 0.96 0.089417
-0.54 1.02 0.0776764
-0.54 1.08 0.0665489
-0.54 1.14 0.0562314
-0.54 1.2 0.0468615
-0.54 1.26 0.0385156
-0.54 1.32 0.0312208
-0.54 1.38 0.02496
-0.54 1.44 0.0196805
-0.54 1.5 0.0153042
-0.54 1.56 0.0117375
-0.54 1.62 0.00887826
-0.54 1.68 0.00662332
-0.54 1.74 0.00487315
-0.54 1.8 0.00353614
-0.54 1.86 0.0025307
-0.54 1.92 0.00178624
-0.54 1.98 0.00124345
-0.54 2.04 0.0008537
-0.54 2.1 0.000578058
-0.54 2.16 0.000386034
-0.54 2.22 0.000254255
-0.54 2.28 0.000165161
-0.54 2.34 0.000105811
-0.48 -1.74 3.6635e-05
-0.48 -1.68 5.93278e-05
-0.48 -1.62 9.47564e-05
-0.48 -1.56 0.00014926
-0.48 -1.5 0.000231885
-0.48 -1.44 0.000355292
-0.48 -1.38 0.000536896
-0.48 -1.32 0.000800177
-0.48 -1.26 0.00117616
-0.48 -1.2 0.00170506
-0.48 -1.14 0.00243781
-0.48 -1.08 0.00343753
-0.48 -1.02 0.00478061
-0.48 -0.96 0.00655712
-0.48 -0.9 0.0088701
-0.48 -0.84 0.0118342
-0.48 -0.78 0.0155716
-0.48 -0.72 0.0202077
-0.48 -0.66 0.0258635
-0.48 -0.6 0.0326476
-0.48 -0.54 0.0406445
-0.48 -0.48 0.0499042
-0.48 -0.42 0.0604322
-0.48 -0.36 0.0721748
-0.48 -0.3 0.0850148
-0.48 -0.24 0.0987612
-0.48 -0.18 0.113154
-0.48 -0.12 0.127863
-0.48 -0.06 0.142498
-0.48 9.71445e-15 0.156624
-0.48 0.06 0.169785
-0.48 0.12 0.181522
-0.48 0.18 0.191402
-0.48 0.24 0.199048
-0.48 0.3 0.204153
-0.48 0.36 0.206508
-0.48 0.42 0.206022
-0.48 0.48 0.202709
-0.48 0.54 0.196712
-0.48 0.6 0.188267
-0.48 0.66 0.177707
-0.48 0.72 0.165433
-0.48 0.78 0.151891
-0.48 0.84 0.13754
-0.48 0.9 0.122832
-0.48 0.96 0.108191
-0.48 1.02 0.0939841
-0.48 1.08 0.0805208
-0.48 1.14 0.0680379
-0.48 1.2 0.0567003
-0.48 1.26 0.0466022
-0.48 1.32 0.0377759
-0.48 1.38 0.0302005
-0.48 1.44 0.0238122
-0.48 1.5 0.0185173
-0.48 1.56 0.0142017
-0.48 1.62 0.0107423
-0.48 1.68 0.00801386
-0.48 1.74 0.00589621
-0.48 1.8 0.00427852
-0.48 1.86 0.00306199
-0.48 1.92 0.00216125
-0.48 1.98 0.00150452
-0.48 2.04 0.00103294
-0.48 2.1 0.000699419
-0.48 2.16 0.000467082
-0.48 2.22 0.000307638
-0.48 2.28 0.000199836
-0.48 2.34 0.000128026
-0.48 2.4 8.08919e-05
-0.42 -1.8 2.66246e-05
-0.42 -1.74 4.37174e-05
-0.42 -1.68 7.07967e-05
-0.42 -1.62 0.000113074
-0.42 -1.56 0.000178113
-0.42 -1.5 0.000276711
-0.42 -1.44 0.000423975
-0.42 -1.38 0.000640691
-0.42 -1.32 0.00095486
-0.42 -1.26 0.00140354
-0.42 -1.2 0.00203467
-0.42 -1.14 0.00290908
-0.42 -1.08 0.00410209
-0.42 -1.02 0.00570485
-0.42 -0.96 0.00782479
-0.42 -0.9 0.0105849
-0.42 -0.84 0.0141218
-0.42 -0.78 0.0185819
-0.42 -0.72 0.0241141
-0.42 -0.66 0.0308636
-0.42 -0.6 0.0389588
-0.42 -0.54 0.0485014
-0.42 -0.48 0.0595514
-0.42 -0.42 0.0721148
-0.42 -0.36 0.0861267
-0.42 -0.3 0.101449
-0.42 -0.24 0.117854
-0.42 -0.18 0.135028
-0.42 -0.12 0.152581
-0.42 -0.06 0.170044
-0.42 9.71445e-15 0.186903
-0.42 0.06 0.202609
-0.42 0.12 0.216614
-0.42 0.18 0.228405
-0.42 0.24 0.237526
-0.42 0.3 0.243619
-0.42 0.36 0.246432
-0.42 0.42 0.245849
-0.42 0.48 0.241899
-0.42 0.54 0.23474
-0.42 0.6 0.224662
-0.42 0.66 0.212059
-0.42 0.72 0.197414
-0.42 0.78 0.181254
-0.42 0.84 0.16413
-0.42 0.9 0.146579
-0.42 0.96 0.129106
-0.42 1.02 0.112153
-0.42 1.08 0.096087
-0.42 1.14 0.0811909
-0.42 1.2 0.0676611
-0.42 1.26 0.0556107
-0.42 1.32 0.0450785
-0.42 1.38 0.0360387
-0.42 1.44 0.0284158
-0.42 1.5 0.0220969
-0.42 1.56 0.0169473
-0.42 1.62 0.012819
-0.42 1.68 0.00956309
-0.42 1.74 0.00703611
-0.42 1.8 0.00510566
-0.42 1.86 0.00365397
-0.42 1.92 0.00257906
-0.42 1.98 0.00179535
-0.42 2.04 0.00123263
-0.42 2.1 0.000834632
-0.42 2.16 0.000557381
-0.42 2.22 0.000367109
-0.42 2.28 0.000238468
-0.42 2.34 0.000152776
-0.42 2.4 9.65303e-05
-0.36 -1.8 3.13351e-05
-0.36 -1.74 5.14516e-05
-0.36 -1.68 8.33221e-05
-0.36 -1.62 0.000133079
-0.36 -1.56 0.000209626
-0.36 -1.5 0.000325667
-0.36 -1.44 0.000498982
-0.36 -1.38 0.000754034
-0.36 -1.32 0.00112379
-0.36 -1.26 0.00165185
-0.36 -1.2 0.00239464
-0.36 -1.14 0.00342375
-0.36 -1.08 0.0048278
-0.36 -1.02 0.00671415
-0.36 -0.96 0.00920909
-0.36 -0.9 0.0124576
-0.36 -0.84 0.0166202
-0.36 -0.78 0.0218692
-0.36 -0.72 0.0283804
-0.36 -0.66 0.0363237
-0.36 -0.6 0.0458511
-0.36 -0.54 0.0570821
-0.36 -0.48 0.0700878
-0.36 -0.42 0.0848735
-0.36 -0.36 0.101365
-0.36 -0.3 0.119397
-0.36 -0.24 0.138705
-0.36 -0.18 0.158919
-0.36 -0.12 0.179576
-0.36 -0.06 0.200129
-0.36 9.71445e-15 0.21997
-0.36 0.06 0.238454
-0.36 0.12 0.254936
-0.36 0.18 0.268815
-0.36 0.24 0.279549
-0.36 0.3 0.286717
-0.36 0.36 0.29003
-0.36 0.42 0.289345
-0.36 0.48 0.284696
-0.36 0.54 0.276269
-0.36 0.6 0.264407
-0.36 0.66 0.249575
-0.36 0.72 0.23234
-0.36 0.78 0.213318
-0.36 0.84 0.193166
-0.36 0.9 0.172512
-0.36 0.96 0.151946
-0.36 1.02 0.131995
-0.36 1.08 0.113086
-0.36 1.14 0.0955549
-0.36 1.2 0.0796318
-0.36 1.26 0.0654491
-0.36 1.32 0.0530538
-0.36 1.38 0.0424141
-0.36 1.44 0.0334429
-0.36 1.5 0.0260064
-0.36 1.56 0.0199456
-0.36 1.62 0.0150869
-0.36 1.68 0.011255
-0.36 1.74 0.00828089
-0.36 1.8 0.00600894
-0.36 1.86 0.00430042
-0.36 1.92 0.00303535
-0.36 1.98 0.00211299
-0.36 2.04 0.00145069
-0.36 2.1 0.000982299
-0.36 2.16 0.000655991
-0.36 2.22 0.000432059
-0.36 2.28 0.000280659
-0.36 2.34 0.000179804
-0.36 2.4 0.000113609
-0.36 2.46 7.07966e-05
-0.3 -1.8 3.63719e-05
-0.3 -1.74 5.97219e-05
-0.3 -1.68 9.67152e-05
-0.3 -1.62 0.000154469
-0.3 -1.56 0.000243323
-0.3 -1.5 0.000378012
-0.3 -1.44 0.000579192
-0.3 -1.38 0.000875238
-0.3 -1.32 0.00130443
-0.3 -1.26 0.00191734
-0.3 -1.2 0.00277954
-0.3 -1.14 0.00397407
-0.3 -1.08 0.00560384
-0.3 -1.02 0.00779334
-0.3 -0.96 0.0106893
-0.3 -0.9 0.01446
-0.3 -0.84 0.0192919
-0.3 -0.78 0.0253842
-0.3 -0.72 0.032942
-0.3 -0.66 0.0421618
-0.3 -0.6 0.053221
-0.3 -0.54 0.0662579
-0.3 -0.48 0.0813538
-0.3 -0.42 0.0985152
-0.3 -0.36 0.117659
-0.3 -0.3 0.138588
-0.3 -0.24 0.160999
-0.3 -0.18 0.184464
-0.3 -0.12 0.20844
-0.3 -0.06 0.232299
-0.3 9.71445e-15 0.255328
-0.3 0.06 0.27678
-0.3 0.12 0.295916
-0.3 0.18 0.312023
-0.3 0.24 0.324486
-0.3 0.3 0.332803
-0.3 0.36 0.336647
-0.3 0.42 0.335855
-0.3 0.48 0.330457
-0.3 0.54 0.320674
-0.3 0.6 0.306906
-0.3 0.66 0.289695
-0.3 0.72 0.269687
-0.3 0.78 0.247609
-0.3 0.84 0.224213
-0.3 0.9 0.200241
-0.3 0.96 0.176371
-0.3 1.02 0.153213
-0.3 1.08 0.131264
-0.3 1.14 0.110915
-0.3 1.2 0.0924313
-0.3 1.26 0.07597
-0.3 1.32 0.0615816
-0.3 1.38 0.0492321
-0.3 1.44 0.0388181
-0.3 1.5 0.0301866
-0.3 1.56 0.0231514
-0.3 1.62 0.017512
-0.3 1.68 0.013064
-0.3 1.74 0.00961191
-0.3 1.8 0.00697483
-0.3 1.86 0.00499162
-0.3 1.92 0.00352326
-0.3 1.98 0.00245262
-0.3 2.04 0.00168386
-0.3 2.1 0.00114019
-0.3 2.16 0.00076143
-0.3 2.22 0.000501508
-0.3 2.28 0.000325769
-0.3 2.34 0.000208706
-0.3 2.4 0.00013187
-0.3 2.46 8.21761e-05
-0.24 -1.8 4.16375e-05
-0.24 -1.74 6.83683e-05
-0.24 -1.68 0.000110718
-0.24 -1.62 0.000176835
-0.24 -1.56 0.00027855
-0.24 -1.5 0.000432745
-0.24 -1.44 0.000663045
-0.24 -1.38 0.00100196
-0.24 -1.32 0.0014933
-0.24 -1.26 0.00219495
-0.24 -1.2 0.003182
-0.24 -1.14 0.00454947
-0.24 -1.08 0.00641517
-0.24 -1.02 0.00892165
-0.24 -0.96 0.012237
-0.24 -0.9 0.0165535
-0.24 -0.84 0.022085
-0.24 -0.78 0.0290596
-0.24 -0.72 0.0377118
-0.24 -0.66 0.0482665
-0.24 -0.6 0.0609271
-0.24 -0.54 0.075851
-0.24 -0.48 0.0931317
-0.24 -0.42 0.112779
-0.24 -0.36 0.134693
-0.24 -0.3 0.158655
-0.24 -0.24 0.184309
-0.24 -0.18 0.211169
-0.24 -0.12 0.238617
-0.24 -0.06 0.265929
-0.24 9.71445e-15 0.292294
-0.24 0.06 0.316856
-0.24 0.12 0.338759
-0.24 0.18 0.357198
-0.24 0.24 0.371465
-0.24 0.3 0.380991
-0.24 0.36 0.385388
-0.24 0.42 0.38448
-0.24 0.48 0.3783
-0.24 0.54 0.367103
-0.24 0.6 0.351345
-0.24 0.66 0.331637
-0.24 0.72 0.308733
-0.24 0.78 0.28346
-0.24 0.84 0.256677
-0.24 0.9 0.229231
-0.24 0.96 0.201906
-0.24 1.02 0.175394
-0.24 1.08 0.150267
-0.24 1.14 0.126973
-0.24 1.2 0.105815
-0.24 1.26 0.0869693
-0.24 1.32 0.0704976
-0.24 1.38 0.05636
-0.24 1.44 0.0444387
-0.24 1.5 0.0345572
-0.24 1.56 0.0265033
-0.24 1.62 0.0200474
-0.24 1.68 0.0149556
-0.24 1.74 0.0110036
-0.24 1.8 0.00798462
-0.24 1.86 0.00571435
-0.24 1.92 0.00403335
-0.24 1.98 0.00280774
-0.24 2.04 0.00192766
-0.24 2.1 0.00130527
-0.24 2.16 0.000871668
-0.24 2.22 0.000574117
-0.24 2.28 0.000372937
-0.24 2.34 0.000238923
-0.24 2.4 0.000150962
-0.24 2.46 9.40745e-05
-0.18 -1.8 4.70112e-05
-0.18 -1.74 7.71915e-05
-0.18 -1.68 0.000125006
-0.18 -1.62 0.000199654
-0.18 -1.56 0.000314498
-0.18 -1.5 0.000488587
-0.18 -1.44 0.000748615
-0.18 -1.38 0.00113126
-0.18 -1.32 0.00168599
-0.18 -1.26 0.0024782
-0.18 -1.2 0.0035926
-0.18 -1.14 0.00513654
-0.18 -1.08 0.00724306
-0.18 -1.02 0.010073
-0.18 -0.96 0.0138161
-0.18 -0.9 0.0186898
-0.18 -0.84 0.024935
-0.18 -0.78 0.0328095
-0.18 -0.72 0.0425781
-0.18 -0.66 0.054495
-0.18 -0.6 0.0687889
-0.18 -0.54 0.0856392
-0.18 -0.48 0.105151
-0.18 -0.42 0.127333
-0.18 -0.36 0.152076
-0.18 -0.3 0.179127
-0.18 -0.24 0.208094
-0.18 -0.18 0.238422
-0.18 -0.12 0.269413
-0.18 -0.06 0.30025
-0.18 9.71445e-15 0.330016
-0.18 0.06 0.357744
-0.18 0.12 0.382476
-0.18 0.18 0.403295
-0.18 0.24 0.419403
-0.18 0.3 0.430153
-0.18 0.36 0.435122
-0.18 0.42 0.434098
-0.18 0.48 0.427121
-0.18 0.54 0.414476
-0.18 0.6 0.396681
-0.18 0.66 0.374435
-0.18 0.72 0.348574
-0.18 0.78 0.320039
-0.18 0.84 0.2898
-0.18 0.9 0.258815
-0.18 0.96 0.227963
-0.18 1.02 0.19803
-0.18 1.08 0.169661
-0.18 1.14 0.143359
-0.18 1.2 0.119469
-0.18 1.26 0.0981924
-0.18 1.32 0.0795952
-0.18 1.38 0.0636332
-0.18 1.44 0.050173
-0.18 1.5 0.0390167
-0.18 1.56 0.0299237
-0.18 1.62 0.0226345
-0.18 1.68 0.0168855
-0.18 1.74 0.0124235
-0.18 1.8 0.00901508
-0.18 1.86 0.00645177
-0.18 1.92 0.00455387
-0.18 1.98 0.00317005
-0.18 2.04 0.00217642
-0.18 2.1 0.00147372
-0.18 2.16 0.000984162
-0.18 2.22 0.000648207
-0.18 2.28 0.000421063
-0.18 2.34 0.000269755
-0.18 2.4 0.000170445
-0.18 2.46 0.000106214
-0.18 2.52 6.5279e-05
-0.12 -1.8 5.23482e-05
-0.12 -1.74 8.59549e-05
-0.12 -1.68 0.000139197
-0.12 -1.62 0.000222321
-0.12 -1.56 0.0003502
-0.12 -1.5 0.000544057
-0.12 -1.44 0.000833598
-0.12 -1.38 0.00125969
-0.12 -1.32 0.00187741
-0.12 -1.26 0.00275957
-0.12 -1.2 0.00400047
-0.12 -1.14 0.00571971
-0.12 -1.08 0.00806531
-0.12 -1.02 0.0112166
-0.12 -0.96 0.0153847
-0.12 -0.9 0.0208116
-0.12 -0.84 0.0277656
-0.12 -0.78 0.0365347
-0.12 -0.72 0.0474122
-0.12 -0.66 0.0606824
-0.12 -0.6 0.0765986
-0.12 -0.54 0.0953614
-0.12 -0.48 0.117088
-0.12 -0.42 0.141789
-0.12 -0.36 0.169339
-0.12 -0.3 0.199464
-0.12 -0.24 0.23172
-0.12 -0.18 0.265489
-0.12 -0.12 0.299999
-0.12 -0.06 0.334334
-0.12 9.71445e-15 0.367482
-0.12 0.06 0.398361
-0.12 0.12 0.425896
-0.12 0.18 0.449082
-0.12 0.24 0.467013
-0.12 0.3 0.478989
-0.12 0.36 0.484524
-0.12 0.42 0.483378
-0.12 0.48 0.475612
-0.12 0.54 0.461535
-0.12 0.6 0.441717
-0.12 0.66 0.41694
-0.12 0.72 0.388146
-0.12 0.78 0.35637
-0.12 0.84 0.322704
-0.12 0.9 0.288197
-0.12 0.96 0.25384
-0.12 1.02 0.22051
-0.12 1.08 0.188922
-0.12 1.14 0.159633
-0.12 1.2 0.133032
-0.12 1.26 0.109339
-0.12 1.32 0.0886313
-0.12 1.38 0.070857
-0.12 1.44 0.0558697
-0.12 1.5 0.0434462
-0.12 1.56 0.033321
-0.12 1.62 0.0252041
-0.12 1.68 0.0188026
-0.12 1.74 0.0138341
-0.12 1.8 0.0100385
-0.12 1.86 0.00718428
-0.12 1.92 0.00507083
-0.12 1.98 0.00352995
-0.12 2.04 0.00242353
-0.12 2.1 0.00164102
-0.12 2.16 0.0010959
-0.12 2.22 0.000721794
-0.12 2.28 0.000468867
-0.12 2.34 0.00030038
-0.12 2.4 0.000189794
-0.12 2.46 0.000118273
-0.12 2.52 7.26896e-05
-0.06 -1.8 5.74898e-05
-0.06 -1.74 9.43977e-05
-0.06 -1.68 0.000152869
-0.06 -1.62 0.000244157
-0.06 -1.56 0.000384597
-0.06 -1.5 0.000597495
-0.06 -1.44 0.000915482
-0.06 -1.38 0.00138343
-0.06 -1.32 0.0020618
-0.06 -1.26 0.00303063
-0.06 -1.2 0.00439342
-0.06 -1.14 0.00628149
-0.06 -1.08 0.00885754
-0.06 -1.02 0.0123183
-0.06 -0.96 0.0168959
-0.06 -0.9 0.0228555
-0.06 -0.84 0.030493
-0.06 -0.78 0.0401234
-0.06 -0.72 0.0520687
-0.06 -0.66 0.0666428
-0.06 -0.6 0.084123
-0.06 -0.54 0.104728
-0.06 -0.48 0.128588
-0.06 -0.42 0.155715
-0.06 -0.36 0.185972
-0.06 -0.3 0.219057
-0.06 -0.24 0.254479
-0.06 -0.18 0.291563
-0.06 -0.12 0.329466
-0.06 -0.06 0.367173
-0.06 9.71445e-15 0.403571
-0.06 0.06 0.437487
-0.06 0.12 0.46773
-0.06 0.18 0.493187
-0.06 0.24 0.512883
-0.06 0.3 0.52604
-0.06 0.36 0.532113
-0.06 0.42 0.530854
-0.06 0.48 0.522324
-0.06 0.54 0.506868
-0.06 0.6 0.485106
-0.06 0.66 0.457896
-0.06 0.72 0.426269
-0.06 0.78 0.391378
-0.06 0.84 0.3544
-0.06 0.9 0.316501
-0.06 0.96 0.278776
-0.06 1.02 0.242169
-0.06 1.08 0.207479
-0.06 1.14 0.175313
-0.06 1.2 0.146099
-0.06 1.26 0.120079
-0.06 1.32 0.0973368
-0.06 1.38 0.0778178
-0.06 1.44 0.0613573
-0.06 1.5 0.0477133
-0.06 1.56 0.0365937
-0.06 1.62 0.0276796
-0.06 1.68 0.0206492
-0.06 1.74 0.0151929
-0.06 1.8 0.0110245
-0.06 1.86 0.0078899
-0.06 1.92 0.0055689
-0.06 1.98 0.00387667
-0.06 2.04 0.00266157
-0.06 2.1 0.00180219
-0.06 2.16 0.00120353
-0.06 2.22 0.000792688
-0.06 2.28 0.000514916
-0.06 2.34 0.000329884
-0.06 2.4 0.000208435
-0.06 2.46 0.000129889
-0.06 2.52 7.98289e-05
9.71445e-15 -1.8 6.22688e-05
9.71445e-15 -1.74 0.000102245
9.71445e-15 -1.68 0.000165577
9.71445e-15 -1.62 0.000264455
9.71445e-15 -1.56 0.000416572
9.71445e-15 -1.5 0.000647164
9.71445e-15 -1.44 0.000991586
9.71445e-15 -1.38 0.00149842
9.71445e-15 -1.32 0.00223321
9.71445e-15 -1.26 0.00328252
9.71445e-15 -1.2 0.00475864
9.71445e-15 -1.14 0.00680368
9.71445e-15 -1.08 0.00959384
9.71445e-15 -1.02 0.0133422
9.71445e-15 -0.96 0.0183003
9.71445e-15 -0.9 0.0247556
9.71445e-15 -0.84 0.033028
9.71445e-15 -0.78 0.0434584
9.71445e-15 -0.72 0.0563974
9.71445e-15 -0.66 0.0721818
9.71445e-15 -0.6 0.0911158
9.71445e-15 -0.54 0.113435
9.71445e-15 -0.48 0.139279
9.71445e-15 -0.42 0.16866
9.71445e-15 -0.36 0.201433
9.71445e-15 -0.3 0.237267
9.71445e-15 -0.24 0.27563
9.71445e-15 -0.18 0.315803
9.71445e-15 -0.12 0.356852
9.71445e-15 -0.06 0.397698
9.71445e-15 9.71445e-15 0.437122
9.71445e-15 0.06 0.473853
9.71445e-15 0.12 0.506611
9.71445e-15 0.18 0.534183
9.71445e-15 0.24 0.555524
9.71445e-15 0.3 0.569768
9.71445e-15 0.36 0.576339
9.71445e-15 0.42 0.574986
9.71445e-15 0.48 0.565742
9.71445e-15 0.54 0.548997
9.71445e-15 0.6 0.525432
9.71445e-15 0.66 0.495962
9.71445e-15 0.72 0.461705
9.71445e-15 0.78 0.423913
9.71445e-15 0.84 0.383856
9.71445e-15 0.9 0.342814
9.71445e-15 0.96 0.301951
9.71445e-15 1.02 0.262301
9.71445e-15 1.08 0.224725
9.71445e-15 1.14 0.189887
9.71445e-15 1.2 0.158244
9.71445e-15 1.26 0.130062
9.71445e-15 1.32 0.105428
9.71445e-15 1.38 0.0842864
9.71445e-15 1.44 0.0664573
9.71445e-15 1.5 0.0516797
9.71445e-15 1.56 0.0396353
9.71445e-15 1.62 0.0299806
9.71445e-15 1.68 0.0223658
9.71445e-15 1.74 0.0164557
9.71445e-15 1.8 0.0119409
9.71445e-15 1.86 0.00854569
9.71445e-15 1.92 0.00603186
9.71445e-15 1.98 0.00419895
9.71445e-15 2.04 0.00288279
9.71445e-15 2.1 0.00195201
9.71445e-15 2.16 0.00130358
9.71445e-15 2.22 0.000858585
9.71445e-15 2.28 0.000557721
9.71445e-15 2.34 0.000357307
9.71445e-15 2.4 0.000225763
9.71445e-15 2.46 0.000140687
9.71445e-15 2.52 8.64655e-05
0.06 -1.86 3.99537e-05
0.06 -1.8 6.65184e-05
0.06 -1.74 0.000109222
0.06 -1.68 0.000176875
0.06 -1.62 0.000282499
0.06 -1.56 0.000444995
0.06 -1.5 0.000691319
0.06 -1.44 0.00105925
0.06 -1.38 0.00160068
0.06 -1.32 0.00238558
0.06 -1.26 0.00350654
0.06 -1.2 0.00508332
0.06 -1.14 0.00726793
0.06 -1.08 0.0102486
0.06 -1.02 0.0142528
0.06 -0.96 0.0195492
0.06 -0.9 0.0264449
0.06 -0.84 0.0352816
0.06 -0.78 0.0464242
0.06 -0.72 0.0602455
0.06 -0.66 0.077108
0.06 -0.6 0.097333
0.06 -0.54 0.121174
0.06 -0.48 0.148782
0.06 -0.42 0.180168
0.06 -0.36 0.215177
0.06 -0.3 0.253456
0.06 -0.24 0.294442
0.06 -0.18 0.337352
0.06 -0.12 0.381206
0.06 -0.06 0.424834
0.06 9.71445e-15 0.46695
0.06 0.06 0.506189
0.06 0.12 0.541184
0.06 0.18 0.570637
0.06 0.24 0.593429
0.06 0.3 0.608645
0.06 0.36 0.615673
0.06 0.42 0.614218
0.06 0.48 0.604352
0.06 0.54 0.586463
0.06 0.6 0.561283
0.06 0.66 0.529802
0.06 0.72 0.493209
0.06 0.78 0.452839
0.06 0.84 0.410053
0.06 0.9 0.366208
0.06 0.96 0.322555
0.06 1.02 0.280201
0.06 1.08 0.240062
0.06 1.14 0.202845
0.06 1.2 0.169041
0.06 1.26 0.138936
0.06 1.32 0.112622
0.06 1.38 0.0900382
0.06 1.44 0.0709927
0.06 1.5 0.0552057
0.06 1.56 0.0423404
0.06 1.62 0.0320263
0.06 1.68 0.0238919
0.06 1.74 0.0175787
0.06 1.8 0.0127559
0.06 1.86 0.00912888
0.06 1.92 0.00644347
0.06 1.98 0.00448543
0.06 2.04 0.00307952
0.06 2.1 0.00208522
0.06 2.16 0.00139254
0.06 2.22 0.000917169
0.06 2.28 0.000595776
0.06 2.34 0.000381689
0.06 2.4 0.000241169
0.06 2.46 0.000150287
0.06 2.52 9.23652e-05
0.12 -1.86 4.20936e-05
0.12 -1.8 7.00806e-05
0.12 -1.74 0.000115071
0.12 -1.68 0.000186348
0.12 -1.62 0.000297631
0.12 -1.56 0.00046883
0.12 -1.5 0.00072835
0.12 -1.44 0.00111598
0.12 -1.38 0.0016864
0.12 -1.32 0.00251336
0.12 -1.26 0.00369431
0.12 -1.2 0.0053556
0.12 -1.14 0.0076572
0.12 -1.08 0.0107974
0.12 -1.02 0.015016
0.12 -0.96 0.0205961
0.12 -0.9 0.0278612
0.12 -0.84 0.0371714
0.12 -0.78 0.0489101
0.12 -0.72 0.0634725
0.12 -0.66 0.0812371
0.12 -0.6 0.102546
0.12 -0.54 0.127665
0.12 -0.48 0.156751
0.12 -0.42 0.189818
0.12 -0.36 0.226703
0.12 -0.3 0.267031
0.12 -0.24 0.310208
0.12 -0.18 0.355421
0.12 -0.12 0.401618
0.12 -0.06 0.447588
0.12 9.71445e-15 0.491959
0.12 0.06 0.533299
0.12 0.12 0.570166
0.12 0.18 0.601196
0.12 0.24 0.625214
0.12 0.3 0.641244
0.12 0.36 0.648642
0.12 0.42 0.647117
0.12 0.48 0.636715
0.12 0.54 0.617867
0.12 0.6 0.591346
0.12 0.66 0.55818
0.12 0.72 0.519625
0.12 0.78 0.477091
0.12 0.84 0.43201
0.12 0.9 0.38582
0.12 0.96 0.339829
0.12 1.02 0.295207
0.12 1.08 0.252916
0.12 1.14 0.213708
0.12 1.2 0.178096
0.12 1.26 0.146378
0.12 1.32 0.118654
0.12 1.38 0.0948598
0.12 1.44 0.0747946
0.12 1.5 0.0581629
0.12 1.56 0.0446076
0.12 1.62 0.0337416
0.12 1.68 0.0251716
0.12 1.74 0.0185202
0.12 1.8 0.013439
0.12 1.86 0.00961777
0.12 1.92 0.00678857
0.12 1.98 0.0047257
0.12 2.04 0.00324443
0.12 2.1 0.00219689
0.12 2.16 0.00146711
0.12 2.22 0.000966293
0.12 2.28 0.000627688
0.12 2.34 0.000402132
0.12 2.4 0.000254085
0.12 2.46 0.000158336
0.12 2.52 9.73125e-05
0.12 2.58 5.89857e-05
0.18 -1.86 4.37382e-05
0.18 -1.8 7.28182e-05
0.18 -1.74 0.000119567
0.18 -1.68 0.000193631
0.18 -1.62 0.00030926
0.18 -1.56 0.000487146
0.18 -1.5 0.000756812
0.18 -1.44 0.00115958
0.18 -1.38 0.00175229
0.18 -1.32 0.00261157
0.18 -1.26 0.0038387
0.18 -1.2 0.00556489
0.18 -1.14 0.00795637
0.18 -1.08 0.0112192
0.18 -1.02 0.0156027
0.18 -0.96 0.0214008
0.18 -0.9 0.0289497
0.18 -0.84 0.0386237
0.18 -0.78 0.0508217
0.18 -0.72 0.0659525
0.18 -0.66 0.084412
0.18 -0.6 0.106553
0.18 -0.54 0.132653
0.18 -0.48 0.162874
0.18 -0.42 0.197235
0.18 -0.36 0.23556
0.18 -0.3 0.277466
0.18 -0.24 0.322332
0.18 -0.18 0.369305
0.18 -0.12 0.417312
0.18 -0.06 0.465076
0.18 9.71445e-15 0.51118
0.18 0.06 0.554134
0.18 0.12 0.592441
0.18 0.18 0.624686
0.18 0.24 0.64964
0.18 0.3 0.666303
0.18 0.36 0.673991
0.18 0.42 0.672402
0.18 0.48 0.661592
0.18 0.54 0.642017
0.18 0.6 0.614455
0.18 0.66 0.579989
0.18 0.72 0.539931
0.18 0.78 0.495734
0.18 0.84 0.448896
0.18 0.9 0.400891
0.18 0.96 0.353108
0.18 1.02 0.306739
0.18 1.08 0.2628
0.18 1.14 0.222058
0.18 1.2 0.185055
0.18 1.26 0.152097
0.18 1.32 0.123291
0.18 1.38 0.0985667
0.18 1.44 0.0777171
0.18 1.5 0.0604357
0.18 1.56 0.0463509
0.18 1.62 0.0350602
0.18 1.68 0.0261551
0.18 1.74 0.0192437
0.18 1.8 0.013964
0.18 1.86 0.00999359
0.18 1.92 0.00705375
0.18 1.98 0.00491036
0.18 2.04 0.00337124
0.18 2.1 0.00228272
0.18 2.16 0.00152444
0.18 2.22 0.00100405
0.18 2.28 0.000652213
0.18 2.34 0.000417842
0.18 2.4 0.00026401
0.18 2.46 0.000164523
0.18 2.52 0.000101115
0.18 2.58 6.12908e-05
0.24 -1.8 7.46241e-05
0.24 -1.74 0.000122532
0.24 -1.68 0.000198431
0.24 -1.62 0.000316925
0.24 -1.56 0.00049922
0.24 -1.5 0.000775572
0.24 -1.44 0.00118833
0.24 -1.38 0.00179573
0.24 -1.32 0.0026763
0.24 -1.26 0.00393387
0.24 -1.2 0.00570283
0.24 -1.14 0.00815358
0.24 -1.08 0.0114973
0.24 -1.02 0.0159897
0.24 -0.96 0.0219314
0.24 -0.9 0.0296676
0.24 -0.84 0.0395808
0.24 -0.78 0.0520816
0.24 -0.72 0.0675872
0.24 -0.66 0.086505
0.24 -0.6 0.109195
0.24 -0.54 0.13594
0.24 -0.48 0.166912
0.24 -0.42 0.202124
0.24 -0.36 0.241398
0.24 -0.3 0.284344
0.24 -0.24 0.330325
0.24 -0.18 0.378461
0.24 -0.12 0.42766
0.24 -0.06 0.476606
0.24 9.71445e-15 0.523854
0.24 0.06 0.567876
0.24 0.12 0.607127
0.24 0.18 0.640179
0.24 0.24 0.665737
0.24 0.3 0.68282
0.24 0.36 0.690705
0.24 0.42 0.689073
0.24 0.48 0.678001
0.24 0.54 0.657937
0.24 0.6 0.629686
0.24 0.66 0.594362
0.24 0.72 0.553317
0.24 0.78 0.508021
0.24 0.84 0.460026
0.24 0.9 0.410834
0.24 0.96 0.361861
0.24 1.02 0.314343
0.24 1.08 0.269315
0.24 1.14 0.227565
0.24 1.2 0.189643
0.24 1.26 0.155867
0.24 1.32 0.126348
0.24 1.38 0.10101
0.24 1.44 0.079644
0.24 1.5 0.0619339
0.24 1.56 0.0475003
0.24 1.62 0.0359294
0.24 1.68 0.0268036
0.24 1.74 0.0197209
0.24 1.8 0.0143102
0.24 1.86 0.0102414
0.24 1.92 0.00722861
0.24 1.98 0.00503206
0.24 2.04 0.00345483
0.24 2.1 0.00233932
0.24 2.16 0.00156224
0.24 2.22 0.00102895
0.24 2.28 0.000668382
0.24 2.34 0.0004282
0.24 2.4 0.000270557
0.24 2.46 0.000168601
0.24 2.52 0.000103622
0.24 2.58 6.28099e-05
0.3 -1.8 7.54233e-05
0.3 -1.74 0.000123844
0.3 -1.68 0.000200554
0.3 -1.62 0.000320316
0.3 -1.56 0.000504567
0.3 -1.5 0.000783866
0.3 -1.44 0.00120106
0.3 -1.38 0.00181496
0.3 -1.32 0.00270493
0.3 -1.26 0.00397595
0.3 -1.2 0.00576382
0.3 -1.14 0.00824087
0.3 -1.08 0.0116205
0.3 -1.02 0.0161609
0.3 -0.96 0.0221662
0.3 -0.9 0.0299852
0.3 -0.84 0.0400048
0.3 -0.78 0.052639
0.3 -0.72 0.0683103
0.3 -0.66 0.0874303
0.3 -0.6 0.110363
0.3 -0.54 0.137396
0.3 -0.48 0.1687
0.3 -0.42 0.204287
0.3 -0.36 0.243983
0.3 -0.3 0.287386
0.3 -0.24 0.33386
0.3 -0.18 0.382514
0.3 -0.12 0.432239
0.3 -0.06 0.481709
0.3 9.71445e-15 0.529463
0.3 0.06 0.57395
0.3 0.12 0.613632
0.3 0.18 0.647031
0.3 0.24 0.672872
0.3 0.3 0.690124
0.3 0.36 0.698097
0.3 0.42 0.696447
0.3 0.48 0.685259
0.3 0.54 0.664977
0.3 0.6 0.636421
0.3 0.66 0.600728
0.3 0.72 0.559238
0.3 0.78 0.513461
0.3 0.84 0.464948
0.3 0.9 0.415233
0.3 0.96 0.365736
0.3 1.02 0.317711
0.3 1.08 0.2722
0.3 1.14 0.23
0.3 1.2 0.191671
0.3 1.26 0.157536
0.3 1.32 0.127699
0.3 1.38 0.102092
0.3 1.44 0.0804963
0.3 1.5 0.0625964
0.3 1.56 0.0480087
0.3 1.62 0.0363139
0.3 1.68 0.0270904
0.3 1.74 0.019932
0.3 1.8 0.0144635
0.3 1.86 0.010351
0.3 1.92 0.00730607
0.3 1.98 0.00508589
0.3 2.04 0.0034918
0.3 2.1 0.00236437
0.3 2.16 0.00157897
0.3 2.22 0.00103996
0.3 2.28 0.000675534
0.3 2.34 0.000432786
0.3 2.4 0.000273455
0.3 2.46 0.000170405
0.3 2.52 0.000104731
0.3 2.58 6.34828e-05
0.36 -1.8 7.51823e-05
0.36 -1.74 0.000123449
0.36 -1.68 0.000199916
0.36 -1.62 0.000319297
0.36 -1.56 0.000502954
0.36 -1.5 0.000781375
0.36 -1.44 0.00119722
0.36 -1.38 0.00180918
0.36 -1.32 0.00269632
0.36 -1.26 0.00396332
0.36 -1.2 0.0057455
0.36 -1.14 0.00821463
0.36 -1.08 0.0115834
0.36 -1.02 0.0161093
0.36 -0.96 0.0220956
0.36 -0.9 0.0298896
0.36 -0.84 0.0398771
0.36 -0.78 0.0524714
0.36 -0.72 0.0680932
0.36 -0.66 0.0871524
0.36 -0.6 0.110012
0.36 -0.54 0.136958
0.36 -0.48 0.168161
0.36 -0.42 0.203637
0.36 -0.36 0.243204
0.36 -0.3 0.286472
0.36 -0.24 0.332797
0.36 -0.18 0.381292
0.36 -0.12 0.430858
0.36 -0.06 0.480171
0.36 9.71445e-15 0.527774
0.36 0.06 0.572126
0.36 0.12 0.611674
0.36 0.18 0.64497
0.36 0.24 0.670723
0.36 0.3 0.68793
0.36 0.36 0.695874
0.36 0.42 0.694227
0.36 0.48 0.683074
0.36 0.54 0.662859
0.36 0.6 0.634398
0.36 0.66 0.598811
0.36 0.72 0.557456
0.36 0.78 0.511824
0.36 0.84 0.463469
0.36 0.9 0.413908
0.36 0.96 0.364567
0.36 1.02 0.316696
0.36 1.08 0.27133
0.36 1.14 0.229267
0.36 1.2 0.191061
0.36 1.26 0.157033
0.36 1.32 0.127293
0.36 1.38 0.101766
0.36 1.44 0.0802402
0.36 1.5 0.0623972
0.36 1.56 0.0478557
0.36 1.62 0.0361982
0.36 1.68 0.0270042
0.36 1.74 0.0198685
0.36 1.8 0.0144173
0.36 1.86 0.0103181
0.36 1.92 0.00728272
0.36 1.98 0.00506972
0.36 2.04 0.00348068
0.36 2.1 0.00235683
0.36 2.16 0.00157393
0.36 2.22 0.00103664
0.36 2.28 0.000673385
0.36 2.34 0.000431407
0.36 2.4 0.000272582
0.36 2.46 0.000169863
0.36 2.52 0.000104397
0.36 2.58 6.32801e-05
0.42 -1.8 7.39129e-05
0.42 -1.74 0.000121365
0.42 -1.68 0.000196539
0.42 -1.62 0.000313904
0.42 -1.56 0.000494466
0.42 -1.5 0.000768175
0.42 -1.44 0.00117701
0.42 -1.38 0.00177862
0.42 -1.32 0.00265078
0.42 -1.26 0.00389635
0.42 -1.2 0.00564845
0.42 -1.14 0.00807584
0.42 -1.08 0.0113878
0.42 -1.02 0.0158372
0.42 -0.96 0.0217223
0.42 -0.9 0.0293846
0.42 -0.84 0.039204
0.42 -0.78 0.0515851
0.42 -0.72 0.0669427
0.42 -0.66 0.0856798
0.42 -0.6 0.108154
0.42 -0.54 0.134645
0.42 -0.48 0.165322
0.42 -0.42 0.200196
0.42 -0.36 0.239099
0.42 -0.3 0.281633
0.42 -0.24 0.327174
0.42 -0.18 0.374855
0.42 -0.12 0.423584
0.42 -0.06 0.472065
0.42 9.71445e-15 0.518859
0.42 0.06 0.562458
0.42 0.12 0.601344
0.42 0.18 0.634072
0.42 0.24 0.659399
0.42 0.3 0.676309
0.42 0.36 0.684116
0.42 0.42 0.682504
0.42 0.48 0.671535
0.42 0.54 0.651661
0.42 0.6 0.623682
0.42 0.66 0.588702
0.42 0.72 0.548042
0.42 0.78 0.503182
0.42 0.84 0.455637
0.42 0.9 0.406916
0.42 0.96 0.358414
0.42 1.02 0.311348
0.42 1.08 0.266749
0.42 1.14 0.225395
0.42 1.2 0.187834
0.42 1.26 0.154382
0.42 1.32 0.125143
0.42 1.38 0.100048
0.42 1.44 0.0788845
0.42 1.5 0.0613432
0.42 1.56 0.0470473
0.42 1.62 0.0355868
0.42 1.68 0.0265478
0.42 1.74 0.0195328
0.42 1.8 0.0141739
0.42 1.86 0.0101437
0.42 1.92 0.00715975
0.42 1.98 0.0049841
0.42 2.04 0.00342188
0.42 2.1 0.00231702
0.42 2.16 0.00154735
0.42 2.22 0.00101914
0.42 2.28 0.000662004
0.42 2.34 0.000424119
0.42 2.4 0.000267978
0.42 2.46 0.000166993
0.42 2.52 0.000102634
0.42 2.58 6.22118e-05
0.48 -1.8 7.16655e-05
0.48 -1.74 0.000117675
0.48 -1.68 0.000190565
0.48 -1.62 0.000304362
0.48 -1.56 0.000479434
0.48 -1.5 0.000744827
0.48 -1.44 0.00114122
0.48 -1.38 0.00172452
0.48 -1.32 0.0025702
0.48 -1.26 0.00377789
0.48 -1.2 0.00547675
0.48 -1.14 0.00783034
0.48 -1.08 0.0110415
0.48 -1.02 0.0153557
0.48 -0.96 0.0210617
0.48 -0.9 0.0284915
0.48 -0.84 0.038012
0.48 -0.78 0.0500164
0.48 -0.72 0.0649081
0.48 -0.66 0.0830749
0.48 -0.6 0.104866
0.48 -0.54 0.130551
0.48 -0.48 0.160296
0.48 -0.42 0.194112
0.48 -0.36 0.23183
0.48 -0.3 0.273071
0.48 -0.24 0.317227
0.48 -0.18 0.363461
0.48 -0.12 0.410704
0.48 -0.06 0.457714
0.48 9.71445e-15 0.503089
0.48 0.06 0.54536
0.48 0.12 0.583057
0.48 0.18 0.614798
0.48 0.24 0.639352
0.48 0.3 0.655749
0.48 0.36 0.663317
0.48 0.42 0.661759
0.48 0.48 0.651118
0.48 0.54 0.631851
0.48 0.6 0.604722
0.48 0.66 0.570803
0.48 0.72 0.531384
0.48 0.78 0.48788
0.48 0.84 0.441786
0.48 0.9 0.394548
0.48 0.96 0.347517
0.48 1.02 0.301883
0.48 1.08 0.258638
0.48 1.14 0.218543
0.48 1.2 0.182125
0.48 1.26 0.149688
0.48 1.32 0.121339
0.48 1.38 0.0970054
0.48 1.44 0.0764857
0.48 1.5 0.0594789
0.48 1.56 0.0456169
0.48 1.62 0.0345051
0.48 1.68 0.025741
0.48 1.74 0.0189389
0.48 1.8 0.0137428
0.48 1.86 0.00983532
0.48 1.92 0.00694208
0.48 1.98 0.00483258
0.48 2.04 0.00331785
0.48 2.1 0.00224659
0.48 2.16 0.00150031
0.48 2.22 0.000988158
0.48 2.28 0.000641887
0.48 2.34 0.000411223
0.48 2.4 0.000259832
0.48 2.46 0.000161917
0.48 2.52 9.95142e-05
0.48 2.58 6.032e-05
0.54 -1.8 6.85318e-05
0.54 -1.74 0.000112528
0.54 -1.68 0.000182231
0.54 -1.62 0.000291053
0.54 -1.56 0.000458465
0.54 -1.5 0.000712255
0.54 -1.44 0.0010913
0.54 -1.38 0.00164913
0.54 -1.32 0.00245782
0.54 -1.26 0.0036127
0.54 -1.2 0.00523724
0.54 -1.14 0.00748797
0.54 -1.08 0.0105587
0.54 -1.02 0.0146843
0.54 -0.96 0.0201409
0.54 -0.9 0.0272456
0.54 -0.84 0.0363495
0.54 -0.78 0.0478294
0.54 -0.72 0.0620699
0.54 -0.66 0.0794425
0.54 -0.6 0.100279
0.54 -0.54 0.124843
0.54 -0.48 0.153286
0.54 -0.42 0.185624
0.54 -0.36 0.221691
0.54 -0.3 0.261129
0.54 -0.24 0.303356
0.54 -0.18 0.347566
0.54 -0.12 0.392743
0.54 -0.06 0.437695
0.54 9.71445e-15 0.48109
0.54 0.06 0.521515
0.54 0.12 0.557563
0.54 0.18 0.587916
0.54 0.24 0.611391
0.54 0.3 0.627071
0.54 0.36 0.634315
0.54 0.42 0.632817
0.54 0.48 0.622649
0.54 0.54 0.604218
0.54 0.6 0.578276
0.54 0.66 0.545838
0.54 0.72 0.508143
0.54 0.78 0.466543
0.54 0.84 0.422468
0.54 0.9 0.377295
0.54 0.96 0.332315
0.54 1.02 0.288681
0.54 1.08 0.247327
0.54 1.14 0.208984
0.54 1.2 0.17416
0.54 1.26 0.143142
0.54 1.32 0.116032
0.54 1.38 0.0927625
0.54 1.44 0.0731419
0.54 1.5 0.0568778
0.54 1.56 0.0436223
0.54 1.62 0.032996
0.54 1.68 0.0246155
0.54 1.74 0.0181109
0.54 1.8 0.0131419
0.54 1.86 0.00940531
0.54 1.92 0.00663849
0.54 1.98 0.00462126
0.54 2.04 0.00317276
0.54 2.1 0.00214835
0.54 2.16 0.00143469
0.54 2.22 0.00094494
0.54 2.28 0.000613819
0.54 2.34 0.000393244
0.54 2.4 0.00024847
0.54 2.46 0.000154837
0.54 2.52 9.5162e-05
0.54 2.58 5.76817e-05
0.6 -1.8 6.46336e-05
0.6 -1.74 0.000106128
0.6 -1.68 0.000171867
0.6 -1.62 0.000274499
0.6 -1.56 0.000432389
0.6 -1.5 0.000671746
0.6 -1.44 0.00102924
0.6 -1.38 0.00155534
0.6 -1.32 0.00231802
0.6 -1.26 0.00340723
0.6 -1.2 0.00493939
0.6 -1.14 0.00706205
0.6 -1.08 0.00995818
0.6 -1.02 0.013849
0.6 -0.96 0.0189954
0.6 -0.9 0.0256958
0.6 -0.84 0.0342823
0.6 -0.78 0.0451094
0.6 -0.72 0.0585394
0.6 -0.66 0.0749243
0.6 -0.6 0.0945768
0.6 -0.54 0.117742
0.6 -0.48 0.144567
0.6 -0.42 0.175065
0.6 -0.36 0.209082
0.6 -0.3 0.246279
0.6 -0.24 0.286103
0.6 -0.18 0.327796
0.6 -0.12 0.370406
0.6 -0.06 0.412801
0.6 9.71445e-15 0.453724
0.6 0.06 0.491852
0.6 0.12 0.52585
0.6 0.18 0.554474
0.6 0.24 0.576617
0.6 0.3 0.591411
0.6 0.36 0.598237
0.6 0.42 0.596825
0.6 0.48 0.587232
0.6 0.54 0.569856
0.6 0.6 0.54539
0.6 0.66 0.514796
0.6 0.72 0.479244
0.6 0.78 0.440013
0.6 0.84 0.398441
0.6 0.9 0.355832
0.6 0.96 0.313417
0.6 1.02 0.27226
0.6 1.08 0.23326
0.6 1.14 0.1971
0.6 1.2 0.164255
0.6 1.26 0.135001
0.6 1.32 0.109433
0.6 1.38 0.0874876
0.6 1.44 0.0689819
0.6 1.5 0.0536428
0.6 1.56 0.0411412
0.6 1.62 0.0311195
0.6 1.68 0.0232153
0.6 1.74 0.0170808
0.6 1.8 0.0123944
0.6 1.86 0.00887035
0.6 1.92 0.00626088
0.6 1.98 0.00435843
0.6 2.04 0.00299232
0.6 2.1 0.00202615
0.6 2.16 0.0013531
0.6 2.22 0.000891198
0.6 2.28 0.000578904
0.6 2.34 0.000370876
0.6 2.4 0.000234336
0.6 2.46 0.00014603
0.6 2.52 8.97496e-05
0.6 2.58 5.44015e-05
0.66 -1.8 6.012e-05
0.66 -1.74 9.8716e-05
0.66 -1.68 0.000159864
0.66 -1.62 0.000255329
0.66 -1.56 0.000402192
0.66 -1.5 0.000624832
0.66 -1.44 0.000957355
0.66 -1.38 0.00144672
0.66 -1.32 0.00215614
0.66 -1.26 0.00316928
0.66 -1.2 0.00459442
0.66 -1.14 0.0065689
0.66 -1.08 0.00926276
0.66 -1.02 0.0128819
0.66 -0.96 0.0176689
0.66 -0.9 0.0239014
0.66 -0.84 0.031888
0.66 -0.78 0.0419589
0.66 -0.72 0.0544514
0.66 -0.66 0.0696917
0.66 -0.6 0.0879712
0.66 -0.54 0.10952
0.66 -0.48 0.134471
0.66 -0.42 0.16284
0.66 -0.36 0.19448
0.66 -0.3 0.229078
0.66 -0.24 0.266122
0.66 -0.18 0.304905
0.66 -0.12 0.344537
0.66 -0.06 0.383971
0.66 9.71445e-15 0.42204
0.66 0.06 0.457504
0.66 0.12 0.489128
0.66 0.18 0.515755
0.66 0.24 0.53635
0.66 0.3 0.550104
0.66 0.36 0.556458
0.66 0.42 0.555144
0.66 0.48 0.546224
0.66 0.54 0.530056
0.66 0.6 0.507298
0.66 0.66 0.478843
0.66 0.72 0.445773
0.66 0.78 0.40928
0.66 0.84 0.370614
0.66 0.9 0.330985
0.66 0.96 0.291526
0.66 1.02 0.253248
0.66 1.08 0.216969
0.66 1.14 0.183333
0.66 1.2 0.152783
0.66 1.26 0.125573
0.66 1.32 0.10179
0.66 1.38 0.081377
0.66 1.44 0.0641645
0.66 1.5 0.0498965
0.66 1.56 0.038268
0.66 1.62 0.028946
0.66 1.68 0.0215941
0.66 1.74 0.015888
0.66 1.8 0.0115289
0.66 1.86 0.00825089
0.66 1.92 0.00582368
0.66 1.98 0.00405404
0.66 2.04 0.00278333
0.66 2.1 0.00188466
0.66 2.16 0.0012586
0.66 2.22 0.000828957
0.66 2.28 0.000538478
0.66 2.34 0.000344977
0.66 2.4 0.000217972
0.66 2.46 0.000135832
0.66 2.52 8.34816e-05
0.66 2.58 5.06019e-05
0.72 -1.74 9.05604e-05
0.72 -1.68 0.000146656
0.72 -1.62 0.000234233
0.72 -1.56 0.000368963
0.72 -1.5 0.000573208
0.72 -1.44 0.000878266
0.72 -1.38 0.00132717
0.72 -1.32 0.00197799
0.72 -1.26 0.00290741
0.72 -1.2 0.00421483
0.72 -1.14 0.00602613
0.72 -1.08 0.00849734
0.72 -1.02 0.0118175
0.72 -0.96 0.0162088
0.72 -0.9 0.0219266
0.72 -0.84 0.0292533
0.72 -0.78 0.0384919
0.72 -0.72 0.0499524
0.72 -0.66 0.0639332
0.72 -0.6 0.0807031
0.72 -0.54 0.100471
0.72 -0.48 0.123361
0.72 -0.42 0.149386
0.72 -0.36 0.178412
0.72 -0.3 0.210152
0.72 -0.24 0.244133
0.72 -0.18 0.279713
0.72 -0.12 0.31607
0.72 -0.06 0.352249
0.72 9.71445e-15 0.387169
0.72 0.06 0.419701
0.72 0.12 0.44871
0.72 0.18 0.473139
0.72 0.24 0.492033
0.72 0.3 0.504655
0.72 0.36 0.510478
0.72 0.42 0.509279
0.72 0.48 0.50109
0.72 0.54 0.486263
0.72 0.6 0.465386
0.72 0.66 0.439279
0.72 0.72 0.408944
0.72 0.78 0.375465
0.72 0.84 0.339992
0.72 0.9 0.303637
0.72 0.96 0.267442
0.72 1.02 0.232323
0.72 1.08 0.199043
0.72 1.14 0.168187
0.72 1.2 0.14016
0.72 1.26 0.115197
0.72 1.32 0.0933805
0.72 1.38 0.0746534
0.72 1.44 0.0588624
0.72 1.5 0.045774
0.72 1.56 0.035106
0.72 1.62 0.0265546
0.72 1.68 0.0198099
0.72 1.74 0.0145751
0.72 1.8 0.0105762
0.72 1.86 0.00756912
0.72 1.92 0.00534249
0.72 1.98 0.00371909
0.72 2.04 0.00255337
0.72 2.1 0.00172894
0.72 2.16 0.00115461
0.72 2.22 0.00076047
0.72 2.28 0.000493987
0.72 2.34 0.000316472
0.72 2.4 0.000199962
0.72 2.46 0.000124609
0.72 2.52 7.65845e-05
0.72 2.58 4.64211e-05
0.78 -1.74 8.19364e-05
0.78 -1.68 0.000132689
0.78 -1.62 0.000211924
0.78 -1.56 0.000333826
0.78 -1.5 0.000518616
0.78 -1.44 0.000794629
0.78 -1.38 0.00120079
0.78 -1.32 0.00178961
0.78 -1.26 0.00263053
0.78 -1.2 0.00381341
0.78 -1.14 0.00545217
0.78 -1.08 0.00768818
0.78 -1.02 0.0106921
0.78 -0.96 0.0146652
0.78 -0.9 0.0198383
0.78 -0.84 0.0264675
0.78 -0.78 0.0348261
0.78 -0.72 0.0451948
0.78 -0.66 0.0578447
0.78 -0.6 0.073017
0.78 -0.54 0.090902
0.78 -0.48 0.111613
0.78 -0.42 0.135158
0.78 -0.36 0.161421
0.78 -0.3 0.190137
0.78 -0.24 0.220884
0.78 -0.18 0.253074
0.78 -0.12 0.285972
0.78 -0.06 0.318703
0.78 9.71445e-15 0.350296
0.78 0.06 0.37973
0.78 0.12 0.405981
0.78 0.18 0.428079
0.78 0.24 0.445175
0.78 0.3 0.456592
0.78 0.36 0.461866
0.78 0.42 0.460777
0.78 0.48 0.453371
0.78 0.54 0.439955
0.78 0.6 0.421063
0.78 0.66 0.397446
0.78 0.72 0.369998
0.78 0.78 0.339709
0.78 0.84 0.307613
0.78 0.9 0.27472
0.78 0.96 0.241974
0.78 1.02 0.210199
0.78 1.08 0.180089
0.78 1.14 0.15217
0.78 1.2 0.126812
0.78 1.26 0.104227
0.78 1.32 0.0844873
0.78 1.38 0.0675445
0.78 1.44 0.0532567
0.78 1.5 0.0414146
0.78 1.56 0.0317629
0.78 1.62 0.0240257
0.78 1.68 0.0179232
0.78 1.74 0.013187
0.78 1.8 0.00956913
0.78 1.86 0.00684829
0.78 1.92 0.00483371
0.78 1.98 0.00336488
0.78 2.04 0.00231021
0.78 2.1 0.00156428
0.78 2.16 0.00104466
0.78 2.22 0.000688046
0.78 2.28 0.000446939
0.78 2.34 0.000286331
0.78 2.4 0.000180919
0.78 2.46 0.000112741
0.78 2.52 6.92909e-05
0.78 2.58 4.20006e-05
0.84 -1.74 7.31139e-05
0.84 -1.68 0.000118401
0.84 -1.62 0.000189106
0.84 -1.56 0.000297881
0.84 -1.5 0.000462775
0.84 -1.44 0.000709069
0.84 -1.38 0.00107151
0.84 -1.32 0.00159692
0.84 -1.26 0.0023473
0.84 -1.2 0.00340282
0.84 -1.14 0.00486519
0.84 -1.08 0.00686043
0.84 -1.02 0.00954086
0.84 -0.96 0.0130863
0.84 -0.9 0.0177023
0.84 -0.84 0.0236177
0.84 -0.78 0.0310767
0.84 -0.72 0.0403286
0.84 -0.66 0.0516166
0.84 -0.6 0.0651555
0.84 -0.54 0.0811147
0.84 -0.48 0.0995954
0.84 -0.42 0.120605
0.84 -0.36 0.144041
0.84 -0.3 0.169666
0.84 -0.24 0.1971
0.84 -0.18 0.225824
0.84 -0.12 0.255181
0.84 -0.06 0.284387
0.84 9.71445e-15 0.312578
0.84 0.06 0.338846
0.84 0.12 0.362271
0.84 0.18 0.381986
0.84 0.24 0.397244
0.84 0.3 0.407432
0.84 0.36 0.412135
0.84 0.42 0.411161
0.84 0.48 0.404555
0.84 0.54 0.392582
0.84 0.6 0.375728
0.84 0.66 0.354653
0.84 0.72 0.330157
0.84 0.78 0.303133
0.84 0.84 0.274492
0.84 0.9 0.245141
0.84 0.96 0.21592
0.84 1.02 0.187567
0.84 1.08 0.160699
0.84 1.14 0.135785
0.84 1.2 0.113157
0.84 1.26 0.0930049
0.84 1.32 0.0753898
0.84 1.38 0.0602721
0.84 1.44 0.0475229
0.84 1.5 0.0369551
0.84 1.56 0.0283428
0.84 1.62 0.0214386
0.84 1.68 0.0159934
0.84 1.74 0.0117673
0.84 1.8 0.00853885
0.84 1.86 0.00611093
0.84 1.92 0.00431329
0.84 1.98 0.00300259
0.84 2.04 0.00206145
0.84 2.1 0.00139585
0.84 2.16 0.000932175
0.84 2.22 0.000613958
0.84 2.28 0.000398816
0.84 2.34 0.000255505
0.84 2.4 0.000161439
0.84 2.46 0.000100603
0.84 2.52 6.18298e-05
0.84 2.58 3.74785e-05
0.9 -1.68 0.000104202
0.9 -1.62 0.000166426
0.9 -1.56 0.000262153
0.9 -1.5 0.000407273
0.9 -1.44 0.000624025
0.9 -1.38 0.000942988
0.9 -1.32 0.00140539
0.9 -1.26 0.00206578
0.9 -1.2 0.00299471
0.9 -1.14 0.00428167
0.9 -1.08 0.00603757
0.9 -1.02 0.00839662
0.9 -0.96 0.0115168
0.9 -0.9 0.0155793
0.9 -0.84 0.0207849
0.9 -0.78 0.0273494
0.9 -0.72 0.0354919
0.9 -0.66 0.0454261
0.9 -0.6 0.057341
0.9 -0.54 0.0713857
0.9 -0.48 0.0876503
0.9 -0.42 0.106141
0.9 -0.36 0.126764
0.9 -0.3 0.149317
0.9 -0.24 0.173463
0.9 -0.18 0.19874
0.9 -0.12 0.224576
0.9 -0.06 0.250279
0.9 9.71445e-15 0.275091
0.9 0.06 0.298207
0.9 0.12 0.318819
0.9 0.18 0.336176
0.9 0.24 0.349597
0.9 0.3 0.358567
0.9 0.36 0.362708
0.9 0.42 0.36185
0.9 0.48 0.356037
0.9 0.54 0.3455
0.9 0.6 0.330665
0.9 0.66 0.312115
0.9 0.72 0.290562
0.9 0.78 0.266775
0.9 0.84 0.241572
0.9 0.9 0.21574
0.9 0.96 0.190023
0.9 1.02 0.16507
0.9 1.08 0.141425
0.9 1.14 0.1195
0.9 1.2 0.0995863
0.9 1.26 0.0818496
0.9 1.32 0.0663484
0.9 1.38 0.0530429
0.9 1.44 0.0418233
0.9 1.5 0.0325231
0.9 1.56 0.0249437
0.9 1.62 0.0188675
0.9 1.68 0.0140753
0.9 1.74 0.010356
0.9 1.8 0.0075147
0.9 1.86 0.00537805
0.9 1.92 0.00379595
0.9 1.98 0.00264247
0.9 2.04 0.00181423
0.9 2.1 0.00122844
0.9 2.16 0.000820377
0.9 2.22 0.000540326
0.9 2.28 0.000350986
0.9 2.34 0.00022486
0.9 2.4 0.000142077
0.9 2.46 8.8537e-05
0.9 2.52 5.44145e-05
0.9 2.58 3.29832e-05
0.96 -1.68 9.04429e-05
0.96 -1.62 0.000144452
0.96 -1.56 0.000227543
0.96 -1.5 0.000353499
0.96 -1.44 0.000541635
0.96 -1.38 0.000818487
0.96 -1.32 0.00121984
0.96 -1.26 0.00179303
0.96 -1.2 0.00259931
0.96 -1.14 0.00371635
0.96 -1.08 0.00524045
0.96 -1.02 0.00728795
0.96 -0.96 0.00999619
0.96 -0.9 0.0135222
0.96 -0.84 0.0180409
0.96 -0.78 0.0237385
0.96 -0.72 0.0308057
0.96 -0.66 0.0394282
0.96 -0.6 0.0497702
0.96 -0.54 0.061961
0.96 -0.48 0.0760775
0.96 -0.42 0.0921263
0.96 -0.36 0.110028
0.96 -0.3 0.129602
0.96 -0.24 0.150559
0.96 -0.18 0.1725
0.96 -0.12 0.194925
0.96 -0.06 0.217234
0.96 9.71445e-15 0.238768
0.96 0.06 0.258833
0.96 0.12 0.276727
0.96 0.18 0.291786
0.96 0.24 0.303441
0.96 0.3 0.311224
0.96 0.36 0.314816
0.96 0.42 0.314073
0.96 0.48 0.309026
0.96 0.54 0.29988
0.96 0.6 0.287006
0.96 0.66 0.270909
0.96 0.72 0.252197
0.96 0.78 0.231554
0.96 0.84 0.209676
0.96 0.9 0.187255
0.96 0.96 0.164935
0.96 1.02 0.143276
0.96 1.08 0.122753
0.96 1.14 0.103722
0.96 1.2 0.0864374
0.96 1.26 0.0710435
0.96 1.32 0.0575879
0.96 1.38 0.0460399
0.96 1.44 0.0363012
0.96 1.5 0.0282289
0.96 1.56 0.0216502
0.96 1.62 0.0163763
0.96 1.68 0.0122168
0.96 1.74 0.00898864
0.96 1.8 0.00652254
0.96 1.86 0.00466793
0.96 1.92 0.00329477
0.96 1.98 0.00229358
0.96 2.04 0.00157468
0.96 2.1 0.00106624
0.96 2.16 0.000712058
0.96 2.22 0.000468984
0.96 2.28 0.000304642
0.96 2.34 0.000195171
0.96 2.4 0.000123318
0.96 2.46 7.6847e-05
0.96 2.52 4.72299e-05
0.96 2.58 2.86286e-05
1.02 -1.68 7.74233e-05
1.02 -1.62 0.000123657
1.02 -1.56 0.000194786
1.02 -1.5 0.00030261
1.02 -1.44 0.000463661
1.02 -1.38 0.000700648
1.02 -1.32 0.00104423
1.02 -1.26 0.00153489
1.02 -1.2 0.00222511
1.02 -1.14 0.00318132
1.02 -1.08 0.00448598
1.02 -1.02 0.00623876
1.02 -0.96 0.00855699
1.02 -0.9 0.0115756
1.02 -0.84 0.0154436
1.02 -0.78 0.0203208
1.02 -0.72 0.026371
1.02 -0.66 0.0337519
1.02 -0.6 0.042605
1.02 -0.54 0.0530409
1.02 -0.48 0.0651256
1.02 -0.42 0.0788641
1.02 -0.36 0.0941886
1.02 -0.3 0.110944
1.02 -0.24 0.128884
1.02 -0.18 0.147668
1.02 -0.12 0.166863
1.02 -0.06 0.185961
1.02 9.71445e-15 0.204396
1.02 0.06 0.221569
1.02 0.12 0.236886
1.02 0.18 0.249781
1.02 0.24 0.259758
1.02 0.3 0.266419
1.02 0.36 0.269495
1.02 0.42 0.268861
1.02 0.48 0.264538
1.02 0.54 0.256711
1.02 0.6 0.245688
1.02 0.66 0.231908
1.02 0.72 0.215892
1.02 0.78 0.198218
1.02 0.84 0.17949
1.02 0.9 0.160298
1.02 0.96 0.14119
1.02 1.02 0.12265
1.02 1.08 0.105081
1.02 1.14 0.0887905
1.02 1.2 0.073994
1.02 1.26 0.0608158
1.02 1.32 0.0492979
1.02 1.38 0.0394117
1.02 1.44 0.0310749
1.02 1.5 0.0241652
1.02 1.56 0.0185334
1.02 1.62 0.0140188
1.02 1.68 0.0104581
1.02 1.74 0.00769451
1.02 1.8 0.0055835
1.02 1.86 0.00399592
1.02 1.92 0.00282044
1.02 1.98 0.00196339
1.02 2.04 0.00134799
1.02 2.1 0.000912751
1.02 2.16 0.00060955
1.02 2.22 0.000401471
1.02 2.28 0.000260787
1.02 2.34 0.000167072
1.02 2.4 0.000105565
1.02 2.46 6.57838e-05
1.02 2.52 4.04309e-05
1.08 -1.62 0.0001044
1.08 -1.56 0.000164451
1.08 -1.5 0.000255485
1.08 -1.44 0.000391451
1.08 -1.38 0.000591538
1.08 -1.32 0.000881616
1.08 -1.26 0.00129587
1.08 -1.2 0.0018786
1.08 -1.14 0.00268593
1.08 -1.08 0.00378739
1.08 -1.02 0.00526722
1.08 -0.96 0.00722451
1.08 -0.9 0.00977297
1.08 -0.84 0.0130385
1.08 -0.78 0.0171563
1.08 -0.72 0.0222644
1.08 -0.66 0.0284958
1.08 -0.6 0.0359702
1.08 -0.54 0.044781
1.08 -0.48 0.0549836
1.08 -0.42 0.0665831
1.08 -0.36 0.0795203
1.08 -0.3 0.0936669
1.08 -0.24 0.108813
1.08 -0.18 0.124671
1.08 -0.12 0.140876
1.08 -0.06 0.157001
1.08 9.71445e-15 0.172566
1.08 0.06 0.187067
1.08 0.12 0.199997
1.08 0.18 0.210885
1.08 0.24 0.219305
1.08 0.3 0.22493
1.08 0.36 0.227527
1.08 0.42 0.226991
1.08 0.48 0.223343
1.08 0.54 0.216732
1.08 0.6 0.207427
1.08 0.66 0.195792
1.08 0.72 0.182271
1.08 0.78 0.167349
1.08 0.84 0.151538
1.08 0.9 0.135335
1.08 0.96 0.119202
1.08 1.02 0.103549
1.08 1.08 0.0887155
1.08 1.14 0.0749627
1.08 1.2 0.0624711
1.08 1.26 0.0513449
1.08 1.32 0.0416207
1.08 1.38 0.0332738
1.08 1.44 0.0262358
1.08 1.5 0.020402
1.08 1.56 0.0156472
1.08 1.62 0.0118357
1.08 1.68 0.00882953
1.08 1.74 0.00649634
1.08 1.8 0.00471398
1.08 1.86 0.00337366
1.08 1.92 0.00238122
1.08 1.98 0.00165764
1.08 2.04 0.00113806
1.08 2.1 0.000770611
1.08 2.16 0.00051462
1.08 2.22 0.00033895
1.08 2.28 0.000220176
1.08 2.34 0.000141056
1.08 2.4 8.91257e-05
1.08 2.46 5.55399e-05
1.08 2.52 3.41345e-05
1.14 -1.62 8.69298e-05
1.14 -1.56 0.000136932
1.14 -1.5 0.000212733
1.14 -1.44 0.000325948
1.14 -1.38 0.000492557
1.14 -1.32 0.000734085
1.14 -1.26 0.00107903
1.14 -1.2 0.00156424
1.14 -1.14 0.00223647
1.14 -1.08 0.00315364
1.14 -1.02 0.00438583
1.14 -0.96 0.00601562
1.14 -0.9 0.00813755
1.14 -0.84 0.0108567
1.14 -0.78 0.0142856
1.14 -0.72 0.0185387
1.14 -0.66 0.0237276
1.14 -0.6 0.0299512
1.14 -0.54 0.0372873
1.14 -0.48 0.0457825
1.14 -0.42 0.0554411
1.14 -0.36 0.0662132
1.14 -0.3 0.0779933
1.14 -0.24 0.0906052
1.14 -0.18 0.103808
1.14 -0.12 0.117303
1.14 -0.06 0.130728
1.14 9.71445e-15 0.143689
1.14 0.06 0.155764
1.14 0.12 0.166531
1.14 0.18 0.175596
1.14 0.24 0.182607
1.14 0.3 0.187292
1.14 0.36 0.189454
1.14 0.42 0.189006
1.14 0.48 0.18597
1.14 0.54 0.180466
1.14 0.6 0.172718
1.14 0.66 0.163029
1.14 0.72 0.15177
1.14 0.78 0.139346
1.14 0.84 0.126181
1.14 0.9 0.112688
1.14 0.96 0.0992551
1.14 1.02 0.0862219
1.14 1.08 0.0738707
1.14 1.14 0.0624187
1.14 1.2 0.0520172
1.14 1.26 0.042753
1.14 1.32 0.0346559
1.14 1.38 0.0277062
1.14 1.44 0.0218457
1.14 1.5 0.0169879
1.14 1.56 0.0130289
1.14 1.62 0.0098551
1.14 1.68 0.007352
1.14 1.74 0.00540929
1.14 1.8 0.00392518
1.14 1.86 0.00280913
1.14 1.92 0.00198275
1.14 1.98 0.00138025
1.14 2.04 0.00094763
1.14 2.1 0.000641656
1.14 2.16 0.000428509
1.14 2.22 0.00028223
1.14 2.28 0.000183332
1.14 2.34 0.000117452
1.14 2.4 7.42114e-05
1.14 2.46 4.6246e-05
1.14 2.52 2.84224e-05
1.2 -1.56 0.000112452
1.2 -1.5 0.000174701
1.2 -1.44 0.000267674
1.2 -1.38 0.000404495
1.2 -1.32 0.000602851
1.2 -1.26 0.000886112
1.2 -1.2 0.00128459
1.2 -1.14 0.00183664
1.2 -1.08 0.00258983
1.2 -1.02 0.00360171
1.2 -0.96 0.00494014
1.2 -0.9 0.00668274
1.2 -0.84 0.00891582
1.2 -0.78 0.0117315
1.2 -0.72 0.0152244
1.2 -0.66 0.0194854
1.2 -0.6 0.0245966
1.2 -0.54 0.0306214
1.2 -0.48 0.0375977
1.2 -0.42 0.0455296
1.2 -0.36 0.0543762
1.2 -0.3 0.0640497
1.2 -0.24 0.0744062
1.2 -0.18 0.0852501
1.2 -0.12 0.0963305
1.2 -0.06 0.107357
1.2 9.71445e-15 0.118001
1.2 0.06 0.127916
1.2 0.12 0.136758
1.2 0.18 0.144203
1.2 0.24 0.149962
1.2 0.3 0.153808
1.2 0.36 0.155583
1.2 0.42 0.155216
1.2 0.48 0.152721
1.2 0.54 0.148202
1.2 0.6 0.14184
1.2 0.66 0.133884
1.2 0.72 0.124637
1.2 0.78 0.114434
1.2 0.84 0.103622
1.2 0.9 0.0925418
1.2 0.96 0.0815103
1.2 1.02 0.0708074
1.2 1.08 0.0606636
1.2 1.14 0.0512595
1.2 1.2 0.0427178
1.2 1.26 0.0351099
1.2 1.32 0.0284602
1.2 1.38 0.0227528
1.2 1.44 0.0179401
1.2 1.5 0.0139509
1.2 1.56 0.0106995
1.2 1.62 0.00809323
1.2 1.68 0.00603764
1.2 1.74 0.00444221
1.2 1.8 0.00322342
1.2 1.86 0.00230691
1.2 1.92 0.00162828
1.2 1.98 0.0011335
1.2 2.04 0.000778207
1.2 2.1 0.000526943
1.2 2.16 0.000351897
1.2 2.22 0.000231774
1.2 2.28 0.000150557
1.2 2.34 9.64544e-05
1.2 2.4 6.09439e-05
1.2 2.46 3.79783e-05
1.2 2.52 2.33412e-05
1.26 -1.56 9.10777e-05
1.26 -1.5 0.000141496
1.26 -1.44 0.000216799
1.26 -1.38 0.000327615
1.26 -1.32 0.000488266
1.26 -1.26 0.000717697
1.26 -1.2 0.00104043
1.26 -1.14 0.00148754
1.26 -1.08 0.00209758
1.26 -1.02 0.00291715
1.26 -0.96 0.00400117
1.26 -0.9 0.00541253
1.26 -0.84 0.00722117
1.26 -0.78 0.00950179
1.26 -0.72 0.0123307
1.26 -0.66 0.015782
1.26 -0.6 0.0199215
1.26 -0.54 0.0248011
1.26 -0.48 0.0304514
1.26 -0.42 0.0368755
1.26 -0.36 0.0440407
1.26 -0.3 0.051876
1.26 -0.24 0.0602645
1.26 -0.18 0.0690465
1.26 -0.12 0.078022
1.26 -0.06 0.086952
1.26 9.71445e-15 0.0955718
1.26 0.06 0.103603
1.26 0.12 0.110765
1.26 0.18 0.116794
1.26 0.24 0.121458
1.26 0.3 0.124574
1.26 0.36 0.126012
1.26 0.42 0.125715
1.26 0.48 0.123694
1.26 0.54 0.120034
1.26 0.6 0.11488
1.26 0.66 0.108436
1.26 0.72 0.100947
1.26 0.78 0.0926838
1.26 0.84 0.0839272
1.26 0.9 0.0749523
1.26 0.96 0.0660178
1.26 1.02 0.0573487
1.26 1.08 0.0491337
1.26 1.14 0.0415169
1.26 1.2 0.0345985
1.26 1.26 0.0284365
1.26 1.32 0.0230509
1.26 1.38 0.0184283
1.26 1.44 0.0145303
1.26 1.5 0.0112993
1.26 1.56 0.00866596
1.26 1.62 0.00655497
1.26 1.68 0.00489003
1.26 1.74 0.00359788
1.26 1.8 0.00261075
1.26 1.86 0.00186844
1.26 1.92 0.00131879
1.26 1.98 0.000918054
1.26 2.04 0.0006303
1.26 2.1 0.000426785
1.26 2.16 0.000285015
1.26 2.22 0.000187721
1.26 2.28 0.00012194
1.26 2.34 7.8121e-05
1.26 2.4 4.93603e-05
1.26 2.46 3.07595e-05
1.32 -1.5 0.000113026
1.32 -1.44 0.000173179
1.32 -1.38 0.000261697
1.32 -1.32 0.000390026
1.32 -1.26 0.000573295
1.32 -1.2 0.000831086
1.32 -1.14 0.00118825
1.32 -1.08 0.00167555
1.32 -1.02 0.00233023
1.32 -0.96 0.00319613
1.32 -0.9 0.00432357
1.32 -0.84 0.00576822
1.32 -0.78 0.00758999
1.32 -0.72 0.00984975
1.32 -0.66 0.0126066
1.32 -0.6 0.0159132
1.32 -0.54 0.019811
1.32 -0.48 0.0243248
1.32 -0.42 0.0294563
1.32 -0.36 0.0351798
1.32 -0.3 0.0414381
1.32 -0.24 0.0481393
1.32 -0.18 0.0551547
1.32 -0.12 0.0623242
1.32 -0.06 0.069457
1.32 9.71445e-15 0.0763434
1.32 0.06 0.0827585
1.32 0.12 0.0884788
1.32 0.18 0.0932956
1.32 0.24 0.0970207
1.32 0.3 0.0995087
1.32 0.36 0.100659
1.32 0.42 0.100421
1.32 0.48 0.0988074
1.32 0.54 0.0958829
1.32 0.6 0.0917655
1.32 0.66 0.0866179
1.32 0.72 0.0806363
1.32 0.78 0.0740349
1.32 0.84 0.0670409
1.32 0.9 0.0598724
1.32 0.96 0.052735
1.32 1.02 0.0458105
1.32 1.08 0.0392482
1.32 1.14 0.0331635
1.32 1.2 0.0276371
1.32 1.26 0.0227148
1.32 1.32 0.0184129
1.32 1.38 0.0147204
1.32 1.44 0.0116068
1.32 1.5 0.00902583
1.32 1.56 0.00692237
1.32 1.62 0.00523607
1.32 1.68 0.00390618
1.32 1.74 0.00287399
1.32 1.8 0.00208548
1.32 1.86 0.00149252
1.32 1.92 0.00105345
1.32 1.98 0.000733337
1.32 2.04 0.000503482
1.32 2.1 0.000340919
1.32 2.16 0.00022767
1.32 2.22 0.000149951
1.32 2.28 9.74059e-05
1.32 2.34 6.24031e-05
1.32 2.4 3.94294e-05
1.32 2.46 2.45708e-05
1.38 -1.5 8.9044e-05
1.38 -1.44 0.000136434
1.38 -1.38 0.000206171
1.38 -1.32 0.000307269
1.38 -1.26 0.000451648
1.38 -1.2 0.000654744
1.38 -1.14 0.000936127
1.38 -1.08 0.00132004
1.38 -1.02 0.0018358
1.38 -0.96 0.00251797
1.38 -0.9 0.00340619
1.38 -0.84 0.00454437
1.38 -0.78 0.00597951
1.38 -0.72 0.00775978
1.38 -0.66 0.00993164
1.38 -0.6 0.0125367
1.38 -0.54 0.0156076
1.38 -0.48 0.0191636
1.38 -0.42 0.0232062
1.38 -0.36 0.0277156
1.38 -0.3 0.0326456
1.38 -0.24 0.0379248
1.38 -0.18 0.0434521
1.38 -0.12 0.0491002
1.38 -0.06 0.0547199
1.38 9.71445e-15 0.0601448
1.38 0.06 0.0651982
1.38 0.12 0.0697057
1.38 0.18 0.0734998
1.38 0.24 0.0764355
1.38 0.3 0.0783946
1.38 0.36 0.0793004
1.38 0.42 0.0791135
1.38 0.48 0.0778422
1.38 0.54 0.0755377
1.38 0.6 0.0722943
1.38 0.66 0.0682401
1.38 0.72 0.063527
1.38 0.78 0.0583265
1.38 0.84 0.0528156
1.38 0.9 0.0471687
1.38 0.96 0.0415457
1.38 1.02 0.0360906
1.38 1.08 0.0309205
1.38 1.14 0.0261269
1.38 1.2 0.021773
1.38 1.26 0.0178954
1.38 1.32 0.0145061
1.38 1.38 0.011597
1.38 1.44 0.00914398
1.38 1.5 0.00711071
1.38 1.56 0.00545355
1.38 1.62 0.00412509
1.38 1.68 0.00307736
1.38 1.74 0.00226418
1.38 1.8 0.00164299
1.38 1.86 0.00117582
1.38 1.92 0.000829937
1.38 1.98 0.000577737
1.38 2.04 0.00039665
1.38 2.1 0.000268583
1.38 2.16 0.000179362
1.38 2.22 0.000118135
1.38 2.28 7.67379e-05
1.38 2.34 4.91625e-05
1.38 2.4 3.10633e-05
1.38 2.46 1.93573e-05
1.44 -1.44 0.000106007
1.44 -1.38 0.000160193
1.44 -1.32 0.000238747
1.44 -1.26 0.000350928
1.44 -1.2 0.000508735
1.44 -1.14 0.000727366
1.44 -1.08 0.00102565
1.44 -1.02 0.00142639
1.44 -0.96 0.00195645
1.44 -0.9 0.00264656
1.44 -0.84 0.00353093
1.44 -0.78 0.00464604
1.44 -0.72 0.00602933
1.44 -0.66 0.00771683
1.44 -0.6 0.00974096
1.44 -0.54 0.012127
1.44 -0.48 0.0148899
1.44 -0.42 0.0180311
1.44 -0.36 0.0215346
1.44 -0.3 0.0253656
1.44 -0.24 0.0294671
1.44 -0.18 0.0337615
1.44 -0.12 0.03815
1.44 -0.06 0.0425165
1.44 9.71445e-15 0.0467317
1.44 0.06 0.0506587
1.44 0.12 0.0541606
1.44 0.18 0.0571086
1.44 0.24 0.0593895
1.44 0.3 0.0609124
1.44 0.36 0.0616156
1.44 0.42 0.0614702
1.44 0.48 0.0604823
1.44 0.54 0.058692
1.44 0.6 0.0561726
1.44 0.66 0.0530219
1.44 0.72 0.0493598
1.44 0.78 0.0453192
1.44 0.84 0.0410373
1.44 0.9 0.0366493
1.44 0.96 0.0322805
1.44 1.02 0.0280419
1.44 1.08 0.0240247
1.44 1.14 0.0203002
1.44 1.2 0.0169175
1.44 1.26 0.0139046
1.44 1.32 0.0112711
1.44 1.38 0.00901078
1.44 1.44 0.00710483
1.44 1.5 0.00552497
1.44 1.56 0.00423734
1.44 1.62 0.00320515
1.44 1.68 0.00239108
1.44 1.74 0.00175925
1.44 1.8 0.00127658
1.44 1.86 0.000913607
1.44 1.92 0.00064485
1.44 1.98 0.000448899
1.44 2.04 0.000308193
1.44 2.1 0.000208685
1.44 2.16 0.000139362
1.44 2.22 9.17891e-05
1.44 2.28 5.96249e-05
1.44 2.34 3.81989e-05
1.44 2.4 2.41356e-05
1.5 -1.44 8.12347e-05
1.5 -1.38 0.000122757
1.5 -1.32 0.000182953
1.5 -1.26 0.000268919
1.5 -1.2 0.000389846
1.5 -1.14 0.000557383
1.5 -1.08 0.00078597
1.5 -1.02 0.00109306
1.5 -0.96 0.00149923
1.5 -0.9 0.0020281
1.5 -0.84 0.00270579
1.5 -0.78 0.00356028
1.5 -0.72 0.00462031
1.5 -0.66 0.00591347
1.5 -0.6 0.00746453
1.5 -0.54 0.009293
1.5 -0.48 0.0114103
1.5 -0.42 0.0138174
1.5 -0.36 0.0165023
1.5 -0.3 0.0194377
1.5 -0.24 0.0225811
1.5 -0.18 0.0258721
1.5 -0.12 0.029235
1.5 -0.06 0.0325811
1.5 9.71445e-15 0.0358112
1.5 0.06 0.0388201
1.5 0.12 0.0415038
1.5 0.18 0.043763
1.5 0.24 0.0455108
1.5 0.3 0.0466774
1.5 0.36 0.0472167
1.5 0.42 0.0471055
1.5 0.48 0.0463485
1.5 0.54 0.0449764
1.5 0.6 0.0430453
1.5 0.66 0.0406311
1.5 0.72 0.037825
1.5 0.78 0.0347284
1.5 0.84 0.0314473
1.5 0.9 0.028085
1.5 0.96 0.024737
1.5 1.02 0.0214889
1.5 1.08 0.0184105
1.5 1.14 0.0155564
1.5 1.2 0.012964
1.5 1.26 0.0106552
1.5 1.32 0.00863716
1.5 1.38 0.00690504
1.5 1.44 0.00544447
1.5 1.5 0.00423384
1.5 1.56 0.00324713
1.5 1.62 0.00245615
1.5 1.68 0.00183231
1.5 1.74 0.00134812
1.5 1.8 0.000978258
1.5 1.86 0.000700106
1.5 1.92 0.000494157
1.5 1.98 0.000343993
1.5 2.04 0.000236172
1.5 2.1 0.000159918
1.5 2.16 0.000106795
1.5 2.22 7.03392e-05
1.5 2.28 4.56911e-05
1.5 2.34 2.9272e-05
1.5 2.4 1.84956e-05
1.56 -1.38 9.27773e-05
1.56 -1.32 0.000138272
1.56 -1.26 0.000203244
1.56 -1.2 0.000294637
1.56 -1.14 0.00042126
1.56 -1.08 0.000594017
1.56 -1.02 0.00082611
1.56 -0.96 0.0011331
1.56 -0.9 0.00153279
1.56 -0.84 0.00204496
1.56 -0.78 0.00269081
1.56 -0.72 0.00349194
1.56 -0.66 0.0044693
1.56 -0.6 0.00564153
1.56 -0.54 0.00702343
1.56 -0.48 0.00862358
1.56 -0.42 0.0104429
1.56 -0.36 0.0124719
1.56 -0.3 0.0146906
1.56 -0.24 0.0170663
1.56 -0.18 0.0195533
1.56 -0.12 0.022095
1.56 -0.06 0.0246238
1.56 9.71445e-15 0.0270652
1.56 0.06 0.0293395
1.56 0.12 0.0313676
1.56 0.18 0.0330751
1.56 0.24 0.0343958
1.56 0.3 0.0352778
1.56 0.36 0.0356854
1.56 0.42 0.035601
1.56 0.48 0.0350291
1.56 0.54 0.0339923
1.56 0.6 0.0325327
1.56 0.66 0.0307079
1.56 0.72 0.0285871
1.56 0.78 0.0262469
1.56 0.84 0.0237673
1.56 0.9 0.0212259
1.56 0.96 0.0186955
1.56 1.02 0.0162407
1.56 1.08 0.0139141
1.56 1.14 0.0117571
1.56 1.2 0.00979791
1.56 1.26 0.00805291
1.56 1.32 0.00652773
1.56 1.38 0.00521868
1.56 1.44 0.00411484
1.56 1.5 0.00319983
1.56 1.56 0.00245411
1.56 1.62 0.00185629
1.56 1.68 0.00138482
1.56 1.74 0.00101889
1.56 1.8 0.000739341
1.56 1.86 0.000529126
1.56 1.92 0.00037347
1.56 1.98 0.000259983
1.56 2.04 0.000178494
1.56 2.1 0.000120862
1.56 2.16 8.07132e-05
1.56 2.22 5.31604e-05
1.56 2.28 3.45323e-05
1.56 2.34 2.21232e-05
1.62 -1.32 0.000103066
1.62 -1.26 0.000151496
1.62 -1.2 0.000219619
1.62 -1.14 0.000314
1.62 -1.08 0.000442774
1.62 -1.02 0.00061577
1.62 -0.96 0.000844594
1.62 -0.9 0.00114251
1.62 -0.84 0.0015243
1.62 -0.78 0.0020057
1.62 -0.72 0.00260282
1.62 -0.66 0.00333135
1.62 -0.6 0.00420516
1.62 -0.54 0.00523517
1.62 -0.48 0.00642791
1.62 -0.42 0.0077839
1.62 -0.36 0.00929644
1.62 -0.3 0.0109503
1.62 -0.24 0.0127209
1.62 -0.18 0.0145748
1.62 -0.12 0.0164695
1.62 -0.06 0.0183544
1.62 9.71445e-15 0.0201738
1.62 0.06 0.0218692
1.62 0.12 0.0233811
1.62 0.18 0.0246535
1.62 0.24 0.0256382
1.62 0.3 0.0262958
1.62 0.36 0.0265993
1.62 0.42 0.0265365
1.62 0.48 0.0261101
1.62 0.54 0.0253373
1.62 0.6 0.0242496
1.62 0.66 0.0228894
1.62 0.72 0.0213084
1.62 0.78 0.0195643
1.62 0.84 0.0177158
1.62 0.9 0.0158214
1.62 0.96 0.0139356
1.62 1.02 0.0121056
1.62 1.08 0.0103715
1.62 1.14 0.00876363
1.62 1.2 0.00730322
1.62 1.26 0.00600257
1.62 1.32 0.00486568
1.62 1.38 0.00388998
1.62 1.44 0.00306714
1.62 1.5 0.0023851
1.62 1.56 0.00182925
1.62 1.62 0.00138365
1.62 1.68 0.00103222
1.62 1.74 0.000759465
1.62 1.8 0.000551099
1.62 1.86 0.000394401
1.62 1.92 0.000278381
1.62 1.98 0.000193788
1.62 2.04 0.000133047
1.62 2.1 9.00884e-05
1.62 2.16 6.01628e-05
1.62 2.22 3.96251e-05
1.62 2.28 2.57397e-05
1.62 2.34 1.64903e-05
1.68 -1.32 7.57683e-05
1.68 -1.26 0.000111369
1.68 -1.2 0.000161451
1.68 -1.14 0.000230835
1.68 -1.08 0.000325501
1.68 -1.02 0.000452678
1.68 -0.96 0.000620893
1.68 -0.9 0.000839916
1.68 -0.84 0.00112058
1.68 -0.78 0.00147446
1.68 -0.72 0.00191345
1.68 -0.66 0.00244899
1.68 -0.6 0.00309138
1.68 -0.54 0.00384862
1.68 -0.48 0.00472547
1.68 -0.42 0.00572229
1.68 -0.36 0.00683427
1.68 -0.3 0.00804999
1.68 -0.24 0.00935166
1.68 -0.18 0.0107147
1.68 -0.12 0.0121074
1.68 -0.06 0.0134932
1.68 9.71445e-15 0.0148308
1.68 0.06 0.0160769
1.68 0.12 0.0171884
1.68 0.18 0.0181239
1.68 0.24 0.0188479
1.68 0.3 0.0193311
1.68 0.36 0.0195542
1.68 0.42 0.0195083
1.68 0.48 0.0191946
1.68 0.54 0.0186266
1.68 0.6 0.0178269
1.68 0.66 0.0168271
1.68 0.72 0.0156649
1.68 0.78 0.0143826
1.68 0.84 0.0130235
1.68 0.9 0.0116311
1.68 0.96 0.0102446
1.68 1.02 0.0088994
1.68 1.08 0.00762453
1.68 1.14 0.00644255
1.68 1.2 0.00536892
1.68 1.26 0.00441276
1.68 1.32 0.003577
1.68 1.38 0.00285968
1.68 1.44 0.00225476
1.68 1.5 0.0017534
1.68 1.56 0.00134476
1.68 1.62 0.00101719
1.68 1.68 0.000758829
1.68 1.74 0.000558311
1.68 1.8 0.000405134
1.68 1.86 0.000289939
1.68 1.92 0.00020465
1.68 1.98 0.000142462
1.68 2.04 9.78082e-05
1.68 2.1 6.62285e-05
1.68 2.16 4.42282e-05
1.68 2.22 2.91303e-05
1.68 2.28 1.89224e-05
1.68 2.34 1.21227e-05
1.74 -1.26 8.07477e-05
1.74 -1.2 0.000117057
1.74 -1.14 0.000167364
1.74 -1.08 0.000236001
1.74 -1.02 0.000328211
1.74 -0.96 0.000450172
1.74 -0.9 0.000608971
1.74 -0.84 0.000812455
1.74 -0.78 0.00106904
1.74 -0.72 0.00138732
1.74 -0.66 0.00177562
1.74 -0.6 0.00224135
1.74 -0.54 0.00279038
1.74 -0.48 0.00342614
1.74 -0.42 0.00414888
1.74 -0.36 0.00495507
1.74 -0.3 0.0058365
1.74 -0.24 0.00678037
1.74 -0.18 0.0077685
1.74 -0.12 0.00877835
1.74 -0.06 0.00978299
1.74 9.71445e-15 0.0107529
1.74 0.06 0.0116564
1.74 0.12 0.0124623
1.74 0.18 0.0131406
1.74 0.24 0.0136654
1.74 0.3 0.0140157
1.74 0.36 0.0141777
1.74 0.42 0.0141441
1.74 0.48 0.0139169
1.74 0.54 0.013505
1.74 0.6 0.012925
1.74 0.66 0.0122001
1.74 0.72 0.0113575
1.74 0.78 0.0104278
1.74 0.84 0.00944263
1.74 0.9 0.00843299
1.74 0.96 0.00742772
1.74 1.02 0.00645241
1.74 1.08 0.0055281
1.74 1.14 0.00467107
1.74 1.2 0.00389264
1.74 1.26 0.00319939
1.74 1.32 0.00259344
1.74 1.38 0.00207338
1.74 1.44 0.0016348
1.74 1.5 0.00127128
1.74 1.56 0.00097501
1.74 1.62 0.000737497
1.74 1.68 0.000550181
1.74 1.74 0.000404798
1.74 1.8 0.00029374
1.74 1.86 0.000210219
1.74 1.92 0.000148379
1.74 1.98 0.000103289
1.74 2.04 7.0915e-05
1.74 2.1 4.80181e-05
1.74 2.16 3.20673e-05
1.74 2.22 2.11204e-05
1.74 2.28 1.37195e-05
1.8 -1.2 8.37049e-05
1.8 -1.14 0.000119677
1.8 -1.08 0.000168757
1.8 -1.02 0.000234693
1.8 -0.96 0.000321904
1.8 -0.9 0.000435458
1.8 -0.84 0.000580969
1.8 -0.78 0.000764438
1.8 -0.72 0.000992036
1.8 -0.66 0.00126969
1.8 -0.6 0.00160274
1.8 -0.54 0.00199533
1.8 -0.48 0.00244994
1.8 -0.42 0.00296675
1.8 -0.36 0.00354325
1.8 -0.3 0.00417354
1.8 -0.24 0.0048484
1.8 -0.18 0.00555506
1.8 -0.12 0.0062771
1.8 -0.06 0.0069956
1.8 9.71445e-15 0.0076891
1.8 0.06 0.00833512
1.8 0.12 0.00891137
1.8 0.18 0.00939643
1.8 0.24 0.00977176
1.8 0.3 0.0100223
1.8 0.36 0.010138
1.8 0.42 0.0101142
1.8 0.48 0.00995156
1.8 0.54 0.00965702
1.8 0.6 0.00924238
1.8 0.66 0.00872406
1.8 0.72 0.00812153
1.8 0.78 0.00745669
1.8 0.84 0.00675211
1.8 0.9 0.00603018
1.8 0.96 0.00531137
1.8 1.02 0.00461393
1.8 1.08 0.00395296
1.8 1.14 0.00334016
1.8 1.2 0.00278354
1.8 1.26 0.00228781
1.8 1.32 0.00185451
1.8 1.38 0.00148261
1.8 1.44 0.00116899
1.8 1.5 0.000909059
1.8 1.56 0.000697195
1.8 1.62 0.000527367
1.8 1.68 0.000393419
1.8 1.74 0.000289459
1.8 1.8 0.000210044
1.8 1.86 0.000150321
1.8 1.92 0.000106102
1.8 1.98 7.38599e-05
1.8 2.04 5.07091e-05
1.8 2.1 3.43365e-05
1.8 2.16 2.29303e-05
1.8 2.22 1.51028e-05
1.86 -1.14 8.44012e-05
1.86 -1.08 0.000119015
1.86 -1.02 0.000165516
1.86 -0.96 0.000227022
1.86 -0.9 0.0003071
1.86 -0.84 0.000409723
1.86 -0.78 0.00053912
1.86 -0.72 0.000699624
1.86 -0.66 0.000895446
1.86 -0.6 0.00113032
1.86 -0.54 0.00140719
1.86 -0.48 0.00172779
1.86 -0.42 0.00209226
1.86 -0.36 0.00249884
1.86 -0.3 0.00294337
1.86 -0.24 0.00341932
1.86 -0.18 0.00391763
1.86 -0.12 0.00442691
1.86 -0.06 0.00493358
1.86 9.71445e-15 0.00542262
1.86 0.06 0.00587829
1.86 0.12 0.00628469
1.86 0.18 0.00662672
1.86 0.24 0.00689142
1.86 0.3 0.00706816
1.86 0.36 0.00714973
1.86 0.42 0.00713289
1.86 0.48 0.00701825
1.86 0.54 0.00681055
1.86 0.6 0.00651815
1.86 0.66 0.00615257
1.86 0.72 0.00572762
1.86 0.78 0.00525879
1.86 0.84 0.0047619
1.86 0.9 0.00425271
1.86 0.96 0.00374581
1.86 1.02 0.00325392
1.86 1.08 0.00278782
1.86 1.14 0.00235562
1.86 1.2 0.00196306
1.86 1.26 0.00161346
1.86 1.32 0.00130787
1.86 1.38 0.00104561
1.86 1.44 0.000824428
1.86 1.5 0.000641101
1.86 1.56 0.000491694
1.86 1.62 0.00037192
1.86 1.68 0.000277453
1.86 1.74 0.000204139
1.86 1.8 0.000148132
1.86 1.86 0.000106012
1.86 1.92 7.4827e-05
1.86 1.98 5.20892e-05
1.86 2.04 3.57622e-05
1.86 2.1 2.42153e-05
1.86 2.16 1.61715e-05
1.86 2.22 1.0651e-05
1.92 -1.08 8.27809e-05
1.92 -1.02 0.000115124
1.92 -0.96 0.000157905
1.92 -0.9 0.000213604
1.92 -0.84 0.00028498
1.92 -0.78 0.000374985
1.92 -0.72 0.000486626
1.92 -0.66 0.00062283
1.92 -0.6 0.000786193
1.92 -0.54 0.000978767
1.92 -0.48 0.00120176
1.92 -0.42 0.00145529
1.92 -0.36 0.00173805
1.92 -0.3 0.00204726
1.92 -0.24 0.00237831
1.92 -0.18 0.00272489
1.92 -0.12 0.00307911
1.92 -0.06 0.0034315
1.92 9.71445e-15 0.00377171
1.92 0.06 0.00408868
1.92 0.12 0.00437132
1.92 0.18 0.00460924
1.92 0.24 0.00479332
1.92 0.3 0.00491625
1.92 0.36 0.00497302
1.92 0.42 0.00496123
1.92 0.48 0.00488154
1.92 0.54 0.00473708
1.92 0.6 0.00453369
1.92 0.66 0.00427938
1.92 0.72 0.00398381
1.92 0.78 0.00365773
1.92 0.84 0.00331215
1.92 0.9 0.00295797
1.92 0.96 0.00260537
1.92 1.02 0.00226327
1.92 1.08 0.00193905
1.92 1.14 0.00163843
1.92 1.2 0.00136541
1.92 1.26 0.00112223
1.92 1.32 0.000909687
1.92 1.38 0.000727267
1.92 1.44 0.000573434
1.92 1.5 0.000445918
1.92 1.56 0.000341998
1.92 1.62 0.000258688
1.92 1.68 0.000192984
1.92 1.74 0.00014199
1.92 1.8 0.000103033
1.92 1.86 7.37375e-05
1.92 1.92 5.20459e-05
1.92 1.98 3.62305e-05
1.92 2.04 2.48745e-05
1.92 2.1 1.68429e-05
1.92 2.16 1.1248e-05
1.98 -1.02 7.89744e-05
1.98 -0.96 0.000108321
1.98 -0.9 0.000146531
1.98 -0.84 0.000195493
1.98 -0.78 0.000257234
1.98 -0.72 0.00033382
1.98 -0.66 0.000427254
1.98 -0.6 0.000539316
1.98 -0.54 0.000671419
1.98 -0.48 0.000824398
1.98 -0.42 0.000998311
1.98 -0.36 0.00119229
1.98 -0.3 0.00140439
1.98 -0.24 0.0016315
1.98 -0.18 0.00186926
1.98 -0.12 0.00211224
1.98 -0.06 0.00235399
1.98 9.71445e-15 0.00258737
1.98 0.06 0.00280478
1.98 0.12 0.00299866
1.98 0.18 0.0031619
1.98 0.24 0.00328816
1.98 0.3 0.00337247
1.98 0.36 0.00341144
1.98 0.42 0.00340338
1.98 0.48 0.0033487
1.98 0.54 0.00324958
1.98 0.6 0.00311004
1.98 0.66 0.00293559
1.98 0.72 0.00273287
1.98 0.78 0.00250913
1.98 0.84 0.0022721
1.98 0.9 0.00202915
1.98 0.96 0.00178725
1.98 1.02 0.00155258
1.98 1.08 0.00133017
1.98 1.14 0.00112395
1.98 1.2 0.000936655
1.98 1.26 0.000769835
1.98 1.32 0.000624036
1.98 1.38 0.000498893
1.98 1.44 0.000393368
1.98 1.5 0.000305896
1.98 1.56 0.000234608
1.98 1.62 0.000177457
1.98 1.68 0.000132385
1.98 1.74 9.74028e-05
1.98 1.8 7.06795e-05
1.98 1.86 5.05832e-05
1.98 1.92 3.57029e-05
1.98 1.98 2.48537e-05
1.98 2.04 1.70636e-05
1.98 2.1 1.15542e-05
1.98 2.16 7.71603e-06
2.04 -0.96 7.32857e-05
2.04 -0.9 9.91364e-05
2.04 -0.84 0.000132263
2.04 -0.78 0.000174034
2.04 -0.72 0.000225848
2.04 -0.66 0.000289061
2.04 -0.6 0.000364879
2.04 -0.54 0.000454258
2.04 -0.48 0.000557754
2.04 -0.42 0.000675414
2.04 -0.36 0.000806656
2.04 -0.3 0.00095015
2.04 -0.24 0.0011038
2.04 -0.18 0.00126466
2.04 -0.12 0.00142906
2.04 -0.06 0.00159261
2.04 9.71445e-15 0.0017505
2.04 0.06 0.0018976
2.04 0.12 0.00202878
2.04 0.18 0.00213919
2.04 0.24 0.00222464
2.04 0.3 0.00228167
2.04 0.36 0.00230802
2.04 0.42 0.00230257
2.04 0.48 0.00226558
2.04 0.54 0.00219851
2.04 0.6 0.00210412
2.04 0.66 0.00198612
2.04 0.72 0.00184893
2.04 0.78 0.00169759
2.04 0.84 0.0015372
2.04 0.9 0.00137283
2.04 0.96 0.00120918
2.04 1.02 0.00105041
2.04 1.08 0.000899939
2.04 1.14 0.000760416
2.04 1.2 0.000633699
2.04 1.26 0.000520843
2.04 1.32 0.000422194
2.04 1.38 0.000337533
2.04 1.44 0.000266136
2.04 1.5 0.000206955
2.04 1.56 0.000158725
2.04 1.62 0.000120059
2.04 1.68 8.95659e-05
2.04 1.74 6.5899e-05
2.04 1.8 4.7819e-05
2.04 1.86 3.42223e-05
2.04 1.92 2.41552e-05
2.04 1.98 1.6815e-05
2.04 2.04 1.15444e-05
2.04 2.1 7.81703e-06
2.1 -0.9 6.61499e-05
2.1 -0.84 8.8253e-05
2.1 -0.78 0.000116126
2.1 -0.72 0.000150699
2.1 -0.66 0.000192879
2.1 -0.6 0.000243469
2.1 -0.54 0.000303104
2.1 -0.48 0.000372166
2.1 -0.42 0.000450677
2.1 -0.36 0.000538246
2.1 -0.3 0.000633998
2.1 -0.24 0.000736524
2.1 -0.18 0.000843857
2.1 -0.12 0.000953553
2.1 -0.06 0.00106268
2.1 9.71445e-15 0.00116804
2.1 0.06 0.00126619
2.1 0.12 0.00135371
2.1 0.18 0.00142741
2.1 0.24 0.0014844
2.1 0.3 0.00152247
2.1 0.36 0.00154006
2.1 0.42 0.00153642
2.1 0.48 0.00151174
2.1 0.54 0.001467
2.1 0.6 0.001404
2.1 0.66 0.00132524
2.1 0.72 0.00123372
2.1 0.78 0.00113273
2.1 0.84 0.00102572
2.1 0.9 0.000916038
2.1 0.96 0.00080684
2.1 1.02 0.000700894
2.1 1.08 0.000600492
2.1 1.14 0.000507399
2.1 1.2 0.000422843
2.1 1.26 0.000347533
2.1 1.32 0.000281715
2.1 1.38 0.000225221
2.1 1.44 0.000177582
2.1 1.5 0.000138093
2.1 1.56 0.000105911
2.1 1.62 8.01114e-05
2.1 1.68 5.9764e-05
2.1 1.74 4.39715e-05
2.1 1.8 3.19076e-05
2.1 1.86 2.28353e-05
2.1 1.92 1.61177e-05
2.1 1.98 1.12199e-05
2.1 2.04 7.70321e-06
2.16 -0.78 7.64213e-05
2.16 -0.72 9.91733e-05
2.16 -0.66 0.000126932
2.16 -0.6 0.000160226
2.16 -0.54 0.000199471
2.16 -0.48 0.000244915
2.16 -0.42 0.000296583
2.16 -0.36 0.000354213
2.16 -0.3 0.000417229
2.16 -0.24 0.000484695
2.16 -0.18 0.000555327
2.16 -0.12 0.000627516
2.16 -0.06 0.000699337
2.16 9.71445e-15 0.000768665
2.16 0.06 0.000833262
2.16 0.12 0.000890863
2.16 0.18 0.000939352
2.16 0.24 0.000976866
2.16 0.3 0.00100193
2.16 0.36 0.00101349
2.16 0.42 0.0010111
2.16 0.48 0.000994848
2.16 0.54 0.000965411
2.16 0.6 0.000923962
2.16 0.66 0.000872134
2.16 0.72 0.0008119
2.16 0.78 0.000745441
2.16 0.84 0.000675011
2.16 0.9 0.000602826
2.16 0.96 0.000530971
2.16 1.02 0.000461247
2.16 1.08 0.000395175
2.16 1.14 0.000333912
2.16 1.2 0.000278269
2.16 1.26 0.00022871
2.16 1.32 0.000185394
2.16 1.38 0.000148216
2.16 1.44 0.000116864
2.16 1.5 9.08778e-05
2.16 1.56 6.96986e-05
2.16 1.62 5.27204e-05
2.16 1.68 3.93296e-05
2.16 1.74 2.89371e-05
2.16 1.8 2.09979e-05
2.16 1.86 1.50275e-05
2.16 1.92 1.06068e-05
2.16 1.98 7.38375e-06
2.22 -0.72 6.43678e-05
2.22 -0.66 8.2383e-05
2.22 -0.6 0.000103993
2.22 -0.54 0.000129466
2.22 -0.48 0.000158962
2.22 -0.42 0.000192496
2.22 -0.36 0.000229901
2.22 -0.3 0.000270799
2.22 -0.24 0.000314583
2.22 -0.18 0.000360434
2.22 -0.12 0.000407284
2.22 -0.06 0.000453903
2.22 9.71445e-15 0.000498899
2.22 0.06 0.00054082
2.22 0.12 0.000578208
2.22 0.18 0.000609676
2.22 0.24 0.000634033
2.22 0.3 0.000650291
2.22 0.36 0.00065779
2.22 0.42 0.000656246
2.22 0.48 0.000645696
2.22 0.54 0.000626585
2.22 0.6 0.000599689
2.22 0.66 0.000566054
2.22 0.72 0.000526956
2.22 0.78 0.000483822
2.22 0.84 0.000438105
2.22 0.9 0.000391262
2.22 0.96 0.000344624
2.22 1.02 0.000299371
2.22 1.08 0.000256485
2.22 1.14 0.000216723
2.22 1.2 0.000180608
2.22 1.26 0.000148443
2.22 1.32 0.000120328
2.22 1.38 9.61982e-05
2.22 1.44 7.58494e-05
2.22 1.5 5.89834e-05
2.22 1.56 4.52367e-05
2.22 1.62 3.42176e-05
2.22 1.68 2.55266e-05
2.22 1.74 1.87814e-05
2.22 1.8 1.36285e-05
2.22 1.86 9.75342e-06
2.22 1.92 6.88432e-06
2.28 -0.6 6.65673e-05
2.28 -0.54 8.28732e-05
2.28 -0.48 0.000101755
2.28 -0.42 0.00012322
2.28 -0.36 0.000147164
2.28 -0.3 0.000173342
2.28 -0.24 0.000201374
2.28 -0.18 0.000230721
2.28 -0.12 0.000260713
2.28 -0.06 0.00029055
2.28 9.71445e-15 0.000319356
2.28 0.06 0.00034619
2.28 0.12 0.000370124
2.28 0.18 0.000390269
2.28 0.24 0.000405857
2.28 0.3 0.000416261
2.28 0.36 0.000421069
2.28 0.42 0.000420074
2.28 0.48 0.000413327
2.28 0.54 0.000401092
2.28 0.6 0.000383869
2.28 0.66 0.00036234
2.28 0.72 0.000337313
2.28 0.78 0.000309703
2.28 0.84 0.000280441
2.28 0.9 0.000250456
2.28 0.96 0.0002206
2.28 1.02 0.000191634
2.28 1.08 0.000164182
2.28 1.14 0.000138728
2.28 1.2 0.000115609
2.28 1.26 9.50207e-05
2.28 1.32 7.70239e-05
2.28 1.38 6.15784e-05
2.28 1.44 4.8553e-05
2.28 1.5 3.77562e-05
2.28 1.56 2.89573e-05
2.28 1.62 2.19033e-05
2.28 1.68 1.63401e-05
2.28 1.74 1.20224e-05
2.28 1.8 8.72395e-06
2.28 1.86 6.24339e-06
2.34 -0.54 5.23199e-05
2.34 -0.48 6.42401e-05
2.34 -0.42 7.77913e-05
2.34 -0.36 9.2908e-05
2.34 -0.3 0.000109435
2.34 -0.24 0.000127131
2.34 -0.18 0.00014566
2.34 -0.12 0.000164593
2.34 -0.06 0.000183432
2.34 9.71445e-15 0.000201616
2.34 0.06 0.000218556
2.34 0.12 0.000233666
2.34 0.18 0.000246384
2.34 0.24 0.000256227
2.34 0.3 0.000262796
2.34 0.36 0.000265828
2.34 0.42 0.000265204
2.34 0.48 0.00026094
2.34 0.54 0.000253218
2.34 0.6 0.000242346
2.34 0.66 0.000228755
2.34 0.72 0.000212955
2.34 0.78 0.000195523
2.34 0.84 0.000177048
2.34 0.9 0.000158118
2.34 0.96 0.00013927
2.34 1.02 0.000120982
2.34 1.08 0.000103651
2.34 1.14 8.75828e-05
2.34 1.2 7.29873e-05
2.34 1.26 5.99891e-05
2.34 1.32 4.86273e-05
2.34 1.38 3.88758e-05
2.34 1.44 3.06523e-05
2.34 1.5 2.38365e-05
2.34 1.56 1.82812e-05
2.34 1.62 1.38281e-05
2.34 1.68 1.03158e-05
2.34 1.74 7.58993e-06
2.34 1.8 5.50757e-06
2.4 -0.42 4.84362e-05
2.4 -0.36 5.78481e-05
2.4 -0.3 6.81392e-05
2.4 -0.24 7.91574e-05
2.4 -0.18 9.06931e-05
2.4 -0.12 0.000102483
2.4 -0.06 0.000114212
2.4 9.71445e-15 0.000125534
2.4 0.06 0.000136083
2.4 0.12 0.000145491
2.4 0.18 0.000153409
2.4 0.24 0.000159537
2.4 0.3 0.000163628
2.4 0.36 0.000165517
2.4 0.42 0.000165126
2.4 0.48 0.000162473
2.4 0.54 0.000157664
2.4 0.6 0.000150895
2.4 0.66 0.000142432
2.4 0.72 0.000132594
2.4 0.78 0.000121741
2.4 0.84 0.000110238
2.4 0.9 9.84508e-05
2.4 0.96 8.67156e-05
2.4 1.02 7.53288e-05
2.4 1.08 6.45381e-05
2.4 1.14 5.45327e-05
2.4 1.2 4.5445e-05
2.4 1.26 3.73516e-05
2.4 1.32 3.02773e-05
2.4 1.38 2.42058e-05
2.4 1.44 1.90856e-05
2.4 1.5 1.48415e-05
2.4 1.56 1.13828e-05
2.4 1.62 8.60994e-06
2.4 1.68 6.42307e-06
2.4 1.74 4.72585e-06
2.46 -0.3 4.18431e-05
2.46 -0.24 4.86095e-05
2.46 -0.18 5.56934e-05
2.46 -0.12 6.2933e-05
2.46 -0.06 7.01356e-05
2.46 9.71445e-15 7.70891e-05
2.46 0.06 8.35673e-05
2.46 0.12 8.93441e-05
2.46 0.18 9.4207e-05
2.46 0.24 9.79696e-05
2.46 0.3 0.000100481
2.46 0.36 0.000101642
2.46 0.42 0.000101402
2.46 0.48 9.97724e-05
2.46 0.54 9.68194e-05
2.46 0.6 9.26625e-05
2.46 0.66 8.74653e-05
2.46 0.72 8.14241e-05
2.46 0.78 7.47588e-05
2.46 0.84 6.76959e-05
2.46 0.9 6.04571e-05
2.46 0.96 5.32502e-05
2.46 1.02 4.62583e-05
2.46 1.08 3.96316e-05
2.46 1.14 3.34873e-05
2.46 1.2 2.79072e-05
2.46 1.26 2.29371e-05
2.46 1.32 1.85928e-05
2.46 1.38 1.48643e-05
2.46 1.44 1.17202e-05
2.46 1.5 9.11403e-06
2.46 1.56 6.98998e-06
2.46 1.62 5.28724e-06
2.46 1.68 3.94436e-06
2.52 -0.12 3.8115e-05
2.52 -0.06 4.24776e-05
2.52 9.71445e-15 4.66889e-05
2.52 0.06 5.0612e-05
2.52 0.12 5.41102e-05
2.52 0.18 5.70562e-05
2.52 0.24 5.93345e-05
2.52 0.3 6.08562e-05
2.52 0.36 6.1559e-05
2.52 0.42 6.14139e-05
2.52 0.48 6.04269e-05
2.52 0.54 5.86381e-05
2.52 0.6 5.61207e-05
2.52 0.66 5.29726e-05
2.52 0.72 4.93145e-05
2.52 0.78 4.52771e-05
2.52 0.84 4.09996e-05
2.52 0.9 3.66158e-05
2.52 0.96 3.22508e-05
2.52 1.02 2.8016e-05
2.52 1.08 2.40026e-05
2.52 1.14 2.02816e-05
2.52 1.2 1.69019e-05
2.52 1.26 1.38917e-05
2.52 1.32 1.12607e-05
2.52 1.38 9.00242e-06
2.52 1.44 7.09827e-06
2.52 1.5 5.51989e-06
2.58 0.06 3.02313e-05
2.58 0.12 3.23214e-05
2.58 0.18 3.40805e-05
2.58 0.24 3.54419e-05
2.58 0.3 3.63505e-05
2.58 0.36 3.67701e-05
2.58 0.42 3.66836e-05
2.58 0.48 3.6094e-05
2.58 0.54 3.50255e-05
2.58 0.6 3.35219e-05
2.58 0.66 3.16419e-05
2.58 0.72 2.94564e-05
2.58 0.78 2.70451e-05
2.58 0.84 2.44896e-05
2.58 0.9 2.18713e-05
2.58 0.96 1.92641e-05
2.58 1.02 1.67346e-05
2.58 1.08 1.43373e-05
2.58 1.14 1.21146e-05
2.58 1.2 1.00958e-05
2.58 1.26 8.29782e-06
2.58 1.32 6.72623e-06
2.64 0.36 2.16618e-05
2.64 0.42 2.16107e-05
2.64 0.48 2.12634e-05
2.64 0.54 2.06339e-05
2.64 0.6 1.97481e-05
2.64 0.66 1.86404e-05
2.64 0.72 1.73531e-05
2.64 0.78 1.59324e-05
2.64 0.84 1.44272e-05
2.64 0.9 1.28846e-05
2.64 0.96 1.13486e-05
2.64 1.02 9.85843e-06
