2653 0.06 0.06 0.120006 -12 -12
-2.94 1.5 3.19962e-06
-2.88 1.38 4.65275e-06
-2.88 1.44 5.03204e-06
-2.88 1.5 5.36748e-06
-2.88 1.56 5.6466e-06
-2.88 1.62 5.85856e-06
-2.82 1.32 7.01969e-06
-2.82 1.38 7.69781e-06
-2.82 1.44 8.32542e-06
-2.82 1.5 8.88032e-06
-2.82 1.56 9.34209e-06
-2.82 1.62 9.69274e-06
-2.82 1.68 9.91839e-06
-2.82 1.74 1.00097e-05
-2.76 1.26 1.03017e-05
-2.76 1.32 1.14543e-05
-2.76 1.38 1.25607e-05
-2.76 1.44 1.35847e-05
-2.76 1.5 1.44903e-05
-2.76 1.56 1.52437e-05
-2.76 1.62 1.5816e-05
-2.76 1.68 1.61841e-05
-2.76 1.74 1.63331e-05
-2.76 1.8 1.62571e-05
-2.76 1.86 1.59589e-05
-2.7 1.2 1.47055e-05
-2.7 1.26 1.65785e-05
-2.7 1.32 1.84333e-05
-2.7 1.38 2.02141e-05
-2.7 1.44 2.1862e-05
-2.7 1.5 2.33193e-05
-2.7 1.56 2.4532e-05
-2.7 1.62 2.54527e-05
-2.7 1.68 2.60452e-05
-2.7 1.74 2.62852e-05
-2.7 1.8 2.61624e-05
-2.7 1.86 2.56826e-05
-2.7 1.92 2.48651e-05
-2.7 1.98 2.37425e-05
-2.64 1.08 1.7617e-05
-2.64 1.14 2.04184e-05
-2.64 1.2 2.334e-05
-2.64 1.26 2.63131e-05
-2.64 1.32 2.92573e-05
-2.64 1.38 3.20833e-05
-2.64 1.44 3.4699e-05
-2.64 1.5 3.7012e-05
-2.64 1.56 3.89365e-05
-2.64 1.62 4.0398e-05
-2.64 1.68 4.13381e-05
-2.64 1.74 4.17191e-05
-2.64 1.8 4.15248e-05
-2.64 1.86 4.07631e-05
-2.64 1.92 3.9465e-05
-2.64 1.98 3.76834e-05
-2.64 2.04 3.54877e-05
-2.58 1.02 2.34662e-05
-2.58 1.08 2.7577e-05
-2.58 1.14 3.19625e-05
-2.58 1.2 3.65357e-05
-2.58 1.26 4.11897e-05
-2.58 1.32 4.57981e-05
-2.58 1.38 5.02218e-05
-2.58 1.44 5.43164e-05
-2.58 1.5 5.79366e-05
-2.58 1.56 6.09493e-05
-2.58 1.62 6.32378e-05
-2.58 1.68 6.47099e-05
-2.58 1.74 6.53052e-05
-2.58 1.8 6.5001e-05
-2.58 1.86 6.38089e-05
-2.58 1.92 6.17773e-05
-2.58 1.98 5.89887e-05
-2.58 2.04 5.55512e-05
-2.58 2.1 5.15954e-05
-2.58 2.16 4.72623e-05
-2.52 0.96 3.04044e-05
-2.52 1.02 3.62283e-05
-2.52 1.08 4.25743e-05
-2.52 1.14 4.9345e-05
-2.52 1.2 5.64058e-05
-2.52 1.26 6.35909e-05
-2.52 1.32 7.07045e-05
-2.52 1.38 7.75354e-05
-2.52 1.44 8.38561e-05
-2.52 1.5 8.94463e-05
-2.52 1.56 9.40973e-05
-2.52 1.62 9.76292e-05
-2.52 1.68 9.99023e-05
-2.52 1.74 0.000100822
-2.52 1.8 0.000100352
-2.52 1.86 9.85104e-05
-2.52 1.92 9.53754e-05
-2.52 1.98 9.10692e-05
-2.52 2.04 8.57632e-05
-2.52 2.1 7.96558e-05
-2.52 2.16 7.2966e-05
-2.52 2.22 6.59191e-05
-2.46 0.96 4.62945e-05
-2.46 1.02 5.51621e-05
-2.46 1.08 6.48246e-05
-2.46 1.14 7.51337e-05
-2.46 1.2 8.58849e-05
-2.46 1.26 9.68252e-05
-2.46 1.32 0.000107657
-2.46 1.38 0.000118058
-2.46 1.44 0.000127682
-2.46 1.5 0.000136194
-2.46 1.56 0.000143275
-2.46 1.62 0.000148652
-2.46 1.68 0.000152114
-2.46 1.74 0.000153515
-2.46 1.8 0.000152799
-2.46 1.86 0.000149995
-2.46 1.92 0.000145221
-2.46 1.98 0.000138664
-2.46 2.04 0.000130586
-2.46 2.1 0.000121286
-2.46 2.16 0.0001111
-2.46 2.22 0.00010037
-2.46 2.28 8.94315e-05
-2.4 0.9 5.75424e-05
-2.4 0.96 6.95202e-05
-2.4 1.02 8.28366e-05
-2.4 1.08 9.73467e-05
-2.4 1.14 0.000112828
-2.4 1.2 0.000128973
-2.4 1.26 0.000145402
-2.4 1.32 0.000161668
-2.4 1.38 0.000177286
-2.4 1.44 0.000191739
-2.4 1.5 0.000204522
-2.4 1.56 0.000215156
-2.4 1.62 0.000223231
-2.4 1.68 0.000228429
-2.4 1.74 0.000230532
-2.4 1.8 0.000229458
-2.4 1.86 0.000225246
-2.4 1.92 0.000218078
-2.4 1.98 0.000208232
-2.4 2.04 0.0001961
-2.4 2.1 0.000182135
-2.4 2.16 0.000166838
-2.4 2.22 0.000150725
-2.4 2.28 0.000134299
-2.4 2.34 0.000118017
-2.34 0.84 6.95696e-05
-2.34 0.9 8.52234e-05
-2.34 0.96 0.000102963
-2.34 1.02 0.000122686
-2.34 1.08 0.000144177
-2.34 1.14 0.000167105
-2.34 1.2 0.000191016
-2.34 1.26 0.000215349
-2.34 1.32 0.00023944
-2.34 1.38 0.00026257
-2.34 1.44 0.000283975
-2.34 1.5 0.000302907
-2.34 1.56 0.000318656
-2.34 1.62 0.000330619
-2.34 1.68 0.000338316
-2.34 1.74 0.00034143
-2.34 1.8 0.000339841
-2.34 1.86 0.000333602
-2.34 1.92 0.000322985
-2.34 1.98 0.000308403
-2.34 2.04 0.000290435
-2.34 2.1 0.000269751
-2.34 2.16 0.000247096
-2.34 2.22 0.000223234
-2.34 2.28 0.000198905
-2.34 2.34 0.000174789
-2.34 2.4 0.000151488
-2.28 0.78 8.18154e-05
-2.28 0.84 0.00010162
-2.28 0.9 0.000124485
-2.28 0.96 0.000150398
-2.28 1.02 0.000179207
-2.28 1.08 0.000210601
-2.28 1.14 0.000244091
-2.28 1.2 0.000279018
-2.28 1.26 0.000314558
-2.28 1.32 0.000349751
-2.28 1.38 0.000383538
-2.28 1.44 0.000414803
-2.28 1.5 0.000442454
-2.28 1.56 0.000465464
-2.28 1.62 0.000482937
-2.28 1.68 0.000494177
-2.28 1.74 0.000498728
-2.28 1.8 0.000496402
-2.28 1.86 0.000487297
-2.28 1.92 0.000471783
-2.28 1.98 0.000450482
-2.28 2.04 0.000424234
-2.28 2.1 0.000394023
-2.28 2.16 0.000360934
-2.28 2.22 0.000326079
-2.28 2.28 0.00029054
-2.28 2.34 0.000255316
-2.28 2.4 0.000221276
-2.28 2.46 0.000189142
-2.22 0.78 0.000117865
-2.22 0.84 0.000146397
-2.22 0.9 0.000179335
-2.22 0.96 0.000216667
-2.22 1.02 0.000258171
-2.22 1.08 0.000303396
-2.22 1.14 0.000351641
-2.22 1.2 0.000401959
-2.22 1.26 0.000453155
-2.22 1.32 0.000503859
-2.22 1.38 0.000552532
-2.22 1.44 0.00059758
-2.22 1.5 0.00063741
-2.22 1.56 0.000670554
-2.22 1.62 0.000695724
-2.22 1.68 0.000711917
-2.22 1.74 0.000718476
-2.22 1.8 0.000715123
-2.22 1.86 0.000702012
-2.22 1.92 0.00067966
-2.22 1.98 0.00064898
-2.22 2.04 0.00061116
-2.22 2.1 0.00056764
-2.22 2.16 0.000519971
-2.22 2.22 0.000469756
-2.22 2.28 0.000418556
-2.22 2.34 0.000367812
-2.22 2.4 0.000318776
-2.22 2.46 0.000272481
-2.22 2.52 0.000229706
-2.16 0.72 0.000132973
-2.16 0.78 0.000167464
-2.16 0.84 0.000208003
-2.16 0.9 0.000254804
-2.16 0.96 0.000307843
-2.16 1.02 0.000366808
-2.16 1.08 0.000431067
-2.16 1.14 0.000499617
-2.16 1.2 0.000571104
-2.16 1.26 0.000643859
-2.16 1.32 0.000715893
-2.16 1.38 0.000785043
-2.16 1.44 0.000849042
-2.16 1.5 0.000905642
-2.16 1.56 0.000952733
-2.16 1.62 0.000988499
-2.16 1.68 0.00101151
-2.16 1.74 0.00102082
-2.16 1.8 0.00101607
-2.16 1.86 0.000997426
-2.16 1.92 0.00096567
-2.16 1.98 0.000922078
-2.16 2.04 0.000868353
-2.16 2.1 0.000806511
-2.16 2.16 0.000738773
-2.16 2.22 0.000667431
-2.16 2.28 0.000594691
-2.16 2.34 0.000522592
-2.16 2.4 0.000452926
-2.16 2.46 0.000387146
-2.16 2.52 0.000326373
-2.16 2.58 0.000271355
-2.1 0.66 0.000145922
-2.1 0.72 0.000186334
-2.1 0.78 0.000234667
-2.1 0.84 0.000291473
-2.1 0.9 0.000357052
-2.1 0.96 0.000431379
-2.1 1.02 0.000514012
-2.1 1.08 0.000604053
-2.1 1.14 0.00070011
-2.1 1.2 0.000800292
-2.1 1.26 0.000902225
-2.1 1.32 0.00100317
-2.1 1.38 0.00110008
-2.1 1.44 0.00118977
-2.1 1.5 0.00126906
-2.1 1.56 0.00133506
-2.1 1.62 0.00138517
-2.1 1.68 0.00141741
-2.1 1.74 0.00143047
-2.1 1.8 0.00142379
-2.1 1.86 0.00139769
-2.1 1.92 0.00135319
-2.1 1.98 0.0012921
-2.1 2.04 0.00121681
-2.1 2.1 0.00113016
-2.1 2.16 0.00103525
-2.1 2.22 0.000935272
-2.1 2.28 0.000833337
-2.1 2.34 0.000732306
-2.1 2.4 0.000634673
-2.1 2.46 0.000542501
-2.1 2.52 0.000457341
-2.1 2.58 0.000380251
-2.1 2.64 0.000311807
-2.04 0.66 0.000201669
-2.04 0.72 0.000257518
-2.04 0.78 0.000324316
-2.04 0.84 0.00040282
-2.04 0.9 0.000493455
-2.04 0.96 0.000596172
-2.04 1.02 0.000710372
-2.04 1.08 0.000834812
-2.04 1.14 0.000967564
-2.04 1.2 0.00110602
-2.04 1.26 0.0012469
-2.04 1.32 0.00138641
-2.04 1.38 0.00152034
-2.04 1.44 0.00164428
-2.04 1.5 0.00175389
-2.04 1.56 0.00184509
-2.04 1.62 0.00191435
-2.04 1.68 0.0019589
-2.04 1.74 0.00197695
-2.04 1.8 0.00196773
-2.04 1.86 0.00193163
-2.04 1.92 0.00187014
-2.04 1.98 0.0017857
-2.04 2.04 0.00168166
-2.04 2.1 0.0015619
-2.04 2.16 0.00143073
-2.04 2.22 0.00129257
-2.04 2.28 0.00115169
-2.04 2.34 0.00101207
-2.04 2.4 0.000877137
-2.04 2.46 0.00074975
-2.04 2.52 0.000632063
-2.04 2.58 0.000525515
-2.04 2.64 0.000430927
-2.04 2.7 0.000348506
-1.98 0.6 0.000212307
-1.98 0.66 0.000274883
-1.98 0.72 0.000351007
-1.98 0.78 0.000442046
-1.98 0.84 0.000549059
-1.98 0.9 0.000672596
-1.98 0.96 0.0008126
-1.98 1.02 0.000968256
-1.98 1.08 0.00113788
-1.98 1.14 0.00131883
-1.98 1.2 0.00150753
-1.98 1.26 0.00169957
-1.98 1.32 0.00188973
-1.98 1.38 0.00207224
-1.98 1.44 0.0022412
-1.98 1.5 0.00239059
-1.98 1.56 0.00251489
-1.98 1.62 0.0026093
-1.98 1.68 0.00267003
-1.98 1.74 0.00269462
-1.98 1.8 0.00268209
-1.98 1.86 0.00263289
-1.98 1.92 0.00254903
-1.98 1.98 0.00243399
-1.98 2.04 0.00229216
-1.98 2.1 0.00212891
-1.98 2.16 0.00195012
-1.98 2.22 0.00176181
-1.98 2.28 0.00156979
-1.98 2.34 0.00137946
-1.98 2.4 0.00119557
-1.98 2.46 0.00102194
-1.98 2.52 0.000861515
-1.98 2.58 0.000716292
-1.98 2.64 0.000587366
-1.98 2.7 0.000475023
-1.92 0.6 0.000285402
-1.92 0.66 0.000369522
-1.92 0.72 0.000471857
-1.92 0.78 0.000594242
-1.92 0.84 0.000738099
-1.92 0.9 0.000904164
-1.92 0.96 0.00109238
-1.92 1.02 0.00130163
-1.92 1.08 0.00152965
-1.92 1.14 0.0017729
-1.92 1.2 0.00202656
-1.92 1.26 0.00228471
-1.92 1.32 0.00254034
-1.92 1.38 0.00278571
-1.92 1.44 0.00301284
-1.92 1.5 0.00321365
-1.92 1.56 0.00338075
-1.92 1.62 0.00350768
-1.92 1.68 0.00358934
-1.92 1.74 0.00362235
-1.92 1.8 0.0036055
-1.92 1.86 0.00353937
-1.92 1.92 0.00342667
-1.92 1.98 0.003272
-1.92 2.04 0.00308132
-1.92 2.1 0.0028619
-1.92 2.16 0.00262155
-1.92 2.22 0.00236839
-1.92 2.28 0.00211027
-1.92 2.34 0.00185441
-1.92 2.4 0.0016072
-1.92 2.46 0.00137379
-1.92 2.52 0.00115812
-1.92 2.58 0.000962907
-1.92 2.64 0.000789589
-1.92 2.7 0.000638567
-1.92 2.76 0.000509333
-1.86 0.54 0.00028824
-1.86 0.6 0.000378391
-1.86 0.66 0.000489918
-1.86 0.72 0.000625595
-1.86 0.78 0.000787858
-1.86 0.84 0.000978583
-1.86 0.9 0.00119876
-1.86 0.96 0.0014483
-1.86 1.02 0.00172572
-1.86 1.08 0.00202803
-1.86 1.14 0.00235054
-1.86 1.2 0.00268686
-1.86 1.26 0.00302912
-1.86 1.32 0.00336803
-1.86 1.38 0.00369335
-1.86 1.44 0.00399446
-1.86 1.5 0.0042607
-1.86 1.56 0.00448226
-1.86 1.62 0.00465055
-1.86 1.68 0.00475881
-1.86 1.74 0.00480259
-1.86 1.8 0.00478022
-1.86 1.86 0.00469255
-1.86 1.92 0.00454314
-1.86 1.98 0.00433807
-1.86 2.04 0.00408527
-1.86 2.1 0.00379436
-1.86 2.16 0.0034757
-1.86 2.22 0.00314006
-1.86 2.28 0.00279783
-1.86 2.34 0.00245861
-1.86 2.4 0.00213084
-1.86 2.46 0.0018214
-1.86 2.52 0.00153546
-1.86 2.58 0.00127664
-1.86 2.64 0.00104685
-1.86 2.7 0.000846621
-1.86 2.76 0.000675283
-1.86 2.82 0.000531212
-1.8 0.54 0.000376899
-1.8 0.6 0.000494783
-1.8 0.66 0.000640612
-1.8 0.72 0.000818025
-1.8 0.78 0.0010302
-1.8 0.84 0.00127958
-1.8 0.9 0.00156748
-1.8 0.96 0.00189378
-1.8 1.02 0.00225654
-1.8 1.08 0.00265184
-1.8 1.14 0.00307355
-1.8 1.2 0.00351332
-1.8 1.26 0.00396084
-1.8 1.32 0.00440402
-1.8 1.38 0.00482941
-1.8 1.44 0.00522313
-1.8 1.5 0.00557125
-1.8 1.56 0.00586099
-1.8 1.62 0.00608104
-1.8 1.68 0.00622258
-1.8 1.74 0.00627984
-1.8 1.8 0.00625059
-1.8 1.86 0.00613596
-1.8 1.92 0.00594055
-1.8 1.98 0.00567242
-1.8 2.04 0.00534185
-1.8 2.1 0.00496147
-1.8 2.16 0.00454479
-1.8 2.22 0.00410593
-1.8 2.28 0.00365842
-1.8 2.34 0.00321487
-1.8 2.4 0.00278627
-1.8 2.46 0.00238165
-1.8 2.52 0.00200776
-1.8 2.58 0.00166933
-1.8 2.64 0.00136886
-1.8 2.7 0.00110704
-1.8 2.76 0.000882994
-1.8 2.82 0.000694607
-1.74 0.48 0.000365161
-1.74 0.54 0.000486052
-1.74 0.6 0.000638082
-1.74 0.66 0.000826144
-1.74 0.72 0.00105494
-1.74 0.78 0.00132856
-1.74 0.84 0.00165018
-1.74 0.9 0.00202145
-1.74 0.96 0.00244224
-1.74 1.02 0.00291009
-1.74 1.08 0.00341988
-1.74 1.14 0.00396369
-1.74 1.2 0.00453086
-1.74 1.26 0.00510795
-1.74 1.32 0.00567952
-1.74 1.38 0.00622811
-1.74 1.44 0.00673589
-1.74 1.5 0.00718487
-1.74 1.56 0.00755845
-1.74 1.62 0.0078422
-1.74 1.68 0.00802469
-1.74 1.74 0.00809861
-1.74 1.8 0.00806088
-1.74 1.86 0.00791308
-1.74 1.92 0.00766107
-1.74 1.98 0.00731525
-1.74 2.04 0.00688894
-1.74 2.1 0.00639837
-1.74 2.16 0.00586108
-1.74 2.22 0.00529508
-1.74 2.28 0.00471794
-1.74 2.34 0.00414596
-1.74 2.4 0.00359322
-1.74 2.46 0.00307141
-1.74 2.52 0.00258925
-1.74 2.58 0.00215281
-1.74 2.64 0.00176531
-1.74 2.7 0.00142767
-1.74 2.76 0.00113873
-1.74 2.82 0.000895781
-1.74 2.88 0.00069499
-1.68 0.48 0.000464444
-1.68 0.54 0.000618213
-1.68 0.6 0.000811576
-1.68 0.66 0.00105077
-1.68 0.72 0.00134176
-1.68 0.78 0.0016898
-1.68 0.84 0.00209886
-1.68 0.9 0.0025711
-1.68 0.96 0.00310628
-1.68 1.02 0.00370131
-1.68 1.08 0.00434968
-1.68 1.14 0.00504137
-1.68 1.2 0.00576275
-1.68 1.26 0.00649682
-1.68 1.32 0.00722369
-1.68 1.38 0.00792149
-1.68 1.44 0.00856733
-1.68 1.5 0.00913844
-1.68 1.56 0.00961358
-1.68 1.62 0.00997438
-1.68 1.68 0.0102066
-1.68 1.74 0.0103006
-1.68 1.8 0.0102526
-1.68 1.86 0.0100645
-1.68 1.92 0.00974413
-1.68 1.98 0.00930426
-1.68 2.04 0.00876211
-1.68 2.1 0.00813809
-1.68 2.16 0.00745464
-1.68 2.22 0.00673471
-1.68 2.28 0.00600069
-1.68 2.34 0.00527322
-1.68 2.4 0.00457024
-1.68 2.46 0.00390646
-1.68 2.52 0.00329326
-1.68 2.58 0.00273812
-1.68 2.64 0.00224529
-1.68 2.7 0.00181584
-1.68 2.76 0.00144834
-1.68 2.82 0.00113935
-1.68 2.88 0.000883951
-1.62 0.48 0.00058261
-1.62 0.54 0.000775495
-1.62 0.6 0.00101805
-1.62 0.66 0.0013181
-1.62 0.72 0.00168312
-1.62 0.78 0.00211969
-1.62 0.84 0.0026328
-1.62 0.9 0.00322521
-1.62 0.96 0.00389657
-1.62 1.02 0.00464294
-1.62 1.08 0.00545629
-1.62 1.14 0.00632399
-1.62 1.2 0.00722885
-1.62 1.26 0.00814971
-1.62 1.32 0.00906143
-1.62 1.38 0.0099368
-1.62 1.44 0.0107468
-1.62 1.5 0.0114632
-1.62 1.56 0.0120593
-1.62 1.62 0.0125121
-1.62 1.68 0.0128033
-1.62 1.74 0.0129212
-1.62 1.8 0.012861
-1.62 1.86 0.012625
-1.62 1.92 0.0122231
-1.62 1.98 0.0116713
-1.62 2.04 0.0109913
-1.62 2.1 0.0102085
-1.62 2.16 0.00935115
-1.62 2.22 0.00844815
-1.62 2.28 0.00752741
-1.62 2.34 0.00661479
-1.62 2.4 0.00573293
-1.62 2.46 0.00490035
-1.62 2.52 0.0041311
-1.62 2.58 0.00343473
-1.62 2.64 0.00281648
-1.62 2.7 0.0022778
-1.62 2.76 0.00181682
-1.62 2.82 0.0014292
-1.62 2.88 0.00110884
-1.62 2.94 0.000848451
-1.56 0.42 0.00053406
-1.56 0.48 0.000720774
-1.56 0.54 0.000959409
-1.56 0.6 0.00125949
-1.56 0.66 0.00163071
-1.56 0.72 0.00208231
-1.56 0.78 0.00262242
-1.56 0.84 0.00325725
-1.56 0.9 0.00399011
-1.56 0.96 0.0048207
-1.56 1.02 0.00574415
-1.56 1.08 0.00675037
-1.56 1.14 0.0078238
-1.56 1.2 0.00894334
-1.56 1.26 0.0100825
-1.56 1.32 0.0112106
-1.56 1.38 0.0122935
-1.56 1.44 0.0132958
-1.56 1.5 0.014182
-1.56 1.56 0.0149194
-1.56 1.62 0.0154794
-1.56 1.68 0.0158397
-1.56 1.74 0.0159856
-1.56 1.8 0.0159111
-1.56 1.86 0.0156194
-1.56 1.92 0.015122
-1.56 1.98 0.0144394
-1.56 2.04 0.013598
-1.56 2.1 0.0126296
-1.56 2.16 0.011569
-1.56 2.22 0.0104518
-1.56 2.28 0.00931262
-1.56 2.34 0.00818357
-1.56 2.4 0.0070926
-1.56 2.46 0.00606253
-1.56 2.52 0.00511084
-1.56 2.58 0.00424935
-1.56 2.64 0.0034845
-1.56 2.7 0.00281802
-1.56 2.76 0.00224769
-1.56 2.82 0.00176817
-1.56 2.88 0.00137182
-1.56 2.94 0.00104969
-1.5 0.42 0.000651645
-1.5 0.48 0.000879476
-1.5 0.54 0.00117064
-1.5 0.6 0.00153679
-1.5 0.66 0.00198972
-1.5 0.72 0.00254075
-1.5 0.78 0.00319979
-1.5 0.84 0.00397431
-1.5 0.9 0.00486857
-1.5 0.96 0.00588201
-1.5 1.02 0.00700875
-1.5 1.08 0.00823654
-1.5 1.14 0.00954632
-1.5 1.2 0.0109123
-1.5 1.26 0.0123023
-1.5 1.32 0.0136787
-1.5 1.38 0.0150001
-1.5 1.44 0.0162228
-1.5 1.5 0.0173043
-1.5 1.56 0.0182042
-1.5 1.62 0.0188876
-1.5 1.68 0.0193271
-1.5 1.74 0.0195052
-1.5 1.8 0.0194142
-1.5 1.86 0.0190581
-1.5 1.92 0.0184514
-1.5 1.98 0.0176182
-1.5 2.04 0.0165917
-1.5 2.1 0.0154101
-1.5 2.16 0.0141161
-1.5 2.22 0.0127529
-1.5 2.28 0.0113629
-1.5 2.34 0.00998536
-1.5 2.4 0.00865408
-1.5 2.46 0.0073973
-1.5 2.52 0.0062361
-1.5 2.58 0.00518489
-1.5 2.64 0.00425162
-1.5 2.7 0.00343845
-1.5 2.76 0.00274257
-1.5 2.82 0.00215744
-1.5 2.88 0.00167384
-1.5 2.94 0.00128077
-1.5 3 0.000966559
-1.44 0.42 0.00078418
-1.44 0.48 0.00105835
-1.44 0.54 0.00140874
-1.44 0.6 0.00184935
-1.44 0.66 0.00239443
-1.44 0.72 0.00305752
-1.44 0.78 0.00385057
-1.44 0.84 0.00478271
-1.44 0.9 0.00585883
-1.44 0.96 0.00707835
-1.44 1.02 0.00843422
-1.44 1.08 0.00991172
-1.44 1.14 0.0114879
-1.44 1.2 0.0131316
-1.44 1.26 0.0148045
-1.44 1.32 0.0164609
-1.44 1.38 0.0180508
-1.44 1.44 0.0195225
-1.44 1.5 0.0208239
-1.44 1.56 0.0219065
-1.44 1.62 0.0227289
-1.44 1.68 0.023258
-1.44 1.74 0.0234721
-1.44 1.8 0.023363
-1.44 1.86 0.0229343
-1.44 1.92 0.0222041
-1.44 1.98 0.0212018
-1.44 2.04 0.0199664
-1.44 2.1 0.0185445
-1.44 2.16 0.016987
-1.44 2.22 0.0153466
-1.44 2.28 0.013674
-1.44 2.34 0.0120162
-1.44 2.4 0.0104143
-1.44 2.46 0.00890183
-1.44 2.52 0.00750443
-1.44 2.58 0.00623938
-1.44 2.64 0.00511637
-1.44 2.7 0.0041378
-1.44 2.76 0.00330039
-1.44 2.82 0.00259626
-1.44 2.88 0.00201428
-1.44 2.94 0.00154128
-1.44 3 0.00116314
-1.38 0.36 0.000680121
-1.38 0.42 0.000930693
-1.38 0.48 0.00125609
-1.38 0.54 0.00167195
-1.38 0.6 0.00219489
-1.38 0.66 0.00284182
-1.38 0.72 0.00362881
-1.38 0.78 0.00457004
-1.38 0.84 0.00567638
-1.38 0.9 0.00695352
-1.38 0.96 0.00840098
-1.38 1.02 0.0100102
-1.38 1.08 0.0117637
-1.38 1.14 0.0136345
-1.38 1.2 0.0155854
-1.38 1.26 0.0175706
-1.38 1.32 0.0195365
-1.38 1.38 0.0214236
-1.38 1.44 0.0231704
-1.38 1.5 0.0247148
-1.38 1.56 0.0259997
-1.38 1.62 0.0269757
-1.38 1.68 0.0276038
-1.38 1.74 0.0278578
-1.38 1.8 0.0277282
-1.38 1.86 0.0272195
-1.38 1.92 0.0263529
-1.38 1.98 0.0251635
-1.38 2.04 0.0236971
-1.38 2.1 0.0220095
-1.38 2.16 0.0201612
-1.38 2.22 0.0182141
-1.38 2.28 0.0162291
-1.38 2.34 0.0142613
-1.38 2.4 0.0123602
-1.38 2.46 0.0105651
-1.38 2.52 0.00890654
-1.38 2.58 0.00740526
-1.38 2.64 0.00607236
-1.38 2.7 0.0049109
-1.38 2.76 0.00391704
-1.38 2.82 0.00308136
-1.38 2.88 0.00239064
-1.38 2.94 0.00182928
-1.38 3 0.00138047
-1.38 3.06 0.00102746
-1.32 0.36 0.000796104
-1.32 0.42 0.00108941
-1.32 0.48 0.0014703
-1.32 0.54 0.00195709
-1.32 0.6 0.0025692
-1.32 0.66 0.00332644
-1.32 0.72 0.00424764
-1.32 0.78 0.00534942
-1.32 0.84 0.0066444
-1.32 0.9 0.00813932
-1.32 0.96 0.00983368
-1.32 1.02 0.0117174
-1.32 1.08 0.0137699
-1.32 1.14 0.0159597
-1.32 1.2 0.0182433
-1.32 1.26 0.020567
-1.32 1.32 0.0228681
-1.32 1.38 0.0250772
-1.32 1.44 0.0271217
-1.32 1.5 0.0289295
-1.32 1.56 0.0304337
-1.32 1.62 0.0315761
-1.32 1.68 0.0323113
-1.32 1.74 0.0326087
-1.32 1.8 0.0324567
-1.32 1.86 0.0318614
-1.32 1.92 0.0308471
-1.32 1.98 0.0294547
-1.32 2.04 0.0277382
-1.32 2.1 0.025763
-1.32 2.16 0.0235994
-1.32 2.22 0.0213202
-1.32 2.28 0.0189967
-1.32 2.34 0.0166935
-1.32 2.4 0.014468
-1.32 2.46 0.0123669
-1.32 2.52 0.0104254
-1.32 2.58 0.00866814
-1.32 2.64 0.00710791
-1.32 2.7 0.00574836
-1.32 2.76 0.00458501
-1.32 2.82 0.00360683
-1.32 2.88 0.00279831
-1.32 2.94 0.00214123
-1.32 3 0.00161589
-1.32 3.06 0.00120268
-1.26 0.36 0.000919057
-1.26 0.42 0.00125766
-1.26 0.48 0.00169739
-1.26 0.54 0.00225936
-1.26 0.6 0.002966
-1.26 0.66 0.0038402
-1.26 0.72 0.00490368
-1.26 0.78 0.00617561
-1.26 0.84 0.00767059
-1.26 0.9 0.00939641
-1.26 0.96 0.0113524
-1.26 1.02 0.013527
-1.26 1.08 0.0158965
-1.26 1.14 0.0184246
-1.26 1.2 0.0210609
-1.26 1.26 0.0237436
-1.26 1.32 0.0264
-1.26 1.38 0.0289502
-1.26 1.44 0.0313105
-1.26 1.5 0.0333974
-1.26 1.56 0.0351341
-1.26 1.62 0.036453
-1.26 1.68 0.0373017
-1.26 1.74 0.037645
-1.26 1.8 0.0374695
-1.26 1.86 0.0367822
-1.26 1.92 0.0356113
-1.26 1.98 0.0340038
-1.26 2.04 0.0320222
-1.26 2.1 0.029742
-1.26 2.16 0.0272442
-1.26 2.22 0.0246131
-1.26 2.28 0.0219307
-1.26 2.34 0.0192717
-1.26 2.4 0.0167025
-1.26 2.46 0.0142769
-1.26 2.52 0.0120356
-1.26 2.58 0.0100069
-1.26 2.64 0.00820567
-1.26 2.7 0.00663617
-1.26 2.76 0.00529316
-1.26 2.82 0.00416389
-1.26 2.88 0.0032305
-1.26 2.94 0.00247194
-1.26 3 0.00186547
-1.26 3.06 0.00138843
-1.2 0.36 0.00104642
-1.2 0.42 0.00143195
-1.2 0.48 0.00193261
-1.2 0.54 0.00257244
-1.2 0.6 0.00337701
-1.2 0.66 0.00437237
-1.2 0.72 0.00558324
-1.2 0.78 0.00703136
-1.2 0.84 0.00873354
-1.2 0.9 0.0106985
-1.2 0.96 0.0129256
-1.2 1.02 0.0154015
-1.2 1.08 0.0180995
-1.2 1.14 0.0209778
-1.2 1.2 0.0239793
-1.2 1.26 0.0270338
-1.2 1.32 0.0300586
-1.2 1.38 0.0329619
-1.2 1.44 0.0356493
-1.2 1.5 0.0380255
-1.2 1.56 0.0400027
-1.2 1.62 0.0415046
-1.2 1.68 0.0424708
-1.2 1.74 0.0428614
-1.2 1.8 0.0426621
-1.2 1.86 0.0418796
-1.2 1.92 0.0405459
-1.2 1.98 0.0387159
-1.2 2.04 0.0364598
-1.2 2.1 0.0338634
-1.2 2.16 0.0310195
-1.2 2.22 0.028024
-1.2 2.28 0.0249698
-1.2 2.34 0.0219423
-1.2 2.4 0.0190171
-1.2 2.46 0.0162554
-1.2 2.52 0.0137035
-1.2 2.58 0.0113936
-1.2 2.64 0.00934282
-1.2 2.7 0.00755585
-1.2 2.76 0.00602668
-1.2 2.82 0.0047409
-1.2 2.88 0.0036782
-1.2 2.94 0.00281449
-1.2 3 0.00212398
-1.2 3.06 0.00158084
-1.14 0.36 0.00117506
-1.14 0.42 0.00160799
-1.14 0.48 0.00217018
-1.14 0.54 0.00288864
-1.14 0.6 0.00379218
-1.14 0.66 0.00490984
-1.14 0.72 0.00626958
-1.14 0.78 0.00789574
-1.14 0.84 0.0098071
-1.14 0.9 0.0120136
-1.14 0.96 0.0145143
-1.14 1.02 0.0172948
-1.14 1.08 0.0203245
-1.14 1.14 0.0235564
-1.14 1.2 0.0269271
-1.14 1.26 0.030357
-1.14 1.32 0.0337537
-1.14 1.38 0.037014
-1.14 1.44 0.0400318
-1.14 1.5 0.0427002
-1.14 1.56 0.0449204
-1.14 1.62 0.0466065
-1.14 1.68 0.0476911
-1.14 1.74 0.0481307
-1.14 1.8 0.0479064
-1.14 1.86 0.0470279
-1.14 1.92 0.0455303
-1.14 1.98 0.0434749
-1.14 2.04 0.0409415
-1.14 2.1 0.0380258
-1.14 2.16 0.0348326
-1.14 2.22 0.0314689
-1.14 2.28 0.0280389
-1.14 2.34 0.0246397
-1.14 2.4 0.0213548
-1.14 2.46 0.0182536
-1.14 2.52 0.0153882
-1.14 2.58 0.0127942
-1.14 2.64 0.0104914
-1.14 2.7 0.00848473
-1.14 2.76 0.00676755
-1.14 2.82 0.0053237
-1.14 2.88 0.00413038
-1.14 2.94 0.00316045
-1.14 3 0.00238505
-1.14 3.06 0.00177518
-1.14 3.12 0.00130307
-1.08 0.36 0.00130137
-1.08 0.42 0.00178084
-1.08 0.48 0.00240345
-1.08 0.54 0.00319919
-1.08 0.6 0.00419981
-1.08 0.66 0.00543763
-1.08 0.72 0.00694342
-1.08 0.78 0.00874454
-1.08 0.84 0.0108613
-1.08 0.9 0.0133052
-1.08 0.96 0.0160747
-1.08 1.02 0.0191538
-1.08 1.08 0.022509
-1.08 1.14 0.0260885
-1.08 1.2 0.0298217
-1.08 1.26 0.0336204
-1.08 1.32 0.0373815
-1.08 1.38 0.0409929
-1.08 1.44 0.0443347
-1.08 1.5 0.0472903
-1.08 1.56 0.0497492
-1.08 1.62 0.0516164
-1.08 1.68 0.0528181
-1.08 1.74 0.0533047
-1.08 1.8 0.053056
-1.08 1.86 0.0520824
-1.08 1.92 0.0504249
-1.08 1.98 0.0481482
-1.08 2.04 0.0453429
-1.08 2.1 0.0421139
-1.08 2.16 0.038577
-1.08 2.22 0.0348513
-1.08 2.28 0.0310531
-1.08 2.34 0.0272884
-1.08 2.4 0.0236504
-1.08 2.46 0.0202154
-1.08 2.52 0.0170422
-1.08 2.58 0.0141694
-1.08 2.64 0.011619
-1.08 2.7 0.00939672
-1.08 2.76 0.007495
-1.08 2.82 0.005896
-1.08 2.88 0.00457433
-1.08 2.94 0.00350017
-1.08 3 0.00264143
-1.08 3.06 0.00196599
-1.08 3.12 0.00144315
-1.02 0.36 0.00142144
-1.02 0.42 0.00194515
-1.02 0.48 0.00262523
-1.02 0.54 0.00349435
-1.02 0.6 0.00458731
-1.02 0.66 0.00593931
-1.02 0.72 0.00758419
-1.02 0.78 0.00955132
-1.02 0.84 0.0118634
-1.02 0.9 0.0145326
-1.02 0.96 0.0175578
-1.02 1.02 0.0209211
-1.02 1.08 0.0245861
-1.02 1.14 0.0284959
-1.02 1.2 0.0325733
-1.02 1.26 0.0367223
-1.02 1.32 0.0408311
-1.02 1.38 0.0447752
-1.02 1.44 0.0484254
-1.02 1.5 0.051653
-1.02 1.56 0.0543393
-1.02 1.62 0.0563793
-1.02 1.68 0.0576915
-1.02 1.74 0.0582226
-1.02 1.8 0.0579511
-1.02 1.86 0.0568886
-1.02 1.92 0.055077
-1.02 1.98 0.0525907
-1.02 2.04 0.049526
-1.02 2.1 0.0459993
-1.02 2.16 0.0421364
-1.02 2.22 0.0380674
-1.02 2.28 0.0339184
-1.02 2.34 0.0298062
-1.02 2.4 0.0258324
-1.02 2.46 0.022081
-1.02 2.52 0.0186146
-1.02 2.58 0.0154769
-1.02 2.64 0.0126911
-1.02 2.7 0.0102637
-1.02 2.76 0.00818653
-1.02 2.82 0.00643992
-1.02 2.88 0.0049964
-1.02 2.94 0.00382312
-1.02 3 0.00288518
-1.02 3.06 0.00214739
-1.02 3.12 0.0015763
-0.96 0.3 0.00110359
-0.96 0.36 0.00153126
-0.96 0.42 0.00209542
-0.96 0.48 0.00282803
-0.96 0.54 0.00376433
-0.96 0.6 0.00494171
-0.96 0.66 0.00639822
-0.96 0.72 0.00816999
-0.96 0.78 0.0102893
-0.96 0.84 0.01278
-0.96 0.9 0.0156555
-0.96 0.96 0.0189143
-0.96 1.02 0.0225373
-0.96 1.08 0.0264852
-0.96 1.14 0.030697
-0.96 1.2 0.0350896
-0.96 1.26 0.0395595
-0.96 1.32 0.0439851
-0.96 1.38 0.0482343
-0.96 1.44 0.0521666
-0.96 1.5 0.0556442
-0.96 1.56 0.0585374
-0.96 1.62 0.0607343
-0.96 1.68 0.0621485
-0.96 1.74 0.0627209
-0.96 1.8 0.0624287
-0.96 1.86 0.0612829
-0.96 1.92 0.0593325
-0.96 1.98 0.0566538
-0.96 2.04 0.0533529
-0.96 2.1 0.0495533
-0.96 2.16 0.0453916
-0.96 2.22 0.0410077
-0.96 2.28 0.0365386
-0.96 2.34 0.0321088
-0.96 2.4 0.0278284
-0.96 2.46 0.0237866
-0.96 2.52 0.0200527
-0.96 2.58 0.0166724
-0.96 2.64 0.0136716
-0.96 2.7 0.0110566
-0.96 2.76 0.00881902
-0.96 2.82 0.00693755
-0.96 2.88 0.00538238
-0.96 2.94 0.0041185
-0.96 3 0.00310805
-0.96 3.06 0.00231328
-0.96 3.12 0.00169808
-0.9 0.3 0.00117253
-0.9 0.36 0.00162689
-0.9 0.42 0.00222627
-0.9 0.48 0.00300462
-0.9 0.54 0.00399937
-0.9 0.6 0.00525028
-0.9 0.66 0.0067977
-0.9 0.72 0.0086803
-0.9 0.78 0.0109318
-0.9 0.84 0.0135781
-0.9 0.9 0.016633
-0.9 0.96 0.0200955
-0.9 1.02 0.0239449
-0.9 1.08 0.0281395
-0.9 1.14 0.032614
-0.9 1.2 0.0372811
-0.9 1.26 0.0420293
-0.9 1.32 0.0467323
-0.9 1.38 0.0512464
-0.9 1.44 0.0554246
-0.9 1.5 0.0591189
-0.9 1.56 0.0621928
-0.9 1.62 0.0645274
-0.9 1.68 0.0660289
-0.9 1.74 0.0666374
-0.9 1.8 0.0663264
-0.9 1.86 0.0651106
-0.9 1.92 0.0630373
-0.9 1.98 0.0601918
-0.9 2.04 0.0566841
-0.9 2.1 0.0526475
-0.9 2.16 0.0482265
-0.9 2.22 0.0435692
-0.9 2.28 0.0388203
-0.9 2.34 0.034114
-0.9 2.4 0.0295659
-0.9 2.46 0.0252722
-0.9 2.52 0.021305
-0.9 2.58 0.0177138
-0.9 2.64 0.0145254
-0.9 2.7 0.0117471
-0.9 2.76 0.00936966
-0.9 2.82 0.00737071
-0.9 2.88 0.00571853
-0.9 2.94 0.00437569
-0.9 3 0.00330214
-0.9 3.06 0.00245775
-0.9 3.12 0.00180412
-0.9 3.18 0.00130613
-0.84 0.3 0.00122862
-0.84 0.36 0.00170471
-0.84 0.42 0.0023328
-0.84 0.48 0.0031484
-0.84 0.54 0.00419072
-0.84 0.6 0.00550152
-0.84 0.66 0.00712292
-0.84 0.72 0.00909559
-0.84 0.78 0.0114548
-0.84 0.84 0.0142276
-0.84 0.9 0.0174288
-0.84 0.96 0.0210569
-0.84 1.02 0.0250905
-0.84 1.08 0.0294858
-0.84 1.14 0.0341746
-0.84 1.2 0.0390648
-0.84 1.26 0.0440405
-0.84 1.32 0.048968
-0.84 1.38 0.0536984
-0.84 1.44 0.0580759
-0.84 1.5 0.0619471
-0.84 1.56 0.0651687
-0.84 1.62 0.0676151
-0.84 1.68 0.0691886
-0.84 1.74 0.0698259
-0.84 1.8 0.0695
-0.84 1.86 0.0682256
-0.84 1.92 0.0660534
-0.84 1.98 0.063071
-0.84 2.04 0.0593959
-0.84 2.1 0.0551664
-0.84 2.16 0.0505337
-0.84 2.22 0.0456537
-0.84 2.28 0.0406778
-0.84 2.34 0.0357463
-0.84 2.4 0.0309803
-0.84 2.46 0.0264814
-0.84 2.52 0.0223244
-0.84 2.58 0.0185613
-0.84 2.64 0.0152203
-0.84 2.7 0.0123092
-0.84 2.76 0.00981802
-0.84 2.82 0.00772333
-0.84 2.88 0.00599211
-0.84 2.94 0.004585
-0.84 3 0.00346015
-0.84 3.06 0.00257532
-0.84 3.12 0.00189044
-0.84 3.18 0.00136861
-0.78 0.3 0.00126971
-0.78 0.36 0.00176172
-0.78 0.42 0.00241081
-0.78 0.48 0.00325369
-0.78 0.54 0.00433088
-0.78 0.6 0.0056855
-0.78 0.66 0.00736116
-0.78 0.72 0.0093997
-0.78 0.78 0.0118379
-0.78 0.84 0.0147033
-0.78 0.9 0.0180117
-0.78 0.96 0.021761
-0.78 1.02 0.0259294
-0.78 1.08 0.0304717
-0.78 1.14 0.0353174
-0.78 1.2 0.040371
-0.78 1.26 0.0455135
-0.78 1.32 0.0506054
-0.78 1.38 0.0554941
-0.78 1.44 0.0600175
-0.78 1.5 0.0640188
-0.78 1.56 0.0673479
-0.78 1.62 0.0698761
-0.78 1.68 0.0715024
-0.78 1.74 0.0721609
-0.78 1.8 0.0718246
-0.78 1.86 0.0705067
-0.78 1.92 0.0682622
-0.78 1.98 0.0651799
-0.78 2.04 0.0613825
-0.78 2.1 0.0570112
-0.78 2.16 0.0522234
-0.78 2.22 0.0471803
-0.78 2.28 0.0420381
-0.78 2.34 0.0369416
-0.78 2.4 0.0320166
-0.78 2.46 0.0273669
-0.78 2.52 0.023071
-0.78 2.58 0.0191819
-0.78 2.64 0.0157292
-0.78 2.7 0.0127208
-0.78 2.76 0.0101464
-0.78 2.82 0.00798163
-0.78 2.88 0.00619251
-0.78 2.94 0.0047383
-0.78 3 0.00357586
-0.78 3.06 0.00266146
-0.78 3.12 0.00195366
-0.78 3.18 0.00141437
-0.72 0.3 0.00129413
-0.72 0.36 0.00179562
-0.72 0.42 0.00245719
-0.72 0.48 0.00331628
-0.72 0.54 0.00441418
-0.72 0.6 0.00579486
-0.72 0.66 0.00750276
-0.72 0.72 0.0095805
-0.72 0.78 0.0120656
-0.72 0.84 0.0149861
-0.72 0.9 0.0183582
-0.72 0.96 0.0221795
-0.72 1.02 0.0264281
-0.72 1.08 0.0310578
-0.72 1.14 0.0359966
-0.72 1.2 0.0411475
-0.72 1.26 0.046389
-0.72 1.32 0.0515789
-0.72 1.38 0.0565615
-0.72 1.44 0.0611722
-0.72 1.5 0.0652503
-0.72 1.56 0.0686434
-0.72 1.62 0.0712202
-0.72 1.68 0.0728777
-0.72 1.74 0.073549
-0.72 1.8 0.0732062
-0.72 1.86 0.0718629
-0.72 1.92 0.0695753
-0.72 1.98 0.0664337
-0.72 2.04 0.0625633
-0.72 2.1 0.0581077
-0.72 2.16 0.0532279
-0.72 2.22 0.0480878
-0.72 2.28 0.0428466
-0.72 2.34 0.0376522
-0.72 2.4 0.0326324
-0.72 2.46 0.0278932
-0.72 2.52 0.0235148
-0.72 2.58 0.0195509
-0.72 2.64 0.0160318
-0.72 2.7 0.0129656
-0.72 2.76 0.0103416
-0.72 2.82 0.00813516
-0.72 2.88 0.00631164
-0.72 2.94 0.00482945
-0.72 3 0.00364464
-0.72 3.06 0.00271266
-0.72 3.12 0.00199124
-0.72 3.18 0.00144158
-0.66 0.3 0.00130089
-0.66 0.36 0.001805
-0.66 0.42 0.00247003
-0.66 0.48 0.0033336
-0.66 0.54 0.00443724
-0.66 0.6 0.00582515
-0.66 0.66 0.00754194
-0.66 0.72 0.00963057
-0.66 0.78 0.0121287
-0.66 0.84 0.0150645
-0.66 0.9 0.0184541
-0.66 0.96 0.0222955
-0.66 1.02 0.0265663
-0.66 1.08 0.0312201
-0.66 1.14 0.0361847
-0.66 1.2 0.0413627
-0.66 1.26 0.0466312
-0.66 1.32 0.0518484
-0.66 1.38 0.0568572
-0.66 1.44 0.0614919
-0.66 1.5 0.0655915
-0.66 1.56 0.0690022
-0.66 1.62 0.0715924
-0.66 1.68 0.0732583
-0.66 1.74 0.0739335
-0.66 1.8 0.0735885
-0.66 1.86 0.0722385
-0.66 1.92 0.0699391
-0.66 1.98 0.0667809
-0.66 2.04 0.0628901
-0.66 2.1 0.0584115
-0.66 2.16 0.0535062
-0.66 2.22 0.0483391
-0.66 2.28 0.0430704
-0.66 2.34 0.037849
-0.66 2.4 0.0328028
-0.66 2.46 0.028039
-0.66 2.52 0.0236377
-0.66 2.58 0.0196531
-0.66 2.64 0.0161156
-0.66 2.7 0.0130333
-0.66 2.76 0.0103956
-0.66 2.82 0.00817769
-0.66 2.88 0.00634462
-0.66 2.94 0.00485469
-0.66 3 0.00366368
-0.66 3.06 0.00272683
-0.66 3.12 0.00200165
-0.66 3.18 0.00144911
-0.6 0.36 0.00178948
-0.6 0.42 0.0024488
-0.6 0.48 0.00330494
-0.6 0.54 0.00439914
-0.6 0.6 0.00577509
-0.6 0.66 0.00747714
-0.6 0.72 0.00954784
-0.6 0.78 0.0120245
-0.6 0.84 0.0149352
-0.6 0.9 0.0182956
-0.6 0.96 0.0221041
-0.6 1.02 0.0263382
-0.6 1.08 0.0309519
-0.6 1.14 0.0358739
-0.6 1.2 0.0410074
-0.6 1.26 0.0462306
-0.6 1.32 0.0514027
-0.6 1.38 0.0563688
-0.6 1.44 0.060964
-0.6 1.5 0.0650279
-0.6 1.56 0.0684094
-0.6 1.62 0.0709771
-0.6 1.68 0.072629
-0.6 1.74 0.0732983
-0.6 1.8 0.0729559
-0.6 1.86 0.071618
-0.6 1.92 0.0693384
-0.6 1.98 0.0662077
-0.6 2.04 0.06235
-0.6 2.1 0.05791
-0.6 2.16 0.0530468
-0.6 2.22 0.0479238
-0.6 2.28 0.0427005
-0.6 2.34 0.0375238
-0.6 2.4 0.0325211
-0.6 2.46 0.027798
-0.6 2.52 0.0234345
-0.6 2.58 0.0194843
-0.6 2.64 0.0159771
-0.6 2.7 0.0129212
-0.6 2.76 0.0103062
-0.6 2.82 0.00810746
-0.6 2.88 0.00629007
-0.6 2.94 0.00481303
-0.6 3 0.00363219
-0.6 3.06 0.00270339
-0.6 3.12 0.00198445
-0.6 3.18 0.00143667
-0.54 0.36 0.00174971
-0.54 0.42 0.00239436
-0.54 0.48 0.00323152
-0.54 0.54 0.00430139
-0.54 0.6 0.00564669
-0.54 0.66 0.00731104
-0.54 0.72 0.00933571
-0.54 0.78 0.0117572
-0.54 0.84 0.0146034
-0.54 0.9 0.017889
-0.54 0.96 0.0216129
-0.54 1.02 0.025753
-0.54 1.08 0.0302641
-0.54 1.14 0.0350771
-0.54 1.2 0.040096
-0.54 1.26 0.0452033
-0.54 1.32 0.0502609
-0.54 1.38 0.0551157
-0.54 1.44 0.0596094
-0.54 1.5 0.0635825
-0.54 1.56 0.0668886
-0.54 1.62 0.0693998
-0.54 1.68 0.0710155
-0.54 1.74 0.0716689
-0.54 1.8 0.0713352
-0.54 1.86 0.0700266
-0.54 1.92 0.0677972
-0.54 1.98 0.064737
-0.54 2.04 0.0609644
-0.54 2.1 0.0566232
-0.54 2.16 0.0518679
-0.54 2.22 0.0468589
-0.54 2.28 0.041752
-0.54 2.34 0.0366897
-0.54 2.4 0.0317985
-0.54 2.46 0.0271806
-0.54 2.52 0.0229135
-0.54 2.58 0.0190512
-0.54 2.64 0.0156221
-0.54 2.7 0.0126341
-0.54 2.76 0.0100772
-0.54 2.82 0.00792727
-0.54 2.88 0.0061503
-0.54 2.94 0.00470611
-0.54 3 0.0035515
-0.54 3.06 0.00264331
-0.54 3.12 0.00194034
-0.54 3.18 0.00140474
-0.48 0.36 0.00168734
-0.48 0.42 0.00230901
-0.48 0.48 0.00311629
-0.48 0.54 0.00414797
-0.48 0.6 0.00544542
-0.48 0.66 0.00705031
-0.48 0.72 0.00900283
-0.48 0.78 0.011338
-0.48 0.84 0.0140826
-0.48 0.9 0.0172511
-0.48 0.96 0.020842
-0.48 1.02 0.0248345
-0.48 1.08 0.029185
-0.48 1.14 0.0338258
-0.48 1.2 0.0386662
-0.48 1.26 0.0435914
-0.48 1.32 0.0484688
-0.48 1.38 0.0531507
-0.48 1.44 0.0574838
-0.48 1.5 0.0613158
-0.48 1.56 0.064504
-0.48 1.62 0.0669252
-0.48 1.68 0.0684825
-0.48 1.74 0.0691138
-0.48 1.8 0.0687915
-0.48 1.86 0.0675299
-0.48 1.92 0.0653798
-0.48 1.98 0.0624281
-0.48 2.04 0.0587905
-0.48 2.1 0.0546036
-0.48 2.16 0.050018
-0.48 2.22 0.0451879
-0.48 2.28 0.0402625
-0.48 2.34 0.0353816
-0.48 2.4 0.0306645
-0.48 2.46 0.0262112
-0.48 2.52 0.0220968
-0.48 2.58 0.0183719
-0.48 2.64 0.0150652
-0.48 2.7 0.0121837
-0.48 2.76 0.00971791
-0.48 2.82 0.00764462
-0.48 2.88 0.00593105
-0.48 2.94 0.00453826
-0.48 3 0.00342484
-0.48 3.06 0.00254908
-0.48 3.12 0.00187116
-0.48 3.18 0.00135466
-0.42 0.36 0.00160478
-0.42 0.42 0.00219605
-0.42 0.48 0.00296386
-0.42 0.54 0.00394512
-0.42 0.6 0.00517901
-0.42 0.66 0.00670545
-0.42 0.72 0.00856242
-0.42 0.78 0.0107834
-0.42 0.84 0.0133938
-0.42 0.9 0.0164074
-0.42 0.96 0.0198228
-0.42 1.02 0.0236198
-0.42 1.08 0.0277573
-0.42 1.14 0.0321716
-0.42 1.2 0.0367749
-0.42 1.26 0.0414594
-0.42 1.32 0.0460976
-0.42 1.38 0.0505507
-0.42 1.44 0.0546719
-0.42 1.5 0.0583161
-0.42 1.56 0.0613485
-0.42 1.62 0.0636516
-0.42 1.68 0.0651335
-0.42 1.74 0.0657329
-0.42 1.8 0.0654265
-0.42 1.86 0.0642262
-0.42 1.92 0.0621818
-0.42 1.98 0.0593747
-0.42 2.04 0.055915
-0.42 2.1 0.0519332
-0.42 2.16 0.0475717
-0.42 2.22 0.0429776
-0.42 2.28 0.0382937
-0.42 2.34 0.0336508
-0.42 2.4 0.0291647
-0.42 2.46 0.0249292
-0.42 2.52 0.0210157
-0.42 2.58 0.0174732
-0.42 2.64 0.014328
-0.42 2.7 0.0115876
-0.42 2.76 0.00924255
-0.42 2.82 0.00727069
-0.42 2.88 0.00564085
-0.42 2.94 0.00431629
-0.42 3 0.00325734
-0.42 3.06 0.00242436
-0.42 3.12 0.00177963
-0.42 3.18 0.00128839
-0.36 0.36 0.00150533
-0.36 0.42 0.00205994
-0.36 0.48 0.00278012
-0.36 0.54 0.00370056
-0.36 0.6 0.00485802
-0.36 0.66 0.00628982
-0.36 0.72 0.00803167
-0.36 0.78 0.010115
-0.36 0.84 0.0125635
-0.36 0.9 0.0153903
-0.36 0.96 0.0185939
-0.36 1.02 0.0221556
-0.36 1.08 0.0260367
-0.36 1.14 0.030177
-0.36 1.2 0.0344953
-0.36 1.26 0.0388893
-0.36 1.32 0.0432403
-0.36 1.38 0.0474174
-0.36 1.44 0.0512831
-0.36 1.5 0.0547018
-0.36 1.56 0.057546
-0.36 1.62 0.0597058
-0.36 1.68 0.0610954
-0.36 1.74 0.0616586
-0.36 1.8 0.0613709
-0.36 1.86 0.0602453
-0.36 1.92 0.0583275
-0.36 1.98 0.0556942
-0.36 2.04 0.0524491
-0.36 2.1 0.0487138
-0.36 2.16 0.0446227
-0.36 2.22 0.0403133
-0.36 2.28 0.0359195
-0.36 2.34 0.031565
-0.36 2.4 0.0273569
-0.36 2.46 0.0233837
-0.36 2.52 0.0197132
-0.36 2.58 0.0163901
-0.36 2.64 0.0134401
-0.36 2.7 0.0108694
-0.36 2.76 0.00866959
-0.36 2.82 0.00682003
-0.36 2.88 0.00529125
-0.36 2.94 0.00404874
-0.36 3 0.00305539
-0.36 3.06 0.00227411
-0.36 3.12 0.00166932
-0.36 3.18 0.00120853
-0.3 0.36 0.00139261
-0.3 0.42 0.00190568
-0.3 0.48 0.00257195
-0.3 0.54 0.00342342
-0.3 0.6 0.00449421
-0.3 0.66 0.0058188
-0.3 0.72 0.0074303
-0.3 0.78 0.00935751
-0.3 0.84 0.0116227
-0.3 0.9 0.0142377
-0.3 0.96 0.0172015
-0.3 1.02 0.0204967
-0.3 1.08 0.0240873
-0.3 1.14 0.0279176
-0.3 1.2 0.0319123
-0.3 1.26 0.0359769
-0.3 1.32 0.0400026
-0.3 1.38 0.0438666
-0.3 1.44 0.047443
-0.3 1.5 0.0506053
-0.3 1.56 0.0532366
-0.3 1.62 0.0552352
-0.3 1.68 0.0565205
-0.3 1.74 0.0570411
-0.3 1.8 0.0567753
-0.3 1.86 0.0557344
-0.3 1.92 0.0539594
-0.3 1.98 0.0515236
-0.3 2.04 0.048521
-0.3 2.1 0.0450658
-0.3 2.16 0.0412815
-0.3 2.22 0.037295
-0.3 2.28 0.03323
-0.3 2.34 0.0292013
-0.3 2.4 0.0253082
-0.3 2.46 0.0216329
-0.3 2.52 0.0182369
-0.3 2.58 0.0151629
-0.3 2.64 0.0124337
-0.3 2.7 0.0100555
-0.3 2.76 0.00802041
-0.3 2.82 0.00630927
-0.3 2.88 0.00489504
-0.3 2.94 0.00374555
-0.3 3 0.00282662
-0.3 3.06 0.00210382
-0.3 3.12 0.00154432
-0.3 3.18 0.00111804
-0.24 0.36 0.00127061
-0.24 0.42 0.00173875
-0.24 0.48 0.00234667
-0.24 0.54 0.00312357
-0.24 0.6 0.00410055
-0.24 0.66 0.00530907
-0.24 0.72 0.00677941
-0.24 0.78 0.00853783
-0.24 0.84 0.0106046
-0.24 0.9 0.0129906
-0.24 0.96 0.0156948
-0.24 1.02 0.0187012
-0.24 1.08 0.0219773
-0.24 1.14 0.0254721
-0.24 1.2 0.0291169
-0.24 1.26 0.0328257
-0.24 1.32 0.0364984
-0.24 1.38 0.0400241
-0.24 1.44 0.0432869
-0.24 1.5 0.0461722
-0.24 1.56 0.0485734
-0.24 1.62 0.0503969
-0.24 1.68 0.0515699
-0.24 1.74 0.0520447
-0.24 1.8 0.0518019
-0.24 1.86 0.050852
-0.24 1.92 0.0492328
-0.24 1.98 0.0470102
-0.24 2.04 0.0442709
-0.24 2.1 0.0411183
-0.24 2.16 0.0376653
-0.24 2.22 0.0340281
-0.24 2.28 0.0303193
-0.24 2.34 0.0266435
-0.24 2.4 0.0230912
-0.24 2.46 0.019738
-0.24 2.52 0.0166395
-0.24 2.58 0.0138347
-0.24 2.64 0.0113444
-0.24 2.7 0.00917463
-0.24 2.76 0.00731787
-0.24 2.82 0.00575658
-0.24 2.88 0.00446622
-0.24 2.94 0.00341744
-0.24 3 0.00257903
-0.24 3.06 0.00191952
-0.24 3.12 0.00140904
-0.24 3.18 0.00102009
-0.18 0.42 0.00156464
-0.18 0.48 0.00211168
-0.18 0.54 0.00281078
-0.18 0.6 0.00368993
-0.18 0.66 0.00477745
-0.18 0.72 0.00610052
-0.18 0.78 0.00768287
-0.18 0.84 0.00954261
-0.18 0.9 0.0116898
-0.18 0.96 0.0141231
-0.18 1.02 0.0168284
-0.18 1.08 0.0197765
-0.18 1.14 0.0229214
-0.18 1.2 0.0262012
-0.18 1.26 0.0295387
-0.18 1.32 0.0328434
-0.18 1.38 0.0360162
-0.18 1.44 0.0389521
-0.18 1.5 0.0415486
-0.18 1.56 0.0437094
-0.18 1.62 0.0453503
-0.18 1.68 0.0464058
-0.18 1.74 0.046833
-0.18 1.8 0.0466147
-0.18 1.86 0.0457597
-0.18 1.92 0.0443027
-0.18 1.98 0.0423026
-0.18 2.04 0.0398378
-0.18 2.1 0.0370008
-0.18 2.16 0.0338935
-0.18 2.22 0.0306205
-0.18 2.28 0.0272832
-0.18 2.34 0.0239754
-0.18 2.4 0.020779
-0.18 2.46 0.0177614
-0.18 2.52 0.0149732
-0.18 2.58 0.0124493
-0.18 2.64 0.0102084
-0.18 2.7 0.00825592
-0.18 2.76 0.00658509
-0.18 2.82 0.00518015
-0.18 2.88 0.00401899
-0.18 2.94 0.00307522
-0.18 3 0.00232077
-0.18 3.06 0.0017273
-0.18 3.12 0.00126794
-0.18 3.18 0.000917941
-0.12 0.42 0.00138861
-0.12 0.48 0.0018741
-0.12 0.54 0.00249454
-0.12 0.6 0.00327479
-0.12 0.66 0.00423994
-0.12 0.72 0.00541416
-0.12 0.78 0.00681851
-0.12 0.84 0.00846898
-0.12 0.9 0.0103745
-0.12 0.96 0.0125341
-0.12 1.02 0.0149351
-0.12 1.08 0.0175515
-0.12 1.14 0.0203425
-0.12 1.2 0.0232534
-0.12 1.26 0.0262153
-0.12 1.32 0.0291483
-0.12 1.38 0.0319641
-0.12 1.44 0.0345697
-0.12 1.5 0.0368742
-0.12 1.56 0.0387918
-0.12 1.62 0.040248
-0.12 1.68 0.0411847
-0.12 1.74 0.041564
-0.12 1.8 0.0413701
-0.12 1.86 0.0406114
-0.12 1.92 0.0393184
-0.12 1.98 0.0375431
-0.12 2.04 0.0353556
-0.12 2.1 0.0328379
-0.12 2.16 0.0300803
-0.12 2.22 0.0271755
-0.12 2.28 0.0242136
-0.12 2.34 0.021278
-0.12 2.4 0.0184412
-0.12 2.46 0.0157631
-0.12 2.52 0.0132887
-0.12 2.58 0.0110486
-0.12 2.64 0.00905988
-0.12 2.7 0.00732707
-0.12 2.76 0.00584421
-0.12 2.82 0.00459733
-0.12 2.88 0.00356682
-0.12 2.94 0.00272923
-0.12 3 0.00205966
-0.12 3.06 0.00153297
-0.12 3.12 0.00112529
-0.06 0.42 0.00121543
-0.06 0.48 0.00164038
-0.06 0.54 0.00218346
-0.06 0.6 0.0028664
-0.06 0.66 0.00371117
-0.06 0.72 0.00473899
-0.06 0.78 0.0059682
-0.06 0.84 0.00741291
-0.06 0.9 0.00908078
-0.06 0.96 0.0109711
-0.06 1.02 0.0130727
-0.06 1.08 0.0153627
-0.06 1.14 0.0178056
-0.06 1.2 0.0203536
-0.06 1.26 0.0229459
-0.06 1.32 0.0255133
-0.06 1.38 0.027978
-0.06 1.44 0.0302588
-0.06 1.5 0.0322757
-0.06 1.56 0.0339542
-0.06 1.62 0.0352288
-0.06 1.68 0.0360485
-0.06 1.74 0.0363808
-0.06 1.8 0.0362107
-0.06 1.86 0.035547
-0.06 1.92 0.0344153
-0.06 1.98 0.0328615
-0.06 2.04 0.0309465
-0.06 2.1 0.0287429
-0.06 2.16 0.0263292
-0.06 2.22 0.0237865
-0.06 2.28 0.0211939
-0.06 2.34 0.0186245
-0.06 2.4 0.0161414
-0.06 2.46 0.0137973
-0.06 2.52 0.0116314
-0.06 2.58 0.00967082
-0.06 2.64 0.00793009
-0.06 2.7 0.00641331
-0.06 2.76 0.00511536
-0.06 2.82 0.00402403
-0.06 2.88 0.003122
-0.06 2.94 0.00238889
-0.06 3 0.0018028
-0.06 3.06 0.0013418
-0.06 3.12 0.000984961
9.71445e-15 0.48 0.00141606
9.71445e-15 0.54 0.0018849
9.71445e-15 0.6 0.00247443
9.71445e-15 0.66 0.00320375
9.71445e-15 0.72 0.00409097
9.71445e-15 0.78 0.0051521
9.71445e-15 0.84 0.00639932
9.71445e-15 0.9 0.0078391
9.71445e-15 0.96 0.00947094
9.71445e-15 1.02 0.0112852
9.71445e-15 1.08 0.013262
9.71445e-15 1.14 0.015371
9.71445e-15 1.2 0.0175704
9.71445e-15 1.26 0.0198084
9.71445e-15 1.32 0.0220246
9.71445e-15 1.38 0.0241522
9.71445e-15 1.44 0.0261214
9.71445e-15 1.5 0.0278625
9.71445e-15 1.56 0.0293112
9.71445e-15 1.62 0.0304113
9.71445e-15 1.68 0.0311194
9.71445e-15 1.74 0.0314059
9.71445e-15 1.8 0.0312596
9.71445e-15 1.86 0.0306862
9.71445e-15 1.92 0.0297093
9.71445e-15 1.98 0.0283683
9.71445e-15 2.04 0.0267151
9.71445e-15 2.1 0.0248127
9.71445e-15 2.16 0.0227289
9.71445e-15 2.22 0.0205339
9.71445e-15 2.28 0.018296
9.71445e-15 2.34 0.0160777
9.71445e-15 2.4 0.0139344
9.71445e-15 2.46 0.0119107
9.71445e-15 2.52 0.0100409
9.71445e-15 2.58 0.00834842
9.71445e-15 2.64 0.00684575
9.71445e-15 2.7 0.00553635
9.71445e-15 2.76 0.00441589
9.71445e-15 2.82 0.0034738
9.71445e-15 2.88 0.0026951
9.71445e-15 2.94 0.00206225
9.71445e-15 3 0.00155629
9.71445e-15 3.06 0.00115832
9.71445e-15 3.12 0.000850275
0.06 0.48 0.00120564
0.06 0.54 0.00160479
0.06 0.6 0.00210674
0.06 0.66 0.00272767
0.06 0.72 0.00348304
0.06 0.78 0.00438646
0.06 0.84 0.00544831
0.06 0.9 0.0066742
0.06 0.96 0.00806345
0.06 1.02 0.009608
0.06 1.08 0.0112912
0.06 1.14 0.0130867
0.06 1.2 0.0149592
0.06 1.26 0.0168649
0.06 1.32 0.0187518
0.06 1.38 0.0205631
0.06 1.44 0.0222394
0.06 1.5 0.023722
0.06 1.56 0.0249555
0.06 1.62 0.0258923
0.06 1.68 0.0264949
0.06 1.74 0.0267389
0.06 1.8 0.0266145
0.06 1.86 0.0261261
0.06 1.92 0.0252942
0.06 1.98 0.0241524
0.06 2.04 0.0227452
0.06 2.1 0.0211253
0.06 2.16 0.019351
0.06 2.22 0.0174824
0.06 2.28 0.015577
0.06 2.34 0.0136885
0.06 2.4 0.0118637
0.06 2.46 0.0101407
0.06 2.52 0.00854887
0.06 2.58 0.00710776
0.06 2.64 0.00582844
0.06 2.7 0.00471368
0.06 2.76 0.00375971
0.06 2.82 0.00295758
0.06 2.88 0.00229462
0.06 2.94 0.00175578
0.06 3 0.00132502
0.06 3.06 0.000986197
0.06 3.12 0.000723917
0.12 0.48 0.00101236
0.12 0.54 0.00134754
0.12 0.6 0.00176902
0.12 0.66 0.00229039
0.12 0.72 0.00292468
0.12 0.78 0.00368332
0.12 0.84 0.00457493
0.12 0.9 0.00560428
0.12 0.96 0.0067709
0.12 1.02 0.00806789
0.12 1.08 0.00948115
0.12 1.14 0.0109889
0.12 1.2 0.0125613
0.12 1.26 0.0141613
0.12 1.32 0.0157456
0.12 1.38 0.0172668
0.12 1.44 0.0186744
0.12 1.5 0.0199192
0.12 1.56 0.020955
0.12 1.62 0.0217416
0.12 1.68 0.0222477
0.12 1.74 0.0224526
0.12 1.8 0.0223478
0.12 1.86 0.0219379
0.12 1.92 0.0212396
0.12 1.98 0.0202807
0.12 2.04 0.019099
0.12 2.1 0.0177389
0.12 2.16 0.0162492
0.12 2.22 0.0146799
0.12 2.28 0.01308
0.12 2.34 0.0114942
0.12 2.4 0.00996181
0.12 2.46 0.00851504
0.12 2.52 0.0071784
0.12 2.58 0.00596839
0.12 2.64 0.00489408
0.12 2.7 0.00395801
0.12 2.76 0.00315697
0.12 2.82 0.00248346
0.12 2.88 0.00192676
0.12 2.94 0.00147432
0.12 3 0.00111261
0.12 3.06 0.000828095
0.12 3.12 0.000607874
0.18 0.54 0.00111596
0.18 0.6 0.00146501
0.18 0.66 0.0018968
0.18 0.72 0.00242209
0.18 0.78 0.00305032
0.18 0.84 0.00378871
0.18 0.9 0.00464117
0.18 0.96 0.00560723
0.18 1.02 0.00668137
0.18 1.08 0.00785183
0.18 1.14 0.00910041
0.18 1.2 0.0104026
0.18 1.26 0.0117277
0.18 1.32 0.0130399
0.18 1.38 0.0142994
0.18 1.44 0.0154652
0.18 1.5 0.0164961
0.18 1.56 0.0173539
0.18 1.62 0.0180053
0.18 1.68 0.0184243
0.18 1.74 0.0185941
0.18 1.8 0.0185075
0.18 1.86 0.018168
0.18 1.92 0.0175895
0.18 1.98 0.0167954
0.18 2.04 0.0158168
0.18 2.1 0.0146903
0.18 2.16 0.0134566
0.18 2.22 0.0121572
0.18 2.28 0.0108321
0.18 2.34 0.00951892
0.18 2.4 0.0082499
0.18 2.46 0.00705179
0.18 2.52 0.00594483
0.18 2.58 0.0049427
0.18 2.64 0.00405307
0.18 2.7 0.00327786
0.18 2.76 0.00261447
0.18 2.82 0.00205667
0.18 2.88 0.00159567
0.18 2.94 0.00122095
0.18 3 0.000921406
0.18 3.06 0.000685796
0.24 0.54 0.000911484
0.24 0.6 0.00119656
0.24 0.66 0.00154924
0.24 0.72 0.00197828
0.24 0.78 0.0024914
0.24 0.84 0.00309452
0.24 0.9 0.00379076
0.24 0.96 0.00457987
0.24 1.02 0.00545716
0.24 1.08 0.00641312
0.24 1.14 0.00743298
0.24 1.2 0.0084965
0.24 1.26 0.00957879
0.24 1.32 0.0106505
0.24 1.38 0.0116792
0.24 1.44 0.0126315
0.24 1.5 0.0134734
0.24 1.56 0.014174
0.24 1.62 0.0147062
0.24 1.68 0.0150485
0.24 1.74 0.015187
0.24 1.8 0.0151162
0.24 1.86 0.014839
0.24 1.92 0.0143665
0.24 1.98 0.013718
0.24 2.04 0.0129186
0.24 2.1 0.0119987
0.24 2.16 0.010991
0.24 2.22 0.00992962
0.24 2.28 0.00884743
0.24 2.34 0.00777471
0.24 2.4 0.00673824
0.24 2.46 0.00575969
0.24 2.52 0.00485549
0.24 2.58 0.00403704
0.24 2.64 0.00331039
0.24 2.7 0.00267722
0.24 2.76 0.00213541
0.24 2.82 0.00167982
0.24 2.88 0.00130328
0.24 2.94 0.000997244
0.24 3 0.00075258
0.24 3.06 0.00056013
0.3 0.6 0.000963888
0.3 0.66 0.00124798
0.3 0.72 0.00159357
0.3 0.78 0.00200694
0.3 0.84 0.00249275
0.3 0.9 0.00305364
0.3 0.96 0.00368929
0.3 1.02 0.00439597
0.3 1.08 0.005166
0.3 1.14 0.00598755
0.3 1.2 0.00684432
0.3 1.26 0.00771615
0.3 1.32 0.00857932
0.3 1.38 0.00940819
0.3 1.44 0.0101752
0.3 1.5 0.0108535
0.3 1.56 0.0114178
0.3 1.62 0.0118464
0.3 1.68 0.0121222
0.3 1.74 0.0122338
0.3 1.8 0.0121768
0.3 1.86 0.0119533
0.3 1.92 0.0115729
0.3 1.98 0.0110504
0.3 2.04 0.0104066
0.3 2.1 0.00966548
0.3 2.16 0.00885375
0.3 2.22 0.00799866
0.3 2.28 0.00712696
0.3 2.34 0.00626289
0.3 2.4 0.00542795
0.3 2.46 0.00463963
0.3 2.52 0.00391131
0.3 2.58 0.003252
0.3 2.64 0.00266664
0.3 2.7 0.00215661
0.3 2.76 0.00172016
0.3 2.82 0.00135318
0.3 2.88 0.00104984
0.3 2.94 0.000803318
0.3 3 0.000606233
0.3 3.06 0.000451206
0.36 0.6 0.00076578
0.36 0.66 0.000991481
0.36 0.72 0.00126604
0.36 0.78 0.00159445
0.36 0.84 0.00198041
0.36 0.9 0.00242602
0.36 0.96 0.00293102
0.36 1.02 0.00349245
0.36 1.08 0.00410421
0.36 1.14 0.00475689
0.36 1.2 0.00543759
0.36 1.26 0.00613024
0.36 1.32 0.00681602
0.36 1.38 0.00747452
0.36 1.44 0.00808384
0.36 1.5 0.00862276
0.36 1.56 0.00907112
0.36 1.62 0.00941156
0.36 1.68 0.00963068
0.36 1.74 0.0097194
0.36 1.8 0.00967408
0.36 1.86 0.00949653
0.36 1.92 0.00919431
0.36 1.98 0.00877919
0.36 2.04 0.00826769
0.36 2.1 0.00767891
0.36 2.16 0.00703401
0.36 2.22 0.00635468
0.36 2.28 0.00566212
0.36 2.34 0.00497567
0.36 2.4 0.00431235
0.36 2.46 0.00368602
0.36 2.52 0.00310742
0.36 2.58 0.00258361
0.36 2.64 0.00211858
0.36 2.7 0.00171337
0.36 2.76 0.00136662
0.36 2.82 0.00107506
0.36 2.88 0.000834068
0.36 2.94 0.00063821
0.36 3 0.000481631
0.42 0.66 0.000776874
0.42 0.72 0.000992003
0.42 0.78 0.00124933
0.42 0.84 0.00155175
0.42 0.9 0.0019009
0.42 0.96 0.00229659
0.42 1.02 0.0027365
0.42 1.08 0.00321584
0.42 1.14 0.00372725
0.42 1.2 0.00426061
0.42 1.26 0.00480334
0.42 1.32 0.00534068
0.42 1.38 0.00585663
0.42 1.44 0.00633409
0.42 1.5 0.00675635
0.42 1.56 0.00710765
0.42 1.62 0.00737439
0.42 1.68 0.0075461
0.42 1.74 0.00761561
0.42 1.8 0.00758011
0.42 1.86 0.00744099
0.42 1.92 0.00720418
0.42 1.98 0.00687893
0.42 2.04 0.00647813
0.42 2.1 0.00601679
0.42 2.16 0.00551147
0.42 2.22 0.00497918
0.42 2.28 0.00443654
0.42 2.34 0.00389867
0.42 2.4 0.00337893
0.42 2.46 0.00288817
0.42 2.52 0.00243481
0.42 2.58 0.00202438
0.42 2.64 0.00166001
0.42 2.7 0.0013425
0.42 2.76 0.00107081
0.42 2.82 0.00084236
0.42 2.88 0.000653532
0.42 2.94 0.000500069
0.42 3 0.000377381
0.48 0.66 0.000600351
0.48 0.72 0.000766599
0.48 0.78 0.000965451
0.48 0.84 0.00119916
0.48 0.9 0.00146898
0.48 0.96 0.00177475
0.48 1.02 0.0021147
0.48 1.08 0.00248513
0.48 1.14 0.00288035
0.48 1.2 0.00329249
0.48 1.26 0.00371192
0.48 1.32 0.00412717
0.48 1.38 0.00452586
0.48 1.44 0.00489482
0.48 1.5 0.00522114
0.48 1.56 0.00549261
0.48 1.62 0.0056988
0.48 1.68 0.00583147
0.48 1.74 0.00588516
0.48 1.8 0.00585775
0.48 1.86 0.00575021
0.48 1.92 0.00556722
0.48 1.98 0.00531587
0.48 2.04 0.00500616
0.48 2.1 0.00464964
0.48 2.16 0.00425914
0.48 2.22 0.00384781
0.48 2.28 0.00342847
0.48 2.34 0.0030128
0.48 2.4 0.00261116
0.48 2.46 0.00223193
0.48 2.52 0.00188157
0.48 2.58 0.00156439
0.48 2.64 0.00128281
0.48 2.7 0.00103746
0.48 2.76 0.0008275
0.48 2.82 0.000650957
0.48 2.88 0.000505036
0.48 2.94 0.000386441
0.54 0.72 0.000584273
0.54 0.78 0.000735822
0.54 0.84 0.000913938
0.54 0.9 0.00111958
0.54 0.96 0.00135263
0.54 1.02 0.00161173
0.54 1.08 0.00189408
0.54 1.14 0.00219528
0.54 1.2 0.0025094
0.54 1.26 0.00282905
0.54 1.32 0.00314555
0.54 1.38 0.00344943
0.54 1.44 0.00373061
0.54 1.5 0.0039793
0.54 1.56 0.00418624
0.54 1.62 0.0043434
0.54 1.68 0.00444449
0.54 1.74 0.00448541
0.54 1.8 0.0044645
0.54 1.86 0.0043826
0.54 1.92 0.00424307
0.54 1.98 0.0040515
0.54 2.04 0.00381545
0.54 2.1 0.00354374
0.54 2.16 0.00324613
0.54 2.22 0.00293266
0.54 2.28 0.00261303
0.54 2.34 0.00229623
0.54 2.4 0.0019901
0.54 2.46 0.00170109
0.54 2.52 0.00143405
0.54 2.58 0.00119232
0.54 2.64 0.000977701
0.54 2.7 0.000790707
0.54 2.76 0.000630683
0.54 2.82 0.000496126
0.54 2.88 0.000384916
0.54 2.94 0.000294527
0.6 0.72 0.000439187
0.6 0.78 0.000553104
0.6 0.84 0.000686996
0.6 0.9 0.000841561
0.6 0.96 0.00101675
0.6 1.02 0.00121152
0.6 1.08 0.00142374
0.6 1.14 0.00165014
0.6 1.2 0.00188627
0.6 1.26 0.00212651
0.6 1.32 0.00236446
0.6 1.38 0.00259286
0.6 1.44 0.00280426
0.6 1.5 0.00299116
0.6 1.56 0.00314671
0.6 1.62 0.00326483
0.6 1.68 0.0033408
0.6 1.74 0.00337159
0.6 1.8 0.00335584
0.6 1.86 0.00329433
0.6 1.92 0.00318944
0.6 1.98 0.00304546
0.6 2.04 0.00286797
0.6 2.1 0.00266376
0.6 2.16 0.00244006
0.6 2.22 0.00220442
0.6 2.28 0.00196415
0.6 2.34 0.00172603
0.6 2.4 0.00149591
0.6 2.46 0.00127867
0.6 2.52 0.00107794
0.6 2.58 0.000896246
0.6 2.64 0.000734925
0.6 2.7 0.000594356
0.6 2.76 0.000474065
0.6 2.82 0.000372927
0.6 2.88 0.000289334
0.6 2.94 0.000221392
0.66 0.78 0.00041004
0.66 0.84 0.000509302
0.66 0.9 0.000623896
0.66 0.96 0.000753761
0.66 1.02 0.000898144
0.66 1.08 0.00105548
0.66 1.14 0.00122333
0.66 1.2 0.00139836
0.66 1.26 0.00157651
0.66 1.32 0.00175288
0.66 1.38 0.00192219
0.66 1.44 0.00207891
0.66 1.5 0.0022175
0.66 1.56 0.00233279
0.66 1.62 0.00242036
0.66 1.68 0.00247671
0.66 1.74 0.00249951
0.66 1.8 0.00248788
0.66 1.86 0.00244222
0.66 1.92 0.00236447
0.66 1.98 0.00225774
0.66 2.04 0.00212619
0.66 2.1 0.00197476
0.66 2.16 0.00180891
0.66 2.22 0.00163422
0.66 2.28 0.00145612
0.66 2.34 0.00127958
0.66 2.4 0.001109
0.66 2.46 0.000947937
0.66 2.52 0.000799132
0.66 2.58 0.000664419
0.66 2.64 0.000544831
0.66 2.7 0.000440626
0.66 2.76 0.000351452
0.66 2.82 0.000276471
0.66 2.88 0.000214497
0.72 0.84 0.000372379
0.72 0.9 0.000456163
0.72 0.96 0.000551121
0.72 1.02 0.000656692
0.72 1.08 0.000771727
0.72 1.14 0.000894443
0.72 1.2 0.00102244
0.72 1.26 0.00115266
0.72 1.32 0.00128163
0.72 1.38 0.00140544
0.72 1.44 0.00152002
0.72 1.5 0.00162134
0.72 1.56 0.00170565
0.72 1.62 0.00176967
0.72 1.68 0.00181086
0.72 1.74 0.00182755
0.72 1.8 0.001819
0.72 1.86 0.00178566
0.72 1.92 0.00172881
0.72 1.98 0.00165076
0.72 2.04 0.00155457
0.72 2.1 0.00144387
0.72 2.16 0.00132262
0.72 2.22 0.00119489
0.72 2.28 0.00106465
0.72 2.34 0.000935582
0.72 2.4 0.000810845
0.72 2.46 0.000693091
0.72 2.52 0.000584291
0.72 2.58 0.000485802
0.72 2.64 0.000398358
0.72 2.7 0.000322165
0.72 2.76 0.000256964
0.72 2.82 0.000202143
0.78 0.9 0.000328943
0.78 0.96 0.000397413
0.78 1.02 0.000473538
0.78 1.08 0.000556494
0.78 1.14 0.000644987
0.78 1.2 0.000737281
0.78 1.26 0.000831199
0.78 1.32 0.000924196
0.78 1.38 0.00101347
0.78 1.44 0.00109609
0.78 1.5 0.00116916
0.78 1.56 0.00122995
0.78 1.62 0.00127612
0.78 1.68 0.00130582
0.78 1.74 0.00131785
0.78 1.8 0.00131171
0.78 1.86 0.00128765
0.78 1.92 0.00124665
0.78 1.98 0.00119037
0.78 2.04 0.00112101
0.78 2.1 0.00104117
0.78 2.16 0.000953735
0.78 2.22 0.000861635
0.78 2.28 0.000767726
0.78 2.34 0.000674652
0.78 2.4 0.00058471
0.78 2.46 0.000499792
0.78 2.52 0.000421338
0.78 2.58 0.000350312
0.78 2.64 0.00028726
0.78 2.7 0.000232318
0.78 2.76 0.000185301
0.78 2.82 0.000145766
0.84 0.9 0.000233942
0.84 0.96 0.00028264
0.84 1.02 0.000336781
0.84 1.08 0.000395777
0.84 1.14 0.000458716
0.84 1.2 0.000524348
0.84 1.26 0.000591143
0.84 1.32 0.000657284
0.84 1.38 0.000720767
0.84 1.44 0.000779535
0.84 1.5 0.000831496
0.84 1.56 0.000874724
0.84 1.62 0.000907568
0.84 1.68 0.000928695
0.84 1.74 0.000937238
0.84 1.8 0.000932883
0.84 1.86 0.000915769
0.84 1.92 0.000886606
0.84 1.98 0.000846592
0.84 2.04 0.000797258
0.84 2.1 0.000740481
0.84 2.16 0.000678295
0.84 2.22 0.000612793
0.84 2.28 0.000546006
0.84 2.34 0.000479804
0.84 2.4 0.000415844
0.84 2.46 0.000355452
0.84 2.52 0.000299651
0.84 2.58 0.00024914
0.84 2.64 0.000204297
0.84 2.7 0.000165222
0.84 2.76 0.000131784
0.9 0.96 0.00019825
0.9 1.02 0.000236225
0.9 1.08 0.000277605
0.9 1.14 0.000321753
0.9 1.2 0.000367791
0.9 1.26 0.000414639
0.9 1.32 0.000461029
0.9 1.38 0.000505564
0.9 1.44 0.000546782
0.9 1.5 0.000583225
0.9 1.56 0.000613554
0.9 1.62 0.000636587
0.9 1.68 0.000651407
0.9 1.74 0.000657403
0.9 1.8 0.000654338
0.9 1.86 0.000642335
0.9 1.92 0.000621888
0.9 1.98 0.000593816
0.9 2.04 0.000559211
0.9 2.1 0.000519391
0.9 2.16 0.000475771
0.9 2.22 0.000429824
0.9 2.28 0.00038298
0.9 2.34 0.000336546
0.9 2.4 0.000291679
0.9 2.46 0.00024932
0.9 2.52 0.00021018
0.9 2.58 0.000174752
0.9 2.64 0.000143297
0.9 2.7 0.000115889
0.9 2.76 9.24356e-05
0.96 1.02 0.000163415
0.96 1.08 0.000192041
0.96 1.14 0.000222581
0.96 1.2 0.00025443
0.96 1.26 0.000286839
0.96 1.32 0.000318929
0.96 1.38 0.000349738
0.96 1.44 0.000378251
0.96 1.5 0.000403464
0.96 1.56 0.000424444
0.96 1.62 0.000440377
0.96 1.68 0.00045063
0.96 1.74 0.000454778
0.96 1.8 0.000452657
0.96 1.86 0.000444352
0.96 1.92 0.000430209
0.96 1.98 0.000410788
0.96 2.04 0.000386851
0.96 2.1 0.000359303
0.96 2.16 0.000329128
0.96 2.22 0.000297342
0.96 2.28 0.000264937
0.96 2.34 0.000232815
0.96 2.4 0.000201777
0.96 2.46 0.000172474
0.96 2.52 0.000145398
0.96 2.58 0.00012089
0.96 2.64 9.91296e-05
0.96 2.7 8.01694e-05
1.02 1.08 0.000131024
1.02 1.14 0.00015186
1.02 1.2 0.000173589
1.02 1.26 0.000195701
1.02 1.32 0.000217596
1.02 1.38 0.000238615
1.02 1.44 0.000258068
1.02 1.5 0.00027527
1.02 1.56 0.000289584
1.02 1.62 0.000300456
1.02 1.68 0.000307451
1.02 1.74 0.00031028
1.02 1.8 0.000308834
1.02 1.86 0.000303169
1.02 1.92 0.000293518
1.02 1.98 0.000280268
1.02 2.04 0.000263936
1.02 2.1 0.000245141
1.02 2.16 0.000224553
1.02 2.22 0.000202868
1.02 2.28 0.000180759
1.02 2.34 0.000158842
1.02 2.4 0.000137666
1.02 2.46 0.000117674
1.02 2.52 9.9201e-05
1.02 2.58 8.24791e-05
1.02 2.64 6.76331e-05
1.08 1.14 0.000102185
1.08 1.2 0.000116807
1.08 1.26 0.000131685
1.08 1.32 0.000146419
1.08 1.38 0.000160562
1.08 1.44 0.000173652
1.08 1.5 0.000185226
1.08 1.56 0.000194859
1.08 1.62 0.000202175
1.08 1.68 0.00020688
1.08 1.74 0.000208784
1.08 1.8 0.000207811
1.08 1.86 0.000204001
1.08 1.92 0.000197504
1.08 1.98 0.000188589
1.08 2.04 0.000177599
1.08 2.1 0.000164952
1.08 2.16 0.0001511
1.08 2.22 0.000136509
1.08 2.28 0.00012163
1.08 2.34 0.000106884
1.08 2.4 9.26342e-05
1.08 2.46 7.91819e-05
1.08 2.52 6.67515e-05
1.08 2.58 5.54998e-05
1.14 1.2 7.75178e-05
1.14 1.26 8.73913e-05
1.14 1.32 9.71699e-05
1.14 1.38 0.000106556
1.14 1.44 0.000115244
1.14 1.5 0.000122925
1.14 1.56 0.000129317
1.14 1.62 0.00013417
1.14 1.68 0.000137292
1.14 1.74 0.000138558
1.14 1.8 0.000137912
1.14 1.86 0.000135384
1.14 1.92 0.000131073
1.14 1.98 0.000125156
1.14 2.04 0.000117863
1.14 2.1 0.000109469
1.14 2.16 0.000100276
1.14 2.22 9.05926e-05
1.14 2.28 8.07183e-05
1.14 2.34 7.09325e-05
1.14 2.4 6.14762e-05
1.14 2.46 5.25482e-05
1.14 2.52 4.42993e-05
1.2 1.32 6.35991e-05
1.2 1.38 6.97428e-05
1.2 1.44 7.54284e-05
1.2 1.5 8.0457e-05
1.2 1.56 8.46403e-05
1.2 1.62 8.78175e-05
1.2 1.68 8.9862e-05
1.2 1.74 9.06893e-05
1.2 1.8 9.0267e-05
1.2 1.86 8.86099e-05
1.2 1.92 8.579e-05
1.2 1.98 8.19167e-05
1.2 2.04 7.71441e-05
1.2 2.1 7.16502e-05
1.2 2.16 6.56326e-05
1.2 2.22 5.92941e-05
1.2 2.28 5.28321e-05
1.2 2.34 4.64267e-05
1.2 2.4 4.02376e-05
1.2 2.46 3.43936e-05
1.2 2.52 2.89946e-05
1.26 1.38 4.50208e-05
1.26 1.44 4.86912e-05
1.26 1.5 5.19366e-05
1.26 1.56 5.46374e-05
1.26 1.62 5.66884e-05
1.26 1.68 5.80075e-05
1.26 1.74 5.85421e-05
1.26 1.8 5.82686e-05
1.26 1.86 5.72006e-05
1.26 1.92 5.53793e-05
1.26 1.98 5.28792e-05
1.26 2.04 4.97975e-05
1.26 2.1 4.62517e-05
1.26 2.16 4.23677e-05
1.26 2.22 3.82762e-05
1.26 2.28 3.41042e-05
1.26 2.34 2.99697e-05
1.26 2.4 2.5974e-05
1.26 2.46 2.2202e-05
1.32 1.44 3.09989e-05
1.32 1.5 3.30654e-05
1.32 1.56 3.47848e-05
1.32 1.62 3.60907e-05
1.32 1.68 3.69308e-05
1.32 1.74 3.72707e-05
1.32 1.8 3.70972e-05
1.32 1.86 3.64164e-05
1.32 1.92 3.52571e-05
1.32 1.98 3.36654e-05
1.32 2.04 3.1704e-05
1.32 2.1 2.94462e-05
1.32 2.16 2.6973e-05
1.32 2.22 2.43683e-05
1.32 2.28 2.17125e-05
1.32 2.34 1.90801e-05
1.32 2.4 1.65365e-05
1.38 1.56 2.18412e-05
1.38 1.62 2.2661e-05
1.38 1.68 2.31886e-05
1.38 1.74 2.34022e-05
1.38 1.8 2.32932e-05
1.38 1.86 2.28659e-05
1.38 1.92 2.21379e-05
1.38 1.98 2.11387e-05
1.38 2.04 1.99069e-05
1.38 2.1 1.84892e-05
1.38 2.16 1.69365e-05
1.38 2.22 1.53008e-05
1.38 2.28 1.36333e-05
1.38 2.34 1.19803e-05
1.44 1.68 1.436e-05
1.44 1.74 1.44923e-05
1.44 1.8 1.44246e-05
1.44 1.86 1.41602e-05
1.44 1.92 1.37094e-05
1.44 1.98 1.30905e-05
1.44 2.04 1.23276e-05
1.44 2.1 1.14498e-05
1.44 2.16 1.04883e-05
1.44 2.22 9.47537e-06
1.5 1.8 8.80993e-06
1.5 1.86 8.64839e-06
1.5 1.92 8.3731e-06
1.5 1.98 7.99506e-06
1.5 2.04 7.5292e-06
1.5 2.1 6.99305e-06
1.5 2.16 6.40578e-06
1.56 1.92 5.04363e-06
1.56 1.98 4.81591e-06
1.56 2.04 4.5353e-06
1.56 2.1 4.21234e-06
