3619 0.06 0.06 0.183791 -12 -12
-1.32 1.2 4.34411e-06
-1.32 1.26 3.99094e-06
-1.32 1.32 3.61612e-06
-1.32 1.38 3.23146e-06
-1.32 1.44 2.84802e-06
-1.32 1.5 2.47556e-06
-1.32 1.56 2.12226e-06
-1.32 1.62 1.79434e-06
-1.32 1.68 1.49626e-06
-1.26 0.9 9.05094e-06
-1.26 0.96 8.91096e-06
-1.26 1.02 8.65257e-06
-1.26 1.08 8.28623e-06
-1.26 1.14 7.82628e-06
-1.26 1.2 7.29028e-06
-1.26 1.26 6.69757e-06
-1.26 1.32 6.06857e-06
-1.26 1.38 5.42303e-06
-1.26 1.44 4.77953e-06
-1.26 1.5 4.15447e-06
-1.26 1.56 3.56156e-06
-1.26 1.62 3.01124e-06
-1.26 1.68 2.51101e-06
-1.26 1.74 2.06509e-06
-1.2 0.72 1.44465e-05
-1.2 0.78 1.48261e-05
-1.2 0.84 1.50065e-05
-1.2 0.9 1.49804e-05
-1.2 0.96 1.47487e-05
-1.2 1.02 1.43212e-05
-1.2 1.08 1.37147e-05
-1.2 1.14 1.29534e-05
-1.2 1.2 1.20663e-05
-1.2 1.26 1.10854e-05
-1.2 1.32 1.00442e-05
-1.2 1.38 8.97576e-06
-1.2 1.44 7.91065e-06
-1.2 1.5 6.8762e-06
-1.2 1.56 5.89478e-06
-1.2 1.62 4.98401e-06
-1.2 1.68 4.15603e-06
-1.2 1.74 3.41794e-06
-1.2 1.8 2.77234e-06
-1.14 0.54 2.00781e-05
-1.14 0.6 2.14795e-05
-1.14 0.66 2.26625e-05
-1.14 0.72 2.35822e-05
-1.14 0.78 2.4202e-05
-1.14 0.84 2.44965e-05
-1.14 0.9 2.44537e-05
-1.14 0.96 2.40757e-05
-1.14 1.02 2.33775e-05
-1.14 1.08 2.23875e-05
-1.14 1.14 2.11449e-05
-1.14 1.2 1.96965e-05
-1.14 1.26 1.80955e-05
-1.14 1.32 1.63958e-05
-1.14 1.38 1.46516e-05
-1.14 1.44 1.29132e-05
-1.14 1.5 1.12244e-05
-1.14 1.56 9.62249e-06
-1.14 1.62 8.1358e-06
-1.14 1.68 6.78422e-06
-1.14 1.74 5.5794e-06
-1.14 1.8 4.52547e-06
-1.14 1.86 3.62019e-06
-1.08 0.42 2.70957e-05
-1.08 0.48 2.98005e-05
-1.08 0.54 3.23246e-05
-1.08 0.6 3.45801e-05
-1.08 0.66 3.64853e-05
-1.08 0.72 3.79657e-05
-1.08 0.78 3.89632e-05
-1.08 0.84 3.94375e-05
-1.08 0.9 3.93691e-05
-1.08 0.96 3.87601e-05
-1.08 1.02 3.76361e-05
-1.08 1.08 3.60425e-05
-1.08 1.14 3.4042e-05
-1.08 1.2 3.17105e-05
-1.08 1.26 2.91326e-05
-1.08 1.32 2.63965e-05
-1.08 1.38 2.35886e-05
-1.08 1.44 2.07895e-05
-1.08 1.5 1.80708e-05
-1.08 1.56 1.54917e-05
-1.08 1.62 1.30981e-05
-1.08 1.68 1.09221e-05
-1.08 1.74 8.98252e-06
-1.08 1.8 7.28577e-06
-1.08 1.86 5.82828e-06
-1.08 1.92 4.59831e-06
-1.02 0.3 3.41216e-05
-1.02 0.36 3.85808e-05
-1.02 0.42 4.30234e-05
-1.02 0.48 4.73175e-05
-1.02 0.54 5.13249e-05
-1.02 0.6 5.49074e-05
-1.02 0.66 5.79313e-05
-1.02 0.72 6.02827e-05
-1.02 0.78 6.18668e-05
-1.02 0.84 6.26196e-05
-1.02 0.9 6.251e-05
-1.02 0.96 6.15439e-05
-1.02 1.02 5.97591e-05
-1.02 1.08 5.72287e-05
-1.02 1.14 5.40521e-05
-1.02 1.2 5.03498e-05
-1.02 1.26 4.62568e-05
-1.02 1.32 4.1912e-05
-1.02 1.38 3.74537e-05
-1.02 1.44 3.30096e-05
-1.02 1.5 2.86927e-05
-1.02 1.56 2.45977e-05
-1.02 1.62 2.07973e-05
-1.02 1.68 1.73423e-05
-1.02 1.74 1.42625e-05
-1.02 1.8 1.15684e-05
-1.02 1.86 9.25421e-06
-1.02 1.92 7.30121e-06
-1.02 1.98 5.68119e-06
-0.96 0.24 4.66082e-05
-0.96 0.3 5.3434e-05
-0.96 0.36 6.04167e-05
-0.96 0.42 6.73731e-05
-0.96 0.48 7.40984e-05
-0.96 0.54 8.03748e-05
-0.96 0.6 8.59831e-05
-0.96 0.66 9.07197e-05
-0.96 0.72 9.44009e-05
-0.96 0.78 9.68811e-05
-0.96 0.84 9.80608e-05
-0.96 0.9 9.789e-05
-0.96 0.96 9.63753e-05
-0.96 1.02 9.35818e-05
-0.96 1.08 8.96193e-05
-0.96 1.14 8.46441e-05
-0.96 1.2 7.88476e-05
-0.96 1.26 7.24372e-05
-0.96 1.32 6.56342e-05
-0.96 1.38 5.86522e-05
-0.96 1.44 5.16925e-05
-0.96 1.5 4.49328e-05
-0.96 1.56 3.85195e-05
-0.96 1.62 3.25681e-05
-0.96 1.68 2.71577e-05
-0.96 1.74 2.23346e-05
-0.96 1.8 1.81159e-05
-0.96 1.86 1.44918e-05
-0.96 1.92 1.14335e-05
-0.96 1.98 8.89664e-06
-0.96 2.04 6.8275e-06
-0.9 0.12 5.25412e-05
-0.9 0.18 6.19262e-05
-0.9 0.24 7.19845e-05
-0.9 0.3 8.25267e-05
-0.9 0.36 9.33118e-05
-0.9 0.42 0.000104055
-0.9 0.48 0.000114441
-0.9 0.54 0.000124135
-0.9 0.6 0.000132797
-0.9 0.66 0.000140113
-0.9 0.72 0.000145797
-0.9 0.78 0.000149629
-0.9 0.84 0.000151451
-0.9 0.9 0.000151188
-0.9 0.96 0.000148849
-0.9 1.02 0.000144533
-0.9 1.08 0.000138412
-0.9 1.14 0.00013073
-0.9 1.2 0.000121776
-0.9 1.26 0.000111877
-0.9 1.32 0.00010137
-0.9 1.38 9.05861e-05
-0.9 1.44 7.98366e-05
-0.9 1.5 6.93964e-05
-0.9 1.56 5.94922e-05
-0.9 1.62 5.03003e-05
-0.9 1.68 4.19434e-05
-0.9 1.74 3.44952e-05
-0.9 1.8 2.79791e-05
-0.9 1.86 2.23822e-05
-0.9 1.92 1.76587e-05
-0.9 1.98 1.37405e-05
-0.9 2.04 1.05448e-05
-0.9 2.1 7.98106e-06
-0.84 0.06 6.69701e-05
-0.84 0.12 8.00322e-05
-0.84 0.18 9.43283e-05
-0.84 0.24 0.000109649
-0.84 0.3 0.000125707
-0.84 0.36 0.000142135
-0.84 0.42 0.0001585
-0.84 0.48 0.000174321
-0.84 0.54 0.000189085
-0.84 0.6 0.000202281
-0.84 0.66 0.000213423
-0.84 0.72 0.000222084
-0.84 0.78 0.00022792
-0.84 0.84 0.000230694
-0.84 0.9 0.000230293
-0.84 0.96 0.000226732
-0.84 1.02 0.000220157
-0.84 1.08 0.000210833
-0.84 1.14 0.000199133
-0.84 1.2 0.000185493
-0.84 1.26 0.000170415
-0.84 1.32 0.000154409
-0.84 1.38 0.000137983
-0.84 1.44 0.000121609
-0.84 1.5 0.000105706
-0.84 1.56 9.06201e-05
-0.84 1.62 7.66187e-05
-0.84 1.68 6.38898e-05
-0.84 1.74 5.25441e-05
-0.84 1.8 4.26186e-05
-0.84 1.86 3.40933e-05
-0.84 1.92 2.68983e-05
-0.84 1.98 2.09299e-05
-0.84 2.04 1.6062e-05
-0.84 2.1 1.2157e-05
-0.84 2.16 9.07477e-06
-0.78 9.71445e-15 8.30303e-05
-0.78 0.06 0.000100609
-0.78 0.12 0.000120232
-0.78 0.18 0.000141709
-0.78 0.24 0.000164725
-0.78 0.3 0.000188848
-0.78 0.36 0.000213528
-0.78 0.42 0.000238113
-0.78 0.48 0.000261882
-0.78 0.54 0.00028406
-0.78 0.6 0.000303885
-0.78 0.66 0.000320623
-0.78 0.72 0.000333636
-0.78 0.78 0.000342403
-0.78 0.84 0.000346569
-0.78 0.9 0.000345968
-0.78 0.96 0.000340617
-0.78 1.02 0.00033074
-0.78 1.08 0.000316732
-0.78 1.14 0.000299155
-0.78 1.2 0.000278665
-0.78 1.26 0.000256012
-0.78 1.32 0.000231967
-0.78 1.38 0.00020729
-0.78 1.44 0.000182692
-0.78 1.5 0.000158801
-0.78 1.56 0.000136137
-0.78 1.62 0.000115104
-0.78 1.68 9.59811e-05
-0.78 1.74 7.89364e-05
-0.78 1.8 6.40257e-05
-0.78 1.86 5.12181e-05
-0.78 1.92 4.0409e-05
-0.78 1.98 3.14427e-05
-0.78 2.04 2.41298e-05
-0.78 2.1 1.82633e-05
-0.78 2.16 1.36329e-05
-0.78 2.22 1.00367e-05
-0.72 -0.12 8.0381e-05
-0.72 -0.06 0.000100133
-0.72 9.71445e-15 0.000123021
-0.72 0.06 0.000149065
-0.72 0.12 0.00017814
-0.72 0.18 0.00020996
-0.72 0.24 0.000244063
-0.72 0.3 0.000279806
-0.72 0.36 0.000316372
-0.72 0.42 0.000352798
-0.72 0.48 0.000388014
-0.72 0.54 0.000420877
-0.72 0.6 0.000450248
-0.72 0.66 0.000475047
-0.72 0.72 0.000494326
-0.72 0.78 0.000507316
-0.72 0.84 0.000513493
-0.72 0.9 0.0005126
-0.72 0.96 0.000504671
-0.72 1.02 0.000490039
-0.72 1.08 0.000469281
-0.72 1.14 0.00044324
-0.72 1.2 0.00041288
-0.72 1.26 0.000379318
-0.72 1.32 0.000343692
-0.72 1.38 0.000307129
-0.72 1.44 0.000270683
-0.72 1.5 0.000235287
-0.72 1.56 0.000201707
-0.72 1.62 0.000170543
-0.72 1.68 0.000142209
-0.72 1.74 0.000116955
-0.72 1.8 9.48629e-05
-0.72 1.86 7.58867e-05
-0.72 1.92 5.98715e-05
-0.72 1.98 4.65867e-05
-0.72 2.04 3.57519e-05
-0.72 2.1 2.70596e-05
-0.72 2.16 2.01992e-05
-0.72 2.22 1.48707e-05
-0.66 -0.18 9.29946e-05
-0.66 -0.12 0.000117459
-0.66 -0.06 0.000146321
-0.66 9.71445e-15 0.000179768
-0.66 0.06 0.000217827
-0.66 0.12 0.000260311
-0.66 0.18 0.00030681
-0.66 0.24 0.000356645
-0.66 0.3 0.000408874
-0.66 0.36 0.000462305
-0.66 0.42 0.000515538
-0.66 0.48 0.000566991
-0.66 0.54 0.00061502
-0.66 0.6 0.000657939
-0.66 0.66 0.000694179
-0.66 0.72 0.000722344
-0.66 0.78 0.000741331
-0.66 0.84 0.000750357
-0.66 0.9 0.000749049
-0.66 0.96 0.000737462
-0.66 1.02 0.000716079
-0.66 1.08 0.000685756
-0.66 1.14 0.000647691
-0.66 1.2 0.00060333
-0.66 1.26 0.000554287
-0.66 1.32 0.000502227
-0.66 1.38 0.0004488
-0.66 1.44 0.000395545
-0.66 1.5 0.00034382
-0.66 1.56 0.000294748
-0.66 1.62 0.00024921
-0.66 1.68 0.000207807
-0.66 1.74 0.000170903
-0.66 1.8 0.00013862
-0.66 1.86 0.000110891
-0.66 1.92 8.74882e-05
-0.66 1.98 6.80765e-05
-0.66 2.04 5.22435e-05
-0.66 2.1 3.95414e-05
-0.66 2.16 2.95166e-05
-0.66 2.22 2.17301e-05
-0.66 2.28 1.57781e-05
-0.6 -0.24 0.00010465
-0.6 -0.18 0.000134023
-0.6 -0.12 0.000169282
-0.6 -0.06 0.000210874
-0.6 9.71445e-15 0.000259081
-0.6 0.06 0.00031393
-0.6 0.12 0.000375162
-0.6 0.18 0.000442171
-0.6 0.24 0.00051399
-0.6 0.3 0.00058926
-0.6 0.36 0.000666267
-0.6 0.42 0.000742983
-0.6 0.48 0.000817144
-0.6 0.54 0.000886357
-0.6 0.6 0.000948209
-0.6 0.66 0.00100045
-0.6 0.72 0.00104104
-0.6 0.78 0.00106839
-0.6 0.84 0.0010814
-0.6 0.9 0.00107951
-0.6 0.96 0.00106282
-0.6 1.02 0.001032
-0.6 1.08 0.000988311
-0.6 1.14 0.000933448
-0.6 1.2 0.000869515
-0.6 1.26 0.000798822
-0.6 1.32 0.000723801
-0.6 1.38 0.000646809
-0.6 1.44 0.000570061
-0.6 1.5 0.000495509
-0.6 1.56 0.00042479
-0.6 1.62 0.000359154
-0.6 1.68 0.000299492
-0.6 1.74 0.000246305
-0.6 1.8 0.000199779
-0.6 1.86 0.000159814
-0.6 1.92 0.000126088
-0.6 1.98 9.81113e-05
-0.6 2.04 7.52924e-05
-0.6 2.1 5.69868e-05
-0.6 2.16 4.25385e-05
-0.6 2.22 3.13175e-05
-0.6 2.28 2.27392e-05
-0.6 2.34 1.62837e-05
-0.54 -0.3 0.000114551
-0.54 -0.24 0.000148746
-0.54 -0.18 0.000190498
-0.54 -0.12 0.000240611
-0.54 -0.06 0.000299735
-0.54 9.71445e-15 0.000368252
-0.54 0.06 0.000446208
-0.54 0.12 0.000533244
-0.54 0.18 0.000628494
-0.54 0.24 0.000730572
-0.54 0.3 0.000837563
-0.54 0.36 0.000947021
-0.54 0.42 0.00105606
-0.54 0.48 0.00116148
-0.54 0.54 0.00125985
-0.54 0.6 0.00134777
-0.54 0.66 0.001422
-0.54 0.72 0.00147971
-0.54 0.78 0.00151859
-0.54 0.84 0.00153708
-0.54 0.9 0.00153441
-0.54 0.96 0.00151067
-0.54 1.02 0.00146688
-0.54 1.08 0.00140475
-0.54 1.14 0.00132678
-0.54 1.2 0.00123592
-0.54 1.26 0.00113545
-0.54 1.32 0.0010288
-0.54 1.38 0.000919358
-0.54 1.44 0.000810264
-0.54 1.5 0.000704305
-0.54 1.56 0.000603782
-0.54 1.62 0.000510499
-0.54 1.68 0.000425688
-0.54 1.74 0.000350091
-0.54 1.8 0.000283963
-0.54 1.86 0.000227158
-0.54 1.92 0.000179218
-0.54 1.98 0.000139451
-0.54 2.04 0.000107018
-0.54 2.1 8.09996e-05
-0.54 2.16 6.04639e-05
-0.54 2.22 4.45139e-05
-0.54 2.28 3.2321e-05
-0.54 2.34 2.31455e-05
-0.48 -0.36 0.000121964
-0.48 -0.3 0.000160581
-0.48 -0.24 0.00020852
-0.48 -0.18 0.000267046
-0.48 -0.12 0.000337302
-0.48 -0.06 0.000420178
-0.48 9.71445e-15 0.000516229
-0.48 0.06 0.000625522
-0.48 0.12 0.000747526
-0.48 0.18 0.000881049
-0.48 0.24 0.00102416
-0.48 0.3 0.00117413
-0.48 0.36 0.00132757
-0.48 0.42 0.00148044
-0.48 0.48 0.00162819
-0.48 0.54 0.00176611
-0.48 0.6 0.00188936
-0.48 0.66 0.00199344
-0.48 0.72 0.00207432
-0.48 0.78 0.00212884
-0.48 0.84 0.00215475
-0.48 0.9 0.00215098
-0.48 0.96 0.00211773
-0.48 1.02 0.0020563
-0.48 1.08 0.00196925
-0.48 1.14 0.00185994
-0.48 1.2 0.00173254
-0.48 1.26 0.0015917
-0.48 1.32 0.00144221
-0.48 1.38 0.0012888
-0.48 1.44 0.00113587
-0.48 1.5 0.000987326
-0.48 1.56 0.000846415
-0.48 1.62 0.000715636
-0.48 1.68 0.000596749
-0.48 1.74 0.000490776
-0.48 1.8 0.000398068
-0.48 1.86 0.000318438
-0.48 1.92 0.000251237
-0.48 1.98 0.000195492
-0.48 2.04 0.000150024
-0.48 2.1 0.000113549
-0.48 2.16 8.47606e-05
-0.48 2.22 6.24015e-05
-0.48 2.28 4.53091e-05
-0.48 2.34 3.24458e-05
-0.48 2.4 2.29155e-05
-0.42 -0.36 0.000168624
-0.42 -0.3 0.000222015
-0.42 -0.24 0.000288293
-0.42 -0.18 0.000369213
-0.42 -0.12 0.000466337
-0.42 -0.06 0.000580932
-0.42 9.71445e-15 0.000713729
-0.42 0.06 0.000864822
-0.42 0.12 0.0010335
-0.42 0.18 0.00121811
-0.42 0.24 0.00141596
-0.42 0.3 0.00162332
-0.42 0.36 0.00183546
-0.42 0.42 0.00204681
-0.42 0.48 0.00225111
-0.42 0.54 0.00244177
-0.42 0.6 0.00261218
-0.42 0.66 0.00275604
-0.42 0.72 0.0028679
-0.42 0.78 0.00294327
-0.42 0.84 0.0029791
-0.42 0.9 0.0029739
-0.42 0.96 0.0029279
-0.42 1.02 0.00284303
-0.42 1.08 0.00272262
-0.42 1.14 0.00257149
-0.42 1.2 0.00239538
-0.42 1.26 0.00220066
-0.42 1.32 0.00199396
-0.42 1.38 0.00178184
-0.42 1.44 0.00157041
-0.42 1.5 0.00136505
-0.42 1.56 0.00117022
-0.42 1.62 0.000989424
-0.42 1.68 0.000825051
-0.42 1.74 0.000678525
-0.42 1.8 0.00055036
-0.42 1.86 0.000440265
-0.42 1.92 0.000347349
-0.42 1.98 0.000270278
-0.42 2.04 0.000207418
-0.42 2.1 0.000156989
-0.42 2.16 0.000117188
-0.42 2.22 8.62743e-05
-0.42 2.28 6.26428e-05
-0.42 2.34 4.48594e-05
-0.42 2.4 3.16826e-05
-0.36 -0.42 0.000172236
-0.36 -0.36 0.000229932
-0.36 -0.3 0.000302735
-0.36 -0.24 0.000393107
-0.36 -0.18 0.000503448
-0.36 -0.12 0.000635891
-0.36 -0.06 0.000792136
-0.36 9.71445e-15 0.000973213
-0.36 0.06 0.00117924
-0.36 0.12 0.00140926
-0.36 0.18 0.00166098
-0.36 0.24 0.00193074
-0.36 0.3 0.0022135
-0.36 0.36 0.00250278
-0.36 0.42 0.00279093
-0.36 0.48 0.00306955
-0.36 0.54 0.00332953
-0.36 0.6 0.00356185
-0.36 0.66 0.00375808
-0.36 0.72 0.00391059
-0.36 0.78 0.00401331
-0.36 0.84 0.00406216
-0.36 0.9 0.00405511
-0.36 0.96 0.00399238
-0.36 1.02 0.00387664
-0.36 1.08 0.00371248
-0.36 1.14 0.00350641
-0.36 1.2 0.00326628
-0.36 1.26 0.00300073
-0.36 1.32 0.00271891
-0.36 1.38 0.00242969
-0.36 1.44 0.00214137
-0.36 1.5 0.00186134
-0.36 1.56 0.00159569
-0.36 1.62 0.00134913
-0.36 1.68 0.00112501
-0.36 1.74 0.000925222
-0.36 1.8 0.000750457
-0.36 1.86 0.000600329
-0.36 1.92 0.000473637
-0.36 1.98 0.000368544
-0.36 2.04 0.00028283
-0.36 2.1 0.000214066
-0.36 2.16 0.000159793
-0.36 2.22 0.000117642
-0.36 2.28 8.54182e-05
-0.36 2.34 6.11688e-05
-0.36 2.4 4.32011e-05
-0.36 2.46 3.00922e-05
-0.3 -0.48 0.000171121
-0.3 -0.42 0.000231628
-0.3 -0.36 0.000309218
-0.3 -0.3 0.000407125
-0.3 -0.24 0.000528661
-0.3 -0.18 0.000677046
-0.3 -0.12 0.000855165
-0.3 -0.06 0.00106529
-0.3 9.71445e-15 0.00130879
-0.3 0.06 0.00158589
-0.3 0.12 0.00189521
-0.3 0.18 0.00223373
-0.3 0.24 0.00259654
-0.3 0.3 0.00297678
-0.3 0.36 0.00336582
-0.3 0.42 0.00375334
-0.3 0.48 0.00412799
-0.3 0.54 0.00447762
-0.3 0.6 0.00479009
-0.3 0.66 0.00505399
-0.3 0.72 0.00525904
-0.3 0.78 0.00539724
-0.3 0.84 0.00546291
-0.3 0.9 0.00545343
-0.3 0.96 0.0053691
-0.3 1.02 0.00521337
-0.3 1.08 0.00499265
-0.3 1.14 0.00471554
-0.3 1.2 0.00439256
-0.3 1.26 0.00403547
-0.3 1.32 0.00365647
-0.3 1.38 0.00326751
-0.3 1.44 0.00287978
-0.3 1.5 0.00250317
-0.3 1.56 0.00214593
-0.3 1.62 0.00181435
-0.3 1.68 0.00151294
-0.3 1.74 0.00124427
-0.3 1.8 0.00100923
-0.3 1.86 0.000807341
-0.3 1.92 0.000636963
-0.3 1.98 0.000495631
-0.3 2.04 0.000380356
-0.3 2.1 0.000287883
-0.3 2.16 0.000214893
-0.3 2.22 0.000158207
-0.3 2.28 0.000114873
-0.3 2.34 8.22609e-05
-0.3 2.4 5.80981e-05
-0.3 2.46 4.04688e-05
-0.24 -0.54 0.000165374
-0.24 -0.48 0.000226965
-0.24 -0.42 0.000307218
-0.24 -0.36 0.000410128
-0.24 -0.3 0.000539985
-0.24 -0.24 0.000701183
-0.24 -0.18 0.000897991
-0.24 -0.12 0.00113424
-0.24 -0.06 0.00141294
-0.24 9.71445e-15 0.0017359
-0.24 0.06 0.00210343
-0.24 0.12 0.00251369
-0.24 0.18 0.00296269
-0.24 0.24 0.0034439
-0.24 0.3 0.00394822
-0.24 0.36 0.00446423
-0.24 0.42 0.00497823
-0.24 0.48 0.00547512
-0.24 0.54 0.00593884
-0.24 0.6 0.00635332
-0.24 0.66 0.0067033
-0.24 0.72 0.00697528
-0.24 0.78 0.0071586
-0.24 0.84 0.0072457
-0.24 0.9 0.00723311
-0.24 0.96 0.00712127
-0.24 1.02 0.00691472
-0.24 1.08 0.00662195
-0.24 1.14 0.00625442
-0.24 1.2 0.00582602
-0.24 1.26 0.00535242
-0.24 1.32 0.00484972
-0.24 1.38 0.00433382
-0.24 1.44 0.00381956
-0.24 1.5 0.00332004
-0.24 1.56 0.00284623
-0.24 1.62 0.00240645
-0.24 1.68 0.00200667
-0.24 1.74 0.00165032
-0.24 1.8 0.00133858
-0.24 1.86 0.00107081
-0.24 1.92 0.000844831
-0.24 1.98 0.000657375
-0.24 2.04 0.000504481
-0.24 2.1 0.000381831
-0.24 2.16 0.000285021
-0.24 2.22 0.000209836
-0.24 2.28 0.000152361
-0.24 2.34 0.000109105
-0.24 2.4 7.70579e-05
-0.24 2.46 5.36753e-05
-0.24 2.52 3.6874e-05
-0.18 -0.54 0.000216327
-0.18 -0.48 0.000296896
-0.18 -0.42 0.000401875
-0.18 -0.36 0.000536493
-0.18 -0.3 0.000706359
-0.18 -0.24 0.000917223
-0.18 -0.18 0.00117467
-0.18 -0.12 0.00148371
-0.18 -0.06 0.00184828
-0.18 9.71445e-15 0.00227074
-0.18 0.06 0.00275151
-0.18 0.12 0.00328817
-0.18 0.18 0.00387552
-0.18 0.24 0.00450499
-0.18 0.3 0.00516472
-0.18 0.36 0.0058397
-0.18 0.42 0.00651205
-0.18 0.48 0.00716205
-0.18 0.54 0.00776866
-0.18 0.6 0.00831082
-0.18 0.66 0.00876864
-0.18 0.72 0.00912441
-0.18 0.78 0.00936422
-0.18 0.84 0.00947815
-0.18 0.9 0.00946171
-0.18 0.96 0.00931539
-0.18 1.02 0.00904522
-0.18 1.08 0.00866222
-0.18 1.14 0.00818147
-0.18 1.2 0.00762107
-0.18 1.26 0.00700155
-0.18 1.32 0.00634397
-0.18 1.38 0.00566911
-0.18 1.44 0.0049964
-0.18 1.5 0.00434299
-0.18 1.56 0.00372318
-0.18 1.62 0.00314791
-0.18 1.68 0.00262494
-0.18 1.74 0.0021588
-0.18 1.8 0.00175101
-0.18 1.86 0.00140074
-0.18 1.92 0.00110513
-0.18 1.98 0.000859917
-0.18 2.04 0.000659917
-0.18 2.1 0.000499476
-0.18 2.16 0.00037284
-0.18 2.22 0.000274488
-0.18 2.28 0.000199304
-0.18 2.34 0.000142722
-0.18 2.4 0.0001008
-0.18 2.46 7.02133e-05
-0.18 2.52 4.82353e-05
-0.12 -0.6 0.000200554
-0.12 -0.54 0.00027909
-0.12 -0.48 0.000383033
-0.12 -0.42 0.000518471
-0.12 -0.36 0.000692146
-0.12 -0.3 0.000911294
-0.12 -0.24 0.00118333
-0.12 -0.18 0.00151549
-0.12 -0.12 0.00191417
-0.12 -0.06 0.00238452
-0.12 9.71445e-15 0.00292957
-0.12 0.06 0.00354978
-0.12 0.12 0.00424216
-0.12 0.18 0.00499988
-0.12 0.24 0.00581199
-0.12 0.3 0.00666317
-0.12 0.36 0.00753395
-0.12 0.42 0.00840136
-0.12 0.48 0.00923996
-0.12 0.54 0.0100226
-0.12 0.6 0.010722
-0.12 0.66 0.0113126
-0.12 0.72 0.0117716
-0.12 0.78 0.012081
-0.12 0.84 0.0122281
-0.12 0.9 0.0122068
-0.12 0.96 0.012018
-0.12 1.02 0.0116695
-0.12 1.08 0.0111753
-0.12 1.14 0.0105551
-0.12 1.2 0.00983219
-0.12 1.26 0.00903289
-0.12 1.32 0.00818454
-0.12 1.38 0.00731389
-0.12 1.44 0.00644598
-0.12 1.5 0.00560305
-0.12 1.56 0.00480337
-0.12 1.62 0.00406122
-0.12 1.68 0.0033865
-0.12 1.74 0.00278513
-0.12 1.8 0.00225903
-0.12 1.86 0.00180713
-0.12 1.92 0.00142576
-0.12 1.98 0.0011094
-0.12 2.04 0.000851382
-0.12 2.1 0.000644387
-0.12 2.16 0.000481013
-0.12 2.22 0.000354125
-0.12 2.28 0.000257128
-0.12 2.34 0.000184131
-0.12 2.4 0.000130046
-0.12 2.46 9.05844e-05
-0.12 2.52 6.22298e-05
-0.06 -0.6 0.000255186
-0.06 -0.54 0.00035511
-0.06 -0.48 0.00048737
-0.06 -0.42 0.000659696
-0.06 -0.36 0.00088068
-0.06 -0.3 0.00115952
-0.06 -0.24 0.00150568
-0.06 -0.18 0.0019283
-0.06 -0.12 0.00243558
-0.06 -0.06 0.00303402
-0.06 9.71445e-15 0.00372761
-0.06 0.06 0.00451674
-0.06 0.12 0.00539773
-0.06 0.18 0.00636186
-0.06 0.24 0.00739516
-0.06 0.3 0.00847816
-0.06 0.36 0.00958606
-0.06 0.42 0.0106899
-0.06 0.48 0.0117569
-0.06 0.54 0.0127528
-0.06 0.6 0.0136426
-0.06 0.66 0.0143942
-0.06 0.72 0.0149783
-0.06 0.78 0.0153718
-0.06 0.84 0.0155589
-0.06 0.9 0.0155318
-0.06 0.96 0.0152915
-0.06 1.02 0.0148483
-0.06 1.08 0.0142196
-0.06 1.14 0.0134301
-0.06 1.2 0.0125104
-0.06 1.26 0.0114933
-0.06 1.32 0.0104139
-0.06 1.38 0.00930609
-0.06 1.44 0.00820188
-0.06 1.5 0.00712931
-0.06 1.56 0.00611174
-0.06 1.62 0.00516745
-0.06 1.68 0.00430902
-0.06 1.74 0.00354375
-0.06 1.8 0.00287437
-0.06 1.86 0.00229936
-0.06 1.92 0.00181411
-0.06 1.98 0.0014116
-0.06 2.04 0.00108329
-0.06 2.1 0.000819905
-0.06 2.16 0.000612038
-0.06 2.22 0.000450588
-0.06 2.28 0.000327166
-0.06 2.34 0.000234288
-0.06 2.4 0.000165468
-0.06 2.46 0.000115259
-0.06 2.52 7.91805e-05
-0.06 2.58 5.36481e-05
9.71445e-15 -0.66 0.00022696
9.71445e-15 -0.6 0.000320236
9.71445e-15 -0.54 0.000445629
9.71445e-15 -0.48 0.000611605
9.71445e-15 -0.42 0.000827853
9.71445e-15 -0.36 0.00110516
9.71445e-15 -0.3 0.0014551
9.71445e-15 -0.24 0.00188949
9.71445e-15 -0.18 0.00241981
9.71445e-15 -0.12 0.00305641
9.71445e-15 -0.06 0.00380742
9.71445e-15 9.71445e-15 0.00467778
9.71445e-15 0.06 0.00566808
9.71445e-15 0.12 0.00677365
9.71445e-15 0.18 0.00798359
9.71445e-15 0.24 0.00928027
9.71445e-15 0.3 0.0106392
9.71445e-15 0.36 0.0120297
9.71445e-15 0.42 0.0134148
9.71445e-15 0.48 0.0147539
9.71445e-15 0.54 0.0160033
9.71445e-15 0.6 0.0171203
9.71445e-15 0.66 0.0180633
9.71445e-15 0.72 0.0187964
9.71445e-15 0.78 0.0192903
9.71445e-15 0.84 0.019525
9.71445e-15 0.9 0.019491
9.71445e-15 0.96 0.0191897
9.71445e-15 1.02 0.0186331
9.71445e-15 1.08 0.0178442
9.71445e-15 1.14 0.0168537
9.71445e-15 1.2 0.0156994
9.71445e-15 1.26 0.0144231
9.71445e-15 1.32 0.0130684
9.71445e-15 1.38 0.0116783
9.71445e-15 1.44 0.0102926
9.71445e-15 1.5 0.00894648
9.71445e-15 1.56 0.00766967
9.71445e-15 1.62 0.00648464
9.71445e-15 1.68 0.00540742
9.71445e-15 1.74 0.0044471
9.71445e-15 1.8 0.00360708
9.71445e-15 1.86 0.00288551
9.71445e-15 1.92 0.00227655
9.71445e-15 1.98 0.00177142
9.71445e-15 2.04 0.00135941
9.71445e-15 2.1 0.00102891
9.71445e-15 2.16 0.00076805
9.71445e-15 2.22 0.000565448
9.71445e-15 2.28 0.000410563
9.71445e-15 2.34 0.000294008
9.71445e-15 2.4 0.000207647
9.71445e-15 2.46 0.000144637
9.71445e-15 2.52 9.9364e-05
9.71445e-15 2.58 6.73233e-05
0.06 -0.72 0.000196346
0.06 -0.66 0.000280901
0.06 -0.6 0.000396337
0.06 -0.54 0.000551538
0.06 -0.48 0.000756954
0.06 -0.42 0.00102461
0.06 -0.36 0.00136782
0.06 -0.3 0.0018009
0.06 -0.24 0.00233852
0.06 -0.18 0.00299492
0.06 -0.12 0.00378279
0.06 -0.06 0.0047123
0.06 9.71445e-15 0.00578946
0.06 0.06 0.00701514
0.06 0.12 0.00838338
0.06 0.18 0.00988083
0.06 0.24 0.0114858
0.06 0.3 0.0131678
0.06 0.36 0.0148886
0.06 0.42 0.0166029
0.06 0.48 0.01826
0.06 0.54 0.0198068
0.06 0.6 0.021189
0.06 0.66 0.0223561
0.06 0.72 0.0232632
0.06 0.78 0.0238746
0.06 0.84 0.0241653
0.06 0.9 0.0241232
0.06 0.96 0.02375
0.06 1.02 0.0230614
0.06 1.08 0.0220849
0.06 1.14 0.020859
0.06 1.2 0.0194304
0.06 1.26 0.0178509
0.06 1.32 0.0161743
0.06 1.38 0.0144537
0.06 1.44 0.0127386
0.06 1.5 0.0110728
0.06 1.56 0.00949243
0.06 1.62 0.00802583
0.06 1.68 0.00669246
0.06 1.74 0.00550397
0.06 1.8 0.00446429
0.06 1.86 0.00357125
0.06 1.92 0.00281758
0.06 1.98 0.00219241
0.06 2.04 0.00168251
0.06 2.1 0.00127344
0.06 2.16 0.000950585
0.06 2.22 0.000699821
0.06 2.28 0.000508138
0.06 2.34 0.00036388
0.06 2.4 0.000256997
0.06 2.46 0.000179014
0.06 2.52 0.000122979
0.06 2.58 8.33225e-05
0.12 -0.72 0.000239668
0.12 -0.66 0.000342875
0.12 -0.6 0.000483793
0.12 -0.54 0.00067323
0.12 -0.48 0.000923977
0.12 -0.42 0.00125067
0.12 -0.36 0.00166962
0.12 -0.3 0.00219827
0.12 -0.24 0.00285452
0.12 -0.18 0.00365571
0.12 -0.12 0.00461744
0.12 -0.06 0.00575202
0.12 9.71445e-15 0.00706687
0.12 0.06 0.00856295
0.12 0.12 0.0102332
0.12 0.18 0.0120611
0.12 0.24 0.01402
0.12 0.3 0.0160731
0.12 0.36 0.0181737
0.12 0.42 0.0202663
0.12 0.48 0.0222893
0.12 0.54 0.0241768
0.12 0.6 0.0258643
0.12 0.66 0.0272889
0.12 0.72 0.0283964
0.12 0.78 0.0291425
0.12 0.84 0.029497
0.12 0.9 0.0294458
0.12 0.96 0.0289905
0.12 1.02 0.0281498
0.12 1.08 0.0269578
0.12 1.14 0.0254615
0.12 1.2 0.0237177
0.12 1.26 0.0217896
0.12 1.32 0.0197429
0.12 1.38 0.0176429
0.12 1.44 0.0155494
0.12 1.5 0.0135158
0.12 1.56 0.0115868
0.12 1.62 0.00979661
0.12 1.68 0.00816918
0.12 1.74 0.00671839
0.12 1.8 0.00544936
0.12 1.86 0.00435925
0.12 1.92 0.00343927
0.12 1.98 0.00267614
0.12 2.04 0.00205371
0.12 2.1 0.00155442
0.12 2.16 0.00116032
0.12 2.22 0.000854243
0.12 2.28 0.000620253
0.12 2.34 0.00044417
0.12 2.4 0.000313701
0.12 2.46 0.00021851
0.12 2.52 0.000150113
0.12 2.58 0.000101708
0.12 2.64 6.79633e-05
0.18 -0.72 0.000288529
0.18 -0.66 0.000412779
0.18 -0.6 0.000582418
0.18 -0.54 0.000810479
0.18 -0.48 0.00111233
0.18 -0.42 0.00150564
0.18 -0.36 0.00200999
0.18 -0.3 0.00264642
0.18 -0.24 0.00343646
0.18 -0.18 0.00440099
0.18 -0.12 0.00555881
0.18 -0.06 0.00692462
0.18 9.71445e-15 0.0085076
0.18 0.06 0.0103087
0.18 0.12 0.0123194
0.18 0.18 0.0145198
0.18 0.24 0.0168782
0.18 0.3 0.0193499
0.18 0.36 0.0218786
0.18 0.42 0.0243978
0.18 0.48 0.026833
0.18 0.54 0.0291059
0.18 0.6 0.031137
0.18 0.66 0.0328524
0.18 0.72 0.0341854
0.18 0.78 0.0350836
0.18 0.84 0.0355106
0.18 0.9 0.0354485
0.18 0.96 0.0349005
0.18 1.02 0.0338884
0.18 1.08 0.0324538
0.18 1.14 0.0306522
0.18 1.2 0.0285527
0.18 1.26 0.0262314
0.18 1.32 0.0237678
0.18 1.38 0.0212396
0.18 1.44 0.0187194
0.18 1.5 0.0162714
0.18 1.56 0.0139491
0.18 1.62 0.0117938
0.18 1.68 0.0098346
0.18 1.74 0.00808807
0.18 1.8 0.00656026
0.18 1.86 0.00524789
0.18 1.92 0.00414042
0.18 1.98 0.00322174
0.18 2.04 0.00247243
0.18 2.1 0.00187131
0.18 2.16 0.00139687
0.18 2.22 0.00102839
0.18 2.28 0.000746701
0.18 2.34 0.000534718
0.18 2.4 0.000377652
0.18 2.46 0.000263057
0.18 2.52 0.000180716
0.18 2.58 0.000122443
0.18 2.64 8.18195e-05
0.24 -0.78 0.000236166
0.24 -0.72 0.000342574
0.24 -0.66 0.000490103
0.24 -0.6 0.000691514
0.24 -0.54 0.000962293
0.24 -0.48 0.0013207
0.24 -0.42 0.00178768
0.24 -0.36 0.0023865
0.24 -0.3 0.00314211
0.24 -0.24 0.00408014
0.24 -0.18 0.00522537
0.24 -0.12 0.00660005
0.24 -0.06 0.0082218
0.24 9.71445e-15 0.0101012
0.24 0.06 0.0122397
0.24 0.12 0.0146269
0.24 0.18 0.0172397
0.24 0.24 0.0200399
0.24 0.3 0.0229746
0.24 0.36 0.0259769
0.24 0.42 0.0289681
0.24 0.48 0.0318592
0.24 0.54 0.034558
0.24 0.6 0.0369697
0.24 0.66 0.039006
0.24 0.72 0.0405887
0.24 0.78 0.0416555
0.24 0.84 0.0421626
0.24 0.9 0.0420891
0.24 0.96 0.0414381
0.24 1.02 0.0402365
0.24 1.08 0.0385327
0.24 1.14 0.0363938
0.24 1.2 0.0339011
0.24 1.26 0.0311454
0.24 1.32 0.0282202
0.24 1.38 0.025218
0.24 1.44 0.0222258
0.24 1.5 0.0193193
0.24 1.56 0.0165619
0.24 1.62 0.0140031
0.24 1.68 0.0116767
0.24 1.74 0.00960307
0.24 1.8 0.00778903
0.24 1.86 0.00623094
0.24 1.92 0.00491598
0.24 1.98 0.00382523
0.24 2.04 0.00293557
0.24 2.1 0.00222183
0.24 2.16 0.00165854
0.24 2.22 0.00122102
0.24 2.28 0.000886573
0.24 2.34 0.000634879
0.24 2.4 0.000448397
0.24 2.46 0.000312334
0.24 2.52 0.000214566
0.24 2.58 0.000145377
0.24 2.64 9.71456e-05
0.3 -0.78 0.000276549
0.3 -0.72 0.000401152
0.3 -0.66 0.000573909
0.3 -0.6 0.000809762
0.3 -0.54 0.00112684
0.3 -0.48 0.00154654
0.3 -0.42 0.00209337
0.3 -0.36 0.00279458
0.3 -0.3 0.0036794
0.3 -0.24 0.00477783
0.3 -0.18 0.00611888
0.3 -0.12 0.00772859
0.3 -0.06 0.00962772
0.3 9.71445e-15 0.0118285
0.3 0.06 0.0143326
0.3 0.12 0.0171281
0.3 0.18 0.0201877
0.3 0.24 0.0234667
0.3 0.3 0.0269032
0.3 0.36 0.030419
0.3 0.42 0.0339216
0.3 0.48 0.0373073
0.3 0.54 0.0404672
0.3 0.6 0.0432915
0.3 0.66 0.0456757
0.3 0.72 0.0475293
0.3 0.78 0.0487785
0.3 0.84 0.0493723
0.3 0.9 0.0492862
0.3 0.96 0.0485239
0.3 1.02 0.0471171
0.3 1.08 0.0451215
0.3 1.14 0.0426171
0.3 1.2 0.0396982
0.3 1.26 0.0364713
0.3 1.32 0.0330457
0.3 1.38 0.0295302
0.3 1.44 0.0260261
0.3 1.5 0.0226227
0.3 1.56 0.0193939
0.3 1.62 0.0163976
0.3 1.68 0.0136734
0.3 1.74 0.0112451
0.3 1.8 0.009121
0.3 1.86 0.00729645
0.3 1.92 0.00575659
0.3 1.98 0.00447931
0.3 2.04 0.00343753
0.3 2.1 0.00260176
0.3 2.16 0.00194215
0.3 2.22 0.00142981
0.3 2.28 0.00103818
0.3 2.34 0.000743446
0.3 2.4 0.000525073
0.3 2.46 0.000365742
0.3 2.52 0.000251256
0.3 2.58 0.000170235
0.3 2.64 0.000113757
0.36 -0.84 0.000217152
0.36 -0.78 0.000319386
0.36 -0.72 0.00046329
0.36 -0.66 0.000662808
0.36 -0.6 0.000935197
0.36 -0.54 0.00130139
0.36 -0.48 0.0017861
0.36 -0.42 0.00241764
0.36 -0.36 0.00322746
0.36 -0.3 0.00424935
0.36 -0.24 0.00551794
0.36 -0.18 0.00706672
0.36 -0.12 0.00892576
0.36 -0.06 0.0111191
0.36 9.71445e-15 0.0136608
0.36 0.06 0.0165528
0.36 0.12 0.0197813
0.36 0.18 0.0233148
0.36 0.24 0.0271017
0.36 0.3 0.0310706
0.36 0.36 0.0351309
0.36 0.42 0.0391761
0.36 0.48 0.0430863
0.36 0.54 0.0467355
0.36 0.6 0.0499974
0.36 0.66 0.0527509
0.36 0.72 0.0548918
0.36 0.78 0.0563344
0.36 0.84 0.0570202
0.36 0.9 0.0569207
0.36 0.96 0.0560403
0.36 1.02 0.0544156
0.36 1.08 0.052111
0.36 1.14 0.0492185
0.36 1.2 0.0458476
0.36 1.26 0.0421207
0.36 1.32 0.0381645
0.36 1.38 0.0341044
0.36 1.44 0.0300577
0.36 1.5 0.026127
0.36 1.56 0.022398
0.36 1.62 0.0189376
0.36 1.68 0.0157915
0.36 1.74 0.012987
0.36 1.8 0.0105339
0.36 1.86 0.00842667
0.36 1.92 0.00664829
0.36 1.98 0.00517316
0.36 2.04 0.00397001
0.36 2.1 0.00300477
0.36 2.16 0.00224299
0.36 2.22 0.00165129
0.36 2.28 0.00119899
0.36 2.34 0.000858608
0.36 2.4 0.000606407
0.36 2.46 0.000422395
0.36 2.52 0.000290175
0.36 2.58 0.000196606
0.36 2.64 0.000131378
0.42 -0.84 0.000247343
0.42 -0.78 0.00036379
0.42 -0.72 0.000527702
0.42 -0.66 0.000754956
0.42 -0.6 0.00106522
0.42 -0.54 0.00148232
0.42 -0.48 0.00203441
0.42 -0.42 0.00275375
0.42 -0.36 0.00367616
0.42 -0.3 0.00484012
0.42 -0.24 0.00628508
0.42 -0.18 0.00804915
0.42 -0.12 0.0101667
0.42 -0.06 0.0126649
0.42 9.71445e-15 0.01556
0.42 0.06 0.0188541
0.42 0.12 0.0225314
0.42 0.18 0.0265562
0.42 0.24 0.0308696
0.42 0.3 0.0353902
0.42 0.36 0.0400149
0.42 0.42 0.0446227
0.42 0.48 0.0490761
0.42 0.54 0.0532331
0.42 0.6 0.0569485
0.42 0.66 0.060085
0.42 0.72 0.0625233
0.42 0.78 0.0641666
0.42 0.84 0.0649476
0.42 0.9 0.0648341
0.42 0.96 0.0638317
0.42 1.02 0.0619806
0.42 1.08 0.0593558
0.42 1.14 0.0560613
0.42 1.2 0.0522213
0.42 1.26 0.0479765
0.42 1.32 0.0434703
0.42 1.38 0.0388459
0.42 1.44 0.0342366
0.42 1.5 0.0297594
0.42 1.56 0.0255121
0.42 1.62 0.0215705
0.42 1.68 0.0179869
0.42 1.74 0.0147926
0.42 1.8 0.0119983
0.42 1.86 0.00959819
0.42 1.92 0.00757262
0.42 1.98 0.0058924
0.42 2.04 0.00452195
0.42 2.1 0.00342252
0.42 2.16 0.00255483
0.42 2.22 0.00188087
0.42 2.28 0.00136568
0.42 2.34 0.000977974
0.42 2.4 0.000690713
0.42 2.46 0.000481119
0.42 2.52 0.000330517
0.42 2.58 0.00022394
0.42 2.64 0.000149643
0.48 -0.84 0.000277859
0.48 -0.78 0.00040867
0.48 -0.72 0.00059281
0.48 -0.66 0.000848092
0.48 -0.6 0.00119663
0.48 -0.54 0.00166521
0.48 -0.48 0.00228539
0.48 -0.42 0.00309347
0.48 -0.36 0.00412972
0.48 -0.3 0.00543729
0.48 -0.24 0.00706048
0.48 -0.18 0.00904216
0.48 -0.12 0.0114211
0.48 -0.06 0.0142273
0.48 9.71445e-15 0.0174795
0.48 0.06 0.0211802
0.48 0.12 0.0253112
0.48 0.18 0.0298325
0.48 0.24 0.034678
0.48 0.3 0.0397561
0.48 0.36 0.0449518
0.48 0.42 0.0501277
0.48 0.48 0.0551308
0.48 0.54 0.0598004
0.48 0.6 0.063974
0.48 0.66 0.067498
0.48 0.72 0.0702367
0.48 0.78 0.0720827
0.48 0.84 0.0729599
0.48 0.9 0.0728326
0.48 0.96 0.0717067
0.48 1.02 0.0696265
0.48 1.08 0.0666789
0.48 1.14 0.062978
0.48 1.2 0.0586641
0.48 1.26 0.0538952
0.48 1.32 0.0488334
0.48 1.38 0.0436388
0.48 1.44 0.0384606
0.48 1.5 0.0334308
0.48 1.56 0.0286597
0.48 1.62 0.0242315
0.48 1.68 0.0202059
0.48 1.74 0.0166177
0.48 1.8 0.0134786
0.48 1.86 0.0107824
0.48 1.92 0.0085069
0.48 1.98 0.00661936
0.48 2.04 0.00507981
0.48 2.1 0.00384479
0.48 2.16 0.00287
0.48 2.22 0.00211291
0.48 2.28 0.00153417
0.48 2.34 0.00109862
0.48 2.4 0.000775921
0.48 2.46 0.000540474
0.48 2.52 0.000371297
0.48 2.58 0.000251569
0.48 2.64 0.000168104
0.48 2.7 0.000110789
0.54 -0.9 0.000206432
0.54 -0.84 0.000307847
0.54 -0.78 0.000452781
0.54 -0.72 0.000656792
0.54 -0.66 0.000939624
0.54 -0.6 0.00132578
0.54 -0.54 0.00184494
0.54 -0.48 0.00253206
0.54 -0.42 0.00342736
0.54 -0.36 0.00457546
0.54 -0.3 0.00602417
0.54 -0.24 0.0078225
0.54 -0.18 0.0100182
0.54 -0.12 0.0126537
0.54 -0.06 0.0157629
0.54 9.71445e-15 0.0193661
0.54 0.06 0.0234659
0.54 0.12 0.0280431
0.54 0.18 0.033052
0.54 0.24 0.0384202
0.54 0.3 0.044047
0.54 0.36 0.0498033
0.54 0.42 0.0555372
0.54 0.48 0.0610815
0.54 0.54 0.066255
0.54 0.6 0.0708776
0.54 0.66 0.0747827
0.54 0.72 0.0778173
0.54 0.78 0.0798614
0.54 0.84 0.0808338
0.54 0.9 0.0806935
0.54 0.96 0.0794451
0.54 1.02 0.0771419
0.54 1.08 0.0738753
0.54 1.14 0.0697748
0.54 1.2 0.0649963
0.54 1.26 0.059712
0.54 1.32 0.0541042
0.54 1.38 0.0483488
0.54 1.44 0.0426116
0.54 1.5 0.0370392
0.54 1.56 0.0317529
0.54 1.62 0.0268467
0.54 1.68 0.0223867
0.54 1.74 0.0184112
0.54 1.8 0.0149335
0.54 1.86 0.011946
0.54 1.92 0.009425
0.54 1.98 0.00733373
0.54 2.04 0.00562808
0.54 2.1 0.00425974
0.54 2.16 0.00317973
0.54 2.22 0.00234097
0.54 2.28 0.00169975
0.54 2.34 0.00121721
0.54 2.4 0.000859667
0.54 2.46 0.000598811
0.54 2.52 0.000411373
0.54 2.58 0.000278721
0.54 2.64 0.000186249
0.54 2.7 0.000122746
0.6 -0.9 0.000225565
0.6 -0.84 0.000336385
0.6 -0.78 0.000494751
0.6 -0.72 0.000717667
0.6 -0.66 0.00102673
0.6 -0.6 0.00144869
0.6 -0.54 0.00201593
0.6 -0.48 0.00276678
0.6 -0.42 0.00374506
0.6 -0.36 0.00499954
0.6 -0.3 0.00658256
0.6 -0.24 0.0085477
0.6 -0.18 0.0109468
0.6 -0.12 0.0138266
0.6 -0.06 0.0172241
0.6 9.71445e-15 0.0211615
0.6 0.06 0.0256414
0.6 0.12 0.0306427
0.6 0.18 0.0361163
0.6 0.24 0.0419823
0.6 0.3 0.0481302
0.6 0.36 0.0544198
0.6 0.42 0.0606865
0.6 0.48 0.0667434
0.6 0.54 0.0723964
0.6 0.6 0.0774494
0.6 0.66 0.0817149
0.6 0.72 0.0850315
0.6 0.78 0.087266
0.6 0.84 0.0883279
0.6 0.9 0.0881735
0.6 0.96 0.0868105
0.6 1.02 0.0842932
0.6 1.08 0.0807238
0.6 1.14 0.0762428
0.6 1.2 0.0710208
0.6 1.26 0.0652475
0.6 1.32 0.0591189
0.6 1.38 0.0528301
0.6 1.44 0.0465616
0.6 1.5 0.0404725
0.6 1.56 0.034696
0.6 1.62 0.0293356
0.6 1.68 0.0244622
0.6 1.74 0.0201178
0.6 1.8 0.0163177
0.6 1.86 0.0130535
0.6 1.92 0.0102987
0.6 1.98 0.00801357
0.6 2.04 0.00614978
0.6 2.1 0.00465459
0.6 2.16 0.00347454
0.6 2.22 0.00255798
0.6 2.28 0.0018573
0.6 2.34 0.00133004
0.6 2.4 0.000939361
0.6 2.46 0.000654313
0.6 2.52 0.000449501
0.6 2.58 0.000304558
0.6 2.64 0.000203513
0.6 2.7 0.000134123
0.66 -0.9 0.00024309
0.66 -0.84 0.000362515
0.66 -0.78 0.000533186
0.66 -0.72 0.000773427
0.66 -0.66 0.00110649
0.66 -0.6 0.0015612
0.66 -0.54 0.00217256
0.66 -0.48 0.0029817
0.66 -0.42 0.00403601
0.66 -0.36 0.00538798
0.66 -0.3 0.00709394
0.66 -0.24 0.00921161
0.66 -0.18 0.0117972
0.66 -0.12 0.0149008
0.66 -0.06 0.0185621
0.66 9.71445e-15 0.0228051
0.66 0.06 0.0276331
0.66 0.12 0.0330229
0.66 0.18 0.0389213
0.66 0.24 0.0452431
0.66 0.3 0.0518691
0.66 0.36 0.0586477
0.66 0.42 0.0653999
0.66 0.48 0.0719282
0.66 0.54 0.0780206
0.66 0.6 0.0834645
0.66 0.66 0.0880628
0.66 0.72 0.0916359
0.66 0.78 0.0940437
0.66 0.84 0.0951888
0.66 0.9 0.0950234
0.66 0.96 0.0935534
0.66 1.02 0.0908405
0.66 1.08 0.086994
0.66 1.14 0.0821658
0.66 1.2 0.0765383
0.66 1.26 0.0703161
0.66 1.32 0.0637122
0.66 1.38 0.0569347
0.66 1.44 0.0501785
0.66 1.5 0.0436167
0.66 1.56 0.0373916
0.66 1.62 0.0316143
0.66 1.68 0.0263621
0.66 1.74 0.0216807
0.66 1.8 0.0175853
0.66 1.86 0.0140675
0.66 1.92 0.0110987
0.66 1.98 0.00863607
0.66 2.04 0.00662754
0.66 2.1 0.0050162
0.66 2.16 0.00374441
0.66 2.22 0.00275667
0.66 2.28 0.0020016
0.66 2.34 0.00143336
0.66 2.4 0.00101233
0.66 2.46 0.00070515
0.66 2.52 0.000484425
0.66 2.58 0.000328216
0.66 2.64 0.000219323
0.66 2.7 0.000144543
0.72 -0.9 0.000258371
0.72 -0.84 0.000385305
0.72 -0.78 0.000566699
0.72 -0.72 0.000822044
0.72 -0.66 0.00117605
0.72 -0.6 0.00165938
0.72 -0.54 0.00230912
0.72 -0.48 0.00316916
0.72 -0.42 0.00428971
0.72 -0.36 0.00572663
0.72 -0.3 0.0075399
0.72 -0.24 0.00979079
0.72 -0.18 0.0125387
0.72 -0.12 0.0158375
0.72 -0.06 0.019729
0.72 9.71445e-15 0.0242389
0.72 0.06 0.0293705
0.72 0.12 0.0350991
0.72 0.18 0.0413688
0.72 0.24 0.0480879
0.72 0.3 0.0551297
0.72 0.36 0.0623346
0.72 0.42 0.0695121
0.72 0.48 0.0764504
0.72 0.54 0.0829245
0.72 0.6 0.0887129
0.72 0.66 0.0935988
0.72 0.72 0.0973978
0.72 0.78 0.0999572
0.72 0.84 0.101173
0.72 0.9 0.100997
0.72 0.96 0.0994357
0.72 1.02 0.0965515
0.72 1.08 0.0924634
0.72 1.14 0.0873314
0.72 1.2 0.0813496
0.72 1.26 0.0747366
0.72 1.32 0.067717
0.72 1.38 0.0605134
0.72 1.44 0.0533331
0.72 1.5 0.0463581
0.72 1.56 0.0397422
0.72 1.62 0.0336017
0.72 1.68 0.0280197
0.72 1.74 0.0230437
0.72 1.8 0.0186909
0.72 1.86 0.0149519
0.72 1.92 0.0117965
0.72 1.98 0.00917902
0.72 2.04 0.00704413
0.72 2.1 0.00533155
0.72 2.16 0.00397983
0.72 2.22 0.00292999
0.72 2.28 0.00212743
0.72 2.34 0.00152346
0.72 2.4 0.00107597
0.72 2.46 0.000749471
0.72 2.52 0.000514875
0.72 2.58 0.00034885
0.72 2.64 0.000233109
0.72 2.7 0.00015363
0.78 -0.9 0.00027084
0.78 -0.84 0.000403902
0.78 -0.78 0.000594054
0.78 -0.72 0.000861714
0.78 -0.66 0.0012328
0.78 -0.6 0.00173945
0.78 -0.54 0.00242056
0.78 -0.48 0.00332209
0.78 -0.42 0.0044967
0.78 -0.36 0.00600302
0.78 -0.3 0.00790375
0.78 -0.24 0.0102633
0.78 -0.18 0.013144
0.78 -0.12 0.0166018
0.78 -0.06 0.020681
0.78 9.71445e-15 0.0254088
0.78 0.06 0.0307877
0.78 0.12 0.036793
0.78 0.18 0.043365
0.78 0.24 0.0504082
0.78 0.3 0.05779
0.78 0.36 0.0653417
0.78 0.42 0.0728664
0.78 0.48 0.0801392
0.78 0.54 0.0869273
0.78 0.6 0.0929937
0.78 0.66 0.0981162
0.78 0.72 0.102098
0.78 0.78 0.10478
0.78 0.84 0.106055
0.78 0.9 0.10587
0.78 0.96 0.104233
0.78 1.02 0.101211
0.78 1.08 0.096926
0.78 1.14 0.0915446
0.78 1.2 0.0852754
0.78 1.26 0.0783428
0.78 1.32 0.0709846
0.78 1.38 0.0634338
0.78 1.44 0.0559071
0.78 1.5 0.0485959
0.78 1.56 0.0416599
0.78 1.62 0.0352232
0.78 1.68 0.0293719
0.78 1.74 0.0241556
0.78 1.8 0.0195928
0.78 1.86 0.0156733
0.78 1.92 0.0123656
0.78 1.98 0.00962198
0.78 2.04 0.0073841
0.78 2.1 0.00558878
0.78 2.16 0.00417189
0.78 2.22 0.00307139
0.78 2.28 0.00223007
0.78 2.34 0.00159699
0.78 2.4 0.00112789
0.78 2.46 0.000785642
0.78 2.52 0.000539722
0.78 2.58 0.000365686
0.78 2.64 0.000244361
0.78 2.7 0.000161043
0.84 -0.96 0.000185181
0.84 -0.9 0.000280007
0.84 -0.84 0.000417573
0.84 -0.78 0.000614164
0.84 -0.72 0.000890881
0.84 -0.66 0.00127453
0.84 -0.6 0.00179831
0.84 -0.54 0.0025025
0.84 -0.48 0.00343454
0.84 -0.42 0.00464895
0.84 -0.36 0.00620624
0.84 -0.3 0.00817125
0.84 -0.24 0.0106107
0.84 -0.18 0.0135889
0.84 -0.12 0.0171638
0.84 -0.06 0.0213811
0.84 9.71445e-15 0.0262688
0.84 0.06 0.0318299
0.84 0.12 0.0380383
0.84 0.18 0.0448325
0.84 0.24 0.0521145
0.84 0.3 0.0597466
0.84 0.36 0.0675541
0.84 0.42 0.0753326
0.84 0.48 0.0828517
0.84 0.54 0.08987
0.84 0.6 0.0961409
0.84 0.66 0.101437
0.84 0.72 0.105553
0.84 0.78 0.108327
0.84 0.84 0.109646
0.84 0.9 0.109454
0.84 0.96 0.107761
0.84 1.02 0.104637
0.84 1.08 0.100207
0.84 1.14 0.0946435
0.84 1.2 0.0881621
0.84 1.26 0.0809947
0.84 1.32 0.0733879
0.84 1.38 0.065581
0.84 1.44 0.0577994
0.84 1.5 0.0502409
0.84 1.56 0.04307
0.84 1.62 0.0364156
0.84 1.68 0.030366
0.84 1.74 0.0249732
0.84 1.8 0.0202559
0.84 1.86 0.0162038
0.84 1.92 0.0127842
0.84 1.98 0.00994769
0.84 2.04 0.00763408
0.84 2.1 0.00577797
0.84 2.16 0.00431309
0.84 2.22 0.00317533
0.84 2.28 0.00230558
0.84 2.34 0.00165105
0.84 2.4 0.00116607
0.84 2.46 0.00081224
0.84 2.52 0.000557993
0.84 2.58 0.000378063
0.84 2.64 0.000252633
0.84 2.7 0.000166494
0.9 -0.96 0.000188818
0.9 -0.9 0.000285505
0.9 -0.84 0.000425773
0.9 -0.78 0.000626224
0.9 -0.72 0.000908377
0.9 -0.66 0.00129956
0.9 -0.6 0.00183362
0.9 -0.54 0.00255164
0.9 -0.48 0.00350197
0.9 -0.42 0.00474025
0.9 -0.36 0.00632812
0.9 -0.3 0.00833171
0.9 -0.24 0.010819
0.9 -0.18 0.0138558
0.9 -0.12 0.0175008
0.9 -0.06 0.0218011
0.9 9.71445e-15 0.0267846
0.9 0.06 0.032455
0.9 0.12 0.0387852
0.9 0.18 0.0457129
0.9 0.24 0.0531381
0.9 0.3 0.06092
0.9 0.36 0.0688809
0.9 0.42 0.0768122
0.9 0.48 0.0844786
0.9 0.54 0.0916349
0.9 0.6 0.0980292
0.9 0.66 0.103429
0.9 0.72 0.107626
0.9 0.78 0.110454
0.9 0.84 0.111799
0.9 0.9 0.111604
0.9 0.96 0.109878
0.9 1.02 0.106691
0.9 1.08 0.102174
0.9 1.14 0.0965023
0.9 1.2 0.0898933
0.9 1.26 0.0825855
0.9 1.32 0.0748292
0.9 1.38 0.0668689
0.9 1.44 0.0589344
0.9 1.5 0.0512275
0.9 1.56 0.0439158
0.9 1.62 0.0371308
0.9 1.68 0.0309623
0.9 1.74 0.0254637
0.9 1.8 0.0206537
0.9 1.86 0.016522
0.9 1.92 0.0130353
0.9 1.98 0.010143
0.9 2.04 0.00778401
0.9 2.1 0.00589145
0.9 2.16 0.0043978
0.9 2.22 0.00323768
0.9 2.28 0.00235086
0.9 2.34 0.00168347
0.9 2.4 0.00118898
0.9 2.46 0.000828192
0.9 2.52 0.000568951
0.9 2.58 0.000385487
0.9 2.64 0.000257594
0.9 2.7 0.000169764
0.96 -0.96 0.000189879
0.96 -0.9 0.000287111
0.96 -0.84 0.000428168
0.96 -0.78 0.000629745
0.96 -0.72 0.000913486
0.96 -0.66 0.00130687
0.96 -0.6 0.00184394
0.96 -0.54 0.00256598
0.96 -0.48 0.00352166
0.96 -0.42 0.0047669
0.96 -0.36 0.00636369
0.96 -0.3 0.00837857
0.96 -0.24 0.0108799
0.96 -0.18 0.0139336
0.96 -0.12 0.0175993
0.96 -0.06 0.0219236
0.96 9.71445e-15 0.0269352
0.96 0.06 0.0326376
0.96 0.12 0.0390034
0.96 0.18 0.04597
0.96 0.24 0.0534369
0.96 0.3 0.0612624
0.96 0.36 0.0692679
0.96 0.42 0.0772441
0.96 0.48 0.0849534
0.96 0.54 0.09215
0.96 0.6 0.0985804
0.96 0.66 0.104011
0.96 0.72 0.108231
0.96 0.78 0.111075
0.96 0.84 0.112428
0.96 0.9 0.112231
0.96 0.96 0.110496
0.96 1.02 0.107291
0.96 1.08 0.102749
0.96 1.14 0.0970451
0.96 1.2 0.0903986
0.96 1.26 0.0830497
0.96 1.32 0.0752498
0.96 1.38 0.0672447
0.96 1.44 0.0592659
0.96 1.5 0.0515156
0.96 1.56 0.0441629
0.96 1.62 0.0373396
0.96 1.68 0.0311364
0.96 1.74 0.0256069
0.96 1.8 0.0207698
0.96 1.86 0.0166149
0.96 1.92 0.0131086
0.96 1.98 0.0102001
0.96 2.04 0.00782777
0.96 2.1 0.00592457
0.96 2.16 0.00442253
0.96 2.22 0.0032559
0.96 2.28 0.00236407
0.96 2.34 0.00169293
0.96 2.4 0.00119566
0.96 2.46 0.000832847
0.96 2.52 0.000572148
0.96 2.58 0.000387655
0.96 2.64 0.000259042
0.96 2.7 0.000170719
1.02 -0.96 0.000188322
1.02 -0.9 0.000284758
1.02 -0.84 0.000424658
1.02 -0.78 0.000624579
1.02 -0.72 0.000905999
1.02 -0.66 0.00129615
1.02 -0.6 0.00182883
1.02 -0.54 0.00254495
1.02 -0.48 0.00349278
1.02 -0.42 0.00472777
1.02 -0.36 0.0063115
1.02 -0.3 0.00830992
1.02 -0.24 0.0107907
1.02 -0.18 0.0138193
1.02 -0.12 0.017455
1.02 -0.06 0.0217436
1.02 9.71445e-15 0.0267144
1.02 0.06 0.0323699
1.02 0.12 0.0386837
1.02 0.18 0.0455932
1.02 0.24 0.0529985
1.02 0.3 0.0607597
1.02 0.36 0.0687
1.02 0.42 0.0766104
1.02 0.48 0.0842574
1.02 0.54 0.0913941
1.02 0.6 0.0977718
1.02 0.66 0.103158
1.02 0.72 0.107344
1.02 0.78 0.110164
1.02 0.84 0.111505
1.02 0.9 0.11131
1.02 0.96 0.10959
1.02 1.02 0.106411
1.02 1.08 0.101907
1.02 1.14 0.0962495
1.02 1.2 0.0896574
1.02 1.26 0.0823679
1.02 1.32 0.0746325
1.02 1.38 0.0666937
1.02 1.44 0.0587801
1.02 1.5 0.051093
1.02 1.56 0.0438009
1.02 1.62 0.0370331
1.02 1.68 0.0308812
1.02 1.74 0.025397
1.02 1.8 0.0205996
1.02 1.86 0.0164787
1.02 1.92 0.0130012
1.02 1.98 0.0101164
1.02 2.04 0.00776355
1.02 2.1 0.00587601
1.02 2.16 0.00438623
1.02 2.22 0.00322922
1.02 2.28 0.00234468
1.02 2.34 0.00167904
1.02 2.4 0.00118584
1.02 2.46 0.000826012
1.02 2.52 0.000567459
1.02 2.58 0.000384478
1.02 2.64 0.000256917
1.08 -0.96 0.00018421
1.08 -0.9 0.000278541
1.08 -0.84 0.000415384
1.08 -0.78 0.000610941
1.08 -0.72 0.000886217
1.08 -0.66 0.00126784
1.08 -0.6 0.0017889
1.08 -0.54 0.00248939
1.08 -0.48 0.00341656
1.08 -0.42 0.00462456
1.08 -0.36 0.00617372
1.08 -0.3 0.00812851
1.08 -0.24 0.0105551
1.08 -0.18 0.0135177
1.08 -0.12 0.0170738
1.08 -0.06 0.0212691
1.08 9.71445e-15 0.0261309
1.08 0.06 0.0316629
1.08 0.12 0.0378391
1.08 0.18 0.0445979
1.08 0.24 0.0518412
1.08 0.3 0.0594329
1.08 0.36 0.0672003
1.08 0.42 0.0749377
1.08 0.48 0.0824184
1.08 0.54 0.0893983
1.08 0.6 0.0956372
1.08 0.66 0.100905
1.08 0.72 0.105001
1.08 0.78 0.107759
1.08 0.84 0.10907
1.08 0.9 0.108881
1.08 0.96 0.107197
1.08 1.02 0.104089
1.08 1.08 0.0996813
1.08 1.14 0.0941481
1.08 1.2 0.0877005
1.08 1.26 0.0805707
1.08 1.32 0.0730031
1.08 1.38 0.0652376
1.08 1.44 0.0574965
1.08 1.5 0.0499773
1.08 1.56 0.0428445
1.08 1.62 0.0362247
1.08 1.68 0.0302069
1.08 1.74 0.0248423
1.08 1.8 0.02015
1.08 1.86 0.0161191
1.08 1.92 0.0127172
1.08 1.98 0.00989549
1.08 2.04 0.00759399
1.08 2.1 0.0057477
1.08 2.16 0.00429048
1.08 2.22 0.00315871
1.08 2.28 0.00229349
1.08 2.34 0.0016424
1.08 2.4 0.00115996
1.08 2.46 0.00080798
1.08 2.52 0.000555071
1.08 2.58 0.000376082
1.08 2.64 0.000251307
1.14 -0.96 0.000177712
1.14 -0.9 0.000268711
1.14 -0.84 0.000400728
1.14 -0.78 0.000589388
1.14 -0.72 0.000854946
1.14 -0.66 0.00122313
1.14 -0.6 0.00172579
1.14 -0.54 0.00240155
1.14 -0.48 0.00329603
1.14 -0.42 0.00446145
1.14 -0.36 0.00595589
1.14 -0.3 0.00784163
1.14 -0.24 0.0101826
1.14 -0.18 0.0130407
1.14 -0.12 0.0164714
1.14 -0.06 0.0205188
1.14 9.71445e-15 0.0252092
1.14 0.06 0.0305461
1.14 0.12 0.0365038
1.14 0.18 0.0430245
1.14 0.24 0.0500128
1.14 0.3 0.0573369
1.14 0.36 0.0648297
1.14 0.42 0.0722946
1.14 0.48 0.0795102
1.14 0.54 0.0862448
1.14 0.6 0.0922639
1.14 0.66 0.0973454
1.14 0.72 0.101296
1.14 0.78 0.103958
1.14 0.84 0.105224
1.14 0.9 0.10504
1.14 0.96 0.103415
1.14 1.02 0.100417
1.14 1.08 0.0961641
1.14 1.14 0.0908266
1.14 1.2 0.0846057
1.14 1.26 0.0777285
1.14 1.32 0.0704279
1.14 1.38 0.0629355
1.14 1.44 0.0554677
1.14 1.5 0.0482142
1.14 1.56 0.0413328
1.14 1.62 0.034947
1.14 1.68 0.0291412
1.14 1.74 0.0239659
1.14 1.8 0.0194389
1.14 1.86 0.0155504
1.14 1.92 0.0122686
1.14 1.98 0.00954644
1.14 2.04 0.00732616
1.14 2.1 0.00554494
1.14 2.16 0.00413916
1.14 2.22 0.00304725
1.14 2.28 0.00221259
1.14 2.34 0.00158445
1.14 2.4 0.00111905
1.14 2.46 0.000779478
1.14 2.52 0.000535484
1.14 2.58 0.000362811
1.14 2.64 0.000242442
1.2 -0.96 0.000169087
1.2 -0.9 0.000255672
1.2 -0.84 0.00038128
1.2 -0.78 0.00056078
1.2 -0.72 0.000813458
1.2 -0.66 0.00116374
1.2 -0.6 0.00164202
1.2 -0.54 0.00228501
1.2 -0.48 0.00313603
1.2 -0.42 0.00424488
1.2 -0.36 0.00566684
1.2 -0.3 0.00746112
1.2 -0.24 0.00968846
1.2 -0.18 0.0124078
1.2 -0.12 0.015672
1.2 -0.06 0.0195227
1.2 9.71445e-15 0.0239855
1.2 0.06 0.0290634
1.2 0.12 0.0347323
1.2 0.18 0.0409361
1.2 0.24 0.0475848
1.2 0.3 0.0545532
1.2 0.36 0.0616829
1.2 0.42 0.0687847
1.2 0.48 0.0756512
1.2 0.54 0.0820583
1.2 0.6 0.0877846
1.2 0.66 0.0926211
1.2 0.72 0.0963795
1.2 0.78 0.0989113
1.2 0.84 0.100115
1.2 0.9 0.099941
1.2 0.96 0.0983954
1.2 1.02 0.0955422
1.2 1.08 0.0914972
1.2 1.14 0.0864183
1.2 1.2 0.0804998
1.2 1.26 0.0739549
1.2 1.32 0.0670095
1.2 1.38 0.0598815
1.2 1.44 0.0527759
1.2 1.5 0.0458739
1.2 1.56 0.039327
1.2 1.62 0.0332503
1.2 1.68 0.0277268
1.2 1.74 0.0228028
1.2 1.8 0.0184955
1.2 1.86 0.0147955
1.2 1.92 0.0116732
1.2 1.98 0.00908309
1.2 2.04 0.00697051
1.2 2.1 0.00527582
1.2 2.16 0.00393818
1.2 2.22 0.00289937
1.2 2.28 0.00210519
1.2 2.34 0.00150754
1.2 2.4 0.00106472
1.2 2.46 0.000741643
1.2 2.52 0.000509498
1.2 2.58 0.000345205
1.2 2.64 0.000230673
1.26 -0.96 0.000158667
1.26 -0.9 0.000239916
1.26 -0.84 0.000357784
1.26 -0.78 0.000526225
1.26 -0.72 0.000763327
1.26 -0.66 0.00109205
1.26 -0.6 0.00154085
1.26 -0.54 0.00214418
1.26 -0.48 0.0029428
1.26 -0.42 0.00398333
1.26 -0.36 0.00531761
1.26 -0.3 0.00700129
1.26 -0.24 0.00909144
1.26 -0.18 0.0116432
1.26 -0.12 0.0147063
1.26 -0.06 0.0183199
1.26 9.71445e-15 0.0225077
1.26 0.06 0.0272727
1.26 0.12 0.032592
1.26 0.18 0.0384139
1.26 0.24 0.0446532
1.26 0.3 0.0511923
1.26 0.36 0.0578819
1.26 0.42 0.0645473
1.26 0.48 0.0709892
1.26 0.54 0.0770022
1.26 0.6 0.0823766
1.26 0.66 0.0869135
1.26 0.72 0.0904407
1.26 0.78 0.0928176
1.26 0.84 0.0939473
1.26 0.9 0.0937832
1.26 0.96 0.0923332
1.26 1.02 0.0896557
1.26 1.08 0.0858588
1.26 1.14 0.0810933
1.26 1.2 0.0755387
1.26 1.26 0.0693985
1.26 1.32 0.0628803
1.26 1.38 0.056191
1.26 1.44 0.0495236
1.26 1.5 0.0430473
1.26 1.56 0.0369035
1.26 1.62 0.0312019
1.26 1.68 0.0260183
1.26 1.74 0.0213977
1.26 1.8 0.0173557
1.26 1.86 0.0138839
1.26 1.92 0.0109539
1.26 1.98 0.00852341
1.26 2.04 0.00654105
1.26 2.1 0.00495072
1.26 2.16 0.00369558
1.26 2.22 0.0027207
1.26 2.28 0.00197546
1.26 2.34 0.00141465
1.26 2.4 0.000999123
1.26 2.46 0.000695943
1.26 2.52 0.000478096
1.26 2.58 0.000323931
1.26 2.64 0.00021646
1.32 -0.96 0.000146844
1.32 -0.9 0.000222039
1.32 -0.84 0.000331124
1.32 -0.78 0.000487017
1.32 -0.72 0.000706449
1.32 -0.66 0.00101067
1.32 -0.6 0.00142602
1.32 -0.54 0.00198442
1.32 -0.48 0.00272353
1.32 -0.42 0.00368649
1.32 -0.36 0.00492141
1.32 -0.3 0.00647965
1.32 -0.24 0.00841399
1.32 -0.18 0.0107757
1.32 -0.12 0.0136104
1.32 -0.06 0.0169547
1.32 9.71445e-15 0.0208305
1.32 0.06 0.0252401
1.32 0.12 0.0301633
1.32 0.18 0.0355512
1.32 0.24 0.0413254
1.32 0.3 0.0473773
1.32 0.36 0.0535688
1.32 0.42 0.059737
1.32 0.48 0.0657
1.32 0.54 0.0712646
1.32 0.6 0.0762377
1.32 0.66 0.0804367
1.32 0.72 0.0837011
1.32 0.78 0.0859005
1.32 0.84 0.086946
1.32 0.9 0.0867947
1.32 0.96 0.085452
1.32 1.02 0.0829752
1.32 1.08 0.0794612
1.32 1.14 0.0750502
1.32 1.2 0.0699108
1.32 1.26 0.0642273
1.32 1.32 0.0581948
1.32 1.38 0.0520043
1.32 1.44 0.0458333
1.32 1.5 0.0398398
1.32 1.56 0.0341535
1.32 1.62 0.0288767
1.32 1.68 0.0240795
1.32 1.74 0.0198031
1.32 1.8 0.0160626
1.32 1.86 0.0128493
1.32 1.92 0.0101375
1.32 1.98 0.00788821
1.32 2.04 0.00605362
1.32 2.1 0.00458179
1.32 2.16 0.00342019
1.32 2.22 0.00251796
1.32 2.28 0.00182826
1.32 2.34 0.00130925
1.32 2.4 0.00092467
1.32 2.46 0.000644086
1.32 2.52 0.000442477
1.32 2.58 0.000299794
1.32 2.64 0.000200332
1.38 -0.96 0.000134035
1.38 -0.9 0.00020267
1.38 -0.84 0.000302238
1.38 -0.78 0.00044453
1.38 -0.72 0.000644825
1.38 -0.66 0.000922503
1.38 -0.6 0.00130162
1.38 -0.54 0.00181132
1.38 -0.48 0.00248592
1.38 -0.42 0.00336492
1.38 -0.36 0.00449209
1.38 -0.3 0.0059144
1.38 -0.24 0.00767997
1.38 -0.18 0.00983565
1.38 -0.12 0.0124232
1.38 -0.06 0.0154757
1.38 9.71445e-15 0.0190132
1.38 0.06 0.0230384
1.38 0.12 0.0275321
1.38 0.18 0.0324497
1.38 0.24 0.0377202
1.38 0.3 0.0432444
1.38 0.36 0.0488959
1.38 0.42 0.0545252
1.38 0.48 0.0599685
1.38 0.54 0.0650477
1.38 0.6 0.0695862
1.38 0.66 0.0734202
1.38 0.72 0.0763994
1.38 0.78 0.0784064
1.38 0.84 0.079361
1.38 0.9 0.0792232
1.38 0.96 0.0779976
1.38 1.02 0.0757362
1.38 1.08 0.0725292
1.38 1.14 0.0685035
1.38 1.2 0.063812
1.38 1.26 0.0586241
1.38 1.32 0.0531184
1.38 1.38 0.0474679
1.38 1.44 0.0418352
1.38 1.5 0.0363643
1.38 1.56 0.0311743
1.38 1.62 0.0263576
1.38 1.68 0.0219788
1.38 1.74 0.0180757
1.38 1.8 0.0146614
1.38 1.86 0.0117284
1.38 1.92 0.00925328
1.38 1.98 0.00720011
1.38 2.04 0.00552553
1.38 2.1 0.00418213
1.38 2.16 0.0031218
1.38 2.22 0.00229831
1.38 2.28 0.00166878
1.38 2.34 0.00119503
1.38 2.4 0.000844004
1.38 2.46 0.0005879
1.38 2.52 0.000403878
1.38 2.58 0.000273642
1.44 -0.96 0.00012066
1.44 -0.9 0.000182447
1.44 -0.84 0.00027208
1.44 -0.78 0.000400173
1.44 -0.72 0.000580483
1.44 -0.66 0.000830453
1.44 -0.6 0.00117174
1.44 -0.54 0.00163058
1.44 -0.48 0.00223786
1.44 -0.42 0.00302916
1.44 -0.36 0.00404385
1.44 -0.3 0.00532424
1.44 -0.24 0.00691364
1.44 -0.18 0.00885419
1.44 -0.12 0.0111835
1.44 -0.06 0.0139315
1.44 9.71445e-15 0.0171159
1.44 0.06 0.0207396
1.44 0.12 0.0247849
1.44 0.18 0.0292119
1.44 0.24 0.0339565
1.44 0.3 0.0389294
1.44 0.36 0.0440171
1.44 0.42 0.0490848
1.44 0.48 0.0539844
1.44 0.54 0.0585569
1.44 0.6 0.0626431
1.44 0.66 0.0660942
1.44 0.72 0.0687759
1.44 0.78 0.0705831
1.44 0.84 0.0714421
1.44 0.9 0.0713182
1.44 0.96 0.0702151
1.44 1.02 0.0681787
1.44 1.08 0.065292
1.44 1.14 0.0616682
1.44 1.2 0.0574445
1.44 1.26 0.0527745
1.44 1.32 0.0478181
1.44 1.38 0.0427314
1.44 1.44 0.0376607
1.44 1.5 0.0327356
1.44 1.56 0.0280637
1.44 1.62 0.0237276
1.44 1.68 0.0197857
1.44 1.74 0.0162721
1.44 1.8 0.0131984
1.44 1.86 0.0105581
1.44 1.92 0.00832998
1.44 1.98 0.00648168
1.44 2.04 0.00497417
1.44 2.1 0.00376483
1.44 2.16 0.0028103
1.44 2.22 0.00206898
1.44 2.28 0.00150227
1.44 2.34 0.00107578
1.44 2.4 0.000759788
1.44 2.46 0.000529238
1.44 2.52 0.000363577
1.44 2.58 0.000246337
1.5 -0.96 0.000107128
1.5 -0.9 0.000161984
1.5 -0.84 0.000241564
1.5 -0.78 0.000355291
1.5 -0.72 0.000515377
1.5 -0.66 0.000737313
1.5 -0.6 0.00104032
1.5 -0.54 0.0014477
1.5 -0.48 0.00198687
1.5 -0.42 0.00268942
1.5 -0.36 0.00359031
1.5 -0.3 0.00472708
1.5 -0.24 0.00613821
1.5 -0.18 0.00786113
1.5 -0.12 0.00992922
1.5 -0.06 0.012369
1.5 9.71445e-15 0.0151963
1.5 0.06 0.0184135
1.5 0.12 0.022005
1.5 0.18 0.0259355
1.5 0.24 0.030148
1.5 0.3 0.0345632
1.5 0.36 0.0390802
1.5 0.42 0.0435796
1.5 0.48 0.0479296
1.5 0.54 0.0519894
1.5 0.6 0.0556172
1.5 0.66 0.0586812
1.5 0.72 0.061062
1.5 0.78 0.0626667
1.5 0.84 0.0634295
1.5 0.9 0.0633194
1.5 0.96 0.06234
1.5 1.02 0.0605321
1.5 1.08 0.057969
1.5 1.14 0.0547517
1.5 1.2 0.0510016
1.5 1.26 0.0468556
1.5 1.32 0.0424549
1.5 1.38 0.0379387
1.5 1.44 0.0334367
1.5 1.5 0.0290641
1.5 1.56 0.0249161
1.5 1.62 0.0210664
1.5 1.68 0.0175665
1.5 1.74 0.0144471
1.5 1.8 0.0117181
1.5 1.86 0.00937396
1.5 1.92 0.00739571
1.5 1.98 0.0057547
1.5 2.04 0.00441629
1.5 2.1 0.00334258
1.5 2.16 0.00249511
1.5 2.22 0.00183692
1.5 2.28 0.00133378
1.5 2.34 0.000955123
1.5 2.4 0.000674573
1.5 2.46 0.00046988
1.5 2.52 0.000322799
1.5 2.58 0.000218708
1.56 -0.96 9.38048e-05
1.56 -0.9 0.00014184
1.56 -0.84 0.000211522
1.56 -0.78 0.000311107
1.56 -0.72 0.000451283
1.56 -0.66 0.000645621
1.56 -0.6 0.00091094
1.56 -0.54 0.00126766
1.56 -0.48 0.00173978
1.56 -0.42 0.00235496
1.56 -0.36 0.00314381
1.56 -0.3 0.00413921
1.56 -0.24 0.00537486
1.56 -0.18 0.00688353
1.56 -0.12 0.00869438
1.56 -0.06 0.0108308
1.56 9.71445e-15 0.0133065
1.56 0.06 0.0161235
1.56 0.12 0.0192684
1.56 0.18 0.02271
1.56 0.24 0.0263988
1.56 0.3 0.0302649
1.56 0.36 0.0342201
1.56 0.42 0.03816
1.56 0.48 0.0419691
1.56 0.54 0.0455241
1.56 0.6 0.0487006
1.56 0.66 0.0513833
1.56 0.72 0.0534682
1.56 0.78 0.0548732
1.56 0.84 0.0555415
1.56 0.9 0.0554449
1.56 0.96 0.054587
1.56 1.02 0.0530043
1.56 1.08 0.0507599
1.56 1.14 0.0479425
1.56 1.2 0.0446591
1.56 1.26 0.0410285
1.56 1.32 0.0371752
1.56 1.38 0.0332206
1.56 1.44 0.0292784
1.56 1.5 0.0254498
1.56 1.56 0.0218175
1.56 1.62 0.0184465
1.56 1.68 0.015382
1.56 1.74 0.0126504
1.56 1.8 0.0102608
1.56 1.86 0.00820817
1.56 1.92 0.00647595
1.56 1.98 0.00503903
1.56 2.04 0.00386708
1.56 2.1 0.00292688
1.56 2.16 0.00218482
1.56 2.22 0.00160848
1.56 2.28 0.00116791
1.56 2.34 0.000836346
1.56 2.4 0.000590683
1.56 2.46 0.000411446
1.56 2.52 0.000282656
1.62 -0.9 0.000122492
1.62 -0.84 0.000182673
1.62 -0.78 0.000268674
1.62 -0.72 0.000389727
1.62 -0.66 0.000557559
1.62 -0.6 0.000786698
1.62 -0.54 0.00109475
1.62 -0.48 0.00150248
1.62 -0.42 0.00203373
1.62 -0.36 0.00271499
1.62 -0.3 0.00357462
1.62 -0.24 0.00464178
1.62 -0.18 0.00594464
1.62 -0.12 0.00750851
1.62 -0.06 0.0093534
1.62 9.71445e-15 0.0114916
1.62 0.06 0.0139244
1.62 0.12 0.0166404
1.62 0.18 0.0196126
1.62 0.24 0.0227981
1.62 0.3 0.0261368
1.62 0.36 0.0295523
1.62 0.42 0.0329552
1.62 0.48 0.0362446
1.62 0.54 0.0393147
1.62 0.6 0.0420581
1.62 0.66 0.044375
1.62 0.72 0.0461757
1.62 0.78 0.0473889
1.62 0.84 0.0479657
1.62 0.9 0.047882
1.62 0.96 0.0471414
1.62 1.02 0.0457748
1.62 1.08 0.0438367
1.62 1.14 0.0414029
1.62 1.2 0.0385676
1.62 1.26 0.0354321
1.62 1.32 0.0321044
1.62 1.38 0.0286892
1.62 1.44 0.0252851
1.62 1.5 0.0219785
1.62 1.56 0.0188415
1.62 1.62 0.0159304
1.62 1.68 0.013284
1.62 1.74 0.0109248
1.62 1.8 0.00886121
1.62 1.86 0.00708854
1.62 1.92 0.00559261
1.62 1.98 0.00435174
1.62 2.04 0.00333962
1.62 2.1 0.00252764
1.62 2.16 0.00188682
1.62 2.22 0.00138909
1.62 2.28 0.0010086
1.62 2.34 0.000722271
1.62 2.4 0.000510112
1.62 2.46 0.000355324
1.62 2.52 0.000244101
1.68 -0.9 0.000104331
1.68 -0.84 0.000155588
1.68 -0.78 0.000228835
1.68 -0.72 0.000331943
1.68 -0.66 0.000474888
1.68 -0.6 0.00067006
1.68 -0.54 0.000932431
1.68 -0.48 0.00127972
1.68 -0.42 0.00173219
1.68 -0.36 0.00231244
1.68 -0.3 0.00304464
1.68 -0.24 0.00395355
1.68 -0.18 0.00506319
1.68 -0.12 0.00639521
1.68 -0.06 0.00796662
1.68 9.71445e-15 0.00978775
1.68 0.06 0.0118598
1.68 0.12 0.0141731
1.68 0.18 0.0167048
1.68 0.24 0.019418
1.68 0.3 0.0222614
1.68 0.36 0.0251708
1.68 0.42 0.0280691
1.68 0.48 0.0308709
1.68 0.54 0.0334851
1.68 0.6 0.0358224
1.68 0.66 0.0377955
1.68 0.72 0.0393295
1.68 0.78 0.0403629
1.68 0.84 0.0408539
1.68 0.9 0.0407827
1.68 0.96 0.0401523
1.68 1.02 0.0389878
1.68 1.08 0.037337
1.68 1.14 0.0352646
1.68 1.2 0.0328493
1.68 1.26 0.0301788
1.68 1.32 0.0273442
1.68 1.38 0.0244356
1.68 1.44 0.0215361
1.68 1.5 0.0187196
1.68 1.56 0.0160479
1.68 1.62 0.0135684
1.68 1.68 0.0113144
1.68 1.74 0.00930508
1.68 1.8 0.00754743
1.68 1.86 0.00603763
1.68 1.92 0.00476344
1.68 1.98 0.0037065
1.68 2.04 0.00284442
1.68 2.1 0.00215289
1.68 2.16 0.00160706
1.68 2.22 0.00118314
1.68 2.28 0.000859059
1.68 2.34 0.00061518
1.68 2.4 0.000434479
1.68 2.46 0.000302638
1.68 2.52 0.000207909
1.74 -0.9 8.76406e-05
1.74 -0.84 0.000130697
1.74 -0.78 0.000192229
1.74 -0.72 0.000278841
1.74 -0.66 0.000398922
1.74 -0.6 0.000562859
1.74 -0.54 0.000783269
1.74 -0.48 0.00107499
1.74 -0.42 0.0014551
1.74 -0.36 0.00194252
1.74 -0.3 0.00255755
1.74 -0.24 0.00332105
1.74 -0.18 0.00425324
1.74 -0.12 0.00537213
1.74 -0.06 0.0066922
1.74 9.71445e-15 0.00822191
1.74 0.06 0.00996257
1.74 0.12 0.0119057
1.74 0.18 0.0140323
1.74 0.24 0.0163116
1.74 0.3 0.0187004
1.74 0.36 0.0211442
1.74 0.42 0.0235787
1.74 0.48 0.0259321
1.74 0.54 0.0281287
1.74 0.6 0.0300916
1.74 0.66 0.0317491
1.74 0.72 0.0330372
1.74 0.78 0.0339057
1.74 0.84 0.0343185
1.74 0.9 0.0342587
1.74 0.96 0.0337287
1.74 1.02 0.0327508
1.74 1.08 0.0313639
1.74 1.14 0.0296231
1.74 1.2 0.0275942
1.74 1.26 0.025351
1.74 1.32 0.0229701
1.74 1.38 0.0205265
1.74 1.44 0.0180908
1.74 1.5 0.0157251
1.74 1.56 0.0134807
1.74 1.62 0.0113979
1.74 1.68 0.0095043
1.74 1.74 0.00781649
1.74 1.8 0.00633998
1.74 1.86 0.00507173
1.74 1.92 0.0040014
1.74 1.98 0.00311356
1.74 2.04 0.00238942
1.74 2.1 0.00180848
1.74 2.16 0.00134998
1.74 2.22 0.000993851
1.74 2.28 0.000721635
1.74 2.34 0.000516765
1.74 2.4 0.000364976
1.74 2.46 0.000254227
1.8 -0.9 7.26085e-05
1.8 -0.84 0.00010828
1.8 -0.78 0.000159256
1.8 -0.72 0.000231014
1.8 -0.66 0.000330493
1.8 -0.6 0.000466323
1.8 -0.54 0.00064892
1.8 -0.48 0.000890611
1.8 -0.42 0.0012055
1.8 -0.36 0.00160933
1.8 -0.3 0.0021189
1.8 -0.24 0.00275145
1.8 -0.18 0.0035237
1.8 -0.12 0.00445071
1.8 -0.06 0.0055443
1.8 9.71445e-15 0.0068117
1.8 0.06 0.00825373
1.8 0.12 0.0098637
1.8 0.18 0.0116256
1.8 0.24 0.0135137
1.8 0.3 0.0154926
1.8 0.36 0.0175174
1.8 0.42 0.0195344
1.8 0.48 0.0214844
1.8 0.54 0.0233038
1.8 0.6 0.0249303
1.8 0.66 0.0263035
1.8 0.72 0.0273711
1.8 0.78 0.0280902
1.8 0.84 0.0284319
1.8 0.9 0.0283824
1.8 0.96 0.0279436
1.8 1.02 0.0271333
1.8 1.08 0.0259845
1.8 1.14 0.0245421
1.8 1.2 0.0228613
1.8 1.26 0.0210027
1.8 1.32 0.01903
1.8 1.38 0.0170058
1.8 1.44 0.0149879
1.8 1.5 0.0130278
1.8 1.56 0.0111685
1.8 1.62 0.00944283
1.8 1.68 0.0078742
1.8 1.74 0.00647577
1.8 1.8 0.00525259
1.8 1.86 0.00420184
1.8 1.92 0.00331507
1.8 1.98 0.00257951
1.8 2.04 0.00197955
1.8 2.1 0.00149828
1.8 2.16 0.00111842
1.8 2.22 0.000823398
1.8 2.28 0.000597854
1.8 2.34 0.000428131
1.8 2.4 0.000302372
1.8 2.46 0.000210619
1.86 -0.9 5.93277e-05
1.86 -0.84 8.84749e-05
1.86 -0.78 0.000130128
1.86 -0.72 0.000188759
1.86 -0.66 0.000270047
1.86 -0.6 0.000381024
1.86 -0.54 0.000530225
1.86 -0.48 0.0007277
1.86 -0.42 0.000985012
1.86 -0.36 0.00131497
1.86 -0.3 0.00173132
1.86 -0.24 0.00224818
1.86 -0.18 0.00287919
1.86 -0.12 0.00363665
1.86 -0.06 0.0045302
1.86 9.71445e-15 0.00556578
1.86 0.06 0.00674411
1.86 0.12 0.00805951
1.86 0.18 0.00949907
1.86 0.24 0.011042
1.86 0.3 0.012659
1.86 0.36 0.0143133
1.86 0.42 0.0159614
1.86 0.48 0.0175544
1.86 0.54 0.0190415
1.86 0.6 0.0203703
1.86 0.66 0.0214924
1.86 0.72 0.0223645
1.86 0.78 0.0229522
1.86 0.84 0.0232316
1.86 0.9 0.023191
1.86 0.96 0.0228324
1.86 1.02 0.0221702
1.86 1.08 0.0212317
1.86 1.14 0.0200531
1.86 1.2 0.0186796
1.86 1.26 0.017161
1.86 1.32 0.0155493
1.86 1.38 0.0138952
1.86 1.44 0.0122465
1.86 1.5 0.010645
1.86 1.56 0.00912567
1.86 1.62 0.0077157
1.86 1.68 0.00643391
1.86 1.74 0.00529132
1.86 1.8 0.00429179
1.86 1.86 0.00343325
1.86 1.92 0.00270872
1.86 1.98 0.00210771
1.86 2.04 0.0016175
1.86 2.1 0.00122423
1.86 2.16 0.000913853
1.86 2.22 0.000672786
1.86 2.28 0.000488501
1.86 2.34 0.00034982
1.86 2.4 0.000247066
1.92 -0.84 7.12976e-05
1.92 -0.78 0.000104864
1.92 -0.72 0.000152113
1.92 -0.66 0.00021762
1.92 -0.6 0.000307052
1.92 -0.54 0.000427287
1.92 -0.48 0.000586431
1.92 -0.42 0.000793784
1.92 -0.36 0.00105968
1.92 -0.3 0.00139519
1.92 -0.24 0.0018117
1.92 -0.18 0.00232021
1.92 -0.12 0.0029306
1.92 -0.06 0.00365073
1.92 9.71445e-15 0.00448523
1.92 0.06 0.00543478
1.92 0.12 0.00649476
1.92 0.18 0.00765493
1.92 0.24 0.00889829
1.92 0.3 0.0102014
1.92 0.36 0.0115345
1.92 0.42 0.0128627
1.92 0.48 0.0141465
1.92 0.54 0.0153447
1.92 0.6 0.0164156
1.92 0.66 0.0173197
1.92 0.72 0.0180226
1.92 0.78 0.0184963
1.92 0.84 0.0187214
1.92 0.9 0.0186888
1.92 0.96 0.0183997
1.92 1.02 0.0178663
1.92 1.08 0.0171096
1.92 1.14 0.0161599
1.92 1.2 0.0150531
1.92 1.26 0.0138295
1.92 1.32 0.0125306
1.92 1.38 0.0111976
1.92 1.44 0.00986882
1.92 1.5 0.0085783
1.92 1.56 0.00735397
1.92 1.62 0.0062178
1.92 1.68 0.0051848
1.92 1.74 0.00426404
1.92 1.8 0.00345858
1.92 1.86 0.00276673
1.92 1.92 0.00218284
1.92 1.98 0.00169851
1.92 2.04 0.00130348
1.92 2.1 0.00098656
1.92 2.16 0.000736441
1.92 2.22 0.000542167
1.92 2.28 0.000393665
1.92 2.34 0.000281907
1.92 2.4 0.000199102
1.98 -0.84 5.6666e-05
1.98 -0.78 8.33443e-05
1.98 -0.72 0.000120896
1.98 -0.66 0.00017296
1.98 -0.6 0.00024404
1.98 -0.54 0.000339599
1.98 -0.48 0.000466087
1.98 -0.42 0.000630884
1.98 -0.36 0.000842212
1.98 -0.3 0.00110888
1.98 -0.24 0.00143991
1.98 -0.18 0.00184407
1.98 -0.12 0.00232917
1.98 -0.06 0.00290153
1.98 9.71445e-15 0.00356479
1.98 0.06 0.00431944
1.98 0.12 0.00516194
1.98 0.18 0.00608399
1.98 0.24 0.00707218
1.98 0.3 0.00810787
1.98 0.36 0.00916745
1.98 0.42 0.010223
1.98 0.48 0.0112435
1.98 0.54 0.0121957
1.98 0.6 0.0130468
1.98 0.66 0.0137653
1.98 0.72 0.014324
1.98 0.78 0.0147004
1.98 0.84 0.0148794
1.98 0.9 0.0148535
1.98 0.96 0.0146237
1.98 1.02 0.0141998
1.98 1.08 0.0135984
1.98 1.14 0.0128436
1.98 1.2 0.011964
1.98 1.26 0.0109915
1.98 1.32 0.00995906
1.98 1.38 0.00889962
1.98 1.44 0.00784356
1.98 1.5 0.00681787
1.98 1.56 0.00584479
1.98 1.62 0.00494179
1.98 1.68 0.00412079
1.98 1.74 0.00338898
1.98 1.8 0.00274884
1.98 1.86 0.00219896
1.98 1.92 0.00173488
1.98 1.98 0.00134993
1.98 2.04 0.00103597
1.98 2.1 0.0007841
1.98 2.16 0.000585309
1.98 2.22 0.000430906
1.98 2.28 0.000312877
1.98 2.34 0.000224055
2.04 -0.84 4.44181e-05
2.04 -0.78 6.53302e-05
2.04 -0.72 9.47656e-05
2.04 -0.66 0.000135576
2.04 -0.6 0.000191292
2.04 -0.54 0.000266198
2.04 -0.48 0.000365345
2.04 -0.42 0.000494522
2.04 -0.36 0.000660176
2.04 -0.3 0.000869205
2.04 -0.24 0.00112868
2.04 -0.18 0.00144549
2.04 -0.12 0.00182574
2.04 -0.06 0.00227438
2.04 9.71445e-15 0.00279429
2.04 0.06 0.00338582
2.04 0.12 0.00404623
2.04 0.18 0.00476898
2.04 0.24 0.00554357
2.04 0.3 0.00635541
2.04 0.36 0.00718596
2.04 0.42 0.00801337
2.04 0.48 0.00881327
2.04 0.54 0.00955968
2.04 0.6 0.0102268
2.04 0.66 0.0107901
2.04 0.72 0.011228
2.04 0.78 0.011523
2.04 0.84 0.0116633
2.04 0.9 0.011643
2.04 0.96 0.0114629
2.04 1.02 0.0111306
2.04 1.08 0.0106592
2.04 1.14 0.0100676
2.04 1.2 0.0093781
2.04 1.26 0.00861573
2.04 1.32 0.00780646
2.04 1.38 0.00697605
2.04 1.44 0.00614824
2.04 1.5 0.00534425
2.04 1.56 0.00458147
2.04 1.62 0.00387365
2.04 1.68 0.00323012
2.04 1.74 0.00265647
2.04 1.8 0.0021547
2.04 1.86 0.00172367
2.04 1.92 0.0013599
2.04 1.98 0.00105815
2.04 2.04 0.000812053
2.04 2.1 0.000614622
2.04 2.16 0.000458799
2.04 2.22 0.00033777
2.04 2.28 0.000245251
2.04 2.34 0.000175628
2.1 -0.78 5.05056e-05
2.1 -0.72 7.32614e-05
2.1 -0.66 0.000104811
2.1 -0.6 0.000147885
2.1 -0.54 0.000205792
2.1 -0.48 0.000282442
2.1 -0.42 0.000382307
2.1 -0.36 0.00051037
2.1 -0.3 0.000671966
2.1 -0.24 0.000872569
2.1 -0.18 0.00111748
2.1 -0.12 0.00141145
2.1 -0.06 0.00175829
2.1 9.71445e-15 0.00216022
2.1 0.06 0.00261753
2.1 0.12 0.00312807
2.1 0.18 0.00368683
2.1 0.24 0.00428565
2.1 0.3 0.00491326
2.1 0.36 0.00555534
2.1 0.42 0.00619502
2.1 0.48 0.00681337
2.1 0.54 0.00739043
2.1 0.6 0.00790622
2.1 0.66 0.00834163
2.1 0.72 0.00868019
2.1 0.78 0.0089083
2.1 0.84 0.00901674
2.1 0.9 0.00900102
2.1 0.96 0.00886179
2.1 1.02 0.0086049
2.1 1.08 0.00824048
2.1 1.14 0.00778305
2.1 1.2 0.00725004
2.1 1.26 0.00666067
2.1 1.32 0.00603504
2.1 1.38 0.00539305
2.1 1.44 0.00475311
2.1 1.5 0.00413155
2.1 1.56 0.00354185
2.1 1.62 0.00299466
2.1 1.68 0.00249716
2.1 1.74 0.00205367
2.1 1.8 0.00166576
2.1 1.86 0.00133253
2.1 1.92 0.00105131
2.1 1.98 0.000818042
2.1 2.04 0.000627786
2.1 2.1 0.000475153
2.1 2.16 0.00035469
2.1 2.22 0.000261124
2.1 2.28 0.000189599
2.16 -0.78 3.85081e-05
2.16 -0.72 5.58588e-05
2.16 -0.66 7.99143e-05
2.16 -0.6 0.000112757
2.16 -0.54 0.000156907
2.16 -0.48 0.000215349
2.16 -0.42 0.000291492
2.16 -0.36 0.000389132
2.16 -0.3 0.000512343
2.16 -0.24 0.000665296
2.16 -0.18 0.000852028
2.16 -0.12 0.00107618
2.16 -0.06 0.00134061
2.16 9.71445e-15 0.00164707
2.16 0.06 0.00199576
2.16 0.12 0.00238503
2.16 0.18 0.00281106
2.16 0.24 0.00326764
2.16 0.3 0.00374616
2.16 0.36 0.00423569
2.16 0.42 0.00472345
2.16 0.48 0.00519487
2.16 0.54 0.00563487
2.16 0.6 0.00602817
2.16 0.66 0.00636016
2.16 0.72 0.00661829
2.16 0.78 0.00679223
2.16 0.84 0.00687489
2.16 0.9 0.00686287
2.16 0.96 0.00675677
2.16 1.02 0.00656084
2.16 1.08 0.006283
2.16 1.14 0.00593426
2.16 1.2 0.00552779
2.16 1.26 0.00507845
2.16 1.32 0.00460145
2.16 1.38 0.00411194
2.16 1.44 0.00362404
2.16 1.5 0.00315011
2.16 1.56 0.00270053
2.16 1.62 0.0022833
2.16 1.68 0.00190397
2.16 1.74 0.00156584
2.16 1.8 0.00127006
2.16 1.86 0.001016
2.16 1.92 0.000801584
2.16 1.98 0.000623727
2.16 2.04 0.000478661
2.16 2.1 0.000362284
2.16 2.16 0.000270436
2.16 2.22 0.000199096
2.22 -0.72 4.20049e-05
2.22 -0.66 6.00932e-05
2.22 -0.6 8.47899e-05
2.22 -0.54 0.000117992
2.22 -0.48 0.000161937
2.22 -0.42 0.000219196
2.22 -0.36 0.000292621
2.22 -0.3 0.000385272
2.22 -0.24 0.000500286
2.22 -0.18 0.000640704
2.22 -0.12 0.000809266
2.22 -0.06 0.00100811
2.22 9.71445e-15 0.00123854
2.22 0.06 0.00150077
2.22 0.12 0.00179348
2.22 0.18 0.00211384
2.22 0.24 0.00245718
2.22 0.3 0.002817
2.22 0.36 0.00318517
2.22 0.42 0.0035519
2.22 0.48 0.00390642
2.22 0.54 0.00423728
2.22 0.6 0.00453302
2.22 0.66 0.00478272
2.22 0.72 0.00497677
2.22 0.78 0.00510758
2.22 0.84 0.00516972
2.22 0.9 0.00516073
2.22 0.96 0.00508094
2.22 1.02 0.00493355
2.22 1.08 0.00472468
2.22 1.14 0.00446245
2.22 1.2 0.00415679
2.22 1.26 0.00381888
2.22 1.32 0.00346021
2.22 1.38 0.00309213
2.22 1.44 0.00272521
2.22 1.5 0.00236881
2.22 1.56 0.00203075
2.22 1.62 0.00171697
2.22 1.68 0.00143173
2.22 1.74 0.00117749
2.22 1.8 0.000955058
2.22 1.86 0.00076401
2.22 1.92 0.000602776
2.22 1.98 0.000469029
2.22 2.04 0.00035994
2.22 2.1 0.000272431
2.22 2.16 0.00020336
2.22 2.22 0.000149715
2.28 -0.72 3.11524e-05
2.28 -0.66 4.45676e-05
2.28 -0.6 6.28833e-05
2.28 -0.54 8.75074e-05
2.28 -0.48 0.000120099
2.28 -0.42 0.000162564
2.28 -0.36 0.00021702
2.28 -0.3 0.000285733
2.28 -0.24 0.000371033
2.28 -0.18 0.000475177
2.28 -0.12 0.000600178
2.28 -0.06 0.000747652
2.28 9.71445e-15 0.000918566
2.28 0.06 0.00111302
2.28 0.12 0.00133012
2.28 0.18 0.0015677
2.28 0.24 0.00182233
2.28 0.3 0.00208921
2.28 0.36 0.00236223
2.28 0.42 0.00263422
2.28 0.48 0.00289717
2.28 0.54 0.00314257
2.28 0.6 0.00336185
2.28 0.66 0.00354704
2.28 0.72 0.00369097
2.28 0.78 0.00378795
2.28 0.84 0.00383406
2.28 0.9 0.00382739
2.28 0.96 0.00376817
2.28 1.02 0.00365896
2.28 1.08 0.00350401
2.28 1.14 0.00330949
2.28 1.2 0.00308286
2.28 1.26 0.00283222
2.28 1.32 0.00256623
2.28 1.38 0.00229324
2.28 1.44 0.00202112
2.28 1.5 0.00175682
2.28 1.56 0.00150607
2.28 1.62 0.00127338
2.28 1.68 0.00106184
2.28 1.74 0.000873261
2.28 1.8 0.000708312
2.28 1.86 0.000566616
2.28 1.92 0.000447037
2.28 1.98 0.000347848
2.28 2.04 0.000266948
2.28 2.1 0.000202044
2.28 2.16 0.00015082
2.34 -0.72 2.27863e-05
2.34 -0.66 3.25988e-05
2.34 -0.6 4.59961e-05
2.34 -0.54 6.40068e-05
2.34 -0.48 8.7846e-05
2.34 -0.42 0.000118907
2.34 -0.36 0.000158737
2.34 -0.3 0.000208998
2.34 -0.24 0.00027139
2.34 -0.18 0.00034756
2.34 -0.12 0.000439001
2.34 -0.06 0.000546869
2.34 9.71445e-15 0.000671877
2.34 0.06 0.000814121
2.34 0.12 0.000972909
2.34 0.18 0.0011467
2.34 0.24 0.00133295
2.34 0.3 0.00152814
2.34 0.36 0.00172785
2.34 0.42 0.00192681
2.34 0.48 0.00211912
2.34 0.54 0.00229859
2.34 0.6 0.00245903
2.34 0.66 0.00259447
2.34 0.72 0.00269976
2.34 0.78 0.00277071
2.34 0.84 0.00280442
2.34 0.9 0.00279953
2.34 0.96 0.00275626
2.34 1.02 0.00267631
2.34 1.08 0.00256298
2.34 1.14 0.00242074
2.34 1.2 0.00225493
2.34 1.26 0.00207162
2.34 1.32 0.00187705
2.34 1.38 0.00167738
2.34 1.44 0.00147834
2.34 1.5 0.001285
2.34 1.56 0.00110162
2.34 1.62 0.000931405
2.34 1.68 0.000776676
2.34 1.74 0.000638749
2.34 1.8 0.000518091
2.34 1.86 0.000414453
2.34 1.92 0.000326987
2.34 1.98 0.000254434
2.34 2.04 0.000195256
2.34 2.1 0.000147785
2.4 -0.66 2.35165e-05
2.4 -0.6 3.31811e-05
2.4 -0.54 4.61738e-05
2.4 -0.48 6.33714e-05
2.4 -0.42 8.57781e-05
2.4 -0.36 0.000114512
2.4 -0.3 0.000150769
2.4 -0.24 0.000195779
2.4 -0.18 0.000250731
2.4 -0.12 0.000316691
2.4 -0.06 0.000394504
2.4 9.71445e-15 0.00048469
2.4 0.06 0.000587297
2.4 0.12 0.000701851
2.4 0.18 0.000827215
2.4 0.24 0.000961569
2.4 0.3 0.00110239
2.4 0.36 0.00124644
2.4 0.42 0.00138997
2.4 0.48 0.00152871
2.4 0.54 0.0016582
2.4 0.6 0.00177392
2.4 0.66 0.00187163
2.4 0.72 0.00194758
2.4 0.78 0.00199876
2.4 0.84 0.00202308
2.4 0.9 0.00201955
2.4 0.96 0.00198832
2.4 1.02 0.00193068
2.4 1.08 0.00184893
2.4 1.14 0.00174627
2.4 1.2 0.00162669
2.4 1.26 0.00149445
2.4 1.32 0.00135409
2.4 1.38 0.00121004
2.4 1.44 0.00106647
2.4 1.5 0.000927002
2.4 1.56 0.00079469
2.4 1.62 0.000671908
2.4 1.68 0.000560289
2.4 1.74 0.000460783
2.4 1.8 0.000373746
2.4 1.86 0.000298979
2.4 1.92 0.000235883
2.4 1.98 0.000183546
2.4 2.04 0.000140857
2.46 -0.6 2.36073e-05
2.46 -0.54 3.28518e-05
2.46 -0.48 4.50871e-05
2.46 -0.42 6.10296e-05
2.46 -0.36 8.14729e-05
2.46 -0.3 0.000107269
2.46 -0.24 0.000139291
2.46 -0.18 0.000178389
2.46 -0.12 0.000225318
2.46 -0.06 0.000280683
2.46 9.71445e-15 0.000344842
2.46 0.06 0.000417847
2.46 0.12 0.000499346
2.46 0.18 0.000588539
2.46 0.24 0.000684135
2.46 0.3 0.000784327
2.46 0.36 0.000886826
2.46 0.42 0.000988932
2.46 0.48 0.00108764
2.46 0.54 0.00117977
2.46 0.6 0.00126209
2.46 0.66 0.00133161
2.46 0.72 0.00138564
2.46 0.78 0.00142206
2.46 0.84 0.00143938
2.46 0.9 0.00143688
2.46 0.96 0.00141464
2.46 1.02 0.00137363
2.46 1.08 0.00131546
2.46 1.14 0.00124245
2.46 1.2 0.00115735
2.46 1.26 0.00106327
2.46 1.32 0.000963408
2.46 1.38 0.000860922
2.46 1.44 0.000758759
2.46 1.5 0.000659538
2.46 1.56 0.000565408
2.46 1.62 0.000478049
2.46 1.68 0.000398627
2.46 1.74 0.000327839
2.46 1.8 0.000265911
2.46 1.86 0.000212718
2.46 1.92 0.000167827
2.46 1.98 0.000130588
2.52 -0.6 1.65653e-05
2.52 -0.54 2.30519e-05
2.52 -0.48 3.16376e-05
2.52 -0.42 4.28241e-05
2.52 -0.36 5.71689e-05
2.52 -0.3 7.527e-05
2.52 -0.24 9.77399e-05
2.52 -0.18 0.000125174
2.52 -0.12 0.000158105
2.52 -0.06 0.000196954
2.52 9.71445e-15 0.000241974
2.52 0.06 0.000293202
2.52 0.12 0.00035039
2.52 0.18 0.00041298
2.52 0.24 0.000480055
2.52 0.3 0.000550357
2.52 0.36 0.000622284
2.52 0.42 0.00069393
2.52 0.48 0.000763199
2.52 0.54 0.000827834
2.52 0.6 0.000885608
2.52 0.66 0.000934389
2.52 0.72 0.00097231
2.52 0.78 0.00099786
2.52 0.84 0.00101
2.52 0.9 0.00100825
2.52 0.96 0.000992656
2.52 1.02 0.000963872
2.52 1.08 0.000923047
2.52 1.14 0.000871824
2.52 1.2 0.000812108
2.52 1.26 0.000746094
2.52 1.32 0.000676018
2.52 1.38 0.000604103
2.52 1.44 0.000532418
2.52 1.5 0.000462792
2.52 1.56 0.000396744
2.52 1.62 0.000335445
2.52 1.68 0.000279717
2.52 1.74 0.000230044
2.52 1.8 0.000186589
2.52 1.86 0.000149264
2.52 1.92 0.000117764
2.58 -0.54 1.59531e-05
2.58 -0.48 2.18949e-05
2.58 -0.42 2.96364e-05
2.58 -0.36 3.95637e-05
2.58 -0.3 5.20909e-05
2.58 -0.24 6.76413e-05
2.58 -0.18 8.66268e-05
2.58 -0.12 0.000109416
2.58 -0.06 0.000136302
2.58 9.71445e-15 0.000167458
2.58 0.06 0.000202911
2.58 0.12 0.000242489
2.58 0.18 0.000285804
2.58 0.24 0.000332223
2.58 0.3 0.000380874
2.58 0.36 0.000430651
2.58 0.42 0.000480236
2.58 0.48 0.000528173
2.58 0.54 0.0005729
2.58 0.6 0.000612887
2.58 0.66 0.000646643
2.58 0.72 0.00067289
2.58 0.78 0.000690571
2.58 0.84 0.000698972
2.58 0.9 0.000697759
2.58 0.96 0.000686969
2.58 1.02 0.000667049
2.58 1.08 0.000638799
2.58 1.14 0.000603346
2.58 1.2 0.000562022
2.58 1.26 0.000516335
2.58 1.32 0.000467838
2.58 1.38 0.000418069
2.58 1.44 0.000368461
2.58 1.5 0.000320275
2.58 1.56 0.000274567
2.58 1.62 0.000232145
2.58 1.68 0.000193579
2.58 1.74 0.000159202
2.58 1.8 0.00012913
2.58 1.86 0.000103298
2.64 -0.54 1.08886e-05
2.64 -0.48 1.49441e-05
2.64 -0.42 2.0228e-05
2.64 -0.36 2.70038e-05
2.64 -0.3 3.5554e-05
2.64 -0.24 4.61677e-05
2.64 -0.18 5.91262e-05
2.64 -0.12 7.46806e-05
2.64 -0.06 9.30316e-05
2.64 9.71445e-15 0.000114297
2.64 0.06 0.000138494
2.64 0.12 0.000165508
2.64 0.18 0.000195072
2.64 0.24 0.000226754
2.64 0.3 0.000259962
2.64 0.36 0.000293936
2.64 0.42 0.000327779
2.64 0.48 0.000360499
2.64 0.54 0.000391027
2.64 0.6 0.000418318
2.64 0.66 0.000441358
2.64 0.72 0.000459273
2.64 0.78 0.000471341
2.64 0.84 0.000477076
2.64 0.9 0.000476248
2.64 0.96 0.000468882
2.64 1.02 0.000455287
2.64 1.08 0.000436004
2.64 1.14 0.000411807
2.64 1.2 0.000383602
2.64 1.26 0.000352418
2.64 1.32 0.000319317
2.64 1.38 0.000285348
2.64 1.44 0.000251489
2.64 1.5 0.0002186
2.64 1.56 0.000187402
2.64 1.62 0.000158448
2.64 1.68 0.000132125
2.64 1.74 0.000108661
2.64 1.8 8.8136e-05
2.7 -0.48 1.00597e-05
2.7 -0.42 1.36167e-05
2.7 -0.36 1.81778e-05
2.7 -0.3 2.39333e-05
2.7 -0.24 3.1078e-05
2.7 -0.18 3.98012e-05
2.7 -0.12 5.02717e-05
2.7 -0.06 6.2625e-05
2.7 9.71445e-15 7.69401e-05
2.7 0.06 9.32283e-05
2.7 0.12 0.000111412
2.7 0.18 0.000131313
2.7 0.24 0.000152642
2.7 0.3 0.000174996
2.7 0.36 0.000197865
2.7 0.42 0.000220647
2.7 0.48 0.000242671
2.7 0.54 0.000263224
2.7 0.6 0.000281594
2.7 0.66 0.000297103
2.7 0.72 0.000309161
2.7 0.78 0.000317286
2.7 0.84 0.000321149
2.7 0.9 0.00032059
2.7 0.96 0.00031563
2.7 1.02 0.00030648
2.7 1.08 0.000293498
2.7 1.14 0.00027721
2.7 1.2 0.000258223
2.7 1.26 0.000237233
2.7 1.32 0.000214951
2.7 1.38 0.000192084
2.7 1.44 0.00016929
2.7 1.5 0.000147153
2.7 1.56 0.000126151
2.7 1.62 0.000106661
2.7 1.68 8.89404e-05
2.7 1.74 7.31459e-05
2.76 -0.42 9.04013e-06
2.76 -0.36 1.20683e-05
2.76 -0.3 1.58894e-05
2.76 -0.24 2.06329e-05
2.76 -0.18 2.64242e-05
2.76 -0.12 3.33758e-05
2.76 -0.06 4.15768e-05
2.76 9.71445e-15 5.10806e-05
2.76 0.06 6.18951e-05
2.76 0.12 7.39671e-05
2.76 0.18 8.71796e-05
2.76 0.24 0.00010134
2.76 0.3 0.00011618
2.76 0.36 0.000131362
2.76 0.42 0.000146489
2.76 0.48 0.000161108
2.76 0.54 0.000174756
2.76 0.6 0.000186952
2.76 0.66 0.00019725
2.76 0.72 0.000205253
2.76 0.78 0.000210648
2.76 0.84 0.000213212
2.76 0.9 0.00021284
2.76 0.96 0.000209549
2.76 1.02 0.000203472
2.76 1.08 0.000194857
2.76 1.14 0.00018404
2.76 1.2 0.000171434
2.76 1.26 0.000157499
2.76 1.32 0.000142706
2.76 1.38 0.000127525
2.76 1.44 0.000112394
2.76 1.5 9.76958e-05
2.76 1.56 8.37521e-05
2.76 1.62 7.08123e-05
2.76 1.68 5.90479e-05
2.82 -0.36 7.9021e-06
2.82 -0.3 1.04041e-05
2.82 -0.24 1.35101e-05
2.82 -0.18 1.7302e-05
2.82 -0.12 2.18538e-05
2.82 -0.06 2.72234e-05
2.82 9.71445e-15 3.34466e-05
2.82 0.06 4.05274e-05
2.82 0.12 4.84324e-05
2.82 0.18 5.70832e-05
2.82 0.24 6.63545e-05
2.82 0.3 7.60714e-05
2.82 0.36 8.60135e-05
2.82 0.42 9.59168e-05
2.82 0.48 0.000105492
2.82 0.54 0.000114426
2.82 0.6 0.000122411
2.82 0.66 0.000129155
2.82 0.72 0.000134396
2.82 0.78 0.000137927
2.82 0.84 0.000139605
2.82 0.9 0.000139362
2.82 0.96 0.000137207
2.82 1.02 0.000133229
2.82 1.08 0.000127588
2.82 1.14 0.000120506
2.82 1.2 0.000112253
2.82 1.26 0.000103126
2.82 1.32 9.34411e-05
2.82 1.38 8.35015e-05
2.82 1.44 7.35933e-05
2.82 1.5 6.39686e-05
2.82 1.56 5.48393e-05
2.88 -0.3 6.71869e-06
2.88 -0.24 8.72445e-06
2.88 -0.18 1.11732e-05
2.88 -0.12 1.41125e-05
2.88 -0.06 1.75804e-05
2.88 9.71445e-15 2.15991e-05
2.88 0.06 2.61717e-05
2.88 0.12 3.12763e-05
2.88 0.18 3.68631e-05
2.88 0.24 4.28506e-05
2.88 0.3 4.91258e-05
2.88 0.36 5.55456e-05
2.88 0.42 6.19416e-05
2.88 0.48 6.81241e-05
2.88 0.54 7.38937e-05
2.88 0.6 7.90511e-05
2.88 0.66 8.34045e-05
2.88 0.72 8.67897e-05
2.88 0.78 8.90706e-05
2.88 0.84 9.01548e-05
2.88 0.9 8.99977e-05
2.88 0.96 8.86056e-05
2.88 1.02 8.60369e-05
2.88 1.08 8.2393e-05
2.88 1.14 7.78197e-05
2.88 1.2 7.249e-05
2.88 1.26 6.65973e-05
2.88 1.32 6.03421e-05
2.88 1.38 5.39227e-05
2.88 1.44 4.75244e-05
2.88 1.5 4.13096e-05
2.94 -0.3 4.27919e-06
2.94 -0.24 5.55663e-06
2.94 -0.18 7.11626e-06
2.94 -0.12 8.98841e-06
2.94 -0.06 1.11969e-05
2.94 9.71445e-15 1.37564e-05
2.94 0.06 1.66688e-05
2.94 0.12 1.99201e-05
2.94 0.18 2.34781e-05
2.94 0.24 2.72914e-05
2.94 0.3 3.12881e-05
2.94 0.36 3.53772e-05
2.94 0.42 3.94502e-05
2.94 0.48 4.33884e-05
2.94 0.54 4.70631e-05
2.94 0.6 5.03472e-05
2.94 0.66 5.31211e-05
2.94 0.72 5.52766e-05
2.94 0.78 5.67287e-05
2.94 0.84 5.74191e-05
2.94 0.9 5.73194e-05
2.94 0.96 5.6433e-05
2.94 1.02 5.47965e-05
2.94 1.08 5.24765e-05
2.94 1.14 4.95637e-05
2.94 1.2 4.61692e-05
2.94 1.26 4.24156e-05
2.94 1.32 3.84321e-05
2.94 1.38 3.43439e-05
3 -0.24 3.49037e-06
3 -0.18 4.47002e-06
3 -0.12 5.64603e-06
3 -0.06 7.03331e-06
3 9.71445e-15 8.64109e-06
3 0.06 1.04705e-05
3 0.12 1.25127e-05
3 0.18 1.47478e-05
3 0.24 1.71432e-05
3 0.3 1.96536e-05
3 0.36 2.2222e-05
3 0.42 2.47809e-05
3 0.48 2.72541e-05
3 0.54 2.95625e-05
3 0.6 3.16259e-05
3 0.66 3.33678e-05
3 0.72 3.47218e-05
3 0.78 3.56344e-05
3 0.84 3.6068e-05
3 0.9 3.60049e-05
3 0.96 3.54484e-05
3 1.02 3.44203e-05
3 1.08 3.29628e-05
3 1.14 3.11333e-05
3 1.2 2.90006e-05
3 1.26 2.66432e-05
3.06 -0.18 2.76926e-06
3.06 -0.12 3.49776e-06
3.06 -0.06 4.35724e-06
3.06 9.71445e-15 5.35329e-06
3.06 0.06 6.48656e-06
3.06 0.12 7.75178e-06
3.06 0.18 9.13643e-06
3.06 0.24 1.06204e-05
3.06 0.3 1.21756e-05
3.06 0.36 1.37667e-05
3.06 0.42 1.5352e-05
3.06 0.48 1.68843e-05
3.06 0.54 1.83144e-05
3.06 0.6 1.95926e-05
3.06 0.66 2.06717e-05
3.06 0.72 2.15106e-05
3.06 0.78 2.20759e-05
3.06 0.84 2.23446e-05
3.06 0.9 2.23056e-05
3.06 0.96 2.19606e-05
3.06 1.02 2.1324e-05
3.06 1.08 2.0421e-05
3.06 1.14 1.92873e-05
3.12 -0.06 2.66225e-06
3.12 9.71445e-15 3.27085e-06
3.12 0.06 3.96326e-06
3.12 0.12 4.73631e-06
3.12 0.18 5.58231e-06
3.12 0.24 6.48898e-06
3.12 0.3 7.43926e-06
3.12 0.36 8.41142e-06
3.12 0.42 9.38e-06
3.12 0.48 1.03163e-05
3.12 0.54 1.11901e-05
3.12 0.6 1.1971e-05
3.12 0.66 1.26303e-05
3.12 0.72 1.31429e-05
3.12 0.78 1.34882e-05
3.12 0.84 1.36524e-05
3.12 0.9 1.36286e-05
3.12 0.96 1.34178e-05
3.18 9.71445e-15 1.97101e-06
3.18 0.06 2.38826e-06
3.18 0.12 2.85409e-06
3.18 0.18 3.36389e-06
3.18 0.24 3.91025e-06
3.18 0.3 4.4829e-06
3.18 0.36 5.06872e-06
3.18 0.42 5.65237e-06
3.18 0.48 6.21657e-06
3.18 0.54 6.74314e-06
3.18 0.6 7.21368e-06
3.18 0.66 7.61104e-06
3.18 0.72 7.9199e-06
3.18 0.78 8.12799e-06
3.24 0.06 1.41938e-06
3.24 0.12 1.69624e-06
3.24 0.18 1.99922e-06
3.24 0.24 2.32393e-06
3.24 0.3 2.66425e-06
3.24 0.36 3.0124e-06
3.24 0.42 3.3593e-06
3.24 0.48 3.6946e-06
