4676 0.06 0.06 0.974168 -12 -12
-1.74 0.36 1.22159e-05
-1.74 0.42 1.43434e-05
-1.74 0.48 1.66098e-05
-1.74 0.54 1.897e-05
-1.74 0.6 2.13679e-05
-1.74 0.66 2.37379e-05
-1.74 0.72 2.60081e-05
-1.74 0.78 2.82704e-05
-1.74 0.84 3.0148e-05
-1.74 0.9 3.17104e-05
-1.74 0.96 3.28978e-05
-1.74 1.02 3.36631e-05
-1.74 1.08 3.39765e-05
-1.74 1.14 3.38246e-05
-1.74 1.2 3.32142e-05
-1.68 0.12 9.2681e-06
-1.68 0.18 1.15017e-05
-1.68 0.24 1.40772e-05
-1.68 0.3 1.6993e-05
-1.68 0.36 2.02301e-05
-1.68 0.42 2.37536e-05
-1.68 0.48 2.75069e-05
-1.68 0.54 3.14155e-05
-1.68 0.6 3.53865e-05
-1.68 0.66 3.95185e-05
-1.68 0.72 4.33228e-05
-1.68 0.78 4.68439e-05
-1.68 0.84 4.99578e-05
-1.68 0.9 5.25503e-05
-1.68 0.96 5.45226e-05
-1.68 1.02 5.57954e-05
-1.68 1.08 5.63195e-05
-1.68 1.14 5.60734e-05
-1.68 1.2 5.50678e-05
-1.68 1.26 5.33439e-05
-1.68 1.32 5.09708e-05
-1.68 1.38 4.80426e-05
-1.68 1.44 4.46679e-05
-1.62 -0.06 7.28922e-06
-1.62 9.71445e-15 9.42941e-06
-1.62 0.06 1.20303e-05
-1.62 0.12 1.51377e-05
-1.62 0.18 1.87856e-05
-1.62 0.24 2.29925e-05
-1.62 0.3 2.77546e-05
-1.62 0.36 3.30422e-05
-1.62 0.42 3.87966e-05
-1.62 0.48 4.49269e-05
-1.62 0.54 5.13106e-05
-1.62 0.6 5.80972e-05
-1.62 0.66 6.45777e-05
-1.62 0.72 7.07988e-05
-1.62 0.78 7.65566e-05
-1.62 0.84 8.16518e-05
-1.62 0.9 8.58943e-05
-1.62 0.96 8.91254e-05
-1.62 1.02 9.12151e-05
-1.62 1.08 9.20801e-05
-1.62 1.14 9.16877e-05
-1.62 1.2 9.00537e-05
-1.62 1.26 8.72453e-05
-1.62 1.32 8.33774e-05
-1.62 1.38 7.85998e-05
-1.62 1.44 7.30917e-05
-1.62 1.5 6.70491e-05
-1.62 1.56 6.06761e-05
-1.62 1.62 5.41683e-05
-1.56 -0.24 4.99193e-06
-1.56 -0.18 6.73133e-06
-1.56 -0.12 8.9522e-06
-1.56 -0.06 1.1742e-05
-1.56 9.71445e-15 1.51895e-05
-1.56 0.06 1.93791e-05
-1.56 0.12 2.43844e-05
-1.56 0.18 3.0261e-05
-1.56 0.24 3.70376e-05
-1.56 0.3 4.47081e-05
-1.56 0.36 5.3226e-05
-1.56 0.42 6.24953e-05
-1.56 0.48 7.2707e-05
-1.56 0.54 8.30802e-05
-1.56 0.6 9.36333e-05
-1.56 0.66 0.000104082
-1.56 0.72 0.000114115
-1.56 0.78 0.000123405
-1.56 0.84 0.000131624
-1.56 0.9 0.000138478
-1.56 0.96 0.000143697
-1.56 1.02 0.000147081
-1.56 1.08 0.000148492
-1.56 1.14 0.000147876
-1.56 1.2 0.00014526
-1.56 1.26 0.000140752
-1.56 1.32 0.000134532
-1.56 1.38 0.000126845
-1.56 1.44 0.000117977
-1.56 1.5 0.000108249
-1.56 1.56 9.79808e-05
-1.56 1.62 8.74935e-05
-1.56 1.68 7.70788e-05
-1.56 1.74 6.69934e-05
-1.56 1.8 5.74486e-05
-1.5 -0.36 4.18418e-06
-1.5 -0.3 5.80052e-06
-1.5 -0.24 7.93071e-06
-1.5 -0.18 1.06942e-05
-1.5 -0.12 1.42223e-05
-1.5 -0.06 1.86545e-05
-1.5 9.71445e-15 2.41316e-05
-1.5 0.06 3.07879e-05
-1.5 0.12 3.87401e-05
-1.5 0.18 4.80758e-05
-1.5 0.24 5.88414e-05
-1.5 0.3 7.10284e-05
-1.5 0.36 8.49105e-05
-1.5 0.42 9.97426e-05
-1.5 0.48 0.000115559
-1.5 0.54 0.000132053
-1.5 0.6 0.000148835
-1.5 0.66 0.000165455
-1.5 0.72 0.000181415
-1.5 0.78 0.000196195
-1.5 0.84 0.000209285
-1.5 0.9 0.000220197
-1.5 0.96 0.00022852
-1.5 1.02 0.000233924
-1.5 1.08 0.000236198
-1.5 1.14 0.000235249
-1.5 1.2 0.000231119
-1.5 1.26 0.000223979
-1.5 1.32 0.000214119
-1.5 1.38 0.00020192
-1.5 1.44 0.000187847
-1.5 1.5 0.000172392
-1.5 1.56 0.000156081
-1.5 1.62 0.000139413
-1.5 1.68 0.000122854
-1.5 1.74 0.000106814
-1.5 1.8 9.16275e-05
-1.5 1.86 7.75548e-05
-1.5 1.92 6.47717e-05
-1.44 -0.48 3.27264e-06
-1.44 -0.42 4.66417e-06
-1.44 -0.36 6.55608e-06
-1.44 -0.3 9.08859e-06
-1.44 -0.24 1.24265e-05
-1.44 -0.18 1.67563e-05
-1.44 -0.12 2.22846e-05
-1.44 -0.06 2.92292e-05
-1.44 9.71445e-15 3.78109e-05
-1.44 0.06 4.82398e-05
-1.44 0.12 6.07e-05
-1.44 0.18 7.53288e-05
-1.44 0.24 9.21969e-05
-1.44 0.3 0.000111747
-1.44 0.36 0.000133096
-1.44 0.42 0.00015635
-1.44 0.48 0.000181155
-1.44 0.54 0.000207021
-1.44 0.6 0.000233343
-1.44 0.66 0.000259415
-1.44 0.72 0.000284461
-1.44 0.78 0.000307661
-1.44 0.84 0.00032821
-1.44 0.9 0.000345359
-1.44 0.96 0.00035845
-1.44 1.02 0.000366972
-1.44 1.08 0.000370582
-1.44 1.14 0.000369143
-1.44 1.2 0.000362718
-1.44 1.26 0.000351574
-1.44 1.32 0.000336159
-1.44 1.38 0.000317077
-1.44 1.44 0.000295036
-1.44 1.5 0.000270835
-1.44 1.56 0.000245273
-1.44 1.62 0.000219147
-1.44 1.68 0.000193181
-1.44 1.74 0.000168017
-1.44 1.8 0.000144185
-1.44 1.86 0.00012209
-1.44 1.92 0.000102013
-1.44 1.98 8.41108e-05
-1.44 2.04 6.84397e-05
-1.38 -0.54 3.49966e-06
-1.38 -0.48 5.05727e-06
-1.38 -0.42 7.20768e-06
-1.38 -0.36 1.01313e-05
-1.38 -0.3 1.40451e-05
-1.38 -0.24 1.92028e-05
-1.38 -0.18 2.58942e-05
-1.38 -0.12 3.44371e-05
-1.38 -0.06 4.51689e-05
-1.38 9.71445e-15 5.8431e-05
-1.38 0.06 7.45476e-05
-1.38 0.12 9.38017e-05
-1.38 0.18 0.000116408
-1.38 0.24 0.00014305
-1.38 0.3 0.000172754
-1.38 0.36 0.000205763
-1.38 0.42 0.00024173
-1.38 0.48 0.000280093
-1.38 0.54 0.000320102
-1.38 0.6 0.000360825
-1.38 0.66 0.000401168
-1.38 0.72 0.000439929
-1.38 0.78 0.000475855
-1.38 0.84 0.000507686
-1.38 0.9 0.000534265
-1.38 0.96 0.000554583
-1.38 1.02 0.000567832
-1.38 1.08 0.000573499
-1.38 1.14 0.000571363
-1.38 1.2 0.000561515
-1.38 1.26 0.000544363
-1.38 1.32 0.000520594
-1.38 1.38 0.000491153
-1.38 1.44 0.000457127
-1.38 1.5 0.000419739
-1.38 1.56 0.000380239
-1.38 1.62 0.000339841
-1.38 1.68 0.000299677
-1.38 1.74 0.000260741
-1.38 1.8 0.000223849
-1.38 1.86 0.000189632
-1.38 1.92 0.000158525
-1.38 1.98 0.000130775
-1.38 2.04 0.000106469
-1.38 2.1 8.55481e-05
-1.32 -0.66 2.45033e-06
-1.32 -0.6 3.64029e-06
-1.32 -0.54 5.33383e-06
-1.32 -0.48 7.7078e-06
-1.32 -0.42 1.09852e-05
-1.32 -0.36 1.54409e-05
-1.32 -0.3 2.1406e-05
-1.32 -0.24 2.9267e-05
-1.32 -0.18 3.94651e-05
-1.32 -0.12 5.24853e-05
-1.32 -0.06 6.8842e-05
-1.32 9.71445e-15 8.90544e-05
-1.32 0.06 0.000113618
-1.32 0.12 0.000142963
-1.32 0.18 0.000178124
-1.32 0.24 0.000218105
-1.32 0.3 0.000263403
-1.32 0.36 0.000313751
-1.32 0.42 0.00036861
-1.32 0.48 0.000427132
-1.32 0.54 0.000488179
-1.32 0.6 0.000550322
-1.32 0.66 0.000611899
-1.32 0.72 0.000671075
-1.32 0.78 0.000725938
-1.32 0.84 0.000774576
-1.32 0.9 0.000815228
-1.32 0.96 0.000846326
-1.32 1.02 0.000866666
-1.32 1.08 0.00087545
-1.32 1.14 0.00087233
-1.32 1.2 0.000857452
-1.32 1.26 0.000831429
-1.32 1.32 0.000795305
-1.32 1.38 0.000750501
-1.32 1.44 0.000698696
-1.32 1.5 0.000641738
-1.32 1.56 0.000581526
-1.32 1.62 0.000519919
-1.32 1.68 0.000458648
-1.32 1.74 0.000399222
-1.32 1.8 0.00034289
-1.32 1.86 0.000290615
-1.32 1.92 0.000243068
-1.32 1.98 0.000200634
-1.32 2.04 0.000163442
-1.32 2.1 0.000131411
-1.32 2.16 0.000104286
-1.32 2.22 8.16915e-05
-1.26 -0.66 3.68319e-06
-1.26 -0.6 5.4719e-06
-1.26 -0.54 8.01753e-06
-1.26 -0.48 1.15859e-05
-1.26 -0.42 1.65124e-05
-1.26 -0.36 2.32099e-05
-1.26 -0.3 3.21761e-05
-1.26 -0.24 4.39926e-05
-1.26 -0.18 5.93214e-05
-1.26 -0.12 7.88931e-05
-1.26 -0.06 0.000103479
-1.26 9.71445e-15 0.000133861
-1.26 0.06 0.000170783
-1.26 0.12 0.000215739
-1.26 0.18 0.000267847
-1.26 0.24 0.000327981
-1.26 0.3 0.000396114
-1.26 0.36 0.000471855
-1.26 0.42 0.000554385
-1.26 0.48 0.000642446
-1.26 0.54 0.000734315
-1.26 0.6 0.000827851
-1.26 0.66 0.000920557
-1.26 0.72 0.00100968
-1.26 0.78 0.00109233
-1.26 0.84 0.00116564
-1.26 0.9 0.00122697
-1.26 0.96 0.00127394
-1.26 1.02 0.00130476
-1.26 1.08 0.0013182
-1.26 1.14 0.00131374
-1.26 1.2 0.00129158
-1.26 1.26 0.00125266
-1.26 1.32 0.00119852
-1.26 1.38 0.0011313
-1.26 1.44 0.0010535
-1.26 1.5 0.00096793
-1.26 1.56 0.000877409
-1.26 1.62 0.000784751
-1.26 1.68 0.000692553
-1.26 1.74 0.000603085
-1.26 1.8 0.000518234
-1.26 1.86 0.000439453
-1.26 1.92 0.000367758
-1.26 1.98 0.000303738
-1.26 2.04 0.000247594
-1.26 2.1 0.000199207
-1.26 2.16 0.000158204
-1.26 2.22 0.000124025
-1.26 2.28 9.59833e-05
-1.2 -0.72 3.62488e-06
-1.2 -0.66 5.46028e-06
-1.2 -0.6 8.11201e-06
-1.2 -0.54 1.18859e-05
-1.2 -0.48 1.71759e-05
-1.2 -0.42 2.44792e-05
-1.2 -0.36 3.44084e-05
-1.2 -0.3 4.77003e-05
-1.2 -0.24 6.52183e-05
-1.2 -0.18 8.79422e-05
-1.2 -0.12 0.000116957
-1.2 -0.06 0.000153406
-1.2 9.71445e-15 0.000198446
-1.2 0.06 0.000254166
-1.2 0.12 0.000319948
-1.2 0.18 0.000397242
-1.2 0.24 0.000486447
-1.2 0.3 0.00058753
-1.2 0.36 0.000699909
-1.2 0.42 0.000822373
-1.2 0.48 0.00095307
-1.2 0.54 0.00108944
-1.2 0.6 0.00122831
-1.2 0.66 0.00136598
-1.2 0.72 0.00149838
-1.2 0.78 0.00162122
-1.2 0.84 0.00173023
-1.2 0.9 0.0018215
-1.2 0.96 0.00189152
-1.2 1.02 0.0019376
-1.2 1.08 0.0019579
-1.2 1.14 0.00195165
-1.2 1.2 0.00191915
-1.2 1.26 0.00186174
-1.2 1.32 0.00178174
-1.2 1.38 0.0016823
-1.2 1.44 0.00156708
-1.2 1.5 0.00144028
-1.2 1.56 0.00130607
-1.2 1.62 0.00116862
-1.2 1.68 0.00103177
-1.2 1.74 0.000898901
-1.2 1.8 0.000772825
-1.2 1.86 0.000655702
-1.2 1.92 0.000549057
-1.2 1.98 0.000453763
-1.2 2.04 0.000370142
-1.2 2.1 0.000298023
-1.2 2.16 0.000236865
-1.2 2.22 0.000185844
-1.2 2.28 0.000143951
-1.2 2.34 0.000110082
-1.2 2.4 8.31146e-05
-1.14 -0.78 3.47004e-06
-1.14 -0.72 5.29993e-06
-1.14 -0.66 7.98348e-06
-1.14 -0.6 1.18606e-05
-1.14 -0.54 1.73783e-05
-1.14 -0.48 2.51129e-05
-1.14 -0.42 3.5791e-05
-1.14 -0.36 5.03088e-05
-1.14 -0.3 6.97424e-05
-1.14 -0.24 9.53561e-05
-1.14 -0.18 0.000128582
-1.14 -0.12 0.000171003
-1.14 -0.06 0.000224294
-1.14 9.71445e-15 0.000291262
-1.14 0.06 0.000371754
-1.14 0.12 0.000467992
-1.14 0.18 0.000581072
-1.14 0.24 0.000711592
-1.14 0.3 0.000859505
-1.14 0.36 0.00102397
-1.14 0.42 0.00120321
-1.14 0.48 0.00139453
-1.14 0.54 0.00159419
-1.14 0.6 0.00179756
-1.14 0.66 0.00199925
-1.14 0.72 0.00219327
-1.14 0.78 0.00237334
-1.14 0.84 0.00253328
-1.14 0.9 0.00266727
-1.14 0.96 0.00277025
-1.14 1.02 0.00283825
-1.14 1.08 0.00286855
-1.14 1.14 0.00286
-1.14 1.2 0.00281302
-1.14 1.26 0.00272956
-1.14 1.32 0.00261303
-1.14 1.38 0.00246792
-1.14 1.44 0.00229969
-1.14 1.5 0.00211436
-1.14 1.56 0.0019181
-1.14 1.62 0.00171698
-1.14 1.68 0.00151663
-1.14 1.74 0.00132199
-1.14 1.8 0.00113719
-1.14 1.86 0.000965425
-1.14 1.92 0.000808914
-1.14 1.98 0.000668974
-1.14 2.04 0.000546086
-1.14 2.1 0.000440028
-1.14 2.16 0.000350015
-1.14 2.22 0.000274859
-1.14 2.28 0.000213093
-1.14 2.34 0.000163111
-1.14 2.4 0.000123275
-1.14 2.46 9.19949e-05
-1.08 -0.78 5.00384e-06
-1.08 -0.72 7.64252e-06
-1.08 -0.66 1.15121e-05
-1.08 -0.6 1.71029e-05
-1.08 -0.54 2.50594e-05
-1.08 -0.48 3.62128e-05
-1.08 -0.42 5.16111e-05
-1.08 -0.36 7.25449e-05
-1.08 -0.3 0.00010057
-1.08 -0.24 0.000137503
-1.08 -0.18 0.000185417
-1.08 -0.12 0.000246588
-1.08 -0.06 0.000324663
-1.08 9.71445e-15 0.000420158
-1.08 0.06 0.000536292
-1.08 0.12 0.00067515
-1.08 0.18 0.000838317
-1.08 0.24 0.00102669
-1.08 0.3 0.00124016
-1.08 0.36 0.00147757
-1.08 0.42 0.00173635
-1.08 0.48 0.00201258
-1.08 0.54 0.00230094
-1.08 0.6 0.00259473
-1.08 0.66 0.00288615
-1.08 0.72 0.00316659
-1.08 0.78 0.00342703
-1.08 0.84 0.00365853
-1.08 0.9 0.00385267
-1.08 0.96 0.00400207
-1.08 1.02 0.00410106
-1.08 1.08 0.00414573
-1.08 1.14 0.00413433
-1.08 1.2 0.00406744
-1.08 1.26 0.0039479
-1.08 1.32 0.00378049
-1.08 1.38 0.00357169
-1.08 1.44 0.00332947
-1.08 1.5 0.00306235
-1.08 1.56 0.00277927
-1.08 1.62 0.00248898
-1.08 1.68 0.00219965
-1.08 1.74 0.0019184
-1.08 1.8 0.00165121
-1.08 1.86 0.00140268
-1.08 1.92 0.00117607
-1.08 1.98 0.000973322
-1.08 2.04 0.000795125
-1.08 2.1 0.000641222
-1.08 2.16 0.000510491
-1.08 2.22 0.00040124
-1.08 2.28 0.000311368
-1.08 2.34 0.000238571
-1.08 2.4 0.000180491
-1.08 2.46 0.000134837
-1.08 2.52 9.94693e-05
-1.02 -0.84 4.59531e-06
-1.02 -0.78 7.11635e-06
-1.02 -0.72 1.08691e-05
-1.02 -0.66 1.63726e-05
-1.02 -0.6 2.43236e-05
-1.02 -0.54 3.56392e-05
-1.02 -0.48 5.15013e-05
-1.02 -0.42 7.33998e-05
-1.02 -0.36 0.000103173
-1.02 -0.3 0.000143029
-1.02 -0.24 0.000195554
-1.02 -0.18 0.000263696
-1.02 -0.12 0.000352007
-1.02 -0.06 0.000461894
-1.02 9.71445e-15 0.000597779
-1.02 0.06 0.00076304
-1.02 0.12 0.000960653
-1.02 0.18 0.0011929
-1.02 0.24 0.001461
-1.02 0.3 0.00176493
-1.02 0.36 0.0021029
-1.02 0.42 0.00247142
-1.02 0.48 0.00286484
-1.02 0.54 0.0032756
-1.02 0.6 0.00369423
-1.02 0.66 0.0041096
-1.02 0.72 0.00450954
-1.02 0.78 0.00488115
-1.02 0.84 0.00521168
-1.02 0.9 0.00548914
-1.02 0.96 0.00570319
-1.02 1.02 0.00584541
-1.02 1.08 0.00591041
-1.02 1.14 0.00589566
-1.02 1.2 0.0058019
-1.02 1.26 0.00563303
-1.02 1.32 0.00539585
-1.02 1.38 0.00509976
-1.02 1.44 0.00475571
-1.02 1.5 0.00437601
-1.02 1.56 0.00397338
-1.02 1.62 0.00356016
-1.02 1.68 0.00314797
-1.02 1.74 0.00274705
-1.02 1.8 0.0023659
-1.02 1.86 0.00201113
-1.02 1.92 0.00168746
-1.02 1.98 0.00139758
-1.02 2.04 0.00114265
-1.02 2.1 0.000922264
-1.02 2.16 0.000734894
-1.02 2.22 0.000578159
-1.02 2.28 0.0004491
-1.02 2.34 0.000344457
-1.02 2.4 0.000260877
-1.02 2.46 0.000195102
-1.02 2.52 0.00014409
-1.02 2.58 0.000105086
-0.96 -0.84 6.4455e-06
-0.96 -0.78 9.98174e-06
-0.96 -0.72 1.52452e-05
-0.96 -0.66 2.29646e-05
-0.96 -0.6 3.41172e-05
-0.96 -0.54 4.99888e-05
-0.96 -0.48 7.22377e-05
-0.96 -0.42 0.000102955
-0.96 -0.36 0.000144714
-0.96 -0.3 0.000200617
-0.96 -0.24 0.000274292
-0.96 -0.18 0.000371241
-0.96 -0.12 0.000493918
-0.96 -0.06 0.000648125
-0.96 9.71445e-15 0.000838827
-0.96 0.06 0.00107078
-0.96 0.12 0.00134816
-0.96 0.18 0.00167417
-0.96 0.24 0.00205062
-0.96 0.3 0.00247733
-0.96 0.36 0.002952
-0.96 0.42 0.00346959
-0.96 0.48 0.00402231
-0.96 0.54 0.0045995
-0.96 0.6 0.00518792
-0.96 0.66 0.00577201
-0.96 0.72 0.00633458
-0.96 0.78 0.00685765
-0.96 0.84 0.00732323
-0.96 0.9 0.00771459
-0.96 0.96 0.00801695
-0.96 1.02 0.00821883
-0.96 1.08 0.00831224
-0.96 1.14 0.00829368
-0.96 1.2 0.00816415
-0.96 1.26 0.00792917
-0.96 1.32 0.00759813
-0.96 1.38 0.00718388
-0.96 1.44 0.00670207
-0.96 1.5 0.0061698
-0.96 1.56 0.00560476
-0.96 1.62 0.0050246
-0.96 1.68 0.00444543
-0.96 1.74 0.00388166
-0.96 1.8 0.00334533
-0.96 1.86 0.00284573
-0.96 1.92 0.00238948
-0.96 1.98 0.00198062
-0.96 2.04 0.0016207
-0.96 2.1 0.00130927
-0.96 2.16 0.00104427
-0.96 2.22 0.000822359
-0.96 2.28 0.000639441
-0.96 2.34 0.000490961
-0.96 2.4 0.000372238
-0.96 2.46 0.000278699
-0.96 2.52 0.00020606
-0.96 2.58 0.000150459
-0.96 2.64 0.000108494
-0.9 -0.9 5.67852e-06
-0.9 -0.84 8.91653e-06
-0.9 -0.78 1.38081e-05
-0.9 -0.72 2.10899e-05
-0.9 -0.66 3.17684e-05
-0.9 -0.6 4.71962e-05
-0.9 -0.54 6.91527e-05
-0.9 -0.48 9.99305e-05
-0.9 -0.42 0.000142421
-0.9 -0.36 0.000200191
-0.9 -0.3 0.000277524
-0.9 -0.24 0.000380834
-0.9 -0.18 0.000513738
-0.9 -0.12 0.000683521
-0.9 -0.06 0.000896971
-0.9 9.71445e-15 0.00116095
-0.9 0.06 0.00148206
-0.9 0.12 0.0018661
-0.9 0.18 0.00231751
-0.9 0.24 0.00283875
-0.9 0.3 0.00342978
-0.9 0.36 0.00408727
-0.9 0.42 0.00480432
-0.9 0.48 0.0055702
-0.9 0.54 0.0063703
-0.9 0.6 0.00718615
-0.9 0.66 0.00799637
-0.9 0.72 0.00877711
-0.9 0.78 0.00950333
-0.9 0.84 0.0101506
-0.9 0.9 0.0106951
-0.9 0.96 0.0111169
-0.9 1.02 0.0113995
-0.9 1.08 0.0115323
-0.9 1.14 0.01151
-0.9 1.2 0.0113339
-0.9 1.26 0.0110114
-0.9 1.32 0.0105557
-0.9 1.38 0.0099843
-0.9 1.44 0.00931889
-0.9 1.5 0.00858289
-0.9 1.56 0.00780113
-0.9 1.62 0.00699754
-0.9 1.68 0.00619474
-0.9 1.74 0.00541269
-0.9 1.8 0.00466803
-0.9 1.86 0.00397387
-0.9 1.92 0.00333945
-0.9 1.98 0.00277036
-0.9 2.04 0.00226893
-0.9 2.1 0.00183467
-0.9 2.16 0.00146473
-0.9 2.22 0.00115464
-0.9 2.28 0.000898765
-0.9 2.34 0.000690821
-0.9 2.4 0.000524349
-0.9 2.46 0.00039303
-0.9 2.52 0.000290933
-0.9 2.58 0.000212677
-0.9 2.64 0.000153539
-0.9 2.7 0.000109468
-0.84 -0.9 7.74751e-06
-0.84 -0.84 1.2165e-05
-0.84 -0.78 1.88392e-05
-0.84 -0.72 2.87736e-05
-0.84 -0.66 4.33431e-05
-0.84 -0.6 6.43921e-05
-0.84 -0.54 9.43482e-05
-0.84 -0.48 0.00013634
-0.84 -0.42 0.000194313
-0.84 -0.36 0.00027313
-0.84 -0.3 0.000378638
-0.84 -0.24 0.000519768
-0.84 -0.18 0.000701176
-0.84 -0.12 0.000932963
-0.84 -0.06 0.00122436
-0.84 9.71445e-15 0.00158476
-0.84 0.06 0.00202319
-0.84 0.12 0.00254759
-0.84 0.18 0.00316411
-0.84 0.24 0.00387608
-0.84 0.3 0.00468345
-0.84 0.36 0.00558176
-0.84 0.42 0.00656171
-0.84 0.48 0.0076087
-0.84 0.54 0.00870263
-0.84 0.6 0.00981851
-0.84 0.66 0.0109271
-0.84 0.72 0.011996
-0.84 0.78 0.0129911
-0.84 0.84 0.0138784
-0.84 0.9 0.0146263
-0.84 0.96 0.0152067
-0.84 1.02 0.0155976
-0.84 1.08 0.0157837
-0.84 1.14 0.0157581
-0.84 1.2 0.0155224
-0.84 1.26 0.0150865
-0.84 1.32 0.014468
-0.84 1.38 0.0136912
-0.84 1.44 0.0127846
-0.84 1.5 0.0117813
-0.84 1.56 0.0107141
-0.84 1.62 0.00961638
-0.84 1.68 0.00851869
-0.84 1.74 0.00744842
-0.84 1.8 0.0064285
-0.84 1.86 0.00547683
-0.84 1.92 0.00460632
-0.84 1.98 0.00382468
-0.84 2.04 0.00313537
-0.84 2.1 0.0025377
-0.84 2.16 0.00202806
-0.84 2.22 0.00160039
-0.84 2.28 0.00124708
-0.84 2.34 0.000959617
-0.84 2.4 0.000729203
-0.84 2.46 0.000547209
-0.84 2.52 0.000405533
-0.84 2.58 0.0002968
-0.84 2.64 0.000214523
-0.84 2.7 0.000153125
-0.84 2.76 0.00010794
-0.78 -0.96 6.54791e-06
-0.78 -0.9 1.0425e-05
-0.78 -0.84 1.63692e-05
-0.78 -0.78 2.53498e-05
-0.78 -0.72 3.87176e-05
-0.78 -0.66 5.83219e-05
-0.78 -0.6 8.66447e-05
-0.78 -0.54 0.000126953
-0.78 -0.48 0.000183456
-0.78 -0.42 0.000261464
-0.78 -0.36 0.000367519
-0.78 -0.3 0.000511511
-0.78 -0.24 0.000699652
-0.78 -0.18 0.0009439
-0.78 -0.12 0.00125597
-0.78 -0.06 0.00164833
-0.78 9.71445e-15 0.00213367
-0.78 0.06 0.00272413
-0.78 0.12 0.00343042
-0.78 0.18 0.00426087
-0.78 0.24 0.00522007
-0.78 0.3 0.006308
-0.78 0.36 0.00751859
-0.78 0.42 0.00883969
-0.78 0.48 0.0102513
-0.78 0.54 0.0117267
-0.78 0.6 0.0132324
-0.78 0.66 0.0147288
-0.78 0.72 0.0161724
-0.78 0.78 0.0175176
-0.78 0.84 0.0187182
-0.78 0.9 0.0197316
-0.78 0.96 0.0205202
-0.78 1.02 0.0210534
-0.78 1.08 0.0213113
-0.78 1.14 0.0212842
-0.78 1.2 0.0209738
-0.78 1.26 0.0203931
-0.78 1.32 0.0195655
-0.78 1.38 0.0185238
-0.78 1.44 0.0173065
-0.78 1.5 0.015957
-0.78 1.56 0.0145205
-0.78 1.62 0.0130411
-0.78 1.68 0.0115604
-0.78 1.74 0.0101154
-0.78 1.8 0.00873717
-0.78 1.86 0.00744994
-0.78 1.92 0.0062713
-0.78 1.98 0.00521196
-0.78 2.04 0.00427672
-0.78 2.1 0.00346498
-0.78 2.16 0.002772
-0.78 2.22 0.00218982
-0.78 2.28 0.00170825
-0.78 2.34 0.00131598
-0.78 2.4 0.00100116
-0.78 2.46 0.000752171
-0.78 2.52 0.000558083
-0.78 2.58 0.000408927
-0.78 2.64 0.000295913
-0.78 2.7 0.000211466
-0.78 2.76 0.000149235
-0.72 -0.96 8.68966e-06
-0.72 -0.9 1.38348e-05
-0.72 -0.84 2.17234e-05
-0.72 -0.78 3.36413e-05
-0.72 -0.72 5.1382e-05
-0.72 -0.66 7.73983e-05
-0.72 -0.6 0.000114985
-0.72 -0.54 0.000168478
-0.72 -0.48 0.000243464
-0.72 -0.42 0.000346986
-0.72 -0.36 0.000487729
-0.72 -0.3 0.000679077
-0.72 -0.24 0.000928892
-0.72 -0.18 0.00125322
-0.72 -0.12 0.00166763
-0.72 -0.06 0.00218873
-0.72 9.71445e-15 0.00283335
-0.72 0.06 0.00361768
-0.72 0.12 0.00455599
-0.72 0.18 0.00565939
-0.72 0.24 0.00693402
-0.72 0.3 0.00837998
-0.72 0.36 0.00998939
-0.72 0.42 0.011746
-0.72 0.48 0.0136235
-0.72 0.54 0.0155867
-0.72 0.6 0.0175909
-0.72 0.66 0.0195837
-0.72 0.72 0.0215073
-0.72 0.78 0.0233011
-0.72 0.84 0.024904
-0.72 0.9 0.0262593
-0.72 0.96 0.0273163
-0.72 1.02 0.0280348
-0.72 1.08 0.028388
-0.72 1.14 0.0283624
-0.72 1.2 0.02796
-0.72 1.26 0.0271978
-0.72 1.32 0.0261066
-0.72 1.38 0.0247291
-0.72 1.44 0.0231168
-0.72 1.5 0.021327
-0.72 1.56 0.0194195
-0.72 1.62 0.0174528
-0.72 1.68 0.0154826
-0.72 1.74 0.013558
-0.72 1.8 0.0117203
-0.72 1.86 0.0100023
-0.72 1.92 0.00842757
-0.72 1.98 0.00701075
-0.72 2.04 0.00575845
-0.72 2.1 0.00467035
-0.72 2.16 0.00374031
-0.72 2.22 0.00295801
-0.72 2.28 0.00231015
-0.72 2.34 0.0017817
-0.72 2.4 0.00135704
-0.72 2.46 0.00102074
-0.72 2.52 0.000758242
-0.72 2.58 0.000556245
-0.72 2.64 0.000402986
-0.72 2.7 0.000288311
-0.72 2.76 0.000203695
-0.72 2.82 0.000142111
-0.66 -0.96 1.13735e-05
-0.66 -0.9 1.81077e-05
-0.66 -0.84 2.84328e-05
-0.66 -0.78 4.40316e-05
-0.66 -0.72 6.72514e-05
-0.66 -0.66 0.000101303
-0.66 -0.6 0.000150499
-0.66 -0.54 0.000220514
-0.66 -0.48 0.000318659
-0.66 -0.42 0.000454154
-0.66 -0.36 0.000641097
-0.66 -0.3 0.000889174
-0.66 -0.24 0.00121634
-0.66 -0.18 0.00164109
-0.66 -0.12 0.0021839
-0.66 -0.06 0.00286649
-0.66 9.71445e-15 0.00371097
-0.66 0.06 0.00473857
-0.66 0.12 0.00596811
-0.66 0.18 0.00741418
-0.66 0.24 0.00908492
-0.66 0.3 0.0109806
-0.66 0.36 0.013091
-0.66 0.42 0.015395
-0.66 0.48 0.0178585
-0.66 0.54 0.0204353
-0.66 0.6 0.0230669
-0.66 0.66 0.0256851
-0.66 0.72 0.0282142
-0.66 0.78 0.0305744
-0.66 0.84 0.0326861
-0.66 0.9 0.0344745
-0.66 0.96 0.0358732
-0.66 1.02 0.0368294
-0.66 1.08 0.037307
-0.66 1.14 0.0372881
-0.66 1.2 0.036775
-0.66 1.26 0.0357893
-0.66 1.32 0.0343708
-0.66 1.38 0.0325753
-0.66 1.44 0.0304693
-0.66 1.5 0.0281283
-0.66 1.56 0.0256297
-0.66 1.62 0.0230509
-0.66 1.68 0.0204646
-0.66 1.74 0.0179354
-0.66 1.8 0.0155178
-0.66 1.86 0.0132551
-0.66 1.92 0.011179
-0.66 1.98 0.00930886
-0.66 2.04 0.00765402
-0.66 2.1 0.00621438
-0.66 2.16 0.00498233
-0.66 2.22 0.00394471
-0.66 2.28 0.00308428
-0.66 2.34 0.00238152
-0.66 2.4 0.00181602
-0.66 2.46 0.00136758
-0.66 2.52 0.00101708
-0.66 2.58 0.000746995
-0.66 2.64 0.0005418
-0.66 2.7 0.000388065
-0.66 2.76 0.000274472
-0.66 2.82 0.000191696
-0.66 2.88 0.000132198
-0.6 -1.02 9.09485e-06
-0.6 -0.96 1.46817e-05
-0.6 -0.9 2.33744e-05
-0.6 -0.84 3.67029e-05
-0.6 -0.78 5.68383e-05
-0.6 -0.72 8.6812e-05
-0.6 -0.66 0.000130768
-0.6 -0.6 0.000194273
-0.6 -0.54 0.000284653
-0.6 -0.48 0.000411344
-0.6 -0.42 0.000588725
-0.6 -0.36 0.000827905
-0.6 -0.3 0.00114831
-0.6 -0.24 0.00157091
-0.6 -0.18 0.0021196
-0.6 -0.12 0.00282081
-0.6 -0.06 0.00370272
-0.6 9.71445e-15 0.0047939
-0.6 0.06 0.00612187
-0.6 0.12 0.00771109
-0.6 0.18 0.00958038
-0.6 0.24 0.0117405
-0.6 0.3 0.014192
-0.6 0.36 0.016922
-0.6 0.42 0.0199028
-0.6 0.48 0.0230914
-0.6 0.54 0.0264278
-0.6 0.6 0.0298368
-0.6 0.66 0.0332306
-0.6 0.72 0.0365113
-0.6 0.78 0.0395754
-0.6 0.84 0.0423208
-0.6 0.9 0.0446496
-0.6 0.96 0.0464767
-0.6 1.02 0.0477331
-0.6 1.08 0.0483712
-0.6 1.14 0.0483674
-0.6 1.2 0.0477239
-0.6 1.26 0.046468
-0.6 1.32 0.0446507
-0.6 1.38 0.0423429
-0.6 1.44 0.0396306
-0.6 1.5 0.0366101
-0.6 1.56 0.0333823
-0.6 1.62 0.0300465
-0.6 1.68 0.026697
-0.6 1.74 0.0234176
-0.6 1.8 0.0202794
-0.6 1.86 0.0173389
-0.6 1.92 0.0146377
-0.6 1.98 0.0122014
-0.6 2.04 0.0100431
-0.6 2.1 0.00816312
-0.6 2.16 0.00655209
-0.6 2.22 0.00519351
-0.6 2.28 0.00406539
-0.6 2.34 0.00314277
-0.6 2.4 0.00239932
-0.6 2.46 0.00180896
-0.6 2.52 0.00134692
-0.6 2.58 0.000990378
-0.6 2.64 0.000719134
-0.6 2.7 0.00051565
-0.6 2.76 0.000365106
-0.6 2.82 0.000255259
-0.6 2.88 0.000176209
-0.54 -1.02 1.15789e-05
-0.54 -0.96 1.86915e-05
-0.54 -0.9 2.97583e-05
-0.54 -0.84 4.67271e-05
-0.54 -0.78 7.23618e-05
-0.54 -0.72 0.000110521
-0.54 -0.66 0.000166482
-0.54 -0.6 0.000247331
-0.54 -0.54 0.000362394
-0.54 -0.48 0.000523683
-0.54 -0.42 0.000749819
-0.54 -0.36 0.00105449
-0.54 -0.3 0.00146265
-0.54 -0.24 0.00200103
-0.54 -0.18 0.00270014
-0.54 -0.12 0.00359362
-0.54 -0.06 0.00471748
-0.54 9.71445e-15 0.0061082
-0.54 0.06 0.00780097
-0.54 0.12 0.00982698
-0.54 0.18 0.0122104
-0.54 0.24 0.0149654
-0.54 0.3 0.0180925
-0.54 0.36 0.021576
-0.54 0.42 0.0253808
-0.54 0.48 0.0294517
-0.54 0.54 0.0337135
-0.54 0.6 0.0380705
-0.54 0.66 0.0424106
-0.54 0.72 0.046609
-0.54 0.78 0.0505342
-0.54 0.84 0.0540567
-0.54 0.9 0.0570499
-0.54 0.96 0.0594055
-0.54 1.02 0.0610352
-0.54 1.08 0.0618777
-0.54 1.14 0.0619014
-0.54 1.2 0.0611081
-0.54 1.26 0.0595321
-0.54 1.32 0.0572376
-0.54 1.38 0.0543124
-0.54 1.44 0.0508681
-0.54 1.5 0.0470244
-0.54 1.56 0.042911
-0.54 1.62 0.0386543
-0.54 1.68 0.0343746
-0.54 1.74 0.0301792
-0.54 1.8 0.0261596
-0.54 1.86 0.0223888
-0.54 1.92 0.0189201
-0.54 1.98 0.0157881
-0.54 2.04 0.0130093
-0.54 2.1 0.010586
-0.54 2.16 0.00850658
-0.54 2.22 0.00675052
-0.54 2.28 0.0052904
-0.54 2.34 0.00409456
-0.54 2.4 0.00312961
-0.54 2.46 0.00236234
-0.54 2.52 0.00176096
-0.54 2.58 0.0012963
-0.54 2.64 0.000942311
-0.54 2.7 0.000676398
-0.54 2.76 0.000479427
-0.54 2.82 0.000335521
-0.54 2.88 0.000231839
-0.54 2.94 0.00015816
-0.48 -1.02 1.45385e-05
-0.48 -0.96 2.34692e-05
-0.48 -0.9 3.73654e-05
-0.48 -0.84 5.86707e-05
-0.48 -0.78 9.08593e-05
-0.48 -0.72 0.000138773
-0.48 -0.66 0.000209039
-0.48 -0.6 0.000310554
-0.48 -0.54 0.000455027
-0.48 -0.48 0.000660557
-0.48 -0.42 0.0009419
-0.48 -0.36 0.00132468
-0.48 -0.3 0.00183753
-0.48 -0.24 0.002514
-0.48 -0.18 0.00339256
-0.48 -0.12 0.00451553
-0.48 -0.06 0.00592813
-0.48 9.71445e-15 0.00767643
-0.48 0.06 0.00980472
-0.48 0.12 0.0123523
-0.48 0.18 0.0153501
-0.48 0.24 0.0188159
-0.48 0.3 0.022751
-0.48 0.36 0.0271351
-0.48 0.42 0.0319262
-0.48 0.48 0.0370542
-0.48 0.54 0.0424245
-0.48 0.6 0.0479181
-0.48 0.66 0.0533938
-0.48 0.72 0.0586952
-0.48 0.78 0.0636588
-0.48 0.84 0.0681168
-0.48 0.9 0.0719146
-0.48 0.96 0.0749136
-0.48 1.02 0.0770004
-0.48 1.08 0.0780983
-0.48 1.14 0.0781671
-0.48 1.2 0.0772072
-0.48 1.26 0.0752597
-0.48 1.32 0.0724028
-0.48 1.38 0.0687495
-0.48 1.44 0.0644344
-0.48 1.5 0.0596111
-0.48 1.56 0.0544406
-0.48 1.62 0.0490818
-0.48 1.68 0.0436865
-0.48 1.74 0.0383906
-0.48 1.8 0.0333102
-0.48 1.86 0.0285377
-0.48 1.92 0.0241419
-0.48 1.98 0.0201673
-0.48 2.04 0.0166366
-0.48 2.1 0.0135528
-0.48 2.16 0.0109033
-0.48 2.22 0.00866261
-0.48 2.28 0.00679686
-0.48 2.34 0.0052667
-0.48 2.4 0.00403027
-0.48 2.46 0.00304568
-0.48 2.52 0.00227292
-0.48 2.58 0.00167502
-0.48 2.64 0.00121894
-0.48 2.7 0.000875882
-0.48 2.76 0.000621442
-0.48 2.82 0.000435331
-0.48 2.88 0.000301086
-0.48 2.94 0.000205581
-0.48 3 0.000138572
-0.42 -1.08 1.09996e-05
-0.42 -1.02 1.8004e-05
-0.42 -0.96 2.90636e-05
-0.42 -0.9 4.62714e-05
-0.42 -0.84 7.26556e-05
-0.42 -0.78 0.000112516
-0.42 -0.72 0.000171848
-0.42 -0.66 0.000258865
-0.42 -0.6 0.000384579
-0.42 -0.54 0.00056349
-0.42 -0.48 0.00081836
-0.42 -0.42 0.00116697
-0.42 -0.36 0.00164131
-0.42 -0.3 0.00227682
-0.42 -0.24 0.0031153
-0.42 -0.18 0.00420423
-0.42 -0.12 0.00559632
-0.42 -0.06 0.0073476
-0.42 9.71445e-15 0.00951536
-0.42 0.06 0.0121548
-0.42 0.12 0.0153149
-0.42 0.18 0.0190341
-0.42 0.24 0.0233351
-0.42 0.3 0.0282193
-0.42 0.36 0.0336634
-0.42 0.42 0.0396138
-0.42 0.48 0.0459861
-0.42 0.54 0.0526629
-0.42 0.6 0.0594967
-0.42 0.66 0.0663139
-0.42 0.72 0.0729203
-0.42 0.78 0.0791107
-0.42 0.84 0.0846816
-0.42 0.9 0.0894368
-0.42 0.96 0.0932047
-0.42 1.02 0.0958459
-0.42 1.08 0.09726
-0.42 1.14 0.0973965
-0.42 1.2 0.0962546
-0.42 1.26 0.0938837
-0.42 1.32 0.0903813
-0.42 1.38 0.0858807
-0.42 1.44 0.0805508
-0.42 1.5 0.0745804
-0.42 1.56 0.0681684
-0.42 1.62 0.0615136
-0.42 1.68 0.0548033
-0.42 1.74 0.0482067
-0.42 1.8 0.0418695
-0.42 1.86 0.0359088
-0.42 1.92 0.0304105
-0.42 1.98 0.0254322
-0.42 2.04 0.0210036
-0.42 2.1 0.0171303
-0.42 2.16 0.0137976
-0.42 2.22 0.010975
-0.42 2.28 0.00862136
-0.42 2.34 0.00668824
-0.42 2.4 0.00512394
-0.42 2.46 0.0038766
-0.42 2.52 0.00289623
-0.42 2.58 0.0021367
-0.42 2.64 0.00155652
-0.42 2.7 0.0011196
-0.42 2.76 0.000795136
-0.42 2.82 0.000557524
-0.42 2.88 0.000385938
-0.42 2.94 0.000263739
-0.42 3 0.000177916
-0.36 -1.08 1.34344e-05
-0.36 -1.02 2.19889e-05
-0.36 -0.96 3.54961e-05
-0.36 -0.9 5.65131e-05
-0.36 -0.84 8.87371e-05
-0.36 -0.78 0.00013742
-0.36 -0.72 0.000209888
-0.36 -0.66 0.00031616
-0.36 -0.6 0.000469697
-0.36 -0.54 0.00068821
-0.36 -0.48 0.000999971
-0.36 -0.42 0.00142601
-0.36 -0.36 0.00200573
-0.36 -0.3 0.00278259
-0.36 -0.24 0.00380753
-0.36 -0.18 0.0051388
-0.36 -0.12 0.00684092
-0.36 -0.06 0.00898264
-0.36 9.71445e-15 0.011634
-0.36 0.06 0.0148627
-0.36 0.12 0.0187291
-0.36 0.18 0.0232808
-0.36 0.24 0.0285453
-0.36 0.3 0.0345262
-0.36 0.36 0.0411942
-0.36 0.42 0.048486
-0.36 0.48 0.0562977
-0.36 0.54 0.0644878
-0.36 0.6 0.0728755
-0.36 0.66 0.0812486
-0.36 0.72 0.0893714
-0.36 0.78 0.0969927
-0.36 0.84 0.103862
-0.36 0.9 0.10974
-0.36 0.96 0.114414
-0.36 1.02 0.117713
-0.36 1.08 0.119513
-0.36 1.14 0.119749
-0.36 1.2 0.118418
-0.36 1.26 0.115577
-0.36 1.32 0.11134
-0.36 1.38 0.105875
-0.36 1.44 0.099383
-0.36 1.5 0.0920949
-0.36 1.56 0.0842521
-0.36 1.62 0.0760968
-0.36 1.68 0.0678615
-0.36 1.74 0.059754
-0.36 1.8 0.0519534
-0.36 1.86 0.0446047
-0.36 1.92 0.0378174
-0.36 1.98 0.0316625
-0.36 2.04 0.0261793
-0.36 2.1 0.0213765
-0.36 2.16 0.0172377
-0.36 2.22 0.0137275
-0.36 2.28 0.0107962
-0.36 2.34 0.00838517
-0.36 2.4 0.00643136
-0.36 2.46 0.00487113
-0.36 2.52 0.00364325
-0.36 2.58 0.00269062
-0.36 2.64 0.00196206
-0.36 2.7 0.00141268
-0.36 2.76 0.00100422
-0.36 2.82 0.000704757
-0.36 2.88 0.00048827
-0.36 2.94 0.000333937
-0.36 3 0.000225438
-0.36 3.06 0.000150222
-0.3 -1.08 1.61823e-05
-0.3 -1.02 2.64868e-05
-0.3 -0.96 4.27569e-05
-0.3 -0.9 6.8073e-05
-0.3 -0.84 0.000106887
-0.3 -0.78 0.00016553
-0.3 -0.72 0.000252816
-0.3 -0.66 0.000380829
-0.3 -0.6 0.000565772
-0.3 -0.54 0.000833472
-0.3 -0.48 0.00120514
-0.3 -0.42 0.00171869
-0.3 -0.36 0.00241755
-0.3 -0.3 0.00335411
-0.3 -0.24 0.0045899
-0.3 -0.18 0.00619531
-0.3 -0.12 0.00824816
-0.3 -0.06 0.0108314
-0.3 9.71445e-15 0.01403
-0.3 0.06 0.017926
-0.3 0.12 0.0225923
-0.3 0.18 0.0280868
-0.3 0.24 0.0344445
-0.3 0.3 0.0416684
-0.3 0.36 0.0497261
-0.3 0.42 0.0585409
-0.3 0.48 0.0679894
-0.3 0.54 0.0779003
-0.3 0.6 0.0880578
-0.3 0.66 0.0982066
-0.3 0.72 0.108061
-0.3 0.78 0.117322
-0.3 0.84 0.125681
-0.3 0.9 0.132853
-0.3 0.96 0.138578
-0.3 1.02 0.142647
-0.3 1.08 0.144909
-0.3 1.14 0.145282
-0.3 1.2 0.143761
-0.3 1.26 0.14041
-0.3 1.32 0.135365
-0.3 1.38 0.128821
-0.3 1.44 0.121023
-0.3 1.5 0.112246
-0.3 1.56 0.102781
-0.3 1.62 0.092923
-0.3 1.68 0.08295
-0.3 1.74 0.0731164
-0.3 1.8 0.0636404
-0.3 1.86 0.0546996
-0.3 1.92 0.046428
-0.3 1.98 0.0389168
-0.3 2.04 0.032215
-0.3 2.1 0.0263355
-0.3 2.16 0.0212617
-0.3 2.22 0.0169521
-0.3 2.28 0.0133476
-0.3 2.34 0.0103785
-0.3 2.4 0.00796921
-0.3 2.46 0.00604255
-0.3 2.52 0.00452411
-0.3 2.58 0.00334462
-0.3 2.64 0.00244135
-0.3 2.7 0.00175943
-0.3 2.76 0.00125182
-0.3 2.82 0.000879275
-0.3 2.88 0.000609668
-0.3 2.94 0.000417281
-0.3 3 0.000281905
-0.3 3.06 0.000187973
-0.24 -1.08 1.92243e-05
-0.24 -1.02 3.1466e-05
-0.24 -0.96 5.07946e-05
-0.24 -0.9 8.08697e-05
-0.24 -0.84 0.000126983
-0.24 -0.78 0.000196646
-0.24 -0.72 0.000300345
-0.24 -0.66 0.000452422
-0.24 -0.6 0.00067213
-0.24 -0.54 0.000990657
-0.24 -0.48 0.00143249
-0.24 -0.42 0.00204306
-0.24 -0.36 0.00287403
-0.24 -0.3 0.00398773
-0.24 -0.24 0.0054574
-0.24 -0.18 0.00736696
-0.24 -0.12 0.00980889
-0.24 -0.06 0.0128825
-0.24 9.71445e-15 0.0166889
-0.24 0.06 0.0213261
-0.24 0.12 0.0268816
-0.24 0.18 0.0334244
-0.24 0.24 0.0409973
-0.24 0.3 0.0496057
-0.24 0.36 0.0592112
-0.24 0.42 0.0697241
-0.24 0.48 0.0809979
-0.24 0.54 0.0928316
-0.24 0.6 0.10497
-0.24 0.66 0.117108
-0.24 0.72 0.128907
-0.24 0.78 0.140009
-0.24 0.84 0.150052
-0.24 0.9 0.158689
-0.24 0.96 0.165613
-0.24 1.02 0.170571
-0.24 1.08 0.173381
-0.24 1.14 0.17394
-0.24 1.2 0.172236
-0.24 1.26 0.168344
-0.24 1.32 0.162422
-0.24 1.38 0.154697
-0.24 1.44 0.145462
-0.24 1.5 0.135035
-0.24 1.56 0.123768
-0.24 1.62 0.112009
-0.24 1.68 0.100092
-0.24 1.74 0.0883201
-0.24 1.8 0.0769591
-0.24 1.86 0.0662225
-0.24 1.92 0.0562733
-0.24 1.98 0.0472245
-0.24 2.04 0.0391374
-0.24 2.1 0.0320325
-0.24 2.16 0.0258915
-0.24 2.22 0.0206672
-0.24 2.28 0.0162915
-0.24 2.34 0.0126818
-0.24 2.4 0.00974834
-0.24 2.46 0.00739946
-0.24 2.52 0.00554575
-0.24 2.58 0.00410397
-0.24 2.64 0.00299848
-0.24 2.7 0.00216286
-0.24 2.76 0.00154019
-0.24 2.82 0.0010827
-0.24 2.88 0.000751295
-0.24 2.94 0.000514585
-0.24 3 0.000347875
-0.24 3.06 0.000232105
-0.24 3.12 0.000152838
-0.18 -1.08 2.25245e-05
-0.18 -1.02 3.68676e-05
-0.18 -0.96 5.95144e-05
-0.18 -0.9 9.4751e-05
-0.18 -0.84 0.000148781
-0.18 -0.78 0.000230403
-0.18 -0.72 0.000351902
-0.18 -0.66 0.000530083
-0.18 -0.6 0.000787513
-0.18 -0.54 0.00116137
-0.18 -0.48 0.00167944
-0.18 -0.42 0.00239543
-0.18 -0.36 0.00336993
-0.18 -0.3 0.00467619
-0.18 -0.24 0.00640024
-0.18 -0.18 0.00864045
-0.18 -0.12 0.0115058
-0.18 -0.06 0.015113
-0.18 9.71445e-15 0.019581
-0.18 0.06 0.0250254
-0.18 0.12 0.0315498
-0.18 0.18 0.039236
-0.18 0.24 0.048135
-0.18 0.3 0.0582541
-0.18 0.36 0.0695512
-0.18 0.42 0.0819204
-0.18 0.48 0.0951934
-0.18 0.54 0.109135
-0.18 0.6 0.123446
-0.18 0.66 0.137772
-0.18 0.72 0.151714
-0.18 0.78 0.164851
-0.18 0.84 0.17676
-0.18 0.9 0.187031
-0.18 0.96 0.195298
-0.18 1.02 0.201265
-0.18 1.08 0.204711
-0.18 1.14 0.205511
-0.18 1.2 0.203645
-0.18 1.26 0.199198
-0.18 1.32 0.192349
-0.18 1.38 0.18336
-0.18 1.44 0.17257
-0.18 1.5 0.160354
-0.18 1.56 0.147121
-0.18 1.62 0.133281
-0.18 1.68 0.119229
-0.18 1.74 0.105323
-0.18 1.8 0.0918779
-0.18 1.86 0.0791507
-0.18 1.92 0.0673375
-0.18 1.98 0.0565758
-0.18 2.04 0.0469425
-0.18 2.1 0.0384661
-0.18 2.16 0.0311276
-0.18 2.22 0.0248755
-0.18 2.28 0.0196308
-0.18 2.34 0.0152981
-0.18 2.4 0.011772
-0.18 2.46 0.00894474
-0.18 2.52 0.00671059
-0.18 2.58 0.00497069
-0.18 2.64 0.00363499
-0.18 2.7 0.00262428
-0.18 2.76 0.0018703
-0.18 2.82 0.00131576
-0.18 2.88 0.000913671
-0.18 2.94 0.000626227
-0.18 3 0.000423618
-0.18 3.06 0.000282808
-0.18 3.12 0.000186326
-0.12 -1.14 1.56836e-05
-0.12 -1.08 2.60283e-05
-0.12 -1.02 4.26027e-05
-0.12 -0.96 6.87724e-05
-0.12 -0.9 0.000109491
-0.12 -0.84 0.000171924
-0.12 -0.78 0.000266245
-0.12 -0.72 0.000406642
-0.12 -0.66 0.000612541
-0.12 -0.6 0.000915859
-0.12 -0.54 0.00134286
-0.12 -0.48 0.00194201
-0.12 -0.42 0.00277014
-0.12 -0.36 0.00389741
-0.12 -0.3 0.00540857
-0.12 -0.24 0.00740338
-0.12 -0.18 0.00999574
-0.12 -0.12 0.0133123
-0.12 -0.06 0.017488
-0.12 9.71445e-15 0.0226614
-0.12 0.06 0.0289669
-0.12 0.12 0.0365253
-0.12 0.18 0.0454324
-0.12 0.24 0.0557489
-0.12 0.3 0.0674839
-0.12 0.36 0.0805918
-0.12 0.42 0.0949506
-0.12 0.48 0.11037
-0.12 0.54 0.126576
-0.12 0.6 0.143226
-0.12 0.66 0.15991
-0.12 0.72 0.176169
-0.12 0.78 0.191513
-0.12 0.84 0.205451
-0.12 0.9 0.217508
-0.12 0.96 0.227255
-0.12 1.02 0.234348
-0.12 1.08 0.238521
-0.12 1.14 0.239626
-0.12 1.2 0.237633
-0.12 1.26 0.232634
-0.12 1.32 0.22483
-0.12 1.38 0.214518
-0.12 1.44 0.202086
-0.12 1.5 0.187968
-0.12 1.56 0.172633
-0.12 1.62 0.156562
-0.12 1.68 0.140209
-0.12 1.74 0.123995
-0.12 1.8 0.108291
-0.12 1.86 0.0933989
-0.12 1.92 0.079552
-0.12 1.98 0.066917
-0.12 2.04 0.0555881
-0.12 2.1 0.0456031
-0.12 2.16 0.0369458
-0.12 2.22 0.0295582
-0.12 2.28 0.0233521
-0.12 2.34 0.0182175
-0.12 2.4 0.014033
-0.12 2.46 0.0106734
-0.12 2.52 0.00801509
-0.12 2.58 0.00594242
-0.12 2.64 0.0043494
-0.12 2.7 0.00314261
-0.12 2.76 0.00224144
-0.12 2.82 0.00157801
-0.12 2.88 0.00109653
-0.12 2.94 0.000752036
-0.12 3 0.000509023
-0.12 3.06 0.000340011
-0.12 3.12 0.000224129
-0.06 -1.14 1.78742e-05
-0.06 -1.08 2.96639e-05
-0.06 -1.02 4.85531e-05
-0.06 -0.96 7.83778e-05
-0.06 -0.9 0.000124784
-0.06 -0.84 0.000195936
-0.06 -0.78 0.000303433
-0.06 -0.72 0.00046344
-0.06 -0.66 0.000698095
-0.06 -0.6 0.00104441
-0.06 -0.54 0.00153144
-0.06 -0.48 0.00221491
-0.06 -0.42 0.00315965
-0.06 -0.36 0.0044458
-0.06 -0.3 0.00617021
-0.06 -0.24 0.00844678
-0.06 -0.18 0.0114059
-0.06 -0.12 0.0151923
-0.06 -0.06 0.0199606
-0.06 9.71445e-15 0.0258696
-0.06 0.06 0.0330735
-0.06 0.12 0.0417112
-0.06 0.18 0.051894
-0.06 0.24 0.0636924
-0.06 0.3 0.0771191
-0.06 0.36 0.0921238
-0.06 0.42 0.10857
-0.06 0.48 0.126243
-0.06 0.54 0.144832
-0.06 0.6 0.163948
-0.06 0.66 0.183124
-0.06 0.72 0.201835
-0.06 0.78 0.219527
-0.06 0.84 0.235629
-0.06 0.9 0.249604
-0.06 0.96 0.260954
-0.06 1.02 0.269277
-0.06 1.08 0.274269
-0.06 1.14 0.27575
-0.06 1.2 0.273679
-0.06 1.26 0.268153
-0.06 1.32 0.25939
-0.06 1.38 0.247729
-0.06 1.44 0.233601
-0.06 1.5 0.217507
-0.06 1.56 0.199974
-0.06 1.62 0.181555
-0.06 1.68 0.162774
-0.06 1.74 0.144117
-0.06 1.8 0.126011
-0.06 1.86 0.108808
-0.06 1.92 0.092786
-0.06 1.98 0.0781409
-0.06 2.04 0.064988
-0.06 2.1 0.0533756
-0.06 2.16 0.0432915
-0.06 2.22 0.0346736
-0.06 2.28 0.0274228
-0.06 2.34 0.0214153
-0.06 2.4 0.0165131
-0.06 2.46 0.0125718
-0.06 2.52 0.00944931
-0.06 2.58 0.00701184
-0.06 2.64 0.00513639
-0.06 2.7 0.00371416
-0.06 2.76 0.002651
-0.06 2.82 0.00186765
-0.06 2.88 0.00129863
-0.06 2.94 0.000891172
-0.06 3 0.000603535
-0.06 3.06 0.000403352
-0.06 3.12 0.000266007
-0.06 3.18 0.000173104
9.71445e-15 -1.14 2.00908e-05
9.71445e-15 -1.08 3.33424e-05
9.71445e-15 -1.02 5.45739e-05
9.71445e-15 -0.96 8.8097e-05
9.71445e-15 -0.9 0.000140258
9.71445e-15 -0.84 0.000220233
9.71445e-15 -0.78 0.00034106
9.71445e-15 -0.72 0.000520913
9.71445e-15 -0.66 0.000784667
9.71445e-15 -0.6 0.00117471
9.71445e-15 -0.54 0.00172263
9.71445e-15 -0.48 0.00249161
9.71445e-15 -0.42 0.00355466
9.71445e-15 -0.36 0.00500208
9.71445e-15 -0.3 0.00694301
9.71445e-15 -0.24 0.00950585
9.71445e-15 -0.18 0.0128375
9.71445e-15 -0.12 0.0171017
9.71445e-15 -0.06 0.0224728
9.71445e-15 9.71445e-15 0.0291304
9.71445e-15 0.06 0.0372493
9.71445e-15 0.12 0.0469872
9.71445e-15 0.18 0.0584721
9.71445e-15 0.24 0.0717833
9.71445e-15 0.3 0.0869399
9.71445e-15 0.36 0.103885
9.71445e-15 0.42 0.122472
9.71445e-15 0.48 0.142459
9.71445e-15 0.54 0.1635
9.71445e-15 0.6 0.185157
9.71445e-15 0.66 0.206908
9.71445e-15 0.72 0.228164
9.71445e-15 0.78 0.248297
9.71445e-15 0.84 0.266662
9.71445e-15 0.9 0.282654
9.71445e-15 0.96 0.295704
9.71445e-15 1.02 0.305354
9.71445e-15 1.08 0.311249
9.71445e-15 1.14 0.313183
9.71445e-15 1.2 0.311097
9.71445e-15 1.26 0.305087
9.71445e-15 1.32 0.295393
9.71445e-15 1.38 0.282393
9.71445e-15 1.44 0.26656
9.71445e-15 1.5 0.248459
9.71445e-15 1.56 0.228683
9.71445e-15 1.62 0.207852
9.71445e-15 1.68 0.186564
9.71445e-15 1.74 0.165371
9.71445e-15 1.8 0.144763
9.71445e-15 1.86 0.125147
9.71445e-15 1.92 0.106845
9.71445e-15 1.98 0.0900851
9.71445e-15 2.04 0.0750087
9.71445e-15 2.1 0.0616759
9.71445e-15 2.16 0.0500785
9.71445e-15 2.22 0.0401528
9.71445e-15 2.28 0.0317893
9.71445e-15 2.34 0.0248508
9.71445e-15 2.4 0.0191807
9.71445e-15 2.46 0.014616
9.71445e-15 2.52 0.0109956
9.71445e-15 2.58 0.00816597
9.71445e-15 2.64 0.00598654
9.71445e-15 2.7 0.00433212
9.71445e-15 2.76 0.00309425
9.71445e-15 2.82 0.00218132
9.71445e-15 2.88 0.00151764
9.71445e-15 2.94 0.00104205
9.71445e-15 3 0.000706079
9.71445e-15 3.06 0.000472115
9.71445e-15 3.12 0.000311491
9.71445e-15 3.18 0.000202786
0.06 -1.14 2.22717e-05
0.06 -1.08 3.69617e-05
0.06 -1.02 6.04981e-05
0.06 -0.96 9.76609e-05
0.06 -0.9 0.000155483
0.06 -0.84 0.000244143
0.06 -0.78 0.000378081
0.06 -0.72 0.000577461
0.06 -0.66 0.000869849
0.06 -0.6 0.00130317
0.06 -0.54 0.00191116
0.06 -0.48 0.00276453
0.06 -0.42 0.00394439
0.06 -0.36 0.00555112
0.06 -0.3 0.00770595
0.06 -0.24 0.0105518
0.06 -0.18 0.0142522
0.06 -0.12 0.0189888
0.06 -0.06 0.0249569
0.06 9.71445e-15 0.0323566
0.06 0.06 0.0413834
0.06 0.12 0.0522143
0.06 0.18 0.0649921
0.06 0.24 0.0798089
0.06 0.3 0.0966896
0.06 0.36 0.115573
0.06 0.42 0.136298
0.06 0.48 0.1586
0.06 0.54 0.182102
0.06 0.6 0.206317
0.06 0.66 0.230669
0.06 0.72 0.254503
0.06 0.78 0.277114
0.06 0.84 0.297801
0.06 0.9 0.315863
0.06 0.96 0.330683
0.06 1.02 0.341731
0.06 1.08 0.348609
0.06 1.14 0.351072
0.06 1.2 0.349043
0.06 1.26 0.342618
0.06 1.32 0.33206
0.06 1.38 0.317768
0.06 1.44 0.300271
0.06 1.5 0.280181
0.06 1.56 0.258171
0.06 1.62 0.23492
0.06 1.68 0.211105
0.06 1.74 0.187343
0.06 1.8 0.164188
0.06 1.86 0.142109
0.06 1.92 0.121468
0.06 1.98 0.102533
0.06 2.04 0.0854693
0.06 2.1 0.0703561
0.06 2.16 0.0571888
0.06 2.22 0.0459018
0.06 2.28 0.0363778
0.06 2.34 0.0284652
0.06 2.4 0.0219906
0.06 2.46 0.0167721
0.06 2.52 0.0126282
0.06 2.58 0.00938591
0.06 2.64 0.00688597
0.06 2.7 0.00498647
0.06 2.76 0.00356397
0.06 2.82 0.00251397
0.06 2.88 0.00175008
0.06 2.94 0.00120227
0.06 3 0.000815045
0.06 3.06 0.000545215
0.06 3.12 0.000359871
0.06 3.18 0.000234369
0.12 -1.14 2.43499e-05
0.12 -1.08 4.0411e-05
0.12 -1.02 6.61436e-05
0.12 -0.96 0.000106774
0.12 -0.9 0.000169995
0.12 -0.84 0.000266925
0.12 -0.78 0.000413366
0.12 -0.72 0.00063135
0.12 -0.66 0.000958942
0.12 -0.6 0.0014259
0.12 -0.54 0.00209132
0.12 -0.48 0.00302543
0.12 -0.42 0.00431712
0.12 -0.36 0.00607636
0.12 -0.3 0.00843622
0.12 -0.24 0.0115531
0.12 -0.18 0.0156072
0.12 -0.12 0.0207978
0.12 -0.06 0.0273394
0.12 9.71445e-15 0.0354529
0.12 0.06 0.0453534
0.12 0.12 0.0572369
0.12 0.18 0.0712627
0.12 0.24 0.0875353
0.12 0.3 0.106084
0.12 0.36 0.126846
0.12 0.42 0.149652
0.12 0.48 0.174211
0.12 0.54 0.200115
0.12 0.6 0.226836
0.12 0.66 0.253742
0.12 0.72 0.280115
0.12 0.78 0.305195
0.12 0.84 0.32819
0.12 0.9 0.348342
0.12 0.96 0.364958
0.12 1.02 0.377446
0.12 1.08 0.385365
0.12 1.14 0.388433
0.12 1.2 0.386551
0.12 1.26 0.379808
0.12 1.32 0.368475
0.12 1.38 0.352987
0.12 1.44 0.333913
0.12 1.5 0.31192
0.12 1.56 0.287743
0.12 1.62 0.262132
0.12 1.68 0.235832
0.12 1.74 0.209533
0.12 1.8 0.183853
0.12 1.86 0.159315
0.12 1.92 0.136333
0.12 1.98 0.115211
0.12 2.04 0.0961453
0.12 2.1 0.0792293
0.12 2.16 0.0644698
0.12 2.22 0.0517984
0.12 2.28 0.0410909
0.12 2.34 0.032183
0.12 2.4 0.0248852
0.12 2.46 0.0189959
0.12 2.52 0.0143139
0.12 2.58 0.0106468
0.12 2.64 0.00781657
0.12 2.7 0.00566403
0.12 2.76 0.00405071
0.12 2.82 0.00285895
0.12 2.88 0.0019913
0.12 2.94 0.00136867
0.12 3 0.000928257
0.12 3.06 0.000621205
0.12 3.12 0.000410187
0.12 3.18 0.000267233
0.12 3.24 0.000171769
0.18 -1.14 2.62565e-05
0.18 -1.08 4.35747e-05
0.18 -1.02 7.13223e-05
0.18 -0.96 0.000115135
0.18 -0.9 0.000183303
0.18 -0.84 0.000287823
0.18 -0.78 0.000445729
0.18 -0.72 0.000680773
0.18 -0.66 0.00103483
0.18 -0.6 0.00153889
0.18 -0.54 0.00225724
0.18 -0.48 0.00326578
0.18 -0.42 0.00466059
0.18 -0.36 0.00656065
0.18 -0.3 0.00910962
0.18 -0.24 0.0124776
0.18 -0.18 0.0168586
0.18 -0.12 0.0224695
0.18 -0.06 0.0295427
0.18 9.71445e-15 0.0383181
0.18 0.06 0.0490308
0.18 0.12 0.0618947
0.18 0.18 0.0770847
0.18 0.24 0.0947169
0.18 0.3 0.114827
0.18 0.36 0.137352
0.18 0.42 0.162111
0.18 0.48 0.1888
0.18 0.54 0.216978
0.18 0.6 0.246079
0.18 0.66 0.275424
0.18 0.72 0.304239
0.18 0.78 0.331689
0.18 0.84 0.356929
0.18 0.9 0.379125
0.18 0.96 0.397523
0.18 1.02 0.411476
0.18 1.08 0.420477
0.18 1.14 0.424216
0.18 1.2 0.422567
0.18 1.26 0.415612
0.18 1.32 0.403638
0.18 1.38 0.38709
0.18 1.44 0.366579
0.18 1.5 0.342823
0.18 1.56 0.316615
0.18 1.62 0.288774
0.18 1.68 0.260107
0.18 1.74 0.231373
0.18 1.8 0.203252
0.18 1.86 0.176329
0.18 1.92 0.151065
0.18 1.98 0.127803
0.18 2.04 0.10677
0.18 2.1 0.0880788
0.18 2.16 0.0717434
0.18 2.22 0.0576992
0.18 2.28 0.0458149
0.18 2.34 0.0359153
0.18 2.4 0.0277944
0.18 2.46 0.0212336
0.18 2.52 0.0160122
0.18 2.58 0.0119185
0.18 2.64 0.00875591
0.18 2.7 0.00634872
0.18 2.76 0.00454299
0.18 2.82 0.00320811
0.18 2.88 0.00223558
0.18 2.94 0.00153726
0.18 3 0.00104305
0.18 3.06 0.000698296
0.18 3.12 0.000461254
0.18 3.18 0.000300598
0.18 3.24 0.000193275
0.24 -1.14 2.7923e-05
0.24 -1.08 4.63407e-05
0.24 -1.02 7.58489e-05
0.24 -0.96 0.000122441
0.24 -0.9 0.000194938
0.24 -0.84 0.000306092
0.24 -0.78 0.000474017
0.24 -0.72 0.00072399
0.24 -0.66 0.00110146
0.24 -0.6 0.0016381
0.24 -0.54 0.00240302
0.24 -0.48 0.00347709
0.24 -0.42 0.00496273
0.24 -0.36 0.0069869
0.24 -0.3 0.00970314
0.24 -0.24 0.0132924
0.24 -0.18 0.0179628
0.24 -0.12 0.0239459
0.24 -0.06 0.0314912
0.24 9.71445e-15 0.0408555
0.24 0.06 0.0522909
0.24 0.12 0.0660287
0.24 0.18 0.0822593
0.24 0.24 0.101108
0.24 0.3 0.122623
0.24 0.36 0.146735
0.24 0.42 0.173264
0.24 0.48 0.201884
0.24 0.54 0.232137
0.24 0.6 0.263418
0.24 0.66 0.295005
0.24 0.72 0.326078
0.24 0.78 0.355745
0.24 0.84 0.383097
0.24 0.9 0.407242
0.24 0.96 0.42736
0.24 1.02 0.442741
0.24 1.08 0.452847
0.24 1.14 0.457315
0.24 1.2 0.455999
0.24 1.26 0.448964
0.24 1.32 0.43649
0.24 1.38 0.419061
0.24 1.44 0.397305
0.24 1.5 0.371989
0.24 1.56 0.343952
0.24 1.62 0.314075
0.24 1.68 0.283226
0.24 1.74 0.252235
0.24 1.8 0.221838
0.24 1.86 0.19267
0.24 1.92 0.165251
0.24 1.98 0.139958
0.24 2.04 0.117049
0.24 2.1 0.096657
0.24 2.16 0.078808
0.24 2.22 0.0634405
0.24 2.28 0.0504194
0.24 2.34 0.0395585
0.24 2.4 0.0306388
0.24 2.46 0.0234243
0.24 2.52 0.017677
0.24 2.58 0.0131662
0.24 2.64 0.00967879
0.24 2.7 0.00702193
0.24 2.76 0.0050274
0.24 2.82 0.00355198
0.24 2.88 0.00247635
0.24 2.94 0.00170354
0.24 3 0.00115631
0.24 3.06 0.000774407
0.24 3.12 0.00051169
0.24 3.18 0.000333573
0.24 3.24 0.000214536
0.3 -1.14 2.92872e-05
0.3 -1.08 4.86046e-05
0.3 -1.02 7.95548e-05
0.3 -0.96 0.000128423
0.3 -0.9 0.000204461
0.3 -0.84 0.000321043
0.3 -0.78 0.000497179
0.3 -0.72 0.000759353
0.3 -0.66 0.00115634
0.3 -0.6 0.00171991
0.3 -0.54 0.00252331
0.3 -0.48 0.00365159
0.3 -0.42 0.00521252
0.3 -0.36 0.00733956
0.3 -0.3 0.0101945
0.3 -0.24 0.0139681
0.3 -0.18 0.0188797
0.3 -0.12 0.0251739
0.3 -0.06 0.0331136
0.3 9.71445e-15 0.0429712
0.3 0.06 0.0550145
0.3 0.12 0.0694893
0.3 0.18 0.0865999
0.3 0.24 0.106485
0.3 0.3 0.129192
0.3 0.36 0.154666
0.3 0.42 0.182714
0.3 0.48 0.213007
0.3 0.54 0.24506
0.3 0.6 0.278249
0.3 0.66 0.311814
0.3 0.72 0.34489
0.3 0.78 0.376548
0.3 0.84 0.40581
0.3 0.9 0.431747
0.3 0.96 0.453465
0.3 1.02 0.470218
0.3 1.08 0.48141
0.3 1.14 0.486644
0.3 1.2 0.485748
0.3 1.26 0.478772
0.3 1.32 0.465988
0.3 1.38 0.447886
0.3 1.44 0.42512
0.3 1.5 0.398496
0.3 1.56 0.368892
0.3 1.62 0.337244
0.3 1.68 0.304478
0.3 1.74 0.271476
0.3 1.8 0.239035
0.3 1.86 0.207842
0.3 1.92 0.178457
0.3 1.98 0.151305
0.3 2.04 0.126669
0.3 2.1 0.104703
0.3 2.16 0.0854505
0.3 2.22 0.0688498
0.3 2.28 0.0547656
0.3 2.34 0.0430033
0.3 2.4 0.0333323
0.3 2.46 0.025502
0.3 2.52 0.0192577
0.3 2.58 0.0143529
0.3 2.64 0.0105573
0.3 2.7 0.00766338
0.3 2.76 0.00548942
0.3 2.82 0.00388019
0.3 2.88 0.00270635
0.3 2.94 0.0018625
0.3 3 0.00126467
0.3 3.06 0.00084725
0.3 3.12 0.00056
0.3 3.18 0.000365167
0.3 3.24 0.000234913
0.36 -1.14 3.02955e-05
0.36 -1.08 5.0278e-05
0.36 -1.02 8.22939e-05
0.36 -0.96 0.000132845
0.36 -0.9 0.000211502
0.36 -0.84 0.000332099
0.36 -0.78 0.000514298
0.36 -0.72 0.000785501
0.36 -0.66 0.00119738
0.36 -0.6 0.00178114
0.36 -0.54 0.00261345
0.36 -0.48 0.00378254
0.36 -0.42 0.00540026
0.36 -0.36 0.00760518
0.36 -0.3 0.0105653
0.36 -0.24 0.0144789
0.36 -0.18 0.0195744
0.36 -0.12 0.0261061
0.36 -0.06 0.0343484
0.36 9.71445e-15 0.0445865
0.36 0.06 0.0571003
0.36 0.12 0.072148
0.36 0.18 0.089945
0.36 0.24 0.110643
0.36 0.3 0.134296
0.36 0.36 0.16085
0.36 0.42 0.190118
0.36 0.48 0.221758
0.36 0.54 0.255278
0.36 0.6 0.290033
0.36 0.66 0.325242
0.36 0.72 0.360005
0.36 0.78 0.393355
0.36 0.84 0.424273
0.36 0.9 0.451774
0.36 0.96 0.474935
0.36 1.02 0.49295
0.36 1.08 0.505185
0.36 1.14 0.51121
0.36 1.2 0.510812
0.36 1.26 0.504029
0.36 1.32 0.491123
0.36 1.38 0.472586
0.36 1.44 0.449092
0.36 1.5 0.421458
0.36 1.56 0.390608
0.36 1.62 0.357514
0.36 1.68 0.323155
0.36 1.74 0.288459
0.36 1.8 0.254274
0.36 1.86 0.221336
0.36 1.92 0.190247
0.36 1.98 0.161468
0.36 2.04 0.135312
0.36 2.1 0.111955
0.36 2.16 0.0914521
0.36 2.22 0.0737497
0.36 2.28 0.0587106
0.36 2.34 0.0461368
0.36 2.4 0.0357873
0.36 2.46 0.027399
0.36 2.52 0.0207032
0.36 2.58 0.0154394
0.36 2.64 0.0113626
0.36 2.7 0.00825212
0.36 2.76 0.00591395
0.36 2.82 0.00418207
0.36 2.88 0.00291806
0.36 2.94 0.00200895
0.36 3 0.00136457
0.36 3.06 0.000914459
0.36 3.12 0.000604593
0.36 3.18 0.000394344
0.36 3.24 0.000253741
0.42 -1.14 3.09078e-05
0.42 -1.08 5.12945e-05
0.42 -1.02 8.39575e-05
0.42 -0.96 0.00013553
0.42 -0.9 0.000215777
0.42 -0.84 0.000338814
0.42 -0.78 0.000524693
0.42 -0.72 0.000801383
0.42 -0.66 0.00122296
0.42 -0.6 0.00181939
0.42 -0.54 0.00266992
0.42 -0.48 0.00386484
0.42 -0.42 0.00551861
0.42 -0.36 0.00777324
0.42 -0.3 0.0108009
0.42 -0.24 0.0148048
0.42 -0.18 0.0200197
0.42 -0.12 0.0267066
0.42 -0.06 0.0351487
0.42 9.71445e-15 0.045639
0.42 0.06 0.0584676
0.42 0.12 0.0739025
0.42 0.18 0.0921687
0.42 0.24 0.113425
0.42 0.3 0.137738
0.42 0.36 0.165057
0.42 0.42 0.195196
0.42 0.48 0.227813
0.42 0.54 0.262414
0.42 0.6 0.298344
0.42 0.66 0.334802
0.42 0.72 0.370869
0.42 0.78 0.405553
0.42 0.84 0.437808
0.42 0.9 0.46661
0.42 0.96 0.490996
0.42 1.02 0.510122
0.42 1.08 0.523329
0.42 1.14 0.530131
0.42 1.2 0.530301
0.42 1.26 0.523849
0.42 1.32 0.511021
0.42 1.38 0.492302
0.42 1.44 0.468377
0.42 1.5 0.440071
0.42 1.56 0.408338
0.42 1.62 0.374179
0.42 1.68 0.338605
0.42 1.74 0.302592
0.42 1.8 0.267029
0.42 1.86 0.232689
0.42 1.92 0.200213
0.42 1.98 0.170097
0.42 2.04 0.142679
0.42 2.1 0.118158
0.42 2.16 0.0966039
0.42 2.22 0.0779681
0.42 2.28 0.0621177
0.42 2.34 0.0488495
0.42 2.4 0.0379172
0.42 2.46 0.0290483
0.42 2.52 0.0219626
0.42 2.58 0.0163876
0.42 2.64 0.0120668
0.42 2.7 0.00876766
0.42 2.76 0.00628613
0.42 2.82 0.00444707
0.42 2.88 0.00310412
0.42 2.94 0.00213776
0.42 3 0.00145251
0.42 3.06 0.000973664
0.42 3.12 0.000643906
0.42 3.18 0.000420088
0.42 3.24 0.000270364
0.42 3.3 0.000171651
0.48 -1.14 3.10994e-05
0.48 -1.08 5.16123e-05
0.48 -1.02 8.44776e-05
0.48 -0.96 0.000136369
0.48 -0.9 0.000217113
0.48 -0.84 0.000340911
0.48 -0.78 0.000527941
0.48 -0.72 0.000806348
0.48 -0.66 0.00123204
0.48 -0.6 0.00183314
0.48 -0.54 0.00269049
0.48 -0.48 0.00389522
0.48 -0.42 0.00556293
0.48 -0.36 0.0078371
0.48 -0.3 0.010892
0.48 -0.24 0.0149331
0.48 -0.18 0.0201981
0.48 -0.12 0.0269521
0.48 -0.06 0.0354825
0.48 9.71445e-15 0.0460876
0.48 0.06 0.0590633
0.48 0.12 0.0746844
0.48 0.18 0.093184
0.48 0.24 0.114727
0.48 0.3 0.139389
0.48 0.36 0.167124
0.48 0.42 0.197756
0.48 0.48 0.230944
0.48 0.54 0.2662
0.48 0.6 0.302864
0.48 0.66 0.340132
0.48 0.72 0.377078
0.48 0.78 0.412695
0.48 0.84 0.445918
0.48 0.9 0.475703
0.48 0.96 0.501059
0.48 1.02 0.521113
0.48 1.08 0.535167
0.48 1.14 0.54272
0.48 1.2 0.543504
0.48 1.26 0.537503
0.48 1.32 0.524948
0.48 1.38 0.506312
0.48 1.44 0.482272
0.48 1.5 0.453662
0.48 1.56 0.421439
0.48 1.62 0.386629
0.48 1.68 0.350269
0.48 1.74 0.313363
0.48 1.8 0.27683
0.48 1.86 0.24148
0.48 1.92 0.207987
0.48 1.98 0.176872
0.48 2.04 0.1485
0.48 2.1 0.123087
0.48 2.16 0.100715
0.48 2.22 0.0813511
0.48 2.28 0.0648602
0.48 2.34 0.0510418
0.48 2.4 0.0396448
0.48 2.46 0.03039
0.48 2.52 0.0229899
0.48 2.58 0.0171629
0.48 2.64 0.0126436
0.48 2.7 0.00919094
0.48 2.76 0.00659229
0.48 2.82 0.00466541
0.48 2.88 0.00325761
0.48 2.94 0.00224418
0.48 3 0.00152526
0.48 3.06 0.00102271
0.48 3.12 0.000676494
0.48 3.18 0.000441442
0.48 3.24 0.000284166
0.48 3.3 0.000180446
0.54 -1.08 5.1218e-05
0.54 -1.02 8.3832e-05
0.54 -0.96 0.000135327
0.54 -0.9 0.000215455
0.54 -0.84 0.000338308
0.54 -0.78 0.000523907
0.54 -0.72 0.000800191
0.54 -0.66 0.00122427
0.54 -0.6 0.00182183
0.54 -0.54 0.00267431
0.54 -0.48 0.00387244
0.54 -0.42 0.00553141
0.54 -0.36 0.00779438
0.54 -0.3 0.010835
0.54 -0.24 0.0148587
0.54 -0.18 0.0201028
0.54 -0.12 0.0268329
0.54 -0.06 0.0353372
0.54 9.71445e-15 0.0459151
0.54 0.06 0.0588649
0.54 0.12 0.0744649
0.54 0.18 0.0929531
0.54 0.24 0.114499
0.54 0.3 0.139186
0.54 0.36 0.166976
0.54 0.42 0.197703
0.54 0.48 0.231037
0.54 0.54 0.266495
0.54 0.6 0.303428
0.54 0.66 0.341039
0.54 0.72 0.378408
0.54 0.78 0.414518
0.54 0.84 0.448309
0.54 0.9 0.478722
0.54 0.96 0.504755
0.54 1.02 0.525514
0.54 1.08 0.540276
0.54 1.14 0.548514
0.54 1.2 0.549931
0.54 1.26 0.544488
0.54 1.32 0.53239
0.54 1.38 0.514098
0.54 1.44 0.490258
0.54 1.5 0.461716
0.54 1.56 0.429419
0.54 1.62 0.394396
0.54 1.68 0.357705
0.54 1.74 0.32036
0.54 1.8 0.283307
0.54 1.86 0.247379
0.54 1.92 0.213277
0.54 1.98 0.181537
0.54 2.04 0.15255
0.54 2.1 0.126551
0.54 2.16 0.103632
0.54 2.22 0.0837681
0.54 2.28 0.0668342
0.54 2.34 0.0526299
0.54 2.4 0.0409028
0.54 2.46 0.0313717
0.54 2.52 0.0237453
0.54 2.58 0.0177353
0.54 2.64 0.0130712
0.54 2.7 0.00950557
0.54 2.76 0.00682061
0.54 2.82 0.00482862
0.54 2.88 0.00337267
0.54 2.94 0.00232411
0.54 3 0.00157999
0.54 3.06 0.00105967
0.54 3.12 0.000701094
0.54 3.18 0.000457591
0.54 3.24 0.000294613
0.54 3.3 0.000187113
0.6 -1.08 5.01277e-05
0.6 -1.02 8.20479e-05
0.6 -0.96 0.000132449
0.6 -0.9 0.00021087
0.6 -0.84 0.000331111
0.6 -0.78 0.000512759
0.6 -0.72 0.00078316
0.6 -0.66 0.00119997
0.6 -0.6 0.00178595
0.6 -0.54 0.00262206
0.6 -0.48 0.00379747
0.6 -0.42 0.00542547
0.6 -0.36 0.00764686
0.6 -0.3 0.0106324
0.6 -0.24 0.0145849
0.6 -0.18 0.0197383
0.6 -0.12 0.0263547
0.6 -0.06 0.0347192
0.6 9.71445e-15 0.0451295
0.6 0.06 0.0578822
0.6 0.12 0.0732554
0.6 0.18 0.0914871
0.6 0.24 0.112753
0.6 0.3 0.137142
0.6 0.36 0.164626
0.6 0.42 0.195047
0.6 0.48 0.228093
0.6 0.54 0.263295
0.6 0.6 0.300024
0.6 0.66 0.337501
0.6 0.72 0.374814
0.6 0.78 0.410963
0.6 0.84 0.444903
0.6 0.9 0.475562
0.6 0.96 0.501955
0.6 1.02 0.523168
0.6 1.08 0.538465
0.6 1.14 0.547296
0.6 1.2 0.549343
0.6 1.26 0.54454
0.6 1.32 0.533075
0.6 1.38 0.515361
0.6 1.44 0.492042
0.6 1.5 0.463921
0.6 1.56 0.431965
0.6 1.62 0.397179
0.6 1.68 0.360619
0.6 1.74 0.323307
0.6 1.8 0.286204
0.6 1.86 0.250156
0.6 1.92 0.215871
0.6 1.98 0.183908
0.6 2.04 0.154672
0.6 2.1 0.128414
0.6 2.16 0.105237
0.6 2.22 0.0851246
0.6 2.28 0.0679613
0.6 2.34 0.0535499
0.6 2.4 0.0416412
0.6 2.46 0.031955
0.6 2.52 0.0241985
0.6 2.58 0.0180821
0.6 2.64 0.0133322
0.6 2.7 0.0096991
0.6 2.76 0.00696192
0.6 2.82 0.00493024
0.6 2.88 0.00344466
0.6 2.94 0.00237434
0.6 3 0.00161456
0.6 3.06 0.00108308
0.6 3.12 0.000716737
0.6 3.18 0.000467882
0.6 3.24 0.000301292
0.6 3.3 0.000191384
0.66 -1.08 4.83871e-05
0.66 -1.02 7.91989e-05
0.66 -0.96 0.000127849
0.66 -0.9 0.000203547
0.66 -0.84 0.000319608
0.66 -0.78 0.000494956
0.66 -0.72 0.000755956
0.66 -0.66 0.00116013
0.66 -0.6 0.00172696
0.66 -0.54 0.00253592
0.66 -0.48 0.00367348
0.66 -0.42 0.0052495
0.66 -0.36 0.00740052
0.66 -0.3 0.0102927
0.66 -0.24 0.0141229
0.66 -0.18 0.0191193
0.66 -0.12 0.0255373
0.66 -0.06 0.033655
0.66 9.71445e-15 0.0437641
0.66 0.06 0.0561559
0.66 0.12 0.0711045
0.66 0.18 0.0888475
0.66 0.24 0.109563
0.66 0.3 0.133342
0.66 0.36 0.160169
0.66 0.42 0.1899
0.66 0.48 0.222241
0.66 0.54 0.256742
0.66 0.6 0.292802
0.66 0.66 0.329665
0.66 0.72 0.36645
0.66 0.78 0.402189
0.66 0.84 0.435838
0.66 0.9 0.466368
0.66 0.96 0.492779
0.66 1.02 0.514173
0.66 1.08 0.529807
0.66 1.14 0.539117
0.66 1.2 0.541769
0.66 1.26 0.537669
0.66 1.32 0.526964
0.66 1.38 0.510051
0.66 1.44 0.487534
0.66 1.5 0.460201
0.66 1.56 0.428975
0.66 1.62 0.394858
0.66 1.68 0.358891
0.66 1.74 0.322088
0.66 1.8 0.285407
0.66 1.86 0.249691
0.66 1.92 0.21566
0.66 1.98 0.183886
0.66 2.04 0.154778
0.66 2.1 0.128596
0.66 2.16 0.105461
0.66 2.22 0.0853629
0.66 2.28 0.0681937
0.66 2.34 0.0537635
0.66 2.4 0.0418299
0.66 2.46 0.0321157
0.66 2.52 0.024331
0.66 2.58 0.0181888
0.66 2.64 0.0134161
0.66 2.7 0.00976358
0.66 2.76 0.00701042
0.66 2.82 0.00496607
0.66 2.88 0.00347065
0.66 2.94 0.00239286
0.66 3 0.00162751
0.66 3.06 0.00109199
0.66 3.12 0.00072277
0.66 3.18 0.000471904
0.66 3.24 0.000303926
0.66 3.3 0.000193083
0.72 -1.08 4.60645e-05
0.72 -1.02 7.53972e-05
0.72 -0.96 0.000121713
0.72 -0.9 0.000193775
0.72 -0.84 0.000304269
0.72 -0.78 0.000471194
0.72 -0.72 0.000719674
0.72 -0.66 0.00110637
0.72 -0.6 0.00164724
0.72 -0.54 0.00241934
0.72 -0.48 0.00350535
0.72 -0.42 0.00501041
0.72 -0.36 0.00706538
0.72 -0.3 0.00982932
0.72 -0.24 0.0134916
0.72 -0.18 0.0182706
0.72 -0.12 0.0244128
0.72 -0.06 0.0321864
0.72 9.71445e-15 0.0418727
0.72 0.06 0.0537548
0.72 0.12 0.0681003
0.72 0.18 0.0851417
0.72 0.24 0.105055
0.72 0.3 0.127938
0.72 0.36 0.153786
0.72 0.42 0.182464
0.72 0.48 0.213706
0.72 0.54 0.24709
0.72 0.6 0.282041
0.72 0.66 0.317845
0.72 0.72 0.353656
0.72 0.78 0.388531
0.72 0.84 0.421481
0.72 0.9 0.451489
0.72 0.96 0.477587
0.72 1.02 0.498894
0.72 1.08 0.514656
0.72 1.14 0.524312
0.72 1.2 0.527506
0.72 1.26 0.524125
0.72 1.32 0.514295
0.72 1.38 0.498365
0.72 1.44 0.476908
0.72 1.5 0.450673
0.72 1.56 0.420556
0.72 1.62 0.38752
0.72 1.68 0.352583
0.72 1.74 0.316738
0.72 1.8 0.280928
0.72 1.86 0.245994
0.72 1.92 0.21265
0.72 1.98 0.181464
0.72 2.04 0.152855
0.72 2.1 0.127091
0.72 2.16 0.104296
0.72 2.22 0.0844719
0.72 2.28 0.0675209
0.72 2.34 0.053262
0.72 2.4 0.04146
0.72 2.46 0.0318462
0.72 2.52 0.0241373
0.72 2.58 0.0180509
0.72 2.64 0.0133191
0.72 2.7 0.00969618
0.72 2.76 0.00696416
0.72 2.82 0.00493464
0.72 2.88 0.00344954
0.72 2.94 0.00237883
0.72 3 0.00161831
0.72 3.06 0.00108603
0.72 3.12 0.000718944
0.72 3.18 0.000469477
0.72 3.24 0.000302408
0.72 3.3 0.000192144
0.78 -1.08 4.32506e-05
0.78 -1.02 7.07913e-05
0.78 -0.96 0.000114276
0.78 -0.9 0.00018194
0.78 -0.84 0.000285681
0.78 -0.78 0.000442413
0.78 -0.72 0.000675715
0.78 -0.66 0.00104077
0.78 -0.6 0.00154985
0.78 -0.54 0.00227679
0.78 -0.48 0.00329961
0.78 -0.42 0.00471758
0.78 -0.36 0.00665433
0.78 -0.3 0.0092605
0.78 -0.24 0.0127149
0.78 -0.18 0.0172254
0.78 -0.12 0.0230255
0.78 -0.06 0.0303707
0.78 9.71445e-15 0.0395296
0.78 0.06 0.0507727
0.78 0.12 0.0643573
0.78 0.18 0.0805104
0.78 0.24 0.0994047
0.78 0.3 0.121141
0.78 0.36 0.14572
0.78 0.42 0.173032
0.78 0.48 0.202826
0.78 0.54 0.234714
0.78 0.6 0.268161
0.78 0.66 0.302491
0.78 0.72 0.336907
0.78 0.78 0.370522
0.78 0.84 0.402373
0.78 0.9 0.431501
0.78 0.96 0.45696
0.78 1.02 0.477891
0.78 1.08 0.493564
0.78 1.14 0.503417
0.78 1.2 0.507082
0.78 1.26 0.504424
0.78 1.32 0.495533
0.78 1.38 0.480736
0.78 1.44 0.460553
0.78 1.5 0.435702
0.78 1.56 0.407016
0.78 1.62 0.375427
0.78 1.68 0.341919
0.78 1.74 0.30745
0.78 1.8 0.272936
0.78 1.86 0.2392
0.78 1.92 0.206945
0.78 1.98 0.176731
0.78 2.04 0.148976
0.78 2.1 0.123948
0.78 2.16 0.10178
0.78 2.22 0.0824829
0.78 2.28 0.0659662
0.78 2.34 0.0520621
0.78 2.4 0.0405451
0.78 2.46 0.0311568
0.78 2.52 0.023624
0.78 2.58 0.0176733
0.78 2.64 0.0130449
0.78 2.7 0.00949941
0.78 2.76 0.0068247
0.78 2.82 0.00483706
0.78 2.88 0.0033821
0.78 2.94 0.00233283
0.78 3 0.00158731
0.78 3.06 0.00106541
0.78 3.12 0.000705404
0.78 3.18 0.000460704
0.78 3.24 0.000296794
0.78 3.3 0.000188599
0.84 -1.02 6.5554e-05
0.84 -0.96 0.000105822
0.84 -0.9 0.000168477
0.84 -0.84 0.000264544
0.84 -0.78 0.00040968
0.84 -0.72 0.000625714
0.84 -0.66 0.000965744
0.84 -0.6 0.00143846
0.84 -0.54 0.00211365
0.84 -0.48 0.00306398
0.84 -0.42 0.00438194
0.84 -0.36 0.00618276
0.84 -0.3 0.00860708
0.84 -0.24 0.0118222
0.84 -0.18 0.0160223
0.84 -0.12 0.0214268
0.84 -0.06 0.0282752
0.84 9.71445e-15 0.0368209
0.84 0.06 0.0473196
0.84 0.12 0.0600161
0.84 0.18 0.0751267
0.84 0.24 0.0928218
0.84 0.3 0.113199
0.84 0.36 0.136275
0.84 0.42 0.161947
0.84 0.48 0.189998
0.84 0.54 0.220071
0.84 0.6 0.251672
0.84 0.66 0.284175
0.84 0.72 0.316835
0.84 0.78 0.348818
0.84 0.84 0.379222
0.84 0.9 0.407133
0.84 0.96 0.431646
0.84 1.02 0.451948
0.84 1.08 0.467318
0.84 1.14 0.477205
0.84 1.2 0.481242
0.84 1.26 0.479279
0.84 1.32 0.471374
0.84 1.38 0.45781
0.84 1.44 0.439077
0.84 1.5 0.415826
0.84 1.56 0.388846
0.84 1.62 0.359026
0.84 1.68 0.327291
0.84 1.74 0.294567
0.84 1.8 0.261727
0.84 1.86 0.229563
0.84 1.92 0.198758
0.84 1.98 0.169864
0.84 2.04 0.143284
0.84 2.1 0.119288
0.84 2.16 0.098011
0.84 2.22 0.0794727
0.84 2.28 0.0635909
0.84 2.34 0.0502103
0.84 2.4 0.0391199
0.84 2.46 0.0300737
0.84 2.52 0.0228108
0.84 2.58 0.0170709
0.84 2.64 0.0126039
0.84 2.7 0.00918095
0.84 2.76 0.00659754
0.84 2.82 0.00467718
0.84 2.88 0.00327097
0.84 2.94 0.00225663
0.84 3 0.00153574
0.84 3.06 0.00103096
0.84 3.12 0.000682696
0.84 3.18 0.000445927
0.84 3.24 0.000287311
0.84 3.3 0.000182593
0.9 -1.02 5.98689e-05
0.9 -0.96 9.66453e-05
0.9 -0.9 0.000153867
0.9 -0.84 0.000241603
0.9 -0.78 0.000374152
0.9 -0.72 0.000571448
0.9 -0.66 0.000884
0.9 -0.6 0.001317
0.9 -0.54 0.00193566
0.9 -0.48 0.00280673
0.9 -0.42 0.00401528
0.9 -0.36 0.00566735
0.9 -0.3 0.0078924
0.9 -0.24 0.0108448
0.9 -0.18 0.0147041
0.9 -0.12 0.019673
0.9 -0.06 0.0259738
0.9 9.71445e-15 0.0338425
0.9 0.06 0.0435178
0.9 0.12 0.0552291
0.9 0.18 0.069181
0.9 0.24 0.0855376
0.9 0.3 0.104397
0.9 0.36 0.12578
0.9 0.42 0.149604
0.9 0.48 0.175676
0.9 0.54 0.203674
0.9 0.6 0.233152
0.9 0.66 0.263536
0.9 0.72 0.294139
0.9 0.78 0.324185
0.9 0.84 0.352843
0.9 0.9 0.379243
0.9 0.96 0.402548
0.9 1.02 0.421972
0.9 1.08 0.436838
0.9 1.14 0.446603
0.9 1.2 0.450906
0.9 1.26 0.449581
0.9 1.32 0.442668
0.9 1.38 0.430404
0.9 1.44 0.413236
0.9 1.5 0.391756
0.9 1.56 0.366705
0.9 1.62 0.33891
0.9 1.68 0.309236
0.9 1.74 0.278556
0.9 1.8 0.247705
0.9 1.86 0.217435
0.9 1.92 0.188395
0.9 1.98 0.161117
0.9 2.04 0.135991
0.9 2.1 0.113284
0.9 2.16 0.0931304
0.9 2.22 0.0755528
0.9 2.28 0.0604835
0.9 2.34 0.0477775
0.9 2.4 0.0372387
0.9 2.46 0.0286382
0.9 2.52 0.0217294
0.9 2.58 0.0162667
0.9 2.64 0.0120136
0.9 2.7 0.00875317
0.9 2.76 0.00629165
0.9 2.82 0.00446128
0.9 2.88 0.0031206
0.9 2.94 0.00215326
0.9 3 0.00146562
0.9 3.06 0.000984029
0.9 3.12 0.000651711
0.9 3.18 0.000425742
0.9 3.24 0.000274335
0.9 3.3 0.000174363
0.96 -1.02 5.39254e-05
0.96 -0.96 8.70505e-05
0.96 -0.9 0.000138592
0.96 -0.84 0.000217619
0.96 -0.78 0.000337006
0.96 -0.72 0.000514722
0.96 -0.66 0.000798205
0.96 -0.6 0.00118947
0.96 -0.54 0.00174872
0.96 -0.48 0.00253643
0.96 -0.42 0.00362977
0.96 -0.36 0.0051251
0.96 -0.3 0.00714007
0.96 -0.24 0.00981522
0.96 -0.18 0.0133143
0.96 -0.12 0.0178223
0.96 -0.06 0.0235433
0.96 9.71445e-15 0.0306936
0.96 0.06 0.0394933
0.96 0.12 0.0501552
0.96 0.18 0.0628705
0.96 0.24 0.0777935
0.96 0.3 0.0950229
0.96 0.36 0.114584
0.96 0.42 0.136411
0.96 0.48 0.160334
0.96 0.54 0.186072
0.96 0.6 0.213221
0.96 0.66 0.241264
0.96 0.72 0.269575
0.96 0.78 0.297445
0.96 0.84 0.324111
0.96 0.9 0.348765
0.96 0.96 0.370631
0.96 1.02 0.388974
0.96 1.08 0.403148
0.96 1.14 0.412644
0.96 1.2 0.417099
0.96 1.26 0.416341
0.96 1.32 0.410392
0.96 1.38 0.399451
0.96 1.44 0.383919
0.96 1.5 0.364329
0.96 1.56 0.341362
0.96 1.62 0.315776
0.96 1.68 0.28838
0.96 1.74 0.259985
0.96 1.8 0.231369
0.96 1.86 0.203245
0.96 1.92 0.176222
0.96 1.98 0.150803
0.96 2.04 0.127363
0.96 2.1 0.106156
0.96 2.16 0.0873146
0.96 2.22 0.0708691
0.96 2.28 0.0567582
0.96 2.34 0.0448534
0.96 2.4 0.0349729
0.96 2.46 0.0269048
0.96 2.52 0.0204207
0.96 2.58 0.0152912
0.96 2.64 0.011296
0.96 2.7 0.00823234
0.96 2.76 0.00591859
0.96 2.82 0.00419757
0.96 2.88 0.00293666
0.96 2.94 0.00202667
0.96 3 0.00137968
0.96 3.06 0.00092645
0.96 3.12 0.000613649
0.96 3.18 0.000400918
0.96 3.24 0.000258367
0.96 3.3 0.00016423
1.02 -0.96 7.7331e-05
1.02 -0.9 0.000123117
1.02 -0.84 0.000193321
1.02 -0.78 0.000299378
1.02 -0.72 0.000457251
1.02 -0.66 0.000710985
1.02 -0.6 0.00105979
1.02 -0.54 0.00155854
1.02 -0.48 0.00226132
1.02 -0.42 0.00323723
1.02 -0.36 0.00457258
1.02 -0.3 0.00637305
1.02 -0.24 0.00876484
1.02 -0.18 0.0118953
1.02 -0.12 0.0159314
1.02 -0.06 0.0210577
1.02 9.71445e-15 0.02747
1.02 0.06 0.035369
1.02 0.12 0.0449496
1.02 0.18 0.0563878
1.02 0.24 0.0698284
1.02 0.3 0.0853659
1.02 0.36 0.103031
1.02 0.42 0.122773
1.02 0.48 0.144447
1.02 0.54 0.167805
1.02 0.6 0.192494
1.02 0.66 0.218048
1.02 0.72 0.243908
1.02 0.78 0.269431
1.02 0.84 0.293926
1.02 0.9 0.316656
1.02 0.96 0.336903
1.02 1.02 0.353991
1.02 1.08 0.367322
1.02 1.14 0.376405
1.02 1.2 0.3809
1.02 1.26 0.380633
1.02 1.32 0.3756
1.02 1.38 0.365969
1.02 1.44 0.352093
1.02 1.5 0.334449
1.02 1.56 0.313655
1.02 1.62 0.290402
1.02 1.68 0.265428
1.02 1.74 0.23948
1.02 1.8 0.213282
1.02 1.86 0.187486
1.02 1.92 0.162663
1.02 1.98 0.139285
1.02 2.04 0.1177
1.02 2.1 0.0981528
1.02 2.16 0.0807716
1.02 2.22 0.0655868
1.02 2.28 0.0525499
1.02 2.34 0.0415431
1.02 2.4 0.0324027
1.02 2.46 0.0249355
1.02 2.52 0.0189314
1.02 2.58 0.0141798
1.02 2.64 0.0104777
1.02 2.7 0.00763754
1.02 2.76 0.00549206
1.02 2.82 0.00389577
1.02 2.88 0.00272598
1.02 2.94 0.00188156
1.02 3 0.00128106
1.02 3.06 0.000860331
1.02 3.12 0.000569921
1.02 3.18 0.00037239
1.02 3.24 0.000240003
1.02 3.3 0.000152569
1.08 -0.96 6.77523e-05
1.08 -0.9 0.000107868
1.08 -0.84 0.000169375
1.08 -0.78 0.000262297
1.08 -0.72 0.000400616
1.08 -0.66 0.000624739
1.08 -0.6 0.00093151
1.08 -0.54 0.00137033
1.08 -0.48 0.00198896
1.08 -0.42 0.00284841
1.08 -0.36 0.00402504
1.08 -0.3 0.00561249
1.08 -0.24 0.00772259
1.08 -0.18 0.0104864
1.08 -0.12 0.0140526
1.08 -0.06 0.0185857
1.08 9.71445e-15 0.0242613
1.08 0.06 0.0312596
1.08 0.12 0.0397567
1.08 0.18 0.0499134
1.08 0.24 0.0618632
1.08 0.3 0.0756956
1.08 0.36 0.0914457
1.08 0.42 0.109074
1.08 0.48 0.12846
1.08 0.54 0.149392
1.08 0.6 0.171557
1.08 0.66 0.194549
1.08 0.72 0.217868
1.08 0.78 0.240948
1.08 0.84 0.263158
1.08 0.9 0.283844
1.08 0.96 0.302349
1.08 1.02 0.318054
1.08 1.08 0.330412
1.08 1.14 0.338967
1.08 1.2 0.343399
1.08 1.26 0.343532
1.08 1.32 0.339344
1.08 1.38 0.330978
1.08 1.44 0.318738
1.08 1.5 0.30305
1.08 1.56 0.284457
1.08 1.62 0.263589
1.08 1.68 0.241111
1.08 1.74 0.217706
1.08 1.8 0.194024
1.08 1.86 0.170668
1.08 1.92 0.148162
1.08 1.98 0.12694
1.08 2.04 0.107326
1.08 2.1 0.0895442
1.08 2.16 0.07372
1.08 2.22 0.0598863
1.08 2.28 0.0480003
1.08 2.34 0.0379594
1.08 2.4 0.0296175
1.08 2.46 0.0227988
1.08 2.52 0.0173137
1.08 2.58 0.0129713
1.08 2.64 0.00958677
1.08 2.7 0.00698959
1.08 2.76 0.00502698
1.08 2.82 0.0035665
1.08 2.88 0.00249596
1.08 2.94 0.00172302
1.08 3 0.00117327
1.08 3.06 0.000788034
1.08 3.12 0.000522079
1.08 3.18 0.000341162
1.08 3.24 0.000219895
1.08 3.3 0.000139797
1.14 -0.96 5.85439e-05
1.14 -0.9 9.32081e-05
1.14 -0.84 0.000146355
1.14 -0.78 0.000226648
1.14 -0.72 0.000346171
1.14 -0.66 0.000521448
1.14 -0.6 0.000807737
1.14 -0.54 0.00118867
1.14 -0.48 0.00172594
1.14 -0.42 0.00247274
1.14 -0.36 0.00349577
1.14 -0.3 0.00487685
1.14 -0.24 0.00671391
1.14 -0.18 0.00912185
1.14 -0.12 0.0122314
1.14 -0.06 0.0161877
1.14 9.71445e-15 0.0211459
1.14 0.06 0.0272658
1.14 0.12 0.0347046
1.14 0.18 0.0436078
1.14 0.24 0.0540953
1.14 0.3 0.0662532
1.14 0.36 0.0801153
1.14 0.42 0.0956574
1.14 0.48 0.112777
1.14 0.54 0.131296
1.14 0.6 0.150944
1.14 0.66 0.171367
1.14 0.72 0.192131
1.14 0.78 0.212733
1.14 0.84 0.232614
1.14 0.9 0.251194
1.14 0.96 0.267885
1.14 1.02 0.282126
1.14 1.08 0.29342
1.14 1.14 0.301356
1.14 1.2 0.305629
1.14 1.26 0.306067
1.14 1.32 0.302641
1.14 1.38 0.295472
1.14 1.44 0.284808
1.14 1.5 0.271034
1.14 1.56 0.254622
1.14 1.62 0.236131
1.14 1.68 0.216157
1.14 1.74 0.195311
1.14 1.8 0.174179
1.14 1.86 0.153305
1.14 1.92 0.133166
1.14 1.98 0.114151
1.14 2.04 0.0965615
1.14 2.1 0.0806001
1.14 2.16 0.0663833
1.14 2.22 0.0539472
1.14 2.28 0.043255
1.14 2.34 0.0342184
1.14 2.4 0.0267065
1.14 2.46 0.0205633
1.14 2.52 0.01562
1.14 2.58 0.0117049
1.14 2.64 0.00865262
1.14 2.7 0.00630972
1.14 2.76 0.00453881
1.14 2.82 0.00322063
1.14 2.88 0.00225421
1.14 2.94 0.00155635
1.14 3 0.00105988
1.14 3.06 0.000711961
1.14 3.12 0.000471719
1.14 3.18 0.000308281
1.14 3.24 0.000198718
1.14 3.3 0.000126342
1.2 -0.9 7.94331e-05
1.2 -0.84 0.000124727
1.2 -0.78 0.000193153
1.2 -0.72 0.00029501
1.2 -0.66 0.000444388
1.2 -0.6 0.000690997
1.2 -0.54 0.00101725
1.2 -0.48 0.00147763
1.2 -0.42 0.00211795
1.2 -0.36 0.00299567
1.2 -0.3 0.00418127
1.2 -0.24 0.00575961
1.2 -0.18 0.00783005
1.2 -0.12 0.010506
1.2 -0.06 0.0139137
1.2 9.71445e-15 0.0181889
1.2 0.06 0.0234717
1.2 0.12 0.0299006
1.2 0.18 0.0376041
1.2 0.24 0.0466911
1.2 0.3 0.0572402
1.2 0.36 0.0692866
1.2 0.42 0.0828141
1.2 0.48 0.0977406
1.2 0.54 0.113916
1.2 0.6 0.131112
1.2 0.66 0.149025
1.2 0.72 0.167278
1.2 0.78 0.185431
1.2 0.84 0.203001
1.2 0.9 0.219469
1.2 0.96 0.234324
1.2 1.02 0.247065
1.2 1.08 0.257243
1.2 1.14 0.264489
1.2 1.2 0.268522
1.2 1.26 0.269179
1.2 1.32 0.266431
1.2 1.38 0.260363
1.2 1.44 0.251193
1.2 1.5 0.239244
1.2 1.56 0.22494
1.2 1.62 0.208762
1.2 1.68 0.191241
1.2 1.74 0.172911
1.2 1.8 0.154297
1.2 1.86 0.135886
1.2 1.92 0.118099
1.2 1.98 0.101285
1.2 2.04 0.0857165
1.2 2.1 0.0715786
1.2 2.16 0.0589763
1.2 2.22 0.0479447
1.2 2.28 0.0384547
1.2 2.34 0.03043
1.2 2.4 0.023756
1.2 2.46 0.0182961
1.2 2.52 0.013901
1.2 2.58 0.010419
1.2 2.64 0.00770339
1.2 2.7 0.00561848
1.2 2.76 0.00404224
1.2 2.82 0.00286867
1.2 2.88 0.00200812
1.2 2.94 0.00138659
1.2 3 0.000944392
1.2 3.06 0.000634437
1.2 3.12 0.000420394
1.2 3.18 0.000274757
1.2 3.24 0.000177121
1.26 -0.9 6.67639e-05
1.26 -0.84 0.000104832
1.26 -0.78 0.000162347
1.26 -0.72 0.000247955
1.26 -0.66 0.000373506
1.26 -0.6 0.00058319
1.26 -0.54 0.000858891
1.26 -0.48 0.00124817
1.26 -0.42 0.0017899
1.26 -0.36 0.00253293
1.26 -0.3 0.00353742
1.26 -0.24 0.00487561
1.26 -0.18 0.00663252
1.26 -0.12 0.00890551
1.26 -0.06 0.0118028
1.26 9.71445e-15 0.0154412
1.26 0.06 0.0199424
1.26 0.12 0.0254267
1.26 0.18 0.0320072
1.26 0.24 0.0397804
1.26 0.3 0.0488166
1.26 0.36 0.0591521
1.26 0.42 0.0707773
1.26 0.48 0.0836275
1.26 0.54 0.0975778
1.26 0.6 0.112436
1.26 0.66 0.127946
1.26 0.72 0.143785
1.26 0.78 0.159578
1.26 0.84 0.174901
1.26 0.9 0.189312
1.26 0.96 0.202355
1.26 1.02 0.213596
1.26 1.08 0.222637
1.26 1.14 0.229152
1.26 1.2 0.232886
1.26 1.26 0.23369
1.26 1.32 0.231521
1.26 1.38 0.226452
1.26 1.44 0.218663
1.26 1.5 0.208433
1.26 1.56 0.196118
1.26 1.62 0.182143
1.26 1.68 0.166967
1.26 1.74 0.151059
1.26 1.8 0.134878
1.26 1.86 0.118847
1.26 1.92 0.103341
1.26 1.98 0.0886695
1.26 2.04 0.0750722
1.26 2.1 0.0627138
1.26 2.16 0.0516909
1.26 2.22 0.042036
1.26 2.28 0.0337257
1.26 2.34 0.0266951
1.26 2.4 0.0208457
1.26 2.46 0.0160584
1.26 2.52 0.0122033
1.26 2.58 0.00914831
1.26 2.64 0.00676513
1.26 2.7 0.0049349
1.26 2.76 0.00355092
1.26 2.82 0.00252032
1.26 2.88 0.00176449
1.26 2.94 0.00121851
1.26 3 0.000829982
1.26 3.06 0.000557626
1.26 3.12 0.000369526
1.26 3.18 0.00024153
1.26 3.24 0.00015571
1.32 -0.84 8.69012e-05
1.32 -0.78 0.000134576
1.32 -0.72 0.000205543
1.32 -0.66 0.000309617
1.32 -0.6 0.000485611
1.32 -0.54 0.000715495
1.32 -0.48 0.00104026
1.32 -0.42 0.00149253
1.32 -0.36 0.00211329
1.32 -0.3 0.0029531
1.32 -0.24 0.00407288
1.32 -0.18 0.00554432
1.32 -0.12 0.00744972
1.32 -0.06 0.00988106
1.32 9.71445e-15 0.0129378
1.32 0.06 0.0167239
1.32 0.12 0.0213427
1.32 0.18 0.0268918
1.32 0.24 0.0334558
1.32 0.3 0.0410982
1.32 0.36 0.0498534
1.32 0.42 0.0597164
1.32 0.48 0.0706374
1.32 0.54 0.0825159
1.32 0.6 0.0951921
1.32 0.66 0.108451
1.32 0.72 0.12202
1.32 0.78 0.135579
1.32 0.84 0.148773
1.32 0.9 0.161214
1.32 0.96 0.172516
1.32 1.02 0.1823
1.32 1.08 0.190221
1.32 1.14 0.195989
1.32 1.2 0.199379
1.32 1.26 0.200256
1.32 1.32 0.198579
1.32 1.38 0.194398
1.32 1.44 0.187865
1.32 1.5 0.179211
1.32 1.56 0.168745
1.32 1.62 0.156828
1.32 1.68 0.143851
1.32 1.74 0.130222
1.32 1.8 0.116335
1.32 1.86 0.10256
1.32 1.92 0.0892209
1.32 1.98 0.0765874
1.32 2.04 0.0648681
1.32 2.1 0.0542097
1.32 2.16 0.0446962
1.32 2.22 0.0363589
1.32 2.28 0.0291792
1.32 2.34 0.0231022
1.32 2.4 0.0180441
1.32 2.46 0.0139032
1.32 2.52 0.0105676
1.32 2.58 0.00792341
1.32 2.64 0.00586018
1.32 2.7 0.00427545
1.32 2.76 0.00307682
1.32 2.82 0.00218409
1.32 2.88 0.00152924
1.32 2.94 0.00105615
1.32 3 0.000719464
1.32 3.06 0.000483411
1.32 3.12 0.000320369
1.32 3.18 0.000209411
1.32 3.24 0.000135014
1.38 -0.84 7.10457e-05
1.38 -0.78 0.000110023
1.38 -0.72 0.000168042
1.38 -0.66 0.00025313
1.38 -0.6 0.000376059
1.38 -0.54 0.000588091
1.38 -0.48 0.000855465
1.38 -0.42 0.00122805
1.38 -0.36 0.00173985
1.38 -0.3 0.00243279
1.38 -0.24 0.00335755
1.38 -0.18 0.00457384
1.38 -0.12 0.0061505
1.38 -0.06 0.00816449
1.38 9.71445e-15 0.0106994
1.38 0.06 0.013843
1.38 0.12 0.017683
1.38 0.18 0.0223029
1.38 0.24 0.0277754
1.38 0.3 0.034157
1.38 0.36 0.0414785
1.38 0.42 0.0497408
1.38 0.48 0.0589058
1.38 0.54 0.0688911
1.38 0.6 0.0795673
1.38 0.66 0.0907552
1.38 0.72 0.102231
1.38 0.78 0.113724
1.38 0.84 0.124933
1.38 0.9 0.135535
1.38 0.96 0.145197
1.38 1.02 0.153595
1.38 1.08 0.160435
1.38 1.14 0.165463
1.38 1.2 0.168488
1.38 1.26 0.169384
1.38 1.32 0.168109
1.38 1.38 0.164707
1.38 1.44 0.159293
1.38 1.5 0.152067
1.38 1.56 0.143283
1.38 1.62 0.133249
1.38 1.68 0.122295
1.38 1.74 0.11077
1.38 1.8 0.0990082
1.38 1.86 0.0873253
1.38 1.92 0.076001
1.38 1.98 0.0652647
1.38 2.04 0.0552989
1.38 2.1 0.0462278
1.38 2.16 0.038127
1.38 2.22 0.0310236
1.38 2.28 0.024904
1.38 2.34 0.0197219
1.38 2.4 0.0154073
1.38 2.46 0.0118737
1.38 2.52 0.00902665
1.38 2.58 0.00676906
1.38 2.64 0.00500728
1.38 2.7 0.00365365
1.38 2.76 0.00262963
1.38 2.82 0.00186687
1.38 2.88 0.00130727
1.38 2.94 0.000902918
1.38 3 0.000615125
1.38 3.06 0.00041334
1.38 3.12 0.000273946
1.38 3.18 0.000179082
1.38 3.24 0.000115465
1.44 -0.78 8.87132e-05
1.44 -0.72 0.000135496
1.44 -0.66 0.000204102
1.44 -0.6 0.000303218
1.44 -0.54 0.000476937
1.44 -0.48 0.000694155
1.44 -0.42 0.000997068
1.44 -0.36 0.00141348
1.44 -0.3 0.0019778
1.44 -0.24 0.00273153
1.44 -0.18 0.00372392
1.44 -0.12 0.00501164
1.44 -0.06 0.00665849
1.44 9.71445e-15 0.00873374
1.44 0.06 0.0113104
1.44 0.12 0.0144622
1.44 0.18 0.0182594
1.44 0.24 0.022764
1.44 0.3 0.0280248
1.44 0.36 0.0340701
1.44 0.42 0.0409038
1.44 0.48 0.0484966
1.44 0.54 0.0567839
1.44 0.6 0.0656612
1.44 0.66 0.0749822
1.44 0.72 0.084561
1.44 0.78 0.0941763
1.44 0.84 0.103575
1.44 0.9 0.112489
1.44 0.96 0.120637
1.44 1.02 0.127747
1.44 1.08 0.13357
1.44 1.14 0.137889
1.44 1.2 0.140538
1.44 1.26 0.14141
1.44 1.32 0.140461
1.44 1.38 0.137725
1.44 1.44 0.133296
1.44 1.5 0.127336
1.44 1.56 0.120059
1.44 1.62 0.111717
1.44 1.68 0.102591
1.44 1.74 0.0929689
1.44 1.8 0.0831375
1.44 1.86 0.0733598
1.44 1.92 0.063872
1.44 1.98 0.0548699
1.44 2.04 0.0465066
1.44 2.1 0.0388899
1.44 2.16 0.0320842
1.44 2.22 0.0261133
1.44 2.28 0.0209673
1.44 2.34 0.016608
1.44 2.4 0.0129772
1.44 2.46 0.0100027
1.44 2.52 0.00760551
1.44 2.58 0.00570427
1.44 2.64 0.00422016
1.44 2.7 0.00307966
1.44 2.76 0.00221678
1.44 2.82 0.00157391
1.44 2.88 0.00110224
1.44 2.94 0.000761373
1.44 3 0.00051873
1.44 3.06 0.000348589
1.44 3.12 0.000231048
1.44 3.18 0.000151046
1.44 3.24 9.73925e-05
1.5 -0.78 7.05482e-05
1.5 -0.72 0.00010775
1.5 -0.66 0.000162307
1.5 -0.6 0.00024113
1.5 -0.54 0.00038166
1.5 -0.48 0.000555806
1.5 -0.42 0.000798848
1.5 -0.36 0.00113322
1.5 -0.3 0.00158678
1.5 -0.24 0.00219317
1.5 -0.18 0.00299237
1.5 -0.12 0.00403061
1.5 -0.06 0.00535985
1.5 9.71445e-15 0.007037
1.5 0.06 0.00912209
1.5 0.12 0.011676
1.5 0.18 0.0147572
1.5 0.24 0.0184181
1.5 0.3 0.0226997
1.5 0.36 0.0276283
1.5 0.42 0.0332082
1.5 0.48 0.0394186
1.5 0.54 0.0462092
1.5 0.6 0.0534958
1.5 0.66 0.061161
1.5 0.72 0.0690536
1.5 0.78 0.0769932
1.5 0.84 0.0847709
1.5 0.9 0.0921656
1.5 0.96 0.0989446
1.5 1.02 0.104882
1.5 1.08 0.109768
1.5 1.14 0.113422
1.5 1.2 0.115703
1.5 1.26 0.116517
1.5 1.32 0.115827
1.5 1.38 0.113654
1.5 1.44 0.110076
1.5 1.5 0.105223
1.5 1.56 0.0992678
1.5 1.62 0.0924221
1.5 1.68 0.0849161
1.5 1.74 0.0769897
1.5 1.8 0.068878
1.5 1.86 0.0608019
1.5 1.92 0.0529577
1.5 1.98 0.0455098
1.5 2.04 0.0385855
1.5 2.1 0.0322754
1.5 2.16 0.026634
1.5 2.22 0.0216829
1.5 2.28 0.0174136
1.5 2.34 0.0137959
1.5 2.4 0.0107819
1.5 2.46 0.008312
1.5 2.52 0.00632088
1.5 2.58 0.00474142
1.5 2.64 0.00350822
1.5 2.7 0.00256043
1.5 2.76 0.00184321
1.5 2.82 0.0013088
1.5 2.88 0.000916643
1.5 2.94 0.000633225
1.5 3 0.000431454
1.5 3.06 0.000289956
1.5 3.12 0.000192196
1.5 3.18 0.000125652
1.56 -0.72 8.45084e-05
1.56 -0.66 0.000127299
1.56 -0.6 0.000189119
1.56 -0.54 0.000277101
1.56 -0.48 0.000439154
1.56 -0.42 0.000631604
1.56 -0.36 0.000896613
1.56 -0.3 0.00125641
1.56 -0.24 0.00173795
1.56 -0.18 0.00237327
1.56 -0.12 0.00319955
1.56 -0.06 0.00425872
1.56 9.71445e-15 0.00559677
1.56 0.06 0.00726252
1.56 0.12 0.00930564
1.56 0.18 0.0117742
1.56 0.24 0.0147116
1.56 0.3 0.0181523
1.56 0.36 0.0221189
1.56 0.42 0.0266172
1.56 0.48 0.0316324
1.56 0.54 0.0371249
1.56 0.6 0.0430294
1.56 0.66 0.0492519
1.56 0.72 0.0556708
1.56 0.78 0.0621407
1.56 0.84 0.0684921
1.56 0.9 0.0745452
1.56 0.96 0.0801089
1.56 1.02 0.0849983
1.56 1.08 0.0890409
1.56 1.14 0.092086
1.56 1.2 0.0940159
1.56 1.26 0.0947527
1.56 1.32 0.0942617
1.56 1.38 0.0925579
1.56 1.44 0.0897018
1.56 1.5 0.0857985
1.56 1.56 0.0809895
1.56 1.62 0.0754437
1.56 1.68 0.0693502
1.56 1.74 0.0629042
1.56 1.8 0.0563003
1.56 1.86 0.049718
1.56 1.92 0.0433189
1.56 1.98 0.0372382
1.56 2.04 0.0315814
1.56 2.1 0.0264237
1.56 2.16 0.0218107
1.56 2.22 0.0177599
1.56 2.28 0.014266
1.56 2.34 0.0113043
1.56 2.4 0.00883603
1.56 2.46 0.00681292
1.56 2.52 0.00518162
1.56 2.58 0.00388734
1.56 2.64 0.00287663
1.56 2.7 0.00209966
1.56 2.76 0.00151166
1.56 2.82 0.00107346
1.56 2.88 0.000751885
1.56 2.94 0.000519441
1.56 3 0.000353947
1.56 3.06 0.000237881
1.56 3.12 0.000157687
1.56 3.18 0.000103097
1.62 -0.66 9.84686e-05
1.62 -0.6 0.000146288
1.62 -0.54 0.000214344
1.62 -0.48 0.000342413
1.62 -0.42 0.000492813
1.62 -0.36 0.000700117
1.62 -0.3 0.000981838
1.62 -0.24 0.00135929
1.62 -0.18 0.00185784
1.62 -0.12 0.00250701
1.62 -0.06 0.00334016
1.62 9.71445e-15 0.00439407
1.62 0.06 0.00570789
1.62 0.12 0.00732155
1.62 0.18 0.00927419
1.62 0.24 0.011601
1.62 0.3 0.0143308
1.62 0.36 0.0174827
1.62 0.42 0.021063
1.62 0.48 0.025061
1.62 0.54 0.029447
1.62 0.6 0.0341698
1.62 0.66 0.0391554
1.62 0.72 0.0443081
1.62 0.78 0.049511
1.62 0.84 0.0546289
1.62 0.9 0.0595172
1.62 0.96 0.0640223
1.62 1.02 0.0679933
1.62 1.08 0.0712903
1.62 1.14 0.0737904
1.62 1.2 0.0753973
1.62 1.26 0.0760446
1.62 1.32 0.0757033
1.62 1.38 0.0743842
1.62 1.44 0.0721329
1.62 1.5 0.0690339
1.62 1.56 0.0651982
1.62 1.62 0.0607641
1.62 1.68 0.0558809
1.62 1.74 0.0507086
1.62 1.8 0.045402
1.62 1.86 0.0401077
1.62 1.92 0.0349569
1.62 1.98 0.0300588
1.62 2.04 0.0254996
1.62 2.1 0.0213404
1.62 2.16 0.0176186
1.62 2.22 0.0143494
1.62 2.28 0.0115285
1.62 2.34 0.00913664
1.62 2.4 0.00714282
1.62 2.46 0.00550815
1.62 2.52 0.00418981
1.62 2.58 0.00314359
1.62 2.64 0.0023265
1.62 2.7 0.0016983
1.62 2.76 0.00122279
1.62 2.82 0.000868405
1.62 2.88 0.000608294
1.62 2.94 0.000420264
1.62 3 0.000286385
1.62 3.06 0.000192485
1.62 3.12 0.000127599
1.62 3.18 8.34291e-05
1.68 -0.66 7.51207e-05
1.68 -0.6 0.000111602
1.68 -0.54 0.000163521
1.68 -0.48 0.000236299
1.68 -0.42 0.000379484
1.68 -0.36 0.000539547
1.68 -0.3 0.000757283
1.68 -0.24 0.00104934
1.68 -0.18 0.00143553
1.68 -0.12 0.00193901
1.68 -0.06 0.00258602
1.68 9.71445e-15 0.00340555
1.68 0.06 0.00442857
1.68 0.12 0.00568694
1.68 0.18 0.00721179
1.68 0.24 0.00903149
1.68 0.3 0.0111698
1.68 0.36 0.0136426
1.68 0.42 0.0164556
1.68 0.48 0.019602
1.68 0.54 0.0230594
1.68 0.6 0.0267881
1.68 0.66 0.0307312
1.68 0.72 0.0348135
1.68 0.78 0.0389424
1.68 0.84 0.043012
1.68 0.9 0.0469061
1.68 0.96 0.050504
1.68 1.02 0.053685
1.68 1.08 0.0563356
1.68 1.14 0.0583584
1.68 1.2 0.0596738
1.68 1.26 0.0602284
1.68 1.32 0.0599979
1.68 1.38 0.0589889
1.68 1.44 0.0572366
1.68 1.5 0.0548067
1.68 1.56 0.0517875
1.68 1.62 0.048287
1.68 1.68 0.0444256
1.68 1.74 0.0403289
1.68 1.8 0.036121
1.68 1.86 0.0319193
1.68 1.92 0.0278284
1.68 1.98 0.0239355
1.68 2.04 0.0203103
1.68 2.1 0.0170015
1.68 2.16 0.0140392
1.68 2.22 0.0114363
1.68 2.28 0.00918967
1.68 2.34 0.00728425
1.68 2.4 0.00569541
1.68 2.46 0.00439253
1.68 2.52 0.00334161
1.68 2.58 0.00250745
1.68 2.64 0.00185587
1.68 2.7 0.00135487
1.68 2.76 0.000975601
1.68 2.82 0.000692901
1.68 2.88 0.000485386
1.68 2.94 0.00033537
1.68 3 0.000228548
1.68 3.06 0.000153618
1.68 3.12 0.000101839
1.74 -0.6 8.39693e-05
1.74 -0.54 0.000123033
1.74 -0.48 0.000177791
1.74 -0.42 0.000288404
1.74 -0.36 0.000410387
1.74 -0.3 0.000576506
1.74 -0.24 0.000799581
1.74 -0.18 0.00109491
1.74 -0.12 0.00148042
1.74 -0.06 0.00197646
1.74 9.71445e-15 0.00260563
1.74 0.06 0.00339213
1.74 0.12 0.00436093
1.74 0.18 0.00553656
1.74 0.24 0.00694173
1.74 0.3 0.00859522
1.74 0.36 0.0105105
1.74 0.42 0.0126926
1.74 0.48 0.0151369
1.74 0.54 0.0178271
1.74 0.6 0.020733
1.74 0.66 0.023811
1.74 0.72 0.0270024
1.74 0.78 0.0302358
1.74 0.84 0.0334286
1.74 0.9 0.0364896
1.74 0.96 0.0393232
1.74 1.02 0.041836
1.74 1.08 0.0439372
1.74 1.14 0.0455493
1.74 1.2 0.046609
1.74 1.26 0.0470736
1.74 1.32 0.0469233
1.74 1.38 0.0461602
1.74 1.44 0.0448135
1.74 1.5 0.0429322
1.74 1.56 0.0405857
1.74 1.62 0.0378583
1.74 1.68 0.0348446
1.74 1.74 0.0316425
1.74 1.8 0.0283503
1.74 1.86 0.0250605
1.74 1.92 0.0218544
1.74 1.98 0.0188021
1.74 2.04 0.0159577
1.74 2.1 0.0133609
1.74 2.16 0.0110351
1.74 2.22 0.00899073
1.74 2.28 0.00722564
1.74 2.34 0.00572824
1.74 2.4 0.00447934
1.74 2.46 0.0034551
1.74 2.52 0.00262871
1.74 2.58 0.00197273
1.74 2.64 0.00146021
1.74 2.7 0.0010661
1.74 2.76 0.000767724
1.74 2.82 0.000545293
1.74 2.88 0.000382008
1.74 2.94 0.000263958
1.74 3 0.000179891
1.74 3.06 0.000120917
1.74 3.12 8.01646e-05
1.8 -0.54 9.12979e-05
1.8 -0.48 0.000131932
1.8 -0.42 0.000188031
1.8 -0.36 0.00030809
1.8 -0.3 0.000433205
1.8 -0.24 0.000601402
1.8 -0.18 0.000824359
1.8 -0.12 0.00111577
1.8 -0.06 0.00149124
1.8 9.71445e-15 0.00196812
1.8 0.06 0.00256507
1.8 0.12 0.00330143
1.8 0.18 0.00419638
1.8 0.24 0.00526755
1.8 0.3 0.00652999
1.8 0.36 0.00799428
1.8 0.42 0.00966531
1.8 0.48 0.0115399
1.8 0.54 0.0136061
1.8 0.6 0.0158413
1.8 0.66 0.0182123
1.8 0.72 0.0206747
1.8 0.78 0.0231734
1.8 0.84 0.0256446
1.8 0.9 0.0280183
1.8 0.96 0.0302202
1.8 1.02 0.0321771
1.8 1.08 0.033819
1.8 1.14 0.0350852
1.8 1.2 0.0359257
1.8 1.26 0.0363068
1.8 1.32 0.0362115
1.8 1.38 0.0356425
1.8 1.44 0.0346195
1.8 1.5 0.0331819
1.8 1.56 0.0313819
1.8 1.62 0.0292843
1.8 1.68 0.0269629
1.8 1.74 0.0244933
1.8 1.8 0.0219516
1.8 1.86 0.0194095
1.8 1.92 0.0169308
1.8 1.98 0.0145694
1.8 2.04 0.0123681
1.8 2.1 0.0103573
1.8 2.16 0.0085558
1.8 2.22 0.00697183
1.8 2.28 0.00560391
1.8 2.34 0.00444319
1.8 2.4 0.00347492
1.8 2.46 0.0026806
1.8 2.52 0.00203967
1.8 2.58 0.0015308
1.8 2.64 0.0011332
1.8 2.7 0.000827404
1.8 2.76 0.000595872
1.8 2.82 0.000423256
1.8 2.88 0.000296533
1.8 2.94 0.000204906
1.8 3 0.00013965
1.8 3.06 9.38739e-05
1.86 -0.48 9.65547e-05
1.86 -0.42 0.000137612
1.86 -0.36 0.000228302
1.86 -0.3 0.000321317
1.86 -0.24 0.000446517
1.86 -0.18 0.000612695
1.86 -0.12 0.000830162
1.86 -0.06 0.00111074
1.86 9.71445e-15 0.0014676
1.86 0.06 0.00191494
1.86 0.12 0.00246756
1.86 0.18 0.00314009
1.86 0.24 0.0039463
1.86 0.3 0.00489781
1.86 0.36 0.00600313
1.86 0.42 0.00726626
1.86 0.48 0.00868527
1.86 0.54 0.0102516
1.86 0.6 0.0119485
1.86 0.66 0.0137512
1.86 0.72 0.0156259
1.86 0.78 0.017531
1.86 0.84 0.0194184
1.86 0.9 0.0212339
1.86 0.96 0.0229214
1.86 1.02 0.0244246
1.86 1.08 0.0256895
1.86 1.14 0.0266695
1.86 1.2 0.0273256
1.86 1.26 0.0276316
1.86 1.32 0.0275745
1.86 1.38 0.0271546
1.86 1.44 0.026388
1.86 1.5 0.0253029
1.86 1.56 0.0239397
1.86 1.62 0.0223479
1.86 1.68 0.0205832
1.86 1.74 0.0187036
1.86 1.8 0.0167674
1.86 1.86 0.0148296
1.86 1.92 0.0129387
1.86 1.98 0.0111365
1.86 2.04 0.00945561
1.86 2.1 0.0079198
1.86 2.16 0.00654336
1.86 2.22 0.00533275
1.86 2.28 0.00428698
1.86 2.34 0.00339942
1.86 2.4 0.00265887
1.86 2.46 0.00205132
1.86 2.52 0.00156098
1.86 2.58 0.00117164
1.86 2.64 0.000867377
1.86 2.7 0.000633358
1.86 2.76 0.000456154
1.86 2.82 0.000324031
1.86 2.88 0.000227024
1.86 2.94 0.000156883
1.86 3 0.000106927
1.86 3.06 7.18784e-05
1.92 -0.42 9.93284e-05
1.92 -0.36 0.000139618
1.92 -0.3 0.000235258
1.92 -0.24 0.000327265
1.92 -0.18 0.000449534
1.92 -0.12 0.000609763
1.92 -0.06 0.00081677
1.92 9.71445e-15 0.00108042
1.92 0.06 0.00141138
1.92 0.12 0.00182081
1.92 0.18 0.00231982
1.92 0.24 0.00291881
1.92 0.3 0.00362683
1.92 0.36 0.00445044
1.92 0.42 0.00539288
1.92 0.48 0.00645322
1.92 0.54 0.00762522
1.92 0.6 0.00889663
1.92 0.66 0.010249
1.92 0.72 0.0116575
1.92 0.78 0.0130908
1.92 0.84 0.0145126
1.92 0.9 0.0158826
1.92 0.96 0.0171583
1.92 1.02 0.0182968
1.92 1.08 0.0192576
1.92 1.14 0.0200049
1.92 1.2 0.0205094
1.92 1.26 0.0207506
1.92 1.32 0.020718
1.92 1.38 0.0204125
1.92 1.44 0.0198447
1.92 1.5 0.0190363
1.92 1.56 0.0180174
1.92 1.62 0.0168251
1.92 1.68 0.0155013
1.92 1.74 0.0140898
1.92 1.8 0.0126345
1.92 1.86 0.0111768
1.92 1.92 0.00975386
1.92 1.98 0.00839686
1.92 2.04 0.00713087
1.92 2.1 0.00597355
1.92 2.16 0.00493605
1.92 2.22 0.00402337
1.92 2.28 0.00323477
1.92 2.34 0.00256534
1.92 2.4 0.00200671
1.92 2.46 0.00154829
1.92 2.52 0.0011783
1.92 2.58 0.000884461
1.92 2.64 0.000654827
1.92 2.7 0.000478188
1.92 2.76 0.000344414
1.92 2.82 0.000244669
1.92 2.88 0.000171429
1.92 2.94 0.000118468
1.92 3 8.07469e-05
1.98 -0.42 7.071e-05
1.98 -0.36 9.93912e-05
1.98 -0.3 0.000137787
1.98 -0.24 0.000236784
1.98 -0.18 0.000325609
1.98 -0.12 0.000442161
1.98 -0.06 0.000592946
1.98 9.71445e-15 0.000785256
1.98 0.06 0.00102701
1.98 0.12 0.00132648
1.98 0.18 0.001692
1.98 0.24 0.00213139
1.98 0.3 0.00265145
1.98 0.36 0.00325721
1.98 0.42 0.00395139
1.98 0.48 0.00473341
1.98 0.54 0.00559884
1.98 0.6 0.00653899
1.98 0.66 0.00754023
1.98 0.72 0.00858425
1.98 0.78 0.00964822
1.98 0.84 0.0107049
1.98 0.9 0.0117248
1.98 0.96 0.0126758
1.98 1.02 0.0135261
1.98 1.08 0.0142456
1.98 1.14 0.0148071
1.98 1.2 0.0151891
1.98 1.26 0.0153758
1.98 1.32 0.015359
1.98 1.38 0.0151392
1.98 1.44 0.014724
1.98 1.5 0.0141295
1.98 1.56 0.0133777
1.98 1.62 0.0124964
1.98 1.68 0.0115164
1.98 1.74 0.0104706
1.98 1.8 0.00939141
1.98 1.86 0.00830968
1.98 1.92 0.00725317
1.98 1.98 0.00624525
1.98 2.04 0.00530447
1.98 2.1 0.00444418
1.98 2.16 0.00367285
1.98 2.22 0.00299408
1.98 2.28 0.00240751
1.98 2.34 0.00190946
1.98 2.4 0.00149379
1.98 2.46 0.00115264
1.98 2.52 0.00087726
1.98 2.58 0.000658541
1.98 2.64 0.000487598
1.98 2.7 0.000356085
1.98 2.76 0.000256481
1.98 2.82 0.000182211
1.98 2.88 0.000127674
1.98 2.94 8.82333e-05
1.98 3 6.01405e-05
2.04 -0.3 9.67393e-05
2.04 -0.24 0.000169128
2.04 -0.18 0.000232833
2.04 -0.12 0.000316537
2.04 -0.06 0.000424976
2.04 9.71445e-15 0.000563468
2.04 0.06 0.000737801
2.04 0.12 0.000954068
2.04 0.18 0.00121838
2.04 0.24 0.00153656
2.04 0.3 0.00191363
2.04 0.36 0.00235345
2.04 0.42 0.00285811
2.04 0.48 0.00342733
2.04 0.54 0.00405808
2.04 0.6 0.00474407
2.04 0.66 0.00547559
2.04 0.72 0.00623922
2.04 0.78 0.00701838
2.04 0.84 0.00779325
2.04 0.9 0.00854198
2.04 0.96 0.00924115
2.04 1.02 0.0098675
2.04 1.08 0.0103987
2.04 1.14 0.0108147
2.04 1.2 0.0110994
2.04 1.26 0.0112412
2.04 1.32 0.011234
2.04 1.38 0.0110777
2.04 1.44 0.010778
2.04 1.5 0.0103464
2.04 1.56 0.00979907
2.04 1.62 0.00915604
2.04 1.68 0.00844031
2.04 1.74 0.00767563
2.04 1.8 0.00688604
2.04 1.86 0.00609415
2.04 1.92 0.00532027
2.04 1.98 0.00458172
2.04 2.04 0.00389209
2.04 2.1 0.00326135
2.04 2.16 0.00269565
2.04 2.22 0.00219772
2.04 2.28 0.00176734
2.04 2.34 0.00140185
2.04 2.4 0.00109678
2.04 2.46 0.000846367
2.04 2.52 0.000644198
2.04 2.58 0.00048362
2.04 2.64 0.000358099
2.04 2.7 0.000261525
2.04 2.76 0.000188382
2.04 2.82 0.000133835
2.04 2.88 9.37815e-05
2.04 2.94 6.48137e-05
2.1 -0.24 9.15861e-05
2.1 -0.18 0.000164369
2.1 -0.12 0.000223719
2.1 -0.06 0.00030071
2.1 9.71445e-15 0.000399174
2.1 0.06 0.000523294
2.1 0.12 0.000677472
2.1 0.18 0.000866158
2.1 0.24 0.00109359
2.1 0.3 0.00136348
2.1 0.36 0.00167869
2.1 0.42 0.00204078
2.1 0.48 0.00244971
2.1 0.54 0.00290337
2.1 0.6 0.00339734
2.1 0.66 0.00392464
2.1 0.72 0.00447572
2.1 0.78 0.00503865
2.1 0.84 0.00559911
2.1 0.9 0.00614138
2.1 0.96 0.00664845
2.1 1.02 0.00710336
2.1 1.08 0.00749001
2.1 1.14 0.00779374
2.1 1.2 0.00800286
2.1 1.26 0.00810877
2.1 1.32 0.00810692
2.1 1.38 0.00799712
2.1 1.44 0.00778351
2.1 1.5 0.00747419
2.1 1.56 0.00708079
2.1 1.62 0.00661802
2.1 1.68 0.00610208
2.1 1.74 0.00555054
2.1 1.8 0.00498058
2.1 1.86 0.00440861
2.1 1.92 0.00384941
2.1 1.98 0.00331556
2.1 2.04 0.00281691
2.1 2.1 0.00236068
2.1 2.16 0.00195143
2.1 2.22 0.00159114
2.1 2.28 0.00127967
2.1 2.34 0.00101511
2.1 2.4 0.00079426
2.1 2.46 0.000612963
2.1 2.52 0.000466575
2.1 2.58 0.000350291
2.1 2.64 0.00025939
2.1 2.7 0.000189446
2.1 2.76 0.000136466
2.1 2.82 9.69569e-05
2.1 2.88 6.79416e-05
2.1 2.94 4.69565e-05
2.16 -0.18 8.43408e-05
2.16 -0.12 0.000156104
2.16 -0.06 0.000210073
2.16 9.71445e-15 0.000279187
2.16 0.06 0.000366424
2.16 0.12 0.000474933
2.16 0.18 0.000607906
2.16 0.24 0.000768386
2.16 0.3 0.000959056
2.16 0.36 0.00118201
2.16 0.42 0.00143845
2.16 0.48 0.00172837
2.16 0.54 0.00205036
2.16 0.6 0.00240132
2.16 0.66 0.0027764
2.16 0.72 0.00316879
2.16 0.78 0.00357004
2.16 0.84 0.00396993
2.16 0.9 0.00435727
2.16 0.96 0.00471992
2.16 1.02 0.00504581
2.16 1.08 0.00532322
2.16 1.14 0.00554187
2.16 1.2 0.00569312
2.16 1.26 0.00577083
2.16 1.32 0.00577174
2.16 1.38 0.00569559
2.16 1.44 0.00554522
2.16 1.5 0.00532648
2.16 1.56 0.00504753
2.16 1.62 0.00471874
2.16 1.68 0.00435192
2.16 1.74 0.00395934
2.16 1.8 0.0035534
2.16 1.86 0.00314588
2.16 1.92 0.00274728
2.16 1.98 0.00236659
2.16 2.04 0.00201093
2.16 2.1 0.00168544
2.16 2.16 0.00139339
2.16 2.22 0.00113624
2.16 2.28 0.000913885
2.16 2.34 0.000725014
2.16 2.4 0.000567318
2.16 2.46 0.000437849
2.16 2.52 0.000333302
2.16 2.58 0.000250247
2.16 2.64 0.000185315
2.16 2.7 0.00013535
2.16 2.76 9.75036e-05
2.16 2.82 6.92763e-05
2.16 2.88 4.85463e-05
2.22 -0.12 7.55487e-05
2.22 -0.06 0.000144888
2.22 9.71445e-15 0.000192781
2.22 0.06 0.000253312
2.22 0.12 0.000328702
2.22 0.18 0.000421205
2.22 0.24 0.000532977
2.22 0.3 0.000665942
2.22 0.36 0.000821588
2.22 0.42 0.00100081
2.22 0.48 0.00120367
2.22 0.54 0.00142918
2.22 0.6 0.00167525
2.22 0.66 0.00193847
2.22 0.72 0.00221413
2.22 0.78 0.00249625
2.22 0.84 0.00277771
2.22 0.9 0.00305063
2.22 0.96 0.00330645
2.22 1.02 0.00353662
2.22 1.08 0.00373295
2.22 1.14 0.00388803
2.22 1.2 0.00399582
2.22 1.26 0.00405196
2.22 1.32 0.00405402
2.22 1.38 0.00400187
2.22 1.44 0.00389734
2.22 1.5 0.0037446
2.22 1.56 0.00354942
2.22 1.62 0.00331899
2.22 1.68 0.00306159
2.22 1.74 0.00278592
2.22 1.8 0.00250075
2.22 1.86 0.00221428
2.22 1.92 0.001934
2.22 1.98 0.00166622
2.22 2.04 0.00141597
2.22 2.1 0.00118691
2.22 2.16 0.000981336
2.22 2.22 0.000800286
2.22 2.28 0.000643739
2.22 2.34 0.000510735
2.22 2.4 0.000399669
2.22 2.46 0.000308475
2.22 2.52 0.000234833
2.22 2.58 0.000176323
2.22 2.64 0.000130579
2.22 2.7 9.53762e-05
2.22 2.76 6.87094e-05
2.22 2.82 4.88195e-05
2.22 2.88 3.42121e-05
2.28 -0.06 9.86571e-05
2.28 9.71445e-15 0.00013142
2.28 0.06 0.000172885
2.28 0.12 0.000224591
2.28 0.18 0.000288108
2.28 0.24 0.000364948
2.28 0.3 0.000456464
2.28 0.36 0.000563713
2.28 0.42 0.000687322
2.28 0.48 0.00082738
2.28 0.54 0.000983238
2.28 0.6 0.00115346
2.28 0.66 0.00133572
2.28 0.72 0.00152676
2.28 0.78 0.00172244
2.28 0.84 0.00191788
2.28 0.9 0.00210751
2.28 0.96 0.00228551
2.28 1.02 0.00244583
2.28 1.08 0.00258281
2.28 1.14 0.00269124
2.28 1.2 0.00276695
2.28 1.26 0.00280681
2.28 1.32 0.00280919
2.28 1.38 0.00277387
2.28 1.44 0.0027022
2.28 1.5 0.00259692
2.28 1.56 0.00246211
2.28 1.62 0.00230277
2.28 1.68 0.00212458
2.28 1.74 0.00193363
2.28 1.8 0.00173596
2.28 1.86 0.00153733
2.28 1.92 0.00134291
2.28 1.98 0.0011571
2.28 2.04 0.000983427
2.28 2.1 0.000824416
2.28 2.16 0.00068169
2.28 2.22 0.000555971
2.28 2.28 0.000447245
2.28 2.34 0.000354859
2.28 2.4 0.000277705
2.28 2.46 0.000214353
2.28 2.52 0.000163189
2.28 2.58 0.000122534
2.28 2.64 9.07479e-05
2.28 2.7 6.62861e-05
2.28 2.76 4.7754e-05
2.28 2.82 3.39316e-05
2.34 9.71445e-15 6.86382e-05
2.34 0.06 0.000116487
2.34 0.12 0.000151492
2.34 0.18 0.000194542
2.34 0.24 0.000246684
2.34 0.3 0.000308846
2.34 0.36 0.000381777
2.34 0.42 0.000465919
2.34 0.48 0.000561342
2.34 0.54 0.00066763
2.34 0.6 0.00078382
2.34 0.66 0.000908321
2.34 0.72 0.00103892
2.34 0.78 0.00117283
2.34 0.84 0.00130666
2.34 0.9 0.00143667
2.34 0.96 0.00155877
2.34 1.02 0.00166889
2.34 1.08 0.00176312
2.34 1.14 0.00183786
2.34 1.2 0.00189025
2.34 1.26 0.00191814
2.34 1.32 0.00192035
2.34 1.38 0.00189672
2.34 1.44 0.0018482
2.34 1.5 0.00177661
2.34 1.56 0.00168472
2.34 1.62 0.00157599
2.34 1.68 0.00145429
2.34 1.74 0.00132381
2.34 1.8 0.00118866
2.34 1.86 0.00105278
2.34 1.92 0.000919744
2.34 1.98 0.000792584
2.34 2.04 0.000673682
2.34 2.1 0.000564803
2.34 2.16 0.00046706
2.34 2.22 0.000380953
2.34 2.28 0.000306472
2.34 2.34 0.000243178
2.34 2.4 0.000190318
2.34 2.46 0.000146909
2.34 2.52 0.000111847
2.34 2.58 8.39868e-05
2.34 2.64 6.22023e-05
2.34 2.7 4.54363e-05
2.34 2.76 3.26413e-05
2.4 0.06 6.23585e-05
2.4 0.12 8.26261e-05
2.4 0.18 0.000129676
2.4 0.24 0.000164594
2.4 0.3 0.000206272
2.4 0.36 0.00025521
2.4 0.42 0.000311726
2.4 0.48 0.00037588
2.4 0.54 0.000447397
2.4 0.6 0.000525639
2.4 0.66 0.000609547
2.4 0.72 0.000697643
2.4 0.78 0.000788023
2.4 0.84 0.000878433
2.4 0.9 0.000966315
2.4 0.96 0.00104895
2.4 1.02 0.00112354
2.4 1.08 0.00118745
2.4 1.14 0.00123824
2.4 1.2 0.00127397
2.4 1.26 0.00129316
2.4 1.32 0.00129501
2.4 1.38 0.00127942
2.4 1.44 0.00124697
2.4 1.5 0.00119893
2.4 1.56 0.00113715
2.4 1.62 0.00106395
2.4 1.68 0.000981951
2.4 1.74 0.000893971
2.4 1.8 0.000802805
2.4 1.86 0.000711122
2.4 1.92 0.000621335
2.4 1.98 0.000535475
2.4 2.04 0.00045519
2.4 2.1 0.000381655
2.4 2.16 0.000315629
2.4 2.22 0.000257456
2.4 2.28 0.000207133
2.4 2.34 0.000164365
2.4 2.4 0.000128642
2.4 2.46 9.93044e-05
2.4 2.52 7.56078e-05
2.4 2.58 5.6776e-05
2.4 2.64 4.2051e-05
2.4 2.7 3.06295e-05
2.46 0.12 5.51071e-05
2.46 0.18 7.20138e-05
2.46 0.24 9.28142e-05
2.46 0.3 0.000135978
2.46 0.36 0.000168387
2.46 0.42 0.000205847
2.46 0.48 0.000248405
2.46 0.54 0.000295883
2.46 0.6 0.00034787
2.46 0.66 0.000403659
2.46 0.72 0.00046227
2.46 0.78 0.000522453
2.46 0.84 0.000582689
2.46 0.9 0.000641294
2.46 0.96 0.000696432
2.46 1.02 0.000746253
2.46 1.08 0.000788995
2.46 1.14 0.000823027
2.46 1.2 0.000847038
2.46 1.26 0.000860048
2.46 1.32 0.000861503
2.46 1.38 0.00085133
2.46 1.44 0.000829918
2.46 1.5 0.000798104
2.46 1.56 0.000757115
2.46 1.62 0.00070849
2.46 1.68 0.000653985
2.46 1.74 0.000595468
2.46 1.8 0.000534812
2.46 1.86 0.000473789
2.46 1.92 0.000414005
2.46 1.98 0.000356832
2.46 2.04 0.000303353
2.46 2.1 0.000254363
2.46 2.16 0.000210375
2.46 2.22 0.000171611
2.46 2.28 0.000138076
2.46 2.34 0.000109572
2.46 2.4 8.57617e-05
2.46 2.46 6.62059e-05
2.46 2.52 5.04088e-05
2.46 2.58 3.77333e-05
2.46 2.64 2.79566e-05
2.52 0.24 6.10511e-05
2.52 0.3 7.76028e-05
2.52 0.36 9.72865e-05
2.52 0.42 0.000134155
2.52 0.48 0.000162008
2.52 0.54 0.000193108
2.52 0.6 0.000227182
2.52 0.66 0.000263778
2.52 0.72 0.00030225
2.52 0.78 0.000341773
2.52 0.84 0.000381366
2.52 0.9 0.000419903
2.52 0.96 0.00045619
2.52 1.02 0.000489017
2.52 1.08 0.0005172
2.52 1.14 0.000539683
2.52 1.2 0.000555579
2.52 1.26 0.000564258
2.52 1.32 0.000565353
2.52 1.38 0.000558796
2.52 1.44 0.000544853
2.52 1.5 0.00052406
2.52 1.56 0.000497229
2.52 1.62 0.000465364
2.52 1.68 0.000429625
2.52 1.74 0.000391228
2.52 1.8 0.000351414
2.52 1.86 0.000311351
2.52 1.92 0.000272089
2.52 1.98 0.000234533
2.52 2.04 0.000199396
2.52 2.1 0.000167211
2.52 2.16 0.000138301
2.52 2.22 0.000112824
2.52 2.28 9.0781e-05
2.52 2.34 7.20441e-05
2.52 2.4 5.63906e-05
2.52 2.46 4.33768e-05
2.52 2.52 3.30397e-05
2.52 2.58 2.48203e-05
2.58 0.3 5.03438e-05
2.58 0.36 6.31137e-05
2.58 0.42 7.80344e-05
2.58 0.48 9.51556e-05
2.58 0.54 0.000124371
2.58 0.6 0.000146405
2.58 0.66 0.000170084
2.58 0.72 0.000194994
2.58 0.78 0.000220599
2.58 0.84 0.000246263
2.58 0.9 0.000271258
2.58 0.96 0.000294817
2.58 1.02 0.00031614
2.58 1.08 0.000334465
2.58 1.14 0.000349107
2.58 1.2 0.000359489
2.58 1.26 0.000365189
2.58 1.32 0.000365978
2.58 1.38 0.000361809
2.58 1.44 0.000352845
2.58 1.5 0.000339436
2.58 1.56 0.000322106
2.58 1.62 0.000301507
2.58 1.68 0.000278385
2.58 1.74 0.000253536
2.58 1.8 0.000227755
2.58 1.86 0.000201808
2.58 1.92 0.000176375
2.58 1.98 0.000152041
2.58 2.04 0.000129274
2.58 2.1 0.000108413
2.58 2.16 8.96734e-05
2.58 2.22 7.31589e-05
2.58 2.28 5.86032e-05
2.58 2.34 4.65302e-05
2.58 2.4 3.64364e-05
2.58 2.46 2.81401e-05
2.58 2.52 2.14342e-05
2.64 0.36 4.03813e-05
2.64 0.42 4.99275e-05
2.64 0.48 6.08831e-05
2.64 0.54 7.32209e-05
2.64 0.6 8.68498e-05
2.64 0.66 0.000101599
2.64 0.72 0.000124123
2.64 0.78 0.000140485
2.64 0.84 0.000156894
2.64 0.9 0.000172886
2.64 0.96 0.000187966
2.64 1.02 0.000201625
2.64 1.08 0.000213376
2.64 1.14 0.000222776
2.64 1.2 0.000229457
2.64 1.26 0.000233149
2.64 1.32 0.0002337
2.64 1.38 0.000231081
2.64 1.44 0.000225393
2.64 1.5 0.00021686
2.64 1.56 0.000205819
2.64 1.62 0.00019268
2.64 1.68 0.000177924
2.64 1.74 0.000162058
2.64 1.8 0.000145595
2.64 1.86 0.000129018
2.64 1.92 0.000112768
2.64 1.98 9.7216e-05
2.64 2.04 8.26636e-05
2.64 2.1 6.89407e-05
2.64 2.16 5.70589e-05
2.64 2.22 4.65751e-05
2.64 2.28 3.74957e-05
2.64 2.34 2.9771e-05
2.64 2.4 2.33127e-05
2.64 2.46 1.80044e-05
2.7 0.48 3.84184e-05
2.7 0.54 4.62046e-05
2.7 0.6 5.48042e-05
2.7 0.66 6.41112e-05
2.7 0.72 7.39686e-05
2.7 0.78 8.41673e-05
2.7 0.84 9.44566e-05
2.7 0.9 0.000104545
2.7 0.96 0.000114123
2.7 1.02 0.000126857
2.7 1.08 0.000134286
2.7 1.14 0.000140237
2.7 1.2 0.000144476
2.7 1.26 0.00014683
2.7 1.32 0.000147204
2.7 1.38 0.00014558
2.7 1.44 0.000142019
2.7 1.5 0.000136662
2.7 1.56 0.000129719
2.7 1.62 0.000121453
2.7 1.68 0.000112163
2.7 1.74 0.000102172
2.7 1.8 9.17995e-05
2.7 1.86 8.07291e-05
2.7 1.92 7.06188e-05
2.7 1.98 6.09253e-05
2.7 2.04 5.18403e-05
2.7 2.1 4.35036e-05
2.7 2.16 3.60053e-05
2.7 2.22 2.93903e-05
2.7 2.28 2.36606e-05
2.7 2.34 1.87862e-05
2.7 2.4 1.47109e-05
2.76 0.54 2.87554e-05
2.76 0.6 3.41075e-05
2.76 0.66 3.99001e-05
2.76 0.72 4.60346e-05
2.76 0.78 5.23816e-05
2.76 0.84 5.87854e-05
2.76 0.9 6.50644e-05
2.76 0.96 7.10241e-05
2.76 1.02 7.64653e-05
2.76 1.08 8.11908e-05
2.76 1.14 8.50238e-05
2.76 1.2 8.78128e-05
2.76 1.26 8.9447e-05
2.76 1.32 8.98607e-05
2.76 1.38 8.90341e-05
2.76 1.44 8.70029e-05
2.76 1.5 8.38491e-05
2.76 1.56 7.96997e-05
2.76 1.62 7.47134e-05
2.76 1.68 6.90773e-05
2.76 1.74 6.29875e-05
2.76 1.8 5.66452e-05
2.76 1.86 5.02422e-05
2.76 1.92 4.39498e-05
2.76 1.98 3.79171e-05
2.76 2.04 3.22625e-05
2.76 2.1 2.70745e-05
2.76 2.16 2.24081e-05
2.76 2.22 1.82911e-05
2.76 2.28 1.47252e-05
2.76 2.34 1.16917e-05
2.82 0.66 2.44906e-05
2.82 0.72 2.82557e-05
2.82 0.78 3.21517e-05
2.82 0.84 3.60821e-05
2.82 0.9 3.99365e-05
2.82 0.96 4.35945e-05
2.82 1.02 4.69336e-05
2.82 1.08 4.98346e-05
2.82 1.14 5.21869e-05
2.82 1.2 5.3899e-05
2.82 1.26 5.49029e-05
2.82 1.32 5.51564e-05
2.82 1.38 5.46489e-05
2.82 1.44 5.34024e-05
2.82 1.5 5.14664e-05
2.82 1.56 4.89192e-05
2.82 1.62 4.58588e-05
2.82 1.68 4.2399e-05
2.82 1.74 3.86613e-05
2.82 1.8 3.4769e-05
2.82 1.86 3.08386e-05
2.82 1.92 2.69761e-05
2.82 1.98 2.32735e-05
2.82 2.04 1.98028e-05
2.82 2.1 1.6618e-05
2.82 2.16 1.3754e-05
2.82 2.22 1.12269e-05
2.82 2.28 9.03832e-06
2.88 0.78 1.94634e-05
2.88 0.84 2.18425e-05
2.88 0.9 2.41759e-05
2.88 0.96 2.63906e-05
2.88 1.02 2.84118e-05
2.88 1.08 3.01679e-05
2.88 1.14 3.15918e-05
2.88 1.2 3.26286e-05
2.88 1.26 3.32361e-05
2.88 1.32 3.33892e-05
2.88 1.38 3.30825e-05
2.88 1.44 3.23274e-05
2.88 1.5 3.11558e-05
2.88 1.56 2.96138e-05
2.88 1.62 2.77613e-05
2.88 1.68 2.56668e-05
2.88 1.74 2.34043e-05
2.88 1.8 2.10478e-05
2.88 1.86 1.86683e-05
2.88 1.92 1.63304e-05
2.88 1.98 1.40888e-05
2.88 2.04 1.19879e-05
2.88 2.1 1.00599e-05
2.88 2.16 8.32609e-06
2.94 0.9 1.44339e-05
2.94 0.96 1.57561e-05
2.94 1.02 1.6963e-05
2.94 1.08 1.80115e-05
2.94 1.14 1.88615e-05
2.94 1.2 1.94805e-05
2.94 1.26 1.98431e-05
2.94 1.32 1.99348e-05
2.94 1.38 1.97514e-05
2.94 1.44 1.93009e-05
2.94 1.5 1.86012e-05
2.94 1.56 1.76805e-05
2.94 1.62 1.65746e-05
2.94 1.68 1.5324e-05
2.94 1.74 1.39732e-05
2.94 1.8 1.25663e-05
2.94 1.86 1.11458e-05
2.94 1.92 9.74985e-06
2.94 1.98 8.41158e-06
2.94 2.04 7.15718e-06
2.94 2.1 6.00618e-06
3 1.08 1.06057e-05
3 1.14 1.11063e-05
3 1.2 1.14708e-05
3 1.26 1.16843e-05
3 1.32 1.17382e-05
3 1.38 1.16303e-05
3 1.44 1.13649e-05
3 1.5 1.0953e-05
3 1.56 1.04109e-05
3 1.62 9.75965e-06
3 1.68 9.02333e-06
3 1.74 8.22789e-06
3 1.8 7.39948e-06
3 1.86 6.56295e-06
3 1.92 5.74105e-06
3 1.98 4.95299e-06
3.06 1.26 6.78552e-06
3.06 1.32 6.81684e-06
3.06 1.38 6.75413e-06
3.06 1.44 6.60005e-06
3.06 1.5 6.36082e-06
3.06 1.56 6.04601e-06
3.06 1.62 5.66773e-06
3.06 1.68 5.24016e-06
3.06 1.74 4.77821e-06
3.06 1.8 4.29715e-06
3.06 1.86 3.81138e-06
3.12 1.68 3.00135e-06
3.12 1.74 2.73677e-06
