4159 0.06 0.06 0.354228 -12 -12
-2.22 -0.42 1.76213e-05
-2.22 -0.36 1.78082e-05
-2.22 -0.3 1.77498e-05
-2.22 -0.24 1.74484e-05
-2.22 -0.18 1.69163e-05
-2.22 -0.12 1.61751e-05
-2.22 -0.06 1.52538e-05
-2.22 9.71445e-15 1.4187e-05
-2.22 0.06 1.30137e-05
-2.22 0.12 1.17733e-05
-2.22 0.18 1.05047e-05
-2.22 0.24 9.24386e-06
-2.22 0.3 8.02262e-06
-2.22 0.36 6.86705e-06
-2.22 0.42 5.79709e-06
-2.22 0.48 4.82659e-06
-2.22 0.54 3.96335e-06
-2.22 0.6 3.20975e-06
-2.22 0.66 2.5637e-06
-2.16 -0.6 2.59909e-05
-2.16 -0.54 2.73807e-05
-2.16 -0.48 2.84479e-05
-2.16 -0.42 2.91505e-05
-2.16 -0.36 2.94595e-05
-2.16 -0.3 2.93631e-05
-2.16 -0.24 2.88646e-05
-2.16 -0.18 2.79844e-05
-2.16 -0.12 2.67581e-05
-2.16 -0.06 2.52338e-05
-2.16 9.71445e-15 2.34694e-05
-2.16 0.06 2.15282e-05
-2.16 0.12 1.94763e-05
-2.16 0.18 1.73775e-05
-2.16 0.24 1.52919e-05
-2.16 0.3 1.32718e-05
-2.16 0.36 1.13601e-05
-2.16 0.42 9.59008e-06
-2.16 0.48 7.98455e-06
-2.16 0.54 6.5564e-06
-2.16 0.6 5.30982e-06
-2.16 0.66 4.24105e-06
-2.16 0.72 3.3409e-06
-2.16 0.78 2.59558e-06
-2.16 0.84 1.98883e-06
-2.1 -0.78 3.33815e-05
-2.1 -0.72 3.6657e-05
-2.1 -0.66 3.97005e-05
-2.1 -0.6 4.24054e-05
-2.1 -0.54 4.46723e-05
-2.1 -0.48 4.64138e-05
-2.1 -0.42 4.75598e-05
-2.1 -0.36 4.80644e-05
-2.1 -0.3 4.79071e-05
-2.1 -0.24 4.70937e-05
-2.1 -0.18 4.56577e-05
-2.1 -0.12 4.3657e-05
-2.1 -0.06 4.117e-05
-2.1 9.71445e-15 3.82909e-05
-2.1 0.06 3.51243e-05
-2.1 0.12 3.17761e-05
-2.1 0.18 2.83523e-05
-2.1 0.24 2.49493e-05
-2.1 0.3 2.16533e-05
-2.1 0.36 1.85343e-05
-2.1 0.42 1.56465e-05
-2.1 0.48 1.30271e-05
-2.1 0.54 1.0697e-05
-2.1 0.6 8.66313e-06
-2.1 0.66 6.91946e-06
-2.1 0.72 5.45078e-06
-2.1 0.78 4.23475e-06
-2.1 0.84 3.24487e-06
-2.1 0.9 2.45218e-06
-2.1 0.96 1.82765e-06
-2.04 -0.96 3.73317e-05
-2.04 -0.9 4.27325e-05
-2.04 -0.84 4.82421e-05
-2.04 -0.78 5.37141e-05
-2.04 -0.72 5.89847e-05
-2.04 -0.66 6.3882e-05
-2.04 -0.6 6.82353e-05
-2.04 -0.54 7.18829e-05
-2.04 -0.48 7.46847e-05
-2.04 -0.42 7.6529e-05
-2.04 -0.36 7.73409e-05
-2.04 -0.3 7.70877e-05
-2.04 -0.24 7.57788e-05
-2.04 -0.18 7.34681e-05
-2.04 -0.12 7.02489e-05
-2.04 -0.06 6.62472e-05
-2.04 9.71445e-15 6.16139e-05
-2.04 0.06 5.65189e-05
-2.04 0.12 5.1131e-05
-2.04 0.18 4.56221e-05
-2.04 0.24 4.01464e-05
-2.04 0.3 3.48423e-05
-2.04 0.36 2.98236e-05
-2.04 0.42 2.51769e-05
-2.04 0.48 2.0962e-05
-2.04 0.54 1.72128e-05
-2.04 0.6 1.39399e-05
-2.04 0.66 1.11341e-05
-2.04 0.72 8.77089e-06
-2.04 0.78 6.81423e-06
-2.04 0.84 5.22135e-06
-2.04 0.9 3.94582e-06
-2.04 0.96 2.9409e-06
-2.04 1.02 2.16177e-06
-1.98 -1.08 4.33763e-05
-1.98 -1.02 5.10452e-05
-1.98 -0.96 5.9245e-05
-1.98 -0.9 6.78163e-05
-1.98 -0.84 7.65601e-05
-1.98 -0.78 8.52435e-05
-1.98 -0.72 9.36078e-05
-1.98 -0.66 0.00010138
-1.98 -0.6 0.000108289
-1.98 -0.54 0.000114078
-1.98 -0.48 0.000118524
-1.98 -0.42 0.000121451
-1.98 -0.36 0.00012274
-1.98 -0.3 0.000122337
-1.98 -0.24 0.00012026
-1.98 -0.18 0.000116593
-1.98 -0.12 0.000111484
-1.98 -0.06 0.000105133
-1.98 9.71445e-15 9.77817e-05
-1.98 0.06 8.96949e-05
-1.98 0.12 8.11445e-05
-1.98 0.18 7.24018e-05
-1.98 0.24 6.37122e-05
-1.98 0.3 5.52946e-05
-1.98 0.36 4.73296e-05
-1.98 0.42 3.99553e-05
-1.98 0.48 3.32666e-05
-1.98 0.54 2.73168e-05
-1.98 0.6 2.21224e-05
-1.98 0.66 1.76698e-05
-1.98 0.72 1.39193e-05
-1.98 0.78 1.08142e-05
-1.98 0.84 8.28623e-06
-1.98 0.9 6.26195e-06
-1.98 0.96 4.66716e-06
-1.98 1.02 3.4307e-06
-1.98 1.08 2.48715e-06
-1.92 -1.14 5.68979e-05
-1.92 -1.08 6.78913e-05
-1.92 -1.02 7.98949e-05
-1.92 -0.96 9.27285e-05
-1.92 -0.9 0.000106144
-1.92 -0.84 0.000119831
-1.92 -0.78 0.000133422
-1.92 -0.72 0.000146514
-1.92 -0.66 0.000158679
-1.92 -0.6 0.000169492
-1.92 -0.54 0.00017855
-1.92 -0.48 0.000185512
-1.92 -0.42 0.000190091
-1.92 -0.36 0.000192111
-1.92 -0.3 0.00019148
-1.92 -0.24 0.000188228
-1.92 -0.18 0.000182488
-1.92 -0.12 0.000174492
-1.92 -0.06 0.000164553
-1.92 9.71445e-15 0.000153046
-1.92 0.06 0.000140388
-1.92 0.12 0.000127006
-1.92 0.18 0.000113321
-1.92 0.24 9.97209e-05
-1.92 0.3 8.65464e-05
-1.92 0.36 7.40799e-05
-1.92 0.42 6.25377e-05
-1.92 0.48 5.20683e-05
-1.92 0.54 4.27555e-05
-1.92 0.6 3.46253e-05
-1.92 0.66 2.76566e-05
-1.92 0.72 2.1786e-05
-1.92 0.78 1.69261e-05
-1.92 0.84 1.29695e-05
-1.92 0.9 9.80113e-06
-1.92 0.96 7.30496e-06
-1.92 1.02 5.36969e-06
-1.92 1.08 3.89285e-06
-1.92 1.14 2.78341e-06
-1.86 -1.26 5.91817e-05
-1.86 -1.2 7.25976e-05
-1.86 -1.14 8.78314e-05
-1.86 -1.08 0.000104802
-1.86 -1.02 0.00012333
-1.86 -0.96 0.000143142
-1.86 -0.9 0.000163852
-1.86 -0.84 0.000184978
-1.86 -0.78 0.000205959
-1.86 -0.72 0.000226168
-1.86 -0.66 0.000244946
-1.86 -0.6 0.000261637
-1.86 -0.54 0.000275623
-1.86 -0.48 0.000286367
-1.86 -0.42 0.000293439
-1.86 -0.36 0.000296551
-1.86 -0.3 0.000295581
-1.86 -0.24 0.000290562
-1.86 -0.18 0.000281702
-1.86 -0.12 0.000269358
-1.86 -0.06 0.000254014
-1.86 9.71445e-15 0.00023625
-1.86 0.06 0.000216713
-1.86 0.12 0.000196054
-1.86 0.18 0.00017493
-1.86 0.24 0.000153935
-1.86 0.3 0.000133598
-1.86 0.36 0.000114354
-1.86 0.42 9.65371e-05
-1.86 0.48 8.03754e-05
-1.86 0.54 6.59998e-05
-1.86 0.6 5.34506e-05
-1.86 0.66 4.26921e-05
-1.86 0.72 3.36307e-05
-1.86 0.78 2.6128e-05
-1.86 0.84 2.00204e-05
-1.86 0.9 1.51296e-05
-1.86 0.96 1.12764e-05
-1.86 1.02 8.28895e-06
-1.86 1.08 6.00921e-06
-1.86 1.14 4.29666e-06
-1.86 1.2 3.0299e-06
-1.8 -1.32 7.24401e-05
-1.8 -1.26 9.01005e-05
-1.8 -1.2 0.000110526
-1.8 -1.14 0.00013372
-1.8 -1.08 0.000159554
-1.8 -1.02 0.000187766
-1.8 -0.96 0.000217923
-1.8 -0.9 0.000249455
-1.8 -0.84 0.000281621
-1.8 -0.78 0.000313564
-1.8 -0.72 0.000344331
-1.8 -0.66 0.00037292
-1.8 -0.6 0.000398327
-1.8 -0.54 0.00041962
-1.8 -0.48 0.000435979
-1.8 -0.42 0.000446744
-1.8 -0.36 0.000451484
-1.8 -0.3 0.000450004
-1.8 -0.24 0.000442362
-1.8 -0.18 0.000428873
-1.8 -0.12 0.00041008
-1.8 -0.06 0.000386721
-1.8 9.71445e-15 0.000359683
-1.8 0.06 0.00032993
-1.8 0.12 0.000298485
-1.8 0.18 0.000266317
-1.8 0.24 0.000234358
-1.8 0.3 0.000203397
-1.8 0.36 0.000174099
-1.8 0.42 0.000146973
-1.8 0.48 0.000122368
-1.8 0.54 0.000100481
-1.8 0.6 8.13752e-05
-1.8 0.66 6.49964e-05
-1.8 0.72 5.12006e-05
-1.8 0.78 3.97789e-05
-1.8 0.84 3.048e-05
-1.8 0.9 2.30338e-05
-1.8 0.96 1.71675e-05
-1.8 1.02 1.26195e-05
-1.8 1.08 9.14881e-06
-1.8 1.14 6.54142e-06
-1.8 1.2 4.61283e-06
-1.74 -1.44 6.74496e-05
-1.74 -1.38 8.62475e-05
-1.74 -1.32 0.00010877
-1.74 -1.26 0.000135287
-1.74 -1.2 0.000165957
-1.74 -1.14 0.000200782
-1.74 -1.08 0.000239574
-1.74 -1.02 0.000281932
-1.74 -0.96 0.00032722
-1.74 -0.9 0.00037456
-1.74 -0.84 0.000422855
-1.74 -0.78 0.000470817
-1.74 -0.72 0.000517013
-1.74 -0.66 0.00055994
-1.74 -0.6 0.0005981
-1.74 -0.54 0.000630073
-1.74 -0.48 0.000654625
-1.74 -0.42 0.000670798
-1.74 -0.36 0.000677915
-1.74 -0.3 0.000675686
-1.74 -0.24 0.000664214
-1.74 -0.18 0.000643961
-1.74 -0.12 0.000615744
-1.74 -0.06 0.000580669
-1.74 9.71445e-15 0.000540067
-1.74 0.06 0.0004954
-1.74 0.12 0.000448177
-1.74 0.18 0.000399888
-1.74 0.24 0.000351892
-1.74 0.3 0.0003054
-1.74 0.36 0.000261409
-1.74 0.42 0.000220679
-1.74 0.48 0.000183736
-1.74 0.54 0.000150875
-1.74 0.6 0.000122187
-1.74 0.66 9.75935e-05
-1.74 0.72 7.68787e-05
-1.74 0.78 5.97288e-05
-1.74 0.84 4.57663e-05
-1.74 0.9 3.45859e-05
-1.74 0.96 2.57775e-05
-1.74 1.02 1.89484e-05
-1.74 1.08 1.3737e-05
-1.74 1.14 9.82203e-06
-1.74 1.2 6.9263e-06
-1.74 1.26 4.8171e-06
-1.68 -1.5 7.70396e-05
-1.68 -1.44 9.98841e-05
-1.68 -1.38 0.000127723
-1.68 -1.32 0.000161076
-1.68 -1.26 0.000200345
-1.68 -1.2 0.000245761
-1.68 -1.14 0.000297333
-1.68 -1.08 0.000354782
-1.68 -1.02 0.000417506
-1.68 -0.96 0.000484573
-1.68 -0.9 0.00055468
-1.68 -0.84 0.0006262
-1.68 -0.78 0.000697228
-1.68 -0.72 0.000765641
-1.68 -0.66 0.000829208
-1.68 -0.6 0.000885707
-1.68 -0.54 0.00093306
-1.68 -0.48 0.000969427
-1.68 -0.42 0.00099337
-1.68 -0.36 0.0010039
-1.68 -0.3 0.00100062
-1.68 -0.24 0.000983629
-1.68 -0.18 0.000953636
-1.68 -0.12 0.000911847
-1.68 -0.06 0.0008599
-1.68 9.71445e-15 0.00079977
-1.68 0.06 0.000733629
-1.68 0.12 0.000663697
-1.68 0.18 0.000592183
-1.68 0.24 0.00052111
-1.68 0.3 0.000452265
-1.68 0.36 0.00038712
-1.68 0.42 0.000326804
-1.68 0.48 0.000272092
-1.68 0.54 0.000223425
-1.68 0.6 0.000180945
-1.68 0.66 0.000144524
-1.68 0.72 0.000113849
-1.68 0.78 8.84502e-05
-1.68 0.84 6.77741e-05
-1.68 0.9 5.12176e-05
-1.68 0.96 3.81735e-05
-1.68 1.02 2.80602e-05
-1.68 1.08 2.03428e-05
-1.68 1.14 1.45453e-05
-1.68 1.2 1.0257e-05
-1.68 1.26 7.13356e-06
-1.68 1.32 4.8931e-06
-1.62 -1.56 8.55916e-05
-1.62 -1.5 0.000112519
-1.62 -1.44 0.000145884
-1.62 -1.38 0.000186543
-1.62 -1.32 0.000235256
-1.62 -1.26 0.00029261
-1.62 -1.2 0.000358944
-1.62 -1.14 0.000434259
-1.62 -1.08 0.000518167
-1.62 -1.02 0.00060978
-1.62 -0.96 0.000707733
-1.62 -0.9 0.000810116
-1.62 -0.84 0.000914575
-1.62 -0.78 0.00101832
-1.62 -0.72 0.00111823
-1.62 -0.66 0.00121108
-1.62 -0.6 0.0012936
-1.62 -0.54 0.00136276
-1.62 -0.48 0.00141587
-1.62 -0.42 0.00145084
-1.62 -0.36 0.00146623
-1.62 -0.3 0.00146143
-1.62 -0.24 0.00143661
-1.62 -0.18 0.0013928
-1.62 -0.12 0.00133178
-1.62 -0.06 0.00125592
-1.62 9.71445e-15 0.00116809
-1.62 0.06 0.00107148
-1.62 0.12 0.000969348
-1.62 0.18 0.000864901
-1.62 0.24 0.00076109
-1.62 0.3 0.000660541
-1.62 0.36 0.000565395
-1.62 0.42 0.000477303
-1.62 0.48 0.000397398
-1.62 0.54 0.000326319
-1.62 0.6 0.000264272
-1.62 0.66 0.000211082
-1.62 0.72 0.000166277
-1.62 0.78 0.000129184
-1.62 0.84 9.89867e-05
-1.62 0.9 7.4805e-05
-1.62 0.96 5.57536e-05
-1.62 1.02 4.0983e-05
-1.62 1.08 2.97113e-05
-1.62 1.14 2.12436e-05
-1.62 1.2 1.49807e-05
-1.62 1.26 1.04187e-05
-1.62 1.32 7.1465e-06
-1.56 -1.62 9.24959e-05
-1.56 -1.56 0.000123291
-1.56 -1.5 0.000162077
-1.56 -1.44 0.000210137
-1.56 -1.38 0.000268704
-1.56 -1.32 0.000338871
-1.56 -1.26 0.000421487
-1.56 -1.2 0.00051704
-1.56 -1.14 0.000625531
-1.56 -1.08 0.000746387
-1.56 -1.02 0.00087836
-1.56 -0.96 0.00101945
-1.56 -0.9 0.00116693
-1.56 -0.84 0.00131741
-1.56 -0.78 0.00146684
-1.56 -0.72 0.00161077
-1.56 -0.66 0.0017445
-1.56 -0.6 0.00186335
-1.56 -0.54 0.00196298
-1.56 -0.48 0.00203948
-1.56 -0.42 0.00208986
-1.56 -0.36 0.00211203
-1.56 -0.3 0.0021051
-1.56 -0.24 0.00206936
-1.56 -0.18 0.00200626
-1.56 -0.12 0.00191834
-1.56 -0.06 0.00180908
-1.56 9.71445e-15 0.00168258
-1.56 0.06 0.0015434
-1.56 0.12 0.0013963
-1.56 0.18 0.00124584
-1.56 0.24 0.00109631
-1.56 0.3 0.000951481
-1.56 0.36 0.000814429
-1.56 0.42 0.000687533
-1.56 0.48 0.000572428
-1.56 0.54 0.000470045
-1.56 0.6 0.000380673
-1.56 0.66 0.000304051
-1.56 0.72 0.000239516
-1.56 0.78 0.000186083
-1.56 0.84 0.000142585
-1.56 0.9 0.000107752
-1.56 0.96 8.03097e-05
-1.56 1.02 5.90338e-05
-1.56 1.08 4.27977e-05
-1.56 1.14 3.06002e-05
-1.56 1.2 2.15788e-05
-1.56 1.26 1.50076e-05
-1.56 1.32 1.02942e-05
-1.56 1.38 6.96394e-06
-1.5 -1.68 9.72299e-05
-1.5 -1.62 0.000131404
-1.5 -1.56 0.000175154
-1.5 -1.5 0.000230254
-1.5 -1.44 0.000298531
-1.5 -1.38 0.000381736
-1.5 -1.32 0.00048142
-1.5 -1.26 0.000598786
-1.5 -1.2 0.000734527
-1.5 -1.14 0.000888659
-1.5 -1.08 0.00106036
-1.5 -1.02 0.00124784
-1.5 -0.96 0.00144828
-1.5 -0.9 0.00165781
-1.5 -0.84 0.00187158
-1.5 -0.78 0.00208386
-1.5 -0.72 0.00228833
-1.5 -0.66 0.00247832
-1.5 -0.6 0.00264717
-1.5 -0.54 0.00278871
-1.5 -0.48 0.0028974
-1.5 -0.42 0.00296896
-1.5 -0.36 0.00300043
-1.5 -0.3 0.00299062
-1.5 -0.24 0.00293984
-1.5 -0.18 0.0028502
-1.5 -0.12 0.0027253
-1.5 -0.06 0.00257005
-1.5 9.71445e-15 0.00239034
-1.5 0.06 0.00219264
-1.5 0.12 0.00198365
-1.5 0.18 0.0017699
-1.5 0.24 0.00155748
-1.5 0.3 0.00135172
-1.5 0.36 0.00115702
-1.5 0.42 0.000976745
-1.5 0.48 0.000813222
-1.5 0.54 0.000667765
-1.5 0.6 0.000540803
-1.5 0.66 0.000431949
-1.5 0.72 0.000340269
-1.5 0.78 0.000264358
-1.5 0.84 0.000202561
-1.5 0.9 0.000153078
-1.5 0.96 0.000114092
-1.5 1.02 8.38658e-05
-1.5 1.08 6.08004e-05
-1.5 1.14 4.34725e-05
-1.5 1.2 3.06558e-05
-1.5 1.26 2.13206e-05
-1.5 1.32 1.46244e-05
-1.5 1.38 9.89327e-06
-1.44 -1.74 9.94137e-05
-1.44 -1.68 0.00013623
-1.44 -1.62 0.000184115
-1.44 -1.56 0.000245411
-1.44 -1.5 0.000322614
-1.44 -1.44 0.000418278
-1.44 -1.38 0.000534858
-1.44 -1.32 0.000674527
-1.44 -1.26 0.000838971
-1.44 -1.2 0.00102915
-1.44 -1.14 0.00124512
-1.44 -1.08 0.0014857
-1.44 -1.02 0.00174836
-1.44 -0.96 0.00202922
-1.44 -0.9 0.0023228
-1.44 -0.84 0.00262229
-1.44 -0.78 0.00291973
-1.44 -0.72 0.00320622
-1.44 -0.66 0.00347241
-1.44 -0.6 0.00370903
-1.44 -0.54 0.00390731
-1.44 -0.48 0.0040596
-1.44 -0.42 0.00415987
-1.44 -0.36 0.00420397
-1.44 -0.3 0.00419021
-1.44 -0.24 0.00411908
-1.44 -0.18 0.00399348
-1.44 -0.12 0.00381848
-1.44 -0.06 0.00360094
-1.44 9.71445e-15 0.00334915
-1.44 0.06 0.00307217
-1.44 0.12 0.00277931
-1.44 0.18 0.00247985
-1.44 0.24 0.00218223
-1.44 0.3 0.00189391
-1.44 0.36 0.00162111
-1.44 0.42 0.00136853
-1.44 0.48 0.00113942
-1.44 0.54 0.000935627
-1.44 0.6 0.00075773
-1.44 0.66 0.000605211
-1.44 0.72 0.000476758
-1.44 0.78 0.000370398
-1.44 0.84 0.000283813
-1.44 0.9 0.00021448
-1.44 0.96 0.000159856
-1.44 1.02 0.000117506
-1.44 1.08 8.5188e-05
-1.44 1.14 6.09105e-05
-1.44 1.2 4.29524e-05
-1.44 1.26 2.98728e-05
-1.44 1.32 2.04905e-05
-1.44 1.38 1.38617e-05
-1.44 1.44 9.2485e-06
-1.38 -1.8 9.88727e-05
-1.38 -1.74 0.000137375
-1.38 -1.68 0.000188251
-1.38 -1.62 0.000254422
-1.38 -1.56 0.000339122
-1.38 -1.5 0.000445809
-1.38 -1.44 0.000578007
-1.38 -1.38 0.0007391
-1.38 -1.32 0.0009321
-1.38 -1.26 0.00115934
-1.38 -1.2 0.00142216
-1.38 -1.14 0.0017206
-1.38 -1.08 0.00205302
-1.38 -1.02 0.00241601
-1.38 -0.96 0.00280408
-1.38 -0.9 0.0032098
-1.38 -0.84 0.00362368
-1.38 -0.78 0.00403468
-1.38 -0.72 0.00443057
-1.38 -0.66 0.00479843
-1.38 -0.6 0.00512539
-1.38 -0.54 0.00539935
-1.38 -0.48 0.00560983
-1.38 -0.42 0.00574836
-1.38 -0.36 0.00580935
-1.38 -0.3 0.00579029
-1.38 -0.24 0.00569196
-1.38 -0.18 0.00551841
-1.38 -0.12 0.00527658
-1.38 -0.06 0.004976
-1.38 9.71445e-15 0.0046281
-1.38 0.06 0.00424531
-1.38 0.12 0.00384065
-1.38 0.18 0.0034268
-1.38 0.24 0.00301555
-1.38 0.3 0.00261715
-1.38 0.36 0.00224016
-1.38 0.42 0.00189113
-1.38 0.48 0.00157453
-1.38 0.54 0.00129291
-1.38 0.6 0.00104707
-1.38 0.66 0.000836324
-1.38 0.72 0.000658811
-1.38 0.78 0.000511842
-1.38 0.84 0.000392191
-1.38 0.9 0.000296381
-1.38 0.96 0.000220898
-1.38 1.02 0.000162376
-1.38 1.08 0.000117719
-1.38 1.14 8.41701e-05
-1.38 1.2 5.93538e-05
-1.38 1.26 4.12803e-05
-1.38 1.32 2.83149e-05
-1.38 1.38 1.91549e-05
-1.38 1.44 1.27802e-05
-1.38 1.5 8.4097e-06
-1.32 -1.86 9.56488e-05
-1.32 -1.8 0.000134749
-1.32 -1.74 0.000187225
-1.32 -1.68 0.000256563
-1.32 -1.62 0.00034674
-1.32 -1.56 0.000462182
-1.32 -1.5 0.000607576
-1.32 -1.44 0.000787743
-1.32 -1.38 0.0010073
-1.32 -1.32 0.00127033
-1.32 -1.26 0.00158003
-1.32 -1.2 0.00193822
-1.32 -1.14 0.00234493
-1.32 -1.08 0.002798
-1.32 -1.02 0.00329271
-1.32 -0.96 0.00382159
-1.32 -0.9 0.00437449
-1.32 -0.84 0.00493859
-1.32 -0.78 0.00549876
-1.32 -0.72 0.0060383
-1.32 -0.66 0.00653962
-1.32 -0.6 0.00698516
-1.32 -0.54 0.00735863
-1.32 -0.48 0.00764546
-1.32 -0.42 0.00783425
-1.32 -0.36 0.00791733
-1.32 -0.3 0.00789143
-1.32 -0.24 0.00775743
-1.32 -0.18 0.00752088
-1.32 -0.12 0.00719131
-1.32 -0.06 0.00678166
-1.32 9.71445e-15 0.00630748
-1.32 0.06 0.00578577
-1.32 0.12 0.00523432
-1.32 0.18 0.00467025
-1.32 0.24 0.00410976
-1.32 0.3 0.00356683
-1.32 0.36 0.00305306
-1.32 0.42 0.00257737
-1.32 0.48 0.00214587
-1.32 0.54 0.00176205
-1.32 0.6 0.00142703
-1.32 0.66 0.0011398
-1.32 0.72 0.000897874
-1.32 0.78 0.000697571
-1.32 0.84 0.000534505
-1.32 0.9 0.00040393
-1.32 0.96 0.000301056
-1.32 1.02 0.000221299
-1.32 1.08 0.000160436
-1.32 1.14 0.000114712
-1.32 1.2 8.08923e-05
-1.32 1.26 5.62594e-05
-1.32 1.32 3.85898e-05
-1.32 1.38 2.61056e-05
-1.32 1.44 1.74175e-05
-1.32 1.5 1.14612e-05
-1.26 -1.92 9.00045e-05
-1.26 -1.86 0.000128565
-1.26 -1.8 0.000181122
-1.26 -1.74 0.000251658
-1.26 -1.68 0.000344852
-1.26 -1.62 0.000466069
-1.26 -1.56 0.000621231
-1.26 -1.5 0.000816675
-1.26 -1.44 0.00105883
-1.26 -1.38 0.00135393
-1.26 -1.32 0.00170748
-1.26 -1.26 0.00212376
-1.26 -1.2 0.00260523
-1.26 -1.14 0.00315193
-1.26 -1.08 0.00376086
-1.26 -1.02 0.00442584
-1.26 -0.96 0.00513675
-1.26 -0.9 0.00587992
-1.26 -0.84 0.00663811
-1.26 -0.78 0.00739102
-1.26 -0.72 0.00811623
-1.26 -0.66 0.00879008
-1.26 -0.6 0.00938906
-1.26 -0.54 0.00989102
-1.26 -0.48 0.0102764
-1.26 -0.42 0.0105303
-1.26 -0.36 0.010642
-1.26 -0.3 0.010607
-1.26 -0.24 0.0104269
-1.26 -0.18 0.010109
-1.26 -0.12 0.00966602
-1.26 -0.06 0.00911543
-1.26 9.71445e-15 0.00847812
-1.26 0.06 0.00777684
-1.26 0.12 0.0070356
-1.26 0.18 0.00627749
-1.26 0.24 0.00552407
-1.26 0.3 0.00479427
-1.26 0.36 0.00410368
-1.26 0.42 0.00346429
-1.26 0.48 0.00288432
-1.26 0.54 0.00236847
-1.26 0.6 0.00191812
-1.26 0.66 0.00153204
-1.26 0.72 0.00120686
-1.26 0.78 0.000937636
-1.26 0.84 0.000718448
-1.26 0.9 0.000542933
-1.26 0.96 0.000404659
-1.26 1.02 0.000297455
-1.26 1.08 0.000215647
-1.26 1.14 0.000154189
-1.26 1.2 0.00010873
-1.26 1.26 7.56201e-05
-1.26 1.32 5.18696e-05
-1.26 1.38 3.50897e-05
-1.26 1.44 2.34117e-05
-1.26 1.5 1.54055e-05
-1.2 -1.92 0.000119315
-1.2 -1.86 0.000170433
-1.2 -1.8 0.000240106
-1.2 -1.74 0.000333612
-1.2 -1.68 0.000457157
-1.2 -1.62 0.000617846
-1.2 -1.56 0.00082354
-1.2 -1.5 0.00108262
-1.2 -1.44 0.00140366
-1.2 -1.38 0.00179487
-1.2 -1.32 0.00226357
-1.2 -1.26 0.00281542
-1.2 -1.2 0.00345366
-1.2 -1.14 0.00417831
-1.2 -1.08 0.00498567
-1.2 -1.02 0.00586712
-1.2 -0.96 0.00680962
-1.2 -0.9 0.00779474
-1.2 -0.84 0.0087998
-1.2 -0.78 0.00979793
-1.2 -0.72 0.0107593
-1.2 -0.66 0.0116527
-1.2 -0.6 0.0124466
-1.2 -0.54 0.0131121
-1.2 -0.48 0.0136232
-1.2 -0.42 0.0139595
-1.2 -0.36 0.0141077
-1.2 -0.3 0.0140615
-1.2 -0.24 0.0138227
-1.2 -0.18 0.0134012
-1.2 -0.12 0.012814
-1.2 -0.06 0.0120841
-1.2 9.71445e-15 0.011239
-1.2 0.06 0.0103095
-1.2 0.12 0.00932678
-1.2 0.18 0.00832185
-1.2 0.24 0.00732301
-1.2 0.3 0.00635556
-1.2 0.36 0.00544009
-1.2 0.42 0.00459249
-1.2 0.48 0.00382365
-1.2 0.54 0.00313976
-1.2 0.6 0.00254275
-1.2 0.66 0.00203097
-1.2 0.72 0.00159988
-1.2 0.78 0.00124297
-1.2 0.84 0.000952422
-1.2 0.9 0.000719753
-1.2 0.96 0.000536446
-1.2 1.02 0.000394327
-1.2 1.08 0.000285873
-1.2 1.14 0.000204401
-1.2 1.2 0.00014414
-1.2 1.26 0.000100246
-1.2 1.32 6.87615e-05
-1.2 1.38 4.6517e-05
-1.2 1.44 3.10359e-05
-1.2 1.5 2.04224e-05
-1.2 1.56 1.32537e-05
-1.14 -1.98 0.000107707
-1.14 -1.92 0.000155998
-1.14 -1.86 0.000222832
-1.14 -1.8 0.000313923
-1.14 -1.74 0.000436172
-1.14 -1.68 0.000597708
-1.14 -1.62 0.000807795
-1.14 -1.56 0.00107673
-1.14 -1.5 0.00141546
-1.14 -1.44 0.00183519
-1.14 -1.38 0.00234668
-1.14 -1.32 0.00295946
-1.14 -1.26 0.00368096
-1.14 -1.2 0.00451543
-1.14 -1.14 0.00546296
-1.14 -1.08 0.00651839
-1.14 -1.02 0.00767095
-1.14 -0.96 0.00890304
-1.14 -0.9 0.0101912
-1.14 -0.84 0.0115053
-1.14 -0.78 0.0128103
-1.14 -0.72 0.0140673
-1.14 -0.66 0.0152352
-1.14 -0.6 0.0162732
-1.14 -0.54 0.0171431
-1.14 -0.48 0.0178114
-1.14 -0.42 0.0182512
-1.14 -0.36 0.0184449
-1.14 -0.3 0.0183844
-1.14 -0.24 0.0180722
-1.14 -0.18 0.0175211
-1.14 -0.12 0.0167534
-1.14 -0.06 0.015799
-1.14 9.71445e-15 0.0146944
-1.14 0.06 0.0134789
-1.14 0.12 0.0121943
-1.14 0.18 0.0108801
-1.14 0.24 0.00957445
-1.14 0.3 0.00830956
-1.14 0.36 0.00711263
-1.14 0.42 0.00600442
-1.14 0.48 0.0049992
-1.14 0.54 0.00410503
-1.14 0.6 0.0033245
-1.14 0.66 0.00265536
-1.14 0.72 0.00209174
-1.14 0.78 0.00162512
-1.14 0.84 0.00124522
-1.14 0.9 0.000941024
-1.14 0.96 0.000701362
-1.14 1.02 0.000515554
-1.14 1.08 0.000373764
-1.14 1.14 0.000267242
-1.14 1.2 0.000188452
-1.14 1.26 0.000131066
-1.14 1.32 8.99015e-05
-1.14 1.38 6.08173e-05
-1.14 1.44 4.05773e-05
-1.14 1.5 2.6701e-05
-1.14 1.56 1.73284e-05
-1.08 -2.04 9.45746e-05
-1.08 -1.98 0.000138886
-1.08 -1.92 0.000201154
-1.08 -1.86 0.000287334
-1.08 -1.8 0.000404796
-1.08 -1.74 0.000562433
-1.08 -1.68 0.000770714
-1.08 -1.62 0.00104163
-1.08 -1.56 0.00138839
-1.08 -1.5 0.0018252
-1.08 -1.44 0.00236643
-1.08 -1.38 0.00302596
-1.08 -1.32 0.00381612
-1.08 -1.26 0.00474648
-1.08 -1.2 0.00582252
-1.08 -1.14 0.00704426
-1.08 -1.08 0.00840526
-1.08 -1.02 0.00989139
-1.08 -0.96 0.0114802
-1.08 -0.9 0.0131412
-1.08 -0.84 0.0148356
-1.08 -0.78 0.0165183
-1.08 -0.72 0.0181391
-1.08 -0.66 0.0196452
-1.08 -0.6 0.0209839
-1.08 -0.54 0.0221055
-1.08 -0.48 0.0229672
-1.08 -0.42 0.0235343
-1.08 -0.36 0.0237842
-1.08 -0.3 0.0237061
-1.08 -0.24 0.0233034
-1.08 -0.18 0.0225928
-1.08 -0.12 0.0216028
-1.08 -0.06 0.0203724
-1.08 9.71445e-15 0.0189478
-1.08 0.06 0.0173807
-1.08 0.12 0.015724
-1.08 0.18 0.0140297
-1.08 0.24 0.0123459
-1.08 0.3 0.0107148
-1.08 0.36 0.0091714
-1.08 0.42 0.00774244
-1.08 0.48 0.0064463
-1.08 0.54 0.00529335
-1.08 0.6 0.00428679
-1.08 0.66 0.00342401
-1.08 0.72 0.00269722
-1.08 0.78 0.00209554
-1.08 0.84 0.00160568
-1.08 0.9 0.00121342
-1.08 0.96 0.000904385
-1.08 1.02 0.000664791
-1.08 1.08 0.000481953
-1.08 1.14 0.0003446
-1.08 1.2 0.000243002
-1.08 1.26 0.000169005
-1.08 1.32 0.000115924
-1.08 1.38 7.84227e-05
-1.08 1.44 5.23236e-05
-1.08 1.5 3.44303e-05
-1.08 1.56 2.23446e-05
-1.02 -2.04 0.000120274
-1.02 -1.98 0.000176626
-1.02 -1.92 0.000255815
-1.02 -1.86 0.000365414
-1.02 -1.8 0.000514792
-1.02 -1.74 0.000715271
-1.02 -1.68 0.000980156
-1.02 -1.62 0.00132468
-1.02 -1.56 0.00176568
-1.02 -1.5 0.00232119
-1.02 -1.44 0.00300946
-1.02 -1.38 0.00384819
-1.02 -1.32 0.00485307
-1.02 -1.26 0.00603624
-1.02 -1.2 0.00740471
-1.02 -1.14 0.00895854
-1.02 -1.08 0.0106893
-1.02 -1.02 0.0125793
-1.02 -0.96 0.0145998
-1.02 -0.9 0.0167122
-1.02 -0.84 0.0188672
-1.02 -0.78 0.0210071
-1.02 -0.72 0.0230683
-1.02 -0.66 0.0249836
-1.02 -0.6 0.026686
-1.02 -0.54 0.0281126
-1.02 -0.48 0.0292082
-1.02 -0.42 0.0299297
-1.02 -0.36 0.0302473
-1.02 -0.3 0.0301477
-1.02 -0.24 0.0296358
-1.02 -0.18 0.0287322
-1.02 -0.12 0.0274731
-1.02 -0.06 0.0259083
-1.02 9.71445e-15 0.0240969
-1.02 0.06 0.0221036
-1.02 0.12 0.0199969
-1.02 0.18 0.0178421
-1.02 0.24 0.0157008
-1.02 0.3 0.0136265
-1.02 0.36 0.0116637
-1.02 0.42 0.00984639
-1.02 0.48 0.00819796
-1.02 0.54 0.00673175
-1.02 0.6 0.00545174
-1.02 0.66 0.00435443
-1.02 0.72 0.00343019
-1.02 0.78 0.00266499
-1.02 0.84 0.00204201
-1.02 0.9 0.00154315
-1.02 0.96 0.00115014
-1.02 1.02 0.00084544
-1.02 1.08 0.000612922
-1.02 1.14 0.000438242
-1.02 1.2 0.000309037
-1.02 1.26 0.000214931
-1.02 1.32 0.000147426
-1.02 1.38 9.97334e-05
-1.02 1.44 6.65418e-05
-1.02 1.5 4.37862e-05
-1.02 1.56 2.84165e-05
-1.02 1.62 1.81883e-05
-0.96 -2.1 0.000101314
-0.96 -2.04 0.000150855
-0.96 -1.98 0.000221536
-0.96 -1.92 0.00032086
-0.96 -1.86 0.000458326
-0.96 -1.8 0.000645686
-0.96 -1.74 0.000897129
-0.96 -1.68 0.00122937
-0.96 -1.62 0.0016615
-0.96 -1.56 0.00221463
-0.96 -1.5 0.00291135
-0.96 -1.44 0.00377466
-0.96 -1.38 0.00482668
-0.96 -1.32 0.00608706
-0.96 -1.26 0.00757105
-0.96 -1.2 0.00928738
-0.96 -1.14 0.0112363
-0.96 -1.08 0.0134072
-0.96 -1.02 0.0157777
-0.96 -0.96 0.018312
-0.96 -0.9 0.0209615
-0.96 -0.84 0.0236644
-0.96 -0.78 0.0263484
-0.96 -0.72 0.0289338
-0.96 -0.66 0.0313361
-0.96 -0.6 0.0334712
-0.96 -0.54 0.0352604
-0.96 -0.48 0.0366349
-0.96 -0.42 0.0375396
-0.96 -0.36 0.0379378
-0.96 -0.3 0.0378134
-0.96 -0.24 0.0371712
-0.96 -0.18 0.0360378
-0.96 -0.12 0.0344586
-0.96 -0.06 0.0324956
-0.96 9.71445e-15 0.0302237
-0.96 0.06 0.0277239
-0.96 0.12 0.0250813
-0.96 0.18 0.0223786
-0.96 0.24 0.019693
-0.96 0.3 0.0170913
-0.96 0.36 0.0146294
-0.96 0.42 0.01235
-0.96 0.48 0.0102825
-0.96 0.54 0.00844332
-0.96 0.6 0.0068379
-0.96 0.66 0.00546159
-0.96 0.72 0.00430236
-0.96 0.78 0.00334258
-0.96 0.84 0.0025612
-0.96 0.9 0.00193551
-0.96 0.96 0.00144257
-0.96 1.02 0.0010604
-0.96 1.08 0.000768763
-0.96 1.14 0.000549671
-0.96 1.2 0.00038761
-0.96 1.26 0.000269581
-0.96 1.32 0.00018491
-0.96 1.38 0.000125091
-0.96 1.44 8.34606e-05
-0.96 1.5 5.49193e-05
-0.96 1.56 3.56415e-05
-0.96 1.62 2.28128e-05
-0.9 -2.1 0.000125328
-0.9 -2.04 0.000186611
-0.9 -1.98 0.000274044
-0.9 -1.92 0.00039691
-0.9 -1.86 0.000566959
-0.9 -1.8 0.000798727
-0.9 -1.74 0.00110976
-0.9 -1.68 0.00152076
-0.9 -1.62 0.00205531
-0.9 -1.56 0.00273955
-0.9 -1.5 0.00360139
-0.9 -1.44 0.00466935
-0.9 -1.38 0.00597073
-0.9 -1.32 0.00752986
-0.9 -1.26 0.0093656
-0.9 -1.2 0.0114887
-0.9 -1.14 0.0138995
-0.9 -1.08 0.0165849
-0.9 -1.02 0.0195173
-0.9 -0.96 0.0226523
-0.9 -0.9 0.0259298
-0.9 -0.84 0.0292733
-0.9 -0.78 0.0325936
-0.9 -0.72 0.0357917
-0.9 -0.66 0.0387634
-0.9 -0.6 0.0414046
-0.9 -0.54 0.0436175
-0.9 -0.48 0.0453182
-0.9 -0.42 0.0464369
-0.9 -0.36 0.04693
-0.9 -0.3 0.0467761
-0.9 -0.24 0.0459817
-0.9 -0.18 0.0445795
-0.9 -0.12 0.0426261
-0.9 -0.06 0.040198
-0.9 9.71445e-15 0.0373873
-0.9 0.06 0.034295
-0.9 0.12 0.031026
-0.9 0.18 0.0276828
-0.9 0.24 0.0243606
-0.9 0.3 0.0211422
-0.9 0.36 0.0180968
-0.9 0.42 0.0152772
-0.9 0.48 0.0127196
-0.9 0.54 0.0104446
-0.9 0.6 0.00845856
-0.9 0.66 0.00675613
-0.9 0.72 0.00532207
-0.9 0.78 0.00413482
-0.9 0.84 0.00316827
-0.9 0.9 0.00239428
-0.9 0.96 0.0017845
-0.9 1.02 0.00131174
-0.9 1.08 0.000950974
-0.9 1.14 0.000679954
-0.9 1.2 0.000479483
-0.9 1.26 0.000333477
-0.9 1.32 0.000228738
-0.9 1.38 0.00015474
-0.9 1.44 0.000103243
-0.9 1.5 6.79365e-05
-0.9 1.56 4.40894e-05
-0.9 1.62 2.82197e-05
-0.84 -2.16 0.000101277
-0.84 -2.1 0.000152901
-0.84 -2.04 0.00022767
-0.84 -1.98 0.000334338
-0.84 -1.92 0.000484234
-0.84 -1.86 0.000691695
-0.84 -1.8 0.000974455
-0.84 -1.74 0.00135394
-0.84 -1.68 0.00185536
-0.84 -1.62 0.0025075
-0.84 -1.56 0.00334231
-0.84 -1.5 0.00439373
-0.84 -1.44 0.00569667
-0.84 -1.38 0.0072844
-0.84 -1.32 0.00918658
-0.84 -1.26 0.0114262
-0.84 -1.2 0.0140165
-0.84 -1.14 0.0169575
-0.84 -1.08 0.020234
-0.84 -1.02 0.0238114
-0.84 -0.96 0.0276364
-0.84 -0.9 0.0316346
-0.84 -0.84 0.0357138
-0.84 -0.78 0.0397647
-0.84 -0.72 0.0436664
-0.84 -0.66 0.0472919
-0.84 -0.6 0.0505141
-0.84 -0.54 0.0532143
-0.84 -0.48 0.055289
-0.84 -0.42 0.0566539
-0.84 -0.36 0.0572553
-0.84 -0.3 0.0570678
-0.84 -0.24 0.0560987
-0.84 -0.18 0.0543881
-0.84 -0.12 0.0520049
-0.84 -0.06 0.0490424
-0.84 9.71445e-15 0.0456129
-0.84 0.06 0.0418405
-0.84 0.12 0.0378523
-0.84 0.18 0.0337736
-0.84 0.24 0.0297202
-0.84 0.3 0.0257938
-0.84 0.36 0.0220784
-0.84 0.42 0.0186385
-0.84 0.48 0.0155181
-0.84 0.54 0.0127425
-0.84 0.6 0.0103197
-0.84 0.66 0.00824259
-0.84 0.72 0.00649305
-0.84 0.78 0.00504452
-0.84 0.84 0.00386535
-0.84 0.9 0.00292107
-0.84 0.96 0.00217713
-0.84 1.02 0.00160035
-0.84 1.08 0.0011602
-0.84 1.14 0.00082955
-0.84 1.2 0.000584981
-0.84 1.26 0.000406845
-0.84 1.32 0.000279064
-0.84 1.38 0.000188785
-0.84 1.44 0.000125957
-0.84 1.5 8.28833e-05
-0.84 1.56 5.37896e-05
-0.84 1.62 3.44283e-05
-0.84 1.68 2.17336e-05
-0.78 -2.16 0.000121862
-0.78 -2.1 0.000183977
-0.78 -2.04 0.000273943
-0.78 -1.98 0.000402294
-0.78 -1.92 0.000582657
-0.78 -1.86 0.000832285
-0.78 -1.8 0.00117252
-0.78 -1.74 0.00162912
-0.78 -1.68 0.00223244
-0.78 -1.62 0.00301715
-0.78 -1.56 0.00402162
-0.78 -1.5 0.00528678
-0.78 -1.44 0.00685446
-0.78 -1.38 0.00876487
-0.78 -1.32 0.0110537
-0.78 -1.26 0.0137485
-0.78 -1.2 0.0168651
-0.78 -1.14 0.0204042
-0.78 -1.08 0.0243466
-0.78 -1.02 0.0286509
-0.78 -0.96 0.0332534
-0.78 -0.9 0.0380645
-0.78 -0.84 0.0429724
-0.78 -0.78 0.0478464
-0.78 -0.72 0.0525412
-0.78 -0.66 0.0569036
-0.78 -0.6 0.0607811
-0.78 -0.54 0.0640303
-0.78 -0.48 0.0665258
-0.78 -0.42 0.068169
-0.78 -0.36 0.068892
-0.78 -0.3 0.0686663
-0.78 -0.24 0.0675006
-0.78 -0.18 0.0654423
-0.78 -0.12 0.0625746
-0.78 -0.06 0.0590098
-0.78 9.71445e-15 0.0548836
-0.78 0.06 0.0503446
-0.78 0.12 0.0455453
-0.78 0.18 0.0406381
-0.78 0.24 0.0357608
-0.78 0.3 0.0310362
-0.78 0.36 0.0265657
-0.78 0.42 0.0224265
-0.78 0.48 0.018672
-0.78 0.54 0.0153324
-0.78 0.6 0.0124171
-0.78 0.66 0.00991779
-0.78 0.72 0.00781278
-0.78 0.78 0.00606983
-0.78 0.84 0.00465092
-0.78 0.9 0.00351476
-0.78 0.96 0.00261961
-0.78 1.02 0.0019256
-0.78 1.08 0.001396
-0.78 1.14 0.00099816
-0.78 1.2 0.000703874
-0.78 1.26 0.000489536
-0.78 1.32 0.000335783
-0.78 1.38 0.000227156
-0.78 1.44 0.000151558
-0.78 1.5 9.97292e-05
-0.78 1.56 6.47223e-05
-0.78 1.62 4.14261e-05
-0.78 1.68 2.6151e-05
-0.72 -2.22 9.44704e-05
-0.72 -2.16 0.000144613
-0.72 -2.1 0.00021833
-0.72 -2.04 0.000325088
-0.72 -1.98 0.000477401
-0.72 -1.92 0.000691441
-0.72 -1.86 0.000987676
-0.72 -1.8 0.00139143
-0.72 -1.74 0.00193328
-0.72 -1.68 0.00264927
-0.72 -1.62 0.00358046
-0.72 -1.56 0.00477249
-0.72 -1.5 0.00627387
-0.72 -1.44 0.00813426
-0.72 -1.38 0.0104014
-0.72 -1.32 0.0131175
-0.72 -1.26 0.0163154
-0.72 -1.2 0.0200141
-0.72 -1.14 0.0242139
-0.72 -1.08 0.028892
-0.72 -1.02 0.0340006
-0.72 -0.96 0.0394616
-0.72 -0.9 0.0451713
-0.72 -0.84 0.050996
-0.72 -0.78 0.0567803
-0.72 -0.72 0.0623516
-0.72 -0.66 0.0675283
-0.72 -0.6 0.0721291
-0.72 -0.54 0.0759849
-0.72 -0.48 0.0789471
-0.72 -0.42 0.0808963
-0.72 -0.36 0.0817548
-0.72 -0.3 0.0814869
-0.72 -0.24 0.0801031
-0.72 -0.18 0.0776604
-0.72 -0.12 0.0742573
-0.72 -0.06 0.0700275
-0.72 9.71445e-15 0.0651313
-0.72 0.06 0.0597437
-0.72 0.12 0.0540497
-0.72 0.18 0.0482248
-0.72 0.24 0.0424376
-0.72 0.3 0.0368312
-0.72 0.36 0.0315259
-0.72 0.42 0.0266139
-0.72 0.48 0.0221584
-0.72 0.54 0.0181951
-0.72 0.6 0.0147354
-0.72 0.66 0.0117696
-0.72 0.72 0.00927141
-0.72 0.78 0.00720316
-0.72 0.84 0.00551932
-0.72 0.9 0.00417098
-0.72 0.96 0.0031087
-0.72 1.02 0.00228514
-0.72 1.08 0.00165667
-0.72 1.14 0.00118452
-0.72 1.2 0.000835292
-0.72 1.26 0.000580937
-0.72 1.32 0.000398478
-0.72 1.38 0.000269566
-0.72 1.44 0.000179854
-0.72 1.5 0.000118349
-0.72 1.56 7.68062e-05
-0.72 1.62 4.91608e-05
-0.72 1.68 3.10334e-05
-0.66 -2.22 0.000110567
-0.66 -2.16 0.000169255
-0.66 -2.1 0.000255531
-0.66 -2.04 0.000380485
-0.66 -1.98 0.00055875
-0.66 -1.92 0.000809255
-0.66 -1.86 0.00115597
-0.66 -1.8 0.00162853
-0.66 -1.74 0.00226274
-0.66 -1.68 0.00310068
-0.66 -1.62 0.00419057
-0.66 -1.56 0.00558569
-0.66 -1.5 0.00734297
-0.66 -1.44 0.00952029
-0.66 -1.38 0.0121736
-0.66 -1.32 0.0153525
-0.66 -1.26 0.0190954
-0.66 -1.2 0.0234244
-0.66 -1.14 0.0283399
-0.66 -1.08 0.0338152
-0.66 -1.02 0.039794
-0.66 -0.96 0.0461862
-0.66 -0.9 0.052868
-0.66 -0.84 0.059685
-0.66 -0.78 0.0664546
-0.66 -0.72 0.0729751
-0.66 -0.66 0.0790338
-0.66 -0.6 0.08442
-0.66 -0.54 0.0889333
-0.66 -0.48 0.0923981
-0.66 -0.42 0.0946815
-0.66 -0.36 0.0956857
-0.66 -0.3 0.0953713
-0.66 -0.24 0.0937519
-0.66 -0.18 0.0908932
-0.66 -0.12 0.0869106
-0.66 -0.06 0.08196
-0.66 9.71445e-15 0.0762291
-0.66 0.06 0.0699242
-0.66 0.12 0.0632589
-0.66 0.18 0.056443
-0.66 0.24 0.0496685
-0.66 0.3 0.0431065
-0.66 0.36 0.0368973
-0.66 0.42 0.0311484
-0.66 0.48 0.0259338
-0.66 0.54 0.0212956
-0.66 0.6 0.0172464
-0.66 0.66 0.013775
-0.66 0.72 0.0108513
-0.66 0.78 0.00843056
-0.66 0.84 0.00645977
-0.66 0.9 0.00488171
-0.66 0.96 0.00363843
-0.66 1.02 0.00267452
-0.66 1.08 0.00193894
-0.66 1.14 0.00138635
-0.66 1.2 0.00097763
-0.66 1.26 0.00067992
-0.66 1.32 0.000466377
-0.66 1.38 0.000315503
-0.66 1.44 0.000210502
-0.66 1.5 0.000138516
-0.66 1.56 8.98943e-05
-0.66 1.62 5.7538e-05
-0.66 1.68 3.63214e-05
-0.6 -2.28 8.22294e-05
-0.6 -2.22 0.000127629
-0.6 -2.16 0.000195373
-0.6 -2.1 0.000294961
-0.6 -2.04 0.000439198
-0.6 -1.98 0.000644971
-0.6 -1.92 0.000934131
-0.6 -1.86 0.00133434
-0.6 -1.8 0.00187982
-0.6 -1.74 0.00261188
-0.6 -1.68 0.00357915
-0.6 -1.62 0.00483719
-0.6 -1.56 0.00644761
-0.6 -1.5 0.00847596
-0.6 -1.44 0.0109894
-0.6 -1.38 0.0140523
-0.6 -1.32 0.0177218
-0.6 -1.26 0.0220422
-0.6 -1.2 0.0270391
-0.6 -1.14 0.0327126
-0.6 -1.08 0.0390334
-0.6 -1.02 0.0459343
-0.6 -0.96 0.0533133
-0.6 -0.9 0.061026
-0.6 -0.84 0.0688951
-0.6 -0.78 0.0767096
-0.6 -0.72 0.0842365
-0.6 -0.66 0.0912304
-0.6 -0.6 0.0974463
-0.6 -0.54 0.102655
-0.6 -0.48 0.106658
-0.6 -0.42 0.10929
-0.6 -0.36 0.110451
-0.6 -0.3 0.110089
-0.6 -0.24 0.10822
-0.6 -0.18 0.10492
-0.6 -0.12 0.100322
-0.6 -0.06 0.0946076
-0.6 9.71445e-15 0.0879913
-0.6 0.06 0.0807143
-0.6 0.12 0.0730203
-0.6 0.18 0.0651526
-0.6 0.24 0.0573329
-0.6 0.3 0.0497586
-0.6 0.36 0.0425913
-0.6 0.42 0.0359553
-0.6 0.48 0.0299359
-0.6 0.54 0.0245815
-0.6 0.6 0.0199076
-0.6 0.66 0.0159007
-0.6 0.72 0.0125257
-0.6 0.78 0.00973136
-0.6 0.84 0.00745662
-0.6 0.9 0.00563503
-0.6 0.96 0.00419989
-0.6 1.02 0.00308723
-0.6 1.08 0.00223813
-0.6 1.14 0.00160028
-0.6 1.2 0.00112848
-0.6 1.26 0.000784841
-0.6 1.32 0.00053834
-0.6 1.38 0.000364186
-0.6 1.44 0.000242983
-0.6 1.5 0.000159889
-0.6 1.56 0.000103765
-0.6 1.62 6.64157e-05
-0.6 1.68 4.19261e-05
-0.54 -2.28 9.36124e-05
-0.54 -2.22 0.000145299
-0.54 -2.16 0.000222419
-0.54 -2.1 0.000335799
-0.54 -2.04 0.000499998
-0.54 -1.98 0.000734254
-0.54 -1.92 0.00106345
-0.54 -1.86 0.00151907
-0.54 -1.8 0.00214005
-0.54 -1.74 0.00297346
-0.54 -1.68 0.00407466
-0.54 -1.62 0.00550686
-0.54 -1.56 0.00734024
-0.54 -1.5 0.00964944
-0.54 -1.44 0.0125108
-0.54 -1.38 0.0159975
-0.54 -1.32 0.020175
-0.54 -1.26 0.0250936
-0.54 -1.2 0.0307825
-0.54 -1.14 0.0372418
-0.54 -1.08 0.0444366
-0.54 -1.02 0.0522941
-0.54 -0.96 0.0606935
-0.54 -0.9 0.0694746
-0.54 -0.84 0.0784334
-0.54 -0.78 0.0873298
-0.54 -0.72 0.0958986
-0.54 -0.66 0.10386
-0.54 -0.6 0.110937
-0.54 -0.54 0.116867
-0.54 -0.48 0.121423
-0.54 -0.42 0.124421
-0.54 -0.36 0.125742
-0.54 -0.3 0.125329
-0.54 -0.24 0.123201
-0.54 -0.18 0.119444
-0.54 -0.12 0.11421
-0.54 -0.06 0.107705
-0.54 9.71445e-15 0.100174
-0.54 0.06 0.0918872
-0.54 0.12 0.0831302
-0.54 0.18 0.0741717
-0.54 0.24 0.0652701
-0.54 0.3 0.0566474
-0.54 0.36 0.0484878
-0.54 0.42 0.0409329
-0.54 0.48 0.0340801
-0.54 0.54 0.0279847
-0.54 0.6 0.0226636
-0.54 0.66 0.018102
-0.54 0.72 0.0142597
-0.54 0.78 0.0110787
-0.54 0.84 0.00848893
-0.54 0.9 0.00641512
-0.54 0.96 0.00478131
-0.54 1.02 0.00351463
-0.54 1.08 0.00254801
-0.54 1.14 0.00182182
-0.54 1.2 0.00128471
-0.54 1.26 0.000893496
-0.54 1.32 0.000612873
-0.54 1.38 0.000414603
-0.54 1.44 0.000276622
-0.54 1.5 0.000182025
-0.54 1.56 0.000118131
-0.54 1.62 7.5611e-05
-0.54 1.68 4.77303e-05
-0.48 -2.28 0.000105108
-0.48 -2.22 0.00016314
-0.48 -2.16 0.000249732
-0.48 -2.1 0.00037703
-0.48 -2.04 0.000561393
-0.48 -1.98 0.000824425
-0.48 -1.92 0.00119405
-0.48 -1.86 0.00170562
-0.48 -1.8 0.00240286
-0.48 -1.74 0.00333857
-0.48 -1.68 0.00457499
-0.48 -1.62 0.0061831
-0.48 -1.56 0.00824154
-0.48 -1.5 0.0108343
-0.48 -1.44 0.0140471
-0.48 -1.38 0.0179621
-0.48 -1.32 0.0226525
-0.48 -1.26 0.0281751
-0.48 -1.2 0.0345622
-0.48 -1.14 0.0418148
-0.48 -1.08 0.0498935
-0.48 -1.02 0.0587151
-0.48 -0.96 0.0681462
-0.48 -0.9 0.0780062
-0.48 -0.84 0.0880645
-0.48 -0.78 0.0980531
-0.48 -0.72 0.107674
-0.48 -0.66 0.116614
-0.48 -0.6 0.12456
-0.48 -0.54 0.131217
-0.48 -0.48 0.136333
-0.48 -0.42 0.139699
-0.48 -0.36 0.141182
-0.48 -0.3 0.140719
-0.48 -0.24 0.138329
-0.48 -0.18 0.134111
-0.48 -0.12 0.128234
-0.48 -0.06 0.12093
-0.48 9.71445e-15 0.112474
-0.48 0.06 0.103172
-0.48 0.12 0.0933374
-0.48 0.18 0.0832798
-0.48 0.24 0.0732854
-0.48 0.3 0.0636034
-0.48 0.36 0.0544417
-0.48 0.42 0.0459593
-0.48 0.48 0.0382652
-0.48 0.54 0.0314211
-0.48 0.6 0.0254464
-0.48 0.66 0.0203249
-0.48 0.72 0.0160107
-0.48 0.78 0.012439
-0.48 0.84 0.00953129
-0.48 0.9 0.00720285
-0.48 0.96 0.00536842
-0.48 1.02 0.00394618
-0.48 1.08 0.00286087
-0.48 1.14 0.00204555
-0.48 1.2 0.00144245
-0.48 1.26 0.00100322
-0.48 1.32 0.000688124
-0.48 1.38 0.000465513
-0.48 1.44 0.000310591
-0.48 1.5 0.000204377
-0.48 1.56 0.000132637
-0.48 1.62 8.4895e-05
-0.48 1.68 5.35911e-05
-0.42 -2.28 0.000116392
-0.42 -2.22 0.000180656
-0.42 -2.16 0.000276542
-0.42 -2.1 0.00041751
-0.42 -2.04 0.000621666
-0.42 -1.98 0.000912933
-0.42 -1.92 0.00132224
-0.42 -1.86 0.00188873
-0.42 -1.8 0.00266083
-0.42 -1.74 0.00369702
-0.42 -1.68 0.00506613
-0.42 -1.62 0.00684693
-0.42 -1.56 0.00912628
-0.42 -1.5 0.0119975
-0.42 -1.44 0.0155552
-0.42 -1.38 0.0198905
-0.42 -1.32 0.0250844
-0.42 -1.26 0.0311999
-0.42 -1.2 0.038273
-0.42 -1.14 0.0463039
-0.42 -1.08 0.05525
-0.42 -1.02 0.0650189
-0.42 -0.96 0.0754625
-0.42 -0.9 0.0863806
-0.42 -0.84 0.0975184
-0.42 -0.78 0.108579
-0.42 -0.72 0.119233
-0.42 -0.66 0.129133
-0.42 -0.6 0.137933
-0.42 -0.54 0.145305
-0.42 -0.48 0.15097
-0.42 -0.42 0.154697
-0.42 -0.36 0.15634
-0.42 -0.3 0.155827
-0.42 -0.24 0.15318
-0.42 -0.18 0.148509
-0.42 -0.12 0.142002
-0.42 -0.06 0.133914
-0.42 9.71445e-15 0.12455
-0.42 0.06 0.114248
-0.42 0.12 0.103358
-0.42 0.18 0.092221
-0.42 0.24 0.0811531
-0.42 0.3 0.0704314
-0.42 0.36 0.0602861
-0.42 0.42 0.0508932
-0.42 0.48 0.0423733
-0.42 0.54 0.0347946
-0.42 0.6 0.0281782
-0.42 0.66 0.022507
-0.42 0.72 0.0177295
-0.42 0.78 0.0137746
-0.42 0.84 0.0105546
-0.42 0.9 0.00797617
-0.42 0.96 0.00594478
-0.42 1.02 0.00436986
-0.42 1.08 0.00316802
-0.42 1.14 0.00226515
-0.42 1.2 0.00159732
-0.42 1.26 0.00111092
-0.42 1.32 0.000762002
-0.42 1.38 0.000515493
-0.42 1.44 0.000343937
-0.42 1.5 0.00022632
-0.42 1.56 0.000146877
-0.42 1.62 9.40101e-05
-0.42 1.68 5.93442e-05
-0.42 1.74 3.69475e-05
-0.36 -2.34 8.07726e-05
-0.36 -2.28 0.000127116
-0.36 -2.22 0.000197301
-0.36 -2.16 0.000302021
-0.36 -2.1 0.000455981
-0.36 -2.04 0.000678946
-0.36 -1.98 0.000997043
-0.36 -1.92 0.00144406
-0.36 -1.86 0.00206274
-0.36 -1.8 0.00290598
-0.36 -1.74 0.00403765
-0.36 -1.68 0.00553296
-0.36 -1.62 0.00747777
-0.36 -1.56 0.00996724
-0.36 -1.5 0.013103
-0.36 -1.44 0.0169884
-0.36 -1.38 0.0217231
-0.36 -1.32 0.0273956
-0.36 -1.26 0.0340746
-0.36 -1.2 0.0417995
-0.36 -1.14 0.0505704
-0.36 -1.08 0.0603404
-0.36 -1.02 0.0710099
-0.36 -0.96 0.0824156
-0.36 -0.9 0.094339
-0.36 -0.84 0.106504
-0.36 -0.78 0.118585
-0.36 -0.72 0.13022
-0.36 -0.66 0.141031
-0.36 -0.6 0.150641
-0.36 -0.54 0.158694
-0.36 -0.48 0.164879
-0.36 -0.42 0.168951
-0.36 -0.36 0.170745
-0.36 -0.3 0.170184
-0.36 -0.24 0.167293
-0.36 -0.18 0.162192
-0.36 -0.12 0.155085
-0.36 -0.06 0.146252
-0.36 9.71445e-15 0.136026
-0.36 0.06 0.124774
-0.36 0.12 0.112882
-0.36 0.18 0.100718
-0.36 0.24 0.0886299
-0.36 0.3 0.076921
-0.36 0.36 0.0658411
-0.36 0.42 0.0555824
-0.36 0.48 0.0462773
-0.36 0.54 0.0380005
-0.36 0.6 0.0307747
-0.36 0.66 0.0245807
-0.36 0.72 0.0193631
-0.36 0.78 0.0150438
-0.36 0.84 0.0115271
-0.36 0.9 0.00871108
-0.36 0.96 0.00649253
-0.36 1.02 0.0047725
-0.36 1.08 0.00345993
-0.36 1.14 0.00247384
-0.36 1.2 0.00174451
-0.36 1.26 0.00121327
-0.36 1.32 0.000832217
-0.36 1.38 0.000562989
-0.36 1.44 0.000375626
-0.36 1.5 0.000247172
-0.36 1.56 0.00016041
-0.36 1.62 0.000102672
-0.36 1.68 6.48125e-05
-0.36 1.74 4.03517e-05
-0.3 -2.34 8.70027e-05
-0.3 -2.28 0.00013692
-0.3 -2.22 0.000212518
-0.3 -2.16 0.000325316
-0.3 -2.1 0.000491148
-0.3 -2.04 0.000731313
-0.3 -1.98 0.00107394
-0.3 -1.92 0.00155542
-0.3 -1.86 0.00222182
-0.3 -1.8 0.00313009
-0.3 -1.74 0.00434909
-0.3 -1.68 0.00595971
-0.3 -1.62 0.00805446
-0.3 -1.56 0.010736
-0.3 -1.5 0.0141135
-0.3 -1.44 0.0182986
-0.3 -1.38 0.0233985
-0.3 -1.32 0.0295085
-0.3 -1.26 0.0367027
-0.3 -1.2 0.0450233
-0.3 -1.14 0.0544706
-0.3 -1.08 0.0649945
-0.3 -1.02 0.0764866
-0.3 -0.96 0.0887723
-0.3 -0.9 0.101615
-0.3 -0.84 0.114718
-0.3 -0.78 0.127731
-0.3 -0.72 0.140264
-0.3 -0.66 0.151908
-0.3 -0.6 0.162259
-0.3 -0.54 0.170934
-0.3 -0.48 0.177595
-0.3 -0.42 0.181982
-0.3 -0.36 0.183913
-0.3 -0.3 0.18331
-0.3 -0.24 0.180197
-0.3 -0.18 0.174702
-0.3 -0.12 0.167047
-0.3 -0.06 0.157532
-0.3 9.71445e-15 0.146517
-0.3 0.06 0.134397
-0.3 0.12 0.121588
-0.3 0.18 0.108486
-0.3 0.24 0.0954652
-0.3 0.3 0.0828538
-0.3 0.36 0.0709194
-0.3 0.42 0.0598695
-0.3 0.48 0.0498463
-0.3 0.54 0.0409311
-0.3 0.6 0.0331485
-0.3 0.66 0.0264764
-0.3 0.72 0.0208567
-0.3 0.78 0.016204
-0.3 0.84 0.0124161
-0.3 0.9 0.00938294
-0.3 0.96 0.00699329
-0.3 1.02 0.0051406
-0.3 1.08 0.00372678
-0.3 1.14 0.00266463
-0.3 1.2 0.00187906
-0.3 1.26 0.00130684
-0.3 1.32 0.000896406
-0.3 1.38 0.000606411
-0.3 1.44 0.000404594
-0.3 1.5 0.000266234
-0.3 1.56 0.000172781
-0.3 1.62 0.00011059
-0.3 1.68 6.98118e-05
-0.3 1.74 4.34638e-05
-0.24 -2.34 9.24252e-05
-0.24 -2.28 0.000145453
-0.24 -2.22 0.00022576
-0.24 -2.16 0.000345592
-0.24 -2.1 0.000521753
-0.24 -2.04 0.00077689
-0.24 -1.98 0.00114088
-0.24 -1.92 0.00165237
-0.24 -1.86 0.00236029
-0.24 -1.8 0.00332519
-0.24 -1.74 0.00462015
-0.24 -1.68 0.0063311
-0.24 -1.62 0.00855645
-0.24 -1.56 0.0114051
-0.24 -1.5 0.0149932
-0.24 -1.44 0.0194388
-0.24 -1.38 0.0248566
-0.24 -1.32 0.0313474
-0.24 -1.26 0.0389899
-0.24 -1.2 0.0478288
-0.24 -1.14 0.0578654
-0.24 -1.08 0.0690452
-0.24 -1.02 0.0812527
-0.24 -0.96 0.0943049
-0.24 -0.9 0.107948
-0.24 -0.84 0.121867
-0.24 -0.78 0.13569
-0.24 -0.72 0.149004
-0.24 -0.66 0.161374
-0.24 -0.6 0.172372
-0.24 -0.54 0.181588
-0.24 -0.48 0.188662
-0.24 -0.42 0.193325
-0.24 -0.36 0.195374
-0.24 -0.3 0.194733
-0.24 -0.24 0.191427
-0.24 -0.18 0.185589
-0.24 -0.12 0.177458
-0.24 -0.06 0.16735
-0.24 9.71445e-15 0.155647
-0.24 0.06 0.142774
-0.24 0.12 0.129165
-0.24 0.18 0.115248
-0.24 0.24 0.101415
-0.24 0.3 0.0880165
-0.24 0.36 0.0753387
-0.24 0.42 0.0636002
-0.24 0.48 0.0529524
-0.24 0.54 0.0434821
-0.24 0.6 0.0352144
-0.24 0.66 0.0281263
-0.24 0.72 0.0221566
-0.24 0.78 0.0172138
-0.24 0.84 0.0131898
-0.24 0.9 0.00996767
-0.24 0.96 0.0074291
-0.24 1.02 0.00546095
-0.24 1.08 0.003959
-0.24 1.14 0.00283071
-0.24 1.2 0.00199617
-0.24 1.26 0.00138829
-0.24 1.32 0.000952268
-0.24 1.38 0.000644207
-0.24 1.44 0.000429811
-0.24 1.5 0.000282826
-0.24 1.56 0.000183549
-0.24 1.62 0.000117483
-0.24 1.68 7.41627e-05
-0.24 1.74 4.61723e-05
-0.18 -2.34 9.68349e-05
-0.18 -2.28 0.000152394
-0.18 -2.22 0.000236536
-0.18 -2.16 0.00036208
-0.18 -2.1 0.000546655
-0.18 -2.04 0.000813959
-0.18 -1.98 0.00119532
-0.18 -1.92 0.00173122
-0.18 -1.86 0.00247294
-0.18 -1.8 0.00348387
-0.18 -1.74 0.00484058
-0.18 -1.68 0.0066332
-0.18 -1.62 0.00896481
-0.18 -1.56 0.0119493
-0.18 -1.5 0.0157086
-0.18 -1.44 0.0203667
-0.18 -1.38 0.0260429
-0.18 -1.32 0.0328434
-0.18 -1.26 0.0408506
-0.18 -1.2 0.0501116
-0.18 -1.14 0.0606267
-0.18 -1.08 0.0723396
-0.18 -1.02 0.0851306
-0.18 -0.96 0.0988044
-0.18 -0.9 0.113099
-0.18 -0.84 0.127683
-0.18 -0.78 0.142165
-0.18 -0.72 0.156115
-0.18 -0.66 0.169076
-0.18 -0.6 0.180598
-0.18 -0.54 0.190251
-0.18 -0.48 0.197667
-0.18 -0.42 0.202548
-0.18 -0.36 0.204699
-0.18 -0.3 0.204027
-0.18 -0.24 0.200561
-0.18 -0.18 0.194445
-0.18 -0.12 0.185925
-0.18 -0.06 0.175336
-0.18 9.71445e-15 0.163075
-0.18 0.06 0.149587
-0.18 0.12 0.135329
-0.18 0.18 0.120747
-0.18 0.24 0.106255
-0.18 0.3 0.092217
-0.18 0.36 0.0789339
-0.18 0.42 0.0666352
-0.18 0.48 0.05548
-0.18 0.54 0.0455572
-0.18 0.6 0.0368944
-0.18 0.66 0.0294688
-0.18 0.72 0.0232136
-0.18 0.78 0.0180353
-0.18 0.84 0.0138194
-0.18 0.9 0.0104433
-0.18 0.96 0.00778361
-0.18 1.02 0.00572154
-0.18 1.08 0.00414795
-0.18 1.14 0.00296579
-0.18 1.2 0.00209141
-0.18 1.26 0.00145454
-0.18 1.32 0.000997706
-0.18 1.38 0.000674945
-0.18 1.44 0.000450323
-0.18 1.5 0.000296324
-0.18 1.56 0.000192309
-0.18 1.62 0.000123089
-0.18 1.68 7.77006e-05
-0.18 1.74 4.8376e-05
-0.12 -2.4 6.27074e-05
-0.12 -2.34 0.000100061
-0.12 -2.28 0.000157473
-0.12 -2.22 0.000244414
-0.12 -2.16 0.000374148
-0.12 -2.1 0.000564862
-0.12 -2.04 0.000841084
-0.12 -1.98 0.00123515
-0.12 -1.92 0.00178891
-0.12 -1.86 0.00255533
-0.12 -1.8 0.00359995
-0.12 -1.74 0.00500188
-0.12 -1.68 0.0068542
-0.12 -1.62 0.00926346
-0.12 -1.56 0.0123474
-0.12 -1.5 0.0162319
-0.12 -1.44 0.0210451
-0.12 -1.38 0.0269106
-0.12 -1.32 0.0339379
-0.12 -1.26 0.0422117
-0.12 -1.2 0.0517808
-0.12 -1.14 0.0626461
-0.12 -1.08 0.0747507
-0.12 -1.02 0.0879657
-0.12 -0.96 0.102097
-0.12 -0.9 0.116868
-0.12 -0.84 0.131936
-0.12 -0.78 0.146901
-0.12 -0.72 0.161316
-0.12 -0.66 0.174709
-0.12 -0.6 0.186615
-0.12 -0.54 0.19659
-0.12 -0.48 0.204253
-0.12 -0.42 0.209296
-0.12 -0.36 0.211517
-0.12 -0.3 0.210825
-0.12 -0.24 0.207245
-0.12 -0.18 0.200926
-0.12 -0.12 0.192122
-0.12 -0.06 0.181177
-0.12 9.71445e-15 0.168506
-0.12 0.06 0.154572
-0.12 0.12 0.139837
-0.12 0.18 0.12477
-0.12 0.24 0.109795
-0.12 0.3 0.0952894
-0.12 0.36 0.0815638
-0.12 0.42 0.0688556
-0.12 0.48 0.0573283
-0.12 0.54 0.0470748
-0.12 0.6 0.0381238
-0.12 0.66 0.0304504
-0.12 0.72 0.0239873
-0.12 0.78 0.018636
-0.12 0.84 0.0142797
-0.12 0.9 0.0107913
-0.12 0.96 0.00804297
-0.12 1.02 0.00591216
-0.12 1.08 0.0042861
-0.12 1.14 0.00306461
-0.12 1.2 0.0021611
-0.12 1.26 0.001503
-0.12 1.32 0.00103094
-0.12 1.38 0.000697434
-0.12 1.44 0.000465326
-0.12 1.5 0.000306196
-0.12 1.56 0.000198715
-0.12 1.62 0.00012719
-0.12 1.68 8.02903e-05
-0.12 1.74 4.99876e-05
-0.06 -2.4 6.39061e-05
-0.06 -2.34 0.000101974
-0.06 -2.28 0.000160482
-0.06 -2.22 0.000249087
-0.06 -2.16 0.000381297
-0.06 -2.1 0.000575664
-0.06 -2.04 0.000857152
-0.06 -1.98 0.00125875
-0.06 -1.92 0.0018231
-0.06 -1.86 0.00260417
-0.06 -1.8 0.00366873
-0.06 -1.74 0.00509743
-0.06 -1.68 0.00698527
-0.06 -1.62 0.00944048
-0.06 -1.56 0.0125835
-0.06 -1.5 0.0165421
-0.06 -1.44 0.0214474
-0.06 -1.38 0.027425
-0.06 -1.32 0.0345865
-0.06 -1.26 0.0430184
-0.06 -1.2 0.0527706
-0.06 -1.14 0.0638441
-0.06 -1.08 0.0761789
-0.06 -1.02 0.0896484
-0.06 -0.96 0.104048
-0.06 -0.9 0.119102
-0.06 -0.84 0.13446
-0.06 -0.78 0.149711
-0.06 -0.72 0.164401
-0.06 -0.66 0.17805
-0.06 -0.6 0.190181
-0.06 -0.54 0.200347
-0.06 -0.48 0.208158
-0.06 -0.42 0.213297
-0.06 -0.36 0.21556
-0.06 -0.3 0.214854
-0.06 -0.24 0.211206
-0.06 -0.18 0.204765
-0.06 -0.12 0.195792
-0.06 -0.06 0.184639
-0.06 9.71445e-15 0.17173
-0.06 0.06 0.157524
-0.06 0.12 0.142511
-0.06 0.18 0.127153
-0.06 0.24 0.111894
-0.06 0.3 0.0971117
-0.06 0.36 0.0831235
-0.06 0.42 0.0701722
-0.06 0.48 0.0584243
-0.06 0.54 0.0479744
-0.06 0.6 0.0388526
-0.06 0.66 0.0310325
-0.06 0.72 0.0244457
-0.06 0.78 0.0189923
-0.06 0.84 0.0145526
-0.06 0.9 0.0109975
-0.06 0.96 0.00819664
-0.06 1.02 0.00602515
-0.06 1.08 0.00436808
-0.06 1.14 0.00312319
-0.06 1.2 0.00220239
-0.06 1.26 0.00153174
-0.06 1.32 0.00105066
-0.06 1.38 0.000710755
-0.06 1.44 0.000474216
-0.06 1.5 0.000312047
-0.06 1.56 0.000202512
-0.06 1.62 0.00012962
-0.06 1.68 8.1825e-05
9.71445e-15 -2.4 6.42328e-05
9.71445e-15 -2.34 0.000102495
9.71445e-15 -2.28 0.0001613
9.71445e-15 -2.22 0.00025036
9.71445e-15 -2.16 0.000383244
9.71445e-15 -2.1 0.000578603
9.71445e-15 -2.04 0.000861531
9.71445e-15 -1.98 0.00126518
9.71445e-15 -1.92 0.00183241
9.71445e-15 -1.86 0.00261747
9.71445e-15 -1.8 0.00368749
9.71445e-15 -1.74 0.00512351
9.71445e-15 -1.68 0.00702085
9.71445e-15 -1.62 0.00948877
9.71445e-15 -1.56 0.0126476
9.71445e-15 -1.5 0.0166267
9.71445e-15 -1.44 0.021557
9.71445e-15 -1.38 0.0275649
9.71445e-15 -1.32 0.0347629
9.71445e-15 -1.26 0.0432381
9.71445e-15 -1.2 0.0530403
9.71445e-15 -1.14 0.06417
9.71445e-15 -1.08 0.0765679
9.71445e-15 -1.02 0.0901059
9.71445e-15 -0.96 0.104579
9.71445e-15 -0.9 0.11971
9.71445e-15 -0.84 0.135145
9.71445e-15 -0.78 0.150474
9.71445e-15 -0.72 0.165238
9.71445e-15 -0.66 0.178958
9.71445e-15 -0.6 0.191153
9.71445e-15 -0.54 0.201371
9.71445e-15 -0.48 0.20922
9.71445e-15 -0.42 0.214387
9.71445e-15 -0.36 0.216663
9.71445e-15 -0.3 0.21595
9.71445e-15 -0.24 0.212283
9.71445e-15 -0.18 0.20581
9.71445e-15 -0.12 0.196792
9.71445e-15 -0.06 0.185583
9.71445e-15 9.71445e-15 0.172606
9.71445e-15 0.06 0.15833
9.71445e-15 0.12 0.143238
9.71445e-15 0.18 0.127804
9.71445e-15 0.24 0.112465
9.71445e-15 0.3 0.0976065
9.71445e-15 0.36 0.0835469
9.71445e-15 0.42 0.0705296
9.71445e-15 0.48 0.0587225
9.71445e-15 0.54 0.0482199
9.71445e-15 0.6 0.0390508
9.71445e-15 0.66 0.0311911
9.71445e-15 0.72 0.0245704
9.71445e-15 0.78 0.0190894
9.71445e-15 0.84 0.014627
9.71445e-15 0.9 0.0110537
9.71445e-15 0.96 0.0082385
9.71445e-15 1.02 0.00605592
9.71445e-15 1.08 0.00439037
9.71445e-15 1.14 0.00313913
9.71445e-15 1.2 0.00221364
9.71445e-15 1.26 0.00153955
9.71445e-15 1.32 0.00105601
9.71445e-15 1.38 0.000714394
9.71445e-15 1.44 0.000476643
9.71445e-15 1.5 0.000313643
9.71445e-15 1.56 0.000203549
9.71445e-15 1.62 0.000130283
9.71445e-15 1.68 8.22421e-05
0.06 -2.4 6.36733e-05
0.06 -2.34 0.000101603
0.06 -2.28 0.000159896
0.06 -2.22 0.000248177
0.06 -2.16 0.000379909
0.06 -2.1 0.000573561
0.06 -2.04 0.000854024
0.06 -1.98 0.00125417
0.06 -1.92 0.00181646
0.06 -1.86 0.00259468
0.06 -1.8 0.00365536
0.06 -1.74 0.00507887
0.06 -1.68 0.00695973
0.06 -1.62 0.00940605
0.06 -1.56 0.0125376
0.06 -1.5 0.0164818
0.06 -1.44 0.021369
0.06 -1.38 0.0273247
0.06 -1.32 0.0344601
0.06 -1.26 0.0428612
0.06 -1.2 0.0525778
0.06 -1.14 0.0636113
0.06 -1.08 0.0759012
0.06 -1.02 0.089321
0.06 -0.96 0.103668
0.06 -0.9 0.118668
0.06 -0.84 0.133969
0.06 -0.78 0.149164
0.06 -0.72 0.1638
0.06 -0.66 0.1774
0.06 -0.6 0.189487
0.06 -0.54 0.199618
0.06 -0.48 0.207397
0.06 -0.42 0.212521
0.06 -0.36 0.214773
0.06 -0.3 0.214069
0.06 -0.24 0.210435
0.06 -0.18 0.204019
0.06 -0.12 0.195078
0.06 -0.06 0.183965
0.06 9.71445e-15 0.171103
0.06 0.06 0.156951
0.06 0.12 0.14199
0.06 0.18 0.12669
0.06 0.24 0.111486
0.06 0.3 0.0967569
0.06 0.36 0.0828195
0.06 0.42 0.0699155
0.06 0.48 0.0582109
0.06 0.54 0.0477995
0.06 0.6 0.038711
0.06 0.66 0.0309191
0.06 0.72 0.0243567
0.06 0.78 0.0189231
0.06 0.84 0.0144994
0.06 0.9 0.0109573
0.06 0.96 0.0081667
0.06 1.02 0.00600313
0.06 1.08 0.00435212
0.06 1.14 0.00311181
0.06 1.2 0.00219436
0.06 1.26 0.00152615
0.06 1.32 0.00104682
0.06 1.38 0.000708169
0.06 1.44 0.000472487
0.06 1.5 0.000310909
0.06 1.56 0.000201774
0.06 1.62 0.000129148
0.06 1.68 8.15267e-05
0.12 -2.4 6.22508e-05
0.12 -2.34 9.93328e-05
0.12 -2.28 0.000156326
0.12 -2.22 0.000242634
0.12 -2.16 0.000371424
0.12 -2.1 0.000560747
0.12 -2.04 0.000834957
0.12 -1.98 0.00122616
0.12 -1.92 0.00177589
0.12 -1.86 0.00253673
0.12 -1.8 0.00357374
0.12 -1.74 0.00496545
0.12 -1.68 0.00680426
0.12 -1.62 0.00919602
0.12 -1.56 0.0122575
0.12 -1.5 0.0161137
0.12 -1.44 0.0208919
0.12 -1.38 0.0267145
0.12 -1.32 0.0336906
0.12 -1.26 0.0419042
0.12 -1.2 0.0514036
0.12 -1.14 0.06219
0.12 -1.08 0.0742063
0.12 -1.02 0.0873251
0.12 -0.96 0.101354
0.12 -0.9 0.116017
0.12 -0.84 0.130976
0.12 -0.78 0.145831
0.12 -0.72 0.16014
0.12 -0.66 0.173437
0.12 -0.6 0.185256
0.12 -0.54 0.195158
0.12 -0.48 0.202765
0.12 -0.42 0.207772
0.12 -0.36 0.209978
0.12 -0.3 0.209289
0.12 -0.24 0.205736
0.12 -0.18 0.199462
0.12 -0.12 0.190722
0.12 -0.06 0.179857
0.12 9.71445e-15 0.16728
0.12 0.06 0.153446
0.12 0.12 0.138817
0.12 0.18 0.123862
0.12 0.24 0.108996
0.12 0.3 0.0945954
0.12 0.36 0.0809694
0.12 0.42 0.0683538
0.12 0.48 0.0569108
0.12 0.54 0.0467321
0.12 0.6 0.0378462
0.12 0.66 0.0302286
0.12 0.72 0.0238126
0.12 0.78 0.0185003
0.12 0.84 0.0141756
0.12 0.9 0.0107127
0.12 0.96 0.00798437
0.12 1.02 0.00586908
0.12 1.08 0.00425487
0.12 1.14 0.0030423
0.12 1.2 0.00214535
0.12 1.26 0.00149206
0.12 1.32 0.00102343
0.12 1.38 0.000692355
0.12 1.44 0.000461938
0.12 1.5 0.000303967
0.12 1.56 0.000197269
0.12 1.62 0.000126264
0.12 1.68 7.97055e-05
0.18 -2.4 6.00242e-05
0.18 -2.34 9.57793e-05
0.18 -2.28 0.000150732
0.18 -2.22 0.000233955
0.18 -2.16 0.000358134
0.18 -2.1 0.000540691
0.18 -2.04 0.000805086
0.18 -1.98 0.00118229
0.18 -1.92 0.00171235
0.18 -1.86 0.00244597
0.18 -1.8 0.00344589
0.18 -1.74 0.00478783
0.18 -1.68 0.00656083
0.18 -1.62 0.00886704
0.18 -1.56 0.0118189
0.18 -1.5 0.0155373
0.18 -1.44 0.0201445
0.18 -1.38 0.0257587
0.18 -1.32 0.0324852
0.18 -1.26 0.040405
0.18 -1.2 0.0495649
0.18 -1.14 0.0599655
0.18 -1.08 0.0715514
0.18 -1.02 0.0842018
0.18 -0.96 0.0977277
0.18 -0.9 0.111866
0.18 -0.84 0.12629
0.18 -0.78 0.140614
0.18 -0.72 0.154411
0.18 -0.66 0.167232
0.18 -0.6 0.178629
0.18 -0.54 0.188178
0.18 -0.48 0.195511
0.18 -0.42 0.20034
0.18 -0.36 0.202466
0.18 -0.3 0.201801
0.18 -0.24 0.198375
0.18 -0.18 0.192326
0.18 -0.12 0.183899
0.18 -0.06 0.173423
0.18 9.71445e-15 0.161296
0.18 0.06 0.147956
0.18 0.12 0.133852
0.18 0.18 0.119431
0.18 0.24 0.105096
0.18 0.3 0.0912109
0.18 0.36 0.0780724
0.18 0.42 0.0659081
0.18 0.48 0.0548748
0.18 0.54 0.0450604
0.18 0.6 0.0364923
0.18 0.66 0.0291473
0.18 0.72 0.0229606
0.18 0.78 0.0178386
0.18 0.84 0.0136686
0.18 0.9 0.0103294
0.18 0.96 0.00769873
0.18 1.02 0.00565913
0.18 1.08 0.00410269
0.18 1.14 0.00293345
0.18 1.2 0.00206861
0.18 1.26 0.00143868
0.18 1.32 0.000986824
0.18 1.38 0.000667588
0.18 1.44 0.000445413
0.18 1.5 0.000293093
0.18 1.56 0.000190212
0.18 1.62 0.000121747
0.18 1.68 7.68538e-05
0.24 -2.4 5.70814e-05
0.24 -2.34 9.10835e-05
0.24 -2.28 0.000143341
0.24 -2.22 0.000222486
0.24 -2.16 0.000340575
0.24 -2.1 0.000514184
0.24 -2.04 0.00076561
0.24 -1.98 0.00112432
0.24 -1.92 0.00162839
0.24 -1.86 0.00232605
0.24 -1.8 0.00327693
0.24 -1.74 0.00455308
0.24 -1.68 0.00623919
0.24 -1.62 0.00843231
0.24 -1.56 0.0112395
0.24 -1.5 0.0147756
0.24 -1.44 0.0191569
0.24 -1.38 0.0244959
0.24 -1.32 0.0308924
0.24 -1.26 0.038424
0.24 -1.2 0.047135
0.24 -1.14 0.0570257
0.24 -1.08 0.0680429
0.24 -1.02 0.080074
0.24 -0.96 0.0929358
0.24 -0.9 0.106381
0.24 -0.84 0.120099
0.24 -0.78 0.133721
0.24 -0.72 0.146842
0.24 -0.66 0.159033
0.24 -0.6 0.169871
0.24 -0.54 0.178951
0.24 -0.48 0.185925
0.24 -0.42 0.190518
0.24 -0.36 0.19254
0.24 -0.3 0.191907
0.24 -0.24 0.188647
0.24 -0.18 0.182895
0.24 -0.12 0.174881
0.24 -0.06 0.16492
0.24 9.71445e-15 0.153389
0.24 0.06 0.140702
0.24 0.12 0.127291
0.24 0.18 0.113575
0.24 0.24 0.0999434
0.24 0.3 0.0867396
0.24 0.36 0.0742453
0.24 0.42 0.0626772
0.24 0.48 0.0521844
0.24 0.54 0.0428512
0.24 0.6 0.0347031
0.24 0.66 0.0277183
0.24 0.72 0.0218349
0.24 0.78 0.0169641
0.24 0.84 0.0129985
0.24 0.9 0.00982298
0.24 0.96 0.00732124
0.24 1.02 0.00538168
0.24 1.08 0.00390157
0.24 1.14 0.00278962
0.24 1.2 0.00196718
0.24 1.26 0.00136814
0.24 1.32 0.000938442
0.24 1.38 0.000634856
0.24 1.44 0.000423574
0.24 1.5 0.000278723
0.24 1.56 0.000180886
0.24 1.62 0.000115778
0.24 1.68 7.30859e-05
0.3 -2.4 5.35364e-05
0.3 -2.34 8.54267e-05
0.3 -2.28 0.00013444
0.3 -2.22 0.00020867
0.3 -2.16 0.000319423
0.3 -2.1 0.000482255
0.3 -2.04 0.000718069
0.3 -1.98 0.00105449
0.3 -1.92 0.00152726
0.3 -1.86 0.00218159
0.3 -1.8 0.00307342
0.3 -1.74 0.00427032
0.3 -1.68 0.00585178
0.3 -1.62 0.00790864
0.3 -1.56 0.0105416
0.3 -1.5 0.013858
0.3 -1.44 0.0179673
0.3 -1.38 0.0229748
0.3 -1.32 0.0289742
0.3 -1.26 0.0360381
0.3 -1.2 0.044208
0.3 -1.14 0.0534843
0.3 -1.08 0.0638174
0.3 -1.02 0.0751016
0.3 -0.96 0.0871646
0.3 -0.9 0.0997748
0.3 -0.84 0.112641
0.3 -0.78 0.125418
0.3 -0.72 0.137723
0.3 -0.66 0.149157
0.3 -0.6 0.159321
0.3 -0.54 0.167838
0.3 -0.48 0.17438
0.3 -0.42 0.178686
0.3 -0.36 0.180584
0.3 -0.3 0.17999
0.3 -0.24 0.176933
0.3 -0.18 0.171538
0.3 -0.12 0.164022
0.3 -0.06 0.15468
0.3 9.71445e-15 0.143864
0.3 0.06 0.131963
0.3 0.12 0.119387
0.3 0.18 0.106521
0.3 0.24 0.0937367
0.3 0.3 0.0813533
0.3 0.36 0.0696351
0.3 0.42 0.0587852
0.3 0.48 0.0489438
0.3 0.54 0.0401901
0.3 0.6 0.032548
0.3 0.66 0.0259971
0.3 0.72 0.0204789
0.3 0.78 0.0159106
0.3 0.84 0.0121913
0.3 0.9 0.00921303
0.3 0.96 0.00686664
0.3 1.02 0.00504751
0.3 1.08 0.00365929
0.3 1.14 0.00261638
0.3 1.2 0.00184503
0.3 1.26 0.00128318
0.3 1.32 0.000880171
0.3 1.38 0.000595428
0.3 1.44 0.000397269
0.3 1.5 0.000261414
0.3 1.56 0.000169653
0.3 1.62 0.000108588
0.36 -2.4 4.95218e-05
0.36 -2.34 7.9021e-05
0.36 -2.28 0.000124359
0.36 -2.22 0.00019302
0.36 -2.16 0.000295471
0.36 -2.1 0.000446087
0.36 -2.04 0.000664223
0.36 -1.98 0.000975423
0.36 -1.92 0.00141274
0.36 -1.86 0.002018
0.36 -1.8 0.00284296
0.36 -1.74 0.00395011
0.36 -1.68 0.00541293
0.36 -1.62 0.00731556
0.36 -1.56 0.00975105
0.36 -1.5 0.0128188
0.36 -1.44 0.0166198
0.36 -1.38 0.0212519
0.36 -1.32 0.0268014
0.36 -1.26 0.0333355
0.36 -1.2 0.0408926
0.36 -1.14 0.0494733
0.36 -1.08 0.0590322
0.36 -1.02 0.069469
0.36 -0.96 0.0806286
0.36 -0.9 0.0922927
0.36 -0.84 0.104193
0.36 -0.78 0.116012
0.36 -0.72 0.127395
0.36 -0.66 0.137971
0.36 -0.6 0.147374
0.36 -0.54 0.155253
0.36 -0.48 0.161303
0.36 -0.42 0.165287
0.36 -0.36 0.16704
0.36 -0.3 0.166493
0.36 -0.24 0.163666
0.36 -0.18 0.158675
0.36 -0.12 0.151722
0.36 -0.06 0.14308
0.36 9.71445e-15 0.133074
0.36 0.06 0.122068
0.36 0.12 0.110433
0.36 0.18 0.098534
0.36 0.24 0.0867073
0.36 0.3 0.0752518
0.36 0.36 0.0644126
0.36 0.42 0.0543765
0.36 0.48 0.0452733
0.36 0.54 0.0371761
0.36 0.6 0.0301073
0.36 0.66 0.0240474
0.36 0.72 0.0189433
0.36 0.78 0.0147173
0.36 0.84 0.011277
0.36 0.9 0.00852214
0.36 0.96 0.00635172
0.36 1.02 0.00466898
0.36 1.08 0.00338485
0.36 1.14 0.00242018
0.36 1.2 0.00170667
0.36 1.26 0.00118695
0.36 1.32 0.000814166
0.36 1.38 0.000550781
0.36 1.44 0.000367478
0.36 1.5 0.000241809
0.36 1.56 0.00015693
0.36 1.62 0.000100445
0.42 -2.4 4.51783e-05
0.42 -2.34 7.20898e-05
0.42 -2.28 0.000113452
0.42 -2.22 0.000176092
0.42 -2.16 0.000269557
0.42 -2.1 0.000406963
0.42 -2.04 0.000605963
0.42 -1.98 0.000889874
0.42 -1.92 0.00128884
0.42 -1.86 0.00184102
0.42 -1.8 0.00259362
0.42 -1.74 0.00360363
0.42 -1.68 0.00493816
0.42 -1.62 0.00667398
0.42 -1.56 0.00889577
0.42 -1.5 0.0116945
0.42 -1.44 0.0151623
0.42 -1.38 0.019388
0.42 -1.32 0.0244508
0.42 -1.26 0.0304118
0.42 -1.2 0.0373062
0.42 -1.14 0.0451341
0.42 -1.08 0.0538544
0.42 -1.02 0.0633763
0.42 -0.96 0.0735563
0.42 -0.9 0.0841988
0.42 -0.84 0.0950553
0.42 -0.78 0.105837
0.42 -0.72 0.116222
0.42 -0.66 0.125872
0.42 -0.6 0.134449
0.42 -0.54 0.141635
0.42 -0.48 0.147157
0.42 -0.42 0.150789
0.42 -0.36 0.152391
0.42 -0.3 0.151891
0.42 -0.24 0.149311
0.42 -0.18 0.144757
0.42 -0.12 0.138415
0.42 -0.06 0.130531
0.42 9.71445e-15 0.121403
0.42 0.06 0.111362
0.42 0.12 0.100747
0.42 0.18 0.0898915
0.42 0.24 0.0791033
0.42 0.3 0.0686525
0.42 0.36 0.0587635
0.42 0.42 0.0496077
0.42 0.48 0.041303
0.42 0.54 0.0339157
0.42 0.6 0.0274664
0.42 0.66 0.0219385
0.42 0.72 0.0172817
0.42 0.78 0.0134266
0.42 0.84 0.010288
0.42 0.9 0.00777469
0.42 0.96 0.00579462
0.42 1.02 0.00425947
0.42 1.08 0.00308798
0.42 1.14 0.00220793
0.42 1.2 0.00155697
0.42 1.26 0.00108286
0.42 1.32 0.000742752
0.42 1.38 0.000502472
0.42 1.44 0.000335249
0.42 1.5 0.000220603
0.42 1.56 0.000143167
0.42 1.62 9.16352e-05
0.48 -2.4 4.06494e-05
0.48 -2.34 6.48639e-05
0.48 -2.28 0.00010208
0.48 -2.22 0.000158437
0.48 -2.16 0.000242537
0.48 -2.1 0.000366164
0.48 -2.04 0.000545219
0.48 -1.98 0.00080067
0.48 -1.92 0.00115964
0.48 -1.86 0.00165646
0.48 -1.8 0.00233362
0.48 -1.74 0.00324238
0.48 -1.68 0.00444316
0.48 -1.62 0.0060049
0.48 -1.56 0.00800409
0.48 -1.5 0.0105221
0.48 -1.44 0.0136421
0.48 -1.38 0.0174444
0.48 -1.32 0.0219997
0.48 -1.26 0.0273631
0.48 -1.2 0.0335659
0.48 -1.14 0.0406098
0.48 -1.08 0.0484561
0.48 -1.02 0.0570228
0.48 -0.96 0.0661829
0.48 -0.9 0.0757582
0.48 -0.84 0.0855262
0.48 -0.78 0.0952272
0.48 -0.72 0.104571
0.48 -0.66 0.113253
0.48 -0.6 0.12097
0.48 -0.54 0.127437
0.48 -0.48 0.132404
0.48 -0.42 0.135674
0.48 -0.36 0.137113
0.48 -0.3 0.136664
0.48 -0.24 0.134344
0.48 -0.18 0.130248
0.48 -0.12 0.12454
0.48 -0.06 0.117445
0.48 9.71445e-15 0.109233
0.48 0.06 0.100199
0.48 0.12 0.0906476
0.48 0.18 0.0808803
0.48 0.24 0.0711733
0.48 0.3 0.0617702
0.48 0.36 0.0528728
0.48 0.42 0.0446348
0.48 0.48 0.0371622
0.48 0.54 0.0305155
0.48 0.6 0.0247134
0.48 0.66 0.019739
0.48 0.72 0.0155495
0.48 0.78 0.0120806
0.48 0.84 0.00925656
0.48 0.9 0.00699529
0.48 0.96 0.00521372
0.48 1.02 0.00383245
0.48 1.08 0.00277841
0.48 1.14 0.0019866
0.48 1.2 0.00140089
0.48 1.26 0.000974303
0.48 1.32 0.000668299
0.48 1.38 0.000452099
0.48 1.44 0.00030164
0.48 1.5 0.000198487
0.48 1.56 0.000128814
0.48 1.62 8.2449e-05
0.54 -2.4 3.60716e-05
0.54 -2.34 5.75589e-05
0.54 -2.28 9.05833e-05
0.54 -2.22 0.000140597
0.54 -2.16 0.000215221
0.54 -2.1 0.000324933
0.54 -2.04 0.000483821
0.54 -1.98 0.000710495
0.54 -1.92 0.00102903
0.54 -1.86 0.0014699
0.54 -1.8 0.0020708
0.54 -1.74 0.00287726
0.54 -1.68 0.00394281
0.54 -1.62 0.00532866
0.54 -1.56 0.00710271
0.54 -1.5 0.00933716
0.54 -1.44 0.0121059
0.54 -1.38 0.0154799
0.54 -1.32 0.0195222
0.54 -1.26 0.0242817
0.54 -1.2 0.0297864
0.54 -1.14 0.0360365
0.54 -1.08 0.042999
0.54 -1.02 0.0506018
0.54 -0.96 0.0587298
0.54 -0.9 0.067226
0.54 -0.84 0.0758951
0.54 -0.78 0.0845037
0.54 -0.72 0.0927952
0.54 -0.66 0.100499
0.54 -0.6 0.107347
0.54 -0.54 0.113086
0.54 -0.48 0.117493
0.54 -0.42 0.120395
0.54 -0.36 0.121673
0.54 -0.3 0.121274
0.54 -0.24 0.119214
0.54 -0.18 0.115579
0.54 -0.12 0.110515
0.54 -0.06 0.10422
0.54 9.71445e-15 0.0969323
0.54 0.06 0.0889143
0.54 0.12 0.0804401
0.54 0.18 0.0717721
0.54 0.24 0.0631577
0.54 0.3 0.0548141
0.54 0.36 0.0469186
0.54 0.42 0.0396083
0.54 0.48 0.0329773
0.54 0.54 0.0270791
0.54 0.6 0.0219303
0.54 0.66 0.0175163
0.54 0.72 0.0137983
0.54 0.78 0.0107202
0.54 0.84 0.00821425
0.54 0.9 0.00620755
0.54 0.96 0.00462661
0.54 1.02 0.00340091
0.54 1.08 0.00246555
0.54 1.14 0.00176286
0.54 1.2 0.00124314
0.54 1.26 0.000864578
0.54 1.32 0.000593042
0.54 1.38 0.000401188
0.54 1.44 0.000267671
0.54 1.5 0.000176135
0.54 1.56 0.000114308
0.6 -2.4 3.15694e-05
0.6 -2.34 5.03749e-05
0.6 -2.28 7.92778e-05
0.6 -2.22 0.000123048
0.6 -2.16 0.000188361
0.6 -2.1 0.000284376
0.6 -2.04 0.000423432
0.6 -1.98 0.000621822
0.6 -1.92 0.000900612
0.6 -1.86 0.00128646
0.6 -1.8 0.00181236
0.6 -1.74 0.00251812
0.6 -1.68 0.0034507
0.6 -1.62 0.00466361
0.6 -1.56 0.0062162
0.6 -1.5 0.00817176
0.6 -1.44 0.010595
0.6 -1.38 0.0135479
0.6 -1.32 0.0170857
0.6 -1.26 0.0212511
0.6 -1.2 0.0260686
0.6 -1.14 0.0315388
0.6 -1.08 0.0376322
0.6 -1.02 0.044286
0.6 -0.96 0.0513994
0.6 -0.9 0.0588363
0.6 -0.84 0.0664228
0.6 -0.78 0.0739567
0.6 -0.72 0.0812135
0.6 -0.66 0.0879565
0.6 -0.6 0.0939495
0.6 -0.54 0.0989706
0.6 -0.48 0.10283
0.6 -0.42 0.105368
0.6 -0.36 0.106487
0.6 -0.3 0.106138
0.6 -0.24 0.104335
0.6 -0.18 0.101154
0.6 -0.12 0.0967212
0.6 -0.06 0.0912117
0.6 9.71445e-15 0.084834
0.6 0.06 0.0778172
0.6 0.12 0.0704
0.6 0.18 0.0628138
0.6 0.24 0.0552756
0.6 0.3 0.047973
0.6 0.36 0.0410628
0.6 0.42 0.0346649
0.6 0.48 0.0288616
0.6 0.54 0.0236994
0.6 0.6 0.019193
0.6 0.66 0.0153301
0.6 0.72 0.0120761
0.6 0.78 0.00938215
0.6 0.84 0.00718899
0.6 0.9 0.00543277
0.6 0.96 0.00404914
0.6 1.02 0.00297641
0.6 1.08 0.00215782
0.6 1.14 0.00154286
0.6 1.2 0.00108797
0.6 1.26 0.000756678
0.6 1.32 0.00051902
0.6 1.38 0.000351113
0.6 1.44 0.000234264
0.6 1.5 0.000154152
0.6 1.56 0.000100041
0.66 -2.4 2.72496e-05
0.66 -2.34 4.34815e-05
0.66 -2.28 6.84289e-05
0.66 -2.22 0.000106211
0.66 -2.16 0.000162585
0.66 -2.1 0.000245463
0.66 -2.04 0.000365489
0.66 -1.98 0.000536731
0.66 -1.92 0.000777369
0.66 -1.86 0.00111042
0.66 -1.8 0.00156436
0.66 -1.74 0.00217356
0.66 -1.68 0.00297848
0.66 -1.62 0.00402545
0.66 -1.56 0.00536553
0.66 -1.5 0.0070536
0.66 -1.44 0.0091452
0.66 -1.38 0.011694
0.66 -1.32 0.0147476
0.66 -1.26 0.018343
0.66 -1.2 0.0225015
0.66 -1.14 0.027223
0.66 -1.08 0.0324826
0.66 -1.02 0.038226
0.66 -0.96 0.044366
0.66 -0.9 0.0507848
0.66 -0.84 0.0573331
0.66 -0.78 0.0638361
0.66 -0.72 0.0700996
0.66 -0.66 0.0759199
0.66 -0.6 0.0810936
0.66 -0.54 0.0854281
0.66 -0.48 0.088758
0.66 -0.42 0.0909499
0.66 -0.36 0.0919156
0.66 -0.3 0.0916135
0.66 -0.24 0.0900572
0.66 -0.18 0.0873111
0.66 -0.12 0.0834854
0.66 -0.06 0.0787304
0.66 9.71445e-15 0.0732253
0.66 0.06 0.0671687
0.66 0.12 0.0607664
0.66 0.18 0.0542186
0.66 0.24 0.0477115
0.66 0.3 0.0414079
0.66 0.36 0.0354434
0.66 0.42 0.029921
0.66 0.48 0.0249121
0.66 0.54 0.0204565
0.66 0.6 0.0165666
0.66 0.66 0.0132323
0.66 0.72 0.0104236
0.66 0.78 0.00809835
0.66 0.84 0.00620526
0.66 0.9 0.00468934
0.66 0.96 0.00349505
0.66 1.02 0.00256913
0.66 1.08 0.00186254
0.66 1.14 0.00133172
0.66 1.2 0.000939098
0.66 1.26 0.00065313
0.66 1.32 0.000447997
0.66 1.38 0.000303069
0.66 1.44 0.000202207
0.66 1.5 0.000133058
0.66 1.56 8.63521e-05
0.72 -2.34 3.70158e-05
0.72 -2.28 5.8253e-05
0.72 -2.22 9.04167e-05
0.72 -2.16 0.000138408
0.72 -2.1 0.000208961
0.72 -2.04 0.000311137
0.72 -1.98 0.000456915
0.72 -1.92 0.00066177
0.72 -1.86 0.000945291
0.72 -1.8 0.00133172
0.72 -1.74 0.00185033
0.72 -1.68 0.00253558
0.72 -1.62 0.00342682
0.72 -1.56 0.00456767
0.72 -1.5 0.00600469
0.72 -1.44 0.00778521
0.72 -1.38 0.00995496
0.72 -1.32 0.0125545
0.72 -1.26 0.0156152
0.72 -1.2 0.0191553
0.72 -1.14 0.0231749
0.72 -1.08 0.0276521
0.72 -1.02 0.0325416
0.72 -0.96 0.0377683
0.72 -0.9 0.0432329
0.72 -0.84 0.0488077
0.72 -0.78 0.0543436
0.72 -0.72 0.0596758
0.72 -0.66 0.0646304
0.72 -0.6 0.0690341
0.72 -0.54 0.0727246
0.72 -0.48 0.075559
0.72 -0.42 0.0774253
0.72 -0.36 0.0782469
0.72 -0.3 0.0779896
0.72 -0.24 0.0766651
0.72 -0.18 0.0743274
0.72 -0.12 0.0710702
0.72 -0.06 0.0670226
0.72 9.71445e-15 0.0623365
0.72 0.06 0.05718
0.72 0.12 0.0517303
0.72 0.18 0.0461558
0.72 0.24 0.0406165
0.72 0.3 0.0352506
0.72 0.36 0.030173
0.72 0.42 0.0254718
0.72 0.48 0.0212074
0.72 0.54 0.0174144
0.72 0.6 0.0141031
0.72 0.66 0.0112645
0.72 0.72 0.00887357
0.72 0.78 0.00689408
0.72 0.84 0.00528249
0.72 0.9 0.00399199
0.72 0.96 0.0029753
0.72 1.02 0.00218708
0.72 1.08 0.00158558
0.72 1.14 0.00113369
0.72 1.2 0.000799448
0.72 1.26 0.000556007
0.72 1.32 0.000381378
0.72 1.38 0.000258001
0.72 1.44 0.000172137
0.72 1.5 0.000113271
0.78 -2.34 3.10781e-05
0.78 -2.28 4.89092e-05
0.78 -2.22 7.5913e-05
0.78 -2.16 0.000116206
0.78 -2.1 0.000175442
0.78 -2.04 0.000261229
0.78 -1.98 0.000383623
0.78 -1.92 0.000555619
0.78 -1.86 0.000793662
0.78 -1.8 0.0011181
0.78 -1.74 0.00155352
0.78 -1.68 0.00212886
0.78 -1.62 0.00287713
0.78 -1.56 0.003835
0.78 -1.5 0.00504146
0.78 -1.44 0.00653641
0.78 -1.38 0.00835817
0.78 -1.32 0.0105407
0.78 -1.26 0.0131105
0.78 -1.2 0.0160826
0.78 -1.14 0.0194575
0.78 -1.08 0.0232166
0.78 -1.02 0.0273217
0.78 -0.96 0.03171
0.78 -0.9 0.0362981
0.78 -0.84 0.0409786
0.78 -0.78 0.0456266
0.78 -0.72 0.0501035
0.78 -0.66 0.0542634
0.78 -0.6 0.0579605
0.78 -0.54 0.0610587
0.78 -0.48 0.0634392
0.78 -0.42 0.0650055
0.78 -0.36 0.0656952
0.78 -0.3 0.06548
0.78 -0.24 0.064368
0.78 -0.18 0.0624051
0.78 -0.12 0.0596706
0.78 -0.06 0.0562716
0.78 9.71445e-15 0.0523373
0.78 0.06 0.048008
0.78 0.12 0.0434324
0.78 0.18 0.0387518
0.78 0.24 0.0341014
0.78 0.3 0.0295963
0.78 0.36 0.0253331
0.78 0.42 0.021386
0.78 0.48 0.0178057
0.78 0.54 0.0146209
0.78 0.6 0.0118409
0.78 0.66 0.00945761
0.78 0.72 0.00745018
0.78 0.78 0.00578821
0.78 0.84 0.00443513
0.78 0.9 0.00335165
0.78 0.96 0.00249804
0.78 1.02 0.00183625
0.78 1.08 0.00133124
0.78 1.14 0.00095184
0.78 1.2 0.000671211
0.78 1.26 0.000466821
0.78 1.32 0.000320203
0.78 1.38 0.000216614
0.78 1.44 0.000144525
0.78 1.5 9.51012e-05
0.84 -2.34 2.57344e-05
0.84 -2.28 4.04996e-05
0.84 -2.22 6.28598e-05
0.84 -2.16 9.62251e-05
0.84 -2.1 0.000145275
0.84 -2.04 0.000216313
0.84 -1.98 0.00031766
0.84 -1.92 0.000460079
0.84 -1.86 0.000657191
0.84 -1.8 0.000925844
0.84 -1.74 0.0012864
0.84 -1.68 0.00176281
0.84 -1.62 0.00238241
0.84 -1.56 0.00317559
0.84 -1.5 0.00417457
0.84 -1.44 0.00541249
0.84 -1.38 0.00692102
0.84 -1.32 0.00872831
0.84 -1.26 0.0108562
0.84 -1.2 0.0133172
0.84 -1.14 0.0161117
0.84 -1.08 0.0192247
0.84 -1.02 0.0226237
0.84 -0.96 0.0262577
0.84 -0.9 0.0300566
0.84 -0.84 0.0339324
0.84 -0.78 0.0377812
0.84 -0.72 0.0414884
0.84 -0.66 0.0449329
0.84 -0.6 0.0479942
0.84 -0.54 0.0505601
0.84 -0.48 0.052531
0.84 -0.42 0.0538281
0.84 -0.36 0.054399
0.84 -0.3 0.054221
0.84 -0.24 0.0533004
0.84 -0.18 0.0516751
0.84 -0.12 0.0494106
0.84 -0.06 0.0465958
0.84 9.71445e-15 0.0433378
0.84 0.06 0.0397533
0.84 0.12 0.0359643
0.84 0.18 0.0320888
0.84 0.24 0.0282376
0.84 0.3 0.0245072
0.84 0.36 0.0209772
0.84 0.42 0.0177087
0.84 0.48 0.014744
0.84 0.54 0.0121068
0.84 0.6 0.00980492
0.84 0.66 0.0078314
0.84 0.72 0.00616918
0.84 0.78 0.00479291
0.84 0.84 0.00367252
0.84 0.9 0.00277535
0.84 0.96 0.00206852
0.84 1.02 0.00152051
0.84 1.08 0.00110233
0.84 1.14 0.00078817
0.84 1.2 0.000555799
0.84 1.26 0.000386551
0.84 1.32 0.000265145
0.84 1.38 0.000179368
0.84 1.44 0.000119674
0.9 -2.34 2.10166e-05
0.9 -2.28 3.30748e-05
0.9 -2.22 5.13354e-05
0.9 -2.16 7.85846e-05
0.9 -2.1 0.000118641
0.9 -2.04 0.000176656
0.9 -1.98 0.000259425
0.9 -1.92 0.000375735
0.9 -1.86 0.000536711
0.9 -1.8 0.000756115
0.9 -1.74 0.00105057
0.9 -1.68 0.00143963
0.9 -1.62 0.00194565
0.9 -1.56 0.00259341
0.9 -1.5 0.00340928
0.9 -1.44 0.00442019
0.9 -1.38 0.00565216
0.9 -1.32 0.00712812
0.9 -1.26 0.0088659
0.9 -1.2 0.0108757
0.9 -1.14 0.013158
0.9 -1.08 0.0157003
0.9 -1.02 0.018476
0.9 -0.96 0.0214439
0.9 -0.9 0.0245465
0.9 -0.84 0.0277114
0.9 -0.78 0.0308546
0.9 -0.72 0.0338821
0.9 -0.66 0.0366951
0.9 -0.6 0.0391955
0.9 -0.54 0.0412911
0.9 -0.48 0.0429002
0.9 -0.42 0.04396
0.9 -0.36 0.0444259
0.9 -0.3 0.0442805
0.9 -0.24 0.0435288
0.9 -0.18 0.0422015
0.9 -0.12 0.0403522
0.9 -0.06 0.0380533
0.9 9.71445e-15 0.0353926
0.9 0.06 0.0324655
0.9 0.12 0.0293708
0.9 0.18 0.026206
0.9 0.24 0.0230609
0.9 0.3 0.0200142
0.9 0.36 0.0171313
0.9 0.42 0.0144621
0.9 0.48 0.0120409
0.9 0.54 0.00988734
0.9 0.6 0.00800741
0.9 0.66 0.00639562
0.9 0.72 0.0050382
0.9 0.78 0.00391424
0.9 0.84 0.00299921
0.9 0.9 0.00226654
0.9 0.96 0.00168929
0.9 1.02 0.00124176
0.9 1.08 0.000900236
0.9 1.14 0.000643679
0.9 1.2 0.000453905
0.9 1.26 0.000315685
0.9 1.32 0.000216536
0.9 1.38 0.000146485
0.9 1.44 9.77344e-05
0.96 -2.28 2.66397e-05
0.96 -2.22 4.13484e-05
0.96 -2.16 6.3295e-05
0.96 -2.1 9.556e-05
0.96 -2.04 0.000142286
0.96 -1.98 0.000208951
0.96 -1.92 0.000302633
0.96 -1.86 0.00043229
0.96 -1.8 0.000609005
0.96 -1.74 0.000846171
0.96 -1.68 0.00115955
0.96 -1.62 0.00156711
0.96 -1.56 0.00208884
0.96 -1.5 0.00274599
0.96 -1.44 0.00356024
0.96 -1.38 0.0045525
0.96 -1.32 0.00574129
0.96 -1.26 0.00714099
0.96 -1.2 0.00875991
0.96 -1.14 0.0105981
0.96 -1.08 0.0126455
0.96 -1.02 0.0148816
0.96 -0.96 0.0172718
0.96 -0.9 0.0197708
0.96 -0.84 0.0223202
0.96 -0.78 0.0248519
0.96 -0.72 0.0272903
0.96 -0.66 0.0295561
0.96 -0.6 0.0315698
0.96 -0.54 0.0332575
0.96 -0.48 0.0345539
0.96 -0.42 0.0354072
0.96 -0.36 0.035783
0.96 -0.3 0.0356654
0.96 -0.24 0.0350598
0.96 -0.18 0.0339906
0.96 -0.12 0.0325011
0.96 -0.06 0.0306501
0.96 9.71445e-15 0.028507
0.96 0.06 0.0261489
0.96 0.12 0.0236567
0.96 0.18 0.0211074
0.96 0.24 0.0185743
0.96 0.3 0.0161204
0.96 0.36 0.0137984
0.96 0.42 0.0116485
0.96 0.48 0.00969835
0.96 0.54 0.00796375
0.96 0.6 0.00644947
0.96 0.66 0.00515136
0.96 0.72 0.00405795
0.96 0.78 0.00315272
0.96 0.84 0.00241573
0.96 0.9 0.00182557
0.96 0.96 0.00136063
0.96 1.02 0.00100017
0.96 1.08 0.000725099
0.96 1.14 0.000518447
0.96 1.2 0.000365595
0.96 1.26 0.000254267
0.96 1.32 0.000174408
0.96 1.38 0.000117986
1.02 -2.28 2.1162e-05
1.02 -2.22 3.28458e-05
1.02 -2.16 5.02799e-05
1.02 -2.1 7.59096e-05
1.02 -2.04 0.00011303
1.02 -1.98 0.000165986
1.02 -1.92 0.000240403
1.02 -1.86 0.000343399
1.02 -1.8 0.000483782
1.02 -1.74 0.000672184
1.02 -1.68 0.000921107
1.02 -1.62 0.00124488
1.02 -1.56 0.00165932
1.02 -1.5 0.00218135
1.02 -1.44 0.00282816
1.02 -1.38 0.00361639
1.02 -1.32 0.00456075
1.02 -1.26 0.00567264
1.02 -1.2 0.00695861
1.02 -1.14 0.0084188
1.02 -1.08 0.0100454
1.02 -1.02 0.0118214
1.02 -0.96 0.0137204
1.02 -0.9 0.0157053
1.02 -0.84 0.0177303
1.02 -0.78 0.0197415
1.02 -0.72 0.0216785
1.02 -0.66 0.0234782
1.02 -0.6 0.0250784
1.02 -0.54 0.0264191
1.02 -0.48 0.0274485
1.02 -0.42 0.0281267
1.02 -0.36 0.028425
1.02 -0.3 0.0283318
1.02 -0.24 0.0278507
1.02 -0.18 0.0270014
1.02 -0.12 0.0258183
1.02 -0.06 0.0243477
1.02 9.71445e-15 0.022645
1.02 0.06 0.0207722
1.02 0.12 0.0187921
1.02 0.18 0.0167674
1.02 0.24 0.0147549
1.02 0.3 0.0128054
1.02 0.36 0.010961
1.02 0.42 0.00925314
1.02 0.48 0.00770406
1.02 0.54 0.00632621
1.02 0.6 0.00512332
1.02 0.66 0.00409209
1.02 0.72 0.00322354
1.02 0.78 0.00250443
1.02 0.84 0.00191899
1.02 0.9 0.0014502
1.02 0.96 0.00108086
1.02 1.02 0.000794512
1.02 1.08 0.000575993
1.02 1.14 0.000411838
1.02 1.2 0.000290422
1.02 1.26 0.000201981
1.02 1.32 0.000138545
1.02 1.38 9.37255e-05
1.08 -2.28 1.65795e-05
1.08 -2.22 2.57333e-05
1.08 -2.16 3.93921e-05
1.08 -2.1 5.94717e-05
1.08 -2.04 8.85535e-05
1.08 -1.98 0.000130042
1.08 -1.92 0.000188345
1.08 -1.86 0.000269038
1.08 -1.8 0.000379019
1.08 -1.74 0.00052662
1.08 -1.68 0.00072165
1.08 -1.62 0.000975305
1.08 -1.56 0.00130001
1.08 -1.5 0.00170897
1.08 -1.44 0.00221575
1.08 -1.38 0.0028333
1.08 -1.32 0.00357316
1.08 -1.26 0.00444428
1.08 -1.2 0.00545177
1.08 -1.14 0.00659573
1.08 -1.08 0.00787012
1.08 -1.02 0.00926157
1.08 -0.96 0.0107493
1.08 -0.9 0.0123044
1.08 -0.84 0.0138911
1.08 -0.78 0.0154667
1.08 -0.72 0.0169843
1.08 -0.66 0.0183944
1.08 -0.6 0.0196477
1.08 -0.54 0.0206979
1.08 -0.48 0.0215049
1.08 -0.42 0.0220357
1.08 -0.36 0.0222697
1.08 -0.3 0.0221968
1.08 -0.24 0.0218199
1.08 -0.18 0.0211545
1.08 -0.12 0.0202275
1.08 -0.06 0.0190753
1.08 9.71445e-15 0.0177414
1.08 0.06 0.016274
1.08 0.12 0.0147228
1.08 0.18 0.0131364
1.08 0.24 0.0115598
1.08 0.3 0.0100326
1.08 0.36 0.00858752
1.08 0.42 0.00724952
1.08 0.48 0.00603586
1.08 0.54 0.00495627
1.08 0.6 0.00401387
1.08 0.66 0.003206
1.08 0.72 0.0025255
1.08 0.78 0.00196209
1.08 0.84 0.00150345
1.08 0.9 0.00113617
1.08 0.96 0.000846805
1.08 1.02 0.000622463
1.08 1.08 0.000451266
1.08 1.14 0.000322658
1.08 1.2 0.000227531
1.08 1.26 0.000158245
1.08 1.32 0.000108543
1.14 -2.28 1.28106e-05
1.14 -2.22 1.98839e-05
1.14 -2.16 3.04376e-05
1.14 -2.1 4.59534e-05
1.14 -2.04 6.84234e-05
1.14 -1.98 0.000100481
1.14 -1.92 0.000145532
1.14 -1.86 0.000207882
1.14 -1.8 0.000292863
1.14 -1.74 0.000406913
1.14 -1.68 0.000557608
1.14 -1.62 0.000753604
1.14 -1.56 0.00100449
1.14 -1.5 0.00132051
1.14 -1.44 0.00171207
1.14 -1.38 0.00218923
1.14 -1.32 0.0027609
1.14 -1.26 0.003434
1.14 -1.2 0.00421252
1.14 -1.14 0.00509647
1.14 -1.08 0.00608105
1.14 -1.02 0.00715633
1.14 -0.96 0.00830575
1.14 -0.9 0.00950747
1.14 -0.84 0.0107334
1.14 -0.78 0.0119509
1.14 -0.72 0.0131235
1.14 -0.66 0.0142131
1.14 -0.6 0.0151815
1.14 -0.54 0.0159931
1.14 -0.48 0.0166164
1.14 -0.42 0.0170268
1.14 -0.36 0.0172076
1.14 -0.3 0.017151
1.14 -0.24 0.0168597
1.14 -0.18 0.0163455
1.14 -0.12 0.0156293
1.14 -0.06 0.0147392
1.14 9.71445e-15 0.0137086
1.14 0.06 0.0125746
1.14 0.12 0.0113762
1.14 0.18 0.0101503
1.14 0.24 0.00893208
1.14 0.3 0.00775207
1.14 0.36 0.00663543
1.14 0.42 0.00560157
1.14 0.48 0.00466378
1.14 0.54 0.00382966
1.14 0.6 0.00310146
1.14 0.66 0.00247722
1.14 0.72 0.00195141
1.14 0.78 0.0015161
1.14 0.84 0.00116169
1.14 0.9 0.000877893
1.14 0.96 0.00065431
1.14 1.02 0.000480968
1.14 1.08 0.000348689
1.14 1.14 0.000249313
1.14 1.2 0.000175809
1.14 1.26 0.000122273
1.2 -2.22 1.51527e-05
1.2 -2.16 2.31956e-05
1.2 -2.1 3.50191e-05
1.2 -2.04 5.21433e-05
1.2 -1.98 7.65742e-05
1.2 -1.92 0.000110905
1.2 -1.86 0.000158421
1.2 -1.8 0.000223182
1.2 -1.74 0.000310093
1.2 -1.68 0.000424931
1.2 -1.62 0.000574297
1.2 -1.56 0.000765486
1.2 -1.5 0.00100631
1.2 -1.44 0.00130471
1.2 -1.38 0.00166834
1.2 -1.32 0.00210399
1.2 -1.26 0.00261693
1.2 -1.2 0.00321019
1.2 -1.14 0.00388383
1.2 -1.08 0.00463421
1.2 -1.02 0.00545355
1.2 -0.96 0.00632956
1.2 -0.9 0.00724536
1.2 -0.84 0.00817957
1.2 -0.78 0.00910731
1.2 -0.72 0.0100009
1.2 -0.66 0.0108313
1.2 -0.6 0.0115694
1.2 -0.54 0.0121877
1.2 -0.48 0.0126628
1.2 -0.42 0.0129755
1.2 -0.36 0.0131132
1.2 -0.3 0.0130702
1.2 -0.24 0.0128483
1.2 -0.18 0.0124565
1.2 -0.12 0.0119107
1.2 -0.06 0.0112321
1.2 9.71445e-15 0.0104468
1.2 0.06 0.00958279
1.2 0.12 0.00866931
1.2 0.18 0.0077352
1.2 0.24 0.00680688
1.2 0.3 0.00590758
1.2 0.36 0.00505662
1.2 0.42 0.00426876
1.2 0.48 0.00355413
1.2 0.54 0.00291844
1.2 0.6 0.00236352
1.2 0.66 0.0018878
1.2 0.72 0.00148711
1.2 0.78 0.00115536
1.2 0.84 0.00088528
1.2 0.9 0.00066901
1.2 0.96 0.000498625
1.2 1.02 0.000366526
1.2 1.08 0.000265722
1.2 1.14 0.000189994
1.2 1.2 0.000133978
1.2 1.26 9.31805e-05
1.26 -2.22 1.13887e-05
1.26 -2.16 1.74335e-05
1.26 -2.1 2.63202e-05
1.26 -2.04 3.91905e-05
1.26 -1.98 5.75523e-05
1.26 -1.92 8.33551e-05
1.26 -1.86 0.000119067
1.26 -1.8 0.000167741
1.26 -1.74 0.000233065
1.26 -1.68 0.000319372
1.26 -1.62 0.000431637
1.26 -1.56 0.000575329
1.26 -1.5 0.000756337
1.26 -1.44 0.00098061
1.26 -1.38 0.0012539
1.26 -1.32 0.00158133
1.26 -1.26 0.00196686
1.26 -1.2 0.00241276
1.26 -1.14 0.00291904
1.26 -1.08 0.00348303
1.26 -1.02 0.00409884
1.26 -0.96 0.00475725
1.26 -0.9 0.00544551
1.26 -0.84 0.00614763
1.26 -0.78 0.00684492
1.26 -0.72 0.00751653
1.26 -0.66 0.00814065
1.26 -0.6 0.00869542
1.26 -0.54 0.00916022
1.26 -0.48 0.00951723
1.26 -0.42 0.0097523
1.26 -0.36 0.00985581
1.26 -0.3 0.0098234
1.26 -0.24 0.0096566
1.26 -0.18 0.00936216
1.26 -0.12 0.00895193
1.26 -0.06 0.00844198
1.26 9.71445e-15 0.0078517
1.26 0.06 0.00720232
1.26 0.12 0.00651577
1.26 0.18 0.00581372
1.26 0.24 0.00511596
1.26 0.3 0.00444004
1.26 0.36 0.00380047
1.26 0.42 0.00320833
1.26 0.48 0.00267124
1.26 0.54 0.00219348
1.26 0.6 0.00177639
1.26 0.66 0.00141885
1.26 0.72 0.00111769
1.26 0.78 0.00086836
1.26 0.84 0.000665369
1.26 0.9 0.000502822
1.26 0.96 0.000374763
1.26 1.02 0.000275478
1.26 1.08 0.000199714
1.26 1.14 0.000142797
1.26 1.2 0.000100697
1.32 -2.16 1.29227e-05
1.32 -2.1 1.95101e-05
1.32 -2.04 2.90502e-05
1.32 -1.98 4.26609e-05
1.32 -1.92 6.17874e-05
1.32 -1.86 8.82589e-05
1.32 -1.8 0.000124339
1.32 -1.74 0.000172761
1.32 -1.68 0.000236739
1.32 -1.62 0.000319954
1.32 -1.56 0.000426469
1.32 -1.5 0.000560642
1.32 -1.44 0.000726884
1.32 -1.38 0.000929465
1.32 -1.32 0.00117217
1.32 -1.26 0.00145795
1.32 -1.2 0.00178848
1.32 -1.14 0.00216377
1.32 -1.08 0.00258181
1.32 -1.02 0.00303831
1.32 -0.96 0.00352634
1.32 -0.9 0.00403652
1.32 -0.84 0.00455702
1.32 -0.78 0.00507389
1.32 -0.72 0.00557174
1.32 -0.66 0.00603433
1.32 -0.6 0.00644554
1.32 -0.54 0.0067901
1.32 -0.48 0.0070547
1.32 -0.42 0.00722899
1.32 -0.36 0.0073057
1.32 -0.3 0.00728166
1.32 -0.24 0.00715799
1.32 -0.18 0.00693973
1.32 -0.12 0.00663565
1.32 -0.06 0.0062577
1.32 9.71445e-15 0.00582017
1.32 0.06 0.00533875
1.32 0.12 0.0048299
1.32 0.18 0.00430945
1.32 0.24 0.00379223
1.32 0.3 0.00329124
1.32 0.36 0.00281715
1.32 0.42 0.00237821
1.32 0.48 0.00198007
1.32 0.54 0.00162594
1.32 0.6 0.00131677
1.32 0.66 0.00105174
1.32 0.72 0.000828501
1.32 0.78 0.000643681
1.32 0.84 0.000493211
1.32 0.9 0.000372721
1.32 0.96 0.000277795
1.32 1.02 0.000204201
1.32 1.08 0.00014804
1.32 1.14 0.000105849
1.38 -2.16 9.4474e-06
1.38 -2.1 1.42633e-05
1.38 -2.04 2.12377e-05
1.38 -1.98 3.1188e-05
1.38 -1.92 4.5171e-05
1.38 -1.86 6.45235e-05
1.38 -1.8 9.09001e-05
1.38 -1.74 0.0001263
1.38 -1.68 0.000173074
1.38 -1.62 0.000233907
1.38 -1.56 0.000311781
1.38 -1.5 0.000409867
1.38 -1.44 0.000531402
1.38 -1.38 0.000679505
1.38 -1.32 0.000856944
1.38 -1.26 0.00106586
1.38 -1.2 0.0013075
1.38 -1.14 0.00158187
1.38 -1.08 0.00188747
1.38 -1.02 0.00222122
1.38 -0.96 0.00257798
1.38 -0.9 0.00295098
1.38 -0.84 0.00333151
1.38 -0.78 0.00370939
1.38 -0.72 0.00407335
1.38 -0.66 0.00441154
1.38 -0.6 0.00471212
1.38 -0.54 0.00496401
1.38 -0.48 0.0051575
1.38 -0.42 0.00528488
1.38 -0.36 0.00534097
1.38 -0.3 0.00532341
1.38 -0.24 0.00523302
1.38 -0.18 0.00507344
1.38 -0.12 0.00485111
1.38 -0.06 0.00457483
1.38 9.71445e-15 0.00425496
1.38 0.06 0.00390298
1.38 0.12 0.003531
1.38 0.18 0.00315049
1.38 0.24 0.00277239
1.38 0.3 0.00240613
1.38 0.36 0.00205955
1.38 0.42 0.00173865
1.38 0.48 0.00144757
1.38 0.54 0.00118867
1.38 0.6 0.000962647
1.38 0.66 0.000768893
1.38 0.72 0.00060569
1.38 0.78 0.000470576
1.38 0.84 0.000360572
1.38 0.9 0.000272485
1.38 0.96 0.000203088
1.38 1.02 0.000149286
1.38 1.08 0.000108228
1.44 -2.1 1.02841e-05
1.44 -2.04 1.53129e-05
1.44 -1.98 2.24872e-05
1.44 -1.92 3.2569e-05
1.44 -1.86 4.65225e-05
1.44 -1.8 6.55406e-05
1.44 -1.74 9.10652e-05
1.44 -1.68 0.00012479
1.44 -1.62 0.000168651
1.44 -1.56 0.000224801
1.44 -1.5 0.000295521
1.44 -1.44 0.000383151
1.44 -1.38 0.000489938
1.44 -1.32 0.000617877
1.44 -1.26 0.000768512
1.44 -1.2 0.000942737
1.44 -1.14 0.00114055
1.44 -1.08 0.00136091
1.44 -1.02 0.00160155
1.44 -0.96 0.00185879
1.44 -0.9 0.0021277
1.44 -0.84 0.00240208
1.44 -0.78 0.00267454
1.44 -0.72 0.00293697
1.44 -0.66 0.0031808
1.44 -0.6 0.00339752
1.44 -0.54 0.00357918
1.44 -0.48 0.00371867
1.44 -0.42 0.00381052
1.44 -0.36 0.00385094
1.44 -0.3 0.0038383
1.44 -0.24 0.00377313
1.44 -0.18 0.00365808
1.44 -0.12 0.00349777
1.44 -0.06 0.00329856
1.44 9.71445e-15 0.0030679
1.44 0.06 0.00281414
1.44 0.12 0.00254593
1.44 0.18 0.00227158
1.44 0.24 0.00199894
1.44 0.3 0.00173487
1.44 0.36 0.00148498
1.44 0.42 0.0012536
1.44 0.48 0.00104373
1.44 0.54 0.00085705
1.44 0.6 0.000694094
1.44 0.66 0.000554387
1.44 0.72 0.000436718
1.44 0.78 0.000339293
1.44 0.84 0.00025998
1.44 0.9 0.000196468
1.44 0.96 0.000146432
1.44 1.02 0.000107638
1.5 -2.1 7.31311e-06
1.5 -2.04 1.08892e-05
1.5 -1.98 1.59909e-05
1.5 -1.92 2.31603e-05
1.5 -1.86 3.30828e-05
1.5 -1.8 4.66071e-05
1.5 -1.74 6.47576e-05
1.5 -1.68 8.87387e-05
1.5 -1.62 0.000119931
1.5 -1.56 0.000159858
1.5 -1.5 0.00021015
1.5 -1.44 0.000272463
1.5 -1.38 0.000348398
1.5 -1.32 0.000439376
1.5 -1.26 0.000546495
1.5 -1.2 0.000670388
1.5 -1.14 0.000811064
1.5 -1.08 0.000967762
1.5 -1.02 0.00113887
1.5 -0.96 0.00132181
1.5 -0.9 0.00151304
1.5 -0.84 0.00170814
1.5 -0.78 0.00190188
1.5 -0.72 0.00208849
1.5 -0.66 0.00226189
1.5 -0.6 0.00241603
1.5 -0.54 0.0025452
1.5 -0.48 0.00264436
1.5 -0.42 0.00270971
1.5 -0.36 0.00273845
1.5 -0.3 0.00272944
1.5 -0.24 0.0026831
1.5 -0.18 0.00260129
1.5 -0.12 0.00248731
1.5 -0.06 0.00234562
1.5 9.71445e-15 0.00218162
1.5 0.06 0.00200117
1.5 0.12 0.00181042
1.5 0.18 0.00161535
1.5 0.24 0.00142147
1.5 0.3 0.00123368
1.5 0.36 0.00105597
1.5 0.42 0.000891441
1.5 0.48 0.000742204
1.5 0.54 0.000609463
1.5 0.6 0.000493577
1.5 0.66 0.00039423
1.5 0.72 0.000310554
1.5 0.78 0.000241276
1.5 0.84 0.000184873
1.5 0.9 0.00013971
1.5 0.96 0.000104129
1.56 -2.04 7.63698e-06
1.56 -1.98 1.1215e-05
1.56 -1.92 1.62431e-05
1.56 -1.86 2.32022e-05
1.56 -1.8 3.26871e-05
1.56 -1.74 4.54166e-05
1.56 -1.68 6.22357e-05
1.56 -1.62 8.41117e-05
1.56 -1.56 0.000112113
1.56 -1.5 0.000147384
1.56 -1.44 0.000191089
1.56 -1.38 0.000244347
1.56 -1.32 0.000308154
1.56 -1.26 0.000383281
1.56 -1.2 0.00047017
1.56 -1.14 0.000568824
1.56 -1.08 0.000678728
1.56 -1.02 0.000798732
1.56 -0.96 0.000927034
1.56 -0.9 0.00106115
1.56 -0.84 0.00119797
1.56 -0.78 0.00133386
1.56 -0.72 0.00146474
1.56 -0.66 0.00158635
1.56 -0.6 0.00169445
1.56 -0.54 0.00178502
1.56 -0.48 0.00185461
1.56 -0.42 0.00190039
1.56 -0.36 0.00192058
1.56 -0.3 0.00191428
1.56 -0.24 0.00188177
1.56 -0.18 0.00182438
1.56 -0.12 0.00174445
1.56 -0.06 0.00164508
1.56 9.71445e-15 0.00153004
1.56 0.06 0.00140349
1.56 0.12 0.00126972
1.56 0.18 0.0011329
1.56 0.24 0.000996932
1.56 0.3 0.000865223
1.56 0.36 0.000740593
1.56 0.42 0.000625204
1.56 0.48 0.00052054
1.56 0.54 0.000427437
1.56 0.6 0.00034616
1.56 0.66 0.00027649
1.56 0.72 0.000217801
1.56 0.78 0.000169215
1.56 0.84 0.00012966
1.56 0.9 9.79846e-05
1.62 -2.04 5.28243e-06
1.62 -1.98 7.75743e-06
1.62 -1.92 1.12354e-05
1.62 -1.86 1.6049e-05
1.62 -1.8 2.26097e-05
1.62 -1.74 3.14144e-05
1.62 -1.68 4.3048e-05
1.62 -1.62 5.81798e-05
1.62 -1.56 7.75485e-05
1.62 -1.5 0.000101945
1.62 -1.44 0.000132175
1.62 -1.38 0.000169013
1.62 -1.32 0.000213147
1.62 -1.26 0.000265111
1.62 -1.2 0.000325211
1.62 -1.14 0.000393455
1.62 -1.08 0.000469474
1.62 -1.02 0.000552478
1.62 -0.96 0.000641224
1.62 -0.9 0.000733999
1.62 -0.84 0.00082864
1.62 -0.78 0.000922625
1.62 -0.72 0.00101315
1.62 -0.66 0.00109728
1.62 -0.6 0.00117205
1.62 -0.54 0.00123469
1.62 -0.48 0.00128282
1.62 -0.42 0.0013145
1.62 -0.36 0.00132845
1.62 -0.3 0.00132409
1.62 -0.24 0.00130161
1.62 -0.18 0.00126192
1.62 -0.12 0.00120662
1.62 -0.06 0.00113788
1.62 9.71445e-15 0.00105832
1.62 0.06 0.000970795
1.62 0.12 0.000878253
1.62 0.18 0.000783623
1.62 0.24 0.000689578
1.62 0.3 0.000598473
1.62 0.36 0.000512266
1.62 0.42 0.000432451
1.62 0.48 0.000360055
1.62 0.54 0.000295656
1.62 0.6 0.000239439
1.62 0.66 0.000191246
1.62 0.72 0.000150653
1.62 0.78 0.000117045
1.62 0.84 8.96841e-05
1.68 -1.98 5.29197e-06
1.68 -1.92 7.66456e-06
1.68 -1.86 1.09483e-05
1.68 -1.8 1.54239e-05
1.68 -1.74 2.14307e-05
1.68 -1.68 2.93671e-05
1.68 -1.62 3.96892e-05
1.68 -1.56 5.2903e-05
1.68 -1.5 6.95461e-05
1.68 -1.44 9.01676e-05
1.68 -1.38 0.000115298
1.68 -1.32 0.000145406
1.68 -1.26 0.000180856
1.68 -1.2 0.000221856
1.68 -1.14 0.00026841
1.68 -1.08 0.000320268
1.68 -1.02 0.000376894
1.68 -0.96 0.000437436
1.68 -0.9 0.00050072
1.68 -0.84 0.000565284
1.68 -0.78 0.000629404
1.68 -0.72 0.000691162
1.68 -0.66 0.000748541
1.68 -0.6 0.000799549
1.68 -0.54 0.000842299
1.68 -0.48 0.000875117
1.68 -0.42 0.000896741
1.68 -0.36 0.000906247
1.68 -0.3 0.000903276
1.68 -0.24 0.000887939
1.68 -0.18 0.000860864
1.68 -0.12 0.000823142
1.68 -0.06 0.000776257
1.68 9.71445e-15 0.000721973
1.68 0.06 0.000662259
1.68 0.12 0.000599137
1.68 0.18 0.000534579
1.68 0.24 0.000470415
1.68 0.3 0.000408269
1.68 0.36 0.000349462
1.68 0.42 0.000295012
1.68 0.48 0.000245622
1.68 0.54 0.000201693
1.68 0.6 0.000163343
1.68 0.66 0.000130465
1.68 0.72 0.000102774
1.68 0.78 7.98466e-05
1.74 -1.92 5.15681e-06
1.74 -1.86 7.36615e-06
1.74 -1.8 1.03774e-05
1.74 -1.74 1.44187e-05
1.74 -1.68 1.97585e-05
1.74 -1.62 2.67034e-05
1.74 -1.56 3.55937e-05
1.74 -1.5 4.67908e-05
1.74 -1.44 6.06663e-05
1.74 -1.38 7.75746e-05
1.74 -1.32 9.78318e-05
1.74 -1.26 0.000121683
1.74 -1.2 0.000149267
1.74 -1.14 0.000180588
1.74 -1.08 0.000215481
1.74 -1.02 0.000253578
1.74 -0.96 0.000294312
1.74 -0.9 0.00033689
1.74 -0.84 0.000380331
1.74 -0.78 0.000423471
1.74 -0.72 0.000465023
1.74 -0.66 0.000503632
1.74 -0.6 0.000537946
1.74 -0.54 0.000566702
1.74 -0.48 0.000588796
1.74 -0.42 0.000603332
1.74 -0.36 0.000609736
1.74 -0.3 0.00060774
1.74 -0.24 0.00059742
1.74 -0.18 0.000579202
1.74 -0.12 0.000553822
1.74 -0.06 0.000522274
1.74 9.71445e-15 0.000485752
1.74 0.06 0.000445577
1.74 0.12 0.000403105
1.74 0.18 0.00035967
1.74 0.24 0.000316503
1.74 0.3 0.00027469
1.74 0.36 0.000235123
1.74 0.42 0.000198489
1.74 0.48 0.000165259
1.74 0.54 0.0001357
1.74 0.6 0.000109898
1.74 0.66 8.77788e-05
1.74 0.72 6.91473e-05
1.8 -1.92 3.42185e-06
1.8 -1.86 4.88789e-06
1.8 -1.8 6.88604e-06
1.8 -1.74 9.56773e-06
1.8 -1.68 1.3111e-05
1.8 -1.62 1.77194e-05
1.8 -1.56 2.36185e-05
1.8 -1.5 3.10488e-05
1.8 -1.44 4.02559e-05
1.8 -1.38 5.14755e-05
1.8 -1.32 6.49173e-05
1.8 -1.26 8.0744e-05
1.8 -1.2 9.90487e-05
1.8 -1.14 0.000119832
1.8 -1.08 0.000142985
1.8 -1.02 0.000168266
1.8 -0.96 0.000195294
1.8 -0.9 0.000223547
1.8 -0.84 0.000252373
1.8 -0.78 0.000280999
1.8 -0.72 0.00030857
1.8 -0.66 0.000334189
1.8 -0.6 0.000356962
1.8 -0.54 0.000376044
1.8 -0.48 0.000390702
1.8 -0.42 0.000400349
1.8 -0.36 0.0004046
1.8 -0.3 0.000403272
1.8 -0.24 0.000396423
1.8 -0.18 0.000384334
1.8 -0.12 0.000367495
1.8 -0.06 0.000346563
1.8 9.71445e-15 0.000322328
1.8 0.06 0.000295667
1.8 0.12 0.000267487
1.8 0.18 0.000238663
1.8 0.24 0.000210019
1.8 0.3 0.000182273
1.8 0.36 0.000156018
1.8 0.42 0.000131709
1.8 0.48 0.00010966
1.8 0.54 9.00462e-05
1.8 0.6 7.29244e-05
1.8 0.66 5.82468e-05
1.86 -1.86 3.19883e-06
1.86 -1.8 4.50647e-06
1.86 -1.74 6.26151e-06
1.86 -1.68 8.5804e-06
1.86 -1.62 1.15962e-05
1.86 -1.56 1.5457e-05
1.86 -1.5 2.03196e-05
1.86 -1.44 2.6345e-05
1.86 -1.38 3.36875e-05
1.86 -1.32 4.24844e-05
1.86 -1.26 5.28419e-05
1.86 -1.2 6.48214e-05
1.86 -1.14 7.84232e-05
1.86 -1.08 9.35747e-05
1.86 -1.02 0.00011012
1.86 -0.96 0.000127808
1.86 -0.9 0.000146299
1.86 -0.84 0.000165164
1.86 -0.78 0.000183898
1.86 -0.72 0.000201942
1.86 -0.66 0.000218708
1.86 -0.6 0.000233609
1.86 -0.54 0.000246099
1.86 -0.48 0.000255691
1.86 -0.42 0.000262006
1.86 -0.36 0.000264786
1.86 -0.3 0.000263917
1.86 -0.24 0.000259436
1.86 -0.18 0.000251525
1.86 -0.12 0.000240502
1.86 -0.06 0.000226804
1.86 9.71445e-15 0.000210945
1.86 0.06 0.000193496
1.86 0.12 0.000175055
1.86 0.18 0.000156191
1.86 0.24 0.000137445
1.86 0.3 0.000119288
1.86 0.36 0.000102105
1.86 0.42 8.61963e-05
1.86 0.48 7.17656e-05
1.86 0.54 5.89297e-05
1.92 -1.8 2.90871e-06
1.92 -1.74 4.04146e-06
1.92 -1.68 5.53819e-06
1.92 -1.62 7.48472e-06
1.92 -1.56 9.9767e-06
1.92 -1.5 1.31152e-05
1.92 -1.44 1.70042e-05
1.92 -1.38 2.17436e-05
1.92 -1.32 2.74215e-05
1.92 -1.26 3.41067e-05
1.92 -1.2 4.18385e-05
1.92 -1.14 5.06177e-05
1.92 -1.08 6.03978e-05
1.92 -1.02 7.10764e-05
1.92 -0.96 8.24933e-05
1.92 -0.9 9.44281e-05
1.92 -0.84 0.000106604
1.92 -0.78 0.000118696
1.92 -0.72 0.000130343
1.92 -0.66 0.000141164
1.92 -0.6 0.000150782
1.92 -0.54 0.000158844
1.92 -0.48 0.000165035
1.92 -0.42 0.000169111
1.92 -0.36 0.000170904
1.92 -0.3 0.000170345
1.92 -0.24 0.000167453
1.92 -0.18 0.000162346
1.92 -0.12 0.000155232
1.92 -0.06 0.000146389
1.92 9.71445e-15 0.000136153
1.92 0.06 0.000124892
1.92 0.12 0.000112988
1.92 0.18 0.000100813
1.92 0.24 8.87132e-05
1.92 0.3 7.69936e-05
1.92 0.36 6.59034e-05
1.92 0.42 5.56351e-05
1.98 -1.74 2.57269e-06
1.98 -1.68 3.52545e-06
1.98 -1.62 4.76462e-06
1.98 -1.56 6.35089e-06
1.98 -1.5 8.34883e-06
1.98 -1.44 1.08244e-05
1.98 -1.38 1.38413e-05
1.98 -1.32 1.74558e-05
1.98 -1.26 2.17113e-05
1.98 -1.2 2.66331e-05
1.98 -1.14 3.22221e-05
1.98 -1.08 3.84477e-05
1.98 -1.02 4.52452e-05
1.98 -0.96 5.25131e-05
1.98 -0.9 6.01109e-05
1.98 -0.84 6.78614e-05
1.98 -0.78 7.55585e-05
1.98 -0.72 8.29724e-05
1.98 -0.66 8.98612e-05
1.98 -0.6 9.59844e-05
1.98 -0.54 0.000101116
1.98 -0.48 0.000105056
1.98 -0.42 0.000107652
1.98 -0.36 0.000108793
1.98 -0.3 0.000108437
1.98 -0.24 0.000106596
1.98 -0.18 0.000103346
1.98 -0.12 9.88168e-05
1.98 -0.06 9.3187e-05
1.98 9.71445e-15 8.66716e-05
1.98 0.06 7.95034e-05
1.98 0.12 7.19248e-05
1.98 0.18 6.41749e-05
1.98 0.24 5.64729e-05
1.98 0.3 4.90119e-05
1.98 0.36 4.19522e-05
2.04 -1.68 2.21337e-06
2.04 -1.62 2.99134e-06
2.04 -1.56 3.98723e-06
2.04 -1.5 5.2416e-06
2.04 -1.44 6.79587e-06
2.04 -1.38 8.68994e-06
2.04 -1.32 1.09591e-05
2.04 -1.26 1.36309e-05
2.04 -1.2 1.67211e-05
2.04 -1.14 2.02299e-05
2.04 -1.08 2.41382e-05
2.04 -1.02 2.84063e-05
2.04 -0.96 3.29687e-05
2.04 -0.9 3.77391e-05
2.04 -0.84 4.26053e-05
2.04 -0.78 4.74378e-05
2.04 -0.72 5.20924e-05
2.04 -0.66 5.64174e-05
2.04 -0.6 6.02613e-05
2.04 -0.54 6.34828e-05
2.04 -0.48 6.59574e-05
2.04 -0.42 6.75862e-05
2.04 -0.36 6.83031e-05
2.04 -0.3 6.80791e-05
2.04 -0.24 6.69229e-05
2.04 -0.18 6.48822e-05
2.04 -0.12 6.2039e-05
2.04 -0.06 5.85052e-05
2.04 9.71445e-15 5.44149e-05
2.04 0.06 4.99139e-05
2.04 0.12 4.51565e-05
2.04 0.18 4.02902e-05
2.1 -1.62 1.85221e-06
2.1 -1.56 2.46888e-06
2.1 -1.5 3.24557e-06
2.1 -1.44 4.20795e-06
2.1 -1.38 5.38074e-06
2.1 -1.32 6.78583e-06
2.1 -1.26 8.44019e-06
2.1 -1.2 1.03536e-05
2.1 -1.14 1.25261e-05
2.1 -1.08 1.49463e-05
2.1 -1.02 1.75889e-05
2.1 -0.96 2.04142e-05
2.1 -0.9 2.33676e-05
2.1 -0.84 2.63808e-05
2.1 -0.78 2.93732e-05
2.1 -0.72 3.22553e-05
2.1 -0.66 3.49331e-05
2.1 -0.6 3.73132e-05
2.1 -0.54 3.93084e-05
2.1 -0.48 4.08402e-05
2.1 -0.42 4.18491e-05
2.1 -0.36 4.22929e-05
2.1 -0.3 4.21541e-05
2.1 -0.24 4.14385e-05
2.1 -0.18 4.01749e-05
2.1 -0.12 3.84144e-05
2.1 -0.06 3.62264e-05
2.1 9.71445e-15 3.36932e-05
2.1 0.06 3.09063e-05
2.16 -1.5 1.98202e-06
2.16 -1.44 2.56975e-06
2.16 -1.38 3.28595e-06
2.16 -1.32 4.144e-06
2.16 -1.26 5.1543e-06
2.16 -1.2 6.3228e-06
2.16 -1.14 7.64953e-06
2.16 -1.08 9.12743e-06
2.16 -1.02 1.07413e-05
2.16 -0.96 1.24666e-05
2.16 -0.9 1.42703e-05
2.16 -0.84 1.61103e-05
2.16 -0.78 1.79376e-05
2.16 -0.72 1.96976e-05
2.16 -0.66 2.13331e-05
2.16 -0.6 2.27869e-05
2.16 -0.54 2.40048e-05
2.16 -0.48 2.49406e-05
2.16 -0.42 2.55564e-05
2.16 -0.36 2.58278e-05
2.16 -0.3 2.57429e-05
2.16 -0.24 2.53056e-05
2.16 -0.18 2.4534e-05
2.16 -0.12 2.3459e-05
2.22 -1.26 3.10437e-06
2.22 -1.2 3.80809e-06
2.22 -1.14 4.60723e-06
2.22 -1.08 5.4974e-06
2.22 -1.02 6.4693e-06
2.22 -0.96 7.50853e-06
2.22 -0.9 8.59487e-06
2.22 -0.84 9.70305e-06
2.22 -0.78 1.08036e-05
2.22 -0.72 1.18637e-05
2.22 -0.66 1.28487e-05
2.22 -0.6 1.37242e-05
2.22 -0.54 1.44579e-05
2.22 -0.48 1.50214e-05
2.22 -0.42 1.53924e-05
2.22 -0.36 1.55556e-05
