3607 0.06 0.06 0.206272 -12 -12
-5.64 -2.64 3.03559e-06
-5.64 -2.58 3.64274e-06
-5.64 -2.52 4.31122e-06
-5.64 -2.46 5.0322e-06
-5.64 -2.4 5.79306e-06
-5.64 -2.34 6.57728e-06
-5.64 -2.28 7.36498e-06
-5.58 -2.94 1.63691e-06
-5.58 -2.88 2.10504e-06
-5.58 -2.82 2.66983e-06
-5.58 -2.76 3.33961e-06
-5.58 -2.7 4.12004e-06
-5.58 -2.64 5.01297e-06
-5.58 -2.58 6.01562e-06
-5.58 -2.52 7.11948e-06
-5.58 -2.46 8.31009e-06
-5.58 -2.4 9.56655e-06
-5.58 -2.34 1.08616e-05
-5.58 -2.28 1.21625e-05
-5.58 -2.22 1.34319e-05
-5.58 -2.16 1.46299e-05
-5.58 -2.1 1.57158e-05
-5.58 -2.04 1.66502e-05
-5.58 -1.98 1.73978e-05
-5.58 -1.92 1.79288e-05
-5.52 -3 2.04462e-06
-5.52 -2.94 2.666e-06
-5.52 -2.88 3.42846e-06
-5.52 -2.82 4.34836e-06
-5.52 -2.76 5.43925e-06
-5.52 -2.7 6.7103e-06
-5.52 -2.64 8.16464e-06
-5.52 -2.58 9.79757e-06
-5.52 -2.52 1.15953e-05
-5.52 -2.46 1.35347e-05
-5.52 -2.4 1.5581e-05
-5.52 -2.34 1.76903e-05
-5.52 -2.28 1.98089e-05
-5.52 -2.22 2.18765e-05
-5.52 -2.16 2.38278e-05
-5.52 -2.1 2.55962e-05
-5.52 -2.04 2.71182e-05
-5.52 -1.98 2.83355e-05
-5.52 -1.92 2.92005e-05
-5.52 -1.86 2.96783e-05
-5.52 -1.8 2.97494e-05
-5.52 -1.74 2.94107e-05
-5.52 -1.68 2.86764e-05
-5.46 -3.06 2.48416e-06
-5.46 -3 3.28428e-06
-5.46 -2.94 4.28239e-06
-5.46 -2.88 5.50712e-06
-5.46 -2.82 6.9848e-06
-5.46 -2.76 8.73713e-06
-5.46 -2.7 1.07788e-05
-5.46 -2.64 1.31149e-05
-5.46 -2.58 1.57378e-05
-5.46 -2.52 1.86258e-05
-5.46 -2.46 2.17409e-05
-5.46 -2.4 2.5028e-05
-5.46 -2.34 2.84159e-05
-5.46 -2.28 3.18192e-05
-5.46 -2.22 3.51403e-05
-5.46 -2.16 3.82748e-05
-5.46 -2.1 4.11152e-05
-5.46 -2.04 4.356e-05
-5.46 -1.98 4.55154e-05
-5.46 -1.92 4.6905e-05
-5.46 -1.86 4.76723e-05
-5.46 -1.8 4.77868e-05
-5.46 -1.74 4.72428e-05
-5.46 -1.68 4.60632e-05
-5.46 -1.62 4.42956e-05
-5.46 -1.56 4.20099e-05
-5.4 -3.12 2.93582e-06
-5.4 -3.06 3.93551e-06
-5.4 -3 5.20301e-06
-5.4 -2.94 6.78432e-06
-5.4 -2.88 8.72455e-06
-5.4 -2.82 1.10654e-05
-5.4 -2.76 1.38415e-05
-5.4 -2.7 1.70759e-05
-5.4 -2.64 2.07769e-05
-5.4 -2.58 2.49324e-05
-5.4 -2.52 2.95075e-05
-5.4 -2.46 3.44423e-05
-5.4 -2.4 3.965e-05
-5.4 -2.34 4.50175e-05
-5.4 -2.28 5.04086e-05
-5.4 -2.22 5.56698e-05
-5.4 -2.16 6.06354e-05
-5.4 -2.1 6.51355e-05
-5.4 -2.04 6.90091e-05
-5.4 -1.98 7.21071e-05
-5.4 -1.92 7.43075e-05
-5.4 -1.86 7.55242e-05
-5.4 -1.8 7.57047e-05
-5.4 -1.74 7.4843e-05
-5.4 -1.68 7.29747e-05
-5.4 -1.62 7.01745e-05
-5.4 -1.56 6.65534e-05
-5.4 -1.5 6.22525e-05
-5.4 -1.44 5.74283e-05
-5.34 -3.12 4.5871e-06
-5.34 -3.06 6.14899e-06
-5.34 -3 8.12955e-06
-5.34 -2.94 1.06001e-05
-5.34 -2.88 1.36317e-05
-5.34 -2.82 1.72893e-05
-5.34 -2.76 2.16267e-05
-5.34 -2.7 2.66806e-05
-5.34 -2.64 3.2463e-05
-5.34 -2.58 3.89554e-05
-5.34 -2.52 4.6104e-05
-5.34 -2.46 5.38144e-05
-5.34 -2.4 6.19509e-05
-5.34 -2.34 7.03369e-05
-5.34 -2.28 7.87611e-05
-5.34 -2.22 8.69823e-05
-5.34 -2.16 9.47406e-05
-5.34 -2.1 0.000101772
-5.34 -2.04 0.000107823
-5.34 -1.98 0.000112663
-5.34 -1.92 0.000116103
-5.34 -1.86 0.000118002
-5.34 -1.8 0.000118286
-5.34 -1.74 0.000116939
-5.34 -1.68 0.000114019
-5.34 -1.62 0.000109643
-5.34 -1.56 0.000103987
-5.34 -1.5 9.72665e-05
-5.34 -1.44 8.97299e-05
-5.34 -1.38 8.16381e-05
-5.34 -1.32 7.32567e-05
-5.28 -3.18 5.20053e-06
-5.28 -3.12 7.06856e-06
-5.28 -3.06 9.47553e-06
-5.28 -3 1.25274e-05
-5.28 -2.94 1.63346e-05
-5.28 -2.88 2.10062e-05
-5.28 -2.82 2.66423e-05
-5.28 -2.76 3.3326e-05
-5.28 -2.7 4.11141e-05
-5.28 -2.64 5.00242e-05
-5.28 -2.58 6.00297e-05
-5.28 -2.52 7.10451e-05
-5.28 -2.46 8.29268e-05
-5.28 -2.4 9.54643e-05
-5.28 -2.34 0.000108388
-5.28 -2.28 0.00012137
-5.28 -2.22 0.000134037
-5.28 -2.16 0.000145991
-5.28 -2.1 0.000156828
-5.28 -2.04 0.000166152
-5.28 -1.98 0.000173612
-5.28 -1.92 0.000178912
-5.28 -1.86 0.00018184
-5.28 -1.8 0.000182276
-5.28 -1.74 0.0001802
-5.28 -1.68 0.0001757
-5.28 -1.62 0.000168957
-5.28 -1.56 0.000160241
-5.28 -1.5 0.000149883
-5.28 -1.44 0.000138271
-5.28 -1.38 0.000125804
-5.28 -1.32 0.000112886
-5.28 -1.26 9.9904e-05
-5.28 -1.2 8.71991e-05
-5.22 -3.24 5.73511e-06
-5.22 -3.18 7.90381e-06
-5.22 -3.12 1.07427e-05
-5.22 -3.06 1.44007e-05
-5.22 -3 1.90389e-05
-5.22 -2.94 2.48252e-05
-5.22 -2.88 3.19247e-05
-5.22 -2.82 4.04903e-05
-5.22 -2.76 5.06488e-05
-5.22 -2.7 6.24843e-05
-5.22 -2.64 7.60266e-05
-5.22 -2.58 9.12319e-05
-5.22 -2.52 0.000107974
-5.22 -2.46 0.000126031
-5.22 -2.4 0.000145088
-5.22 -2.34 0.000164728
-5.22 -2.28 0.000184456
-5.22 -2.22 0.000203707
-5.22 -2.16 0.000221877
-5.22 -2.1 0.000238344
-5.22 -2.04 0.000252517
-5.22 -1.98 0.000263852
-5.22 -1.92 0.000271908
-5.22 -1.86 0.00027636
-5.22 -1.8 0.000277019
-5.22 -1.74 0.000273867
-5.22 -1.68 0.000267027
-5.22 -1.62 0.000256782
-5.22 -1.56 0.000243534
-5.22 -1.5 0.000227794
-5.22 -1.44 0.000210141
-5.22 -1.38 0.000191196
-5.22 -1.32 0.000171565
-5.22 -1.26 0.000151834
-5.22 -1.2 0.000132524
-5.22 -1.14 0.000114081
-5.22 -1.08 9.68543e-05
-5.16 -3.24 8.59644e-06
-5.16 -3.18 1.1847e-05
-5.16 -3.12 1.61023e-05
-5.16 -3.06 2.15854e-05
-5.16 -3 2.85377e-05
-5.16 -2.94 3.72106e-05
-5.16 -2.88 4.78521e-05
-5.16 -2.82 6.06916e-05
-5.16 -2.76 7.59175e-05
-5.16 -2.7 9.36585e-05
-5.16 -2.64 0.000113956
-5.16 -2.58 0.000136748
-5.16 -2.52 0.000161843
-5.16 -2.46 0.000188907
-5.16 -2.4 0.000217471
-5.16 -2.34 0.000246909
-5.16 -2.28 0.000276479
-5.16 -2.22 0.000305339
-5.16 -2.16 0.000332573
-5.16 -2.1 0.000357256
-5.16 -2.04 0.000378496
-5.16 -1.98 0.000395492
-5.16 -1.92 0.000407565
-5.16 -1.86 0.000414234
-5.16 -1.8 0.000415225
-5.16 -1.74 0.000410501
-5.16 -1.68 0.000400251
-5.16 -1.62 0.00038489
-5.16 -1.56 0.000365033
-5.16 -1.5 0.000341442
-5.16 -1.44 0.000314984
-5.16 -1.38 0.000286581
-5.16 -1.32 0.000257157
-5.16 -1.26 0.000227582
-5.16 -1.2 0.000198639
-5.16 -1.14 0.000170997
-5.16 -1.08 0.000145177
-5.16 -1.02 0.00012156
-5.1 -3.3 9.09447e-06
-5.1 -3.24 1.2708e-05
-5.1 -3.18 1.75135e-05
-5.1 -3.12 2.3804e-05
-5.1 -3.06 3.19094e-05
-5.1 -3 4.21871e-05
-5.1 -2.94 5.50082e-05
-5.1 -2.88 7.07392e-05
-5.1 -2.82 8.97199e-05
-5.1 -2.76 0.000112229
-5.1 -2.7 0.000138455
-5.1 -2.64 0.000168462
-5.1 -2.58 0.000202153
-5.1 -2.52 0.000239253
-5.1 -2.46 0.000279264
-5.1 -2.4 0.000321489
-5.1 -2.34 0.000365007
-5.1 -2.28 0.000408722
-5.1 -2.22 0.00045138
-5.1 -2.16 0.000491643
-5.1 -2.1 0.000528132
-5.1 -2.04 0.000559531
-5.1 -1.98 0.00058465
-5.1 -1.92 0.000602502
-5.1 -1.86 0.000612363
-5.1 -1.8 0.000613829
-5.1 -1.74 0.000606843
-5.1 -1.68 0.000591685
-5.1 -1.62 0.000568984
-5.1 -1.56 0.000539628
-5.1 -1.5 0.000504753
-5.1 -1.44 0.000465638
-5.1 -1.38 0.000423654
-5.1 -1.32 0.000380159
-5.1 -1.26 0.000336437
-5.1 -1.2 0.000293652
-5.1 -1.14 0.000252785
-5.1 -1.08 0.000214613
-5.1 -1.02 0.000179703
-5.1 -0.96 0.000148401
-5.1 -0.9 0.000120868
-5.04 -3.36 9.35865e-06
-5.04 -3.3 1.32595e-05
-5.04 -3.24 1.85281e-05
-5.04 -3.18 2.55342e-05
-5.04 -3.12 3.47057e-05
-5.04 -3.06 4.65236e-05
-5.04 -3 6.15081e-05
-5.04 -2.94 8.02012e-05
-5.04 -2.88 0.000103137
-5.04 -2.82 0.00013081
-5.04 -2.76 0.000163627
-5.04 -2.7 0.000201865
-5.04 -2.64 0.000245611
-5.04 -2.58 0.000294738
-5.04 -2.52 0.000348825
-5.04 -2.46 0.000407158
-5.04 -2.4 0.000468722
-5.04 -2.34 0.000532172
-5.04 -2.28 0.000595907
-5.04 -2.22 0.000658106
-5.04 -2.16 0.0007168
-5.04 -2.1 0.000770006
-5.04 -2.04 0.000815779
-5.04 -1.98 0.000852414
-5.04 -1.92 0.000878438
-5.04 -1.86 0.000892815
-5.04 -1.8 0.000894949
-5.04 -1.74 0.000884767
-5.04 -1.68 0.000862672
-5.04 -1.62 0.00082956
-5.04 -1.56 0.000786768
-5.04 -1.5 0.000735914
-5.04 -1.44 0.000678894
-5.04 -1.38 0.00061768
-5.04 -1.32 0.000554262
-5.04 -1.26 0.000490516
-5.04 -1.2 0.000428136
-5.04 -1.14 0.000368555
-5.04 -1.08 0.000312903
-5.04 -1.02 0.000262001
-5.04 -0.96 0.000216367
-5.04 -0.9 0.000176222
-5.04 -0.84 0.000141555
-4.98 -3.36 1.34572e-05
-4.98 -3.3 1.90663e-05
-4.98 -3.24 2.66423e-05
-4.98 -3.18 3.67163e-05
-4.98 -3.12 4.99047e-05
-4.98 -3.06 6.68983e-05
-4.98 -3 8.84444e-05
-4.98 -2.94 0.000115324
-4.98 -2.88 0.000148305
-4.98 -2.82 0.000188097
-4.98 -2.76 0.000235285
-4.98 -2.7 0.000290268
-4.98 -2.64 0.000353177
-4.98 -2.58 0.000423816
-4.98 -2.52 0.000501587
-4.98 -2.46 0.000585467
-4.98 -2.4 0.000673991
-4.98 -2.34 0.000765229
-4.98 -2.28 0.000856875
-4.98 -2.22 0.000946311
-4.98 -2.16 0.00103071
-4.98 -2.1 0.00110722
-4.98 -2.04 0.00117305
-4.98 -1.98 0.00122572
-4.98 -1.92 0.00126313
-4.98 -1.86 0.00128381
-4.98 -1.8 0.00128688
-4.98 -1.74 0.00127223
-4.98 -1.68 0.00124047
-4.98 -1.62 0.00119286
-4.98 -1.56 0.00113132
-4.98 -1.5 0.0010582
-4.98 -1.44 0.000976202
-4.98 -1.38 0.000888185
-4.98 -1.32 0.000796987
-4.98 -1.26 0.000705332
-4.98 -1.2 0.000615629
-4.98 -1.14 0.000529956
-4.98 -1.08 0.000449935
-4.98 -1.02 0.000376742
-4.98 -0.96 0.000311121
-4.98 -0.9 0.000253396
-4.98 -0.84 0.000203549
-4.98 -0.78 0.000161257
-4.92 -3.42 1.32848e-05
-4.92 -3.36 1.90846e-05
-4.92 -3.3 2.70393e-05
-4.92 -3.24 3.77832e-05
-4.92 -3.18 5.207e-05
-4.92 -3.12 7.0774e-05
-4.92 -3.06 9.48731e-05
-4.92 -3 0.00012543
-4.92 -2.94 0.000163549
-4.92 -2.88 0.000210323
-4.92 -2.82 0.000266755
-4.92 -2.76 0.000333677
-4.92 -2.7 0.000411651
-4.92 -2.64 0.00050087
-4.92 -2.58 0.000601044
-4.92 -2.52 0.000711329
-4.92 -2.46 0.000830301
-4.92 -2.4 0.000955832
-4.92 -2.34 0.00108523
-4.92 -2.28 0.0012152
-4.92 -2.22 0.00134204
-4.92 -2.16 0.00146174
-4.92 -2.1 0.00157023
-4.92 -2.04 0.0016636
-4.92 -1.98 0.00173828
-4.92 -1.92 0.00179134
-4.92 -1.86 0.00182065
-4.92 -1.8 0.00182502
-4.92 -1.74 0.00180424
-4.92 -1.68 0.00175919
-4.92 -1.62 0.00169168
-4.92 -1.56 0.00160439
-4.92 -1.5 0.00150071
-4.92 -1.44 0.00138443
-4.92 -1.38 0.00125959
-4.92 -1.32 0.00113027
-4.92 -1.26 0.00100029
-4.92 -1.2 0.000873077
-4.92 -1.14 0.000751567
-4.92 -1.08 0.000638081
-4.92 -1.02 0.000534283
-4.92 -0.96 0.000441222
-4.92 -0.9 0.000359363
-4.92 -0.84 0.000288667
-4.92 -0.78 0.000228689
-4.92 -0.72 0.000178685
-4.86 -3.42 1.85813e-05
-4.86 -3.36 2.66933e-05
-4.86 -3.3 3.78193e-05
-4.86 -3.24 5.28467e-05
-4.86 -3.18 7.28299e-05
-4.86 -3.12 9.89902e-05
-4.86 -3.06 0.000132696
-4.86 -3 0.000175436
-4.86 -2.94 0.000228752
-4.86 -2.88 0.000294173
-4.86 -2.82 0.000373105
-4.86 -2.76 0.000466709
-4.86 -2.7 0.000575769
-4.86 -2.64 0.000700555
-4.86 -2.58 0.00084066
-4.86 -2.52 0.000994928
-4.86 -2.46 0.00116132
-4.86 -2.4 0.00133691
-4.86 -2.34 0.00151788
-4.86 -2.28 0.00169967
-4.86 -2.22 0.00187709
-4.86 -2.16 0.00204451
-4.86 -2.1 0.00219624
-4.86 -2.04 0.00232683
-4.86 -1.98 0.00243129
-4.86 -1.92 0.00250552
-4.86 -1.86 0.0025465
-4.86 -1.8 0.00255261
-4.86 -1.74 0.00252357
-4.86 -1.68 0.00246055
-4.86 -1.62 0.00236613
-4.86 -1.56 0.00224404
-4.86 -1.5 0.00209903
-4.86 -1.44 0.00193638
-4.86 -1.38 0.00176176
-4.86 -1.32 0.00158089
-4.86 -1.26 0.00139907
-4.86 -1.2 0.00122115
-4.86 -1.14 0.00105121
-4.86 -1.08 0.000892478
-4.86 -1.02 0.000747298
-4.86 -0.96 0.000617131
-4.86 -0.9 0.000502633
-4.86 -0.84 0.00040375
-4.86 -0.78 0.000319865
-4.86 -0.72 0.000249921
-4.86 -0.66 0.000192592
-4.8 -3.48 1.75973e-05
-4.8 -3.42 2.56321e-05
-4.8 -3.36 3.68222e-05
-4.8 -3.3 5.217e-05
-4.8 -3.24 7.28998e-05
-4.8 -3.18 0.000100465
-4.8 -3.12 0.000136552
-4.8 -3.06 0.00018305
-4.8 -3 0.000242005
-4.8 -2.94 0.000315555
-4.8 -2.88 0.000405801
-4.8 -2.82 0.00051468
-4.8 -2.76 0.000643798
-4.8 -2.7 0.000794245
-4.8 -2.64 0.000966382
-4.8 -2.58 0.00115966
-4.8 -2.52 0.00137246
-4.8 -2.46 0.00160199
-4.8 -2.4 0.0018442
-4.8 -2.34 0.00209386
-4.8 -2.28 0.00234462
-4.8 -2.22 0.00258935
-4.8 -2.16 0.0028203
-4.8 -2.1 0.00302962
-4.8 -2.04 0.00320977
-4.8 -1.98 0.00335387
-4.8 -1.92 0.00345624
-4.8 -1.86 0.00351281
-4.8 -1.8 0.00352121
-4.8 -1.74 0.00348112
-4.8 -1.68 0.00339422
-4.8 -1.62 0.00326396
-4.8 -1.56 0.00309556
-4.8 -1.5 0.00289549
-4.8 -1.44 0.00267114
-4.8 -1.38 0.00243029
-4.8 -1.32 0.00218074
-4.8 -1.26 0.00192996
-4.8 -1.2 0.00168452
-4.8 -1.14 0.00145008
-4.8 -1.08 0.00123113
-4.8 -1.02 0.00103085
-4.8 -0.96 0.000851298
-4.8 -0.9 0.000693357
-4.8 -0.84 0.000556959
-4.8 -0.78 0.000441237
-4.8 -0.72 0.000344759
-4.8 -0.66 0.00026567
-4.8 -0.6 0.000201913
-4.74 -3.48 2.39412e-05
-4.74 -3.42 3.48724e-05
-4.74 -3.36 5.00962e-05
-4.74 -3.3 7.0977e-05
-4.74 -3.24 9.91798e-05
-4.74 -3.18 0.000136683
-4.74 -3.12 0.000185778
-4.74 -3.06 0.000249037
-4.74 -3 0.000329249
-4.74 -2.94 0.000429311
-4.74 -2.88 0.000552085
-4.74 -2.82 0.000700218
-4.74 -2.76 0.000875883
-4.74 -2.7 0.00108057
-4.74 -2.64 0.00131475
-4.74 -2.58 0.00157771
-4.74 -2.52 0.00186724
-4.74 -2.46 0.00217949
-4.74 -2.4 0.00250903
-4.74 -2.34 0.00284866
-4.74 -2.28 0.00318985
-4.74 -2.22 0.0035228
-4.74 -2.16 0.00383699
-4.74 -2.1 0.00412179
-4.74 -2.04 0.0043668
-4.74 -1.98 0.00456291
-4.74 -1.92 0.00470222
-4.74 -1.86 0.00477916
-4.74 -1.8 0.0047906
-4.74 -1.74 0.00473609
-4.74 -1.68 0.00461782
-4.74 -1.62 0.00444058
-4.74 -1.56 0.00421151
-4.74 -1.5 0.0039393
-4.74 -1.44 0.00363408
-4.74 -1.38 0.00330639
-4.74 -1.32 0.00296692
-4.74 -1.26 0.00262569
-4.74 -1.2 0.00229178
-4.74 -1.14 0.00197285
-4.74 -1.08 0.00167495
-4.74 -1.02 0.00140247
-4.74 -0.96 0.0011582
-4.74 -0.9 0.000943305
-4.74 -0.84 0.000757733
-4.74 -0.78 0.000600305
-4.74 -0.72 0.00046904
-4.74 -0.66 0.000361445
-4.74 -0.6 0.000274702
-4.74 -0.54 0.000205905
-4.68 -3.54 2.17512e-05
-4.68 -3.48 3.21241e-05
-4.68 -3.42 4.67911e-05
-4.68 -3.36 6.72179e-05
-4.68 -3.3 9.52363e-05
-4.68 -3.24 0.000133077
-4.68 -3.18 0.0001834
-4.68 -3.12 0.000249275
-4.68 -3.06 0.000334154
-4.68 -3 0.000441783
-4.68 -2.94 0.000576041
-4.68 -2.88 0.000740786
-4.68 -2.82 0.000939544
-4.68 -2.76 0.00117526
-4.68 -2.7 0.0014499
-4.68 -2.64 0.00176413
-4.68 -2.58 0.00211695
-4.68 -2.52 0.00250543
-4.68 -2.46 0.00292445
-4.68 -2.4 0.0033666
-4.68 -2.34 0.00382235
-4.68 -2.28 0.00428015
-4.68 -2.22 0.00472686
-4.68 -2.16 0.00514847
-4.68 -2.1 0.00553061
-4.68 -2.04 0.00585942
-4.68 -1.98 0.00612239
-4.68 -1.92 0.0063094
-4.68 -1.86 0.00641263
-4.68 -1.8 0.00642803
-4.68 -1.74 0.00635483
-4.68 -1.68 0.00619607
-4.68 -1.62 0.00595832
-4.68 -1.56 0.00565093
-4.68 -1.5 0.00528572
-4.68 -1.44 0.00487616
-4.68 -1.38 0.0044365
-4.68 -1.32 0.003981
-4.68 -1.26 0.00352315
-4.68 -1.2 0.00307512
-4.68 -1.14 0.00264715
-4.68 -1.08 0.00224741
-4.68 -1.02 0.00188183
-4.68 -0.96 0.00155405
-4.68 -0.9 0.00126573
-4.68 -0.84 0.00101672
-4.68 -0.78 0.000805478
-4.68 -0.72 0.000629355
-4.68 -0.66 0.000484983
-4.68 -0.6 0.000368588
-4.68 -0.54 0.00027628
-4.68 -0.48 0.000204244
-4.62 -3.54 2.87843e-05
-4.62 -3.48 4.25111e-05
-4.62 -3.42 6.19209e-05
-4.62 -3.36 8.89539e-05
-4.62 -3.3 0.000126031
-4.62 -3.24 0.000176109
-4.62 -3.18 0.000242699
-4.62 -3.12 0.000329879
-4.62 -3.06 0.000442206
-4.62 -3 0.00058463
-4.62 -2.94 0.000762306
-4.62 -2.88 0.000980321
-4.62 -2.82 0.00124335
-4.62 -2.76 0.00155528
-4.62 -2.7 0.00191872
-4.62 -2.64 0.00233456
-4.62 -2.58 0.00280148
-4.62 -2.52 0.00331552
-4.62 -2.46 0.00387005
-4.62 -2.4 0.00445516
-4.62 -2.34 0.00505829
-4.62 -2.28 0.00566407
-4.62 -2.22 0.00625528
-4.62 -2.16 0.00681322
-4.62 -2.1 0.00731887
-4.62 -2.04 0.00775408
-4.62 -1.98 0.00810215
-4.62 -1.92 0.00834948
-4.62 -1.86 0.00848611
-4.62 -1.8 0.00850644
-4.62 -1.74 0.00840958
-4.62 -1.68 0.00819963
-4.62 -1.62 0.00788498
-4.62 -1.56 0.00747813
-4.62 -1.5 0.00699483
-4.62 -1.44 0.00645287
-4.62 -1.38 0.005871
-4.62 -1.32 0.0052682
-4.62 -1.26 0.00466236
-4.62 -1.2 0.00406943
-4.62 -1.14 0.00350307
-4.62 -1.08 0.00297411
-4.62 -1.02 0.00249031
-4.62 -0.96 0.00205654
-4.62 -0.9 0.001675
-4.62 -0.84 0.00134549
-4.62 -0.78 0.00106593
-4.62 -0.72 0.000832857
-4.62 -0.66 0.0006418
-4.62 -0.6 0.000487773
-4.62 -0.54 0.000365618
-4.62 -0.48 0.000270285
-4.56 -3.54 3.75684e-05
-4.56 -3.48 5.54838e-05
-4.56 -3.42 8.08168e-05
-4.56 -3.36 0.000116098
-4.56 -3.3 0.000164491
-4.56 -3.24 0.00022985
-4.56 -3.18 0.000316763
-4.56 -3.12 0.000430541
-4.56 -3.06 0.000577148
-4.56 -3 0.000763035
-4.56 -2.94 0.000994935
-4.56 -2.88 0.00127947
-4.56 -2.82 0.00162276
-4.56 -2.76 0.00202988
-4.56 -2.7 0.00250423
-4.56 -2.64 0.00304696
-4.56 -2.58 0.00365637
-4.56 -2.52 0.00432734
-4.56 -2.46 0.00505105
-4.56 -2.4 0.00581472
-4.56 -2.34 0.0066019
-4.56 -2.28 0.00739257
-4.56 -2.22 0.00816411
-4.56 -2.16 0.00889227
-4.56 -2.1 0.00955233
-4.56 -2.04 0.0101203
-4.56 -1.98 0.0105746
-4.56 -1.92 0.0108974
-4.56 -1.86 0.0110758
-4.56 -1.8 0.0111023
-4.56 -1.74 0.0109759
-4.56 -1.68 0.0107018
-4.56 -1.62 0.0102911
-4.56 -1.56 0.00976022
-4.56 -1.5 0.00912935
-4.56 -1.44 0.00842199
-4.56 -1.38 0.00766267
-4.56 -1.32 0.00687585
-4.56 -1.26 0.00608514
-4.56 -1.2 0.00531127
-4.56 -1.14 0.00457208
-4.56 -1.08 0.00388168
-4.56 -1.02 0.00325025
-4.56 -0.96 0.00268411
-4.56 -0.9 0.00218614
-4.56 -0.84 0.00175606
-4.56 -0.78 0.0013912
-4.56 -0.72 0.00108701
-4.56 -0.66 0.000837649
-4.56 -0.6 0.00063662
-4.56 -0.54 0.000477187
-4.56 -0.48 0.000352768
-4.56 -0.42 0.000257201
-4.5 -3.6 3.22933e-05
-4.5 -3.54 4.83586e-05
-4.5 -3.48 7.14197e-05
-4.5 -3.42 0.000104029
-4.5 -3.36 0.000149445
-4.5 -3.3 0.000211734
-4.5 -3.24 0.000295868
-4.5 -3.18 0.00040774
-4.5 -3.12 0.000554204
-4.5 -3.06 0.000742918
-4.5 -3 0.000982193
-4.5 -2.94 0.0012807
-4.5 -2.88 0.00164697
-4.5 -2.82 0.00208886
-4.5 -2.76 0.00261289
-4.5 -2.7 0.00322349
-4.5 -2.64 0.00392211
-4.5 -2.58 0.00470657
-4.5 -2.52 0.0055702
-4.5 -2.46 0.00650175
-4.5 -2.4 0.00748477
-4.5 -2.34 0.00849802
-4.5 -2.28 0.00951581
-4.5 -2.22 0.010509
-4.5 -2.16 0.0114463
-4.5 -2.1 0.0122959
-4.5 -2.04 0.013027
-4.5 -1.98 0.0136118
-4.5 -1.92 0.0140274
-4.5 -1.86 0.0142569
-4.5 -1.8 0.0142911
-4.5 -1.74 0.0141283
-4.5 -1.68 0.0137756
-4.5 -1.62 0.013247
-4.5 -1.56 0.0125635
-4.5 -1.5 0.0117515
-4.5 -1.44 0.010841
-4.5 -1.38 0.00986348
-4.5 -1.32 0.00885065
-4.5 -1.26 0.00783285
-4.5 -1.2 0.00683671
-4.5 -1.14 0.00588525
-4.5 -1.08 0.00499659
-4.5 -1.02 0.00418377
-4.5 -0.96 0.00345505
-4.5 -0.9 0.00281402
-4.5 -0.84 0.00226045
-4.5 -0.78 0.00179078
-4.5 -0.72 0.00139922
-4.5 -0.66 0.00107824
-4.5 -0.6 0.000819472
-4.5 -0.54 0.000614247
-4.5 -0.48 0.000454086
-4.5 -0.42 0.000331075
-4.5 -0.36 0.000238065
-4.44 -3.6 4.09969e-05
-4.44 -3.54 6.13921e-05
-4.44 -3.48 9.06688e-05
-4.44 -3.42 0.000132066
-4.44 -3.36 0.000189723
-4.44 -3.3 0.000268803
-4.44 -3.24 0.000375609
-4.44 -3.18 0.00051764
-4.44 -3.12 0.000703578
-4.44 -3.06 0.000943148
-4.44 -3 0.00124691
-4.44 -2.94 0.00162586
-4.44 -2.88 0.00209085
-4.44 -2.82 0.00265186
-4.44 -2.76 0.00331715
-4.44 -2.7 0.00409229
-4.44 -2.64 0.00497924
-4.44 -2.58 0.00597507
-4.44 -2.52 0.00707147
-4.44 -2.46 0.00825421
-4.44 -2.4 0.00950212
-4.44 -2.34 0.0107885
-4.44 -2.28 0.0120806
-4.44 -2.22 0.0133414
-4.44 -2.16 0.0145315
-4.44 -2.1 0.0156099
-4.44 -2.04 0.0165382
-4.44 -1.98 0.0172805
-4.44 -1.92 0.017808
-4.44 -1.86 0.0180995
-4.44 -1.8 0.0181429
-4.44 -1.74 0.0179362
-4.44 -1.68 0.0174884
-4.44 -1.62 0.0168173
-4.44 -1.56 0.0159495
-4.44 -1.5 0.0149189
-4.44 -1.44 0.0137629
-4.44 -1.38 0.0125219
-4.44 -1.32 0.0112363
-4.44 -1.26 0.00994405
-4.44 -1.2 0.00867945
-4.44 -1.14 0.00747148
-4.44 -1.08 0.00634327
-4.44 -1.02 0.00531142
-4.44 -0.96 0.00438626
-4.44 -0.9 0.0035725
-4.44 -0.84 0.00286969
-4.44 -0.78 0.00227344
-4.44 -0.72 0.00177634
-4.44 -0.66 0.00136885
-4.44 -0.6 0.00104033
-4.44 -0.54 0.000779801
-4.44 -0.48 0.000576475
-4.44 -0.42 0.000420306
-4.44 -0.36 0.000302231
-4.38 -3.6 5.13317e-05
-4.38 -3.54 7.68675e-05
-4.38 -3.48 0.000113525
-4.38 -3.42 0.000165358
-4.38 -3.36 0.000237547
-4.38 -3.3 0.000336561
-4.38 -3.24 0.000470288
-4.38 -3.18 0.000648129
-4.38 -3.12 0.000880931
-4.38 -3.06 0.00118088
-4.38 -3 0.00156124
-4.38 -2.94 0.0020357
-4.38 -2.88 0.00261789
-4.38 -2.82 0.00332032
-4.38 -2.76 0.00415334
-4.38 -2.7 0.00512388
-4.38 -2.64 0.00623438
-4.38 -2.58 0.00748116
-4.38 -2.52 0.0088541
-4.38 -2.46 0.0103349
-4.38 -2.4 0.0118975
-4.38 -2.34 0.013508
-4.38 -2.28 0.0151258
-4.38 -2.22 0.0167045
-4.38 -2.16 0.0181945
-4.38 -2.1 0.0195449
-4.38 -2.04 0.0207069
-4.38 -1.98 0.0216363
-4.38 -1.92 0.0222971
-4.38 -1.86 0.0226619
-4.38 -1.8 0.0227163
-4.38 -1.74 0.0224577
-4.38 -1.68 0.0218967
-4.38 -1.62 0.0210566
-4.38 -1.56 0.0199702
-4.38 -1.5 0.0186796
-4.38 -1.44 0.0172321
-4.38 -1.38 0.0156783
-4.38 -1.32 0.0140687
-4.38 -1.26 0.0124506
-4.38 -1.2 0.0108673
-4.38 -1.14 0.00935493
-4.38 -1.08 0.00794226
-4.38 -1.02 0.00665034
-4.38 -0.96 0.00549195
-4.38 -0.9 0.00447305
-4.38 -0.84 0.00359304
-4.38 -0.78 0.00284652
-4.38 -0.72 0.0022241
-4.38 -0.66 0.0017139
-4.38 -0.6 0.00130258
-4.38 -0.54 0.000976366
-4.38 -0.48 0.000721788
-4.38 -0.42 0.000526252
-4.38 -0.36 0.000378419
-4.38 -0.3 0.000268372
-4.32 -3.6 6.33878e-05
-4.32 -3.54 9.49211e-05
-4.32 -3.48 0.000140188
-4.32 -3.42 0.000204195
-4.32 -3.36 0.00029334
-4.32 -3.3 0.000415611
-4.32 -3.24 0.000580746
-4.32 -3.18 0.000800352
-4.32 -3.12 0.00108782
-4.32 -3.06 0.00145824
-4.32 -3 0.00192791
-4.32 -2.94 0.00251384
-4.32 -2.88 0.00323274
-4.32 -2.82 0.00410011
-4.32 -2.76 0.00512878
-4.32 -2.7 0.00632727
-4.32 -2.64 0.00769854
-4.32 -2.58 0.00923827
-4.32 -2.52 0.0109337
-4.32 -2.46 0.0127621
-4.32 -2.4 0.0146918
-4.32 -2.34 0.0166806
-4.32 -2.28 0.0186782
-4.32 -2.22 0.0206277
-4.32 -2.16 0.0224676
-4.32 -2.1 0.0241352
-4.32 -2.04 0.0255702
-4.32 -1.98 0.0267181
-4.32 -1.92 0.0275338
-4.32 -1.86 0.0279846
-4.32 -1.8 0.0280514
-4.32 -1.74 0.0277322
-4.32 -1.68 0.0270395
-4.32 -1.62 0.0260021
-4.32 -1.56 0.0246606
-4.32 -1.5 0.0230668
-4.32 -1.44 0.0212792
-4.32 -1.38 0.0193607
-4.32 -1.32 0.0173729
-4.32 -1.26 0.0153749
-4.32 -1.2 0.0134196
-4.32 -1.14 0.0115521
-4.32 -1.08 0.00980763
-4.32 -1.02 0.00821227
-4.32 -0.96 0.00678182
-4.32 -0.9 0.00552356
-4.32 -0.84 0.00443693
-4.32 -0.78 0.00351507
-4.32 -0.72 0.00274647
-4.32 -0.66 0.00211643
-4.32 -0.6 0.00160851
-4.32 -0.54 0.00120569
-4.32 -0.48 0.000891318
-4.32 -0.42 0.000649852
-4.32 -0.36 0.000467298
-4.32 -0.3 0.000331401
-4.26 -3.66 5.08444e-05
-4.26 -3.6 7.71989e-05
-4.26 -3.54 0.000115604
-4.26 -3.48 0.000170733
-4.26 -3.42 0.000248685
-4.26 -3.36 0.000357254
-4.26 -3.3 0.000506166
-4.26 -3.24 0.00070728
-4.26 -3.18 0.000974736
-4.26 -3.12 0.00132486
-4.26 -3.06 0.00177597
-4.26 -3 0.00234799
-4.26 -2.94 0.00306156
-4.26 -2.88 0.00393714
-4.26 -2.82 0.00499353
-4.26 -2.76 0.00624632
-4.26 -2.7 0.00770594
-4.26 -2.64 0.00937608
-4.26 -2.58 0.0112512
-4.26 -2.52 0.0133159
-4.26 -2.46 0.015543
-4.26 -2.4 0.0178928
-4.26 -2.34 0.0203152
-4.26 -2.28 0.0227482
-4.26 -2.22 0.0251223
-4.26 -2.16 0.0273632
-4.26 -2.1 0.0293942
-4.26 -2.04 0.0311419
-4.26 -1.98 0.0325395
-4.26 -1.92 0.0335332
-4.26 -1.86 0.0340821
-4.26 -1.8 0.0341638
-4.26 -1.74 0.0337746
-4.26 -1.68 0.032931
-4.26 -1.62 0.0316676
-4.26 -1.56 0.0300337
-4.26 -1.5 0.0280927
-4.26 -1.44 0.0259159
-4.26 -1.38 0.0235793
-4.26 -1.32 0.0211583
-4.26 -1.26 0.018725
-4.26 -1.2 0.0163437
-4.26 -1.14 0.0140691
-4.26 -1.08 0.0119445
-4.26 -1.02 0.0100016
-4.26 -0.96 0.00825948
-4.26 -0.9 0.00672715
-4.26 -0.84 0.00540371
-4.26 -0.78 0.00428095
-4.26 -0.72 0.00334491
-4.26 -0.66 0.00257759
-4.26 -0.6 0.00195897
-4.26 -0.54 0.00146839
-4.26 -0.48 0.00108552
-4.26 -0.42 0.000791446
-4.26 -0.36 0.000569113
-4.26 -0.3 0.000403612
-4.26 -0.24 0.000282302
-4.2 -3.66 6.10719e-05
-4.2 -3.6 9.27276e-05
-4.2 -3.54 0.000138856
-4.2 -3.48 0.000205075
-4.2 -3.42 0.000298711
-4.2 -3.36 0.000429119
-4.2 -3.3 0.000607983
-4.2 -3.24 0.000849558
-4.2 -3.18 0.00117081
-4.2 -3.12 0.00159135
-4.2 -3.06 0.00213322
-4.2 -3 0.00282027
-4.2 -2.94 0.00367739
-4.2 -2.88 0.00472907
-4.2 -2.82 0.00599796
-4.2 -2.76 0.00750274
-4.2 -2.7 0.00925592
-4.2 -2.64 0.011262
-4.2 -2.58 0.0135144
-4.2 -2.52 0.0159944
-4.2 -2.46 0.0186692
-4.2 -2.4 0.0214922
-4.2 -2.34 0.0244015
-4.2 -2.28 0.0273237
-4.2 -2.22 0.0301756
-4.2 -2.16 0.0328673
-4.2 -2.1 0.0353064
-4.2 -2.04 0.0374059
-4.2 -1.98 0.0390852
-4.2 -1.92 0.0402782
-4.2 -1.86 0.0409376
-4.2 -1.8 0.0410354
-4.2 -1.74 0.0405684
-4.2 -1.68 0.0395556
-4.2 -1.62 0.0380378
-4.2 -1.56 0.036075
-4.2 -1.5 0.0337438
-4.2 -1.44 0.0311288
-4.2 -1.38 0.0283221
-4.2 -1.32 0.0254143
-4.2 -1.26 0.0224915
-4.2 -1.2 0.0196311
-4.2 -1.14 0.0168991
-4.2 -1.08 0.0143473
-4.2 -1.02 0.0120135
-4.2 -0.96 0.00992088
-4.2 -0.9 0.00808025
-4.2 -0.84 0.00649068
-4.2 -0.78 0.0051421
-4.2 -0.72 0.00401772
-4.2 -0.66 0.00309606
-4.2 -0.6 0.00235305
-4.2 -0.54 0.00176377
-4.2 -0.48 0.00130388
-4.2 -0.42 0.000950655
-4.2 -0.36 0.000683594
-4.2 -0.3 0.000484798
-4.2 -0.24 0.000339089
-4.14 -3.66 7.23484e-05
-4.14 -3.6 0.00010985
-4.14 -3.54 0.000164496
-4.14 -3.48 0.000242942
-4.14 -3.42 0.000353866
-4.14 -3.36 0.000508349
-4.14 -3.3 0.000720231
-4.14 -3.24 0.00100642
-4.14 -3.18 0.00138698
-4.14 -3.12 0.00188519
-4.14 -3.06 0.00252709
-4.14 -3 0.00334104
-4.14 -2.94 0.00435639
-4.14 -2.88 0.0056023
-4.14 -2.82 0.00710548
-4.14 -2.76 0.00888805
-4.14 -2.7 0.0109651
-4.14 -2.64 0.0133415
-4.14 -2.58 0.0160097
-4.14 -2.52 0.0189476
-4.14 -2.46 0.0221164
-4.14 -2.4 0.0254602
-4.14 -2.34 0.0289067
-4.14 -2.28 0.0323689
-4.14 -2.22 0.0357476
-4.14 -2.16 0.038936
-4.14 -2.1 0.0418258
-4.14 -2.04 0.0443125
-4.14 -1.98 0.0463018
-4.14 -1.92 0.0477156
-4.14 -1.86 0.0484959
-4.14 -1.8 0.0486125
-4.14 -1.74 0.0480592
-4.14 -1.68 0.046859
-4.14 -1.62 0.0450606
-4.14 -1.56 0.0427359
-4.14 -1.5 0.0399741
-4.14 -1.44 0.0368768
-4.14 -1.38 0.0335513
-4.14 -1.32 0.0301066
-4.14 -1.26 0.026644
-4.14 -1.2 0.0232558
-4.14 -1.14 0.0200194
-4.14 -1.08 0.0169965
-4.14 -1.02 0.0142316
-4.14 -0.96 0.0117528
-4.14 -0.9 0.00957221
-4.14 -0.84 0.00768909
-4.14 -0.78 0.00609157
-4.14 -0.72 0.00475957
-4.14 -0.66 0.00366775
-4.14 -0.6 0.00278752
-4.14 -0.54 0.00208941
-4.14 -0.48 0.0015446
-4.14 -0.42 0.00112618
-4.14 -0.36 0.000809805
-4.14 -0.3 0.000574314
-4.14 -0.24 0.000401698
-4.14 -0.18 0.000277105
-4.08 -3.66 8.45287e-05
-4.08 -3.6 0.000128343
-4.08 -3.54 0.000192191
-4.08 -3.48 0.000283843
-4.08 -3.42 0.000413438
-4.08 -3.36 0.000593929
-4.08 -3.3 0.000841496
-4.08 -3.24 0.00117585
-4.08 -3.18 0.00162048
-4.08 -3.12 0.00220255
-4.08 -3.06 0.00295255
-4.08 -3 0.00390352
-4.08 -2.94 0.00508984
-4.08 -2.88 0.00654549
-4.08 -2.82 0.00830167
-4.08 -2.76 0.0103844
-4.08 -2.7 0.0128111
-4.08 -2.64 0.0155876
-4.08 -2.58 0.0187051
-4.08 -2.52 0.0221375
-4.08 -2.46 0.02584
-4.08 -2.4 0.0297466
-4.08 -2.34 0.0337737
-4.08 -2.28 0.0378187
-4.08 -2.22 0.0417658
-4.08 -2.16 0.0454908
-4.08 -2.1 0.0488676
-4.08 -2.04 0.0517728
-4.08 -1.98 0.0540969
-4.08 -1.92 0.0557488
-4.08 -1.86 0.0566612
-4.08 -1.8 0.056797
-4.08 -1.74 0.0561501
-4.08 -1.68 0.0547477
-4.08 -1.62 0.0526468
-4.08 -1.56 0.0499308
-4.08 -1.5 0.0467035
-4.08 -1.44 0.0430851
-4.08 -1.38 0.0392004
-4.08 -1.32 0.0351754
-4.08 -1.26 0.0311301
-4.08 -1.2 0.0271713
-4.08 -1.14 0.0233898
-4.08 -1.08 0.0198578
-4.08 -1.02 0.0166275
-4.08 -0.96 0.0137314
-4.08 -0.9 0.0111838
-4.08 -0.84 0.00898357
-4.08 -0.78 0.00711707
-4.08 -0.72 0.0055609
-4.08 -0.66 0.00428523
-4.08 -0.6 0.00325679
-4.08 -0.54 0.00244117
-4.08 -0.48 0.00180467
-4.08 -0.42 0.00131578
-4.08 -0.36 0.000946143
-4.08 -0.3 0.000670997
-4.08 -0.24 0.000469328
-4.08 -0.18 0.000323756
-4.02 -3.66 9.74025e-05
-4.02 -3.6 0.000147888
-4.02 -3.54 0.000221459
-4.02 -3.48 0.000327068
-4.02 -3.42 0.000476405
-4.02 -3.36 0.00068439
-4.02 -3.3 0.000969653
-4.02 -3.24 0.00135494
-4.02 -3.18 0.00186728
-4.02 -3.12 0.002538
-4.02 -3.06 0.00340222
-4.02 -3 0.00449798
-4.02 -2.94 0.00586499
-4.02 -2.88 0.00754233
-4.02 -2.82 0.00956602
-4.02 -2.76 0.0119659
-4.02 -2.7 0.0147621
-4.02 -2.64 0.0179615
-4.02 -2.58 0.0215539
-4.02 -2.52 0.0255089
-4.02 -2.46 0.0297752
-4.02 -2.4 0.034277
-4.02 -2.34 0.0389173
-4.02 -2.28 0.043578
-4.02 -2.22 0.0481264
-4.02 -2.16 0.0524191
-4.02 -2.1 0.0563094
-4.02 -2.04 0.0596579
-4.02 -1.98 0.062336
-4.02 -1.92 0.0642386
-4.02 -1.86 0.0652901
-4.02 -1.8 0.0654463
-4.02 -1.74 0.0647011
-4.02 -1.68 0.063086
-4.02 -1.62 0.0606652
-4.02 -1.56 0.0575349
-4.02 -1.5 0.0538167
-4.02 -1.44 0.0496466
-4.02 -1.38 0.0451701
-4.02 -1.32 0.0405322
-4.02 -1.26 0.0358711
-4.02 -1.2 0.0313092
-4.02 -1.14 0.0269516
-4.02 -1.08 0.0228821
-4.02 -1.02 0.0191599
-4.02 -0.96 0.0158225
-4.02 -0.9 0.012887
-4.02 -0.84 0.0103518
-4.02 -0.78 0.00820096
-4.02 -0.72 0.00640779
-4.02 -0.66 0.00493783
-4.02 -0.6 0.00375281
-4.02 -0.54 0.00281298
-4.02 -0.48 0.00207951
-4.02 -0.42 0.00151617
-4.02 -0.36 0.00109024
-4.02 -0.3 0.000773192
-4.02 -0.24 0.000540806
-4.02 -0.18 0.000373059
-4.02 -0.12 0.000253812
-3.96 -3.66 0.000110693
-3.96 -3.6 0.00016807
-3.96 -3.54 0.000251681
-3.96 -3.48 0.000371701
-3.96 -3.42 0.000541415
-3.96 -3.36 0.000777774
-3.96 -3.3 0.00110197
-3.96 -3.24 0.00153983
-3.96 -3.18 0.00212209
-3.96 -3.12 0.00288431
-3.96 -3.06 0.00386648
-3.96 -3 0.00511178
-3.96 -2.94 0.00666535
-3.96 -2.88 0.00857154
-3.96 -2.82 0.0108713
-3.96 -2.76 0.0135987
-3.96 -2.7 0.0167765
-3.96 -2.64 0.0204125
-3.96 -2.58 0.024495
-3.96 -2.52 0.0289901
-3.96 -2.46 0.0338384
-3.96 -2.4 0.0389545
-3.96 -2.34 0.044228
-3.96 -2.28 0.0495249
-3.96 -2.22 0.0546936
-3.96 -2.16 0.0595717
-3.96 -2.1 0.0639937
-3.96 -2.04 0.0677985
-3.96 -1.98 0.070842
-3.96 -1.92 0.0730048
-3.96 -1.86 0.0742001
-3.96 -1.8 0.0743776
-3.96 -1.74 0.0735306
-3.96 -1.68 0.0716943
-3.96 -1.62 0.0689433
-3.96 -1.56 0.0653865
-3.96 -1.5 0.0611602
-3.96 -1.44 0.0564212
-3.96 -1.38 0.0513344
-3.96 -1.32 0.0460633
-3.96 -1.26 0.040766
-3.96 -1.2 0.0355817
-3.96 -1.14 0.0306296
-3.96 -1.08 0.0260045
-3.96 -1.02 0.0217743
-3.96 -0.96 0.0179816
-3.96 -0.9 0.0146455
-3.96 -0.84 0.0117643
-3.96 -0.78 0.00932004
-3.96 -0.72 0.0072822
-3.96 -0.66 0.00561164
-3.96 -0.6 0.0042649
-3.96 -0.54 0.00319681
-3.96 -0.48 0.00236329
-3.96 -0.42 0.00172306
-3.96 -0.36 0.00123901
-3.96 -0.3 0.000878693
-3.96 -0.24 0.000614602
-3.96 -0.18 0.000423968
-3.96 -0.12 0.000288448
-3.9 -3.66 0.00012407
-3.9 -3.6 0.000188378
-3.9 -3.54 0.000282093
-3.9 -3.48 0.000416617
-3.9 -3.42 0.000606838
-3.9 -3.36 0.000871763
-3.9 -3.3 0.00123512
-3.9 -3.24 0.0017259
-3.9 -3.18 0.00237849
-3.9 -3.12 0.00323287
-3.9 -3.06 0.0043337
-3.9 -3 0.00572949
-3.9 -2.94 0.00747076
-3.9 -2.88 0.00960733
-3.9 -2.82 0.0121851
-3.9 -2.76 0.0152419
-3.9 -2.7 0.0188038
-3.9 -2.64 0.022879
-3.9 -2.58 0.0274551
-3.9 -2.52 0.032493
-3.9 -2.46 0.0379271
-3.9 -2.4 0.0436611
-3.9 -2.34 0.049572
-3.9 -2.28 0.0555092
-3.9 -2.22 0.0613029
-3.9 -2.16 0.0667704
-3.9 -2.1 0.0717265
-3.9 -2.04 0.075991
-3.9 -1.98 0.0794026
-3.9 -1.92 0.0818267
-3.9 -1.86 0.0831659
-3.9 -1.8 0.0833651
-3.9 -1.74 0.0824156
-3.9 -1.68 0.0803579
-3.9 -1.62 0.0772739
-3.9 -1.56 0.0732874
-3.9 -1.5 0.0685504
-3.9 -1.44 0.0632393
-3.9 -1.38 0.0575372
-3.9 -1.32 0.0516291
-3.9 -1.26 0.0456917
-3.9 -1.2 0.0398811
-3.9 -1.14 0.0343308
-3.9 -1.08 0.0291468
-3.9 -1.02 0.0244053
-3.9 -0.96 0.0201545
-3.9 -0.9 0.0164152
-3.9 -0.84 0.013186
-3.9 -0.78 0.0104463
-3.9 -0.72 0.00816217
-3.9 -0.66 0.00628976
-3.9 -0.6 0.00478027
-3.9 -0.54 0.00358311
-3.9 -0.48 0.00264885
-3.9 -0.42 0.00193128
-3.9 -0.36 0.00138872
-3.9 -0.3 0.000984878
-3.9 -0.24 0.000688871
-3.9 -0.18 0.0004752
-3.9 -0.12 0.000323303
-3.9 -0.06 0.000216936
-3.84 -3.66 0.00013715
-3.84 -3.6 0.000208239
-3.84 -3.54 0.000311832
-3.84 -3.48 0.000460541
-3.84 -3.42 0.000670816
-3.84 -3.36 0.00096367
-3.84 -3.3 0.00136534
-3.84 -3.24 0.00190785
-3.84 -3.18 0.00262927
-3.84 -3.12 0.00357372
-3.84 -3.06 0.00479058
-3.84 -3 0.00633355
-3.84 -2.94 0.00825834
-3.84 -2.88 0.0106202
-3.84 -2.82 0.0134698
-3.84 -2.76 0.016849
-3.84 -2.7 0.0207863
-3.84 -2.64 0.0252913
-3.84 -2.58 0.0303495
-3.84 -2.52 0.0359185
-3.84 -2.46 0.0419259
-3.84 -2.4 0.0482646
-3.84 -2.34 0.0547984
-3.84 -2.28 0.0613612
-3.84 -2.22 0.0677661
-3.84 -2.16 0.0738105
-3.84 -2.1 0.0792884
-3.84 -2.04 0.084003
-3.84 -1.98 0.0877735
-3.84 -1.92 0.0904536
-3.84 -1.86 0.0919332
-3.84 -1.8 0.0921539
-3.84 -1.74 0.0911048
-3.84 -1.68 0.0888297
-3.84 -1.62 0.0854208
-3.84 -1.56 0.0810133
-3.84 -1.5 0.0757783
-3.84 -1.44 0.0699067
-3.84 -1.38 0.0636028
-3.84 -1.32 0.0570728
-3.84 -1.26 0.0505091
-3.84 -1.2 0.0440858
-3.84 -1.14 0.0379503
-3.84 -1.08 0.0322199
-3.84 -1.02 0.0269786
-3.84 -0.96 0.0222795
-3.84 -0.9 0.018146
-3.84 -0.84 0.0145762
-3.84 -0.78 0.0115477
-3.84 -0.72 0.00902267
-3.84 -0.66 0.0069529
-3.84 -0.6 0.00528425
-3.84 -0.54 0.00396087
-3.84 -0.48 0.0029281
-3.84 -0.42 0.00213488
-3.84 -0.36 0.00153514
-3.84 -0.3 0.00108872
-3.84 -0.24 0.000761496
-3.84 -0.18 0.000525302
-3.84 -0.12 0.000357387
-3.84 -0.06 0.000239807
-3.78 -3.66 0.000149525
-3.78 -3.6 0.00022703
-3.78 -3.54 0.000339967
-3.78 -3.48 0.000502097
-3.78 -3.42 0.00073135
-3.78 -3.36 0.00105063
-3.78 -3.3 0.00148855
-3.78 -3.24 0.00208001
-3.78 -3.18 0.00286655
-3.78 -3.12 0.00389619
-3.78 -3.06 0.00522285
-3.78 -3 0.00690505
-3.78 -2.94 0.00900354
-3.78 -2.88 0.0115784
-3.78 -2.82 0.0146852
-3.78 -2.76 0.0183694
-3.78 -2.7 0.0226619
-3.78 -2.64 0.0275734
-3.78 -2.58 0.0330879
-3.78 -2.52 0.0391599
-3.78 -2.46 0.045709
-3.78 -2.4 0.0526202
-3.78 -2.34 0.059743
-3.78 -2.28 0.0668981
-3.78 -2.22 0.0738808
-3.78 -2.16 0.0804709
-3.78 -2.1 0.0864426
-3.78 -2.04 0.0915825
-3.78 -1.98 0.0956942
-3.78 -1.92 0.0986154
-3.78 -1.86 0.100229
-3.78 -1.8 0.100469
-3.78 -1.74 0.0993258
-3.78 -1.68 0.0968458
-3.78 -1.62 0.0931295
-3.78 -1.56 0.0883239
-3.78 -1.5 0.0826166
-3.78 -1.44 0.0762145
-3.78 -1.38 0.0693419
-3.78 -1.32 0.0622231
-3.78 -1.26 0.0550668
-3.78 -1.2 0.0480639
-3.78 -1.14 0.0413749
-3.78 -1.08 0.0351274
-3.78 -1.02 0.0294132
-3.78 -0.96 0.0242899
-3.78 -0.9 0.0197834
-3.78 -0.84 0.0158914
-3.78 -0.78 0.0125897
-3.78 -0.72 0.00983674
-3.78 -0.66 0.00758027
-3.78 -0.6 0.0057611
-3.78 -0.54 0.00431831
-3.78 -0.48 0.00319233
-3.78 -0.42 0.00232753
-3.78 -0.36 0.00167367
-3.78 -0.3 0.00118696
-3.78 -0.24 0.000830205
-3.78 -0.18 0.000572702
-3.78 -0.12 0.000389634
-3.78 -0.06 0.000261444
-3.72 -3.66 0.000160778
-3.72 -3.6 0.000244113
-3.72 -3.54 0.000365552
-3.72 -3.48 0.000539875
-3.72 -3.42 0.000786381
-3.72 -3.36 0.00112969
-3.72 -3.3 0.00160057
-3.72 -3.24 0.00223654
-3.72 -3.18 0.00308224
-3.72 -3.12 0.00418937
-3.72 -3.06 0.00561589
-3.72 -3 0.00742459
-3.72 -2.94 0.00968108
-3.72 -2.88 0.0124498
-3.72 -2.82 0.0157902
-3.72 -2.76 0.0197515
-3.72 -2.7 0.024367
-3.72 -2.64 0.0296483
-3.72 -2.58 0.035578
-3.72 -2.52 0.0421066
-3.72 -2.46 0.0491487
-3.72 -2.4 0.0565797
-3.72 -2.34 0.0642392
-3.72 -2.28 0.0719323
-3.72 -2.22 0.0794399
-3.72 -2.16 0.0865257
-3.72 -2.1 0.0929472
-3.72 -2.04 0.0984747
-3.72 -1.98 0.102895
-3.72 -1.92 0.106035
-3.72 -1.86 0.107772
-3.72 -1.8 0.108029
-3.72 -1.74 0.106799
-3.72 -1.68 0.104133
-3.72 -1.62 0.100138
-3.72 -1.56 0.0949703
-3.72 -1.5 0.088833
-3.72 -1.44 0.0819492
-3.72 -1.38 0.0745605
-3.72 -1.32 0.0669049
-3.72 -1.26 0.0592109
-3.72 -1.2 0.0516807
-3.72 -1.14 0.0444879
-3.72 -1.08 0.0377705
-3.72 -1.02 0.0316264
-3.72 -0.96 0.0261175
-3.72 -0.9 0.021272
-3.72 -0.84 0.0170873
-3.72 -0.78 0.013537
-3.72 -0.72 0.010577
-3.72 -0.66 0.00815063
-3.72 -0.6 0.0061946
-3.72 -0.54 0.00464327
-3.72 -0.48 0.00343257
-3.72 -0.42 0.00250268
-3.72 -0.36 0.00179961
-3.72 -0.3 0.00127627
-3.72 -0.24 0.000892684
-3.72 -0.18 0.000615793
-3.72 -0.12 0.000418956
-3.72 -0.06 0.000281118
-3.66 -3.66 0.000170499
-3.66 -3.6 0.000258876
-3.66 -3.54 0.000387656
-3.66 -3.48 0.000572528
-3.66 -3.42 0.000833937
-3.66 -3.36 0.001198
-3.66 -3.3 0.00169734
-3.66 -3.24 0.00237178
-3.66 -3.18 0.00326863
-3.66 -3.12 0.00444272
-3.66 -3.06 0.00595545
-3.66 -3 0.00787365
-3.66 -2.94 0.0102665
-3.66 -2.88 0.0132026
-3.66 -2.82 0.0167451
-3.66 -2.76 0.020946
-3.66 -2.7 0.0258407
-3.66 -2.64 0.0314412
-3.66 -2.58 0.0377292
-3.66 -2.52 0.0446527
-3.66 -2.46 0.0521206
-3.66 -2.4 0.0600011
-3.66 -2.34 0.068123
-3.66 -2.28 0.0762818
-3.66 -2.22 0.0842444
-3.66 -2.16 0.0917585
-3.66 -2.1 0.0985684
-3.66 -2.04 0.104429
-3.66 -1.98 0.109117
-3.66 -1.92 0.112449
-3.66 -1.86 0.114288
-3.66 -1.8 0.114562
-3.66 -1.74 0.113259
-3.66 -1.68 0.11043
-3.66 -1.62 0.106192
-3.66 -1.56 0.100713
-3.66 -1.5 0.0942051
-3.66 -1.44 0.0869054
-3.66 -1.38 0.0790683
-3.66 -1.32 0.070951
-3.66 -1.26 0.0627906
-3.66 -1.2 0.0548058
-3.66 -1.14 0.0471785
-3.66 -1.08 0.0400547
-3.66 -1.02 0.0335389
-3.66 -0.96 0.0276971
-3.66 -0.9 0.0225584
-3.66 -0.84 0.0181204
-3.66 -0.78 0.0143557
-3.66 -0.72 0.0112166
-3.66 -0.66 0.00864359
-3.66 -0.6 0.00656921
-3.66 -0.54 0.00492402
-3.66 -0.48 0.0036401
-3.66 -0.42 0.00265401
-3.66 -0.36 0.00190843
-3.66 -0.3 0.00135346
-3.66 -0.24 0.000946658
-3.66 -0.18 0.000653037
-3.66 -0.12 0.000444288
-3.66 -0.06 0.000298118
-3.66 9.71445e-15 0.000197287
-3.6 -3.66 0.000178325
-3.6 -3.6 0.000270756
-3.6 -3.54 0.000405452
-3.6 -3.48 0.000598803
-3.6 -3.42 0.000872207
-3.6 -3.36 0.00125298
-3.6 -3.3 0.00177524
-3.6 -3.24 0.00248063
-3.6 -3.18 0.0034186
-3.6 -3.12 0.00464659
-3.6 -3.06 0.00622882
-3.6 -3 0.00823498
-3.6 -2.94 0.0107377
-3.6 -2.88 0.0138086
-3.6 -2.82 0.0175135
-3.6 -2.76 0.0219071
-3.6 -2.7 0.0270267
-3.6 -2.64 0.0328839
-3.6 -2.58 0.0394611
-3.6 -2.52 0.0467021
-3.6 -2.46 0.0545125
-3.6 -2.4 0.0627541
-3.6 -2.34 0.0712497
-3.6 -2.28 0.0797832
-3.6 -2.22 0.0881105
-3.6 -2.16 0.0959689
-3.6 -2.1 0.103092
-3.6 -2.04 0.109222
-3.6 -1.98 0.114125
-3.6 -1.92 0.117609
-3.6 -1.86 0.119534
-3.6 -1.8 0.11982
-3.6 -1.74 0.118456
-3.6 -1.68 0.115498
-3.6 -1.62 0.111066
-3.6 -1.56 0.105336
-3.6 -1.5 0.0985273
-3.6 -1.44 0.0908937
-3.6 -1.38 0.0826982
-3.6 -1.32 0.0742065
-3.6 -1.26 0.0656726
-3.6 -1.2 0.057321
-3.6 -1.14 0.0493436
-3.6 -1.08 0.0418927
-3.6 -1.02 0.0350777
-3.6 -0.96 0.0289681
-3.6 -0.9 0.0235935
-3.6 -0.84 0.0189522
-3.6 -0.78 0.0150144
-3.6 -0.72 0.0117315
-3.6 -0.66 0.00904026
-3.6 -0.6 0.00687066
-3.6 -0.54 0.00515
-3.6 -0.48 0.00380718
-3.6 -0.42 0.00277582
-3.6 -0.36 0.00199601
-3.6 -0.3 0.00141556
-3.6 -0.24 0.000990113
-3.6 -0.18 0.000683004
-3.6 -0.12 0.000464683
-3.6 -0.06 0.000311801
-3.6 9.71445e-15 0.00020634
-3.54 -3.66 0.000183944
-3.54 -3.6 0.000279291
-3.54 -3.54 0.000418229
-3.54 -3.48 0.000617675
-3.54 -3.42 0.000899698
-3.54 -3.36 0.00129247
-3.54 -3.3 0.00183121
-3.54 -3.24 0.00255881
-3.54 -3.18 0.0035264
-3.54 -3.12 0.00479298
-3.54 -3.06 0.0064251
-3.54 -3 0.00849451
-3.54 -2.94 0.0110761
-3.54 -2.88 0.0142437
-3.54 -2.82 0.0180653
-3.54 -2.76 0.0225977
-3.54 -2.7 0.0278783
-3.54 -2.64 0.0339202
-3.54 -2.58 0.0407045
-3.54 -2.52 0.0481744
-3.54 -2.46 0.0562306
-3.54 -2.4 0.0647328
-3.54 -2.34 0.0734957
-3.54 -2.28 0.0822974
-3.54 -2.22 0.0908869
-3.54 -2.16 0.0989933
-3.54 -2.1 0.106341
-3.54 -2.04 0.112664
-3.54 -1.98 0.117722
-3.54 -1.92 0.121316
-3.54 -1.86 0.123302
-3.54 -1.8 0.123596
-3.54 -1.74 0.12219
-3.54 -1.68 0.119138
-3.54 -1.62 0.114567
-3.54 -1.56 0.108656
-3.54 -1.5 0.101633
-3.54 -1.44 0.0937576
-3.54 -1.38 0.0853047
-3.54 -1.32 0.0765461
-3.54 -1.26 0.0677429
-3.54 -1.2 0.0591275
-3.54 -1.14 0.050899
-3.54 -1.08 0.0432131
-3.54 -1.02 0.0361837
-3.54 -0.96 0.0298811
-3.54 -0.9 0.0243371
-3.54 -0.84 0.0195493
-3.54 -0.78 0.0154876
-3.54 -0.72 0.0121012
-3.54 -0.66 0.00932514
-3.54 -0.6 0.00708721
-3.54 -0.54 0.00531231
-3.54 -0.48 0.0039272
-3.54 -0.42 0.0028633
-3.54 -0.36 0.00205894
-3.54 -0.3 0.00146017
-3.54 -0.24 0.00102131
-3.54 -0.18 0.000704532
-3.54 -0.12 0.000479328
-3.54 -0.06 0.000321625
-3.54 9.71445e-15 0.000212842
-3.48 -3.66 0.000187133
-3.48 -3.6 0.000284133
-3.48 -3.54 0.000425476
-3.48 -3.48 0.000628384
-3.48 -3.42 0.000915298
-3.48 -3.36 0.00131489
-3.48 -3.3 0.00186294
-3.48 -3.24 0.00260318
-3.48 -3.18 0.00358753
-3.48 -3.12 0.00487614
-3.48 -3.06 0.0065365
-3.48 -3 0.0086418
-3.48 -2.94 0.0112681
-3.48 -2.88 0.0144906
-3.48 -2.82 0.0183787
-3.48 -2.76 0.0229896
-3.48 -2.7 0.0283617
-3.48 -2.64 0.0345085
-3.48 -2.58 0.0414102
-3.48 -2.52 0.0490092
-3.48 -2.46 0.0572054
-3.48 -2.4 0.065855
-3.48 -2.34 0.0747694
-3.48 -2.28 0.0837238
-3.48 -2.22 0.0924632
-3.48 -2.16 0.100711
-3.48 -2.1 0.108184
-3.48 -2.04 0.114617
-3.48 -1.98 0.119763
-3.48 -1.92 0.123419
-3.48 -1.86 0.125438
-3.48 -1.8 0.125739
-3.48 -1.74 0.124308
-3.48 -1.68 0.121204
-3.48 -1.62 0.116553
-3.48 -1.56 0.110539
-3.48 -1.5 0.103396
-3.48 -1.44 0.0953838
-3.48 -1.38 0.0867825
-3.48 -1.32 0.0778731
-3.48 -1.26 0.068917
-3.48 -1.2 0.0601526
-3.48 -1.14 0.0517813
-3.48 -1.08 0.0439626
-3.48 -1.02 0.0368111
-3.48 -0.96 0.0303992
-3.48 -0.9 0.0247591
-3.48 -0.84 0.0198884
-3.48 -0.78 0.0157562
-3.48 -0.72 0.0123109
-3.48 -0.66 0.00948685
-3.48 -0.6 0.00721013
-3.48 -0.54 0.00540444
-3.48 -0.48 0.00399526
-3.48 -0.42 0.00291295
-3.48 -0.36 0.00209463
-3.48 -0.3 0.0014855
-3.48 -0.24 0.00103902
-3.48 -0.18 0.000716748
-3.48 -0.12 0.000487636
-3.48 -0.06 0.000327202
-3.48 9.71445e-15 0.000216535
-3.42 -3.66 0.00018776
-3.42 -3.6 0.000285087
-3.42 -3.54 0.000426905
-3.42 -3.48 0.000630495
-3.42 -3.42 0.000918368
-3.42 -3.36 0.00131928
-3.42 -3.3 0.0018692
-3.42 -3.24 0.0026119
-3.42 -3.18 0.00359958
-3.42 -3.12 0.00489247
-3.42 -3.06 0.0065584
-3.42 -3 0.00867082
-3.42 -2.94 0.0113059
-3.42 -2.88 0.0145392
-3.42 -2.82 0.0184403
-3.42 -2.76 0.0230667
-3.42 -2.7 0.028457
-3.42 -2.64 0.0346242
-3.42 -2.58 0.0415489
-3.42 -2.52 0.049174
-3.42 -2.46 0.0573976
-3.42 -2.4 0.066076
-3.42 -2.34 0.0750203
-3.42 -2.28 0.0840055
-3.42 -2.22 0.0927734
-3.42 -2.16 0.101048
-3.42 -2.1 0.108548
-3.42 -2.04 0.115001
-3.42 -1.98 0.120164
-3.42 -1.92 0.123834
-3.42 -1.86 0.12586
-3.42 -1.8 0.126162
-3.42 -1.74 0.124726
-3.42 -1.68 0.12161
-3.42 -1.62 0.116944
-3.42 -1.56 0.110911
-3.42 -1.5 0.103742
-3.42 -1.44 0.0957038
-3.42 -1.38 0.0870743
-3.42 -1.32 0.0781347
-3.42 -1.26 0.0691482
-3.42 -1.2 0.0603548
-3.42 -1.14 0.0519554
-3.42 -1.08 0.0441099
-3.42 -1.02 0.0369345
-3.42 -0.96 0.0305013
-3.42 -0.9 0.0248423
-3.42 -0.84 0.0199548
-3.42 -0.78 0.0158091
-3.42 -0.72 0.0123522
-3.42 -0.66 0.0095187
-3.42 -0.6 0.00723428
-3.42 -0.54 0.00542253
-3.42 -0.48 0.00400868
-3.42 -0.42 0.00292271
-3.42 -0.36 0.00210167
-3.42 -0.3 0.00149047
-3.42 -0.24 0.0010425
-3.42 -0.18 0.000719154
-3.42 -0.12 0.000489273
-3.42 -0.06 0.0003283
-3.42 9.71445e-15 0.00021726
-3.36 -3.66 0.000185801
-3.36 -3.6 0.000282111
-3.36 -3.54 0.000422449
-3.36 -3.48 0.000623914
-3.36 -3.42 0.000908786
-3.36 -3.36 0.00130553
-3.36 -3.3 0.00184967
-3.36 -3.24 0.00258465
-3.36 -3.18 0.00356198
-3.36 -3.12 0.00484143
-3.36 -3.06 0.00648998
-3.36 -3 0.00858032
-3.36 -2.94 0.011188
-3.36 -2.88 0.0143875
-3.36 -2.82 0.0182479
-3.36 -2.76 0.0228258
-3.36 -2.7 0.02816
-3.36 -2.64 0.0342628
-3.36 -2.58 0.0411155
-3.36 -2.52 0.0486606
-3.36 -2.46 0.056798
-3.36 -2.4 0.065386
-3.36 -2.34 0.0742367
-3.36 -2.28 0.0831283
-3.36 -2.22 0.0918053
-3.36 -2.16 0.0999935
-3.36 -2.1 0.107415
-3.36 -2.04 0.113801
-3.36 -1.98 0.118911
-3.36 -1.92 0.122541
-3.36 -1.86 0.124546
-3.36 -1.8 0.124844
-3.36 -1.74 0.123424
-3.36 -1.68 0.120342
-3.36 -1.62 0.115723
-3.36 -1.56 0.109753
-3.36 -1.5 0.10266
-3.36 -1.44 0.0947052
-3.36 -1.38 0.0861652
-3.36 -1.32 0.0773185
-3.36 -1.26 0.068426
-3.36 -1.2 0.0597243
-3.36 -1.14 0.051413
-3.36 -1.08 0.0436497
-3.36 -1.02 0.036549
-3.36 -0.96 0.030183
-3.36 -0.9 0.0245828
-3.36 -0.84 0.0197468
-3.36 -0.78 0.0156441
-3.36 -0.72 0.0122233
-3.36 -0.66 0.00941936
-3.36 -0.6 0.00715881
-3.36 -0.54 0.00536596
-3.36 -0.48 0.00396681
-3.36 -0.42 0.00289222
-3.36 -0.36 0.00207971
-3.36 -0.3 0.00147492
-3.36 -0.24 0.00103162
-3.36 -0.18 0.000711649
-3.36 -0.12 0.000484166
-3.36 -0.06 0.000324874
-3.36 9.71445e-15 0.000214994
-3.3 -3.66 0.000181335
-3.3 -3.6 0.000275328
-3.3 -3.54 0.000412292
-3.3 -3.48 0.00060891
-3.3 -3.42 0.000886935
-3.3 -3.36 0.00127414
-3.3 -3.3 0.00180523
-3.3 -3.24 0.00252252
-3.3 -3.18 0.00347637
-3.3 -3.12 0.00472504
-3.3 -3.06 0.00633397
-3.3 -3 0.00837399
-3.3 -2.94 0.010919
-3.3 -2.88 0.0140416
-3.3 -2.82 0.0178092
-3.3 -2.76 0.0222772
-3.3 -2.7 0.0274828
-3.3 -2.64 0.0334391
-3.3 -2.58 0.0401271
-3.3 -2.52 0.0474907
-3.3 -2.46 0.0554327
-3.3 -2.4 0.0638146
-3.3 -2.34 0.0724529
-3.3 -2.28 0.0811295
-3.3 -2.22 0.0895977
-3.3 -2.16 0.0975897
-3.3 -2.1 0.104832
-3.3 -2.04 0.111066
-3.3 -1.98 0.116052
-3.3 -1.92 0.119594
-3.3 -1.86 0.121552
-3.3 -1.8 0.121842
-3.3 -1.74 0.120456
-3.3 -1.68 0.117449
-3.3 -1.62 0.112942
-3.3 -1.56 0.107114
-3.3 -1.5 0.100192
-3.3 -1.44 0.0924278
-3.3 -1.38 0.084094
-3.3 -1.32 0.0754602
-3.3 -1.26 0.0667818
-3.3 -1.2 0.0582887
-3.3 -1.14 0.0501767
-3.3 -1.08 0.0426003
-3.3 -1.02 0.0356705
-3.3 -0.96 0.0294572
-3.3 -0.9 0.0239919
-3.3 -0.84 0.0192722
-3.3 -0.78 0.015268
-3.3 -0.72 0.0119294
-3.3 -0.66 0.00919285
-3.3 -0.6 0.0069867
-3.3 -0.54 0.00523699
-3.3 -0.48 0.00387148
-3.3 -0.42 0.00282269
-3.3 -0.36 0.00202973
-3.3 -0.3 0.00143947
-3.3 -0.24 0.00100683
-3.3 -0.18 0.000694536
-3.3 -0.12 0.000472526
-3.3 -0.06 0.000317061
-3.3 9.71445e-15 0.000209825
-3.3 0.06 0.000136948
-3.24 -3.6 0.000265014
-3.24 -3.54 0.000396854
-3.24 -3.48 0.000586103
-3.24 -3.42 0.000853709
-3.24 -3.36 0.00122642
-3.24 -3.3 0.00173762
-3.24 -3.24 0.00242802
-3.24 -3.18 0.00334616
-3.24 -3.12 0.00454806
-3.24 -3.06 0.00609672
-3.24 -3 0.0080603
-3.24 -2.94 0.01051
-3.24 -2.88 0.0135157
-3.24 -2.82 0.0171421
-3.24 -2.76 0.0214427
-3.24 -2.7 0.0264534
-3.24 -2.64 0.0321869
-3.24 -2.58 0.0386241
-3.24 -2.52 0.045712
-3.24 -2.46 0.053357
-3.24 -2.4 0.0614243
-3.24 -2.34 0.0697396
-3.24 -2.28 0.0780916
-3.24 -2.22 0.0862414
-3.24 -2.16 0.0939343
-3.24 -2.1 0.100906
-3.24 -2.04 0.106906
-3.24 -1.98 0.111705
-3.24 -1.92 0.115115
-3.24 -1.86 0.117
-3.24 -1.8 0.11728
-3.24 -1.74 0.115944
-3.24 -1.68 0.113049
-3.24 -1.62 0.108712
-3.24 -1.56 0.103102
-3.24 -1.5 0.096439
-3.24 -1.44 0.0889656
-3.24 -1.38 0.0809448
-3.24 -1.32 0.0726336
-3.24 -1.26 0.0642808
-3.24 -1.2 0.0561059
-3.24 -1.14 0.0482973
-3.24 -1.08 0.0410043
-3.24 -1.02 0.0343343
-3.24 -0.96 0.0283536
-3.24 -0.9 0.0230934
-3.24 -0.84 0.0185503
-3.24 -0.78 0.014696
-3.24 -0.72 0.0114827
-3.24 -0.66 0.00884849
-3.24 -0.6 0.00672497
-3.24 -0.54 0.00504083
-3.24 -0.48 0.00372648
-3.24 -0.42 0.00271696
-3.24 -0.36 0.0019537
-3.24 -0.3 0.00138555
-3.24 -0.24 0.000969114
-3.24 -0.18 0.000668518
-3.24 -0.12 0.000454829
-3.24 -0.06 0.000305187
-3.24 9.71445e-15 0.000201964
-3.24 0.06 0.000131818
-3.18 -3.6 0.000251583
-3.18 -3.54 0.000376739
-3.18 -3.48 0.000556401
-3.18 -3.42 0.000810438
-3.18 -3.36 0.00116425
-3.18 -3.3 0.00164953
-3.18 -3.24 0.00230494
-3.18 -3.18 0.00317656
-3.18 -3.12 0.00431756
-3.18 -3.06 0.00578766
-3.18 -3 0.00765184
-3.18 -2.94 0.00997723
-3.18 -2.88 0.0128307
-3.18 -2.82 0.0162734
-3.18 -2.76 0.0203561
-3.18 -2.7 0.0251128
-3.18 -2.64 0.0305556
-3.18 -2.58 0.0366663
-3.18 -2.52 0.0433951
-3.18 -2.46 0.0506528
-3.18 -2.4 0.058311
-3.18 -2.34 0.0662046
-3.18 -2.28 0.0741338
-3.18 -2.22 0.0818708
-3.18 -2.16 0.0891738
-3.18 -2.1 0.0957922
-3.18 -2.04 0.101488
-3.18 -1.98 0.106042
-3.18 -1.92 0.109281
-3.18 -1.86 0.111069
-3.18 -1.8 0.111336
-3.18 -1.74 0.110068
-3.18 -1.68 0.107319
-3.18 -1.62 0.103201
-3.18 -1.56 0.0978762
-3.18 -1.5 0.0915512
-3.18 -1.44 0.0844568
-3.18 -1.38 0.0768419
-3.18 -1.32 0.0689526
-3.18 -1.26 0.0610224
-3.18 -1.2 0.0532624
-3.18 -1.14 0.0458497
-3.18 -1.08 0.0389261
-3.18 -1.02 0.0325942
-3.18 -0.96 0.0269168
-3.18 -0.9 0.021923
-3.18 -0.84 0.01761
-3.18 -0.78 0.0139512
-3.18 -0.72 0.0109006
-3.18 -0.66 0.00840007
-3.18 -0.6 0.00638411
-3.18 -0.54 0.00478529
-3.18 -0.48 0.00353758
-3.18 -0.42 0.00257923
-3.18 -0.36 0.00185468
-3.18 -0.3 0.00131533
-3.18 -0.24 0.000919989
-3.18 -0.18 0.000634639
-3.18 -0.12 0.000431774
-3.18 -0.06 0.000289719
-3.18 9.71445e-15 0.000191729
-3.18 0.06 0.000125138
-3.12 -3.6 0.000235549
-3.12 -3.54 0.000352727
-3.12 -3.48 0.000520936
-3.12 -3.42 0.000758789
-3.12 -3.36 0.00109006
-3.12 -3.3 0.00154441
-3.12 -3.24 0.00215806
-3.12 -3.18 0.00297411
-3.12 -3.12 0.00404236
-3.12 -3.06 0.00541883
-3.12 -3 0.00716411
-3.12 -2.94 0.00934141
-3.12 -2.88 0.0120129
-3.12 -2.82 0.0152361
-3.12 -2.76 0.0190586
-3.12 -2.7 0.0235121
-3.12 -2.64 0.0286079
-3.12 -2.58 0.0343295
-3.12 -2.52 0.0406295
-3.12 -2.46 0.0474241
-3.12 -2.4 0.0545948
-3.12 -2.34 0.0619853
-3.12 -2.28 0.0694083
-3.12 -2.22 0.0766523
-3.12 -2.16 0.08349
-3.12 -2.1 0.089686
-3.12 -2.04 0.0950194
-3.12 -1.98 0.0992849
-3.12 -1.92 0.102315
-3.12 -1.86 0.103991
-3.12 -1.8 0.104239
-3.12 -1.74 0.103053
-3.12 -1.68 0.10048
-3.12 -1.62 0.0966243
-3.12 -1.56 0.0916387
-3.12 -1.5 0.0857165
-3.12 -1.44 0.0790736
-3.12 -1.38 0.0719446
-3.12 -1.32 0.0645579
-3.12 -1.26 0.0571334
-3.12 -1.2 0.0498673
-3.12 -1.14 0.0429274
-3.12 -1.08 0.0364453
-3.12 -1.02 0.0305169
-3.12 -0.96 0.0252012
-3.12 -0.9 0.0205256
-3.12 -0.84 0.0164877
-3.12 -0.78 0.013062
-3.12 -0.72 0.0102059
-3.12 -0.66 0.00786464
-3.12 -0.6 0.00597726
-3.12 -0.54 0.00448035
-3.12 -0.48 0.00331214
-3.12 -0.42 0.00241487
-3.12 -0.36 0.00173648
-3.12 -0.3 0.00123149
-3.12 -0.24 0.000861359
-3.12 -0.18 0.000594189
-3.12 -0.12 0.000404257
-3.12 -0.06 0.000271252
-3.12 9.71445e-15 0.000179509
-3.12 0.06 0.000117162
-3.06 -3.6 0.000217505
-3.06 -3.54 0.000325706
-3.06 -3.48 0.000481033
-3.06 -3.42 0.000700665
-3.06 -3.36 0.00100655
-3.06 -3.3 0.00142609
-3.06 -3.24 0.00199274
-3.06 -3.18 0.00274628
-3.06 -3.12 0.00373274
-3.06 -3.06 0.00500372
-3.06 -3 0.00661537
-3.06 -2.94 0.00862576
-3.06 -2.88 0.0110927
-3.06 -2.82 0.0140691
-3.06 -2.76 0.0175987
-3.06 -2.7 0.0217112
-3.06 -2.64 0.0264167
-3.06 -2.58 0.0316999
-3.06 -2.52 0.0375168
-3.06 -2.46 0.0437914
-3.06 -2.4 0.0504124
-3.06 -2.34 0.0572367
-3.06 -2.28 0.0640916
-3.06 -2.22 0.0707814
-3.06 -2.16 0.0770949
-3.06 -2.1 0.0828163
-3.06 -2.04 0.0877407
-3.06 -1.98 0.091679
-3.06 -1.92 0.0944783
-3.06 -1.86 0.0960235
-3.06 -1.8 0.0962543
-3.06 -1.74 0.0951586
-3.06 -1.68 0.0927824
-3.06 -1.62 0.0892218
-3.06 -1.56 0.0846181
-3.06 -1.5 0.0791503
-3.06 -1.44 0.0730172
-3.06 -1.38 0.0664328
-3.06 -1.32 0.0596125
-3.06 -1.26 0.0527564
-3.06 -1.2 0.0460475
-3.06 -1.14 0.0396389
-3.06 -1.08 0.0336536
-3.06 -1.02 0.0281791
-3.06 -0.96 0.0232708
-3.06 -0.9 0.0189534
-3.06 -0.84 0.0152247
-3.06 -0.78 0.0120615
-3.06 -0.72 0.00942411
-3.06 -0.66 0.00726227
-3.06 -0.6 0.00551939
-3.06 -0.54 0.00413711
-3.06 -0.48 0.00305838
-3.06 -0.42 0.00222987
-3.06 -0.36 0.00160345
-3.06 -0.3 0.00113716
-3.06 -0.24 0.000795377
-3.06 -0.18 0.000548675
-3.06 -0.12 0.000373287
-3.06 -0.06 0.000250477
-3.06 9.71445e-15 0.000165759
-3.06 0.06 0.000108187
-3 -3.54 0.000296625
-3 -3.48 0.000438079
-3 -3.42 0.0006381
-3 -3.36 0.000916672
-3 -3.3 0.00129875
-3 -3.24 0.00181481
-3 -3.18 0.00250103
-3 -3.12 0.0033994
-3 -3.06 0.00455695
-3 -3 0.00602463
-3 -2.94 0.00785563
-3 -2.88 0.0101023
-3 -2.82 0.0128127
-3 -2.76 0.016027
-3 -2.7 0.0197725
-3 -2.64 0.0240576
-3 -2.58 0.0288694
-3 -2.52 0.0341669
-3 -2.46 0.0398809
-3 -2.4 0.0459104
-3 -2.34 0.0521257
-3 -2.28 0.0583687
-3 -2.22 0.0644609
-3 -2.16 0.07021
-3 -2.1 0.0754215
-3 -2.04 0.0799056
-3 -1.98 0.0834931
-3 -1.92 0.0860418
-3 -1.86 0.0874503
-3 -1.8 0.0876596
-3 -1.74 0.0866613
-3 -1.68 0.0844976
-3 -1.62 0.0812547
-3 -1.56 0.0770629
-3 -1.5 0.0720818
-3 -1.44 0.066497
-3 -1.38 0.0605013
-3 -1.32 0.0542887
-3 -1.26 0.0480455
-3 -1.2 0.0419355
-3 -1.14 0.0360993
-3 -1.08 0.0306484
-3 -1.02 0.0256626
-3 -0.96 0.0211928
-3 -0.9 0.0172608
-3 -0.84 0.0138652
-3 -0.78 0.0109844
-3 -0.72 0.00858265
-3 -0.66 0.00661377
-3 -0.6 0.00502653
-3 -0.54 0.0037677
-3 -0.48 0.0027853
-3 -0.42 0.00203077
-3 -0.36 0.00146026
-3 -0.3 0.00103561
-3 -0.24 0.000724358
-3 -0.18 0.000499679
-3 -0.12 0.000339959
-3 -0.06 0.000228111
-3 9.71445e-15 0.000150957
-3 0.06 9.85249e-05
-2.94 -3.54 0.000266424
-2.94 -3.48 0.000393476
-2.94 -3.42 0.000573132
-2.94 -3.36 0.000823341
-2.94 -3.3 0.00116653
-2.94 -3.24 0.00163003
-2.94 -3.18 0.00224641
-2.94 -3.12 0.00305327
-2.94 -3.06 0.00409297
-2.94 -3 0.00541124
-2.94 -2.94 0.00705581
-2.94 -2.88 0.00907362
-2.94 -2.82 0.0115081
-2.94 -2.76 0.0143954
-2.94 -2.7 0.0177593
-2.94 -2.64 0.0216082
-2.94 -2.58 0.0259299
-2.94 -2.52 0.0306884
-2.94 -2.46 0.0358205
-2.94 -2.4 0.0412366
-2.94 -2.34 0.0468189
-2.94 -2.28 0.0524258
-2.94 -2.22 0.0578974
-2.94 -2.16 0.0630616
-2.94 -2.1 0.0677421
-2.94 -2.04 0.0717701
-2.94 -1.98 0.0749919
-2.94 -1.92 0.0772814
-2.94 -1.86 0.0785468
-2.94 -1.8 0.0787342
-2.94 -1.74 0.0778383
-2.94 -1.68 0.0758942
-2.94 -1.62 0.0729823
-2.94 -1.56 0.069217
-2.94 -1.5 0.0647434
-2.94 -1.44 0.0597261
-2.94 -1.38 0.0543415
-2.94 -1.32 0.048762
-2.94 -1.26 0.0431542
-2.94 -1.2 0.0376659
-2.94 -1.14 0.0324241
-2.94 -1.08 0.0275279
-2.94 -1.02 0.02305
-2.94 -0.96 0.0190351
-2.94 -0.9 0.0155034
-2.94 -0.84 0.0124535
-2.94 -0.78 0.00986604
-2.94 -0.72 0.00770877
-2.94 -0.66 0.00594036
-2.94 -0.6 0.00451474
-2.94 -0.54 0.0033841
-2.94 -0.48 0.00250174
-2.94 -0.42 0.001824
-2.94 -0.36 0.0013116
-2.94 -0.3 0.000930169
-2.94 -0.24 0.000650603
-2.94 -0.18 0.000448806
-2.94 -0.12 0.000305345
-2.94 -0.06 0.000204884
-2.94 9.71445e-15 0.000135586
-2.94 0.06 8.84948e-05
-2.88 -3.54 0.000236008
-2.88 -3.48 0.000348557
-2.88 -3.42 0.000507706
-2.88 -3.36 0.000729352
-2.88 -3.3 0.00103335
-2.88 -3.24 0.00144396
-2.88 -3.18 0.00198995
-2.88 -3.12 0.00270473
-2.88 -3.06 0.00362573
-2.88 -3 0.00479351
-2.88 -2.94 0.00625032
-2.88 -2.88 0.00803779
-2.88 -2.82 0.0101944
-2.88 -2.76 0.012752
-2.88 -2.7 0.0157319
-2.88 -2.64 0.0191414
-2.88 -2.58 0.0229698
-2.88 -2.52 0.0271849
-2.88 -2.46 0.0317309
-2.88 -2.4 0.0365289
-2.88 -2.34 0.0414736
-2.88 -2.28 0.0464406
-2.88 -2.22 0.0512882
-2.88 -2.16 0.0558627
-2.88 -2.1 0.0600087
-2.88 -2.04 0.0635766
-2.88 -1.98 0.0664314
-2.88 -1.92 0.0684592
-2.88 -1.86 0.0695795
-2.88 -1.8 0.0697458
-2.88 -1.74 0.0689524
-2.88 -1.68 0.0672307
-2.88 -1.62 0.0646506
-2.88 -1.56 0.0613151
-2.88 -1.5 0.0573524
-2.88 -1.44 0.0529083
-2.88 -1.38 0.0481375
-2.88 -1.32 0.0431951
-2.88 -1.26 0.0382274
-2.88 -1.2 0.0333657
-2.88 -1.14 0.0287225
-2.88 -1.08 0.0243855
-2.88 -1.02 0.0204186
-2.88 -0.96 0.0168621
-2.88 -0.9 0.0137335
-2.88 -0.84 0.0110319
-2.88 -0.78 0.0087398
-2.88 -0.72 0.00682874
-2.88 -0.66 0.00526225
-2.88 -0.6 0.00399937
-2.88 -0.54 0.00299778
-2.88 -0.48 0.00221612
-2.88 -0.42 0.00161578
-2.88 -0.36 0.00116186
-2.88 -0.3 0.000823986
-2.88 -0.24 0.000576333
-2.88 -0.18 0.000397572
-2.88 -0.12 0.000270487
-2.88 -0.06 0.000181495
-2.88 9.71445e-15 0.000120109
-2.82 -3.48 0.000304522
-2.82 -3.42 0.000443561
-2.82 -3.36 0.000637206
-2.82 -3.3 0.000902808
-2.82 -3.24 0.00126152
-2.82 -3.18 0.00173856
-2.82 -3.12 0.00236302
-2.82 -3.06 0.00316764
-2.82 -3 0.0041879
-2.82 -2.94 0.00546066
-2.82 -2.88 0.00702227
-2.82 -2.82 0.00890648
-2.82 -2.76 0.011141
-2.82 -2.7 0.0137444
-2.82 -2.64 0.0167232
-2.82 -2.58 0.0200677
-2.82 -2.52 0.0237506
-2.82 -2.46 0.0277224
-2.82 -2.4 0.0319142
-2.82 -2.34 0.0362343
-2.82 -2.28 0.0405737
-2.82 -2.22 0.0448084
-2.82 -2.16 0.0488053
-2.82 -2.1 0.0524275
-2.82 -2.04 0.0555447
-2.82 -1.98 0.0580382
-2.82 -1.92 0.0598102
-2.82 -1.86 0.0607893
-2.82 -1.8 0.0609346
-2.82 -1.74 0.0602412
-2.82 -1.68 0.0587366
-2.82 -1.62 0.056483
-2.82 -1.56 0.0535688
-2.82 -1.5 0.0501068
-2.82 -1.44 0.0462237
-2.82 -1.38 0.0420562
-2.82 -1.32 0.0377383
-2.82 -1.26 0.0333981
-2.82 -1.2 0.0291507
-2.82 -1.14 0.0250939
-2.82 -1.08 0.0213046
-2.82 -1.02 0.0178391
-2.82 -0.96 0.0147318
-2.82 -0.9 0.0119986
-2.82 -0.84 0.0096381
-2.82 -0.78 0.00763558
-2.82 -0.72 0.00596599
-2.82 -0.66 0.00459741
-2.82 -0.6 0.00349408
-2.82 -0.54 0.00261905
-2.82 -0.48 0.00193616
-2.82 -0.42 0.00141164
-2.82 -0.36 0.00101508
-2.82 -0.3 0.000719886
-2.82 -0.24 0.000503517
-2.82 -0.18 0.000347343
-2.82 -0.12 0.000236314
-2.82 -0.06 0.000158564
-2.82 9.71445e-15 0.000104934
-2.76 -3.48 0.000262393
-2.76 -3.42 0.000382199
-2.76 -3.36 0.000549051
-2.76 -3.3 0.000777908
-2.76 -3.24 0.001087
-2.76 -3.18 0.00149804
-2.76 -3.12 0.00203609
-2.76 -3.06 0.00272944
-2.76 -3 0.00360854
-2.76 -2.94 0.00470523
-2.76 -2.88 0.00605084
-2.76 -2.82 0.00767429
-2.76 -2.76 0.00959962
-2.76 -2.7 0.0118429
-2.76 -2.64 0.0144095
-2.76 -2.58 0.0172916
-2.76 -2.52 0.0204648
-2.76 -2.46 0.0238871
-2.76 -2.4 0.0274989
-2.76 -2.34 0.0312214
-2.76 -2.28 0.0349605
-2.76 -2.22 0.0386095
-2.76 -2.16 0.0420529
-2.76 -2.1 0.0451744
-2.76 -2.04 0.0478602
-2.76 -1.98 0.0500092
-2.76 -1.92 0.0515359
-2.76 -1.86 0.0523795
-2.76 -1.8 0.0525045
-2.76 -1.74 0.0519072
-2.76 -1.68 0.050611
-2.76 -1.62 0.0486686
-2.76 -1.56 0.046158
-2.76 -1.5 0.0431744
-2.76 -1.44 0.039829
-2.76 -1.38 0.036238
-2.76 -1.32 0.0325173
-2.76 -1.26 0.0287776
-2.76 -1.2 0.0251177
-2.76 -1.14 0.0216223
-2.76 -1.08 0.0183573
-2.76 -1.02 0.015371
-2.76 -0.96 0.0126937
-2.76 -0.9 0.0103385
-2.76 -0.84 0.00830472
-2.76 -0.78 0.00657928
-2.76 -0.72 0.00514067
-2.76 -0.66 0.0039614
-2.76 -0.6 0.00301071
-2.76 -0.54 0.0022567
-2.76 -0.48 0.0016683
-2.76 -0.42 0.00121635
-2.76 -0.36 0.000874651
-2.76 -0.3 0.000620288
-2.76 -0.24 0.000433862
-2.76 -0.18 0.000299291
-2.76 -0.12 0.000203622
-2.76 -0.06 0.000136629
-2.76 9.71445e-15 9.04172e-05
-2.7 -3.42 0.000324796
-2.7 -3.36 0.000466591
-2.7 -3.3 0.000661071
-2.7 -3.24 0.000923748
-2.7 -3.18 0.00127304
-2.7 -3.12 0.00173031
-2.7 -3.06 0.00231951
-2.7 -3 0.00306656
-2.7 -2.94 0.00399855
-2.7 -2.88 0.00514209
-2.7 -2.82 0.00652175
-2.7 -2.76 0.00815783
-2.7 -2.7 0.0100643
-2.7 -2.64 0.0122454
-2.7 -2.58 0.0146947
-2.7 -2.52 0.0173911
-2.7 -2.46 0.0202995
-2.7 -2.4 0.0233686
-2.7 -2.34 0.0265322
-2.7 -2.28 0.0297099
-2.7 -2.22 0.0328109
-2.7 -2.16 0.0357372
-2.7 -2.1 0.0383898
-2.7 -2.04 0.0406723
-2.7 -1.98 0.0424984
-2.7 -1.92 0.0437957
-2.7 -1.86 0.0445126
-2.7 -1.8 0.0446191
-2.7 -1.74 0.0441111
-2.7 -1.68 0.0430098
-2.7 -1.62 0.0413591
-2.7 -1.56 0.0392254
-2.7 -1.5 0.0366901
-2.7 -1.44 0.0338473
-2.7 -1.38 0.0307954
-2.7 -1.32 0.0276333
-2.7 -1.26 0.0244554
-2.7 -1.2 0.0213454
-2.7 -1.14 0.0183747
-2.7 -1.08 0.0156002
-2.7 -1.02 0.0130624
-2.7 -0.96 0.0107872
-2.7 -0.9 0.00878581
-2.7 -0.84 0.00705748
-2.7 -0.78 0.00559113
-2.7 -0.72 0.00436861
-2.7 -0.66 0.00336644
-2.7 -0.6 0.00255853
-2.7 -0.54 0.00191778
-2.7 -0.48 0.00141773
-2.7 -0.42 0.00103367
-2.7 -0.36 0.000743282
-2.7 -0.3 0.000527131
-2.7 -0.24 0.000368702
-2.7 -0.18 0.000254339
-2.7 -0.12 0.000173041
-2.7 -0.06 0.000116109
-2.7 9.71445e-15 7.68376e-05
-2.64 -3.42 0.000272221
-2.64 -3.36 0.000391061
-2.64 -3.3 0.000554059
-2.64 -3.24 0.000774215
-2.64 -3.18 0.00106697
-2.64 -3.12 0.00145023
-2.64 -3.06 0.00194404
-2.64 -3 0.0025702
-2.64 -2.94 0.00335128
-2.64 -2.88 0.00430974
-2.64 -2.82 0.0054661
-2.64 -2.76 0.00683738
-2.64 -2.7 0.0084352
-2.64 -2.64 0.0102633
-2.64 -2.58 0.012316
-2.64 -2.52 0.014576
-2.64 -2.46 0.0170137
-2.64 -2.4 0.019586
-2.64 -2.34 0.0222374
-2.64 -2.28 0.0249008
-2.64 -2.22 0.0274999
-2.64 -2.16 0.0299526
-2.64 -2.1 0.0321758
-2.64 -2.04 0.0340888
-2.64 -1.98 0.0356189
-2.64 -1.92 0.0367066
-2.64 -1.86 0.0373071
-2.64 -1.8 0.0373966
-2.64 -1.74 0.0369709
-2.64 -1.68 0.0360476
-2.64 -1.62 0.0346641
-2.64 -1.56 0.0328757
-2.64 -1.5 0.0307512
-2.64 -1.44 0.0283685
-2.64 -1.38 0.0258104
-2.64 -1.32 0.0231604
-2.64 -1.26 0.0204967
-2.64 -1.2 0.0178902
-2.64 -1.14 0.0154005
-2.64 -1.08 0.013075
-2.64 -1.02 0.010948
-2.64 -0.96 0.00904115
-2.64 -0.9 0.0073637
-2.64 -0.84 0.00591507
-2.64 -0.78 0.00468611
-2.64 -0.72 0.00366145
-2.64 -0.66 0.00282153
-2.64 -0.6 0.00214438
-2.64 -0.54 0.00160734
-2.64 -0.48 0.00118823
-2.64 -0.42 0.000866344
-2.64 -0.36 0.000622966
-2.64 -0.3 0.000441808
-2.64 -0.24 0.000309019
-2.64 -0.18 0.000213171
-2.64 -0.12 0.00014503
-2.64 -0.06 9.73149e-05
-2.64 9.71445e-15 6.44004e-05
-2.58 -3.36 0.000323258
-2.58 -3.3 0.000457993
-2.58 -3.24 0.00063998
-2.58 -3.18 0.00088197
-2.58 -3.12 0.00119877
-2.58 -3.06 0.00160697
-2.58 -3 0.00212454
-2.58 -2.94 0.00277022
-2.58 -2.88 0.00356245
-2.58 -2.82 0.0045183
-2.58 -2.76 0.00565182
-2.58 -2.7 0.00697259
-2.58 -2.64 0.00848368
-2.58 -2.58 0.0101805
-2.58 -2.52 0.0120487
-2.58 -2.46 0.0140635
-2.58 -2.4 0.01619
-2.58 -2.34 0.0183816
-2.58 -2.28 0.0205831
-2.58 -2.22 0.0227316
-2.58 -2.16 0.024759
-2.58 -2.1 0.0265966
-2.58 -2.04 0.0281779
-2.58 -1.98 0.0294432
-2.58 -1.92 0.030342
-2.58 -1.86 0.0308385
-2.58 -1.8 0.0309122
-2.58 -1.74 0.0305606
-2.58 -1.68 0.0297975
-2.58 -1.62 0.0286539
-2.58 -1.56 0.0271756
-2.58 -1.5 0.0254193
-2.58 -1.44 0.0234496
-2.58 -1.38 0.0213352
-2.58 -1.32 0.0191446
-2.58 -1.26 0.0169428
-2.58 -1.2 0.0147881
-2.58 -1.14 0.0127302
-2.58 -1.08 0.010808
-2.58 -1.02 0.00904978
-2.58 -0.96 0.0074735
-2.58 -0.9 0.00608686
-2.58 -0.84 0.00488946
-2.58 -0.78 0.00387359
-2.58 -0.72 0.00302659
-2.58 -0.66 0.00233229
-2.58 -0.6 0.00177257
-2.58 -0.54 0.00132865
-2.58 -0.48 0.000982213
-2.58 -0.42 0.000716135
-2.58 -0.36 0.000514952
-2.58 -0.3 0.000365201
-2.58 -0.24 0.000255438
-2.58 -0.18 0.000176209
-2.58 -0.12 0.000119883
-2.58 -0.06 8.04407e-05
-2.58 9.71445e-15 5.32338e-05
-2.52 -3.36 0.000263533
-2.52 -3.3 0.000373377
-2.52 -3.24 0.000521737
-2.52 -3.18 0.000719023
-2.52 -3.12 0.000977297
-2.52 -3.06 0.00131008
-2.52 -3 0.00173203
-2.52 -2.94 0.00225841
-2.52 -2.88 0.0029043
-2.52 -2.82 0.00368355
-2.52 -2.76 0.00460763
-2.52 -2.7 0.00568442
-2.52 -2.64 0.00691633
-2.52 -2.58 0.00829966
-2.52 -2.52 0.00982263
-2.52 -2.46 0.0114654
-2.52 -2.4 0.0131988
-2.52 -2.34 0.0149856
-2.52 -2.28 0.0167805
-2.52 -2.22 0.0185319
-2.52 -2.16 0.0201847
-2.52 -2.1 0.021683
-2.52 -2.04 0.022972
-2.52 -1.98 0.0240033
-2.52 -1.92 0.0247363
-2.52 -1.86 0.025141
-2.52 -1.8 0.0252014
-2.52 -1.74 0.0249144
-2.52 -1.68 0.0242921
-2.52 -1.62 0.0233598
-2.52 -1.56 0.0221547
-2.52 -1.5 0.0207228
-2.52 -1.44 0.0191173
-2.52 -1.38 0.0173935
-2.52 -1.32 0.0156076
-2.52 -1.26 0.0138126
-2.52 -1.2 0.0120561
-2.52 -1.14 0.0103783
-2.52 -1.08 0.00881113
-2.52 -1.02 0.00737774
-2.52 -0.96 0.00609275
-2.52 -0.9 0.00496233
-2.52 -0.84 0.00398611
-2.52 -0.78 0.00315793
-2.52 -0.72 0.00246742
-2.52 -0.66 0.0019014
-2.52 -0.6 0.00144508
-2.52 -0.54 0.00108317
-2.52 -0.48 0.000800745
-2.52 -0.42 0.000583823
-2.52 -0.36 0.000419812
-2.52 -0.3 0.000297729
-2.52 -0.24 0.000208245
-2.52 -0.18 0.000143654
-2.52 -0.12 9.77345e-05
-2.52 -0.06 6.55797e-05
-2.52 9.71445e-15 4.33988e-05
-2.46 -3.3 0.000300214
-2.46 -3.24 0.0004195
-2.46 -3.18 0.000578128
-2.46 -3.12 0.000785777
-2.46 -3.06 0.00105336
-2.46 -3 0.00139262
-2.46 -2.94 0.00181586
-2.46 -2.88 0.00233517
-2.46 -2.82 0.00296169
-2.46 -2.76 0.00370473
-2.46 -2.7 0.00457046
-2.46 -2.64 0.005561
-2.46 -2.58 0.00667325
-2.46 -2.52 0.00789786
-2.46 -2.46 0.00921866
-2.46 -2.4 0.0106125
-2.46 -2.34 0.0120491
-2.46 -2.28 0.0134922
-2.46 -2.22 0.0149003
-2.46 -2.16 0.0162292
-2.46 -2.1 0.0174339
-2.46 -2.04 0.0184705
-2.46 -1.98 0.0192997
-2.46 -1.92 0.0198889
-2.46 -1.86 0.0202145
-2.46 -1.8 0.0202628
-2.46 -1.74 0.0200322
-2.46 -1.68 0.0195319
-2.46 -1.62 0.0187824
-2.46 -1.56 0.0178135
-2.46 -1.5 0.0166621
-2.46 -1.44 0.0153709
-2.46 -1.38 0.0139852
-2.46 -1.32 0.0125492
-2.46 -1.26 0.011106
-2.46 -1.2 0.00969358
-2.46 -1.14 0.00834455
-2.46 -1.08 0.0070845
-2.46 -1.02 0.00593206
-2.46 -0.96 0.00489881
-2.46 -0.9 0.00398991
-2.46 -0.84 0.00320498
-2.46 -0.78 0.0025391
-2.46 -0.72 0.00198391
-2.46 -0.66 0.00152879
-2.46 -0.6 0.0011619
-2.46 -0.54 0.000870917
-2.46 -0.48 0.000643838
-2.46 -0.42 0.000469419
-2.46 -0.36 0.000337549
-2.46 -0.3 0.000239384
-2.46 -0.24 0.000167438
-2.46 -0.18 0.000115503
-2.46 -0.12 7.85828e-05
-2.46 -0.06 5.27284e-05
-2.4 -3.3 0.000238066
-2.4 -3.24 0.000332659
-2.4 -3.18 0.000458451
-2.4 -3.12 0.000623121
-2.4 -3.06 0.000835295
-2.4 -3 0.00110433
-2.4 -2.94 0.00143994
-2.4 -2.88 0.00185174
-2.4 -2.82 0.00234861
-2.4 -2.76 0.00293784
-2.4 -2.7 0.00362432
-2.4 -2.64 0.00440984
-2.4 -2.58 0.00529178
-2.4 -2.52 0.0062629
-2.4 -2.46 0.00731029
-2.4 -2.4 0.00841562
-2.4 -2.34 0.00955479
-2.4 -2.28 0.0106991
-2.4 -2.22 0.0118158
-2.4 -2.16 0.0128698
-2.4 -2.1 0.0138249
-2.4 -2.04 0.0146469
-2.4 -1.98 0.0153045
-2.4 -1.92 0.0157716
-2.4 -1.86 0.0160298
-2.4 -1.8 0.0160682
-2.4 -1.74 0.0158853
-2.4 -1.68 0.0154886
-2.4 -1.62 0.0148943
-2.4 -1.56 0.0141258
-2.4 -1.5 0.013213
-2.4 -1.44 0.012189
-2.4 -1.38 0.01109
-2.4 -1.32 0.00995142
-2.4 -1.26 0.0088069
-2.4 -1.2 0.00768692
-2.4 -1.14 0.00661713
-2.4 -1.08 0.00561795
-2.4 -1.02 0.00470409
-2.4 -0.96 0.00388469
-2.4 -0.9 0.00316397
-2.4 -0.84 0.00254153
-2.4 -0.78 0.00201348
-2.4 -0.72 0.0015732
-2.4 -0.66 0.00121232
-2.4 -0.6 0.000921378
-2.4 -0.54 0.000690632
-2.4 -0.48 0.000510555
-2.4 -0.42 0.000372244
-2.4 -0.36 0.000267673
-2.4 -0.3 0.000189832
-2.4 -0.24 0.000132776
-2.4 -0.18 9.15927e-05
-2.4 -0.12 6.23146e-05
-2.4 -0.06 4.18129e-05
-2.34 -3.24 0.000260169
-2.34 -3.18 0.000358548
-2.34 -3.12 0.000487336
-2.34 -3.06 0.000653275
-2.34 -3 0.000863693
-2.34 -2.94 0.00112617
-2.34 -2.88 0.00144825
-2.34 -2.82 0.00183683
-2.34 -2.76 0.00229763
-2.34 -2.7 0.00283458
-2.34 -2.64 0.00344887
-2.34 -2.58 0.00413866
-2.34 -2.52 0.00489816
-2.34 -2.46 0.0057173
-2.34 -2.4 0.00658171
-2.34 -2.34 0.00747266
-2.34 -2.28 0.0083677
-2.34 -2.22 0.00924109
-2.34 -2.16 0.0100653
-2.34 -2.1 0.0108124
-2.34 -2.04 0.0114551
-2.34 -1.98 0.0119695
-2.34 -1.92 0.012335
-2.34 -1.86 0.0125367
-2.34 -1.8 0.0125668
-2.34 -1.74 0.0124238
-2.34 -1.68 0.0121135
-2.34 -1.62 0.0116486
-2.34 -1.56 0.0110477
-2.34 -1.5 0.0103336
-2.34 -1.44 0.00953299
-2.34 -1.38 0.00867336
-2.34 -1.32 0.00778287
-2.34 -1.26 0.00688772
-2.34 -1.2 0.00601186
-2.34 -1.14 0.00517522
-2.34 -1.08 0.00439375
-2.34 -1.02 0.00367898
-2.34 -0.96 0.0030382
-2.34 -0.9 0.0024745
-2.34 -0.84 0.00198769
-2.34 -0.78 0.00157473
-2.34 -0.72 0.00123039
-2.34 -0.66 0.00094815
-2.34 -0.6 0.000720601
-2.34 -0.54 0.000540131
-2.34 -0.48 0.000399297
-2.34 -0.42 0.000291128
-2.34 -0.36 0.000209344
-2.34 -0.3 0.000148465
-2.34 -0.24 0.000103843
-2.34 -0.18 7.16343e-05
-2.34 -0.12 4.87358e-05
-2.34 -0.06 3.27018e-05
-2.28 -3.18 0.000276563
-2.28 -3.12 0.000375903
-2.28 -3.06 0.000503895
-2.28 -3 0.000666194
-2.28 -2.94 0.00086865
-2.28 -2.88 0.00111708
-2.28 -2.82 0.00141682
-2.28 -2.76 0.00177227
-2.28 -2.7 0.0021864
-2.28 -2.64 0.00266027
-2.28 -2.58 0.0031923
-2.28 -2.52 0.00377812
-2.28 -2.46 0.00441
-2.28 -2.4 0.00507676
-2.28 -2.34 0.00576399
-2.28 -2.28 0.00645432
-2.28 -2.22 0.00712797
-2.28 -2.16 0.00776379
-2.28 -2.1 0.00833997
-2.28 -2.04 0.00883587
-2.28 -1.98 0.00923247
-2.28 -1.92 0.00951436
-2.28 -1.86 0.00967001
-2.28 -1.8 0.00969326
-2.28 -1.74 0.00958288
-2.28 -1.68 0.00934358
-2.28 -1.62 0.00898504
-2.28 -1.56 0.00852143
-2.28 -1.5 0.00797078
-2.28 -1.44 0.00735313
-2.28 -1.38 0.00669009
-2.28 -1.32 0.00600325
-2.28 -1.26 0.00531281
-2.28 -1.2 0.0046372
-2.28 -1.14 0.00399183
-2.28 -1.08 0.00338906
-2.28 -1.02 0.00283777
-2.28 -0.96 0.00234347
-2.28 -0.9 0.00190869
-2.28 -0.84 0.00153319
-2.28 -0.78 0.00121464
-2.28 -0.72 0.000949045
-2.28 -0.66 0.00073134
-2.28 -0.6 0.000555825
-2.28 -0.54 0.000416626
-2.28 -0.48 0.000307993
-2.28 -0.42 0.000224558
-2.28 -0.36 0.000161475
-2.28 -0.3 0.000114517
-2.28 -0.24 8.00976e-05
-2.28 -0.18 5.52538e-05
-2.28 -0.12 3.75915e-05
-2.22 -3.18 0.000210392
-2.22 -3.12 0.000285961
-2.22 -3.06 0.000383332
-2.22 -3 0.000506802
-2.22 -2.94 0.000660821
-2.22 -2.88 0.000849809
-2.22 -2.82 0.00107782
-2.22 -2.76 0.00134823
-2.22 -2.7 0.00166329
-2.22 -2.64 0.00202376
-2.22 -2.58 0.0024285
-2.22 -2.52 0.00287417
-2.22 -2.46 0.00335485
-2.22 -2.4 0.00386208
-2.22 -2.34 0.00438487
-2.22 -2.28 0.00491006
-2.22 -2.22 0.00542253
-2.22 -2.16 0.00590617
-2.22 -2.1 0.00634456
-2.22 -2.04 0.00672173
-2.22 -1.98 0.00702348
-2.22 -1.92 0.00723798
-2.22 -1.86 0.00735638
-2.22 -1.8 0.00737405
-2.22 -1.74 0.00729011
-2.22 -1.68 0.00710801
-2.22 -1.62 0.00683524
-2.22 -1.56 0.00648262
-2.22 -1.5 0.00606364
-2.22 -1.44 0.00559381
-2.22 -1.38 0.00508941
-2.22 -1.32 0.0045669
-2.22 -1.26 0.00404164
-2.22 -1.2 0.00352769
-2.22 -1.14 0.00303675
-2.22 -1.08 0.00257818
-2.22 -1.02 0.00215879
-2.22 -0.96 0.00178277
-2.22 -0.9 0.00145201
-2.22 -0.84 0.00116634
-2.22 -0.78 0.000924026
-2.22 -0.72 0.000721977
-2.22 -0.66 0.00055636
-2.22 -0.6 0.000422837
-2.22 -0.54 0.000316941
-2.22 -0.48 0.000234303
-2.22 -0.42 0.000170829
-2.22 -0.36 0.00012284
-2.22 -0.3 8.71169e-05
-2.22 -0.24 6.09331e-05
-2.22 -0.18 4.20339e-05
-2.22 -0.12 2.85975e-05
-2.16 -3.12 0.000214551
-2.16 -3.06 0.000287609
-2.16 -3 0.000380244
-2.16 -2.94 0.000495803
-2.16 -2.88 0.000637593
-2.16 -2.82 0.000808669
-2.16 -2.76 0.00101154
-2.16 -2.7 0.00124793
-2.16 -2.64 0.00151838
-2.16 -2.58 0.00182206
-2.16 -2.52 0.00215644
-2.16 -2.46 0.00251705
-2.16 -2.4 0.00289763
-2.16 -2.34 0.00328987
-2.16 -2.28 0.0036839
-2.16 -2.22 0.00406842
-2.16 -2.16 0.00443127
-2.16 -2.1 0.00476018
-2.16 -2.04 0.00504314
-2.16 -1.98 0.00526962
-2.16 -1.92 0.00543051
-2.16 -1.86 0.00551936
-2.16 -1.8 0.00553258
-2.16 -1.74 0.00546963
-2.16 -1.68 0.00533304
-2.16 -1.62 0.00512834
-2.16 -1.56 0.00486379
-2.16 -1.5 0.00454943
-2.16 -1.44 0.00419693
-2.16 -1.38 0.00381849
-2.16 -1.32 0.00342644
-2.16 -1.26 0.00303236
-2.16 -1.2 0.00264674
-2.16 -1.14 0.00227841
-2.16 -1.08 0.00193437
-2.16 -1.02 0.00161969
-2.16 -0.96 0.00133758
-2.16 -0.9 0.0010894
-2.16 -0.84 0.000875092
-2.16 -0.78 0.000693281
-2.16 -0.72 0.000541685
-2.16 -0.66 0.000417426
-2.16 -0.6 0.000317248
-2.16 -0.54 0.000237796
-2.16 -0.48 0.000175793
-2.16 -0.42 0.000128171
-2.16 -0.36 9.21644e-05
-2.16 -0.3 6.53622e-05
-2.16 -0.24 4.57172e-05
-2.16 -0.18 3.15373e-05
-2.16 -0.12 2.14562e-05
-2.1 -3.06 0.000212822
-2.1 -3 0.000281366
-2.1 -2.94 0.000366878
-2.1 -2.88 0.0004718
-2.1 -2.82 0.000598387
-2.1 -2.76 0.000748504
-2.1 -2.7 0.00092342
-2.1 -2.64 0.00112355
-2.1 -2.58 0.00134828
-2.1 -2.52 0.00159568
-2.1 -2.46 0.00186253
-2.1 -2.4 0.00214415
-2.1 -2.34 0.0024344
-2.1 -2.28 0.00272595
-2.1 -2.22 0.00301047
-2.1 -2.16 0.00327898
-2.1 -2.1 0.00352236
-2.1 -2.04 0.0037318
-2.1 -1.98 0.00389936
-2.1 -1.92 0.00401836
-2.1 -1.86 0.00408415
-2.1 -1.8 0.0040939
-2.1 -1.74 0.00404732
-2.1 -1.68 0.00394627
-2.1 -1.62 0.00379482
-2.1 -1.56 0.00359904
-2.1 -1.5 0.00336643
-2.1 -1.44 0.00310557
-2.1 -1.38 0.00282556
-2.1 -1.32 0.00253543
-2.1 -1.26 0.00224385
-2.1 -1.2 0.00195848
-2.1 -1.14 0.00168593
-2.1 -1.08 0.00143137
-2.1 -1.02 0.00119852
-2.1 -0.96 0.00098976
-2.1 -0.9 0.000806122
-2.1 -0.84 0.000647544
-2.1 -0.78 0.000513003
-2.1 -0.72 0.000400831
-2.1 -0.66 0.000308879
-2.1 -0.6 0.000234753
-2.1 -0.54 0.000175962
-2.1 -0.48 0.000130081
-2.1 -0.42 9.48424e-05
-2.1 -0.36 6.81982e-05
-2.1 -0.3 4.83656e-05
-2.1 -0.24 3.38294e-05
-2.1 -0.18 2.33364e-05
-2.04 -3 0.000205341
-2.04 -2.94 0.000267745
-2.04 -2.88 0.000344319
-2.04 -2.82 0.000436704
-2.04 -2.76 0.00054626
-2.04 -2.7 0.000673914
-2.04 -2.64 0.000819969
-2.04 -2.58 0.000983964
-2.04 -2.52 0.00116452
-2.04 -2.46 0.00135928
-2.04 -2.4 0.00156478
-2.04 -2.34 0.00177662
-2.04 -2.28 0.0019894
-2.04 -2.22 0.00219705
-2.04 -2.16 0.00239301
-2.04 -2.1 0.00257062
-2.04 -2.04 0.00272346
-2.04 -1.98 0.00284571
-2.04 -1.92 0.0029326
-2.04 -1.86 0.00298058
-2.04 -1.8 0.00298773
-2.04 -1.74 0.00295372
-2.04 -1.68 0.00287995
-2.04 -1.62 0.00276943
-2.04 -1.56 0.00262654
-2.04 -1.5 0.0024568
-2.04 -1.44 0.00226645
-2.04 -1.38 0.00206208
-2.04 -1.32 0.00185035
-2.04 -1.26 0.00163755
-2.04 -1.2 0.0014293
-2.04 -1.14 0.00123039
-2.04 -1.08 0.0010446
-2.04 -1.02 0.000874672
-2.04 -0.96 0.000722325
-2.04 -0.9 0.000588309
-2.04 -0.84 0.000472574
-2.04 -0.78 0.000374387
-2.04 -0.72 0.000292525
-2.04 -0.66 0.00022542
-2.04 -0.6 0.000171321
-2.04 -0.54 0.000128415
-2.04 -0.48 9.49318e-05
-2.04 -0.42 6.92151e-05
-2.04 -0.36 4.97705e-05
-2.04 -0.3 3.52974e-05
-2.04 -0.24 2.46885e-05
-2.04 -0.18 1.70308e-05
-1.98 -2.94 0.000192714
-1.98 -2.88 0.000247827
-1.98 -2.82 0.000314322
-1.98 -2.76 0.000393176
-1.98 -2.7 0.000485058
-1.98 -2.64 0.000590178
-1.98 -2.58 0.000708222
-1.98 -2.52 0.000838186
-1.98 -2.46 0.000978349
-1.98 -2.4 0.00112628
-1.98 -2.34 0.00127874
-1.98 -2.28 0.00143189
-1.98 -2.22 0.00158135
-1.98 -2.16 0.00172239
-1.98 -2.1 0.00185023
-1.98 -2.04 0.00196023
-1.98 -1.98 0.00204826
-1.98 -1.92 0.00211078
-1.98 -1.86 0.00214533
-1.98 -1.8 0.00215045
-1.98 -1.74 0.00212599
-1.98 -1.68 0.0020729
-1.98 -1.62 0.00199335
-1.98 -1.56 0.00189051
-1.98 -1.5 0.00176833
-1.98 -1.44 0.0016313
-1.98 -1.38 0.00148421
-1.98 -1.32 0.00133182
-1.98 -1.26 0.00117865
-1.98 -1.2 0.00102876
-1.98 -1.14 0.000885594
-1.98 -1.08 0.000751871
-1.98 -1.02 0.00062956
-1.98 -0.96 0.000519905
-1.98 -0.9 0.00042344
-1.98 -0.84 0.000340142
-1.98 -0.78 0.000269472
-1.98 -0.72 0.000210549
-1.98 -0.66 0.000162249
-1.98 -0.6 0.000123311
-1.98 -0.54 9.24294e-05
-1.98 -0.48 6.83291e-05
-1.98 -0.42 4.98189e-05
-1.98 -0.36 3.58234e-05
-1.98 -0.3 2.54057e-05
-1.98 -0.24 1.77699e-05
-1.92 -2.88 0.000175926
-1.92 -2.82 0.000223129
-1.92 -2.76 0.000279106
-1.92 -2.7 0.00034433
-1.92 -2.64 0.000418953
-1.92 -2.58 0.000502746
-1.92 -2.52 0.000595002
-1.92 -2.46 0.000694512
-1.92 -2.4 0.000799514
-1.92 -2.34 0.000907747
-1.92 -2.28 0.00101647
-1.92 -2.22 0.00112256
-1.92 -2.16 0.00122268
-1.92 -2.1 0.00131344
-1.92 -2.04 0.00139152
-1.92 -1.98 0.00145398
-1.92 -1.92 0.00149839
-1.92 -1.86 0.0015229
-1.92 -1.8 0.00152656
-1.92 -1.74 0.00150918
-1.92 -1.68 0.00147148
-1.92 -1.62 0.001415
-1.92 -1.56 0.00134201
-1.92 -1.5 0.00125527
-1.92 -1.44 0.00115802
-1.92 -1.38 0.0010536
-1.92 -1.32 0.000945426
-1.92 -1.26 0.000836692
-1.92 -1.2 0.000730293
-1.92 -1.14 0.00062866
-1.92 -1.08 0.000533729
-1.92 -1.02 0.000446904
-1.92 -0.96 0.000369065
-1.92 -0.9 0.000300591
-1.92 -0.84 0.000241455
-1.92 -0.78 0.00019129
-1.92 -0.72 0.000149463
-1.92 -0.66 0.000115176
-1.92 -0.6 8.75347e-05
-1.92 -0.54 6.5612e-05
-1.92 -0.48 4.85047e-05
-1.92 -0.42 3.53646e-05
-1.92 -0.36 2.543e-05
-1.92 -0.3 1.80347e-05
-1.92 -0.24 1.26143e-05
-1.86 -2.82 0.000156214
-1.86 -2.76 0.000195406
-1.86 -2.7 0.000241068
-1.86 -2.64 0.000293316
-1.86 -2.58 0.000351978
-1.86 -2.52 0.000416569
-1.86 -2.46 0.000486238
-1.86 -2.4 0.000559753
-1.86 -2.34 0.00063553
-1.86 -2.28 0.000711642
-1.86 -2.22 0.000785911
-1.86 -2.16 0.000856013
-1.86 -2.1 0.000919549
-1.86 -2.04 0.000974227
-1.86 -1.98 0.00101795
-1.86 -1.92 0.00104903
-1.86 -1.86 0.00106621
-1.86 -1.8 0.00106876
-1.86 -1.74 0.00105659
-1.86 -1.68 0.0010302
-1.86 -1.62 0.000990677
-1.86 -1.56 0.000939563
-1.86 -1.5 0.000878838
-1.86 -1.44 0.000810736
-1.86 -1.38 0.000737643
-1.86 -1.32 0.000661903
-1.86 -1.26 0.000585784
-1.86 -1.2 0.000511288
-1.86 -1.14 0.000440129
-1.86 -1.08 0.000373667
-1.86 -1.02 0.000312885
-1.86 -0.96 0.000258384
-1.86 -0.9 0.000210448
-1.86 -0.84 0.000169047
-1.86 -0.78 0.000133923
-1.86 -0.72 0.000104641
-1.86 -0.66 8.06356e-05
-1.86 -0.6 6.12838e-05
-1.86 -0.54 4.59365e-05
-1.86 -0.48 3.39591e-05
-1.86 -0.42 2.47593e-05
-1.86 -0.36 1.78039e-05
-1.86 -0.3 1.26264e-05
-1.8 -2.76 0.000134925
-1.8 -2.7 0.000166455
-1.8 -2.64 0.00020253
-1.8 -2.58 0.000243038
-1.8 -2.52 0.000287637
-1.8 -2.46 0.000335738
-1.8 -2.4 0.000386503
-1.8 -2.34 0.000438824
-1.8 -2.28 0.000491376
-1.8 -2.22 0.000542666
-1.8 -2.16 0.000591069
-1.8 -2.1 0.000634935
-1.8 -2.04 0.000672691
-1.8 -1.98 0.000702894
-1.8 -1.92 0.000724348
-1.8 -1.86 0.000736204
-1.8 -1.8 0.00073796
-1.8 -1.74 0.000729567
-1.8 -1.68 0.000711352
-1.8 -1.62 0.000684053
-1.8 -1.56 0.000648759
-1.8 -1.5 0.000606832
-1.8 -1.44 0.000559808
-1.8 -1.38 0.000509332
-1.8 -1.32 0.000457037
-1.8 -1.26 0.000404475
-1.8 -1.2 0.000353034
-1.8 -1.14 0.000303905
-1.8 -1.08 0.000258017
-1.8 -1.02 0.000216044
-1.8 -0.96 0.000178414
-1.8 -0.9 0.000145311
-1.8 -0.84 0.000116726
-1.8 -0.78 9.24736e-05
-1.8 -0.72 7.22534e-05
-1.8 -0.66 5.56784e-05
-1.8 -0.6 4.23164e-05
-1.8 -0.54 3.17188e-05
-1.8 -0.48 2.34482e-05
-1.8 -0.42 1.70962e-05
-1.8 -0.36 1.22934e-05
-1.8 -0.3 8.71838e-06
-1.74 -2.64 0.000137923
-1.74 -2.58 0.000165508
-1.74 -2.52 0.000195881
-1.74 -2.46 0.000228639
-1.74 -2.4 0.00026321
-1.74 -2.34 0.00029884
-1.74 -2.28 0.000334629
-1.74 -2.22 0.000369555
-1.74 -2.16 0.000402517
-1.74 -2.1 0.000432393
-1.74 -2.04 0.0004581
-1.74 -1.98 0.000478667
-1.74 -1.92 0.000493282
-1.74 -1.86 0.000501356
-1.74 -1.8 0.000502555
-1.74 -1.74 0.000496836
-1.74 -1.68 0.000484427
-1.74 -1.62 0.000465839
-1.74 -1.56 0.000441806
-1.74 -1.5 0.000413251
-1.74 -1.44 0.000381228
-1.74 -1.38 0.000346856
-1.74 -1.32 0.000311244
-1.74 -1.26 0.000275448
-1.74 -1.2 0.000240418
-1.74 -1.14 0.000206961
-1.74 -1.08 0.000175708
-1.74 -1.02 0.000147126
-1.74 -0.96 0.0001215
-1.74 -0.9 9.89572e-05
-1.74 -0.84 7.94893e-05
-1.74 -0.78 6.29742e-05
-1.74 -0.72 4.92043e-05
-1.74 -0.66 3.79169e-05
-1.74 -0.6 2.88172e-05
-1.74 -0.54 2.16004e-05
-1.74 -0.48 1.59683e-05
-1.74 -0.42 1.16424e-05
-1.74 -0.36 8.37185e-06
-1.68 -2.58 0.000111162
-1.68 -2.52 0.000131561
-1.68 -2.46 0.000153561
-1.68 -2.4 0.00017678
-1.68 -2.34 0.000200711
-1.68 -2.28 0.000224749
-1.68 -2.22 0.000248208
-1.68 -2.16 0.000270346
-1.68 -2.1 0.000290411
-1.68 -2.04 0.000307677
-1.68 -1.98 0.000321493
-1.68 -1.92 0.000331307
-1.68 -1.86 0.000336729
-1.68 -1.8 0.000337534
-1.68 -1.74 0.000333694
-1.68 -1.68 0.000325362
-1.68 -1.62 0.000312874
-1.68 -1.56 0.000296734
-1.68 -1.5 0.000277555
-1.68 -1.44 0.000256049
-1.68 -1.38 0.000232961
-1.68 -1.32 0.000209042
-1.68 -1.26 0.000185
-1.68 -1.2 0.000161473
-1.68 -1.14 0.000139002
-1.68 -1.08 0.000118013
-1.68 -1.02 9.88153e-05
-1.68 -0.96 8.16039e-05
-1.68 -0.9 6.64629e-05
-1.68 -0.84 5.33884e-05
-1.68 -0.78 4.22961e-05
-1.68 -0.72 3.30476e-05
-1.68 -0.66 2.54666e-05
-1.68 -0.6 1.93549e-05
-1.68 -0.54 1.45077e-05
-1.68 -0.48 1.07249e-05
-1.68 -0.42 7.81955e-06
-1.62 -2.52 8.71465e-05
-1.62 -2.46 0.000101721
-1.62 -2.4 0.000117101
-1.62 -2.34 0.000132953
-1.62 -2.28 0.000148875
-1.62 -2.22 0.000164414
-1.62 -2.16 0.000179079
-1.62 -2.1 0.000192368
-1.62 -2.04 0.000203809
-1.62 -1.98 0.000212959
-1.62 -1.92 0.000219458
-1.62 -1.86 0.000223051
-1.62 -1.8 0.000223583
-1.62 -1.74 0.000221039
-1.62 -1.68 0.000215521
-1.62 -1.62 0.000207251
-1.62 -1.56 0.000196557
-1.62 -1.5 0.000183855
-1.62 -1.44 0.000169607
-1.62 -1.38 0.000154315
-1.62 -1.32 0.000138471
-1.62 -1.26 0.000122546
-1.62 -1.2 0.000106961
-1.62 -1.14 9.20753e-05
-1.62 -1.08 7.81724e-05
-1.62 -1.02 6.54562e-05
-1.62 -0.96 5.40545e-05
-1.62 -0.9 4.40257e-05
-1.62 -0.84 3.53649e-05
-1.62 -0.78 2.80171e-05
-1.62 -0.72 2.18909e-05
-1.62 -0.66 1.68691e-05
-1.62 -0.6 1.28208e-05
-1.62 -0.54 9.61e-06
-1.62 -0.48 7.10425e-06
-1.62 -0.42 5.17971e-06
-1.56 -2.4 7.65021e-05
-1.56 -2.34 8.68587e-05
-1.56 -2.28 9.7261e-05
-1.56 -2.22 0.000107411
-1.56 -2.16 0.000116993
-1.56 -2.1 0.000125676
-1.56 -2.04 0.000133149
-1.56 -1.98 0.000139125
-1.56 -1.92 0.000143373
-1.56 -1.86 0.00014572
-1.56 -1.8 0.000146069
-1.56 -1.74 0.000144405
-1.56 -1.68 0.000140799
-1.56 -1.62 0.000135397
-1.56 -1.56 0.000128411
-1.56 -1.5 0.000120112
-1.56 -1.44 0.000110804
-1.56 -1.38 0.000100815
-1.56 -1.32 9.0463e-05
-1.56 -1.26 8.00599e-05
-1.56 -1.2 6.98784e-05
-1.56 -1.14 6.0153e-05
-1.56 -1.08 5.10696e-05
-1.56 -1.02 4.27624e-05
-1.56 -0.96 3.53137e-05
-1.56 -0.9 2.87622e-05
-1.56 -0.84 2.31039e-05
-1.56 -0.78 1.83034e-05
-1.56 -0.72 1.43013e-05
-1.56 -0.66 1.10206e-05
-1.56 -0.6 8.37574e-06
-1.56 -0.54 6.2782e-06
-1.56 -0.48 4.64123e-06
-1.5 -2.28 6.26675e-05
-1.5 -2.22 6.92079e-05
-1.5 -2.16 7.53812e-05
-1.5 -2.1 8.0976e-05
-1.5 -2.04 8.57905e-05
-1.5 -1.98 8.96407e-05
-1.5 -1.92 9.23787e-05
-1.5 -1.86 9.38899e-05
-1.5 -1.8 9.41156e-05
-1.5 -1.74 9.30439e-05
-1.5 -1.68 9.07195e-05
-1.5 -1.62 8.72387e-05
-1.5 -1.56 8.27378e-05
-1.5 -1.5 7.73909e-05
-1.5 -1.44 7.1394e-05
-1.5 -1.38 6.49567e-05
-1.5 -1.32 5.82877e-05
-1.5 -1.26 5.1584e-05
-1.5 -1.2 4.50242e-05
-1.5 -1.14 3.87582e-05
-1.5 -1.08 3.29053e-05
-1.5 -1.02 2.75528e-05
-1.5 -0.96 2.27536e-05
-1.5 -0.9 1.85322e-05
-1.5 -0.84 1.48862e-05
-1.5 -0.78 1.17933e-05
-1.5 -0.72 9.21463e-06
-1.5 -0.66 7.10084e-06
-1.5 -0.6 5.39667e-06
-1.5 -0.54 4.04515e-06
-1.44 -2.16 4.79018e-05
-1.44 -2.1 5.14569e-05
-1.44 -2.04 5.45168e-05
-1.44 -1.98 5.6964e-05
-1.44 -1.92 5.8703e-05
-1.44 -1.86 5.96642e-05
-1.44 -1.8 5.98066e-05
-1.44 -1.74 5.9126e-05
-1.44 -1.68 5.76494e-05
-1.44 -1.62 5.54376e-05
-1.44 -1.56 5.25772e-05
-1.44 -1.5 4.91793e-05
-1.44 -1.44 4.53679e-05
-1.44 -1.38 4.12778e-05
-1.44 -1.32 3.70397e-05
-1.44 -1.26 3.278e-05
-1.44 -1.2 2.86111e-05
-1.44 -1.14 2.46294e-05
-1.44 -1.08 2.09102e-05
-1.44 -1.02 1.75089e-05
-1.44 -0.96 1.4459e-05
-1.44 -0.9 1.17764e-05
-1.44 -0.84 9.45973e-06
-1.44 -0.78 7.49424e-06
-1.44 -0.72 5.85558e-06
-1.44 -0.66 4.5123e-06
-1.44 -0.6 3.42941e-06
-1.38 -2.04 3.41674e-05
-1.38 -1.98 3.57009e-05
-1.38 -1.92 3.6791e-05
-1.38 -1.86 3.73929e-05
-1.38 -1.8 3.74828e-05
-1.38 -1.74 3.70559e-05
-1.38 -1.68 3.61306e-05
-1.38 -1.62 3.47441e-05
-1.38 -1.56 3.29514e-05
-1.38 -1.5 3.08221e-05
-1.38 -1.44 2.84338e-05
-1.38 -1.38 2.58699e-05
-1.38 -1.32 2.32139e-05
-1.38 -1.26 2.05441e-05
-1.38 -1.2 1.79315e-05
-1.38 -1.14 1.54359e-05
-1.38 -1.08 1.31051e-05
-1.38 -1.02 1.09733e-05
-1.38 -0.96 9.06192e-06
-1.38 -0.9 7.38071e-06
-1.38 -0.84 5.92869e-06
-1.38 -0.78 4.69689e-06
-1.38 -0.72 3.66986e-06
-1.38 -0.66 2.82801e-06
-1.38 -0.6 2.14931e-06
-1.32 -1.8 2.31686e-05
-1.32 -1.74 2.29048e-05
-1.32 -1.68 2.2333e-05
-1.32 -1.62 2.1476e-05
-1.32 -1.56 2.03679e-05
-1.32 -1.5 1.90515e-05
-1.32 -1.44 1.75753e-05
-1.32 -1.38 1.59906e-05
-1.32 -1.32 1.43487e-05
-1.32 -1.26 1.26986e-05
-1.32 -1.2 1.10836e-05
-1.32 -1.14 9.54113e-06
-1.32 -1.08 8.10047e-06
-1.32 -1.02 6.78274e-06
-1.32 -0.96 5.60131e-06
-1.32 -0.9 4.56209e-06
-1.32 -0.84 3.66463e-06
-1.32 -0.78 2.90322e-06
-1.32 -0.72 2.26842e-06
-1.32 -0.66 1.74804e-06
-1.26 -1.56 1.24167e-05
-1.26 -1.5 1.16142e-05
-1.26 -1.44 1.07142e-05
-1.26 -1.38 9.74822e-06
-1.26 -1.32 8.74735e-06
-1.26 -1.26 7.74133e-06
-1.26 -1.2 6.75682e-06
-1.26 -1.14 5.81652e-06
-1.26 -1.08 4.93821e-06
-1.26 -1.02 4.1349e-06
-1.26 -0.96 3.41469e-06
-1.26 -0.9 2.78113e-06
-1.26 -0.84 2.23401e-06
-1.26 -0.78 1.76986e-06
-1.26 -0.72 1.38287e-06
