4290 0.06 0.06 0.298336 -12 -12
-1.2 0.24 1.84887e-06
-1.2 0.3 2.20936e-06
-1.2 0.36 2.60385e-06
-1.2 0.42 3.02663e-06
-1.2 0.48 3.46969e-06
-1.2 0.54 3.9229e-06
-1.2 0.6 4.37433e-06
-1.2 0.66 4.81075e-06
-1.2 0.72 5.21794e-06
-1.14 0.12 2.06667e-06
-1.14 0.18 2.53895e-06
-1.14 0.24 3.07631e-06
-1.14 0.3 3.67616e-06
-1.14 0.36 4.33256e-06
-1.14 0.42 5.03597e-06
-1.14 0.48 5.77312e-06
-1.14 0.54 6.52725e-06
-1.14 0.6 7.27851e-06
-1.14 0.66 8.00454e-06
-1.14 0.72 8.68204e-06
-1.14 0.78 9.28753e-06
-1.14 0.84 9.7985e-06
-1.14 0.9 1.01956e-05
-1.14 0.96 1.0463e-05
-1.08 0.06 2.72263e-06
-1.08 0.12 3.39145e-06
-1.08 0.18 4.16651e-06
-1.08 0.24 5.04826e-06
-1.08 0.3 6.0326e-06
-1.08 0.36 7.10979e-06
-1.08 0.42 8.26416e-06
-1.08 0.48 9.47393e-06
-1.08 0.54 1.07115e-05
-1.08 0.6 1.19441e-05
-1.08 0.66 1.31357e-05
-1.08 0.72 1.42475e-05
-1.08 0.78 1.52409e-05
-1.08 0.84 1.60797e-05
-1.08 0.9 1.67313e-05
-1.08 0.96 1.717e-05
-1.08 1.02 1.7378e-05
-1.08 1.08 1.74678e-05
-1.08 1.14 1.71971e-05
-1.02 9.71445e-15 3.48887e-06
-1.02 0.06 4.4065e-06
-1.02 0.12 5.48897e-06
-1.02 0.18 6.74325e-06
-1.02 0.24 8.1705e-06
-1.02 0.3 9.76363e-06
-1.02 0.36 1.15069e-05
-1.02 0.42 1.33753e-05
-1.02 0.48 1.53331e-05
-1.02 0.54 1.7336e-05
-1.02 0.6 1.93312e-05
-1.02 0.66 2.12596e-05
-1.02 0.72 2.30591e-05
-1.02 0.78 2.46671e-05
-1.02 0.84 2.60243e-05
-1.02 0.9 2.72938e-05
-1.02 0.96 2.80099e-05
-1.02 1.02 2.83497e-05
-1.02 1.08 2.82992e-05
-1.02 1.14 2.78603e-05
-1.02 1.2 2.70516e-05
-1.02 1.26 2.59048e-05
-1.02 1.32 2.44662e-05
-0.96 -0.06 4.34874e-06
-0.96 9.71445e-15 5.569e-06
-0.96 0.06 7.03373e-06
-0.96 0.12 8.7615e-06
-0.96 0.18 1.07639e-05
-0.96 0.24 1.30419e-05
-0.96 0.3 1.55848e-05
-0.96 0.36 1.83677e-05
-0.96 0.42 2.135e-05
-0.96 0.48 2.44752e-05
-0.96 0.54 2.76722e-05
-0.96 0.6 3.08569e-05
-0.96 0.66 3.39348e-05
-0.96 0.72 3.68074e-05
-0.96 0.78 3.97289e-05
-0.96 0.84 4.19159e-05
-0.96 0.9 4.36151e-05
-0.96 0.96 4.47593e-05
-0.96 1.02 4.53024e-05
-0.96 1.08 4.5222e-05
-0.96 1.14 4.45211e-05
-0.96 1.2 4.32286e-05
-0.96 1.26 4.13968e-05
-0.96 1.32 3.90974e-05
-0.96 1.38 3.64183e-05
-0.96 1.44 3.34564e-05
-0.9 -0.12 5.27245e-06
-0.9 -0.06 6.8461e-06
-0.9 9.71445e-15 8.76721e-06
-0.9 0.06 1.10731e-05
-0.9 0.12 1.37931e-05
-0.9 0.18 1.69453e-05
-0.9 0.24 2.05315e-05
-0.9 0.3 2.45348e-05
-0.9 0.36 2.89157e-05
-0.9 0.42 3.36104e-05
-0.9 0.48 3.85306e-05
-0.9 0.54 4.35637e-05
-0.9 0.6 4.8577e-05
-0.9 0.66 5.39717e-05
-0.9 0.72 5.85402e-05
-0.9 0.78 6.26238e-05
-0.9 0.84 6.6071e-05
-0.9 0.9 6.87498e-05
-0.9 0.96 7.05541e-05
-0.9 1.02 7.14101e-05
-0.9 1.08 7.12831e-05
-0.9 1.14 7.01786e-05
-0.9 1.2 6.81404e-05
-0.9 1.26 6.52538e-05
-0.9 1.32 6.16292e-05
-0.9 1.38 5.74061e-05
-0.9 1.44 5.27374e-05
-0.9 1.5 4.77827e-05
-0.84 -0.12 8.18616e-06
-0.84 -0.06 1.06295e-05
-0.84 9.71445e-15 1.36123e-05
-0.84 0.06 1.71924e-05
-0.84 0.12 2.14158e-05
-0.84 0.18 2.63098e-05
-0.84 0.24 3.1878e-05
-0.84 0.3 3.80937e-05
-0.84 0.36 4.48954e-05
-0.84 0.42 5.21846e-05
-0.84 0.48 5.9824e-05
-0.84 0.54 6.84282e-05
-0.84 0.6 7.63045e-05
-0.84 0.66 8.3919e-05
-0.84 0.72 9.10227e-05
-0.84 0.78 9.73726e-05
-0.84 0.84 0.000102732
-0.84 0.9 0.000106899
-0.84 0.96 0.000109704
-0.84 1.02 0.000111035
-0.84 1.08 0.000110838
-0.84 1.14 0.000109121
-0.84 1.2 0.000105953
-0.84 1.26 0.000101463
-0.84 1.32 9.5828e-05
-0.84 1.38 8.92618e-05
-0.84 1.44 8.20029e-05
-0.84 1.5 7.42989e-05
-0.84 1.56 6.6393e-05
-0.84 1.62 5.85128e-05
-0.78 -0.18 9.52139e-06
-0.78 -0.12 1.25355e-05
-0.78 -0.06 1.62769e-05
-0.78 9.71445e-15 2.08444e-05
-0.78 0.06 2.63266e-05
-0.78 0.12 3.2794e-05
-0.78 0.18 4.02879e-05
-0.78 0.24 4.88147e-05
-0.78 0.3 5.83326e-05
-0.78 0.36 6.87482e-05
-0.78 0.42 8.09715e-05
-0.78 0.48 9.28271e-05
-0.78 0.54 0.000104955
-0.78 0.6 0.000117035
-0.78 0.66 0.000128715
-0.78 0.72 0.000139612
-0.78 0.78 0.000149351
-0.78 0.84 0.000157573
-0.78 0.9 0.000163964
-0.78 0.96 0.000168267
-0.78 1.02 0.000170309
-0.78 1.08 0.000170006
-0.78 1.14 0.000167374
-0.78 1.2 0.000162515
-0.78 1.26 0.000155629
-0.78 1.32 0.000146986
-0.78 1.38 0.000136914
-0.78 1.44 0.000125781
-0.78 1.5 0.000113965
-0.78 1.56 0.000101838
-0.78 1.62 8.97512e-05
-0.78 1.68 7.80124e-05
-0.78 1.74 6.68761e-05
-0.72 -0.24 1.0772e-05
-0.72 -0.18 1.43796e-05
-0.72 -0.12 1.89317e-05
-0.72 -0.06 2.45822e-05
-0.72 9.71445e-15 3.14801e-05
-0.72 0.06 3.97599e-05
-0.72 0.12 4.95271e-05
-0.72 0.18 6.08449e-05
-0.72 0.24 7.37225e-05
-0.72 0.3 8.80967e-05
-0.72 0.36 0.000105398
-0.72 0.42 0.000122514
-0.72 0.48 0.000140452
-0.72 0.54 0.000158803
-0.72 0.6 0.000177081
-0.72 0.66 0.000194754
-0.72 0.72 0.000211243
-0.72 0.78 0.000225979
-0.72 0.84 0.00023842
-0.72 0.9 0.00024809
-0.72 0.96 0.000254602
-0.72 1.02 0.000257693
-0.72 1.08 0.000257237
-0.72 1.14 0.000253254
-0.72 1.2 0.000245902
-0.72 1.26 0.000235484
-0.72 1.32 0.000222408
-0.72 1.38 0.000207167
-0.72 1.44 0.000190322
-0.72 1.5 0.000172443
-0.72 1.56 0.000154094
-0.72 1.62 0.000135807
-0.72 1.68 0.000118044
-0.72 1.74 0.000101193
-0.72 1.8 8.5556e-05
-0.66 -0.3 1.18544e-05
-0.66 -0.24 1.6045e-05
-0.66 -0.18 2.14184e-05
-0.66 -0.12 2.81986e-05
-0.66 -0.06 3.66148e-05
-0.66 9.71445e-15 4.68892e-05
-0.66 0.06 5.92222e-05
-0.66 0.12 7.37696e-05
-0.66 0.18 9.06281e-05
-0.66 0.24 0.000109809
-0.66 0.3 0.000133482
-0.66 0.36 0.00015732
-0.66 0.42 0.000182868
-0.66 0.48 0.000209643
-0.66 0.54 0.000237034
-0.66 0.6 0.000264321
-0.66 0.66 0.000290699
-0.66 0.72 0.000315313
-0.66 0.78 0.000337309
-0.66 0.84 0.000355879
-0.66 0.9 0.000370315
-0.66 0.96 0.000380037
-0.66 1.02 0.000384652
-0.66 1.08 0.000383976
-0.66 1.14 0.00037803
-0.66 1.2 0.000367057
-0.66 1.26 0.000351508
-0.66 1.32 0.00033199
-0.66 1.38 0.000309243
-0.66 1.44 0.000284096
-0.66 1.5 0.000257409
-0.66 1.56 0.000230022
-0.66 1.62 0.000202724
-0.66 1.68 0.000176209
-0.66 1.74 0.000151056
-0.66 1.8 0.000127714
-0.66 1.86 0.000106495
-0.6 -0.3 1.74143e-05
-0.6 -0.24 2.35705e-05
-0.6 -0.18 3.14643e-05
-0.6 -0.12 4.14244e-05
-0.6 -0.06 5.37877e-05
-0.6 9.71445e-15 6.88816e-05
-0.6 0.06 8.69984e-05
-0.6 0.12 0.000108369
-0.6 0.18 0.000135743
-0.6 0.24 0.000164477
-0.6 0.3 0.000196556
-0.6 0.36 0.00023166
-0.6 0.42 0.00026928
-0.6 0.48 0.000308707
-0.6 0.54 0.000349044
-0.6 0.6 0.00038923
-0.6 0.66 0.000428069
-0.6 0.72 0.000464317
-0.6 0.78 0.000496715
-0.6 0.84 0.000524062
-0.6 0.9 0.000545317
-0.6 0.96 0.000559639
-0.6 1.02 0.000566441
-0.6 1.08 0.000565444
-0.6 1.14 0.000556684
-0.6 1.2 0.000540533
-0.6 1.26 0.000517635
-0.6 1.32 0.000488896
-0.6 1.38 0.000455405
-0.6 1.44 0.000418373
-0.6 1.5 0.000379073
-0.6 1.56 0.000338743
-0.6 1.62 0.000298542
-0.6 1.68 0.000259493
-0.6 1.74 0.000222455
-0.6 1.8 0.000188081
-0.6 1.86 0.000156834
-0.6 1.92 0.000128979
-0.54 -0.36 1.83843e-05
-0.54 -0.3 2.52299e-05
-0.54 -0.24 3.41491e-05
-0.54 -0.18 4.55859e-05
-0.54 -0.12 6.00166e-05
-0.54 -0.06 7.79296e-05
-0.54 9.71445e-15 9.97975e-05
-0.54 0.06 0.000126044
-0.54 0.12 0.000160511
-0.54 0.18 0.000197201
-0.54 0.24 0.000238943
-0.54 0.3 0.000285544
-0.54 0.36 0.000336544
-0.54 0.42 0.000391201
-0.54 0.48 0.000448486
-0.54 0.54 0.00050709
-0.54 0.6 0.000565464
-0.54 0.66 0.000621898
-0.54 0.72 0.000674561
-0.54 0.78 0.000721627
-0.54 0.84 0.000761371
-0.54 0.9 0.000792254
-0.54 0.96 0.000813056
-0.54 1.02 0.000822939
-0.54 1.08 0.000821488
-0.54 1.14 0.000808782
-0.54 1.2 0.000785319
-0.54 1.26 0.000752058
-0.54 1.32 0.000710298
-0.54 1.38 0.000661643
-0.54 1.44 0.000607849
-0.54 1.5 0.000550749
-0.54 1.56 0.000492153
-0.54 1.62 0.000433748
-0.54 1.68 0.000377023
-0.54 1.74 0.00032321
-0.54 1.8 0.000273269
-0.54 1.86 0.000227865
-0.54 1.92 0.000187399
-0.54 1.98 0.000151998
-0.48 -0.36 2.62694e-05
-0.48 -0.3 3.60518e-05
-0.48 -0.24 4.87963e-05
-0.48 -0.18 6.51381e-05
-0.48 -0.12 8.57582e-05
-0.48 -0.06 0.000111353
-0.48 9.71445e-15 0.0001426
-0.48 0.06 0.000184683
-0.48 0.12 0.00023006
-0.48 0.18 0.000282644
-0.48 0.24 0.000342482
-0.48 0.3 0.000409278
-0.48 0.36 0.000482376
-0.48 0.42 0.000560721
-0.48 0.48 0.000642828
-0.48 0.54 0.000726824
-0.48 0.6 0.000810512
-0.48 0.66 0.000891401
-0.48 0.72 0.000966897
-0.48 0.78 0.00103437
-0.48 0.84 0.00109132
-0.48 0.9 0.0011356
-0.48 0.96 0.00116544
-0.48 1.02 0.00117961
-0.48 1.08 0.00117755
-0.48 1.14 0.00115932
-0.48 1.2 0.0011257
-0.48 1.26 0.00107801
-0.48 1.32 0.00101818
-0.48 1.38 0.000948433
-0.48 1.44 0.000871324
-0.48 1.5 0.000789484
-0.48 1.56 0.000705497
-0.48 1.62 0.000621777
-0.48 1.68 0.000540457
-0.48 1.74 0.00046332
-0.48 1.8 0.000391727
-0.48 1.86 0.000326653
-0.48 1.92 0.000268638
-0.48 1.98 0.000217893
-0.48 2.04 0.000174303
-0.42 -0.42 2.66048e-05
-0.42 -0.36 3.70209e-05
-0.42 -0.3 5.0806e-05
-0.42 -0.24 6.87666e-05
-0.42 -0.18 9.17973e-05
-0.42 -0.12 0.000120857
-0.42 -0.06 0.000156928
-0.42 9.71445e-15 0.000206776
-0.42 0.06 0.000261172
-0.42 0.12 0.000325343
-0.42 0.18 0.000399716
-0.42 0.24 0.000484332
-0.42 0.3 0.000578797
-0.42 0.36 0.000682182
-0.42 0.42 0.000792982
-0.42 0.48 0.000909108
-0.42 0.54 0.00102791
-0.42 0.6 0.00114626
-0.42 0.66 0.00126067
-0.42 0.72 0.00136744
-0.42 0.78 0.00146285
-0.42 0.84 0.00154344
-0.42 0.9 0.00160606
-0.42 0.96 0.00164826
-0.42 1.02 0.00166831
-0.42 1.08 0.0016654
-0.42 1.14 0.00163965
-0.42 1.2 0.00159209
-0.42 1.26 0.00152469
-0.42 1.32 0.00144004
-0.42 1.38 0.00134141
-0.42 1.44 0.00123236
-0.42 1.5 0.00111661
-0.42 1.56 0.000997819
-0.42 1.62 0.000879422
-0.42 1.68 0.000764418
-0.42 1.74 0.000655314
-0.42 1.8 0.00055407
-0.42 1.86 0.000462016
-0.42 1.92 0.000379969
-0.42 1.98 0.000308195
-0.42 2.04 0.000246542
-0.42 2.1 0.000194512
-0.36 -0.42 3.69782e-05
-0.36 -0.36 5.14546e-05
-0.36 -0.3 7.06154e-05
-0.36 -0.24 9.5579e-05
-0.36 -0.18 0.000127588
-0.36 -0.12 0.000167976
-0.36 -0.06 0.000225291
-0.36 9.71445e-15 0.000288529
-0.36 0.06 0.000364432
-0.36 0.12 0.000453982
-0.36 0.18 0.000557758
-0.36 0.24 0.000675835
-0.36 0.3 0.000807663
-0.36 0.36 0.00095193
-0.36 0.42 0.00110654
-0.36 0.48 0.00126859
-0.36 0.54 0.00143439
-0.36 0.6 0.00159956
-0.36 0.66 0.00175923
-0.36 0.72 0.00190821
-0.36 0.78 0.00204141
-0.36 0.84 0.00215386
-0.36 0.9 0.00224128
-0.36 0.96 0.00230019
-0.36 1.02 0.00232819
-0.36 1.08 0.00232413
-0.36 1.14 0.0022882
-0.36 1.2 0.00222185
-0.36 1.26 0.00212779
-0.36 1.32 0.00200967
-0.36 1.38 0.00187205
-0.36 1.44 0.00171986
-0.36 1.5 0.00155835
-0.36 1.56 0.00139258
-0.36 1.62 0.00122734
-0.36 1.68 0.00106684
-0.36 1.74 0.000914582
-0.36 1.8 0.00077328
-0.36 1.86 0.000644819
-0.36 1.92 0.000530309
-0.36 1.98 0.000430141
-0.36 2.04 0.000344097
-0.36 2.1 0.00027148
-0.36 2.16 0.000211244
-0.3 -0.48 3.59268e-05
-0.3 -0.42 5.06893e-05
-0.3 -0.36 7.05336e-05
-0.3 -0.3 9.67995e-05
-0.3 -0.24 0.000131019
-0.3 -0.18 0.000174897
-0.3 -0.12 0.000238886
-0.3 -0.06 0.000310202
-0.3 9.71445e-15 0.000397274
-0.3 0.06 0.000501793
-0.3 0.12 0.000625101
-0.3 0.18 0.00076799
-0.3 0.24 0.000930596
-0.3 0.3 0.00111212
-0.3 0.36 0.00131078
-0.3 0.42 0.00152369
-0.3 0.48 0.00174683
-0.3 0.54 0.00197515
-0.3 0.6 0.00220259
-0.3 0.66 0.00242248
-0.3 0.72 0.00262768
-0.3 0.78 0.0028111
-0.3 0.84 0.00296597
-0.3 0.9 0.00308637
-0.3 0.96 0.00316751
-0.3 1.02 0.00320609
-0.3 1.08 0.00320054
-0.3 1.14 0.00315107
-0.3 1.2 0.00305975
-0.3 1.26 0.00293019
-0.3 1.32 0.0027676
-0.3 1.38 0.00257807
-0.3 1.44 0.00236853
-0.3 1.5 0.0021461
-0.3 1.56 0.00191783
-0.3 1.62 0.00169027
-0.3 1.68 0.00146925
-0.3 1.74 0.00125957
-0.3 1.8 0.00106496
-0.3 1.86 0.000888063
-0.3 1.92 0.000730359
-0.3 1.98 0.000592409
-0.3 2.04 0.000473907
-0.3 2.1 0.000373898
-0.3 2.16 0.00029094
-0.3 2.22 0.000223276
-0.24 -0.48 4.85715e-05
-0.24 -0.42 6.85291e-05
-0.24 -0.36 9.53584e-05
-0.24 -0.3 0.000130868
-0.24 -0.24 0.00017713
-0.24 -0.18 0.000246526
-0.24 -0.12 0.000324588
-0.24 -0.06 0.000421491
-0.24 9.71445e-15 0.000539808
-0.24 0.06 0.000681827
-0.24 0.12 0.000849385
-0.24 0.18 0.00104355
-0.24 0.24 0.00126451
-0.24 0.3 0.00151117
-0.24 0.36 0.00178114
-0.24 0.42 0.00207048
-0.24 0.48 0.00237372
-0.24 0.54 0.00268399
-0.24 0.6 0.00299308
-0.24 0.66 0.00329189
-0.24 0.72 0.00357079
-0.24 0.78 0.00382004
-0.24 0.84 0.00403056
-0.24 0.9 0.0041942
-0.24 0.96 0.00430448
-0.24 1.02 0.00435695
-0.24 1.08 0.00434944
-0.24 1.14 0.00428226
-0.24 1.2 0.0041582
-0.24 1.26 0.00398216
-0.24 1.32 0.00376123
-0.24 1.38 0.00350368
-0.24 1.44 0.00321894
-0.24 1.5 0.00291667
-0.24 1.56 0.00260645
-0.24 1.62 0.00229721
-0.24 1.68 0.00199683
-0.24 1.74 0.00171189
-0.24 1.8 0.00144741
-0.24 1.86 0.00120699
-0.24 1.92 0.000992662
-0.24 1.98 0.000805171
-0.24 2.04 0.000644112
-0.24 2.1 0.00050819
-0.24 2.16 0.000395441
-0.24 2.22 0.000303475
-0.24 2.28 0.000229696
-0.18 -0.54 4.52715e-05
-0.18 -0.48 6.47637e-05
-0.18 -0.42 9.13744e-05
-0.18 -0.36 0.000127147
-0.18 -0.3 0.000174495
-0.18 -0.24 0.000236179
-0.18 -0.18 0.000330577
-0.18 -0.12 0.000435257
-0.18 -0.06 0.000565206
-0.18 9.71445e-15 0.000723871
-0.18 0.06 0.00091432
-0.18 0.12 0.00113903
-0.18 0.18 0.00139942
-0.18 0.24 0.00169574
-0.18 0.3 0.00202654
-0.18 0.36 0.0023886
-0.18 0.42 0.00277664
-0.18 0.48 0.00318333
-0.18 0.54 0.00359946
-0.18 0.6 0.00401402
-0.18 0.66 0.00441479
-0.18 0.72 0.00478886
-0.18 0.78 0.00512319
-0.18 0.84 0.00540558
-0.18 0.9 0.0056251
-0.18 0.96 0.00577306
-0.18 1.02 0.00584348
-0.18 1.08 0.00583345
-0.18 1.14 0.00574341
-0.18 1.2 0.00557707
-0.18 1.26 0.00534103
-0.18 1.32 0.00504473
-0.18 1.38 0.00469936
-0.18 1.44 0.00431748
-0.18 1.5 0.00391209
-0.18 1.56 0.00349602
-0.18 1.62 0.00308127
-0.18 1.68 0.0026784
-0.18 1.74 0.00229622
-0.18 1.8 0.00194148
-0.18 1.86 0.001619
-0.18 1.92 0.00133153
-0.18 1.98 0.00108005
-0.18 2.04 0.000864012
-0.18 2.1 0.000681695
-0.18 2.16 0.000530456
-0.18 2.22 0.000407094
-0.18 2.28 0.000308127
-0.18 2.34 0.000230017
-0.12 -0.54 5.9534e-05
-0.12 -0.48 8.51663e-05
-0.12 -0.42 0.000120161
-0.12 -0.36 0.000167204
-0.12 -0.3 0.000229466
-0.12 -0.24 0.000327713
-0.12 -0.18 0.000437507
-0.12 -0.12 0.000576053
-0.12 -0.06 0.000748053
-0.12 9.71445e-15 0.000958051
-0.12 0.06 0.00121012
-0.12 0.12 0.00150755
-0.12 0.18 0.00185222
-0.12 0.24 0.00224441
-0.12 0.3 0.00268227
-0.12 0.36 0.00316152
-0.12 0.42 0.00367516
-0.12 0.48 0.00421353
-0.12 0.54 0.00476438
-0.12 0.6 0.00531312
-0.12 0.66 0.00584371
-0.12 0.72 0.00633886
-0.12 0.78 0.0067815
-0.12 0.84 0.00715538
-0.12 0.9 0.00744604
-0.12 0.96 0.00764198
-0.12 1.02 0.00773527
-0.12 1.08 0.00772205
-0.12 1.14 0.007603
-0.12 1.2 0.00738283
-0.12 1.26 0.00707046
-0.12 1.32 0.00667824
-0.12 1.38 0.0062211
-0.12 1.44 0.00571564
-0.12 1.5 0.00517902
-0.12 1.56 0.00462827
-0.12 1.62 0.00407922
-0.12 1.68 0.00354594
-0.12 1.74 0.00303998
-0.12 1.8 0.00257038
-0.12 1.86 0.00214345
-0.12 1.92 0.00176288
-0.12 1.98 0.00142995
-0.12 2.04 0.00114394
-0.12 2.1 0.000902557
-0.12 2.16 0.000702325
-0.12 2.22 0.000538997
-0.12 2.28 0.000407973
-0.12 2.34 0.000304552
-0.06 -0.6 5.32322e-05
-0.06 -0.54 7.72133e-05
-0.06 -0.48 0.000110457
-0.06 -0.42 0.000155845
-0.06 -0.36 0.000216858
-0.06 -0.3 0.000316259
-0.06 -0.24 0.0004281
-0.06 -0.18 0.00057153
-0.06 -0.12 0.000752531
-0.06 -0.06 0.000977232
-0.06 9.71445e-15 0.00125157
-0.06 0.06 0.00158092
-0.06 0.12 0.00196947
-0.06 0.18 0.00241978
-0.06 0.24 0.00293222
-0.06 0.3 0.0035043
-0.06 0.36 0.00413042
-0.06 0.42 0.00480155
-0.06 0.48 0.005505
-0.06 0.54 0.0062247
-0.06 0.6 0.00694174
-0.06 0.66 0.00763509
-0.06 0.72 0.00828215
-0.06 0.78 0.00886053
-0.06 0.84 0.00934908
-0.06 0.9 0.00972902
-0.06 0.96 0.00998516
-0.06 1.02 0.0101071
-0.06 1.08 0.0100901
-0.06 1.14 0.0099346
-0.06 1.2 0.00964692
-0.06 1.26 0.00923895
-0.06 1.32 0.00872661
-0.06 1.38 0.00812925
-0.06 1.44 0.0074688
-0.06 1.5 0.00676768
-0.06 1.56 0.00604807
-0.06 1.62 0.00533072
-0.06 1.68 0.00463385
-0.06 1.74 0.00397266
-0.06 1.8 0.00335905
-0.06 1.86 0.00280118
-0.06 1.92 0.00230382
-0.06 1.98 0.00186876
-0.06 2.04 0.00149501
-0.06 2.1 0.00117956
-0.06 2.16 0.00091788
-0.06 2.22 0.000704442
-0.06 2.28 0.000533205
-0.06 2.34 0.000398041
-0.06 2.4 0.000293057
9.71445e-15 -0.6 6.80912e-05
9.71445e-15 -0.54 9.8765e-05
9.71445e-15 -0.48 0.000141291
9.71445e-15 -0.42 0.000199345
9.71445e-15 -0.36 0.00027739
9.71445e-15 -0.3 0.00040782
9.71445e-15 -0.24 0.000552053
9.71445e-15 -0.18 0.00073702
9.71445e-15 -0.12 0.000970435
9.71445e-15 -0.06 0.00126021
9.71445e-15 9.71445e-15 0.00161403
9.71445e-15 0.06 0.00203877
9.71445e-15 0.12 0.00253987
9.71445e-15 0.18 0.00312065
9.71445e-15 0.24 0.00378154
9.71445e-15 0.3 0.00451943
9.71445e-15 0.36 0.00532701
9.71445e-15 0.42 0.00619259
9.71445e-15 0.48 0.00709987
9.71445e-15 0.54 0.0080282
9.71445e-15 0.6 0.00895324
9.71445e-15 0.66 0.00984742
9.71445e-15 0.72 0.0106822
9.71445e-15 0.78 0.0114284
9.71445e-15 0.84 0.0120586
9.71445e-15 0.9 0.0125487
9.71445e-15 0.96 0.0128793
9.71445e-15 1.02 0.013037
9.71445e-15 1.08 0.0130151
9.71445e-15 1.14 0.0128145
9.71445e-15 1.2 0.0124438
9.71445e-15 1.26 0.0119176
9.71445e-15 1.32 0.0112569
9.71445e-15 1.38 0.0104866
9.71445e-15 1.44 0.00963465
9.71445e-15 1.5 0.00873033
9.71445e-15 1.56 0.00780217
9.71445e-15 1.62 0.00687681
9.71445e-15 1.68 0.00597784
9.71445e-15 1.74 0.00512502
9.71445e-15 1.8 0.00433346
9.71445e-15 1.86 0.00361381
9.71445e-15 1.92 0.00297222
9.71445e-15 1.98 0.00241094
9.71445e-15 2.04 0.00192878
9.71445e-15 2.1 0.00152183
9.71445e-15 2.16 0.00118425
9.71445e-15 2.22 0.000908879
9.71445e-15 2.28 0.000687946
9.71445e-15 2.34 0.000513567
9.71445e-15 2.4 0.000378115
9.71445e-15 2.46 0.000274566
0.06 -0.6 8.59001e-05
0.06 -0.54 0.000124599
0.06 -0.48 0.000178245
0.06 -0.42 0.000251485
0.06 -0.36 0.000378257
0.06 -0.3 0.000519171
0.06 -0.24 0.000702793
0.06 -0.18 0.000938281
0.06 -0.12 0.00123546
0.06 -0.06 0.00160441
0.06 9.71445e-15 0.00205489
0.06 0.06 0.00259565
0.06 0.12 0.0032337
0.06 0.18 0.0039732
0.06 0.24 0.00481467
0.06 0.3 0.00575416
0.06 0.36 0.00678253
0.06 0.42 0.00788477
0.06 0.48 0.00904017
0.06 0.54 0.0102224
0.06 0.6 0.0114002
0.06 0.66 0.0125391
0.06 0.72 0.0136021
0.06 0.78 0.0145525
0.06 0.84 0.0153554
0.06 0.9 0.0159797
0.06 0.96 0.0164008
0.06 1.02 0.0166016
0.06 1.08 0.0165739
0.06 1.14 0.0163191
0.06 1.2 0.0158471
0.06 1.26 0.0151773
0.06 1.32 0.0143358
0.06 1.38 0.013355
0.06 1.44 0.0122704
0.06 1.5 0.0111188
0.06 1.56 0.00993673
0.06 1.62 0.00875834
0.06 1.68 0.00761364
0.06 1.74 0.00652751
0.06 1.8 0.00551944
0.06 1.86 0.00460282
0.06 1.92 0.00378575
0.06 1.98 0.0030709
0.06 2.04 0.00245677
0.06 2.1 0.00193846
0.06 2.16 0.00150847
0.06 2.22 0.00115772
0.06 2.28 0.000876321
0.06 2.34 0.000654197
0.06 2.4 0.000481669
0.06 2.46 0.00034976
0.12 -0.6 0.000106879
0.12 -0.54 0.000155025
0.12 -0.48 0.000221776
0.12 -0.42 0.00034162
0.12 -0.36 0.00047543
0.12 -0.3 0.000652566
0.12 -0.24 0.000883379
0.12 -0.18 0.00117939
0.12 -0.12 0.00155295
0.12 -0.06 0.00201672
0.12 9.71445e-15 0.00258302
0.12 0.06 0.00326286
0.12 0.12 0.00406495
0.12 0.18 0.00499456
0.12 0.24 0.00605254
0.12 0.3 0.00723373
0.12 0.36 0.00852659
0.12 0.42 0.00991235
0.12 0.48 0.0113649
0.12 0.54 0.0128513
0.12 0.6 0.0143325
0.12 0.66 0.0157645
0.12 0.72 0.0171013
0.12 0.78 0.0182965
0.12 0.84 0.0193059
0.12 0.9 0.0200913
0.12 0.96 0.0206212
0.12 1.02 0.0208742
0.12 1.08 0.0208398
0.12 1.14 0.0205192
0.12 1.2 0.0199262
0.12 1.26 0.0190841
0.12 1.32 0.0180266
0.12 1.38 0.0167936
0.12 1.44 0.0154298
0.12 1.5 0.013982
0.12 1.56 0.0124958
0.12 1.62 0.0110141
0.12 1.68 0.00957455
0.12 1.74 0.00820888
0.12 1.8 0.00694117
0.12 1.86 0.00578868
0.12 1.92 0.00476109
0.12 1.98 0.00386213
0.12 2.04 0.00308983
0.12 2.1 0.002438
0.12 2.16 0.00189723
0.12 2.22 0.00145612
0.12 2.28 0.0011022
0.12 2.34 0.000822842
0.12 2.4 0.000605835
0.12 2.46 0.000439937
0.12 2.52 0.000315073
0.18 -0.66 8.91752e-05
0.18 -0.6 0.000131152
0.18 -0.54 0.000190236
0.18 -0.48 0.000272142
0.18 -0.42 0.000423983
0.18 -0.36 0.000590069
0.18 -0.3 0.000809921
0.18 -0.24 0.0010964
0.18 -0.18 0.00146383
0.18 -0.12 0.00192753
0.18 -0.06 0.00250322
0.18 9.71445e-15 0.00320613
0.18 0.06 0.00405003
0.18 0.12 0.0050457
0.18 0.18 0.0061998
0.18 0.24 0.00751314
0.18 0.3 0.00897946
0.18 0.36 0.0105846
0.18 0.42 0.0123051
0.18 0.48 0.0141086
0.18 0.54 0.015954
0.18 0.6 0.0177929
0.18 0.66 0.019571
0.18 0.72 0.0212311
0.18 0.78 0.0227149
0.18 0.84 0.0239689
0.18 0.9 0.0249443
0.18 0.96 0.0256025
0.18 1.02 0.0259168
0.18 1.08 0.0258747
0.18 1.14 0.0254775
0.18 1.2 0.0247414
0.18 1.26 0.0236964
0.18 1.32 0.0223836
0.18 1.38 0.0208527
0.18 1.44 0.0191597
0.18 1.5 0.0173621
0.18 1.56 0.0155169
0.18 1.62 0.0136772
0.18 1.68 0.0118899
0.18 1.74 0.0101941
0.18 1.8 0.00862007
0.18 1.86 0.00718884
0.18 1.92 0.00591282
0.18 1.98 0.00479648
0.18 2.04 0.00383739
0.18 2.1 0.0030279
0.18 2.16 0.00235633
0.18 2.22 0.00180851
0.18 2.28 0.00136897
0.18 2.34 0.00102201
0.18 2.4 0.000752501
0.18 2.46 0.000546444
0.18 2.52 0.00039136
0.24 -0.66 0.000107924
0.24 -0.6 0.000158724
0.24 -0.54 0.000230231
0.24 -0.48 0.000368246
0.24 -0.42 0.00051965
0.24 -0.36 0.000723221
0.24 -0.3 0.000992695
0.24 -0.24 0.00134386
0.24 -0.18 0.00179425
0.24 -0.12 0.00236265
0.24 -0.06 0.00306836
0.24 9.71445e-15 0.00393007
0.24 0.06 0.00496458
0.24 0.12 0.00618518
0.24 0.18 0.00760008
0.24 0.24 0.00921011
0.24 0.3 0.0110079
0.24 0.36 0.0129758
0.24 0.42 0.0150853
0.24 0.48 0.0172966
0.24 0.54 0.0195595
0.24 0.6 0.0218143
0.24 0.66 0.0239949
0.24 0.72 0.0260304
0.24 0.78 0.0278504
0.24 0.84 0.0293884
0.24 0.9 0.0305847
0.24 0.96 0.0313925
0.24 1.02 0.0317786
0.24 1.08 0.0317272
0.24 1.14 0.0312407
0.24 1.2 0.0303386
0.24 1.26 0.029058
0.24 1.32 0.0274483
0.24 1.38 0.0255717
0.24 1.44 0.0234959
0.24 1.5 0.0212919
0.24 1.56 0.0190294
0.24 1.62 0.0167736
0.24 1.68 0.014582
0.24 1.74 0.0125024
0.24 1.8 0.0105722
0.24 1.86 0.00881695
0.24 1.92 0.00725213
0.24 1.98 0.00588301
0.24 2.04 0.0047068
0.24 2.1 0.00371398
0.24 2.16 0.00289029
0.24 2.22 0.00221836
0.24 2.28 0.00167925
0.24 2.34 0.00125365
0.24 2.4 0.000923087
0.24 2.46 0.00067033
0.24 2.52 0.000480093
0.24 2.58 0.000339116
0.3 -0.66 0.000128819
0.3 -0.6 0.000189454
0.3 -0.54 0.000274804
0.3 -0.48 0.000445755
0.3 -0.42 0.000629039
0.3 -0.36 0.000875474
0.3 -0.3 0.00120171
0.3 -0.24 0.00162685
0.3 -0.18 0.0021721
0.3 -0.12 0.00286026
0.3 -0.06 0.00371468
0.3 9.71445e-15 0.00475801
0.3 0.06 0.00601057
0.3 0.12 0.00748853
0.3 0.18 0.00920169
0.3 0.24 0.0111513
0.3 0.3 0.0133282
0.3 0.36 0.0157112
0.3 0.42 0.0182656
0.3 0.48 0.0209437
0.3 0.54 0.0236842
0.3 0.6 0.026415
0.3 0.66 0.0290561
0.3 0.72 0.0315213
0.3 0.78 0.0337263
0.3 0.84 0.0355893
0.3 0.9 0.037039
0.3 0.96 0.038018
0.3 1.02 0.0384863
0.3 1.08 0.0384247
0.3 1.14 0.0378364
0.3 1.2 0.0367444
0.3 1.26 0.035194
0.3 1.32 0.0332452
0.3 1.38 0.030973
0.3 1.44 0.0284592
0.3 1.5 0.0257902
0.3 1.56 0.0230502
0.3 1.62 0.0203181
0.3 1.68 0.0176638
0.3 1.74 0.0151449
0.3 1.8 0.012807
0.3 1.86 0.0106809
0.3 1.92 0.00878548
0.3 1.98 0.00712707
0.3 2.04 0.00570223
0.3 2.1 0.00449952
0.3 2.16 0.00350168
0.3 2.22 0.00268766
0.3 2.28 0.00203455
0.3 2.34 0.00151894
0.3 2.4 0.00111844
0.3 2.46 0.00081221
0.3 2.52 0.000581716
0.3 2.58 0.000410909
0.36 -0.66 0.000151646
0.36 -0.6 0.000223026
0.36 -0.54 0.0003235
0.36 -0.48 0.000532974
0.36 -0.42 0.00075214
0.36 -0.36 0.00104682
0.36 -0.3 0.00143694
0.36 -0.24 0.00194533
0.36 -0.18 0.00259738
0.36 -0.12 0.00342034
0.36 -0.06 0.00444216
0.36 9.71445e-15 0.00568993
0.36 0.06 0.00718799
0.36 0.12 0.00895569
0.36 0.18 0.0110047
0.36 0.24 0.0133366
0.36 0.3 0.0159405
0.36 0.36 0.0187908
0.36 0.42 0.0218465
0.36 0.48 0.0250501
0.36 0.54 0.0283285
0.36 0.6 0.0315955
0.36 0.66 0.0347554
0.36 0.72 0.0377049
0.36 0.78 0.0403434
0.36 0.84 0.0425726
0.36 0.9 0.0443079
0.36 0.96 0.0454799
0.36 1.02 0.0460411
0.36 1.08 0.0459684
0.36 1.14 0.0452656
0.36 1.2 0.0439601
0.36 1.26 0.0421061
0.36 1.32 0.0397755
0.36 1.38 0.0370576
0.36 1.44 0.0340508
0.36 1.5 0.0308581
0.36 1.56 0.0275802
0.36 1.62 0.0243118
0.36 1.68 0.0211362
0.36 1.74 0.0181226
0.36 1.8 0.0153252
0.36 1.86 0.0127814
0.36 1.92 0.0105134
0.36 1.98 0.00852902
0.36 2.04 0.00682406
0.36 2.1 0.00538484
0.36 2.16 0.00419075
0.36 2.22 0.00321662
0.36 2.28 0.00243502
0.36 2.34 0.00181797
0.36 2.4 0.00133864
0.36 2.46 0.000972148
0.36 2.52 0.000696278
0.36 2.58 0.000491846
0.36 2.64 0.00034266
0.42 -0.66 0.000176064
0.42 -0.6 0.000258939
0.42 -0.54 0.00043996
0.42 -0.48 0.000629534
0.42 -0.42 0.000888426
0.42 -0.36 0.00123653
0.42 -0.3 0.00169739
0.42 -0.24 0.00229797
0.42 -0.18 0.00306831
0.42 -0.12 0.00404057
0.42 -0.06 0.00524779
0.42 9.71445e-15 0.00672199
0.42 0.06 0.008492
0.42 0.12 0.0105806
0.42 0.18 0.0130016
0.42 0.24 0.0157571
0.42 0.3 0.018834
0.42 0.36 0.0222023
0.42 0.42 0.0258132
0.42 0.48 0.029599
0.42 0.54 0.0334735
0.42 0.6 0.0373348
0.42 0.66 0.0410695
0.42 0.72 0.0445562
0.42 0.78 0.0476747
0.42 0.84 0.0503103
0.42 0.9 0.0523622
0.42 0.96 0.0537485
0.42 1.02 0.0544128
0.42 1.08 0.0543285
0.42 1.14 0.0534989
0.42 1.2 0.0519569
0.42 1.26 0.0497671
0.42 1.32 0.0470136
0.42 1.38 0.0438019
0.42 1.44 0.0402488
0.42 1.5 0.0364758
0.42 1.56 0.0326019
0.42 1.62 0.0287391
0.42 1.68 0.0249857
0.42 1.74 0.0214236
0.42 1.8 0.0181173
0.42 1.86 0.0151105
0.42 1.92 0.0124294
0.42 1.98 0.0100836
0.42 2.04 0.00806804
0.42 2.1 0.00636662
0.42 2.16 0.00495493
0.42 2.22 0.00380328
0.42 2.28 0.00287918
0.42 2.34 0.00214963
0.42 2.4 0.00158289
0.42 2.46 0.00114955
0.42 2.52 0.000823363
0.42 2.58 0.000581627
0.42 2.64 0.000405219
0.48 -0.72 0.000135194
0.48 -0.66 0.000201603
0.48 -0.6 0.000296501
0.48 -0.54 0.000513409
0.48 -0.48 0.000734656
0.48 -0.42 0.00103679
0.48 -0.36 0.00144308
0.48 -0.3 0.00198096
0.48 -0.24 0.00268196
0.48 -0.18 0.00358109
0.48 -0.12 0.00471594
0.48 -0.06 0.00612507
0.48 9.71445e-15 0.00784586
0.48 0.06 0.0099121
0.48 0.12 0.0123501
0.48 0.18 0.0151766
0.48 0.24 0.0183934
0.48 0.3 0.0219857
0.48 0.36 0.0259183
0.48 0.42 0.0301344
0.48 0.48 0.0345547
0.48 0.54 0.0390787
0.48 0.6 0.0435879
0.48 0.66 0.0479487
0.48 0.72 0.0520209
0.48 0.78 0.0556633
0.48 0.84 0.0587416
0.48 0.9 0.0611386
0.48 0.96 0.0627586
0.48 1.02 0.0635365
0.48 1.08 0.0634398
0.48 1.14 0.0624721
0.48 1.2 0.0606734
0.48 1.26 0.0581171
0.48 1.32 0.0549032
0.48 1.38 0.0511541
0.48 1.44 0.0470055
0.48 1.5 0.0426
0.48 1.56 0.0380769
0.48 1.62 0.0335661
0.48 1.68 0.0291828
0.48 1.74 0.0250232
0.48 1.8 0.0211618
0.48 1.86 0.0176501
0.48 1.92 0.0145187
0.48 1.98 0.0117788
0.48 2.04 0.00942467
0.48 2.1 0.00743732
0.48 2.16 0.00578841
0.48 2.22 0.00444316
0.48 2.28 0.00336364
0.48 2.34 0.00251141
0.48 2.4 0.00184933
0.48 2.46 0.00134309
0.48 2.52 0.000962009
0.48 2.58 0.000679583
0.48 2.64 0.000473476
0.54 -0.72 0.000152678
0.54 -0.66 0.000227675
0.54 -0.6 0.00040801
0.54 -0.54 0.000591983
0.54 -0.48 0.000847116
0.54 -0.42 0.00119552
0.54 -0.36 0.00166405
0.54 -0.3 0.00228435
0.54 -0.24 0.00309279
0.54 -0.18 0.00412978
0.54 -0.12 0.00543865
0.54 -0.06 0.00706385
0.54 9.71445e-15 0.00904874
0.54 0.06 0.0114319
0.54 0.12 0.0142442
0.54 0.18 0.0175044
0.54 0.24 0.0212152
0.54 0.3 0.0253593
0.54 0.36 0.0298963
0.54 0.42 0.0347602
0.54 0.48 0.0398598
0.54 0.54 0.0450798
0.54 0.6 0.0502826
0.54 0.66 0.0553144
0.54 0.72 0.0600141
0.54 0.78 0.0642178
0.54 0.84 0.0677715
0.54 0.9 0.0705382
0.54 0.96 0.0724093
0.54 1.02 0.0733084
0.54 1.08 0.0731981
0.54 1.14 0.0720831
0.54 1.2 0.0700107
0.54 1.26 0.0670621
0.54 1.32 0.0633548
0.54 1.38 0.0590305
0.54 1.44 0.0542449
0.54 1.5 0.049162
0.54 1.56 0.0439429
0.54 1.62 0.038738
0.54 1.68 0.0336802
0.54 1.74 0.0288806
0.54 1.8 0.0244243
0.54 1.86 0.0203718
0.54 1.92 0.0167582
0.54 1.98 0.013596
0.54 2.04 0.0108789
0.54 2.1 0.00858516
0.54 2.16 0.00668193
0.54 2.22 0.00512911
0.54 2.28 0.00388302
0.54 2.34 0.00289929
0.54 2.4 0.00213501
0.54 2.46 0.00155058
0.54 2.52 0.00111067
0.54 2.58 0.000784623
0.54 2.64 0.000546671
0.54 2.7 0.000375648
0.6 -0.72 0.000170054
0.6 -0.66 0.000253585
0.6 -0.6 0.000464877
0.6 -0.54 0.000674516
0.6 -0.48 0.000965224
0.6 -0.42 0.00136227
0.6 -0.36 0.00189619
0.6 -0.3 0.00260309
0.6 -0.24 0.00352438
0.6 -0.18 0.00470621
0.6 -0.12 0.00619797
0.6 -0.06 0.00805036
0.6 9.71445e-15 0.0103126
0.6 0.06 0.013029
0.6 0.12 0.0162347
0.6 0.18 0.0199511
0.6 0.24 0.0241811
0.6 0.3 0.0289051
0.6 0.36 0.0340772
0.6 0.42 0.0396226
0.6 0.48 0.0454373
0.6 0.54 0.0513888
0.6 0.6 0.0573205
0.6 0.66 0.0630592
0.6 0.72 0.0684183
0.6 0.78 0.0732122
0.6 0.84 0.0772657
0.6 0.9 0.0804231
0.6 0.96 0.0825582
0.6 1.02 0.0835848
0.6 1.08 0.0834616
0.6 1.14 0.0821936
0.6 1.2 0.0798309
0.6 1.26 0.0764716
0.6 1.32 0.0722465
0.6 1.38 0.0673155
0.6 1.44 0.0618606
0.6 1.5 0.0560656
0.6 1.56 0.0501149
0.6 1.62 0.0441806
0.6 1.68 0.0384135
0.6 1.74 0.0329397
0.6 1.8 0.027858
0.6 1.86 0.0232363
0.6 1.92 0.019115
0.6 1.98 0.0155086
0.6 2.04 0.0124096
0.6 2.1 0.00979334
0.6 2.16 0.00762242
0.6 2.22 0.00585121
0.6 2.28 0.00442987
0.6 2.34 0.00330765
0.6 2.4 0.00243581
0.6 2.46 0.0017691
0.6 2.52 0.00126721
0.6 2.58 0.000895235
0.6 2.64 0.000623755
0.6 2.7 0.000428628
0.66 -0.72 0.000186801
0.66 -0.66 0.00027856
0.66 -0.6 0.000523453
0.66 -0.54 0.000759517
0.66 -0.48 0.00108691
0.66 -0.42 0.00153404
0.66 -0.36 0.00213534
0.66 -0.3 0.00293148
0.66 -0.24 0.00396916
0.66 -0.18 0.00530025
0.66 -0.12 0.00698043
0.66 -0.06 0.00906684
0.66 9.71445e-15 0.0116152
0.66 0.06 0.0146751
0.66 0.12 0.0182862
0.66 0.18 0.0224728
0.66 0.24 0.0272383
0.66 0.3 0.0325608
0.66 0.36 0.0383879
0.66 0.42 0.0446358
0.66 0.48 0.0511871
0.66 0.54 0.0578937
0.66 0.6 0.0645789
0.66 0.66 0.0710453
0.66 0.72 0.0770849
0.66 0.78 0.0824895
0.66 0.84 0.0870584
0.66 0.9 0.090618
0.66 0.96 0.0930266
0.66 1.02 0.0941868
0.66 1.08 0.0940504
0.66 1.14 0.0926227
0.66 1.2 0.0899639
0.66 1.26 0.0861797
0.66 1.32 0.0814206
0.66 1.38 0.075867
0.66 1.44 0.06972
0.66 1.5 0.0631905
0.66 1.56 0.0564856
0.66 1.62 0.0497978
0.66 1.68 0.0432982
0.66 1.74 0.0371299
0.66 1.8 0.0314024
0.66 1.86 0.0261935
0.66 1.92 0.0215484
0.66 1.98 0.0174832
0.66 2.04 0.0139901
0.66 2.1 0.0110409
0.66 2.16 0.00859374
0.66 2.22 0.00659701
0.66 2.28 0.00499458
0.66 2.34 0.00372944
0.66 2.4 0.00274647
0.66 2.46 0.00199479
0.66 2.52 0.00142892
0.66 2.58 0.00100951
0.66 2.64 0.000703394
0.66 2.7 0.000483366
0.72 -0.72 0.000202379
0.72 -0.66 0.000301788
0.72 -0.6 0.000582531
0.72 -0.54 0.000845268
0.72 -0.48 0.00120964
0.72 -0.42 0.00170731
0.72 -0.36 0.00237661
0.72 -0.3 0.00326278
0.72 -0.24 0.00441783
0.72 -0.18 0.00589956
0.72 -0.12 0.00776998
0.72 -0.06 0.0100927
0.72 9.71445e-15 0.0129295
0.72 0.06 0.0163363
0.72 0.12 0.0203567
0.72 0.18 0.0250182
0.72 0.24 0.0303244
0.72 0.3 0.0362506
0.72 0.36 0.0427393
0.72 0.42 0.0496972
0.72 0.48 0.0569933
0.72 0.54 0.0644617
0.72 0.6 0.0719074
0.72 0.66 0.0791103
0.72 0.72 0.0858384
0.72 0.78 0.0918578
0.72 0.84 0.0969487
0.72 0.9 0.100916
0.72 0.96 0.1036
0.72 1.02 0.104895
0.72 1.08 0.104747
0.72 1.14 0.103161
0.72 1.2 0.100202
0.72 1.26 0.0959893
0.72 1.32 0.0906915
0.72 1.38 0.0845069
0.72 1.44 0.0776624
0.72 1.5 0.070391
0.72 1.56 0.0629239
0.72 1.62 0.0554757
0.72 1.68 0.0482366
0.72 1.74 0.0413656
0.72 1.8 0.0349859
0.72 1.86 0.0291833
0.72 1.92 0.0240084
0.72 1.98 0.0194799
0.72 2.04 0.0155882
0.72 2.1 0.0123024
0.72 2.16 0.00957591
0.72 2.22 0.00735123
0.72 2.28 0.00556579
0.72 2.34 0.00415606
0.72 2.4 0.00306074
0.72 2.46 0.00222312
0.72 2.52 0.00159252
0.72 2.58 0.00112512
0.72 2.64 0.000783967
0.72 2.7 0.000538752
0.78 -0.72 0.000216241
0.78 -0.66 0.000435494
0.78 -0.6 0.000640737
0.78 -0.54 0.000929762
0.78 -0.48 0.00133059
0.78 -0.42 0.00187808
0.78 -0.36 0.00261439
0.78 -0.3 0.0035893
0.78 -0.24 0.00486011
0.78 -0.18 0.00649037
0.78 -0.12 0.00854834
0.78 -0.06 0.0111042
0.78 9.71445e-15 0.0142258
0.78 0.06 0.0179744
0.78 0.12 0.0223987
0.78 0.18 0.0275286
0.78 0.24 0.0333678
0.78 0.3 0.03989
0.78 0.36 0.0470314
0.78 0.42 0.0546902
0.78 0.48 0.0627213
0.78 0.54 0.0709428
0.78 0.6 0.0791383
0.78 0.66 0.0870683
0.78 0.72 0.0944752
0.78 0.78 0.101104
0.78 0.84 0.106711
0.78 0.9 0.11108
0.78 0.96 0.114038
0.78 1.02 0.115467
0.78 1.08 0.115306
0.78 1.14 0.113563
0.78 1.2 0.110309
0.78 1.26 0.105676
0.78 1.32 0.0998449
0.78 1.38 0.0930394
0.78 1.44 0.0855064
0.78 1.5 0.0775026
0.78 1.56 0.0692827
0.78 1.62 0.0610836
0.78 1.68 0.0531145
0.78 1.74 0.04555
0.78 1.8 0.0385263
0.78 1.86 0.032137
0.78 1.92 0.0264395
0.78 1.98 0.0214529
0.78 2.04 0.0171676
0.78 2.1 0.0135494
0.78 2.16 0.0105468
0.78 2.22 0.00809672
0.78 2.28 0.00613041
0.78 2.34 0.00457775
0.78 2.4 0.00337144
0.78 2.46 0.00244884
0.78 2.52 0.00175426
0.78 2.58 0.00123942
0.78 2.64 0.000863635
0.78 2.7 0.00059352
0.78 2.76 0.000402282
0.84 -0.72 0.000227877
0.84 -0.66 0.000473452
0.84 -0.6 0.000696601
0.84 -0.54 0.00101085
0.84 -0.48 0.0014467
0.84 -0.42 0.00204201
0.84 -0.36 0.00284265
0.84 -0.3 0.00390283
0.84 -0.24 0.0052848
0.84 -0.18 0.00705771
0.84 -0.12 0.00929577
0.84 -0.06 0.0120754
0.84 9.71445e-15 0.0154706
0.84 0.06 0.0195477
0.84 0.12 0.0243602
0.84 0.18 0.02994
0.84 0.24 0.0362916
0.84 0.3 0.0433879
0.84 0.36 0.0511568
0.84 0.42 0.0594879
0.84 0.48 0.0682255
0.84 0.54 0.0771709
0.84 0.6 0.0860887
0.84 0.66 0.0947177
0.84 0.72 0.102777
0.84 0.78 0.109993
0.84 0.84 0.116096
0.84 0.9 0.120853
0.84 0.96 0.124075
0.84 1.02 0.125633
0.84 1.08 0.125461
0.84 1.14 0.123569
0.84 1.2 0.120031
0.84 1.26 0.114993
0.84 1.32 0.108651
0.84 1.38 0.101248
0.84 1.44 0.0930533
0.84 1.5 0.0843457
0.84 1.56 0.0754024
0.84 1.62 0.0664805
0.84 1.68 0.0578092
0.84 1.74 0.0495774
0.84 1.8 0.0419337
0.84 1.86 0.0349806
0.84 1.92 0.0287798
0.84 1.98 0.0233524
0.84 2.04 0.0186883
0.84 2.1 0.01475
0.84 2.16 0.0114816
0.84 2.22 0.00881461
0.84 2.28 0.00667418
0.84 2.34 0.00498398
0.84 2.4 0.0036707
0.84 2.46 0.00266629
0.84 2.52 0.00191008
0.84 2.58 0.00134956
0.84 2.64 0.000940413
0.84 2.7 0.000646296
0.84 2.76 0.000438066
0.9 -0.72 0.000236839
0.9 -0.66 0.000508767
0.9 -0.6 0.000748583
0.9 -0.54 0.00108631
0.9 -0.48 0.00155474
0.9 -0.42 0.00219458
0.9 -0.36 0.0030551
0.9 -0.3 0.00419468
0.9 -0.24 0.00568011
0.9 -0.18 0.00758587
0.9 -0.12 0.00999172
0.9 -0.06 0.0129798
0.9 9.71445e-15 0.0166298
0.9 0.06 0.021013
0.9 0.12 0.026187
0.9 0.18 0.0321875
0.9 0.24 0.0390171
0.9 0.3 0.0466462
0.9 0.36 0.0550003
0.9 0.42 0.0639587
0.9 0.48 0.0733549
0.9 0.54 0.0829753
0.9 0.6 0.0925665
0.9 0.66 0.101848
0.9 0.72 0.110518
0.9 0.78 0.11828
0.9 0.84 0.124845
0.9 0.9 0.129965
0.9 0.96 0.133435
0.9 1.02 0.135114
0.9 1.08 0.134933
0.9 1.14 0.132901
0.9 1.2 0.1291
0.9 1.26 0.123685
0.9 1.32 0.116867
0.9 1.38 0.108907
0.9 1.44 0.100096
0.9 1.5 0.0907319
0.9 1.56 0.0811132
0.9 1.62 0.0715176
0.9 1.68 0.0621912
0.9 1.74 0.0533371
0.9 1.8 0.0451148
0.9 1.86 0.0376357
0.9 1.92 0.0309649
0.9 1.98 0.0251263
0.9 2.04 0.0201083
0.9 2.1 0.0158713
0.9 2.16 0.0123549
0.9 2.22 0.00948526
0.9 2.28 0.00718219
0.9 2.34 0.00536351
0.9 2.4 0.00395032
0.9 2.46 0.00286947
0.9 2.52 0.00205571
0.9 2.58 0.00145249
0.9 2.64 0.00101217
0.9 2.7 0.000695632
0.9 2.76 0.000471517
0.96 -0.72 0.00024277
0.96 -0.66 0.000540391
0.96 -0.6 0.000795137
0.96 -0.54 0.0011539
0.96 -0.48 0.00165152
0.96 -0.42 0.00233125
0.96 -0.36 0.00324548
0.96 -0.3 0.00445617
0.96 -0.24 0.0060344
0.96 -0.18 0.00805921
0.96 -0.12 0.0106155
0.96 -0.06 0.0137906
0.96 9.71445e-15 0.0176691
0.96 0.06 0.022329
0.96 0.12 0.0278275
0.96 0.18 0.034203
0.96 0.24 0.0414615
0.96 0.3 0.0495694
0.96 0.36 0.0584487
0.96 0.42 0.067971
0.96 0.48 0.0779588
0.96 0.54 0.0881849
0.96 0.6 0.0983809
0.96 0.66 0.108249
0.96 0.72 0.117467
0.96 0.78 0.125719
0.96 0.84 0.132703
0.96 0.9 0.138148
0.96 0.96 0.14184
0.96 1.02 0.143629
0.96 1.08 0.14344
0.96 1.14 0.141285
0.96 1.2 0.137248
0.96 1.26 0.131494
0.96 1.32 0.124249
0.96 1.38 0.115791
0.96 1.44 0.106424
0.96 1.5 0.0964718
0.96 1.56 0.0862473
0.96 1.62 0.0760465
0.96 1.68 0.0661312
0.96 1.74 0.0567177
0.96 1.8 0.0479759
0.96 1.86 0.0400233
0.96 1.92 0.0329302
0.96 1.98 0.026722
0.96 2.04 0.0213859
0.96 2.1 0.0168802
0.96 2.16 0.0131406
0.96 2.22 0.0100888
0.96 2.28 0.0076394
0.96 2.34 0.00570509
0.96 2.4 0.00420201
0.96 2.46 0.0030524
0.96 2.52 0.00218682
0.96 2.58 0.00154517
0.96 2.64 0.00107678
0.96 2.7 0.000740061
0.96 2.76 0.000501649
1.02 -0.72 0.000245427
1.02 -0.66 0.000567327
1.02 -0.6 0.000834799
1.02 -0.54 0.00121149
1.02 -0.48 0.00173399
1.02 -0.42 0.00244775
1.02 -0.36 0.00340778
1.02 -0.3 0.00467913
1.02 -0.24 0.00633649
1.02 -0.18 0.00846296
1.02 -0.12 0.0111477
1.02 -0.06 0.014485
1.02 9.71445e-15 0.0185588
1.02 0.06 0.0234516
1.02 0.12 0.029227
1.02 0.18 0.0359242
1.02 0.24 0.0435487
1.02 0.3 0.0520665
1.02 0.36 0.0613941
1.02 0.42 0.0713983
1.02 0.48 0.0818918
1.02 0.54 0.0926361
1.02 0.6 0.103349
1.02 0.66 0.113718
1.02 0.72 0.123405
1.02 0.78 0.132079
1.02 0.84 0.139418
1.02 0.9 0.145144
1.02 0.96 0.149026
1.02 1.02 0.150909
1.02 1.08 0.150717
1.02 1.14 0.148456
1.02 1.2 0.144216
1.02 1.26 0.138176
1.02 1.32 0.130567
1.02 1.38 0.12168
1.02 1.44 0.111841
1.02 1.5 0.101384
1.02 1.56 0.0906418
1.02 1.62 0.0799244
1.02 1.68 0.0695052
1.02 1.74 0.0596126
1.02 1.8 0.0504263
1.02 1.86 0.0420687
1.02 1.92 0.0346141
1.02 1.98 0.028089
1.02 2.04 0.0224807
1.02 2.1 0.0177448
1.02 2.16 0.0138139
1.02 2.22 0.0106062
1.02 2.28 0.00803135
1.02 2.34 0.00599795
1.02 2.4 0.00441788
1.02 2.46 0.0032093
1.02 2.52 0.00229928
1.02 2.58 0.00162468
1.02 2.64 0.00113222
1.02 2.7 0.000778187
1.02 2.76 0.000527506
1.08 -0.72 0.000394558
1.08 -0.66 0.000588689
1.08 -0.6 0.00086626
1.08 -0.54 0.00125718
1.08 -0.48 0.00179944
1.08 -0.42 0.00254017
1.08 -0.36 0.00353659
1.08 -0.3 0.00485614
1.08 -0.24 0.00657639
1.08 -0.18 0.00878357
1.08 -0.12 0.0115744
1.08 -0.06 0.0150364
1.08 9.71445e-15 0.0192655
1.08 0.06 0.024345
1.08 0.12 0.0303406
1.08 0.18 0.0372938
1.08 0.24 0.0452103
1.08 0.3 0.0540539
1.08 0.36 0.0637395
1.08 0.42 0.0741275
1.08 0.48 0.0850233
1.08 0.54 0.0961799
1.08 0.6 0.107307
1.08 0.66 0.118074
1.08 0.72 0.128138
1.08 0.78 0.137146
1.08 0.84 0.144771
1.08 0.9 0.150717
1.08 0.96 0.154755
1.08 1.02 0.156716
1.08 1.08 0.15652
1.08 1.14 0.154175
1.08 1.2 0.149778
1.08 1.26 0.143506
1.08 1.32 0.135607
1.08 1.38 0.126383
1.08 1.44 0.116165
1.08 1.5 0.105307
1.08 1.56 0.094152
1.08 1.62 0.0830211
1.08 1.68 0.0721995
1.08 1.74 0.0619261
1.08 1.8 0.0523843
1.08 1.86 0.0437037
1.08 1.92 0.03596
1.08 1.98 0.0291819
1.08 2.04 0.0233559
1.08 2.1 0.0184362
1.08 2.16 0.0143528
1.08 2.22 0.0110202
1.08 2.28 0.00834502
1.08 2.34 0.00623243
1.08 2.4 0.00459064
1.08 2.46 0.00333491
1.08 2.52 0.00238937
1.08 2.58 0.00168837
1.08 2.64 0.00117664
1.08 2.7 0.00080874
1.08 2.76 0.000548229
1.14 -0.72 0.000325299
1.14 -0.66 0.000603722
1.14 -0.6 0.000888398
1.14 -0.54 0.00128935
1.14 -0.48 0.00184554
1.14 -0.42 0.00260533
1.14 -0.36 0.00362733
1.14 -0.3 0.00498091
1.14 -0.24 0.00675026
1.14 -0.18 0.00901541
1.14 -0.12 0.0118752
1.14 -0.06 0.0154272
1.14 9.71445e-15 0.0197665
1.14 0.06 0.024978
1.14 0.12 0.0311305
1.14 0.18 0.0382647
1.14 0.24 0.0463877
1.14 0.3 0.0554628
1.14 0.36 0.0654019
1.14 0.42 0.0760616
1.14 0.48 0.0872435
1.14 0.54 0.098695
1.14 0.6 0.110114
1.14 0.66 0.121165
1.14 0.72 0.131495
1.14 0.78 0.140744
1.14 0.84 0.148572
1.14 0.9 0.15468
1.14 0.96 0.158826
1.14 1.02 0.160841
1.14 1.08 0.160642
1.14 1.14 0.15824
1.14 1.2 0.153732
1.14 1.26 0.147299
1.14 1.32 0.139194
1.14 1.38 0.129728
1.14 1.44 0.119245
1.14 1.5 0.108101
1.14 1.56 0.0966516
1.14 1.62 0.0852273
1.14 1.68 0.0741209
1.14 1.74 0.0635756
1.14 1.8 0.0537807
1.14 1.86 0.0448699
1.14 1.92 0.0369211
1.14 1.98 0.0299625
1.14 2.04 0.0239813
1.14 2.1 0.0189304
1.14 2.16 0.0147378
1.14 2.22 0.011316
1.14 2.28 0.00856927
1.14 2.34 0.0064001
1.14 2.4 0.00471431
1.14 2.46 0.00342477
1.14 2.52 0.00245383
1.14 2.58 0.00173397
1.14 2.64 0.00120845
1.14 2.7 0.00083062
1.14 2.76 0.000563075
1.14 2.82 0.000376464
1.2 -0.72 0.000337186
1.2 -0.66 0.000611854
1.2 -0.6 0.0009004
1.2 -0.54 0.0013068
1.2 -0.48 0.00187055
1.2 -0.42 0.00264073
1.2 -0.36 0.00367675
1.2 -0.3 0.00505522
1.2 -0.24 0.00684538
1.2 -0.18 0.0091422
1.2 -0.12 0.012042
1.2 -0.06 0.0156437
1.2 9.71445e-15 0.0200436
1.2 0.06 0.0253286
1.2 0.12 0.0315669
1.2 0.18 0.0388018
1.2 0.24 0.0470391
1.2 0.3 0.056242
1.2 0.36 0.0663208
1.2 0.42 0.0771319
1.2 0.48 0.0884727
1.2 0.54 0.100086
1.2 0.6 0.111668
1.2 0.66 0.122878
1.2 0.72 0.133355
1.2 0.78 0.142737
1.2 0.84 0.150678
1.2 0.9 0.156877
1.2 0.96 0.161084
1.2 1.02 0.163132
1.2 1.08 0.162936
1.2 1.14 0.160503
1.2 1.2 0.155932
1.2 1.26 0.14941
1.2 1.32 0.141194
1.2 1.38 0.131594
1.2 1.44 0.120962
1.2 1.5 0.109661
1.2 1.56 0.0980495
1.2 1.62 0.0864626
1.2 1.68 0.0751965
1.2 1.74 0.0644994
1.2 1.8 0.0545638
1.2 1.86 0.0455242
1.2 1.92 0.03746
1.2 1.98 0.0304007
1.2 2.04 0.0243328
1.2 2.1 0.0192081
1.2 2.16 0.0149543
1.2 2.22 0.0114827
1.2 2.28 0.00869573
1.2 2.34 0.00649468
1.2 2.4 0.00478408
1.2 2.46 0.00347562
1.2 2.52 0.00249028
1.2 2.58 0.00175978
1.2 2.64 0.00122647
1.2 2.7 0.000843027
1.2 2.76 0.000571503
1.2 2.82 0.000382104
1.26 -0.72 0.000344706
1.26 -0.66 0.00061277
1.26 -0.6 0.000901759
1.26 -0.54 0.00130881
1.26 -0.48 0.00187347
1.26 -0.42 0.00264492
1.26 -0.36 0.00369096
1.26 -0.3 0.00506717
1.26 -0.24 0.00686124
1.26 -0.18 0.00916292
1.26 -0.12 0.0120687
1.26 -0.06 0.0156781
1.26 9.71445e-15 0.0200873
1.26 0.06 0.0253827
1.26 0.12 0.0316344
1.26 0.18 0.0388841
1.26 0.24 0.0471381
1.26 0.3 0.0563603
1.26 0.36 0.0664604
1.26 0.42 0.0772943
1.26 0.48 0.0886596
1.26 0.54 0.100299
1.26 0.6 0.111906
1.26 0.66 0.123141
1.26 0.72 0.133641
1.26 0.78 0.143046
1.26 0.84 0.151008
1.26 0.9 0.157222
1.26 0.96 0.161441
1.26 1.02 0.163497
1.26 1.08 0.163301
1.26 1.14 0.160867
1.26 1.2 0.156289
1.26 1.26 0.149755
1.26 1.32 0.141522
1.26 1.38 0.131904
1.26 1.44 0.12125
1.26 1.5 0.109923
1.26 1.56 0.098286
1.26 1.62 0.0866722
1.26 1.68 0.0753813
1.26 1.74 0.0646596
1.26 1.8 0.0547006
1.26 1.86 0.0456388
1.26 1.92 0.0375558
1.26 1.98 0.0304792
1.26 2.04 0.024396
1.26 2.1 0.0192585
1.26 2.16 0.014994
1.26 2.22 0.0115133
1.26 2.28 0.00871914
1.26 2.34 0.00651228
1.26 2.4 0.0047972
1.26 2.46 0.00348519
1.26 2.52 0.0024972
1.26 2.58 0.00176472
1.26 2.64 0.00122993
1.26 2.7 0.000845427
1.26 2.76 0.000573147
1.26 2.82 0.000383215
1.32 -0.72 0.000347548
1.32 -0.66 0.000606363
1.32 -0.6 0.000892356
1.32 -0.54 0.00129517
1.32 -0.48 0.00185402
1.32 -0.42 0.00262798
1.32 -0.36 0.00365755
1.32 -0.3 0.00502073
1.32 -0.24 0.00679761
1.32 -0.18 0.0090771
1.32 -0.12 0.0119548
1.32 -0.06 0.0155289
1.32 9.71445e-15 0.019895
1.32 0.06 0.0251388
1.32 0.12 0.0313288
1.32 0.18 0.0385069
1.32 0.24 0.0466803
1.32 0.3 0.0558117
1.32 0.36 0.0658123
1.32 0.42 0.0765397
1.32 0.48 0.0877926
1.32 0.54 0.0993172
1.32 0.6 0.110812
1.32 0.66 0.121936
1.32 0.72 0.132335
1.32 0.78 0.141649
1.32 0.84 0.149533
1.32 0.9 0.155688
1.32 0.96 0.159868
1.32 1.02 0.161906
1.32 1.08 0.161716
1.32 1.14 0.159305
1.32 1.2 0.154775
1.32 1.26 0.148306
1.32 1.32 0.140156
1.32 1.38 0.130633
1.32 1.44 0.120083
1.32 1.5 0.108868
1.32 1.56 0.0973449
1.32 1.62 0.0858442
1.32 1.68 0.0746615
1.32 1.74 0.0640439
1.32 1.8 0.0541803
1.32 1.86 0.0452065
1.32 1.92 0.0372004
1.32 1.98 0.0301914
1.32 2.04 0.0241662
1.32 2.1 0.0190775
1.32 2.16 0.0148534
1.32 2.22 0.0114056
1.32 2.28 0.00863772
1.32 2.34 0.00645167
1.32 2.4 0.00475259
1.32 2.46 0.0034529
1.32 2.52 0.00247412
1.32 2.58 0.00174845
1.32 2.64 0.00121862
1.32 2.7 0.000837673
1.32 2.76 0.000567896
1.32 2.82 0.000379713
1.38 -0.72 0.000345598
1.38 -0.66 0.0005928
1.38 -0.6 0.000872419
1.38 -0.54 0.00126627
1.38 -0.48 0.00182554
1.38 -0.42 0.00257532
1.38 -0.36 0.00358344
1.38 -0.3 0.00491798
1.38 -0.24 0.00665727
1.38 -0.18 0.00888833
1.38 -0.12 0.0117046
1.38 -0.06 0.0152021
1.38 9.71445e-15 0.0194741
1.38 0.06 0.0246048
1.38 0.12 0.030661
1.38 0.18 0.0376839
1.38 0.24 0.0456798
1.38 0.3 0.0546128
1.38 0.36 0.0643959
1.38 0.42 0.0748902
1.38 0.48 0.0858986
1.38 0.54 0.0971714
1.38 0.6 0.108416
1.38 0.66 0.119299
1.38 0.72 0.129472
1.38 0.78 0.138583
1.38 0.84 0.146296
1.38 0.9 0.152318
1.38 0.96 0.156407
1.38 1.02 0.158402
1.38 1.08 0.158218
1.38 1.14 0.155861
1.38 1.2 0.15143
1.38 1.26 0.145102
1.38 1.32 0.137131
1.38 1.38 0.127814
1.38 1.44 0.117494
1.38 1.5 0.106522
1.38 1.56 0.0952485
1.38 1.62 0.0839973
1.38 1.68 0.0730565
1.38 1.74 0.062668
1.38 1.8 0.0530175
1.38 1.86 0.0442368
1.38 1.92 0.0364031
1.38 1.98 0.0295447
1.38 2.04 0.0236491
1.38 2.1 0.0186696
1.38 2.16 0.0145361
1.38 2.22 0.0111623
1.38 2.28 0.00845358
1.38 2.34 0.00631425
1.38 2.4 0.00465147
1.38 2.46 0.0033795
1.38 2.52 0.00242157
1.38 2.58 0.00171135
1.38 2.64 0.00119279
1.38 2.7 0.000819931
1.38 2.76 0.000555882
1.38 2.82 0.000371684
1.44 -0.72 0.000338937
1.44 -0.66 0.000505866
1.44 -0.6 0.000842571
1.44 -0.54 0.00123831
1.44 -0.48 0.00177023
1.44 -0.42 0.00249623
1.44 -0.36 0.00347207
1.44 -0.3 0.00476359
1.44 -0.24 0.00644636
1.44 -0.18 0.00860456
1.44 -0.12 0.0113284
1.44 -0.06 0.0147105
1.44 9.71445e-15 0.0188409
1.44 0.06 0.0238013
1.44 0.12 0.0296556
1.44 0.18 0.0364441
1.44 0.24 0.0441723
1.44 0.3 0.0528058
1.44 0.36 0.0622609
1.44 0.42 0.072402
1.44 0.48 0.0830402
1.44 0.54 0.0939338
1.44 0.6 0.104799
1.44 0.66 0.115315
1.44 0.72 0.125146
1.44 0.78 0.133949
1.44 0.84 0.141401
1.44 0.9 0.14722
1.44 0.96 0.151172
1.44 1.02 0.153098
1.44 1.08 0.152919
1.44 1.14 0.150642
1.44 1.2 0.146359
1.44 1.26 0.140245
1.44 1.32 0.13254
1.44 1.38 0.123536
1.44 1.44 0.113563
1.44 1.5 0.102959
1.44 1.56 0.0920631
1.44 1.62 0.0811893
1.44 1.68 0.0706154
1.44 1.74 0.0605746
1.44 1.8 0.0512473
1.44 1.86 0.0427606
1.44 1.92 0.0351888
1.44 1.98 0.0285595
1.44 2.04 0.0228609
1.44 2.1 0.0180478
1.44 2.16 0.0140522
1.44 2.22 0.0107908
1.44 2.28 0.0081724
1.44 2.34 0.00610436
1.44 2.4 0.00449694
1.44 2.46 0.00326727
1.44 2.52 0.00234121
1.44 2.58 0.00165457
1.44 2.64 0.00115324
1.44 2.7 0.000792761
1.44 2.76 0.000537469
1.44 2.82 0.000359379
1.5 -0.72 0.000327834
1.5 -0.66 0.000489297
1.5 -0.6 0.000821475
1.5 -0.54 0.00118952
1.5 -0.48 0.00169922
1.5 -0.42 0.00239451
1.5 -0.36 0.00332866
1.5 -0.3 0.00456447
1.5 -0.24 0.00617403
1.5 -0.18 0.00823769
1.5 -0.12 0.0108415
1.5 -0.06 0.0140737
1.5 9.71445e-15 0.0180204
1.5 0.06 0.022759
1.5 0.12 0.0283505
1.5 0.18 0.0348333
1.5 0.24 0.0422132
1.5 0.3 0.0504559
1.5 0.36 0.0594828
1.5 0.42 0.0691636
1.5 0.48 0.0793175
1.5 0.54 0.0897147
1.5 0.6 0.100085
1.5 0.66 0.110121
1.5 0.72 0.119503
1.5 0.78 0.127902
1.5 0.84 0.135014
1.5 0.9 0.140564
1.5 0.96 0.144334
1.5 1.02 0.146171
1.5 1.08 0.145997
1.5 1.14 0.143821
1.5 1.2 0.139731
1.5 1.26 0.133893
1.5 1.32 0.126536
1.5 1.38 0.11794
1.5 1.44 0.108418
1.5 1.5 0.0982954
1.5 1.56 0.0878933
1.5 1.62 0.0775119
1.5 1.68 0.0674174
1.5 1.74 0.057832
1.5 1.8 0.0489278
1.5 1.86 0.0408257
1.5 1.92 0.0335966
1.5 1.98 0.0272679
1.5 2.04 0.0218271
1.5 2.1 0.0172319
1.5 2.16 0.0134172
1.5 2.22 0.0103033
1.5 2.28 0.00780334
1.5 2.34 0.00582877
1.5 2.4 0.00429396
1.5 2.46 0.00311983
1.5 2.52 0.00223562
1.5 2.58 0.00157996
1.5 2.64 0.00110126
1.5 2.7 0.000757045
1.5 2.76 0.000513264
1.56 -0.72 0.000312734
1.56 -0.66 0.000488473
1.56 -0.6 0.000783172
1.56 -0.54 0.00113263
1.56 -0.48 0.00161615
1.56 -0.42 0.00227517
1.56 -0.36 0.00315994
1.56 -0.3 0.00432961
1.56 -0.24 0.00585226
1.56 -0.18 0.00780335
1.56 -0.12 0.010264
1.56 -0.06 0.0133174
1.56 9.71445e-15 0.0170444
1.56 0.06 0.0215178
1.56 0.12 0.0267951
1.56 0.18 0.0329121
1.56 0.24 0.0398739
1.56 0.3 0.0476486
1.56 0.36 0.0561608
1.56 0.42 0.065289
1.56 0.48 0.074862
1.56 0.54 0.0846633
1.56 0.6 0.0944376
1.56 0.66 0.103895
1.56 0.72 0.112735
1.56 0.78 0.12065
1.56 0.84 0.127349
1.56 0.9 0.132576
1.56 0.96 0.136124
1.56 1.02 0.13785
1.56 1.08 0.137681
1.56 1.14 0.135624
1.56 1.2 0.131764
1.56 1.26 0.126254
1.56 1.32 0.119316
1.56 1.38 0.11121
1.56 1.44 0.10223
1.56 1.5 0.0926841
1.56 1.56 0.0828758
1.56 1.62 0.0730871
1.56 1.68 0.0635685
1.56 1.74 0.0545308
1.56 1.8 0.0461346
1.56 1.86 0.0384951
1.56 1.92 0.0316792
1.56 1.98 0.0257118
1.56 2.04 0.0205817
1.56 2.1 0.0162487
1.56 2.16 0.0126518
1.56 2.22 0.0097157
1.56 2.28 0.00735834
1.56 2.34 0.00549645
1.56 2.4 0.00404919
1.56 2.46 0.00294206
1.56 2.52 0.00210824
1.56 2.58 0.00148998
1.56 2.64 0.00103854
1.56 2.7 0.000713941
1.56 2.76 0.000484048
1.62 -0.72 0.000118959
1.62 -0.66 0.000469913
1.62 -0.6 0.000686747
1.62 -0.54 0.00107077
1.62 -0.48 0.00152535
1.62 -0.42 0.00214414
1.62 -0.36 0.00297388
1.62 -0.3 0.00406984
1.62 -0.24 0.0054951
1.62 -0.18 0.00732011
1.62 -0.12 0.00962004
1.62 -0.06 0.0124722
1.62 9.71445e-15 0.0159519
1.62 0.06 0.020126
1.62 0.12 0.0250486
1.62 0.18 0.0307515
1.62 0.24 0.0372404
1.62 0.3 0.0444845
1.62 0.36 0.0524142
1.62 0.42 0.0609146
1.62 0.48 0.0698273
1.62 0.54 0.0789521
1.62 0.6 0.0880481
1.62 0.66 0.0968495
1.62 0.72 0.105073
1.62 0.78 0.112434
1.62 0.84 0.118663
1.62 0.9 0.12352
1.62 0.96 0.126814
1.62 1.02 0.128411
1.62 1.08 0.128244
1.62 1.14 0.12632
1.62 1.2 0.122719
1.62 1.26 0.117583
1.62 1.32 0.111116
1.62 1.38 0.103563
1.62 1.44 0.0951989
1.62 1.5 0.0863081
1.62 1.56 0.0771724
1.62 1.62 0.068056
1.62 1.68 0.0591927
1.62 1.74 0.0507764
1.62 1.8 0.0429581
1.62 1.86 0.0358447
1.62 1.92 0.0294981
1.62 1.98 0.0239416
1.62 2.04 0.0191647
1.62 2.1 0.0151303
1.62 2.16 0.0117809
1.62 2.22 0.00904688
1.62 2.28 0.00685193
1.62 2.34 0.00511821
1.62 2.4 0.0037706
1.62 2.46 0.00273961
1.62 2.52 0.00196321
1.62 2.58 0.00138748
1.62 2.64 0.000967125
1.62 2.7 0.00066485
1.62 2.76 0.000450767
1.68 -0.72 0.000136242
1.68 -0.66 0.000450249
1.68 -0.6 0.000655964
1.68 -0.54 0.00100735
1.68 -0.48 0.00143155
1.68 -0.42 0.00200794
1.68 -0.36 0.00277953
1.68 -0.3 0.00379702
1.68 -0.24 0.00511858
1.68 -0.18 0.00680864
1.68 -0.12 0.00893629
1.68 -0.06 0.0115724
1.68 9.71445e-15 0.0147854
1.68 0.06 0.018637
1.68 0.12 0.023176
1.68 0.18 0.028432
1.68 0.24 0.0344082
1.68 0.3 0.0410772
1.68 0.36 0.0483736
1.68 0.42 0.0561932
1.68 0.48 0.0643893
1.68 0.54 0.0727761
1.68 0.6 0.0811339
1.68 0.66 0.0892189
1.68 0.72 0.0967686
1.68 0.78 0.103525
1.68 0.84 0.109238
1.68 0.9 0.113691
1.68 0.96 0.116704
1.68 1.02 0.118157
1.68 1.08 0.11799
1.68 1.14 0.116209
1.68 1.2 0.112884
1.68 1.26 0.108152
1.68 1.32 0.102197
1.68 1.38 0.0952442
1.68 1.44 0.0875473
1.68 1.5 0.0793671
1.68 1.56 0.0709641
1.68 1.62 0.0625799
1.68 1.68 0.0544283
1.68 1.74 0.0466879
1.68 1.8 0.0394989
1.68 1.86 0.0329572
1.68 1.92 0.0271217
1.68 1.98 0.0220127
1.68 2.04 0.0176207
1.68 2.1 0.0139111
1.68 2.16 0.0108315
1.68 2.22 0.00831792
1.68 2.28 0.00629985
1.68 2.34 0.00470576
1.68 2.4 0.00346681
1.68 2.46 0.00251894
1.68 2.52 0.00180504
1.68 2.58 0.00127572
1.68 2.64 0.000889223
1.68 2.7 0.000611303
1.68 2.76 0.000414472
1.74 -0.78 0.000107963
1.74 -0.72 0.00015389
1.74 -0.66 0.000431119
1.74 -0.6 0.000625527
1.74 -0.54 0.000945852
1.74 -0.48 0.00133972
1.74 -0.42 0.00187338
1.74 -0.36 0.00258607
1.74 -0.3 0.0035238
1.74 -0.24 0.00473928
1.74 -0.18 0.00629086
1.74 -0.12 0.00824108
1.74 -0.06 0.0106537
1.74 9.71445e-15 0.0135908
1.74 0.06 0.0171074
1.74 0.12 0.0212472
1.74 0.18 0.0260364
1.74 0.24 0.0314779
1.74 0.3 0.0375453
1.74 0.36 0.0441793
1.74 0.42 0.051284
1.74 0.48 0.0587261
1.74 0.54 0.0663375
1.74 0.6 0.0739196
1.74 0.66 0.0812482
1.74 0.72 0.0880898
1.74 0.78 0.094206
1.74 0.84 0.0993744
1.74 0.9 0.103395
1.74 0.96 0.10611
1.74 1.02 0.107409
1.74 1.08 0.107237
1.74 1.14 0.105599
1.74 1.2 0.102564
1.74 1.26 0.0982505
1.74 1.32 0.0928303
1.74 1.38 0.0865073
1.74 1.44 0.0795084
1.74 1.5 0.0720746
1.74 1.56 0.0644394
1.74 1.62 0.0568223
1.74 1.68 0.0494176
1.74 1.74 0.0423888
1.74 1.8 0.03586
1.74 1.86 0.0299206
1.74 1.92 0.0246218
1.74 1.98 0.0199833
1.74 2.04 0.0159958
1.74 2.1 0.0126282
1.74 2.16 0.00983264
1.74 2.22 0.00755075
1.74 2.28 0.00571869
1.74 2.34 0.00427172
1.74 2.4 0.00314697
1.74 2.46 0.00228655
1.74 2.52 0.00163855
1.74 2.58 0.00115804
1.74 2.64 0.000807199
1.74 2.7 0.00055492
1.74 2.76 0.000376242
1.8 -0.84 8.32198e-05
1.8 -0.78 0.000120274
1.8 -0.72 0.000171437
1.8 -0.66 0.000413963
1.8 -0.6 0.000597587
1.8 -0.54 0.000852118
1.8 -0.48 0.00125443
1.8 -0.42 0.00174702
1.8 -0.36 0.00240251
1.8 -0.3 0.00326226
1.8 -0.24 0.00437342
1.8 -0.18 0.00578817
1.8 -0.12 0.00756219
1.8 -0.06 0.00975219
1.8 9.71445e-15 0.0124129
1.8 0.06 0.0155932
1.8 0.12 0.0193313
1.8 0.18 0.0236496
1.8 0.24 0.0285498
1.8 0.3 0.034007
1.8 0.36 0.039968
1.8 0.42 0.0463457
1.8 0.48 0.0530205
1.8 0.54 0.0598409
1.8 0.6 0.0666285
1.8 0.66 0.0731854
1.8 0.72 0.0792991
1.8 0.78 0.0847585
1.8 0.84 0.0893659
1.8 0.9 0.0929419
1.8 0.96 0.0953466
1.8 1.02 0.0964801
1.8 1.08 0.0962963
1.8 1.14 0.0948016
1.8 1.2 0.0920541
1.8 1.26 0.0881659
1.8 1.32 0.0832858
1.8 1.38 0.0775996
1.8 1.44 0.0713118
1.8 1.5 0.0646363
1.8 1.56 0.0577823
1.8 1.62 0.0509475
1.8 1.68 0.0443051
1.8 1.74 0.038
1.8 1.8 0.0321456
1.8 1.86 0.0268197
1.8 1.92 0.022069
1.8 1.98 0.0179108
1.8 2.04 0.0143363
1.8 2.1 0.0113178
1.8 2.16 0.00881201
1.8 2.22 0.00676684
1.8 2.28 0.00512497
1.8 2.34 0.00382811
1.8 2.4 0.00282017
1.8 2.46 0.00204906
1.8 2.52 0.00146835
1.8 2.58 0.00103774
1.8 2.64 0.000723349
1.8 2.7 0.000497276
1.8 2.76 0.000337161
1.86 -0.84 9.14342e-05
1.86 -0.78 0.000132145
1.86 -0.72 0.000188357
1.86 -0.66 0.00039985
1.86 -0.6 0.000573829
1.86 -0.54 0.000813599
1.86 -0.48 0.00117951
1.86 -0.42 0.00163426
1.86 -0.36 0.00223658
1.86 -0.3 0.00302321
1.86 -0.24 0.00403577
1.86 -0.18 0.00532023
1.86 -0.12 0.00692536
1.86 -0.06 0.00890076
1.86 9.71445e-15 0.0112941
1.86 0.06 0.0141474
1.86 0.12 0.0174935
1.86 0.18 0.0213506
1.86 0.24 0.0257192
1.86 0.3 0.0305761
1.86 0.36 0.0358727
1.86 0.42 0.0415308
1.86 0.48 0.047444
1.86 0.54 0.053479
1.86 0.6 0.0594769
1.86 0.66 0.0652623
1.86 0.72 0.0706491
1.86 0.78 0.0754517
1.86 0.84 0.0794941
1.86 0.9 0.0826209
1.86 0.96 0.0847091
1.86 1.02 0.0856718
1.86 1.08 0.0854686
1.86 1.14 0.0841069
1.86 1.2 0.0816407
1.86 1.26 0.0781663
1.86 1.32 0.0738185
1.86 1.38 0.0687619
1.86 1.44 0.063176
1.86 1.5 0.0572505
1.86 1.56 0.0511708
1.86 1.62 0.0451105
1.86 1.68 0.0392238
1.86 1.74 0.0336381
1.86 1.8 0.0284525
1.86 1.86 0.0237364
1.86 1.92 0.0195304
1.86 1.98 0.0158493
1.86 2.04 0.0126854
1.86 2.1 0.010014
1.86 2.16 0.00779653
1.86 2.22 0.00598676
1.86 2.28 0.00453399
1.86 2.34 0.00338661
1.86 2.4 0.00249484
1.86 2.46 0.00181263
1.86 2.52 0.00129891
1.86 2.58 0.000917986
1.86 2.64 0.000639867
1.86 2.7 0.000439878
1.86 2.76 0.00029824
1.92 -0.9 6.76117e-05
1.92 -0.84 9.90773e-05
1.92 -0.78 0.000143191
1.92 -0.72 0.000204104
1.92 -0.66 0.000389249
1.92 -0.6 0.000555131
1.92 -0.54 0.000782217
1.92 -0.48 0.00108901
1.92 -0.42 0.00153882
1.92 -0.36 0.00209387
1.92 -0.3 0.00281467
1.92 -0.24 0.00373761
1.92 -0.18 0.00490258
1.92 -0.12 0.00635168
1.92 -0.06 0.0081274
1.92 9.71445e-15 0.0102703
1.92 0.06 0.0128159
1.92 0.12 0.0157908
1.92 0.18 0.0192096
1.92 0.24 0.023071
1.92 0.3 0.0273526
1.92 0.36 0.0320107
1.92 0.42 0.0369755
1.92 0.48 0.0421531
1.92 0.54 0.047426
1.92 0.6 0.0526565
1.92 0.66 0.0576903
1.92 0.72 0.0623675
1.92 0.78 0.066525
1.92 0.84 0.0700119
1.92 0.9 0.072694
1.92 0.96 0.0744656
1.92 1.02 0.0752529
1.92 1.08 0.075022
1.92 1.14 0.07378
1.92 1.2 0.0715768
1.92 1.26 0.0684961
1.92 1.32 0.0646583
1.92 1.38 0.0602053
1.92 1.44 0.0552951
1.92 1.5 0.0500934
1.92 1.56 0.0447615
1.92 1.62 0.0394509
1.92 1.68 0.0342949
1.92 1.74 0.0294058
1.92 1.8 0.0248683
1.92 1.86 0.0207434
1.92 1.92 0.0170654
1.92 1.98 0.0138473
1.92 2.04 0.0110819
1.92 2.1 0.00874737
1.92 2.16 0.0068099
1.92 2.22 0.00522882
1.92 2.28 0.0039597
1.92 2.34 0.00295752
1.92 2.4 0.00217862
1.92 2.46 0.00158284
1.92 2.52 0.00113421
1.92 2.58 0.00080156
1.92 2.64 0.0005587
1.92 2.7 0.000384072
1.98 -0.9 7.22568e-05
1.98 -0.84 0.000105885
1.98 -0.78 0.00015303
1.98 -0.72 0.000218126
1.98 -0.66 0.000306641
1.98 -0.6 0.000541428
1.98 -0.54 0.000758186
1.98 -0.48 0.00104895
1.98 -0.42 0.00146196
1.98 -0.36 0.00197674
1.98 -0.3 0.00264072
1.98 -0.24 0.00348539
1.98 -0.18 0.00454489
1.98 -0.12 0.00585504
1.98 -0.06 0.0074514
1.98 9.71445e-15 0.00936758
1.98 0.06 0.0116325
1.98 0.12 0.014267
1.98 0.18 0.0172817
1.98 0.24 0.0206726
1.98 0.3 0.0244183
1.98 0.36 0.0284788
1.98 0.42 0.0327925
1.98 0.48 0.0372766
1.98 0.54 0.0418286
1.98 0.6 0.0463304
1.98 0.66 0.0506487
1.98 0.72 0.0546464
1.98 0.78 0.0581845
1.98 0.84 0.0611357
1.98 0.9 0.0633852
1.98 0.96 0.0648451
1.98 1.02 0.065454
1.98 1.08 0.0651847
1.98 1.14 0.0640453
1.98 1.2 0.0620802
1.98 1.26 0.0593637
1.98 1.32 0.0559998
1.98 1.38 0.0521119
1.98 1.44 0.047836
1.98 1.5 0.0433156
1.98 1.56 0.0386889
1.98 1.62 0.0340861
1.98 1.68 0.0296215
1.98 1.74 0.025391
1.98 1.8 0.0214674
1.98 1.86 0.0179023
1.98 1.92 0.014725
1.98 1.98 0.0119461
1.98 2.04 0.0095589
1.98 2.1 0.00754408
1.98 2.16 0.00587242
1.98 2.22 0.00450851
1.98 2.28 0.00341391
1.98 2.34 0.00254963
1.98 2.4 0.00187801
1.98 2.46 0.00136436
1.98 2.52 0.00097759
1.98 2.58 0.000690844
1.98 2.64 0.000481505
1.98 2.7 0.000330995
2.04 -0.96 5.1258e-05
2.04 -0.9 7.61596e-05
2.04 -0.84 0.000111604
2.04 -0.78 0.000161295
2.04 -0.72 0.000229909
2.04 -0.66 0.000323205
2.04 -0.6 0.000531759
2.04 -0.54 0.00074041
2.04 -0.48 0.00101834
2.04 -0.42 0.00138357
2.04 -0.36 0.001884
2.04 -0.3 0.00250077
2.04 -0.24 0.00327963
2.04 -0.18 0.00424948
2.04 -0.12 0.00544014
2.04 -0.06 0.00688097
2.04 9.71445e-15 0.00859881
2.04 0.06 0.0106163
2.04 0.12 0.0129485
2.04 0.18 0.0156016
2.04 0.24 0.018569
2.04 0.3 0.0218297
2.04 0.36 0.0253462
2.04 0.42 0.029064
2.04 0.48 0.0329106
2.04 0.54 0.0367973
2.04 0.6 0.0406228
2.04 0.66 0.0442742
2.04 0.72 0.0476359
2.04 0.78 0.050592
2.04 0.84 0.0530349
2.04 0.9 0.0548715
2.04 0.96 0.0560282
2.04 1.02 0.0564576
2.04 1.08 0.0561385
2.04 1.14 0.0550806
2.04 1.2 0.0533236
2.04 1.26 0.050933
2.04 1.32 0.047999
2.04 1.38 0.0446261
2.04 1.44 0.0409318
2.04 1.5 0.0370368
2.04 1.56 0.0330598
2.04 1.62 0.0291101
2.04 1.68 0.0252845
2.04 1.74 0.0216635
2.04 1.8 0.0183085
2.04 1.86 0.0152625
2.04 1.92 0.0125498
2.04 1.98 0.0101785
2.04 2.04 0.00814252
2.04 2.1 0.00642477
2.04 2.16 0.00500014
2.04 2.22 0.00383817
2.04 2.28 0.00290587
2.04 2.34 0.00216991
2.04 2.4 0.00159814
2.04 2.46 0.00116091
2.04 2.52 0.000831733
2.04 2.58 0.000587726
2.04 2.64 0.000409603
2.04 2.7 0.000281549
2.1 -0.96 5.32844e-05
2.1 -0.9 7.91706e-05
2.1 -0.84 0.000116016
2.1 -0.78 0.000167671
2.1 -0.72 0.000238996
2.1 -0.66 0.000335982
2.1 -0.6 0.000524529
2.1 -0.54 0.000726821
2.1 -0.48 0.000994559
2.1 -0.42 0.00134402
2.1 -0.36 0.00181127
2.1 -0.3 0.00238983
2.1 -0.24 0.00311485
2.1 -0.18 0.00401071
2.1 -0.12 0.00510195
2.1 -0.06 0.00641204
2.1 9.71445e-15 0.00796195
2.1 0.06 0.00976806
2.1 0.12 0.0118402
2.1 0.18 0.0141797
2.1 0.24 0.0167775
2.1 0.3 0.0196118
2.1 0.36 0.0226475
2.1 0.42 0.025835
2.1 0.48 0.0291108
2.1 0.54 0.0323988
2.1 0.6 0.0356123
2.1 0.66 0.0386566
2.1 0.72 0.0414366
2.1 0.78 0.0438558
2.1 0.84 0.0458268
2.1 0.9 0.0472754
2.1 0.96 0.0481432
2.1 1.02 0.0483935
2.1 1.08 0.0480132
2.1 1.14 0.0470136
2.1 1.2 0.0454316
2.1 1.26 0.0433238
2.1 1.32 0.0407677
2.1 1.38 0.0378524
2.1 1.44 0.0346776
2.1 1.5 0.0313442
2.1 1.56 0.0279513
2.1 1.62 0.0245909
2.1 1.68 0.0213427
2.1 1.74 0.0182738
2.1 1.8 0.0154342
2.1 1.86 0.0128596
2.1 1.92 0.0105689
2.1 1.98 0.0085681
2.1 2.04 0.00685164
2.1 2.1 0.00540442
2.1 2.16 0.00420475
2.1 2.22 0.00322674
2.1 2.28 0.00244237
2.1 2.34 0.00182343
2.1 2.4 0.0013427
2.1 2.46 0.000975191
2.1 2.52 0.000698577
2.1 2.58 0.000493567
2.1 2.64 0.000343945
2.16 -1.02 3.62615e-05
2.16 -0.96 5.46293e-05
2.16 -0.9 8.11691e-05
2.16 -0.84 0.000118944
2.16 -0.78 0.000171904
2.16 -0.72 0.000245029
2.16 -0.66 0.000344462
2.16 -0.6 0.000517881
2.16 -0.54 0.000714857
2.16 -0.48 0.000974157
2.16 -0.42 0.00131066
2.16 -0.36 0.00174118
2.16 -0.3 0.00229967
2.16 -0.24 0.00298106
2.16 -0.18 0.00381668
2.16 -0.12 0.00482663
2.16 -0.06 0.00602932
2.16 9.71445e-15 0.00744047
2.16 0.06 0.00907079
2.16 0.12 0.0109253
2.16 0.18 0.0130009
2.16 0.24 0.0152855
2.16 0.3 0.0177562
2.16 0.36 0.0203789
2.16 0.42 0.0231084
2.16 0.48 0.0258879
2.16 0.54 0.0286518
2.16 0.6 0.0313262
2.16 0.66 0.0338328
2.16 0.72 0.0360923
2.16 0.78 0.0380282
2.16 0.84 0.0395711
2.16 0.9 0.0406624
2.16 0.96 0.0412591
2.16 1.02 0.0413353
2.16 1.08 0.0408846
2.16 1.14 0.0399209
2.16 1.2 0.0384785
2.16 1.26 0.0366074
2.16 1.32 0.0343741
2.16 1.38 0.031855
2.16 1.44 0.0291322
2.16 1.5 0.0262907
2.16 1.56 0.0234118
2.16 1.62 0.0205708
2.16 1.68 0.0178334
2.16 1.74 0.0152535
2.16 1.8 0.0128716
2.16 1.86 0.0107155
2.16 1.92 0.00880029
2.16 1.98 0.00712976
2.16 2.04 0.00569811
2.16 2.1 0.00449219
2.16 2.16 0.00349342
2.16 2.22 0.00267975
2.16 2.28 0.00202762
2.16 2.34 0.00151328
2.16 2.4 0.001114
2.16 2.46 0.000808881
2.16 2.52 0.000579309
2.16 2.58 0.00040922
2.16 2.64 0.000285114
2.22 -1.02 3.6666e-05
2.22 -0.96 5.52379e-05
2.22 -0.9 8.20738e-05
2.22 -0.84 0.000120271
2.22 -0.78 0.000173821
2.22 -0.72 0.000247762
2.22 -0.66 0.000348301
2.22 -0.6 0.000482906
2.22 -0.54 0.000701985
2.22 -0.48 0.000953603
2.22 -0.42 0.00127866
2.22 -0.36 0.0016924
2.22 -0.3 0.00221131
2.22 -0.24 0.00286596
2.22 -0.18 0.00365196
2.22 -0.12 0.00459521
2.22 -0.06 0.00571003
2.22 9.71445e-15 0.00700748
2.22 0.06 0.00849384
2.22 0.12 0.0101697
2.22 0.18 0.012028
2.22 0.24 0.0140535
2.22 0.3 0.016222
2.22 0.36 0.0185001
2.22 0.42 0.020845
2.22 0.48 0.0232058
2.22 0.54 0.0255243
2.22 0.6 0.0277376
2.22 0.66 0.0297811
2.22 0.72 0.0315895
2.22 0.78 0.0331026
2.22 0.84 0.0342666
2.22 0.9 0.0350385
2.22 0.96 0.0353876
2.22 1.02 0.0352983
2.22 1.08 0.0347714
2.22 1.14 0.0338241
2.22 1.2 0.0324879
2.22 1.26 0.0308092
2.22 1.32 0.028844
2.22 1.38 0.0266577
2.22 1.44 0.0243194
2.22 1.5 0.021898
2.22 1.56 0.0194603
2.22 1.62 0.0170675
2.22 1.68 0.0147718
2.22 1.74 0.0126157
2.22 1.8 0.0106314
2.22 1.86 0.00883985
2.22 1.92 0.00725204
2.22 1.98 0.00586967
2.22 2.04 0.00468698
2.22 2.1 0.00369219
2.22 2.16 0.00286926
2.22 2.22 0.00219959
2.22 2.28 0.0016634
2.22 2.34 0.00124084
2.22 2.4 0.000913053
2.22 2.46 0.000662707
2.22 2.52 0.000474453
2.22 2.58 0.000335046
2.22 2.64 0.000233374
2.28 -1.08 2.39373e-05
2.28 -1.02 3.65651e-05
2.28 -0.96 5.50862e-05
2.28 -0.9 8.18475e-05
2.28 -0.84 0.000119939
2.28 -0.78 0.000173342
2.28 -0.72 0.000247077
2.28 -0.66 0.000347342
2.28 -0.6 0.000481581
2.28 -0.54 0.000686065
2.28 -0.48 0.000929851
2.28 -0.42 0.00124366
2.28 -0.36 0.00164157
2.28 -0.3 0.00213847
2.28 -0.24 0.00275754
2.28 -0.18 0.00350083
2.28 -0.12 0.00438751
2.28 -0.06 0.00542861
2.28 9.71445e-15 0.00663173
2.28 0.06 0.00799954
2.28 0.12 0.00952878
2.28 0.18 0.0112095
2.28 0.24 0.0130237
2.28 0.3 0.0149459
2.28 0.36 0.0169424
2.28 0.42 0.0189726
2.28 0.48 0.0209892
2.28 0.54 0.0229403
2.28 0.6 0.024772
2.28 0.66 0.026429
2.28 0.72 0.0278591
2.28 0.78 0.0290146
2.28 0.84 0.0298553
2.28 0.9 0.0303509
2.28 0.96 0.0304824
2.28 1.02 0.0302437
2.28 1.08 0.0296416
2.28 1.14 0.0286954
2.28 1.2 0.0274376
2.28 1.26 0.0259096
2.28 1.32 0.0241621
2.28 1.38 0.0222493
2.28 1.44 0.0202291
2.28 1.5 0.0181585
2.28 1.56 0.0160916
2.28 1.62 0.0140764
2.28 1.68 0.0121541
2.28 1.74 0.0103579
2.28 1.8 0.00871172
2.28 1.86 0.0072309
2.28 1.92 0.00592265
2.28 1.98 0.00478679
2.28 2.04 0.00381739
2.28 2.1 0.00300368
2.28 2.16 0.00233181
2.28 2.22 0.00178595
2.28 2.28 0.00134945
2.28 2.34 0.0010059
2.28 2.4 0.000739682
2.28 2.46 0.000536564
2.28 2.52 0.00038394
2.28 2.58 0.000271003
2.34 -1.08 2.35434e-05
2.34 -1.02 3.59631e-05
2.34 -0.96 5.41794e-05
2.34 -0.9 8.05009e-05
2.34 -0.84 0.000117966
2.34 -0.78 0.00017049
2.34 -0.72 0.000243012
2.34 -0.66 0.000341627
2.34 -0.6 0.00047365
2.34 -0.54 0.000647682
2.34 -0.48 0.000900645
2.34 -0.42 0.00120245
2.34 -0.36 0.00158402
2.34 -0.3 0.00205901
2.34 -0.24 0.00264108
2.34 -0.18 0.00334965
2.34 -0.12 0.00418547
2.34 -0.06 0.00516182
2.34 9.71445e-15 0.00628362
2.34 0.06 0.00755068
2.34 0.12 0.00895728
2.34 0.18 0.0104909
2.34 0.24 0.0121318
2.34 0.3 0.0138533
2.34 0.36 0.015622
2.34 0.42 0.0173982
2.34 0.48 0.0191378
2.34 0.54 0.0207938
2.34 0.6 0.0223176
2.34 0.66 0.0236634
2.34 0.72 0.0247871
2.34 0.78 0.0256522
2.34 0.84 0.026229
2.34 0.9 0.0264972
2.34 0.96 0.0264474
2.34 1.02 0.0260813
2.34 1.08 0.0254112
2.34 1.14 0.0244604
2.34 1.2 0.0232604
2.34 1.26 0.0218507
2.34 1.32 0.0202758
2.34 1.38 0.0185837
2.34 1.44 0.0168224
2.34 1.5 0.0150389
2.34 1.56 0.0132763
2.34 1.62 0.0115728
2.34 1.68 0.00996012
2.34 1.74 0.00846286
2.34 1.8 0.00709848
2.34 1.86 0.0058772
2.34 1.92 0.00480299
2.34 1.98 0.00387394
2.34 2.04 0.00308364
2.34 2.1 0.00242226
2.34 2.16 0.00187759
2.34 2.22 0.00143608
2.34 2.28 0.00108378
2.34 2.34 0.000806973
2.34 2.4 0.000592817
2.34 2.46 0.000429647
2.34 2.52 0.000307194
2.34 2.58 0.000216679
2.4 -1.08 2.28376e-05
2.4 -1.02 3.48848e-05
2.4 -0.96 5.25552e-05
2.4 -0.9 7.80872e-05
2.4 -0.84 0.000114428
2.4 -0.78 0.000165376
2.4 -0.72 0.000235727
2.4 -0.66 0.000331385
2.4 -0.6 0.000459453
2.4 -0.54 0.00062826
2.4 -0.48 0.000864685
2.4 -0.42 0.001153
2.4 -0.36 0.00151679
2.4 -0.3 0.00196861
2.4 -0.24 0.00252086
2.4 -0.18 0.003185
2.4 -0.12 0.00397575
2.4 -0.06 0.00489156
2.4 9.71445e-15 0.00593912
2.4 0.06 0.00711653
2.4 0.12 0.00841604
2.4 0.18 0.00982368
2.4 0.24 0.0113189
2.4 0.3 0.0128743
2.4 0.36 0.0144567
2.4 0.42 0.0160278
2.4 0.48 0.0175457
2.4 0.54 0.0189673
2.4 0.6 0.0202491
2.4 0.66 0.0213502
2.4 0.72 0.0222352
2.4 0.78 0.0228739
2.4 0.84 0.0232451
2.4 0.9 0.0233365
2.4 0.96 0.0231463
2.4 1.02 0.0226819
2.4 1.08 0.0219601
2.4 1.14 0.0210065
2.4 1.2 0.0198537
2.4 1.26 0.0185389
2.4 1.32 0.0171031
2.4 1.38 0.0155883
2.4 1.44 0.0140354
2.4 1.5 0.0124835
2.4 1.56 0.0109674
2.4 1.62 0.0095168
2.4 1.68 0.00815577
2.4 1.74 0.0069024
2.4 1.8 0.00576833
2.4 1.86 0.00475979
2.4 1.92 0.00387763
2.4 1.98 0.00311862
2.4 2.04 0.00247591
2.4 2.1 0.00194025
2.4 2.16 0.00150072
2.4 2.22 0.00114559
2.4 2.28 0.000863001
2.4 2.34 0.00064156
2.4 2.4 0.000470617
2.4 2.46 0.00034064
2.4 2.52 0.000243272
2.4 2.58 0.000171411
2.46 -1.14 1.41066e-05
2.46 -1.08 2.18484e-05
2.46 -1.02 3.33741e-05
2.46 -0.96 5.02786e-05
2.46 -0.9 7.47045e-05
2.46 -0.84 0.000109472
2.46 -0.78 0.000158215
2.46 -0.72 0.000225518
2.46 -0.66 0.000317027
2.46 -0.6 0.000439555
2.46 -0.54 0.000601049
2.46 -0.48 0.000810586
2.46 -0.42 0.00109457
2.46 -0.36 0.00143857
2.46 -0.3 0.00186512
2.46 -0.24 0.00238553
2.46 -0.18 0.00301007
2.46 -0.12 0.00374714
2.46 -0.06 0.00460615
2.46 9.71445e-15 0.00558221
2.46 0.06 0.00667527
2.46 0.12 0.0078765
2.46 0.18 0.00917137
2.46 0.24 0.0105387
2.46 0.3 0.0119515
2.46 0.36 0.0133773
2.46 0.42 0.0147792
2.46 0.48 0.0161182
2.46 0.54 0.0173532
2.46 0.6 0.0184455
2.46 0.66 0.0193586
2.46 0.72 0.0200618
2.46 0.78 0.020531
2.46 0.84 0.0207509
2.46 0.9 0.0207149
2.46 0.96 0.0204256
2.46 1.02 0.019895
2.46 1.08 0.0191434
2.46 1.14 0.0181977
2.46 1.2 0.0170906
2.46 1.26 0.0158583
2.46 1.32 0.0145384
2.46 1.38 0.0131688
2.46 1.44 0.0117851
2.46 1.5 0.0104203
2.46 1.56 0.00910259
2.46 1.62 0.00785542
2.46 1.68 0.00669685
2.46 1.74 0.0056395
2.46 1.8 0.00469088
2.46 1.86 0.00385367
2.46 1.92 0.00312654
2.46 1.98 0.00250496
2.46 2.04 0.00198168
2.46 2.1 0.00154788
2.46 2.16 0.00119364
2.46 2.22 0.000908674
2.46 2.28 0.000682819
2.46 2.34 0.000506449
2.46 2.4 0.000370739
2.46 2.46 0.000267843
2.46 2.52 0.000190959
2.52 -1.14 1.33102e-05
2.52 -1.08 2.06147e-05
2.52 -1.02 3.14897e-05
2.52 -0.96 4.74398e-05
2.52 -0.9 7.04873e-05
2.52 -0.84 0.000103292
2.52 -0.78 0.000149282
2.52 -0.72 0.000212784
2.52 -0.66 0.000299131
2.52 -0.6 0.000414733
2.52 -0.54 0.000567118
2.52 -0.48 0.000764814
2.52 -0.42 0.00102746
2.52 -0.36 0.00134952
2.52 -0.3 0.00174841
2.52 -0.24 0.00223447
2.52 -0.18 0.00281698
2.52 -0.12 0.0035033
2.52 -0.06 0.00429795
2.52 9.71445e-15 0.00520474
2.52 0.06 0.00621502
2.52 0.12 0.00732189
2.52 0.18 0.00851071
2.52 0.24 0.00976069
2.52 0.3 0.0110456
2.52 0.36 0.0123345
2.52 0.42 0.0135923
2.52 0.48 0.014782
2.52 0.54 0.015866
2.52 0.6 0.0168082
2.52 0.66 0.0175768
2.52 0.72 0.0181443
2.52 0.78 0.0184911
2.52 0.84 0.0186057
2.52 0.9 0.018485
2.52 0.96 0.0181351
2.52 1.02 0.0175706
2.52 1.08 0.0168132
2.52 1.14 0.0158909
2.52 1.2 0.0148354
2.52 1.26 0.0136821
2.52 1.32 0.0124656
2.52 1.38 0.0112203
2.52 1.44 0.00997819
2.52 1.5 0.00876714
2.52 1.56 0.00761078
2.52 1.62 0.00652784
2.52 1.68 0.00553179
2.52 1.74 0.00463135
2.52 1.8 0.00383078
2.52 1.86 0.00313018
2.52 1.92 0.00252662
2.52 1.98 0.00201452
2.52 2.04 0.00158645
2.52 2.1 0.00123388
2.52 2.16 0.000947714
2.52 2.22 0.000718798
2.52 2.28 0.000538298
2.52 2.34 0.000398001
2.52 2.4 0.000290515
2.52 2.46 0.000209332
2.58 -1.14 1.2386e-05
2.58 -1.08 1.91836e-05
2.58 -1.02 2.93033e-05
2.58 -0.96 4.41458e-05
2.58 -0.9 6.55929e-05
2.58 -0.84 9.61197e-05
2.58 -0.78 0.000138918
2.58 -0.72 0.000198011
2.58 -0.66 0.00027836
2.58 -0.6 0.000385939
2.58 -0.54 0.000527738
2.58 -0.48 0.000711714
2.58 -0.42 0.000946645
2.58 -0.36 0.00125102
2.58 -0.3 0.00162003
2.58 -0.24 0.0020693
2.58 -0.18 0.00260716
2.58 -0.12 0.00324018
2.58 -0.06 0.0039722
2.58 9.71445e-15 0.0048035
2.58 0.06 0.00573221
2.58 0.12 0.00674591
2.58 0.18 0.00783178
2.58 0.24 0.00897003
2.58 0.3 0.0101358
2.58 0.36 0.0112998
2.58 0.42 0.0124294
2.58 0.48 0.0134902
2.58 0.54 0.0144473
2.58 0.6 0.0152681
2.58 0.66 0.0159235
2.58 0.72 0.0163895
2.58 0.78 0.0166496
2.58 0.84 0.0166949
2.58 0.9 0.0165247
2.58 0.96 0.0161468
2.58 1.02 0.0155767
2.58 1.08 0.0148367
2.58 1.14 0.0139545
2.58 1.2 0.0129607
2.58 1.26 0.0118885
2.58 1.32 0.0107705
2.58 1.38 0.00963805
2.58 1.44 0.00851967
2.58 1.5 0.0074397
2.58 1.56 0.00641818
2.58 1.62 0.00547031
2.58 1.68 0.00460648
2.58 1.74 0.00383253
2.58 1.8 0.00315044
2.58 1.86 0.00255867
2.58 1.92 0.00205315
2.58 1.98 0.00162766
2.58 2.04 0.00127477
2.58 2.1 0.000986268
2.58 2.16 0.000753758
2.58 2.22 0.000569001
2.58 2.28 0.000424237
2.58 2.34 0.000312373
2.58 2.4 0.000227138
2.58 2.46 0.000163082
2.64 -1.14 1.13676e-05
2.64 -1.08 1.76062e-05
2.64 -1.02 2.68938e-05
2.64 -0.96 4.0516e-05
2.64 -0.9 6.01998e-05
2.64 -0.84 8.82165e-05
2.64 -0.78 0.000127494
2.64 -0.72 0.00018173
2.64 -0.66 0.000255474
2.64 -0.6 0.000354205
2.64 -0.54 0.000484348
2.64 -0.48 0.000653195
2.64 -0.42 0.000868807
2.64 -0.36 0.00114526
2.64 -0.3 0.0014826
2.64 -0.24 0.00189308
2.64 -0.18 0.0023842
2.64 -0.12 0.00296173
2.64 -0.06 0.00362902
2.64 9.71445e-15 0.00438601
2.64 0.06 0.00522882
2.64 0.12 0.00615028
2.64 0.18 0.00713445
2.64 0.24 0.00816393
2.64 0.3 0.00921562
2.64 0.36 0.0102624
2.64 0.42 0.0112741
2.64 0.48 0.012219
2.64 0.54 0.0130657
2.64 0.6 0.013784
2.64 0.66 0.0143483
2.64 0.72 0.0147373
2.64 0.78 0.0149366
2.64 0.84 0.0149391
2.64 0.9 0.0147456
2.64 0.96 0.0143646
2.64 1.02 0.0138117
2.64 1.08 0.0131084
2.64 1.14 0.0122814
2.64 1.2 0.0113593
2.64 1.26 0.0103734
2.64 1.32 0.00935352
2.64 1.38 0.00832822
2.64 1.44 0.0073231
2.64 1.5 0.00635962
2.64 1.56 0.00545502
2.64 1.62 0.00462194
2.64 1.68 0.00386847
2.64 1.74 0.0031986
2.64 1.8 0.0026129
2.64 1.86 0.00210877
2.64 1.92 0.00168151
2.64 1.98 0.00132475
2.64 2.04 0.00103117
2.64 2.1 0.000793031
2.64 2.16 0.000602555
2.64 2.22 0.000452311
2.64 2.28 0.000335423
2.64 2.34 0.000245714
2.64 2.4 0.000177802
2.7 -1.2 6.55215e-06
2.7 -1.14 1.02895e-05
2.7 -1.08 1.59363e-05
2.7 -1.02 2.43434e-05
2.7 -0.96 3.66738e-05
2.7 -0.9 5.44905e-05
2.7 -0.84 7.98503e-05
2.7 -0.78 0.000115404
2.7 -0.72 0.000164494
2.7 -0.66 0.000231244
2.7 -0.6 0.000320613
2.7 -0.54 0.000438414
2.7 -0.48 0.000591248
2.7 -0.42 0.000786404
2.7 -0.36 0.00103161
2.7 -0.3 0.00133947
2.7 -0.24 0.00170992
2.7 -0.18 0.00215296
2.7 -0.12 0.00267369
2.7 -0.06 0.00327495
2.7 9.71445e-15 0.00395661
2.7 0.06 0.00471491
2.7 0.12 0.00554179
2.7 0.18 0.00642603
2.7 0.24 0.00734883
2.7 0.3 0.00828982
2.7 0.36 0.00922437
2.7 0.42 0.0101251
2.7 0.48 0.0109632
2.7 0.54 0.0117103
2.7 0.6 0.0123395
2.7 0.66 0.0128278
2.7 0.72 0.0131562
2.7 0.78 0.0133123
2.7 0.84 0.0132905
2.7 0.9 0.0130922
2.7 0.96 0.0127258
2.7 1.02 0.0122064
2.7 1.08 0.0115543
2.7 1.14 0.0107939
2.7 1.2 0.009952
2.7 1.26 0.00905709
2.7 1.32 0.00813637
2.7 1.38 0.0072156
2.7 1.44 0.00631755
2.7 1.5 0.00546131
2.7 1.56 0.00466181
2.7 1.62 0.00392966
2.7 1.68 0.00327135
2.7 1.74 0.00268975
2.7 1.8 0.00218446
2.7 1.86 0.00175245
2.7 1.92 0.00138882
2.7 1.98 0.00108736
2.7 2.04 0.000841085
2.7 2.1 0.000642776
2.7 2.16 0.000485336
2.7 2.22 0.000362074
2.7 2.28 0.000266877
2.7 2.34 0.000194348
2.7 2.4 0.000139827
2.76 -1.2 5.84927e-06
2.76 -1.14 9.18563e-06
2.76 -1.08 1.42268e-05
2.76 -1.02 2.17318e-05
2.76 -0.96 3.27396e-05
2.76 -0.9 4.86449e-05
2.76 -0.84 7.12836e-05
2.76 -0.78 0.000103023
2.76 -0.72 0.000146846
2.76 -0.66 0.000206438
2.76 -0.6 0.00028622
2.76 -0.54 0.000391379
2.76 -0.48 0.00052782
2.76 -0.42 0.000702036
2.76 -0.36 0.000920937
2.76 -0.3 0.00119431
2.76 -0.24 0.00152436
2.76 -0.18 0.00191898
2.76 -0.12 0.00238265
2.76 -0.06 0.00291778
2.76 9.71445e-15 0.00352426
2.76 0.06 0.00419849
2.76 0.12 0.00493328
2.76 0.18 0.00571747
2.76 0.24 0.00653648
2.76 0.3 0.00737011
2.76 0.36 0.00819672
2.76 0.42 0.00899196
2.76 0.48 0.00973001
2.76 0.54 0.0103855
2.76 0.6 0.0109349
2.76 0.66 0.0113571
2.76 0.72 0.0116363
2.76 0.78 0.0117612
2.76 0.84 0.0117273
2.76 0.9 0.0115362
2.76 0.96 0.0111962
2.76 1.02 0.0107208
2.76 1.08 0.010129
2.76 1.14 0.00944246
2.76 1.2 0.00868616
2.76 1.26 0.00788504
2.76 1.32 0.00706395
2.76 1.38 0.00624567
2.76 1.44 0.00545044
2.76 1.5 0.00469497
2.76 1.56 0.00399225
2.76 1.62 0.00335138
2.76 1.68 0.00277761
2.76 1.74 0.00227311
2.76 1.8 0.00183689
2.76 1.86 0.00146591
2.76 1.92 0.00115538
2.76 1.98 0.000899427
2.76 2.04 0.000691621
2.76 2.1 0.000525359
2.76 2.16 0.000394234
2.76 2.22 0.000292272
2.76 2.28 0.000214072
2.76 2.34 0.000154919
2.82 -1.2 5.14996e-06
2.82 -1.14 8.08747e-06
2.82 -1.08 1.2526e-05
2.82 -1.02 1.91337e-05
2.82 -0.96 2.88255e-05
2.82 -0.9 4.28295e-05
2.82 -0.84 6.27621e-05
2.82 -0.78 9.07069e-05
2.82 -0.72 0.000129292
2.82 -0.66 0.000181758
2.82 -0.6 0.000252
2.82 -0.54 0.000344591
2.82 -0.48 0.000464717
2.82 -0.42 0.000618112
2.82 -0.36 0.000810834
2.82 -0.3 0.00104903
2.82 -0.24 0.00134089
2.82 -0.18 0.00168782
2.82 -0.12 0.00209535
2.82 -0.06 0.0025656
2.82 9.71445e-15 0.00309837
2.82 0.06 0.00369039
2.82 0.12 0.0043354
2.82 0.18 0.00502336
2.82 0.24 0.00574078
2.82 0.3 0.00647138
2.82 0.36 0.00719474
2.82 0.42 0.00788973
2.82 0.48 0.00853369
2.82 0.54 0.00910431
2.82 0.6 0.00958061
2.82 0.66 0.00994468
2.82 0.72 0.010182
2.82 0.78 0.0102836
2.82 0.84 0.0102453
2.82 0.9 0.0100689
2.82 0.96 0.00976174
2.82 1.02 0.00933626
2.82 1.08 0.00880919
2.82 1.14 0.00820025
2.82 1.2 0.00753122
2.82 1.26 0.00682443
2.82 1.32 0.00610161
2.82 1.38 0.00538308
2.82 1.44 0.00468641
2.82 1.5 0.00402623
2.82 1.56 0.00341374
2.82 1.62 0.00285674
2.82 1.68 0.00235963
2.82 1.74 0.00192392
2.82 1.8 0.00154855
2.82 1.86 0.00123053
2.82 1.92 0.000965462
2.82 1.98 0.000747963
2.82 2.04 0.000572223
2.82 2.1 0.000432338
2.82 2.16 0.000322618
2.82 2.22 0.000237793
2.82 2.28 0.000173133
2.88 -1.2 4.47196e-06
2.88 -1.14 7.02277e-06
2.88 -1.08 1.08768e-05
2.88 -1.02 1.66148e-05
2.88 -0.96 2.50305e-05
2.88 -0.9 3.71905e-05
2.88 -0.84 5.4499e-05
2.88 -0.78 7.87647e-05
2.88 -0.72 0.000112269
2.88 -0.66 0.000157828
2.88 -0.6 0.000218824
2.88 -0.54 0.000299224
2.88 -0.48 0.000403537
2.88 -0.42 0.000536732
2.88 -0.36 0.000704089
2.88 -0.3 0.000910924
2.88 -0.24 0.00116232
2.88 -0.18 0.00146462
2.88 -0.12 0.00181811
2.88 -0.06 0.00222592
2.88 9.71445e-15 0.00268782
2.88 0.06 0.00320107
2.88 0.12 0.00375996
2.88 0.18 0.00435597
2.88 0.24 0.00497724
2.88 0.3 0.00560916
2.88 0.36 0.00623475
2.88 0.42 0.00683558
2.88 0.48 0.00739136
2.88 0.54 0.00788302
2.88 0.6 0.00829248
2.88 0.66 0.0086041
2.88 0.72 0.00880559
2.88 0.78 0.00888882
2.88 0.84 0.0088506
2.88 0.9 0.00869267
2.88 0.96 0.00842146
2.88 1.02 0.00804802
2.88 1.08 0.00758696
2.88 1.14 0.00705545
2.88 1.2 0.00647258
2.88 1.26 0.00585788
2.88 1.32 0.00523028
2.88 1.38 0.00460727
2.88 1.44 0.00400418
2.88 1.5 0.00343365
2.88 1.56 0.00290531
2.88 1.62 0.00242573
2.88 1.68 0.00199859
2.88 1.74 0.00162507
2.88 1.8 0.0013041
2.88 1.86 0.00103291
2.88 1.92 0.000807538
2.88 1.98 0.000623229
2.88 2.04 0.00047484
2.88 2.1 0.000357187
2.88 2.16 0.000265295
2.88 2.22 0.000194576
2.88 2.28 0.000140928
2.94 -1.2 3.8298e-06
2.94 -1.14 6.01437e-06
2.94 -1.08 9.3151e-06
2.94 -1.02 1.42289e-05
2.94 -0.96 2.14363e-05
2.94 -0.9 3.18506e-05
2.94 -0.84 4.66737e-05
2.94 -0.78 6.74548e-05
2.94 -0.72 9.61496e-05
2.94 -0.66 0.000135167
2.94 -0.6 0.000187402
2.94 -0.54 0.000256259
2.94 -0.48 0.000345594
2.94 -0.42 0.000459668
2.94 -0.36 0.000602986
2.94 -0.3 0.000780121
2.94 -0.24 0.000995426
2.94 -0.18 0.00125269
2.94 -0.12 0.00155625
2.94 -0.06 0.00190523
2.94 9.71445e-15 0.00230043
2.94 0.06 0.00273945
2.94 0.12 0.00321751
2.94 0.18 0.00372709
2.94 0.24 0.00425814
2.94 0.3 0.00479817
2.94 0.36 0.00533255
2.94 0.42 0.00584514
2.94 0.48 0.00631937
2.94 0.54 0.00673842
2.94 0.6 0.00708667
2.94 0.66 0.00735103
2.94 0.72 0.00752084
2.94 0.78 0.00758946
2.94 0.84 0.00755401
2.94 0.9 0.00741603
2.94 0.96 0.00718121
2.94 1.02 0.00685913
2.94 1.08 0.00646217
2.94 1.14 0.0060055
2.94 1.2 0.0055052
2.94 1.26 0.00497818
2.94 1.32 0.00444061
2.94 1.38 0.00390758
2.94 1.44 0.00339213
2.94 1.5 0.00290502
2.94 1.56 0.00245447
2.94 1.62 0.002046
2.94 1.68 0.00168275
2.94 1.74 0.00136556
2.94 1.8 0.00109347
2.94 1.86 0.00086402
2.94 1.92 0.00067374
2.94 1.98 0.000518482
2.94 2.04 0.000393801
2.94 2.1 0.000295224
2.94 2.16 0.00021847
2.94 2.22 0.000159598
3 -1.2 3.23484e-06
3 -1.14 5.07994e-06
3 -1.08 7.86793e-06
3 -1.02 1.20184e-05
3 -0.96 1.8106e-05
3 -0.9 2.6902e-05
3 -0.84 3.9422e-05
3 -0.78 5.69749e-05
3 -0.72 8.12116e-05
3 -0.66 0.000114166
3 -0.6 0.000158289
3 -0.54 0.000216443
3 -0.48 0.000291903
3 -0.42 0.000388253
3 -0.36 0.00050931
3 -0.3 0.000658929
3 -0.24 0.000840782
3 -0.18 0.00105807
3 -0.12 0.00131405
3 -0.06 0.00160863
3 9.71445e-15 0.00194221
3 0.06 0.00231276
3 0.12 0.00271619
3 0.18 0.00314616
3 0.24 0.00359421
3 0.3 0.00404969
3 0.36 0.00450024
3 0.42 0.00493227
3 0.48 0.00533166
3 0.54 0.00568431
3 0.6 0.00597738
3 0.66 0.00619916
3 0.72 0.00634114
3 0.78 0.00639754
3 0.84 0.00636603
3 0.9 0.00624799
3 0.96 0.00604831
3 1.02 0.00577496
3 1.08 0.0054386
3 1.14 0.00505192
3 1.2 0.00462881
3 1.26 0.00418325
3 1.32 0.00372919
3 1.38 0.00327922
3 1.44 0.0028444
3 1.5 0.00243381
3 1.56 0.00205429
3 1.62 0.00171053
3 1.68 0.0014051
3 1.74 0.0011387
3 1.8 0.000910409
3 1.86 0.000718172
3 1.92 0.000558965
3 1.98 0.000429269
3 2.04 0.000325301
3 2.1 0.000243266
3 2.16 0.000179531
3.06 -1.2 2.69471e-06
3.06 -1.14 4.23176e-06
3.06 -1.08 6.55415e-06
3.06 -1.02 1.00117e-05
3.06 -0.96 1.50829e-05
3.06 -0.9 2.24103e-05
3.06 -0.84 3.28399e-05
3.06 -0.78 4.7462e-05
3.06 -0.72 6.7651e-05
3.06 -0.66 9.5104e-05
3.06 -0.6 0.000131859
3.06 -0.54 0.000180306
3.06 -0.48 0.000243162
3.06 -0.42 0.000323424
3.06 -0.36 0.00042427
3.06 -0.3 0.000548905
3.06 -0.24 0.000700389
3.06 -0.18 0.000881404
3.06 -0.12 0.00109396
3.06 -0.06 0.00133971
3.06 9.71445e-15 0.00161747
3.06 0.06 0.001926
3.06 0.12 0.00226185
3.06 0.18 0.00261982
3.06 0.24 0.00299275
3.06 0.3 0.0033718
3.06 0.36 0.00374669
3.06 0.42 0.00410614
3.06 0.48 0.00443826
3.06 0.54 0.00473137
3.06 0.6 0.00497467
3.06 0.66 0.0051587
3.06 0.72 0.00527626
3.06 0.78 0.00532236
3.06 0.84 0.00529525
3.06 0.9 0.00519611
3.06 0.96 0.00502895
3.06 1.02 0.00480052
3.06 1.08 0.00451978
3.06 1.14 0.00419717
3.06 1.2 0.00384432
3.06 1.26 0.00347302
3.06 1.32 0.00309474
3.06 1.38 0.00272003
3.06 1.44 0.00235809
3.06 1.5 0.00201648
3.06 1.56 0.0017009
3.06 1.62 0.00141524
3.06 1.68 0.00116155
3.06 1.74 0.000940447
3.06 1.8 0.00075113
3.06 1.86 0.000591829
3.06 1.92 0.000460032
3.06 1.98 0.000352784
3.06 2.04 0.000266917
3.06 2.1 0.000199251
3.12 -1.2 2.21391e-06
3.12 -1.14 3.47673e-06
3.12 -1.08 5.38476e-06
3.12 -1.02 8.22538e-06
3.12 -0.96 1.23916e-05
3.12 -0.9 1.84117e-05
3.12 -0.84 2.69804e-05
3.12 -0.78 3.89937e-05
3.12 -0.72 5.55812e-05
3.12 -0.66 7.81349e-05
3.12 -0.6 0.000108333
3.12 -0.54 0.000148135
3.12 -0.48 0.000199778
3.12 -0.42 0.000265721
3.12 -0.36 0.000348572
3.12 -0.3 0.00045097
3.12 -0.24 0.000575429
3.12 -0.18 0.000724143
3.12 -0.12 0.000898763
3.12 -0.06 0.00110017
3.12 9.71445e-15 0.00132863
3.12 0.06 0.00158204
3.12 0.12 0.00185787
3.12 0.18 0.00215184
3.12 0.24 0.00245807
3.12 0.3 0.0027693
3.12 0.36 0.00307708
3.12 0.42 0.0033721
3.12 0.48 0.00364467
3.12 0.54 0.00388515
3.12 0.6 0.00408465
3.12 0.66 0.00423541
3.12 0.72 0.00433147
3.12 0.78 0.00436889
3.12 0.84 0.00434623
3.12 0.9 0.00426432
3.12 0.96 0.0041266
3.12 1.02 0.00393854
3.12 1.08 0.00370753
3.12 1.14 0.00344226
3.12 1.2 0.00315215
3.12 1.26 0.00284699
3.12 1.32 0.00253617
3.12 1.38 0.00222838
3.12 1.44 0.00193118
3.12 1.5 0.00165077
3.12 1.56 0.00139181
3.12 1.62 0.00115746
3.12 1.68 0.000949471
3.12 1.74 0.00076824
3.12 1.8 0.00061316
3.12 1.86 0.000482741
3.12 1.92 0.000374906
3.12 1.98 0.000287222
3.12 2.04 0.000217073
3.18 -1.2 1.7939e-06
3.18 -1.14 2.81715e-06
3.18 -1.08 4.36316e-06
3.18 -1.02 6.66492e-06
3.18 -0.96 1.00409e-05
3.18 -0.9 1.49188e-05
3.18 -0.84 2.1862e-05
3.18 -0.78 3.15961e-05
3.18 -0.72 4.50364e-05
3.18 -0.66 6.33119e-05
3.18 -0.6 8.778e-05
3.18 -0.54 0.000120032
3.18 -0.48 0.000161877
3.18 -0.42 0.000215308
3.18 -0.36 0.000282441
3.18 -0.3 0.000365412
3.18 -0.24 0.000466259
3.18 -0.18 0.000586763
3.18 -0.12 0.00072826
3.18 -0.06 0.000891447
3.18 9.71445e-15 0.0010762
3.18 0.06 0.00128174
3.18 0.12 0.00150517
3.18 0.18 0.0017433
3.18 0.24 0.00199135
3.18 0.3 0.00224342
3.18 0.36 0.0024927
3.18 0.42 0.00273163
3.18 0.48 0.0029523
3.18 0.54 0.00314699
3.18 0.6 0.00330841
3.18 0.66 0.00343039
3.18 0.72 0.003508
3.18 0.78 0.00353808
3.18 0.84 0.00351944
3.18 0.9 0.00345284
3.18 0.96 0.00334097
3.18 1.02 0.00318843
3.18 1.08 0.00300109
3.18 1.14 0.00278598
3.18 1.2 0.0025508
3.18 1.26 0.0023035
3.18 1.32 0.00205164
3.18 1.38 0.00180228
3.18 1.44 0.00156154
3.18 1.5 0.00133444
3.18 1.56 0.00112477
3.18 1.62 0.000935084
3.18 1.68 0.000766755
3.18 1.74 0.000620144
3.18 1.8 0.000494727
3.18 1.86 0.000389291
3.18 1.92 0.000302152
3.18 1.98 0.00023133
3.24 -1.2 1.4336e-06
3.24 -1.14 2.25131e-06
3.24 -1.08 3.48684e-06
3.24 -1.02 5.32627e-06
3.24 -0.96 8.02415e-06
3.24 -0.9 1.19223e-05
3.24 -0.84 1.7471e-05
3.24 -0.78 2.525e-05
3.24 -0.72 3.59907e-05
3.24 -0.66 5.05956e-05
3.24 -0.6 7.01498e-05
3.24 -0.54 9.59234e-05
3.24 -0.48 0.000129363
3.24 -0.42 0.000172063
3.24 -0.36 0.000225714
3.24 -0.3 0.00029202
3.24 -0.24 0.000372611
3.24 -0.18 0.000468909
3.24 -0.12 0.000581988
3.24 -0.06 0.000712399
3.24 9.71445e-15 0.000860048
3.24 0.06 0.00102403
3.24 0.12 0.00120274
3.24 0.18 0.00139301
3.24 0.24 0.00159119
3.24 0.3 0.00179259
3.24 0.36 0.00199171
3.24 0.42 0.00218258
3.24 0.48 0.00235886
3.24 0.54 0.00251431
3.24 0.6 0.00264325
3.24 0.66 0.00274059
3.24 0.72 0.00280249
3.24 0.78 0.00282641
3.24 0.84 0.00281137
3.24 0.9 0.00275803
3.24 0.96 0.00266853
3.24 1.02 0.00254648
3.24 1.08 0.00239668
3.24 1.14 0.00222468
3.24 1.2 0.00203674
3.24 1.26 0.00183906
3.24 1.32 0.00163778
3.24 1.38 0.00143853
3.24 1.44 0.00124619
3.24 1.5 0.00106477
3.24 1.56 0.000897285
3.24 1.62 0.000745799
3.24 1.68 0.000611391
3.24 1.74 0.000494353
3.24 1.8 0.000394249
3.24 1.86 0.000310117
3.24 1.92 0.000240605
3.3 -1.2 1.12991e-06
3.3 -1.14 1.77439e-06
3.3 -1.08 2.74822e-06
3.3 -1.02 4.19795e-06
3.3 -0.96 6.32433e-06
3.3 -0.9 9.39677e-06
3.3 -0.84 1.37699e-05
3.3 -0.78 1.99011e-05
3.3 -0.72 2.83667e-05
3.3 -0.66 3.98776e-05
3.3 -0.6 5.52896e-05
3.3 -0.54 7.56025e-05
3.3 -0.48 0.00010196
3.3 -0.42 0.000135614
3.3 -0.36 0.000177899
3.3 -0.3 0.00023016
3.3 -0.24 0.00029368
3.3 -0.18 0.000369578
3.3 -0.12 0.0004587
3.3 -0.06 0.000561485
3.3 9.71445e-15 0.000677861
3.3 0.06 0.000807102
3.3 0.12 0.000947784
3.3 0.18 0.00109783
3.3 0.24 0.00125401
3.3 0.3 0.00141272
3.3 0.36 0.00156964
3.3 0.42 0.00172001
3.3 0.48 0.00185891
3.3 0.54 0.00198139
3.3 0.6 0.00208297
3.3 0.66 0.00215961
3.3 0.72 0.00220834
3.3 0.78 0.00222713
3.3 0.84 0.00221522
3.3 0.9 0.00217311
3.3 0.96 0.00210252
3.3 1.02 0.00200627
3.3 1.08 0.00188814
3.3 1.14 0.00175254
3.3 1.2 0.00160438
3.3 1.26 0.00144854
3.3 1.32 0.00128991
3.3 1.38 0.00113287
3.3 1.44 0.000981302
3.3 1.5 0.000838355
3.3 1.56 0.000706398
3.3 1.62 0.000587047
3.3 1.68 0.000481172
3.3 1.74 0.000388991
3.3 1.8 0.000310154
3.3 1.86 0.000243914
3.36 -1.2 8.7831e-07
3.36 -1.14 1.37929e-06
3.36 -1.08 2.13628e-06
3.36 -1.02 3.26319e-06
3.36 -0.96 4.91606e-06
3.36 -0.9 7.30439e-06
3.36 -0.84 1.07038e-05
3.36 -0.78 1.54698e-05
3.36 -0.72 2.20504e-05
3.36 -0.66 3.09981e-05
3.36 -0.6 4.2978e-05
3.36 -0.54 5.87685e-05
3.36 -0.48 7.92563e-05
3.36 -0.42 0.000105418
3.36 -0.36 0.000138286
3.36 -0.3 0.000178909
3.36 -0.24 0.000228285
3.36 -0.18 0.000287283
3.36 -0.12 0.000356558
3.36 -0.06 0.000436462
3.36 9.71445e-15 0.000526921
3.36 0.06 0.000627382
3.36 0.12 0.000736742
3.36 0.18 0.000853261
3.36 0.24 0.000974621
3.36 0.3 0.00109808
3.36 0.36 0.00122004
3.36 0.42 0.0013369
3.36 0.48 0.00144486
3.36 0.54 0.00154005
3.36 0.6 0.00161896
3.36 0.66 0.00167853
3.36 0.72 0.00171635
3.36 0.78 0.00173093
3.36 0.84 0.00172165
3.36 0.9 0.00168889
3.36 0.96 0.00163398
3.36 1.02 0.00155914
3.36 1.08 0.00146727
3.36 1.14 0.00136187
3.36 1.2 0.00124667
3.36 1.26 0.00112553
3.36 1.32 0.00100221
3.36 1.38 0.000880147
3.36 1.44 0.000762341
3.36 1.5 0.000651237
3.36 1.56 0.000548684
3.36 1.62 0.000455934
3.36 1.68 0.000373671
3.36 1.74 0.000302044
3.42 -1.14 1.05743e-06
3.42 -1.08 1.63776e-06
3.42 -1.02 2.50172e-06
3.42 -0.96 3.76889e-06
3.42 -0.9 5.59983e-06
3.42 -0.84 8.20601e-06
3.42 -0.78 1.18598e-05
3.42 -0.72 1.69047e-05
3.42 -0.66 2.37643e-05
3.42 -0.6 3.2949e-05
3.42 -0.54 4.50546e-05
3.42 -0.48 6.07615e-05
3.42 -0.42 8.08177e-05
3.42 -0.36 0.000106017
3.42 -0.3 0.000137161
3.42 -0.24 0.000175014
3.42 -0.18 0.000220244
3.42 -0.12 0.000273356
3.42 -0.06 0.000334611
3.42 9.71445e-15 0.000403959
3.42 0.06 0.000480982
3.42 0.12 0.000564815
3.42 0.18 0.000654149
3.42 0.24 0.000747195
3.42 0.3 0.000841742
3.42 0.36 0.000935297
3.42 0.42 0.00102489
3.42 0.48 0.00110764
3.42 0.54 0.00118059
3.42 0.6 0.00124108
3.42 0.66 0.00128673
3.42 0.72 0.00131572
3.42 0.78 0.00132687
3.42 0.84 0.00131973
3.42 0.9 0.0012946
3.42 0.96 0.00125249
3.42 1.02 0.0011951
3.42 1.08 0.00112467
3.42 1.14 0.00104384
3.42 1.2 0.000955521
3.42 1.26 0.00086265
3.42 1.32 0.000768107
3.42 1.38 0.000674529
3.42 1.44 0.000584216
3.42 1.5 0.000499047
3.42 1.56 0.000420438
3.42 1.62 0.000349348
3.42 1.68 0.000286292
3.48 -1.02 1.89156e-06
3.48 -0.96 2.84969e-06
3.48 -0.9 4.23413e-06
3.48 -0.84 6.20467e-06
3.48 -0.78 8.96731e-06
3.48 -0.72 1.27818e-05
3.48 -0.66 1.79686e-05
3.48 -0.6 2.49129e-05
3.48 -0.54 3.40662e-05
3.48 -0.48 4.5942e-05
3.48 -0.42 6.11069e-05
3.48 -0.36 8.01594e-05
3.48 -0.3 0.000103708
3.48 -0.24 0.000132329
3.48 -0.18 0.000166527
3.48 -0.12 0.000206685
3.48 -0.06 0.000253001
3.48 9.71445e-15 0.00030544
3.48 0.06 0.00036367
3.48 0.12 0.000427063
3.48 0.18 0.000494606
3.48 0.24 0.000564954
3.48 0.3 0.000636443
3.48 0.36 0.000707119
3.48 0.42 0.000774847
3.48 0.48 0.000837456
3.48 0.54 0.00089262
3.48 0.6 0.000938344
3.48 0.66 0.000972856
3.48 0.72 0.000994761
3.48 0.78 0.00100319
3.48 0.84 0.000997791
3.48 0.9 0.000978778
3.48 0.96 0.00094693
3.48 1.02 0.000903521
3.48 1.08 0.000850263
3.48 1.14 0.000789144
3.48 1.2 0.000722362
3.48 1.26 0.000652141
3.48 1.32 0.000580651
3.48 1.38 0.000509902
3.48 1.44 0.00044162
3.48 1.5 0.000377225
3.48 1.56 0.000317792
3.54 -0.9 3.15744e-06
3.54 -0.84 4.62687e-06
3.54 -0.78 6.68697e-06
3.54 -0.72 9.53148e-06
3.54 -0.66 1.33995e-05
3.54 -0.6 1.85779e-05
3.54 -0.54 2.54036e-05
3.54 -0.48 3.42598e-05
3.54 -0.42 4.55676e-05
3.54 -0.36 5.97759e-05
3.54 -0.3 7.73361e-05
3.54 -0.24 9.86796e-05
3.54 -0.18 0.000124183
3.54 -0.12 0.000154129
3.54 -0.06 0.000188666
3.54 9.71445e-15 0.00022777
3.54 0.06 0.000271198
3.54 0.12 0.000318464
3.54 0.18 0.000368831
3.54 0.24 0.000421295
3.54 0.3 0.000474604
3.54 0.36 0.000527312
3.54 0.42 0.00057782
3.54 0.48 0.000624456
3.54 0.54 0.00066562
3.54 0.6 0.000699712
3.54 0.66 0.00072544
3.54 0.72 0.000741785
3.54 0.78 0.000748065
3.54 0.84 0.000744028
3.54 0.9 0.000729842
3.54 0.96 0.000706087
3.54 1.02 0.000673722
3.54 1.08 0.000634005
3.54 1.14 0.000588422
3.54 1.2 0.000538617
3.54 1.26 0.00048625
3.54 1.32 0.000432947
3.54 1.38 0.000380186
3.54 1.44 0.000329266
3.54 1.5 0.000281247
3.6 -0.78 4.91805e-06
3.6 -0.72 7.01014e-06
3.6 -0.66 9.85472e-06
3.6 -0.6 1.36634e-05
3.6 -0.54 1.86834e-05
3.6 -0.48 2.51968e-05
3.6 -0.42 3.35138e-05
3.6 -0.36 4.39634e-05
3.6 -0.3 5.68782e-05
3.6 -0.24 7.25755e-05
3.6 -0.18 9.1332e-05
3.6 -0.12 0.000113356
3.6 -0.06 0.000138758
3.6 9.71445e-15 0.000167514
3.6 0.06 0.000199456
3.6 0.12 0.00023422
3.6 0.18 0.000271265
3.6 0.24 0.000309849
3.6 0.3 0.000349056
3.6 0.36 0.000387819
3.6 0.42 0.000424964
3.6 0.48 0.000459267
3.6 0.54 0.000489515
3.6 0.6 0.000514584
3.6 0.66 0.000533523
3.6 0.72 0.000545538
3.6 0.78 0.000550153
3.6 0.84 0.000547184
3.6 0.9 0.000536749
3.6 0.96 0.00051928
3.6 1.02 0.000495472
3.6 1.08 0.000466258
3.6 1.14 0.00043274
3.6 1.2 0.000396106
3.6 1.26 0.000357592
3.6 1.32 0.000318386
3.6 1.38 0.000279582
3.66 -0.66 7.14821e-06
3.66 -0.6 9.91076e-06
3.66 -0.54 1.35522e-05
3.66 -0.48 1.82764e-05
3.66 -0.42 2.43093e-05
3.66 -0.36 3.18889e-05
3.66 -0.3 4.12566e-05
3.66 -0.24 5.26424e-05
3.66 -0.18 6.62476e-05
3.66 -0.12 8.22235e-05
3.66 -0.06 0.000100648
3.66 9.71445e-15 0.000121509
3.66 0.06 0.000144676
3.66 0.12 0.000169892
3.66 0.18 0.000196763
3.66 0.24 0.00022475
3.66 0.3 0.000253187
3.66 0.36 0.000281303
3.66 0.42 0.000308249
3.66 0.48 0.000333132
3.66 0.54 0.000355072
3.66 0.6 0.000373254
3.66 0.66 0.00038698
3.66 0.72 0.00039569
3.66 0.78 0.000399049
3.66 0.84 0.000396896
3.66 0.9 0.000389328
3.66 0.96 0.000376654
3.66 1.02 0.00035938
3.66 1.08 0.000338192
3.66 1.14 0.000313876
3.66 1.2 0.000287304
3.72 -0.54 9.69496e-06
3.72 -0.48 1.30748e-05
3.72 -0.42 1.73906e-05
3.72 -0.36 2.28129e-05
3.72 -0.3 2.95144e-05
3.72 -0.24 3.76597e-05
3.72 -0.18 4.73925e-05
3.72 -0.12 5.88209e-05
3.72 -0.06 7.20026e-05
3.72 9.71445e-15 8.6925e-05
3.72 0.06 0.000103499
3.72 0.12 0.000121539
3.72 0.18 0.000140761
3.72 0.24 0.000160782
3.72 0.3 0.000181127
3.72 0.36 0.000201241
3.72 0.42 0.000220515
3.72 0.48 0.000238317
3.72 0.54 0.000254013
3.72 0.6 0.00026702
3.72 0.66 0.000276838
3.72 0.72 0.000283068
3.72 0.78 0.000285462
3.72 0.84 0.00028392
3.72 0.9 0.000278513
3.72 0.96 0.000269447
3.72 1.02 0.000257092
3.72 1.08 0.00024193
3.78 -0.3 2.08238e-05
3.78 -0.24 2.65708e-05
3.78 -0.18 3.3438e-05
3.78 -0.12 4.15014e-05
3.78 -0.06 5.08013e-05
3.78 9.71445e-15 6.13302e-05
3.78 0.06 7.3024e-05
3.78 0.12 8.57515e-05
3.78 0.18 9.93136e-05
3.78 0.24 0.000113439
3.78 0.3 0.000127794
3.78 0.36 0.000141986
3.78 0.42 0.000155586
3.78 0.48 0.000168144
3.78 0.54 0.00017922
3.78 0.6 0.000188396
3.78 0.66 0.000195323
3.78 0.72 0.000199721
3.78 0.78 0.000201409
3.78 0.84 0.000200321
3.84 9.71445e-15 4.26767e-05
3.84 0.06 5.08139e-05
3.84 0.12 5.96699e-05
3.84 0.18 6.91079e-05
3.84 0.24 7.89377e-05
3.84 0.3 8.89259e-05
3.84 0.36 9.88011e-05
3.84 0.42 0.000108265
3.84 0.48 0.000117004
3.84 0.54 0.00012471
