4357 0.06 0.06 0.270356 -12 -12
-2.52 -0.06 1.0076e-05
-2.52 9.71445e-15 1.11633e-05
-2.52 0.06 1.21979e-05
-2.52 0.12 1.31452e-05
-2.52 0.18 1.39713e-05
-2.52 0.24 1.46453e-05
-2.46 -0.48 5.50159e-06
-2.46 -0.42 6.71542e-06
-2.46 -0.36 8.08432e-06
-2.46 -0.3 9.59841e-06
-2.46 -0.24 1.12395e-05
-2.46 -0.18 1.29804e-05
-2.46 -0.12 1.47846e-05
-2.46 -0.06 1.66083e-05
-2.46 9.71445e-15 1.84005e-05
-2.46 0.06 2.01059e-05
-2.46 0.12 2.16675e-05
-2.46 0.18 2.30293e-05
-2.46 0.24 2.41401e-05
-2.46 0.3 2.49569e-05
-2.46 0.36 2.54461e-05
-2.46 0.42 2.55891e-05
-2.46 0.48 2.53788e-05
-2.46 0.54 2.48243e-05
-2.46 0.6 2.39481e-05
-2.46 0.66 2.27851e-05
-2.4 -0.66 4.52597e-06
-2.4 -0.6 5.75867e-06
-2.4 -0.54 7.22651e-06
-2.4 -0.48 8.94379e-06
-2.4 -0.42 1.09169e-05
-2.4 -0.36 1.31423e-05
-2.4 -0.3 1.56039e-05
-2.4 -0.24 1.82717e-05
-2.4 -0.18 2.11015e-05
-2.4 -0.12 2.4035e-05
-2.4 -0.06 2.69995e-05
-2.4 9.71445e-15 2.99132e-05
-2.4 0.06 3.26856e-05
-2.4 0.12 3.52239e-05
-2.4 0.18 3.74374e-05
-2.4 0.24 3.92437e-05
-2.4 0.3 4.05711e-05
-2.4 0.36 4.13673e-05
-2.4 0.42 4.15989e-05
-2.4 0.48 4.12571e-05
-2.4 0.54 4.03554e-05
-2.4 0.6 3.89309e-05
-2.4 0.66 3.70409e-05
-2.4 0.72 3.47581e-05
-2.4 0.78 3.21674e-05
-2.4 0.84 2.93606e-05
-2.34 -0.84 3.24203e-06
-2.34 -0.78 4.3e-06
-2.34 -0.72 5.62474e-06
-2.34 -0.66 7.25651e-06
-2.34 -0.6 9.23292e-06
-2.34 -0.54 1.15863e-05
-2.34 -0.48 1.43396e-05
-2.34 -0.42 1.75033e-05
-2.34 -0.36 2.10712e-05
-2.34 -0.3 2.50178e-05
-2.34 -0.24 2.92952e-05
-2.34 -0.18 3.38324e-05
-2.34 -0.12 3.85355e-05
-2.34 -0.06 4.32884e-05
-2.34 9.71445e-15 4.796e-05
-2.34 0.06 5.2405e-05
-2.34 0.12 5.64748e-05
-2.34 0.18 6.00241e-05
-2.34 0.24 6.29193e-05
-2.34 0.3 6.50485e-05
-2.34 0.36 6.63245e-05
-2.34 0.42 6.66956e-05
-2.34 0.48 6.61483e-05
-2.34 0.54 6.47027e-05
-2.34 0.6 6.2419e-05
-2.34 0.66 5.93882e-05
-2.34 0.72 5.57278e-05
-2.34 0.78 5.15746e-05
-2.34 0.84 4.70742e-05
-2.34 0.9 4.23762e-05
-2.34 0.96 3.76228e-05
-2.34 1.02 3.29433e-05
-2.28 -0.96 2.79572e-06
-2.28 -0.9 3.81212e-06
-2.28 -0.84 5.12655e-06
-2.28 -0.78 6.79948e-06
-2.28 -0.72 8.89422e-06
-2.28 -0.66 1.14745e-05
-2.28 -0.6 1.45998e-05
-2.28 -0.54 1.83211e-05
-2.28 -0.48 2.26748e-05
-2.28 -0.42 2.76775e-05
-2.28 -0.36 3.33194e-05
-2.28 -0.3 3.95598e-05
-2.28 -0.24 4.63239e-05
-2.28 -0.18 5.34981e-05
-2.28 -0.12 6.09347e-05
-2.28 -0.06 6.84509e-05
-2.28 9.71445e-15 7.58379e-05
-2.28 0.06 8.28663e-05
-2.28 0.12 8.93017e-05
-2.28 0.18 9.49146e-05
-2.28 0.24 9.9493e-05
-2.28 0.3 0.000102859
-2.28 0.36 0.000104877
-2.28 0.42 0.000105465
-2.28 0.48 0.000104599
-2.28 0.54 0.000102313
-2.28 0.6 9.87017e-05
-2.28 0.66 9.39094e-05
-2.28 0.72 8.81211e-05
-2.28 0.78 8.15533e-05
-2.28 0.84 7.44376e-05
-2.28 0.9 6.70082e-05
-2.28 0.96 5.94918e-05
-2.28 1.02 5.20927e-05
-2.28 1.08 4.49867e-05
-2.28 1.14 3.83157e-05
-2.22 -1.08 2.2497e-06
-2.22 -1.02 3.15366e-06
-2.22 -0.96 4.36006e-06
-2.22 -0.9 5.94515e-06
-2.22 -0.84 7.99509e-06
-2.22 -0.78 1.0604e-05
-2.22 -0.72 1.38708e-05
-2.22 -0.66 1.7895e-05
-2.22 -0.6 2.27689e-05
-2.22 -0.54 2.85725e-05
-2.22 -0.48 3.53623e-05
-2.22 -0.42 4.3164e-05
-2.22 -0.36 5.1963e-05
-2.22 -0.3 6.16951e-05
-2.22 -0.24 7.22439e-05
-2.22 -0.18 8.34321e-05
-2.22 -0.12 9.50305e-05
-2.22 -0.06 0.000106752
-2.22 9.71445e-15 0.000118272
-2.22 0.06 0.000129234
-2.22 0.12 0.000139269
-2.22 0.18 0.000148023
-2.22 0.24 0.000155164
-2.22 0.3 0.000160413
-2.22 0.36 0.00016356
-2.22 0.42 0.000164477
-2.22 0.48 0.000163126
-2.22 0.54 0.000159561
-2.22 0.6 0.000153928
-2.22 0.66 0.000146455
-2.22 0.72 0.000137428
-2.22 0.78 0.000127185
-2.22 0.84 0.000116088
-2.22 0.9 0.000104502
-2.22 0.96 9.27803e-05
-2.22 1.02 8.12405e-05
-2.22 1.08 7.01586e-05
-2.22 1.14 5.97548e-05
-2.22 1.2 5.01948e-05
-2.22 1.26 4.15845e-05
-2.16 -1.2 1.68925e-06
-2.16 -1.14 2.43448e-06
-2.16 -1.08 3.46027e-06
-2.16 -1.02 4.85067e-06
-2.16 -0.96 6.70625e-06
-2.16 -0.9 9.14428e-06
-2.16 -0.84 1.22973e-05
-2.16 -0.78 1.631e-05
-2.16 -0.72 2.13347e-05
-2.16 -0.66 2.75243e-05
-2.16 -0.6 3.50211e-05
-2.16 -0.54 4.39473e-05
-2.16 -0.48 5.43908e-05
-2.16 -0.42 6.63905e-05
-2.16 -0.36 7.99244e-05
-2.16 -0.3 9.48933e-05
-2.16 -0.24 0.000111118
-2.16 -0.18 0.000128328
-2.16 -0.12 0.000146166
-2.16 -0.06 0.000164196
-2.16 9.71445e-15 0.000181914
-2.16 0.06 0.000198775
-2.16 0.12 0.000214211
-2.16 0.18 0.000227675
-2.16 0.24 0.000238658
-2.16 0.3 0.000246731
-2.16 0.36 0.00025157
-2.16 0.42 0.000252983
-2.16 0.48 0.000250903
-2.16 0.54 0.000245421
-2.16 0.6 0.000236758
-2.16 0.66 0.000225262
-2.16 0.72 0.000211378
-2.16 0.78 0.000195622
-2.16 0.84 0.000178555
-2.16 0.9 0.000160735
-2.16 0.96 0.000142706
-2.16 1.02 0.000124956
-2.16 1.08 0.000107911
-2.16 1.14 9.19095e-05
-2.16 1.2 7.72044e-05
-2.16 1.26 6.3961e-05
-2.16 1.32 5.22607e-05
-2.16 1.38 4.21142e-05
-2.1 -1.26 1.75365e-06
-2.1 -1.2 2.56253e-06
-2.1 -1.14 3.693e-06
-2.1 -1.08 5.24908e-06
-2.1 -1.02 7.35827e-06
-2.1 -0.96 1.01731e-05
-2.1 -0.9 1.38715e-05
-2.1 -0.84 1.86544e-05
-2.1 -0.78 2.47416e-05
-2.1 -0.72 3.23641e-05
-2.1 -0.66 4.17529e-05
-2.1 -0.6 5.31258e-05
-2.1 -0.54 6.66664e-05
-2.1 -0.48 8.25077e-05
-2.1 -0.42 0.000100711
-2.1 -0.36 0.000121241
-2.1 -0.3 0.000143948
-2.1 -0.24 0.000168562
-2.1 -0.18 0.000194669
-2.1 -0.12 0.000221726
-2.1 -0.06 0.00024908
-2.1 9.71445e-15 0.000275957
-2.1 0.06 0.000301531
-2.1 0.12 0.000324948
-2.1 0.18 0.000345374
-2.1 0.24 0.000362033
-2.1 0.3 0.000374279
-2.1 0.36 0.000381624
-2.1 0.42 0.000383765
-2.1 0.48 0.00038061
-2.1 0.54 0.000372294
-2.1 0.6 0.000359154
-2.1 0.66 0.000341715
-2.1 0.72 0.000320652
-2.1 0.78 0.000296753
-2.1 0.84 0.000270862
-2.1 0.9 0.000243829
-2.1 0.96 0.000216477
-2.1 1.02 0.000189554
-2.1 1.08 0.000163696
-2.1 1.14 0.000139423
-2.1 1.2 0.000117117
-2.1 1.26 9.70264e-05
-2.1 1.32 7.92777e-05
-2.1 1.38 6.3886e-05
-2.1 1.44 5.07743e-05
-2.1 1.5 3.97992e-05
-2.04 -1.38 1.17876e-06
-2.04 -1.32 1.77078e-06
-2.04 -1.26 2.62366e-06
-2.04 -1.2 3.8338e-06
-2.04 -1.14 5.52517e-06
-2.04 -1.08 7.8532e-06
-2.04 -1.02 1.10087e-05
-2.04 -0.96 1.52199e-05
-2.04 -0.9 2.07532e-05
-2.04 -0.84 2.79089e-05
-2.04 -0.78 3.70164e-05
-2.04 -0.72 4.84202e-05
-2.04 -0.66 6.24672e-05
-2.04 -0.6 7.94809e-05
-2.04 -0.54 9.97398e-05
-2.04 -0.48 0.000123442
-2.04 -0.42 0.000150676
-2.04 -0.36 0.000181391
-2.04 -0.3 0.000215364
-2.04 -0.24 0.000252187
-2.04 -0.18 0.000291244
-2.04 -0.12 0.00033173
-2.04 -0.06 0.000372645
-2.04 9.71445e-15 0.00041286
-2.04 0.06 0.000451124
-2.04 0.12 0.000486161
-2.04 0.18 0.000516716
-2.04 0.24 0.000541639
-2.04 0.3 0.000559968
-2.04 0.36 0.000570949
-2.04 0.42 0.000574149
-2.04 0.48 0.000569436
-2.04 0.54 0.000556991
-2.04 0.6 0.000537331
-2.04 0.66 0.000511242
-2.04 0.72 0.000479729
-2.04 0.78 0.000443977
-2.04 0.84 0.000405237
-2.04 0.9 0.000364793
-2.04 0.96 0.000323873
-2.04 1.02 0.000283592
-2.04 1.08 0.000244907
-2.04 1.14 0.00020859
-2.04 1.2 0.000175219
-2.04 1.26 0.000145161
-2.04 1.32 0.000118609
-2.04 1.38 9.55802e-05
-2.04 1.44 7.59637e-05
-2.04 1.5 5.95436e-05
-2.04 1.56 4.60317e-05
-1.98 -1.44 1.14187e-06
-1.98 -1.38 1.73931e-06
-1.98 -1.32 2.61291e-06
-1.98 -1.26 3.87128e-06
-1.98 -1.2 5.65695e-06
-1.98 -1.14 8.15253e-06
-1.98 -1.08 1.15877e-05
-1.98 -1.02 1.62438e-05
-1.98 -0.96 2.2458e-05
-1.98 -0.9 3.06224e-05
-1.98 -0.84 4.1181e-05
-1.98 -0.78 5.46186e-05
-1.98 -0.72 7.14467e-05
-1.98 -0.66 9.21732e-05
-1.98 -0.6 0.000117279
-1.98 -0.54 0.000147171
-1.98 -0.48 0.000182143
-1.98 -0.42 0.000222329
-1.98 -0.36 0.000267647
-1.98 -0.3 0.000317778
-1.98 -0.24 0.000372109
-1.98 -0.18 0.000429747
-1.98 -0.12 0.000489481
-1.98 -0.06 0.000549862
-1.98 9.71445e-15 0.000609194
-1.98 0.06 0.000665655
-1.98 0.12 0.000717354
-1.98 0.18 0.000762436
-1.98 0.24 0.000799215
-1.98 0.3 0.000826249
-1.98 0.36 0.000842465
-1.98 0.42 0.000847183
-1.98 0.48 0.000840218
-1.98 0.54 0.000821864
-1.98 0.6 0.000792856
-1.98 0.66 0.000754353
-1.98 0.72 0.000707863
-1.98 0.78 0.000655106
-1.98 0.84 0.000597943
-1.98 0.9 0.000538273
-1.98 0.96 0.000477891
-1.98 1.02 0.000418452
-1.98 1.08 0.000361367
-1.98 1.14 0.000307784
-1.98 1.2 0.000258542
-1.98 1.26 0.000214193
-1.98 1.32 0.000175012
-1.98 1.38 0.000141032
-1.98 1.44 0.000112089
-1.98 1.5 8.78595e-05
-1.98 1.56 6.79211e-05
-1.98 1.62 5.17864e-05
-1.92 -1.44 1.66174e-06
-1.92 -1.38 2.53113e-06
-1.92 -1.32 3.80245e-06
-1.92 -1.26 5.6338e-06
-1.92 -1.2 8.23231e-06
-1.92 -1.14 1.18642e-05
-1.92 -1.08 1.68632e-05
-1.92 -1.02 2.36391e-05
-1.92 -0.96 3.26821e-05
-1.92 -0.9 4.45634e-05
-1.92 -0.84 5.99293e-05
-1.92 -0.78 7.94851e-05
-1.92 -0.72 0.000103972
-1.92 -0.66 0.000134137
-1.92 -0.6 0.000170671
-1.92 -0.54 0.000214173
-1.92 -0.48 0.000265067
-1.92 -0.42 0.000323546
-1.92 -0.36 0.000389502
-1.92 -0.3 0.000462452
-1.92 -0.24 0.000541521
-1.92 -0.18 0.000625387
-1.92 -0.12 0.000712326
-1.92 -0.06 0.000800189
-1.92 9.71445e-15 0.00088654
-1.92 0.06 0.000968707
-1.92 0.12 0.00104393
-1.92 0.18 0.00110955
-1.92 0.24 0.00116307
-1.92 0.3 0.00120241
-1.92 0.36 0.001226
-1.92 0.42 0.00123288
-1.92 0.48 0.00122275
-1.92 0.54 0.00119603
-1.92 0.6 0.00115381
-1.92 0.66 0.00109779
-1.92 0.72 0.00103013
-1.92 0.78 0.000953343
-1.92 0.84 0.000870166
-1.92 0.9 0.000783319
-1.92 0.96 0.000695459
-1.92 1.02 0.000608957
-1.92 1.08 0.000525891
-1.92 1.14 0.000447908
-1.92 1.2 0.000376247
-1.92 1.26 0.000311707
-1.92 1.32 0.000254686
-1.92 1.38 0.000205239
-1.92 1.44 0.000163116
-1.92 1.5 0.000127859
-1.92 1.56 9.88437e-05
-1.92 1.62 7.53625e-05
-1.92 1.68 5.66695e-05
-1.92 1.74 4.20279e-05
-1.86 -1.5 1.54427e-06
-1.86 -1.44 2.385e-06
-1.86 -1.38 3.63287e-06
-1.86 -1.32 5.45749e-06
-1.86 -1.26 8.08589e-06
-1.86 -1.2 1.18155e-05
-1.86 -1.14 1.70282e-05
-1.86 -1.08 2.42029e-05
-1.86 -1.02 3.39277e-05
-1.86 -0.96 4.69071e-05
-1.86 -0.9 6.39598e-05
-1.86 -0.84 8.60133e-05
-1.86 -0.78 0.000114082
-1.86 -0.72 0.000149229
-1.86 -0.66 0.00019252
-1.86 -0.6 0.000244957
-1.86 -0.54 0.000307393
-1.86 -0.48 0.000380441
-1.86 -0.42 0.000464374
-1.86 -0.36 0.000559031
-1.86 -0.3 0.00066374
-1.86 -0.24 0.000777221
-1.86 -0.18 0.000897598
-1.86 -0.12 0.00102237
-1.86 -0.06 0.00114848
-1.86 9.71445e-15 0.00127241
-1.86 0.06 0.00139034
-1.86 0.12 0.00149831
-1.86 0.18 0.00159248
-1.86 0.24 0.00166929
-1.86 0.3 0.00172578
-1.86 0.36 0.00175964
-1.86 0.42 0.00176947
-1.86 0.48 0.00175496
-1.86 0.54 0.0017166
-1.86 0.6 0.00165602
-1.86 0.66 0.00157561
-1.86 0.72 0.0014785
-1.86 0.78 0.00136831
-1.86 0.84 0.00124891
-1.86 0.9 0.00112427
-1.86 0.96 0.00099816
-1.86 1.02 0.000874007
-1.86 1.08 0.000754784
-1.86 1.14 0.00064286
-1.86 1.2 0.000540009
-1.86 1.26 0.000447381
-1.86 1.32 0.000365546
-1.86 1.38 0.000294571
-1.86 1.44 0.000234116
-1.86 1.5 0.000183509
-1.86 1.56 0.000141866
-1.86 1.62 0.000108164
-1.86 1.68 8.13362e-05
-1.86 1.74 6.03211e-05
-1.86 1.8 4.41205e-05
-1.8 -1.5 2.18595e-06
-1.8 -1.44 3.37606e-06
-1.8 -1.38 5.14242e-06
-1.8 -1.32 7.72527e-06
-1.8 -1.26 1.14459e-05
-1.8 -1.2 1.67253e-05
-1.8 -1.14 2.41039e-05
-1.8 -1.08 3.42599e-05
-1.8 -1.02 4.80263e-05
-1.8 -0.96 6.63984e-05
-1.8 -0.9 9.05374e-05
-1.8 -0.84 0.000121754
-1.8 -0.78 0.000161486
-1.8 -0.72 0.000211236
-1.8 -0.66 0.000272516
-1.8 -0.6 0.000346745
-1.8 -0.54 0.000435124
-1.8 -0.48 0.000538521
-1.8 -0.42 0.00065733
-1.8 -0.36 0.000791327
-1.8 -0.3 0.000939535
-1.8 -0.24 0.00110019
-1.8 -0.18 0.00127058
-1.8 -0.12 0.00144719
-1.8 -0.06 0.00162571
-1.8 9.71445e-15 0.00180114
-1.8 0.06 0.00196806
-1.8 0.12 0.00212089
-1.8 0.18 0.0022542
-1.8 0.24 0.00236293
-1.8 0.3 0.00244288
-1.8 0.36 0.00249082
-1.8 0.42 0.00250478
-1.8 0.48 0.0024842
-1.8 0.54 0.0024299
-1.8 0.6 0.00234416
-1.8 0.66 0.00223033
-1.8 0.72 0.00209286
-1.8 0.78 0.00193687
-1.8 0.84 0.00176788
-1.8 0.9 0.00159144
-1.8 0.96 0.00141292
-1.8 1.02 0.0012372
-1.8 1.08 0.00106842
-1.8 1.14 0.000909996
-1.8 1.2 0.000764407
-1.8 1.26 0.000633281
-1.8 1.32 0.000517437
-1.8 1.38 0.000416977
-1.8 1.44 0.000331397
-1.8 1.5 0.000259763
-1.8 1.56 0.000200817
-1.8 1.62 0.00015311
-1.8 1.68 0.000115134
-1.8 1.74 8.5386e-05
-1.8 1.8 6.24539e-05
-1.8 1.86 4.50529e-05
-1.74 -1.56 1.94881e-06
-1.74 -1.5 3.05173e-06
-1.74 -1.44 4.71322e-06
-1.74 -1.38 7.17918e-06
-1.74 -1.32 1.07851e-05
-1.74 -1.26 1.59792e-05
-1.74 -1.2 2.33497e-05
-1.74 -1.14 3.36505e-05
-1.74 -1.08 4.78292e-05
-1.74 -1.02 6.70483e-05
-1.74 -0.96 9.26977e-05
-1.74 -0.9 0.000126396
-1.74 -0.84 0.000169978
-1.74 -0.78 0.000225445
-1.74 -0.72 0.000294903
-1.74 -0.66 0.000380454
-1.74 -0.6 0.000484083
-1.74 -0.54 0.000607467
-1.74 -0.48 0.000751818
-1.74 -0.42 0.000917678
-1.74 -0.36 0.00110474
-1.74 -0.3 0.00131167
-1.74 -0.24 0.00153593
-1.74 -0.18 0.00177382
-1.74 -0.12 0.00202039
-1.74 -0.06 0.00226962
-1.74 9.71445e-15 0.00251453
-1.74 0.06 0.00274756
-1.74 0.12 0.00296094
-1.74 0.18 0.00314701
-1.74 0.24 0.00329884
-1.74 0.3 0.00341042
-1.74 0.36 0.00347738
-1.74 0.42 0.00349685
-1.74 0.48 0.0034681
-1.74 0.54 0.00339231
-1.74 0.6 0.00327259
-1.74 0.66 0.0031137
-1.74 0.72 0.0029218
-1.74 0.78 0.00270402
-1.74 0.84 0.00246809
-1.74 0.9 0.00222177
-1.74 0.96 0.00197254
-1.74 1.02 0.00172722
-1.74 1.08 0.00149159
-1.74 1.14 0.00127042
-1.74 1.2 0.00106717
-1.74 1.26 0.000884109
-1.74 1.32 0.000722381
-1.74 1.38 0.000582128
-1.74 1.44 0.000462657
-1.74 1.5 0.000362649
-1.74 1.56 0.000280353
-1.74 1.62 0.000213752
-1.74 1.68 0.000160734
-1.74 1.74 0.000119204
-1.74 1.8 8.71898e-05
-1.74 1.86 6.28973e-05
-1.74 1.92 4.47489e-05
-1.68 -1.56 2.68329e-06
-1.68 -1.5 4.2019e-06
-1.68 -1.44 6.48954e-06
-1.68 -1.38 9.88494e-06
-1.68 -1.32 1.48498e-05
-1.68 -1.26 2.20014e-05
-1.68 -1.2 3.21497e-05
-1.68 -1.14 4.63329e-05
-1.68 -1.08 6.58548e-05
-1.68 -1.02 9.23172e-05
-1.68 -0.96 0.000127634
-1.68 -0.9 0.000174033
-1.68 -0.84 0.00023404
-1.68 -0.78 0.000310412
-1.68 -0.72 0.000406048
-1.68 -0.66 0.000523842
-1.68 -0.6 0.000666524
-1.68 -0.54 0.000836411
-1.68 -0.48 0.00103517
-1.68 -0.42 0.00126354
-1.68 -0.36 0.0015211
-1.68 -0.3 0.00180602
-1.68 -0.24 0.00211479
-1.68 -0.18 0.00244235
-1.68 -0.12 0.00278185
-1.68 -0.06 0.00312499
-1.68 9.71445e-15 0.00346221
-1.68 0.06 0.00378307
-1.68 0.12 0.00407686
-1.68 0.18 0.00433307
-1.68 0.24 0.0045421
-1.68 0.3 0.00469578
-1.68 0.36 0.00478794
-1.68 0.42 0.00481473
-1.68 0.48 0.00477517
-1.68 0.54 0.00467081
-1.68 0.6 0.00450598
-1.68 0.66 0.00428718
-1.68 0.72 0.00402297
-1.68 0.78 0.00372313
-1.68 0.84 0.00339826
-1.68 0.9 0.00305912
-1.68 0.96 0.00271596
-1.68 1.02 0.00237817
-1.68 1.08 0.00205373
-1.68 1.14 0.00174921
-1.68 1.2 0.00146936
-1.68 1.26 0.00121731
-1.68 1.32 0.000994638
-1.68 1.38 0.000801519
-1.68 1.44 0.000637026
-1.68 1.5 0.000499324
-1.68 1.56 0.000386012
-1.68 1.62 0.000294312
-1.68 1.68 0.000221313
-1.68 1.74 0.000164131
-1.68 1.8 0.00012005
-1.68 1.86 8.66018e-05
-1.68 1.92 6.16141e-05
-1.68 1.98 4.32335e-05
-1.62 -1.62 2.2949e-06
-1.62 -1.56 3.6438e-06
-1.62 -1.5 5.70603e-06
-1.62 -1.44 8.81253e-06
-1.62 -1.38 1.34233e-05
-1.62 -1.32 2.01653e-05
-1.62 -1.26 2.9877e-05
-1.62 -1.2 4.36578e-05
-1.62 -1.14 6.29184e-05
-1.62 -1.08 8.94287e-05
-1.62 -1.02 0.000125362
-1.62 -0.96 0.00017332
-1.62 -0.9 0.000236329
-1.62 -0.84 0.000317817
-1.62 -0.78 0.000421527
-1.62 -0.72 0.000551394
-1.62 -0.66 0.000711357
-1.62 -0.6 0.000905107
-1.62 -0.54 0.00113581
-1.62 -0.48 0.00140572
-1.62 -0.42 0.00171585
-1.62 -0.36 0.0020656
-1.62 -0.3 0.0024525
-1.62 -0.24 0.0028718
-1.62 -0.18 0.00331659
-1.62 -0.12 0.00377764
-1.62 -0.06 0.00424359
-1.62 9.71445e-15 0.00470153
-1.62 0.06 0.00513727
-1.62 0.12 0.00553622
-1.62 0.18 0.00588414
-1.62 0.24 0.00616799
-1.62 0.3 0.00637669
-1.62 0.36 0.00650181
-1.62 0.42 0.00653815
-1.62 0.48 0.0064845
-1.62 0.54 0.00634278
-1.62 0.6 0.00611892
-1.62 0.66 0.0058218
-1.62 0.72 0.00546302
-1.62 0.78 0.00505586
-1.62 0.84 0.00461468
-1.62 0.9 0.00415414
-1.62 0.96 0.00368817
-1.62 1.02 0.00322944
-1.62 1.08 0.00278889
-1.62 1.14 0.00237534
-1.62 1.2 0.00199532
-1.62 1.26 0.00165306
-1.62 1.32 0.00135068
-1.62 1.38 0.00108843
-1.62 1.44 0.000865051
-1.62 1.5 0.00067806
-1.62 1.56 0.00052419
-1.62 1.62 0.000399663
-1.62 1.68 0.000300534
-1.62 1.74 0.000222884
-1.62 1.8 0.000163024
-1.62 1.86 0.000117602
-1.62 1.92 8.36697e-05
-1.62 1.98 5.87093e-05
-1.62 2.04 4.06295e-05
-1.56 -1.62 3.07354e-06
-1.56 -1.56 4.88013e-06
-1.56 -1.5 7.64205e-06
-1.56 -1.44 1.18026e-05
-1.56 -1.38 1.79777e-05
-1.56 -1.32 2.70072e-05
-1.56 -1.26 4.00142e-05
-1.56 -1.2 5.84703e-05
-1.56 -1.14 8.42658e-05
-1.56 -1.08 0.000119772
-1.56 -1.02 0.000167898
-1.56 -0.96 0.000232127
-1.56 -0.9 0.000316516
-1.56 -0.84 0.000425652
-1.56 -0.78 0.000564547
-1.56 -0.72 0.000738475
-1.56 -0.66 0.000952717
-1.56 -0.6 0.0012122
-1.56 -0.54 0.00152117
-1.56 -0.48 0.00188267
-1.56 -0.42 0.00229802
-1.56 -0.36 0.00276644
-1.56 -0.3 0.00328461
-1.56 -0.24 0.00384615
-1.56 -0.18 0.00444189
-1.56 -0.12 0.00505936
-1.56 -0.06 0.0056834
-1.56 9.71445e-15 0.0062967
-1.56 0.06 0.00688032
-1.56 0.12 0.00741465
-1.56 0.18 0.00788061
-1.56 0.24 0.00826079
-1.56 0.3 0.00854025
-1.56 0.36 0.00870778
-1.56 0.42 0.00875656
-1.56 0.48 0.0086846
-1.56 0.54 0.00849487
-1.56 0.6 0.00819497
-1.56 0.66 0.00779705
-1.56 0.72 0.00731655
-1.56 0.78 0.00677124
-1.56 0.84 0.00618037
-1.56 0.9 0.00556362
-1.56 0.96 0.00493955
-1.56 1.02 0.00432513
-1.56 1.08 0.00373514
-1.56 1.14 0.00318127
-1.56 1.2 0.0026723
-1.56 1.26 0.00221392
-1.56 1.32 0.00180894
-1.56 1.38 0.00145771
-1.56 1.44 0.00115855
-1.56 1.5 0.000908126
-1.56 1.56 0.00070204
-1.56 1.62 0.000535268
-1.56 1.68 0.0004025
-1.56 1.74 0.000298506
-1.56 1.8 0.000218337
-1.56 1.86 0.000157504
-1.56 1.92 0.000112059
-1.56 1.98 7.86291e-05
-1.56 2.04 5.44145e-05
-1.5 -1.68 2.52175e-06
-1.5 -1.62 4.05977e-06
-1.5 -1.56 6.44603e-06
-1.5 -1.5 1.00942e-05
-1.5 -1.44 1.55897e-05
-1.5 -1.38 2.37464e-05
-1.5 -1.32 3.56735e-05
-1.5 -1.26 5.28538e-05
-1.5 -1.2 7.72328e-05
-1.5 -1.14 0.000111304
-1.5 -1.08 0.000158203
-1.5 -1.02 0.000221774
-1.5 -0.96 0.000306614
-1.5 -0.9 0.000418079
-1.5 -0.84 0.000562235
-1.5 -0.78 0.000745692
-1.5 -0.72 0.000975444
-1.5 -0.66 0.00125842
-1.5 -0.6 0.00160119
-1.5 -0.54 0.0020093
-1.5 -0.48 0.00248676
-1.5 -0.42 0.00303539
-1.5 -0.36 0.00365413
-1.5 -0.3 0.00433855
-1.5 -0.24 0.00508035
-1.5 -0.18 0.00586722
-1.5 -0.12 0.00668277
-1.5 -0.06 0.00750715
-1.5 9.71445e-15 0.00831721
-1.5 0.06 0.00908804
-1.5 0.12 0.00979385
-1.5 0.18 0.0104093
-1.5 0.24 0.0109115
-1.5 0.3 0.0112805
-1.5 0.36 0.011502
-1.5 0.42 0.0115664
-1.5 0.48 0.0114713
-1.5 0.54 0.0112207
-1.5 0.6 0.0108246
-1.5 0.66 0.0102991
-1.5 0.72 0.00966431
-1.5 0.78 0.00894399
-1.5 0.84 0.00816362
-1.5 0.9 0.0073489
-1.5 0.96 0.00652453
-1.5 1.02 0.00571305
-1.5 1.08 0.00493368
-1.5 1.14 0.00420212
-1.5 1.2 0.00352983
-1.5 1.26 0.00292434
-1.5 1.32 0.0023894
-1.5 1.38 0.00192548
-1.5 1.44 0.00153032
-1.5 1.5 0.00119953
-1.5 1.56 0.000927311
-1.5 1.62 0.000707024
-1.5 1.68 0.000531656
-1.5 1.74 0.000394287
-1.5 1.8 0.000288396
-1.5 1.86 0.000208044
-1.5 1.92 0.000148015
-1.5 1.98 0.000103859
-1.5 2.04 7.18751e-05
-1.5 2.1 4.90569e-05
-1.44 -1.68 3.28516e-06
-1.44 -1.62 5.28882e-06
-1.44 -1.56 8.39745e-06
-1.44 -1.5 1.315e-05
-1.44 -1.44 2.03093e-05
-1.44 -1.38 3.09349e-05
-1.44 -1.32 4.64723e-05
-1.44 -1.26 6.88548e-05
-1.44 -1.2 0.000100613
-1.44 -1.14 0.000145001
-1.44 -1.08 0.000206097
-1.44 -1.02 0.00028891
-1.44 -0.96 0.00039943
-1.44 -0.9 0.000544641
-1.44 -0.84 0.000732439
-1.44 -0.78 0.000971446
-1.44 -0.72 0.00127072
-1.44 -0.66 0.00163938
-1.44 -0.6 0.00208589
-1.44 -0.54 0.00261757
-1.44 -0.48 0.00323958
-1.44 -0.42 0.00395429
-1.44 -0.36 0.00476038
-1.44 -0.3 0.00565197
-1.44 -0.24 0.00661834
-1.44 -0.18 0.00764328
-1.44 -0.12 0.00870586
-1.44 -0.06 0.00977966
-1.44 9.71445e-15 0.0108351
-1.44 0.06 0.0118393
-1.44 0.12 0.0127586
-1.44 0.18 0.0135605
-1.44 0.24 0.0142147
-1.44 0.3 0.0146956
-1.44 0.36 0.0149839
-1.44 0.42 0.0150679
-1.44 0.48 0.0149441
-1.44 0.54 0.0146175
-1.44 0.6 0.0141015
-1.44 0.66 0.0134169
-1.44 0.72 0.01259
-1.44 0.78 0.0116515
-1.44 0.84 0.010635
-1.44 0.9 0.00957348
-1.44 0.96 0.00849971
-1.44 1.02 0.00744253
-1.44 1.08 0.0064273
-1.44 1.14 0.0054742
-1.44 1.2 0.0045984
-1.44 1.26 0.00380961
-1.44 1.32 0.00311272
-1.44 1.38 0.00250839
-1.44 1.44 0.00199356
-1.44 1.5 0.00156266
-1.44 1.56 0.00120804
-1.44 1.62 0.000921057
-1.44 1.68 0.000692601
-1.44 1.74 0.000513654
-1.44 1.8 0.000375704
-1.44 1.86 0.000271025
-1.44 1.92 0.000192823
-1.44 1.98 0.000135302
-1.44 2.04 9.36332e-05
-1.44 2.1 6.39072e-05
-1.44 2.16 4.30192e-05
-1.38 -1.68 4.22083e-06
-1.38 -1.62 6.79509e-06
-1.38 -1.56 1.07891e-05
-1.38 -1.5 1.68953e-05
-1.38 -1.44 2.60935e-05
-1.38 -1.38 3.97461e-05
-1.38 -1.32 5.97087e-05
-1.38 -1.26 8.84649e-05
-1.38 -1.2 0.000129271
-1.38 -1.14 0.000186299
-1.38 -1.08 0.000264797
-1.38 -1.02 0.000371197
-1.38 -0.96 0.000513197
-1.38 -0.9 0.000699771
-1.38 -0.84 0.00094104
-1.38 -0.78 0.00124813
-1.38 -0.72 0.00163267
-1.38 -0.66 0.00210628
-1.38 -0.6 0.00267999
-1.38 -0.54 0.00336307
-1.38 -0.48 0.00416225
-1.38 -0.42 0.00508055
-1.38 -0.36 0.00611617
-1.38 -0.3 0.00726171
-1.38 -0.24 0.00850335
-1.38 -0.18 0.00982039
-1.38 -0.12 0.0111854
-1.38 -0.06 0.0125651
-1.38 9.71445e-15 0.013921
-1.38 0.06 0.0152111
-1.38 0.12 0.0163926
-1.38 0.18 0.0174229
-1.38 0.24 0.0182632
-1.38 0.3 0.0188811
-1.38 0.36 0.0192516
-1.38 0.42 0.0193595
-1.38 0.48 0.0192004
-1.38 0.54 0.0187809
-1.38 0.6 0.0181181
-1.38 0.66 0.0172383
-1.38 0.72 0.0161757
-1.38 0.78 0.0149702
-1.38 0.84 0.013664
-1.38 0.9 0.0123004
-1.38 0.96 0.0109205
-1.38 1.02 0.0095623
-1.38 1.08 0.00825783
-1.38 1.14 0.0070334
-1.38 1.2 0.00590811
-1.38 1.26 0.00489463
-1.38 1.32 0.00399931
-1.38 1.38 0.00322282
-1.38 1.44 0.0025614
-1.38 1.5 0.00200772
-1.38 1.56 0.00155211
-1.38 1.62 0.0011834
-1.38 1.68 0.000889875
-1.38 1.74 0.000659951
-1.38 1.8 0.000482709
-1.38 1.86 0.000348215
-1.38 1.92 0.000247743
-1.38 1.98 0.000173836
-1.38 2.04 0.000120303
-1.38 2.1 8.21093e-05
-1.38 2.16 5.52712e-05
-1.38 2.22 3.66944e-05
-1.32 -1.68 5.34842e-06
-1.32 -1.62 8.61053e-06
-1.32 -1.56 1.36717e-05
-1.32 -1.5 2.14091e-05
-1.32 -1.44 3.30649e-05
-1.32 -1.38 5.0364e-05
-1.32 -1.32 7.56609e-05
-1.32 -1.26 0.0001121
-1.32 -1.2 0.000163805
-1.32 -1.14 0.000236069
-1.32 -1.08 0.00033554
-1.32 -1.02 0.000470368
-1.32 -0.96 0.000650306
-1.32 -0.9 0.000886715
-1.32 -0.84 0.00119247
-1.32 -0.78 0.00158157
-1.32 -0.72 0.00206884
-1.32 -0.66 0.00266903
-1.32 -0.6 0.003396
-1.32 -0.54 0.00426156
-1.32 -0.48 0.00527428
-1.32 -0.42 0.00643788
-1.32 -0.36 0.00775021
-1.32 -0.3 0.00920181
-1.32 -0.24 0.010775
-1.32 -0.18 0.0124439
-1.32 -0.12 0.0141738
-1.32 -0.06 0.0159221
-1.32 9.71445e-15 0.0176402
-1.32 0.06 0.0192752
-1.32 0.12 0.0207721
-1.32 0.18 0.0220775
-1.32 0.24 0.0231426
-1.32 0.3 0.0239253
-1.32 0.36 0.0243948
-1.32 0.42 0.0245317
-1.32 0.48 0.0243298
-1.32 0.54 0.0237983
-1.32 0.6 0.0229583
-1.32 0.66 0.0218435
-1.32 0.72 0.0204973
-1.32 0.78 0.0189695
-1.32 0.84 0.0173144
-1.32 0.9 0.0155865
-1.32 0.96 0.0138381
-1.32 1.02 0.0121169
-1.32 1.08 0.0104641
-1.32 1.14 0.00891241
-1.32 1.2 0.00748649
-1.32 1.26 0.00620228
-1.32 1.32 0.00506772
-1.32 1.38 0.00408379
-1.32 1.44 0.00324569
-1.32 1.5 0.00254412
-1.32 1.56 0.00196676
-1.32 1.62 0.00149955
-1.32 1.68 0.0011276
-1.32 1.74 0.000836259
-1.32 1.8 0.000611671
-1.32 1.86 0.000441249
-1.32 1.92 0.000313931
-1.32 1.98 0.00022028
-1.32 2.04 0.000152441
-1.32 2.1 0.000104046
-1.32 2.16 7.00379e-05
-1.32 2.22 4.64977e-05
-1.26 -1.74 4.09482e-06
-1.26 -1.68 6.68416e-06
-1.26 -1.62 1.07609e-05
-1.26 -1.56 1.7086e-05
-1.26 -1.5 2.6756e-05
-1.26 -1.44 4.13225e-05
-1.26 -1.38 6.29427e-05
-1.26 -1.32 9.45554e-05
-1.26 -1.26 0.000140096
-1.26 -1.2 0.000204714
-1.26 -1.14 0.000295029
-1.26 -1.08 0.00041934
-1.26 -1.02 0.000587834
-1.26 -0.96 0.000812708
-1.26 -0.9 0.00110817
-1.26 -0.84 0.00149026
-1.26 -0.78 0.00197657
-1.26 -0.72 0.0025855
-1.26 -0.66 0.00333559
-1.26 -0.6 0.00424407
-1.26 -0.54 0.00532584
-1.26 -0.48 0.00659148
-1.26 -0.42 0.00804573
-1.26 -0.36 0.00968578
-1.26 -0.3 0.0114999
-1.26 -0.24 0.0134661
-1.26 -0.18 0.0155517
-1.26 -0.12 0.0177135
-1.26 -0.06 0.0198983
-1.26 9.71445e-15 0.0220456
-1.26 0.06 0.0240889
-1.26 0.12 0.0259597
-1.26 0.18 0.0275913
-1.26 0.24 0.028922
-1.26 0.3 0.0299008
-1.26 0.36 0.0304871
-1.26 0.42 0.030658
-1.26 0.48 0.0304063
-1.26 0.54 0.0297419
-1.26 0.6 0.0286919
-1.26 0.66 0.0272988
-1.26 0.72 0.0256162
-1.26 0.78 0.0237072
-1.26 0.84 0.0216385
-1.26 0.9 0.019479
-1.26 0.96 0.017294
-1.26 1.02 0.015143
-1.26 1.08 0.0130774
-1.26 1.14 0.0111382
-1.26 1.2 0.00935615
-1.26 1.26 0.00775123
-1.26 1.32 0.00633339
-1.26 1.38 0.0051037
-1.26 1.44 0.00405625
-1.26 1.5 0.00317947
-1.26 1.56 0.00245796
-1.26 1.62 0.00187406
-1.26 1.68 0.00140922
-1.26 1.74 0.00104512
-1.26 1.8 0.000764433
-1.26 1.86 0.000551441
-1.26 1.92 0.000392333
-1.26 1.98 0.000275293
-1.26 2.04 0.000190514
-1.26 2.1 0.00013003
-1.26 2.16 8.75291e-05
-1.26 2.22 5.81098e-05
-1.26 2.28 3.80483e-05
-1.2 -1.74 5.04713e-06
-1.2 -1.68 8.2387e-06
-1.2 -1.62 1.32636e-05
-1.2 -1.56 2.10596e-05
-1.2 -1.5 3.29783e-05
-1.2 -1.44 5.09329e-05
-1.2 -1.38 7.75804e-05
-1.2 -1.32 0.000116546
-1.2 -1.26 0.000172678
-1.2 -1.2 0.000252323
-1.2 -1.14 0.000363642
-1.2 -1.08 0.000516863
-1.2 -1.02 0.000724545
-1.2 -0.96 0.00100171
-1.2 -0.9 0.00136588
-1.2 -0.84 0.00183685
-1.2 -0.78 0.00243625
-1.2 -0.72 0.00318678
-1.2 -0.66 0.00411133
-1.2 -0.6 0.0052311
-1.2 -0.54 0.00656447
-1.2 -0.48 0.0081244
-1.2 -0.42 0.0099168
-1.2 -0.36 0.0119384
-1.2 -0.3 0.0141743
-1.2 -0.24 0.0165978
-1.2 -0.18 0.0191683
-1.2 -0.12 0.021833
-1.2 -0.06 0.024526
-1.2 9.71445e-15 0.0271728
-1.2 0.06 0.0296911
-1.2 0.12 0.0319967
-1.2 0.18 0.0340079
-1.2 0.24 0.0356485
-1.2 0.3 0.0368544
-1.2 0.36 0.0375775
-1.2 0.42 0.037788
-1.2 0.48 0.0374777
-1.2 0.54 0.0366586
-1.2 0.6 0.0353647
-1.2 0.66 0.0336477
-1.2 0.72 0.0315738
-1.2 0.78 0.0292204
-1.2 0.84 0.026671
-1.2 0.9 0.0240089
-1.2 0.96 0.021316
-1.2 1.02 0.0186648
-1.2 1.08 0.0161187
-1.2 1.14 0.0137285
-1.2 1.2 0.0115321
-1.2 1.26 0.00955395
-1.2 1.32 0.00780626
-1.2 1.38 0.00629067
-1.2 1.44 0.00499955
-1.2 1.5 0.00391892
-1.2 1.56 0.0030296
-1.2 1.62 0.00230988
-1.2 1.68 0.00173695
-1.2 1.74 0.00128817
-1.2 1.8 0.000942212
-1.2 1.86 0.000679691
-1.2 1.92 0.000483571
-1.2 1.98 0.000339318
-1.2 2.04 0.000234819
-1.2 2.1 0.00016027
-1.2 2.16 0.000107886
-1.2 2.22 7.16241e-05
-1.2 2.28 4.68972e-05
-1.14 -1.74 6.13538e-06
-1.14 -1.68 1.00151e-05
-1.14 -1.62 1.61235e-05
-1.14 -1.56 2.56005e-05
-1.14 -1.5 4.0089e-05
-1.14 -1.44 6.1915e-05
-1.14 -1.38 9.43084e-05
-1.14 -1.32 0.000141676
-1.14 -1.26 0.00020991
-1.14 -1.2 0.000306728
-1.14 -1.14 0.000442048
-1.14 -1.08 0.000628307
-1.14 -1.02 0.000880771
-1.14 -0.96 0.00121771
-1.14 -0.9 0.00166038
-1.14 -0.84 0.00223292
-1.14 -0.78 0.00296154
-1.14 -0.72 0.00387394
-1.14 -0.66 0.00499783
-1.14 -0.6 0.00635905
-1.14 -0.54 0.00797992
-1.14 -0.48 0.00987623
-1.14 -0.42 0.0120551
-1.14 -0.36 0.0145125
-1.14 -0.3 0.0172307
-1.14 -0.24 0.0201766
-1.14 -0.18 0.0233014
-1.14 -0.12 0.0265408
-1.14 -0.06 0.0298143
-1.14 9.71445e-15 0.0330319
-1.14 0.06 0.0360933
-1.14 0.12 0.0388962
-1.14 0.18 0.0413405
-1.14 0.24 0.0433351
-1.14 0.3 0.0448008
-1.14 0.36 0.0456801
-1.14 0.42 0.0459359
-1.14 0.48 0.0455584
-1.14 0.54 0.0445627
-1.14 0.6 0.0429898
-1.14 0.66 0.0409027
-1.14 0.72 0.0383819
-1.14 0.78 0.035521
-1.14 0.84 0.0324217
-1.14 0.9 0.0291858
-1.14 0.96 0.0259123
-1.14 1.02 0.0226893
-1.14 1.08 0.0195942
-1.14 1.14 0.0166886
-1.14 1.2 0.0140187
-1.14 1.26 0.011614
-1.14 1.32 0.00948948
-1.14 1.38 0.00764705
-1.14 1.44 0.0060776
-1.14 1.5 0.00476392
-1.14 1.56 0.00368283
-1.14 1.62 0.00280792
-1.14 1.68 0.00211146
-1.14 1.74 0.00156592
-1.14 1.8 0.00114537
-1.14 1.86 0.000826247
-1.14 1.92 0.000587843
-1.14 1.98 0.000412481
-1.14 2.04 0.000285451
-1.14 2.1 0.000194828
-1.14 2.16 0.000131148
-1.14 2.22 8.70675e-05
-1.14 2.28 5.70091e-05
-1.14 2.34 3.68147e-05
-1.08 -1.74 7.35579e-06
-1.08 -1.68 1.20072e-05
-1.08 -1.62 1.93306e-05
-1.08 -1.56 3.06928e-05
-1.08 -1.5 4.80633e-05
-1.08 -1.44 7.42305e-05
-1.08 -1.38 0.000113068
-1.08 -1.32 0.000169857
-1.08 -1.26 0.000251663
-1.08 -1.2 0.000367738
-1.08 -1.14 0.000529975
-1.08 -1.08 0.000753282
-1.08 -1.02 0.00105597
-1.08 -0.96 0.00145993
-1.08 -0.9 0.00199067
-1.08 -0.84 0.00267707
-1.08 -0.78 0.00355061
-1.08 -0.72 0.00464451
-1.08 -0.66 0.00599196
-1.08 -0.6 0.00762395
-1.08 -0.54 0.0095672
-1.08 -0.48 0.0118407
-1.08 -0.42 0.014453
-1.08 -0.36 0.0173991
-1.08 -0.3 0.020658
-1.08 -0.24 0.0241898
-1.08 -0.18 0.0279365
-1.08 -0.12 0.0318201
-1.08 -0.06 0.0357449
-1.08 9.71445e-15 0.0396022
-1.08 0.06 0.0432727
-1.08 0.12 0.0466332
-1.08 0.18 0.0495637
-1.08 0.24 0.0519549
-1.08 0.3 0.0537124
-1.08 0.36 0.0547662
-1.08 0.42 0.0550731
-1.08 0.48 0.0546202
-1.08 0.54 0.0534269
-1.08 0.6 0.0515407
-1.08 0.66 0.0490385
-1.08 0.72 0.0460164
-1.08 0.78 0.0425866
-1.08 0.84 0.0388706
-1.08 0.9 0.0349914
-1.08 0.96 0.0310665
-1.08 1.02 0.0272023
-1.08 1.08 0.0234917
-1.08 1.14 0.0200082
-1.08 1.2 0.016807
-1.08 1.26 0.0139241
-1.08 1.32 0.0113771
-1.08 1.38 0.00916808
-1.08 1.44 0.00728651
-1.08 1.5 0.00571152
-1.08 1.56 0.00441536
-1.08 1.62 0.00336647
-1.08 1.68 0.00253146
-1.08 1.74 0.0018774
-1.08 1.8 0.00137319
-1.08 1.86 0.000990597
-1.08 1.92 0.000704774
-1.08 1.98 0.000494527
-1.08 2.04 0.000342231
-1.08 2.1 0.000233582
-1.08 2.16 0.000157235
-1.08 2.22 0.000104386
-1.08 2.28 6.83485e-05
-1.08 2.34 4.41375e-05
-1.02 -1.74 8.69774e-06
-1.02 -1.68 1.41976e-05
-1.02 -1.62 2.2857e-05
-1.02 -1.56 3.6292e-05
-1.02 -1.5 5.68315e-05
-1.02 -1.44 8.77721e-05
-1.02 -1.38 0.000133694
-1.02 -1.32 0.000200846
-1.02 -1.26 0.000297574
-1.02 -1.2 0.000434828
-1.02 -1.14 0.000626656
-1.02 -1.08 0.000890704
-1.02 -1.02 0.00124861
-1.02 -0.96 0.00172627
-1.02 -0.9 0.00235384
-1.02 -0.84 0.00316545
-1.02 -0.78 0.00419834
-1.02 -0.72 0.00549185
-1.02 -0.66 0.00708507
-1.02 -0.6 0.00901485
-1.02 -0.54 0.0113125
-1.02 -0.48 0.0140008
-1.02 -0.42 0.0170897
-1.02 -0.36 0.0205732
-1.02 -0.3 0.0244266
-1.02 -0.24 0.0286027
-1.02 -0.18 0.0330331
-1.02 -0.12 0.0376249
-1.02 -0.06 0.0422661
-1.02 9.71445e-15 0.0468266
-1.02 0.06 0.0511669
-1.02 0.12 0.0551406
-1.02 0.18 0.0586057
-1.02 0.24 0.0614332
-1.02 0.3 0.0635111
-1.02 0.36 0.0647572
-1.02 0.42 0.0651203
-1.02 0.48 0.0645843
-1.02 0.54 0.0631738
-1.02 0.6 0.0609438
-1.02 0.66 0.0579845
-1.02 0.72 0.0544108
-1.02 0.78 0.0503554
-1.02 0.84 0.0459619
-1.02 0.9 0.0413751
-1.02 0.96 0.036734
-1.02 1.02 0.032165
-1.02 1.08 0.0277772
-1.02 1.14 0.0236584
-1.02 1.2 0.0198732
-1.02 1.26 0.0164642
-1.02 1.32 0.0134525
-1.02 1.38 0.0108406
-1.02 1.44 0.00861586
-1.02 1.5 0.00675349
-1.02 1.56 0.00522083
-1.02 1.62 0.00398064
-1.02 1.68 0.00299328
-1.02 1.74 0.00221989
-1.02 1.8 0.0016237
-1.02 1.86 0.00117131
-1.02 1.92 0.000833347
-1.02 1.98 0.000584742
-1.02 2.04 0.000404663
-1.02 2.1 0.000276196
-1.02 2.16 0.000185918
-1.02 2.22 0.00012343
-1.02 2.28 8.08174e-05
-1.02 2.34 5.21893e-05
-1.02 2.4 3.3239e-05
-0.96 -1.8 6.12842e-06
-0.96 -1.74 1.01431e-05
-0.96 -1.68 1.65571e-05
-0.96 -1.62 2.66554e-05
-0.96 -1.56 4.23228e-05
-0.96 -1.5 6.62752e-05
-0.96 -1.44 0.000102358
-0.96 -1.38 0.000155912
-0.96 -1.32 0.000234222
-0.96 -1.26 0.000347024
-0.96 -1.2 0.000507089
-0.96 -1.14 0.000730796
-0.96 -1.08 0.00103872
-0.96 -1.02 0.0014561
-0.96 -0.96 0.00201314
-0.96 -0.9 0.00274497
-0.96 -0.84 0.00369146
-0.96 -0.78 0.00489603
-0.96 -0.72 0.00640448
-0.96 -0.66 0.00826242
-0.96 -0.6 0.0105129
-0.96 -0.54 0.0131925
-0.96 -0.48 0.0163274
-0.96 -0.42 0.0199295
-0.96 -0.36 0.023992
-0.96 -0.3 0.0284858
-0.96 -0.24 0.0333562
-0.96 -0.18 0.0385224
-0.96 -0.12 0.0438773
-0.96 -0.06 0.0492898
-0.96 9.71445e-15 0.0546086
-0.96 0.06 0.0596694
-0.96 0.12 0.0643033
-0.96 0.18 0.0683443
-0.96 0.24 0.0716416
-0.96 0.3 0.0740649
-0.96 0.36 0.075519
-0.96 0.42 0.0759418
-0.96 0.48 0.0753176
-0.96 0.54 0.0736714
-0.96 0.6 0.0710716
-0.96 0.66 0.0676209
-0.96 0.72 0.0634533
-0.96 0.78 0.0587238
-0.96 0.84 0.0536001
-0.96 0.9 0.0482506
-0.96 0.96 0.0428382
-0.96 1.02 0.0375103
-0.96 1.08 0.0323931
-0.96 1.14 0.0275899
-0.96 1.2 0.0231759
-0.96 1.26 0.0192004
-0.96 1.32 0.0156881
-0.96 1.38 0.0126422
-0.96 1.44 0.0100476
-0.96 1.5 0.00787573
-0.96 1.56 0.00608849
-0.96 1.62 0.0046421
-0.96 1.68 0.00349071
-0.96 1.74 0.00258878
-0.96 1.8 0.00189352
-0.96 1.86 0.00136595
-0.96 1.92 0.000971822
-0.96 1.98 0.000681913
-0.96 2.04 0.000471912
-0.96 2.1 0.000322093
-0.96 2.16 0.000216815
-0.96 2.22 0.000143941
-0.96 2.28 9.42483e-05
-0.96 2.34 6.08623e-05
-0.96 2.4 3.87625e-05
-0.9 -1.8 7.04863e-06
-0.9 -1.74 1.16661e-05
-0.9 -1.68 1.90431e-05
-0.9 -1.62 3.06578e-05
-0.9 -1.56 4.86777e-05
-0.9 -1.5 7.62269e-05
-0.9 -1.44 0.000117728
-0.9 -1.38 0.000179321
-0.9 -1.32 0.000269389
-0.9 -1.26 0.000399133
-0.9 -1.2 0.000583227
-0.9 -1.14 0.00084053
-0.9 -1.08 0.00119469
-0.9 -1.02 0.00167474
-0.9 -0.96 0.0023154
-0.9 -0.9 0.00315714
-0.9 -0.84 0.00424576
-0.9 -0.78 0.00563121
-0.9 -0.72 0.00736601
-0.9 -0.66 0.00950306
-0.9 -0.6 0.0120914
-0.9 -0.54 0.0151733
-0.9 -0.48 0.018779
-0.9 -0.42 0.022922
-0.9 -0.36 0.0275947
-0.9 -0.3 0.0327629
-0.9 -0.24 0.0383646
-0.9 -0.18 0.0443062
-0.9 -0.12 0.0504655
-0.9 -0.06 0.0566903
-0.9 9.71445e-15 0.0628079
-0.9 0.06 0.0686291
-0.9 0.12 0.0739585
-0.9 0.18 0.0786069
-0.9 0.24 0.0823991
-0.9 0.3 0.0851863
-0.9 0.36 0.0868575
-0.9 0.42 0.0873447
-0.9 0.48 0.0866268
-0.9 0.54 0.084734
-0.9 0.6 0.0817427
-0.9 0.66 0.077774
-0.9 0.72 0.0729806
-0.9 0.78 0.0675406
-0.9 0.84 0.0616478
-0.9 0.9 0.0554951
-0.9 0.96 0.0492706
-0.9 1.02 0.0431422
-0.9 1.08 0.0372573
-0.9 1.14 0.0317326
-0.9 1.2 0.0266556
-0.9 1.26 0.0220832
-0.9 1.32 0.0180435
-0.9 1.38 0.0145404
-0.9 1.44 0.0115561
-0.9 1.5 0.00905832
-0.9 1.56 0.00700269
-0.9 1.62 0.00533914
-0.9 1.68 0.00401481
-0.9 1.74 0.00297751
-0.9 1.8 0.00217786
-0.9 1.86 0.00157106
-0.9 1.92 0.00111774
-0.9 1.98 0.000784309
-0.9 2.04 0.000542765
-0.9 2.1 0.000370454
-0.9 2.16 0.00024937
-0.9 2.22 0.000165554
-0.9 2.28 0.000108399
-0.9 2.34 7.00009e-05
-0.9 2.4 4.45828e-05
-0.9 2.46 2.8004e-05
-0.84 -1.8 7.99548e-06
-0.84 -1.74 1.32333e-05
-0.84 -1.68 2.16014e-05
-0.84 -1.62 3.47761e-05
-0.84 -1.56 5.52165e-05
-0.84 -1.5 8.6467e-05
-0.84 -1.44 0.000133542
-0.84 -1.38 0.000203413
-0.84 -1.32 0.000305577
-0.84 -1.26 0.000452748
-0.84 -1.2 0.000661583
-0.84 -1.14 0.000953447
-0.84 -1.08 0.00135518
-0.84 -1.02 0.00189971
-0.84 -0.96 0.00262644
-0.84 -0.9 0.00358129
-0.84 -0.84 0.00481606
-0.84 -0.78 0.0063877
-0.84 -0.72 0.00835567
-0.84 -0.66 0.0107796
-0.84 -0.6 0.0137157
-0.84 -0.54 0.0172116
-0.84 -0.48 0.0213016
-0.84 -0.42 0.0260012
-0.84 -0.36 0.0313014
-0.84 -0.3 0.0371641
-0.84 -0.24 0.0435186
-0.84 -0.18 0.0502588
-0.84 -0.12 0.0572446
-0.84 -0.06 0.0643058
-0.84 9.71445e-15 0.071245
-0.84 0.06 0.0778476
-0.84 0.12 0.0838939
-0.84 0.18 0.0891669
-0.84 0.24 0.0934673
-0.84 0.3 0.0966301
-0.84 0.36 0.0985258
-0.84 0.42 0.0990782
-0.84 0.48 0.0982644
-0.84 0.54 0.096117
-0.84 0.6 0.0927249
-0.84 0.66 0.0882224
-0.84 0.72 0.0827843
-0.84 0.78 0.0766148
-0.84 0.84 0.0699298
-0.84 0.9 0.0629509
-0.84 0.96 0.0558887
-0.84 1.02 0.0489381
-0.84 1.08 0.0422621
-0.84 1.14 0.0359956
-0.84 1.2 0.0302366
-0.84 1.26 0.0250497
-0.84 1.32 0.0204677
-0.84 1.38 0.0164938
-0.84 1.44 0.0131087
-0.84 1.5 0.0102751
-0.84 1.56 0.00794344
-0.84 1.62 0.00605641
-0.84 1.68 0.00455421
-0.84 1.74 0.00337751
-0.84 1.8 0.00247041
-0.84 1.86 0.0017821
-0.84 1.92 0.0012679
-0.84 1.98 0.000889665
-0.84 2.04 0.000615687
-0.84 2.1 0.000420219
-0.84 2.16 0.000282869
-0.84 2.22 0.000187795
-0.84 2.28 0.000122962
-0.84 2.34 7.94043e-05
-0.84 2.4 5.05715e-05
-0.84 2.46 3.1766e-05
-0.78 -1.8 8.94495e-06
-0.78 -1.74 1.48048e-05
-0.78 -1.68 2.41663e-05
-0.78 -1.62 3.89058e-05
-0.78 -1.56 6.17741e-05
-0.78 -1.5 9.6735e-05
-0.78 -1.44 0.0001494
-0.78 -1.38 0.000227565
-0.78 -1.32 0.000341867
-0.78 -1.26 0.000506512
-0.78 -1.2 0.000740137
-0.78 -1.14 0.00106665
-0.78 -1.08 0.0015161
-0.78 -1.02 0.00212531
-0.78 -0.96 0.00293835
-0.78 -0.9 0.00400655
-0.78 -0.84 0.00538804
-0.78 -0.78 0.00714615
-0.78 -0.72 0.00934787
-0.78 -0.66 0.0120598
-0.78 -0.6 0.0153445
-0.78 -0.54 0.0192554
-0.78 -0.48 0.0238313
-0.78 -0.42 0.029089
-0.78 -0.36 0.0350185
-0.78 -0.3 0.0415775
-0.78 -0.24 0.0486857
-0.78 -0.18 0.0562268
-0.78 -0.12 0.0640428
-0.78 -0.06 0.0719426
-0.78 9.71445e-15 0.0797054
-0.78 0.06 0.0870931
-0.78 0.12 0.0938569
-0.78 0.18 0.0997549
-0.78 0.24 0.104568
-0.78 0.3 0.108105
-0.78 0.36 0.110225
-0.78 0.42 0.110844
-0.78 0.48 0.109932
-0.78 0.54 0.10753
-0.78 0.6 0.103735
-0.78 0.66 0.0986975
-0.78 0.72 0.0926149
-0.78 0.78 0.0857118
-0.78 0.84 0.0782333
-0.78 0.9 0.0704261
-0.78 0.96 0.0625263
-0.78 1.02 0.0547491
-0.78 1.08 0.0472807
-0.78 1.14 0.0402698
-0.78 1.2 0.033827
-0.78 1.26 0.0280244
-0.78 1.32 0.022898
-0.78 1.38 0.0184522
-0.78 1.44 0.0146654
-0.78 1.5 0.0114954
-0.78 1.56 0.00888658
-0.78 1.62 0.00677558
-0.78 1.68 0.00509496
-0.78 1.74 0.00377856
-0.78 1.8 0.00276377
-0.78 1.86 0.00199374
-0.78 1.92 0.00141847
-0.78 1.98 0.000995313
-0.78 2.04 0.000688791
-0.78 2.1 0.000470123
-0.78 2.16 0.000316459
-0.78 2.22 0.000210095
-0.78 2.28 0.000137562
-0.78 2.34 8.88335e-05
-0.78 2.4 5.65774e-05
-0.78 2.46 3.55381e-05
-0.72 -1.8 9.86961e-06
-0.72 -1.74 1.63351e-05
-0.72 -1.68 2.66646e-05
-0.72 -1.62 4.29276e-05
-0.72 -1.56 6.81591e-05
-0.72 -1.5 0.000106735
-0.72 -1.44 0.000164844
-0.72 -1.38 0.000251091
-0.72 -1.32 0.0003772
-0.72 -1.26 0.000558873
-0.72 -1.2 0.000816646
-0.72 -1.14 0.00117693
-0.72 -1.08 0.00167283
-0.72 -1.02 0.002345
-0.72 -0.96 0.00324204
-0.72 -0.9 0.00442071
-0.72 -0.84 0.00594496
-0.72 -0.78 0.00788495
-0.72 -0.72 0.0103141
-0.72 -0.66 0.0133063
-0.72 -0.6 0.0169305
-0.72 -0.54 0.0212458
-0.72 -0.48 0.0262946
-0.72 -0.42 0.032096
-0.72 -0.36 0.0386386
-0.72 -0.3 0.0458752
-0.72 -0.24 0.053719
-0.72 -0.18 0.0620387
-0.72 -0.12 0.0706626
-0.72 -0.06 0.0793783
-0.72 9.71445e-15 0.0879445
-0.72 0.06 0.0960951
-0.72 0.12 0.103558
-0.72 0.18 0.110067
-0.72 0.24 0.115376
-0.72 0.3 0.11928
-0.72 0.36 0.121619
-0.72 0.42 0.122301
-0.72 0.48 0.121297
-0.72 0.54 0.118646
-0.72 0.6 0.114458
-0.72 0.66 0.108901
-0.72 0.72 0.102188
-0.72 0.78 0.0945725
-0.72 0.84 0.0863205
-0.72 0.9 0.0777057
-0.72 0.96 0.0689892
-0.72 1.02 0.0604086
-0.72 1.08 0.0521685
-0.72 1.14 0.0444325
-0.72 1.2 0.0373237
-0.72 1.26 0.0309213
-0.72 1.32 0.0252651
-0.72 1.38 0.0203598
-0.72 1.44 0.0161812
-0.72 1.5 0.0126836
-0.72 1.56 0.00980533
-0.72 1.62 0.00747599
-0.72 1.68 0.00562166
-0.72 1.74 0.00416919
-0.72 1.8 0.00304948
-0.72 1.86 0.00219982
-0.72 1.92 0.00156509
-0.72 1.98 0.0010982
-0.72 2.04 0.000759997
-0.72 2.1 0.000518713
-0.72 2.16 0.000349173
-0.72 2.22 0.000231812
-0.72 2.28 0.000151783
-0.72 2.34 9.80165e-05
-0.72 2.4 6.24254e-05
-0.72 2.46 3.92119e-05
-0.72 2.52 2.42918e-05
-0.66 -1.8 1.07402e-05
-0.66 -1.74 1.77758e-05
-0.66 -1.68 2.90166e-05
-0.66 -1.62 4.67141e-05
-0.66 -1.56 7.41716e-05
-0.66 -1.5 0.000116148
-0.66 -1.44 0.000179385
-0.66 -1.38 0.000273237
-0.66 -1.32 0.000410474
-0.66 -1.26 0.000608167
-0.66 -1.2 0.000888677
-0.66 -1.14 0.00128073
-0.66 -1.08 0.00182037
-0.66 -1.02 0.00255183
-0.66 -0.96 0.00352801
-0.66 -0.9 0.00481058
-0.66 -0.84 0.00646935
-0.66 -0.78 0.00858039
-0.66 -0.72 0.0112239
-0.66 -0.66 0.0144801
-0.66 -0.6 0.0184239
-0.66 -0.54 0.02312
-0.66 -0.48 0.0286141
-0.66 -0.42 0.0349267
-0.66 -0.36 0.0420465
-0.66 -0.3 0.0499218
-0.66 -0.24 0.0584572
-0.66 -0.18 0.0675103
-0.66 -0.12 0.0768957
-0.66 -0.06 0.0863804
-0.66 9.71445e-15 0.0957023
-0.66 0.06 0.104572
-0.66 0.12 0.112692
-0.66 0.18 0.119774
-0.66 0.24 0.125553
-0.66 0.3 0.1298
-0.66 0.36 0.132348
-0.66 0.42 0.133088
-0.66 0.48 0.131995
-0.66 0.54 0.12911
-0.66 0.6 0.124553
-0.66 0.66 0.118507
-0.66 0.72 0.111203
-0.66 0.78 0.102914
-0.66 0.84 0.0939347
-0.66 0.9 0.084559
-0.66 0.96 0.0750748
-0.66 1.02 0.0657372
-0.66 1.08 0.0567697
-0.66 1.14 0.0483514
-0.66 1.2 0.040616
-0.66 1.26 0.0336489
-0.66 1.32 0.0274936
-0.66 1.38 0.0221556
-0.66 1.44 0.0176085
-0.66 1.5 0.0138023
-0.66 1.56 0.0106702
-0.66 1.62 0.0081353
-0.66 1.68 0.00611748
-0.66 1.74 0.00453689
-0.66 1.8 0.00331844
-0.66 1.86 0.00239386
-0.66 1.92 0.00170313
-0.66 1.98 0.00119507
-0.66 2.04 0.00082703
-0.66 2.1 0.000564468
-0.66 2.16 0.000379972
-0.66 2.22 0.000252258
-0.66 2.28 0.000165171
-0.66 2.34 0.000106662
-0.66 2.4 6.7932e-05
-0.66 2.46 4.26702e-05
-0.66 2.52 2.64345e-05
-0.6 -1.8 1.15268e-05
-0.6 -1.74 1.90777e-05
-0.6 -1.68 3.11417e-05
-0.6 -1.62 5.01355e-05
-0.6 -1.56 7.96043e-05
-0.6 -1.5 0.000124657
-0.6 -1.44 0.000192523
-0.6 -1.38 0.000293252
-0.6 -1.32 0.000440539
-0.6 -1.26 0.000652708
-0.6 -1.2 0.000953768
-0.6 -1.14 0.00137454
-0.6 -1.08 0.0019537
-0.6 -1.02 0.00273872
-0.6 -0.96 0.00378643
-0.6 -0.9 0.00516295
-0.6 -0.84 0.00694318
-0.6 -0.78 0.00920887
-0.6 -0.72 0.012046
-0.6 -0.66 0.0155406
-0.6 -0.6 0.0197734
-0.6 -0.54 0.0248134
-0.6 -0.48 0.03071
-0.6 -0.42 0.0374852
-0.6 -0.36 0.0451259
-0.6 -0.3 0.0535784
-0.6 -0.24 0.0627385
-0.6 -0.18 0.0724557
-0.6 -0.12 0.0825281
-0.6 -0.06 0.0927073
-0.6 9.71445e-15 0.102712
-0.6 0.06 0.112231
-0.6 0.12 0.120947
-0.6 0.18 0.128548
-0.6 0.24 0.134749
-0.6 0.3 0.139308
-0.6 0.36 0.142042
-0.6 0.42 0.142836
-0.6 0.48 0.141663
-0.6 0.54 0.138567
-0.6 0.6 0.133677
-0.6 0.66 0.127186
-0.6 0.72 0.119348
-0.6 0.78 0.110453
-0.6 0.84 0.100814
-0.6 0.9 0.0907533
-0.6 0.96 0.0805736
-0.6 1.02 0.0705518
-0.6 1.08 0.0609274
-0.6 1.14 0.0518926
-0.6 1.2 0.0435907
-0.6 1.26 0.0361135
-0.6 1.32 0.0295075
-0.6 1.38 0.0237783
-0.6 1.44 0.0188983
-0.6 1.5 0.0148132
-0.6 1.56 0.0114517
-0.6 1.62 0.00873122
-0.6 1.68 0.00656561
-0.6 1.74 0.00486923
-0.6 1.8 0.00356148
-0.6 1.86 0.00256918
-0.6 1.92 0.00182789
-0.6 1.98 0.00128259
-0.6 2.04 0.000887611
-0.6 2.1 0.000605813
-0.6 2.16 0.000407801
-0.6 2.22 0.000270733
-0.6 2.28 0.000177268
-0.6 2.34 0.000114474
-0.6 2.4 7.29078e-05
-0.6 2.46 4.57959e-05
-0.6 2.52 2.83706e-05
-0.54 -1.8 1.2201e-05
-0.54 -1.74 2.01937e-05
-0.54 -1.68 3.29633e-05
-0.54 -1.62 5.30678e-05
-0.54 -1.56 8.42605e-05
-0.54 -1.5 0.000131948
-0.54 -1.44 0.000203784
-0.54 -1.38 0.000310406
-0.54 -1.32 0.000466305
-0.54 -1.26 0.000690889
-0.54 -1.2 0.00100956
-0.54 -1.14 0.00145495
-0.54 -1.08 0.00206799
-0.54 -1.02 0.00289892
-0.54 -0.96 0.0040079
-0.54 -0.9 0.00546498
-0.54 -0.84 0.0073493
-0.54 -0.78 0.00974757
-0.54 -0.72 0.0127506
-0.54 -0.66 0.0164496
-0.54 -0.6 0.0209299
-0.54 -0.54 0.0262647
-0.54 -0.48 0.0325062
-0.54 -0.42 0.0396779
-0.54 -0.36 0.0477658
-0.54 -0.3 0.0567124
-0.54 -0.24 0.0664086
-0.54 -0.18 0.0766937
-0.54 -0.12 0.0873553
-0.54 -0.06 0.0981295
-0.54 9.71445e-15 0.108719
-0.54 0.06 0.118796
-0.54 0.12 0.128022
-0.54 0.18 0.136067
-0.54 0.24 0.142631
-0.54 0.3 0.147457
-0.54 0.36 0.15035
-0.54 0.42 0.151191
-0.54 0.48 0.14995
-0.54 0.54 0.146673
-0.54 0.6 0.141496
-0.54 0.66 0.134626
-0.54 0.72 0.126328
-0.54 0.78 0.116913
-0.54 0.84 0.106711
-0.54 0.9 0.0960616
-0.54 0.96 0.0852864
-0.54 1.02 0.0746783
-0.54 1.08 0.0644916
-0.54 1.14 0.0549282
-0.54 1.2 0.0461404
-0.54 1.26 0.0382258
-0.54 1.32 0.0312335
-0.54 1.38 0.0251692
-0.54 1.44 0.0200037
-0.54 1.5 0.0156797
-0.54 1.56 0.0121216
-0.54 1.62 0.00924198
-0.54 1.68 0.00694965
-0.54 1.74 0.00515406
-0.54 1.8 0.00376983
-0.54 1.86 0.00271946
-0.54 1.92 0.00193481
-0.54 1.98 0.00135762
-0.54 2.04 0.000939531
-0.54 2.1 0.000641246
-0.54 2.16 0.000431654
-0.54 2.22 0.00028657
-0.54 2.28 0.000187637
-0.54 2.34 0.00012117
-0.54 2.4 7.71723e-05
-0.54 2.46 4.84748e-05
-0.54 2.52 3.00299e-05
-0.54 2.58 1.8348e-05
-0.48 -1.8 1.27372e-05
-0.48 -1.74 2.10812e-05
-0.48 -1.68 3.44118e-05
-0.48 -1.62 5.53999e-05
-0.48 -1.56 8.79631e-05
-0.48 -1.5 0.000137747
-0.48 -1.44 0.000212739
-0.48 -1.38 0.000324045
-0.48 -1.32 0.000486797
-0.48 -1.26 0.000721251
-0.48 -1.2 0.00105392
-0.48 -1.14 0.00151888
-0.48 -1.08 0.00215887
-0.48 -1.02 0.00302633
-0.48 -0.96 0.00418404
-0.48 -0.9 0.00570516
-0.48 -0.84 0.00767226
-0.48 -0.78 0.0101759
-0.48 -0.72 0.0133109
-0.48 -0.66 0.0171725
-0.48 -0.6 0.0218496
-0.48 -0.54 0.0274188
-0.48 -0.48 0.0339347
-0.48 -0.42 0.0414215
-0.48 -0.36 0.0498649
-0.48 -0.3 0.0592044
-0.48 -0.24 0.0693267
-0.48 -0.18 0.0800644
-0.48 -0.12 0.0911939
-0.48 -0.06 0.102442
-0.48 9.71445e-15 0.113496
-0.48 0.06 0.124016
-0.48 0.12 0.133648
-0.48 0.18 0.142047
-0.48 0.24 0.148898
-0.48 0.3 0.153937
-0.48 0.36 0.156956
-0.48 0.42 0.157836
-0.48 0.48 0.156539
-0.48 0.54 0.153119
-0.48 0.6 0.147714
-0.48 0.66 0.140541
-0.48 0.72 0.131879
-0.48 0.78 0.122051
-0.48 0.84 0.1114
-0.48 0.9 0.100283
-0.48 0.96 0.0890342
-0.48 1.02 0.0779597
-0.48 1.08 0.0673258
-0.48 1.14 0.0573423
-0.48 1.2 0.0481678
-0.48 1.26 0.0399054
-0.48 1.32 0.0326059
-0.48 1.38 0.0262752
-0.48 1.44 0.0208827
-0.48 1.5 0.0163687
-0.48 1.56 0.0126542
-0.48 1.62 0.00964815
-0.48 1.68 0.00725502
-0.48 1.74 0.00538055
-0.48 1.8 0.0039355
-0.48 1.86 0.00283897
-0.48 1.92 0.00201984
-0.48 1.98 0.00141728
-0.48 2.04 0.000980814
-0.48 2.1 0.000669428
-0.48 2.16 0.000450623
-0.48 2.22 0.000299165
-0.48 2.28 0.000195882
-0.48 2.34 0.000126494
-0.48 2.4 8.05634e-05
-0.48 2.46 5.0605e-05
-0.48 2.52 3.13496e-05
-0.48 2.58 1.91542e-05
-0.42 -1.8 1.3114e-05
-0.42 -1.74 2.17052e-05
-0.42 -1.68 3.54302e-05
-0.42 -1.62 5.70389e-05
-0.42 -1.56 9.05661e-05
-0.42 -1.5 0.000141823
-0.42 -1.44 0.000219033
-0.42 -1.38 0.000333635
-0.42 -1.32 0.000501207
-0.42 -1.26 0.000742592
-0.42 -1.2 0.00108512
-0.42 -1.14 0.00156382
-0.42 -1.08 0.00222276
-0.42 -1.02 0.00311589
-0.42 -0.96 0.00430789
-0.42 -0.9 0.00587401
-0.42 -0.84 0.00789931
-0.42 -0.78 0.010477
-0.42 -0.72 0.0137049
-0.42 -0.66 0.0176806
-0.42 -0.6 0.0224964
-0.42 -0.54 0.0282302
-0.42 -0.48 0.0349388
-0.42 -0.42 0.0426472
-0.42 -0.36 0.0513404
-0.42 -0.3 0.0609562
-0.42 -0.24 0.0713783
-0.42 -0.18 0.0824342
-0.42 -0.12 0.0938923
-0.42 -0.06 0.105474
-0.42 9.71445e-15 0.116855
-0.42 0.06 0.127686
-0.42 0.12 0.137603
-0.42 0.18 0.146251
-0.42 0.24 0.153305
-0.42 0.3 0.158492
-0.42 0.36 0.161601
-0.42 0.42 0.162507
-0.42 0.48 0.161171
-0.42 0.54 0.157651
-0.42 0.6 0.152086
-0.42 0.66 0.1447
-0.42 0.72 0.135782
-0.42 0.78 0.125662
-0.42 0.84 0.114697
-0.42 0.9 0.103252
-0.42 0.96 0.0916689
-0.42 1.02 0.0802673
-0.42 1.08 0.0693179
-0.42 1.14 0.0590395
-0.42 1.2 0.0495935
-0.42 1.26 0.0410863
-0.42 1.32 0.0335708
-0.42 1.38 0.0270528
-0.42 1.44 0.0215008
-0.42 1.5 0.0168531
-0.42 1.56 0.0130287
-0.42 1.62 0.0099337
-0.42 1.68 0.00746975
-0.42 1.74 0.00553974
-0.42 1.8 0.00405196
-0.42 1.86 0.00292298
-0.42 1.92 0.00207961
-0.42 1.98 0.00145922
-0.42 2.04 0.00100984
-0.42 2.1 0.000689243
-0.42 2.16 0.000463954
-0.42 2.22 0.000308019
-0.42 2.28 0.00020168
-0.42 2.34 0.000130237
-0.42 2.4 8.29473e-05
-0.42 2.46 5.21023e-05
-0.42 2.52 3.22771e-05
-0.42 2.58 1.97211e-05
-0.36 -1.8 1.33166e-05
-0.36 -1.74 2.20401e-05
-0.36 -1.68 3.59773e-05
-0.36 -1.62 5.79204e-05
-0.36 -1.56 9.1965e-05
-0.36 -1.5 0.000144013
-0.36 -1.44 0.000222417
-0.36 -1.38 0.000338788
-0.36 -1.32 0.000508947
-0.36 -1.26 0.000754059
-0.36 -1.2 0.00110187
-0.36 -1.14 0.00158798
-0.36 -1.08 0.00225706
-0.36 -1.02 0.00316398
-0.36 -0.96 0.00437439
-0.36 -0.9 0.00596465
-0.36 -0.84 0.0080213
-0.36 -0.78 0.0106388
-0.36 -0.72 0.0139165
-0.36 -0.66 0.0179537
-0.36 -0.6 0.0228438
-0.36 -0.54 0.0286664
-0.36 -0.48 0.0354785
-0.36 -0.42 0.0433057
-0.36 -0.36 0.0521329
-0.36 -0.3 0.061898
-0.36 -0.24 0.0724805
-0.36 -0.18 0.0837067
-0.36 -0.12 0.0953428
-0.36 -0.06 0.107103
-0.36 9.71445e-15 0.118661
-0.36 0.06 0.129658
-0.36 0.12 0.139727
-0.36 0.18 0.148508
-0.36 0.24 0.155672
-0.36 0.3 0.16094
-0.36 0.36 0.164098
-0.36 0.42 0.165015
-0.36 0.48 0.16366
-0.36 0.54 0.160083
-0.36 0.6 0.154434
-0.36 0.66 0.146935
-0.36 0.72 0.13788
-0.36 0.78 0.127603
-0.36 0.84 0.116469
-0.36 0.9 0.104846
-0.36 0.96 0.0930848
-0.36 1.02 0.081507
-0.36 1.08 0.070388
-0.36 1.14 0.0599506
-0.36 1.2 0.0503594
-0.36 1.26 0.0417212
-0.36 1.32 0.0340894
-0.36 1.38 0.0274705
-0.36 1.44 0.0218328
-0.36 1.5 0.0171134
-0.36 1.56 0.0132299
-0.36 1.62 0.010087
-0.36 1.68 0.00758511
-0.36 1.74 0.00562531
-0.36 1.8 0.0041145
-0.36 1.86 0.00296812
-0.36 1.92 0.00211172
-0.36 1.98 0.00148175
-0.36 2.04 0.00102544
-0.36 2.1 0.000699884
-0.36 2.16 0.000471123
-0.36 2.22 0.000312772
-0.36 2.28 0.000204794
-0.36 2.34 0.00013225
-0.36 2.4 8.42287e-05
-0.36 2.46 5.2907e-05
-0.36 2.52 3.27759e-05
-0.36 2.58 2.00257e-05
-0.3 -1.74 2.20731e-05
-0.3 -1.68 3.60307e-05
-0.3 -1.62 5.80064e-05
-0.3 -1.56 9.21016e-05
-0.3 -1.5 0.000144226
-0.3 -1.44 0.000222748
-0.3 -1.38 0.000339286
-0.3 -1.32 0.000509704
-0.3 -1.26 0.000755183
-0.3 -1.2 0.00110351
-0.3 -1.14 0.00159033
-0.3 -1.08 0.00226043
-0.3 -1.02 0.00316872
-0.3 -0.96 0.00438091
-0.3 -0.9 0.00597352
-0.3 -0.84 0.00803327
-0.3 -0.78 0.0106545
-0.3 -0.72 0.0139371
-0.3 -0.66 0.0179804
-0.3 -0.6 0.0228778
-0.3 -0.54 0.0287087
-0.3 -0.48 0.0355311
-0.3 -0.42 0.0433699
-0.3 -0.36 0.0522108
-0.3 -0.3 0.0619896
-0.3 -0.24 0.072588
-0.3 -0.18 0.0838308
-0.3 -0.12 0.0954841
-0.3 -0.06 0.107262
-0.3 9.71445e-15 0.118836
-0.3 0.06 0.129851
-0.3 0.12 0.139935
-0.3 0.18 0.148729
-0.3 0.24 0.155905
-0.3 0.3 0.161177
-0.3 0.36 0.16434
-0.3 0.42 0.165262
-0.3 0.48 0.163902
-0.3 0.54 0.160322
-0.3 0.6 0.154663
-0.3 0.66 0.147153
-0.3 0.72 0.138084
-0.3 0.78 0.127791
-0.3 0.84 0.116642
-0.3 0.9 0.105001
-0.3 0.96 0.0932232
-0.3 1.02 0.0816281
-0.3 1.08 0.0704931
-0.3 1.14 0.0600402
-0.3 1.2 0.0504342
-0.3 1.26 0.0417828
-0.3 1.32 0.0341395
-0.3 1.38 0.0275113
-0.3 1.44 0.0218652
-0.3 1.5 0.017139
-0.3 1.56 0.0132494
-0.3 1.62 0.010102
-0.3 1.68 0.00759627
-0.3 1.74 0.00563361
-0.3 1.8 0.00412064
-0.3 1.86 0.00297255
-0.3 1.92 0.00211485
-0.3 1.98 0.00148396
-0.3 2.04 0.00102695
-0.3 2.1 0.000700927
-0.3 2.16 0.000471824
-0.3 2.22 0.000313241
-0.3 2.28 0.000205098
-0.3 2.34 0.000132446
-0.3 2.4 8.43536e-05
-0.3 2.46 5.29851e-05
-0.3 2.52 3.28245e-05
-0.3 2.58 2.00552e-05
-0.24 -1.74 2.18018e-05
-0.24 -1.68 3.55885e-05
-0.24 -1.62 5.72941e-05
-0.24 -1.56 9.09697e-05
-0.24 -1.5 0.000142456
-0.24 -1.44 0.000220013
-0.24 -1.38 0.000335124
-0.24 -1.32 0.000503438
-0.24 -1.26 0.00074591
-0.24 -1.2 0.00108996
-0.24 -1.14 0.00157081
-0.24 -1.08 0.00223267
-0.24 -1.02 0.00312978
-0.24 -0.96 0.00432703
-0.24 -0.9 0.00590016
-0.24 -0.84 0.00793454
-0.24 -0.78 0.0105238
-0.24 -0.72 0.0137659
-0.24 -0.66 0.0177594
-0.24 -0.6 0.0225966
-0.24 -0.54 0.0283562
-0.24 -0.48 0.0350946
-0.24 -0.42 0.0428374
-0.24 -0.36 0.0515697
-0.24 -0.3 0.0612282
-0.24 -0.24 0.0716972
-0.24 -0.18 0.082801
-0.24 -0.12 0.094311
-0.24 -0.06 0.105944
-0.24 9.71445e-15 0.117377
-0.24 0.06 0.128255
-0.24 0.12 0.138216
-0.24 0.18 0.146903
-0.24 0.24 0.153989
-0.24 0.3 0.159199
-0.24 0.36 0.162321
-0.24 0.42 0.163231
-0.24 0.48 0.161891
-0.24 0.54 0.158353
-0.24 0.6 0.152764
-0.24 0.66 0.145347
-0.24 0.72 0.136388
-0.24 0.78 0.126223
-0.24 0.84 0.11521
-0.24 0.9 0.103711
-0.24 0.96 0.0920776
-0.24 1.02 0.0806257
-0.24 1.08 0.0696275
-0.24 1.14 0.0593025
-0.24 1.2 0.0498149
-0.24 1.26 0.0412697
-0.24 1.32 0.0337206
-0.24 1.38 0.0271736
-0.24 1.44 0.0215966
-0.24 1.5 0.0169283
-0.24 1.56 0.0130869
-0.24 1.62 0.00997793
-0.24 1.68 0.00750307
-0.24 1.74 0.00556449
-0.24 1.8 0.00407004
-0.24 1.86 0.00293602
-0.24 1.92 0.00208888
-0.24 1.98 0.00146574
-0.24 2.04 0.00101435
-0.24 2.1 0.000692308
-0.24 2.16 0.00046603
-0.24 2.22 0.000309391
-0.24 2.28 0.00020258
-0.24 2.34 0.00013082
-0.24 2.4 8.33171e-05
-0.24 2.46 5.23349e-05
-0.24 2.52 3.24215e-05
-0.24 2.58 1.98091e-05
-0.18 -1.74 2.12382e-05
-0.18 -1.68 3.46681e-05
-0.18 -1.62 5.58124e-05
-0.18 -1.56 8.86176e-05
-0.18 -1.5 0.000138771
-0.18 -1.44 0.000214322
-0.18 -1.38 0.000326457
-0.18 -1.32 0.000490426
-0.18 -1.26 0.000726614
-0.18 -1.2 0.00106177
-0.18 -1.14 0.00153018
-0.18 -1.08 0.00217491
-0.18 -1.02 0.00304886
-0.18 -0.96 0.00421521
-0.18 -0.9 0.00574759
-0.18 -0.84 0.00772937
-0.18 -0.78 0.0102516
-0.18 -0.72 0.0134101
-0.18 -0.66 0.0173003
-0.18 -0.6 0.0220125
-0.18 -0.54 0.0276231
-0.18 -0.48 0.0341872
-0.18 -0.42 0.0417294
-0.18 -0.36 0.0502355
-0.18 -0.3 0.059645
-0.18 -0.24 0.0698428
-0.18 -0.18 0.0806604
-0.18 -0.12 0.0918725
-0.18 -0.06 0.103206
-0.18 9.71445e-15 0.114342
-0.18 0.06 0.124939
-0.18 0.12 0.134642
-0.18 0.18 0.143103
-0.18 0.24 0.150007
-0.18 0.3 0.155081
-0.18 0.36 0.158126
-0.18 0.42 0.159011
-0.18 0.48 0.157703
-0.18 0.54 0.154257
-0.18 0.6 0.148813
-0.18 0.66 0.141588
-0.18 0.72 0.132862
-0.18 0.78 0.122959
-0.18 0.84 0.112231
-0.18 0.9 0.10103
-0.18 0.96 0.0896966
-0.18 1.02 0.078541
-0.18 1.08 0.0678262
-0.18 1.14 0.0577691
-0.18 1.2 0.0485268
-0.18 1.26 0.0402028
-0.18 1.32 0.0328487
-0.18 1.38 0.0264709
-0.18 1.44 0.0210383
-0.18 1.5 0.0164906
-0.18 1.56 0.0127483
-0.18 1.62 0.00971991
-0.18 1.68 0.00730904
-0.18 1.74 0.00542054
-0.18 1.8 0.00396474
-0.18 1.86 0.00286011
-0.18 1.92 0.00203486
-0.18 1.98 0.00142782
-0.18 2.04 0.000988116
-0.18 2.1 0.000674416
-0.18 2.16 0.000453977
-0.18 2.22 0.000301392
-0.18 2.28 0.000197342
-0.18 2.34 0.000127436
-0.18 2.4 8.11629e-05
-0.18 2.46 5.09811e-05
-0.18 2.52 3.1583e-05
-0.18 2.58 1.92968e-05
-0.12 -1.74 2.04047e-05
-0.12 -1.68 3.33074e-05
-0.12 -1.62 5.36215e-05
-0.12 -1.56 8.51392e-05
-0.12 -1.5 0.000133325
-0.12 -1.44 0.00020591
-0.12 -1.38 0.000313644
-0.12 -1.32 0.000471174
-0.12 -1.26 0.000698099
-0.12 -1.2 0.0010201
-0.12 -1.14 0.00147012
-0.12 -1.08 0.00208958
-0.12 -1.02 0.0029292
-0.12 -0.96 0.00404975
-0.12 -0.9 0.00552205
-0.12 -0.84 0.00742599
-0.12 -0.78 0.00984922
-0.12 -0.72 0.0128837
-0.12 -0.66 0.0166212
-0.12 -0.6 0.0211484
-0.12 -0.54 0.0265386
-0.12 -0.48 0.0328452
-0.12 -0.42 0.0400919
-0.12 -0.36 0.0482643
-0.12 -0.3 0.0573036
-0.12 -0.24 0.0671017
-0.12 -0.18 0.0774948
-0.12 -0.12 0.0882661
-0.12 -0.06 0.0991541
-0.12 9.71445e-15 0.109853
-0.12 0.06 0.120035
-0.12 0.12 0.129358
-0.12 0.18 0.137488
-0.12 0.24 0.144119
-0.12 0.3 0.148995
-0.12 0.36 0.151918
-0.12 0.42 0.152771
-0.12 0.48 0.151514
-0.12 0.54 0.148205
-0.12 0.6 0.142974
-0.12 0.66 0.136031
-0.12 0.72 0.127646
-0.12 0.78 0.118133
-0.12 0.84 0.107826
-0.12 0.9 0.097065
-0.12 0.96 0.0861759
-0.12 1.02 0.0754582
-0.12 1.08 0.0651647
-0.12 1.14 0.0555021
-0.12 1.2 0.0466222
-0.12 1.26 0.0386244
-0.12 1.32 0.0315593
-0.12 1.38 0.0254319
-0.12 1.44 0.0202125
-0.12 1.5 0.0158434
-0.12 1.56 0.012248
-0.12 1.62 0.00933849
-0.12 1.68 0.00702218
-0.12 1.74 0.00520781
-0.12 1.8 0.00380918
-0.12 1.86 0.00274785
-0.12 1.92 0.001955
-0.12 1.98 0.00137179
-0.12 2.04 0.000949332
-0.12 2.1 0.000647942
-0.12 2.16 0.000436157
-0.12 2.22 0.000289564
-0.12 2.28 0.000189596
-0.12 2.34 0.000122434
-0.12 2.4 7.79769e-05
-0.12 2.46 4.89804e-05
-0.12 2.52 3.03432e-05
-0.12 2.58 1.85395e-05
-0.12 2.64 1.11716e-05
-0.06 -1.74 1.93344e-05
-0.06 -1.68 3.15603e-05
-0.06 -1.62 5.08092e-05
-0.06 -1.56 8.06738e-05
-0.06 -1.5 0.000126331
-0.06 -1.44 0.00019511
-0.06 -1.38 0.000297189
-0.06 -1.32 0.000446462
-0.06 -1.26 0.000661484
-0.06 -1.2 0.000966593
-0.06 -1.14 0.00139301
-0.06 -1.08 0.00197997
-0.06 -1.02 0.00277557
-0.06 -0.96 0.00383734
-0.06 -0.9 0.00523237
-0.06 -0.84 0.00703653
-0.06 -0.78 0.00933258
-0.06 -0.72 0.0122078
-0.06 -0.66 0.0157494
-0.06 -0.6 0.0200392
-0.06 -0.54 0.0251467
-0.06 -0.48 0.0311224
-0.06 -0.42 0.0379887
-0.06 -0.36 0.0457328
-0.06 -0.3 0.054298
-0.06 -0.24 0.0635818
-0.06 -0.18 0.0734293
-0.06 -0.12 0.0836366
-0.06 -0.06 0.0939538
-0.06 9.71445e-15 0.104091
-0.06 0.06 0.113739
-0.06 0.12 0.122572
-0.06 0.18 0.130276
-0.06 0.24 0.136561
-0.06 0.3 0.141179
-0.06 0.36 0.14395
-0.06 0.42 0.144757
-0.06 0.48 0.143566
-0.06 0.54 0.14043
-0.06 0.6 0.135474
-0.06 0.66 0.128895
-0.06 0.72 0.120951
-0.06 0.78 0.111935
-0.06 0.84 0.10217
-0.06 0.9 0.0919728
-0.06 0.96 0.0816563
-0.06 1.02 0.0715002
-0.06 1.08 0.0617467
-0.06 1.14 0.0525908
-0.06 1.2 0.0441767
-0.06 1.26 0.0365986
-0.06 1.32 0.0299036
-0.06 1.38 0.0240979
-0.06 1.44 0.0191522
-0.06 1.5 0.0150124
-0.06 1.56 0.0116055
-0.06 1.62 0.00884861
-0.06 1.68 0.00665378
-0.06 1.74 0.00493463
-0.06 1.8 0.00360937
-0.06 1.86 0.00260373
-0.06 1.92 0.00185244
-0.06 1.98 0.00129984
-0.06 2.04 0.000899526
-0.06 2.1 0.000613959
-0.06 2.16 0.000413281
-0.06 2.22 0.000274376
-0.06 2.28 0.000179651
-0.06 2.34 0.000116012
-0.06 2.4 7.38872e-05
-0.06 2.46 4.6411e-05
-0.06 2.52 2.87518e-05
-0.06 2.58 1.75668e-05
-0.06 2.64 1.05857e-05
9.71445e-15 -1.68 2.94937e-05
9.71445e-15 -1.62 4.74821e-05
9.71445e-15 -1.56 7.53915e-05
9.71445e-15 -1.5 0.000118059
9.71445e-15 -1.44 0.000182334
9.71445e-15 -1.38 0.000277731
9.71445e-15 -1.32 0.000417229
9.71445e-15 -1.26 0.000618168
9.71445e-15 -1.2 0.000903297
9.71445e-15 -1.14 0.00130179
9.71445e-15 -1.08 0.00185032
9.71445e-15 -1.02 0.00259382
9.71445e-15 -0.96 0.00358609
9.71445e-15 -0.9 0.00488975
9.71445e-15 -0.84 0.00657578
9.71445e-15 -0.78 0.00872144
9.71445e-15 -0.72 0.0114085
9.71445e-15 -0.66 0.0147182
9.71445e-15 -0.6 0.0187271
9.71445e-15 -0.54 0.0235002
9.71445e-15 -0.48 0.0290847
9.71445e-15 -0.42 0.0355013
9.71445e-15 -0.36 0.0427381
9.71445e-15 -0.3 0.0507428
9.71445e-15 -0.24 0.0594184
9.71445e-15 -0.18 0.0686216
9.71445e-15 -0.12 0.0781603
9.71445e-15 -0.06 0.0878019
9.71445e-15 9.71445e-15 0.0972758
9.71445e-15 0.06 0.106292
9.71445e-15 0.12 0.114547
9.71445e-15 0.18 0.121745
9.71445e-15 0.24 0.127619
9.71445e-15 0.3 0.131935
9.71445e-15 0.36 0.134524
9.71445e-15 0.42 0.135279
9.71445e-15 0.48 0.134165
9.71445e-15 0.54 0.131234
9.71445e-15 0.6 0.126602
9.71445e-15 0.66 0.120455
9.71445e-15 0.72 0.113031
9.71445e-15 0.78 0.104606
9.71445e-15 0.84 0.0954796
9.71445e-15 0.9 0.0859509
9.71445e-15 0.96 0.0763096
9.71445e-15 1.02 0.0668184
9.71445e-15 1.08 0.0577034
9.71445e-15 1.14 0.0491471
9.71445e-15 1.2 0.041284
9.71445e-15 1.26 0.0342022
9.71445e-15 1.32 0.0279457
9.71445e-15 1.38 0.02252
9.71445e-15 1.44 0.0178982
9.71445e-15 1.5 0.0140294
9.71445e-15 1.56 0.0108456
9.71445e-15 1.62 0.00826919
9.71445e-15 1.68 0.00621811
9.71445e-15 1.74 0.0046115
9.71445e-15 1.8 0.00337302
9.71445e-15 1.86 0.00243324
9.71445e-15 1.92 0.00173116
9.71445e-15 1.98 0.00121472
9.71445e-15 2.04 0.000840631
9.71445e-15 2.1 0.000573759
9.71445e-15 2.16 0.000386219
9.71445e-15 2.22 0.000256409
9.71445e-15 2.28 0.000167887
9.71445e-15 2.34 0.000108416
9.71445e-15 2.4 6.90493e-05
9.71445e-15 2.46 4.33721e-05
9.71445e-15 2.52 2.68691e-05
9.71445e-15 2.58 1.64166e-05
9.71445e-15 2.64 9.89256e-06
0.06 -1.68 2.71837e-05
0.06 -1.62 4.37631e-05
0.06 -1.56 6.94863e-05
0.06 -1.5 0.000108812
0.06 -1.44 0.000168052
0.06 -1.38 0.000255979
0.06 -1.32 0.00038455
0.06 -1.26 0.000569747
0.06 -1.2 0.000832546
0.06 -1.14 0.00119983
0.06 -1.08 0.00170538
0.06 -1.02 0.00239065
0.06 -0.96 0.00330521
0.06 -0.9 0.00450677
0.06 -0.84 0.00606072
0.06 -0.78 0.00803837
0.06 -0.72 0.010515
0.06 -0.66 0.0135654
0.06 -0.6 0.0172603
0.06 -0.54 0.0216596
0.06 -0.48 0.0268065
0.06 -0.42 0.0327207
0.06 -0.36 0.0393904
0.06 -0.3 0.0467683
0.06 -0.24 0.0547645
0.06 -0.18 0.063247
0.06 -0.12 0.0720382
0.06 -0.06 0.0809249
0.06 9.71445e-15 0.089657
0.06 0.06 0.0979662
0.06 0.12 0.105575
0.06 0.18 0.112209
0.06 0.24 0.117623
0.06 0.3 0.121601
0.06 0.36 0.123988
0.06 0.42 0.124683
0.06 0.48 0.123657
0.06 0.54 0.120956
0.06 0.6 0.116687
0.06 0.66 0.111021
0.06 0.72 0.104178
0.06 0.78 0.0964138
0.06 0.84 0.0880013
0.06 0.9 0.0792191
0.06 0.96 0.0703325
0.06 1.02 0.0615849
0.06 1.08 0.0531834
0.06 1.14 0.0452975
0.06 1.2 0.0380505
0.06 1.26 0.0315235
0.06 1.32 0.025757
0.06 1.38 0.0207561
0.06 1.44 0.0164964
0.06 1.5 0.0129305
0.06 1.56 0.00999612
0.06 1.62 0.00762153
0.06 1.68 0.00573111
0.06 1.74 0.00425031
0.06 1.8 0.00310881
0.06 1.86 0.00224265
0.06 1.92 0.00159556
0.06 1.98 0.00111957
0.06 2.04 0.000774794
0.06 2.1 0.000528819
0.06 2.16 0.000355968
0.06 2.22 0.000236325
0.06 2.28 0.000154738
0.06 2.34 9.99243e-05
0.06 2.4 6.36408e-05
0.06 2.46 3.99749e-05
0.06 2.52 2.47646e-05
0.06 2.58 1.51309e-05
0.06 2.64 9.11773e-06
0.12 -1.68 2.47102e-05
0.12 -1.62 3.97812e-05
0.12 -1.56 6.31637e-05
0.12 -1.5 9.89112e-05
0.12 -1.44 0.000152762
0.12 -1.38 0.000232687
0.12 -1.32 0.000349557
0.12 -1.26 0.000517907
0.12 -1.2 0.000756789
0.12 -1.14 0.00109066
0.12 -1.08 0.0015502
0.12 -1.02 0.00217311
0.12 -0.96 0.00300444
0.12 -0.9 0.00409667
0.12 -0.84 0.00550922
0.12 -0.78 0.00730697
0.12 -0.72 0.0095582
0.12 -0.66 0.0123311
0.12 -0.6 0.0156897
0.12 -0.54 0.0196888
0.12 -0.48 0.0243675
0.12 -0.42 0.0297434
0.12 -0.36 0.0358062
0.12 -0.3 0.042513
0.12 -0.24 0.0497815
0.12 -0.18 0.0574917
0.12 -0.12 0.0654837
0.12 -0.06 0.073561
0.12 9.71445e-15 0.0814992
0.12 0.06 0.0890523
0.12 0.12 0.0959677
0.12 0.18 0.101998
0.12 0.24 0.10692
0.12 0.3 0.110537
0.12 0.36 0.112706
0.12 0.42 0.113337
0.12 0.48 0.112406
0.12 0.54 0.109949
0.12 0.6 0.106069
0.12 0.66 0.100919
0.12 0.72 0.0946992
0.12 0.78 0.087641
0.12 0.84 0.0799938
0.12 0.9 0.0720104
0.12 0.96 0.0639329
0.12 1.02 0.0559811
0.12 1.08 0.0483443
0.12 1.14 0.0411756
0.12 1.2 0.0345882
0.12 1.26 0.0286551
0.12 1.32 0.0234134
0.12 1.38 0.0188675
0.12 1.44 0.0149953
0.12 1.5 0.0117539
0.12 1.56 0.00908657
0.12 1.62 0.00692798
0.12 1.68 0.00520963
0.12 1.74 0.00386359
0.12 1.8 0.00282593
0.12 1.86 0.00203858
0.12 1.92 0.00145037
0.12 1.98 0.0010177
0.12 2.04 0.000704295
0.12 2.1 0.000480698
0.12 2.16 0.000323579
0.12 2.22 0.00021482
0.12 2.28 0.000140658
0.12 2.34 9.08324e-05
0.12 2.4 5.78503e-05
0.12 2.46 3.63377e-05
0.12 2.52 2.25113e-05
0.12 2.58 1.37541e-05
0.12 2.64 8.28804e-06
0.18 -1.62 3.56644e-05
0.18 -1.56 5.66273e-05
0.18 -1.5 8.86752e-05
0.18 -1.44 0.000136953
0.18 -1.38 0.000208606
0.18 -1.32 0.000313382
0.18 -1.26 0.000464313
0.18 -1.2 0.000678469
0.18 -1.14 0.000977788
0.18 -1.08 0.00138979
0.18 -1.02 0.00194823
0.18 -0.96 0.00269352
0.18 -0.9 0.00367271
0.18 -0.84 0.00493912
0.18 -0.78 0.00655078
0.18 -0.72 0.00856897
0.18 -0.66 0.011055
0.18 -0.6 0.014066
0.18 -0.54 0.0176512
0.18 -0.48 0.0218458
0.18 -0.42 0.0266653
0.18 -0.36 0.032101
0.18 -0.3 0.0381134
0.18 -0.24 0.0446296
0.18 -0.18 0.0515419
0.18 -0.12 0.058707
0.18 -0.06 0.0659483
0.18 9.71445e-15 0.0730649
0.18 0.06 0.0798368
0.18 0.12 0.0860368
0.18 0.18 0.0914434
0.18 0.24 0.0958554
0.18 0.3 0.0990975
0.18 0.36 0.101042
0.18 0.42 0.101608
0.18 0.48 0.100773
0.18 0.54 0.098571
0.18 0.6 0.0950913
0.18 0.66 0.0904747
0.18 0.72 0.0848989
0.18 0.78 0.0785708
0.18 0.84 0.0717151
0.18 0.9 0.064558
0.18 0.96 0.0573169
0.18 1.02 0.0501875
0.18 1.08 0.0433415
0.18 1.14 0.0369146
0.18 1.2 0.0310086
0.18 1.26 0.0256896
0.18 1.32 0.0209903
0.18 1.38 0.0169149
0.18 1.44 0.0134434
0.18 1.5 0.0105376
0.18 1.56 0.00814623
0.18 1.62 0.00621103
0.18 1.68 0.00467045
0.18 1.74 0.00346374
0.18 1.8 0.0025335
0.18 1.86 0.00182762
0.18 1.92 0.00130028
0.18 1.98 0.000912389
0.18 2.04 0.000631405
0.18 2.1 0.000430952
0.18 2.16 0.000290094
0.18 2.22 0.00019259
0.18 2.28 0.000126101
0.18 2.34 8.14324e-05
0.18 2.4 5.18636e-05
0.18 2.46 3.25772e-05
0.18 2.52 2.01817e-05
0.18 2.58 1.23306e-05
0.18 2.64 7.43034e-06
0.24 -1.62 3.15339e-05
0.24 -1.56 5.00686e-05
0.24 -1.5 7.8405e-05
0.24 -1.44 0.000121092
0.24 -1.38 0.000184447
0.24 -1.32 0.00027709
0.24 -1.26 0.000410537
0.24 -1.2 0.000599902
0.24 -1.14 0.000864552
0.24 -1.08 0.00122883
0.24 -1.02 0.00172261
0.24 -0.96 0.00238158
0.24 -0.9 0.00324739
0.24 -0.84 0.00436709
0.24 -0.78 0.00579214
0.24 -0.72 0.00757661
0.24 -0.66 0.00977459
0.24 -0.6 0.012437
0.24 -0.54 0.015607
0.24 -0.48 0.0193156
0.24 -0.42 0.023577
0.24 -0.36 0.0283832
0.24 -0.3 0.0336991
0.24 -0.24 0.0394613
0.24 -0.18 0.0455728
0.24 -0.12 0.0519075
0.24 -0.06 0.0583109
0.24 9.71445e-15 0.0646031
0.24 0.06 0.07059
0.24 0.12 0.0760721
0.24 0.18 0.0808536
0.24 0.24 0.0847539
0.24 0.3 0.0876205
0.24 0.36 0.0893404
0.24 0.42 0.0898413
0.24 0.48 0.0891028
0.24 0.54 0.0871557
0.24 0.6 0.0840799
0.24 0.66 0.0799973
0.24 0.72 0.0750666
0.24 0.78 0.0694712
0.24 0.84 0.0634103
0.24 0.9 0.0570816
0.24 0.96 0.0506784
0.24 1.02 0.0443757
0.24 1.08 0.0383219
0.24 1.14 0.0326397
0.24 1.2 0.0274177
0.24 1.26 0.0227145
0.24 1.32 0.0185593
0.24 1.38 0.0149561
0.24 1.44 0.0118865
0.24 1.5 0.0093172
0.24 1.56 0.00720285
0.24 1.62 0.00549175
0.24 1.68 0.00412959
0.24 1.74 0.0030626
0.24 1.8 0.00224009
0.24 1.86 0.00161596
0.24 1.92 0.00114968
0.24 1.98 0.000806719
0.24 2.04 0.000558281
0.24 2.1 0.000381044
0.24 2.16 0.000256497
0.24 2.22 0.000170287
0.24 2.28 0.000111498
0.24 2.34 7.20015e-05
0.24 2.4 4.58567e-05
0.24 2.46 2.88042e-05
0.24 2.52 1.78444e-05
0.24 2.58 1.09027e-05
0.3 -1.62 2.74987e-05
0.3 -1.56 4.36619e-05
0.3 -1.5 6.83729e-05
0.3 -1.44 0.000105597
0.3 -1.38 0.000160845
0.3 -1.32 0.00024163
0.3 -1.26 0.000358005
0.3 -1.2 0.000523133
0.3 -1.14 0.000753924
0.3 -1.08 0.00107159
0.3 -1.02 0.00150217
0.3 -0.96 0.00207682
0.3 -0.9 0.00283185
0.3 -0.84 0.00380825
0.3 -0.78 0.00505098
0.3 -0.72 0.00660707
0.3 -0.66 0.00852384
0.3 -0.6 0.0108454
0.3 -0.54 0.0136097
0.3 -0.48 0.016844
0.3 -0.42 0.0205603
0.3 -0.36 0.0247513
0.3 -0.3 0.0293871
0.3 -0.24 0.0344115
0.3 -0.18 0.0397413
0.3 -0.12 0.0452655
0.3 -0.06 0.0508486
0.3 9.71445e-15 0.0563357
0.3 0.06 0.0615573
0.3 0.12 0.0663382
0.3 0.18 0.0705076
0.3 0.24 0.0739082
0.3 0.3 0.0764092
0.3 0.36 0.0779074
0.3 0.42 0.0783445
0.3 0.48 0.0777009
0.3 0.54 0.0760033
0.3 0.6 0.0733202
0.3 0.66 0.0697601
0.3 0.72 0.0654602
0.3 0.78 0.0605818
0.3 0.84 0.0552954
0.3 0.9 0.0497773
0.3 0.96 0.0441935
0.3 1.02 0.0386966
0.3 1.08 0.0334183
0.3 1.14 0.0284628
0.3 1.2 0.0239089
0.3 1.26 0.0198076
0.3 1.32 0.0161845
0.3 1.38 0.0130421
0.3 1.44 0.0103655
0.3 1.5 0.00812491
0.3 1.56 0.00628114
0.3 1.62 0.00478902
0.3 1.68 0.00360115
0.3 1.74 0.00267072
0.3 1.8 0.00195345
0.3 1.86 0.00140917
0.3 1.92 0.00100258
0.3 1.98 0.000703492
0.3 2.04 0.000486843
0.3 2.1 0.000332281
0.3 2.16 0.000223674
0.3 2.22 0.000148496
0.3 2.28 9.72295e-05
0.3 2.34 6.27877e-05
0.3 2.4 3.99889e-05
0.3 2.46 2.51186e-05
0.3 2.52 1.55609e-05
0.3 2.58 9.50751e-06
0.36 -1.56 3.75515e-05
0.36 -1.5 5.88036e-05
0.36 -1.44 9.08185e-05
0.36 -1.38 0.000138335
0.36 -1.32 0.000207815
0.36 -1.26 0.000307901
0.36 -1.2 0.000449919
0.36 -1.14 0.000648407
0.36 -1.08 0.000921613
0.36 -1.02 0.00129193
0.36 -0.96 0.00178617
0.36 -0.9 0.0024355
0.36 -0.84 0.00327529
0.36 -0.78 0.00434406
0.36 -0.72 0.00568243
0.36 -0.66 0.00733094
0.36 -0.6 0.00932768
0.36 -0.54 0.0117052
0.36 -0.48 0.0144867
0.36 -0.42 0.0176827
0.36 -0.36 0.0212872
0.36 -0.3 0.0252744
0.36 -0.24 0.0295956
0.36 -0.18 0.0341793
0.36 -0.12 0.0389307
0.36 -0.06 0.0437327
0.36 9.71445e-15 0.0484521
0.36 0.06 0.0529425
0.36 0.12 0.0570537
0.36 0.18 0.0606389
0.36 0.24 0.0635648
0.36 0.3 0.0657151
0.36 0.36 0.067005
0.36 0.42 0.0673799
0.36 0.48 0.0668263
0.36 0.54 0.0653654
0.36 0.6 0.0630588
0.36 0.66 0.0599973
0.36 0.72 0.0562997
0.36 0.78 0.0521033
0.36 0.84 0.0475572
0.36 0.9 0.0428107
0.36 0.96 0.0380087
0.36 1.02 0.0332814
0.36 1.08 0.0287412
0.36 1.14 0.0244794
0.36 1.2 0.020563
0.36 1.26 0.0170358
0.36 1.32 0.0139195
0.36 1.38 0.0112169
0.36 1.44 0.00891484
0.36 1.5 0.00698781
0.36 1.56 0.00540207
0.36 1.62 0.00411873
0.36 1.68 0.00309716
0.36 1.74 0.00229693
0.36 1.8 0.00168005
0.36 1.86 0.00121196
0.36 1.92 0.000862261
0.36 1.98 0.000605036
0.36 2.04 0.000418709
0.36 2.1 0.00028578
0.36 2.16 0.000192372
0.36 2.22 0.000127713
0.36 2.28 8.36227e-05
0.36 2.34 5.40008e-05
0.36 2.4 3.43926e-05
0.36 2.46 2.16031e-05
0.36 2.52 1.33832e-05
0.36 2.58 8.17693e-06
0.42 -1.56 3.18518e-05
0.42 -1.5 4.98788e-05
0.42 -1.44 7.70341e-05
0.42 -1.38 0.000117339
0.42 -1.32 0.000176274
0.42 -1.26 0.000261169
0.42 -1.2 0.000381637
0.42 -1.14 0.000549999
0.42 -1.08 0.000781741
0.42 -1.02 0.00109586
0.42 -0.96 0.00151507
0.42 -0.9 0.00206588
0.42 -0.84 0.00277817
0.42 -0.78 0.00368476
0.42 -0.72 0.00482
0.42 -0.66 0.00621822
0.42 -0.6 0.00791195
0.42 -0.54 0.00992854
0.42 -0.48 0.0122879
0.42 -0.42 0.0149989
0.42 -0.36 0.0180564
0.42 -0.3 0.0214382
0.42 -0.24 0.0251039
0.42 -0.18 0.028992
0.42 -0.12 0.0330217
0.42 -0.06 0.0370951
0.42 9.71445e-15 0.0410979
0.42 0.06 0.0449067
0.42 0.12 0.0483946
0.42 0.18 0.0514363
0.42 0.24 0.0539171
0.42 0.3 0.0557413
0.42 0.36 0.056835
0.42 0.42 0.0571537
0.42 0.48 0.0566841
0.42 0.54 0.0554455
0.42 0.6 0.0534887
0.42 0.66 0.0508914
0.42 0.72 0.0477544
0.42 0.78 0.0441955
0.42 0.84 0.0403393
0.42 0.9 0.0363135
0.42 0.96 0.0322396
0.42 1.02 0.0282301
0.42 1.08 0.024379
0.42 1.14 0.0207642
0.42 1.2 0.0174421
0.42 1.26 0.01445
0.42 1.32 0.0118069
0.42 1.38 0.0095145
0.42 1.44 0.00756183
0.42 1.5 0.00592724
0.42 1.56 0.0045822
0.42 1.62 0.00349367
0.42 1.68 0.00262711
0.42 1.74 0.00194833
0.42 1.8 0.00142507
0.42 1.86 0.00102801
0.42 1.92 0.000731394
0.42 1.98 0.000513205
0.42 2.04 0.000355161
0.42 2.1 0.000242405
0.42 2.16 0.000163173
0.42 2.22 0.00010833
0.42 2.28 7.09311e-05
0.42 2.34 4.58046e-05
0.42 2.4 2.91723e-05
0.42 2.46 1.83243e-05
0.42 2.52 1.13519e-05
0.42 2.58 6.93592e-06
0.48 -1.5 4.17268e-05
0.48 -1.44 6.44445e-05
0.48 -1.38 9.81613e-05
0.48 -1.32 0.000147466
0.48 -1.26 0.000218487
0.48 -1.2 0.000319264
0.48 -1.14 0.000460108
0.48 -1.08 0.000653981
0.48 -1.02 0.000916765
0.48 -0.96 0.00126747
0.48 -0.9 0.00172824
0.48 -0.84 0.00232415
0.48 -0.78 0.00308253
0.48 -0.72 0.00403224
0.48 -0.66 0.00520201
0.48 -0.6 0.00661894
0.48 -0.54 0.00830595
0.48 -0.48 0.0102797
0.48 -0.42 0.0125476
0.48 -0.36 0.0151054
0.48 -0.3 0.0179345
0.48 -0.24 0.021001
0.48 -0.18 0.0242536
0.48 -0.12 0.027625
0.48 -0.06 0.0310328
0.48 9.71445e-15 0.0343814
0.48 0.06 0.0375679
0.48 0.12 0.0404854
0.48 0.18 0.0430299
0.48 0.24 0.0451057
0.48 0.3 0.0466312
0.48 0.36 0.0475465
0.48 0.42 0.0478132
0.48 0.48 0.0474198
0.48 0.54 0.0463839
0.48 0.6 0.0447468
0.48 0.66 0.0425741
0.48 0.72 0.03995
0.48 0.78 0.0369721
0.48 0.84 0.0337466
0.48 0.9 0.0303785
0.48 0.96 0.0269709
0.48 1.02 0.0236165
0.48 1.08 0.0203948
0.48 1.14 0.0173707
0.48 1.2 0.0145915
0.48 1.26 0.0120885
0.48 1.32 0.00987714
0.48 1.38 0.00795952
0.48 1.44 0.00632595
0.48 1.5 0.00495858
0.48 1.56 0.0038333
0.48 1.62 0.00292268
0.48 1.68 0.00219774
0.48 1.74 0.0016299
0.48 1.8 0.00119217
0.48 1.86 0.000860008
0.48 1.92 0.000611859
0.48 1.98 0.000429333
0.48 2.04 0.000297113
0.48 2.1 0.00020279
0.48 2.16 0.000136506
0.48 2.22 9.06259e-05
0.48 2.28 5.93387e-05
0.48 2.34 3.83187e-05
0.48 2.4 2.44048e-05
0.48 2.46 1.53294e-05
0.48 2.52 9.49665e-06
0.48 2.58 5.80231e-06
0.54 -1.5 3.44277e-05
0.54 -1.44 5.3171e-05
0.54 -1.38 8.09903e-05
0.54 -1.32 0.00012167
0.54 -1.26 0.000180266
0.54 -1.2 0.000263413
0.54 -1.14 0.000379619
0.54 -1.08 0.000539576
0.54 -1.02 0.000756392
0.54 -0.96 0.00104575
0.54 -0.9 0.00142592
0.54 -0.84 0.00191759
0.54 -0.78 0.00254329
0.54 -0.72 0.00332689
0.54 -0.66 0.00429203
0.54 -0.6 0.00546108
0.54 -0.54 0.00685298
0.54 -0.48 0.00848148
0.54 -0.42 0.0103527
0.54 -0.36 0.012463
0.54 -0.3 0.0147973
0.54 -0.24 0.0173272
0.54 -0.18 0.020011
0.54 -0.12 0.0227926
0.54 -0.06 0.0256042
0.54 9.71445e-15 0.028367
0.54 0.06 0.0309961
0.54 0.12 0.0334034
0.54 0.18 0.0355025
0.54 0.24 0.0372153
0.54 0.3 0.038474
0.54 0.36 0.0392292
0.54 0.42 0.039449
0.54 0.48 0.0391243
0.54 0.54 0.0382698
0.54 0.6 0.036919
0.54 0.66 0.0351263
0.54 0.72 0.0329615
0.54 0.78 0.0305047
0.54 0.84 0.0278432
0.54 0.9 0.0250645
0.54 0.96 0.0222529
0.54 1.02 0.0194852
0.54 1.08 0.016827
0.54 1.14 0.0143319
0.54 1.2 0.012039
0.54 1.26 0.00997385
0.54 1.32 0.00814937
0.54 1.38 0.00656712
0.54 1.44 0.00521938
0.54 1.5 0.00409117
0.54 1.56 0.00316272
0.54 1.62 0.00241141
0.54 1.68 0.00181329
0.54 1.74 0.00134478
0.54 1.8 0.000983616
0.54 1.86 0.000709565
0.54 1.92 0.000504829
0.54 1.98 0.000354228
0.54 2.04 0.00024514
0.54 2.1 0.000167316
0.54 2.16 0.000112627
0.54 2.22 7.47723e-05
0.54 2.28 4.89582e-05
0.54 2.34 3.16155e-05
0.54 2.4 2.01357e-05
0.54 2.46 1.26479e-05
0.54 2.52 7.83537e-06
0.54 2.58 4.78733e-06
0.6 -1.44 4.32665e-05
0.6 -1.38 6.59044e-05
0.6 -1.32 9.90059e-05
0.6 -1.26 0.000146686
0.6 -1.2 0.000214348
0.6 -1.14 0.000308909
0.6 -1.08 0.000439068
0.6 -1.02 0.000615494
0.6 -0.96 0.000850956
0.6 -0.9 0.00116031
0.6 -0.84 0.00156039
0.6 -0.78 0.00206956
0.6 -0.72 0.00270719
0.6 -0.66 0.00349253
0.6 -0.6 0.00444383
0.6 -0.54 0.00557646
0.6 -0.48 0.00690159
0.6 -0.42 0.00842426
0.6 -0.36 0.0101414
0.6 -0.3 0.0120409
0.6 -0.24 0.0140996
0.6 -0.18 0.0162836
0.6 -0.12 0.0185469
0.6 -0.06 0.0208348
0.6 9.71445e-15 0.023083
0.6 0.06 0.0252223
0.6 0.12 0.0271813
0.6 0.18 0.0288895
0.6 0.24 0.030283
0.6 0.3 0.0313074
0.6 0.36 0.0319219
0.6 0.42 0.0321006
0.6 0.48 0.0318368
0.6 0.54 0.0311413
0.6 0.6 0.0300422
0.6 0.66 0.0285833
0.6 0.72 0.0268217
0.6 0.78 0.0248227
0.6 0.84 0.0226567
0.6 0.9 0.0203957
0.6 0.96 0.0181077
0.6 1.02 0.0158556
0.6 1.08 0.0136926
0.6 1.14 0.0116623
0.6 1.2 0.00979642
0.6 1.26 0.008116
0.6 1.32 0.0066314
0.6 1.38 0.00534384
0.6 1.44 0.00424716
0.6 1.5 0.00332908
0.6 1.56 0.00257361
0.6 1.62 0.00196224
0.6 1.68 0.00147553
0.6 1.74 0.00109429
0.6 1.8 0.000800396
0.6 1.86 0.00057739
0.6 1.92 0.000410793
0.6 1.98 0.000288243
0.6 2.04 0.000199478
0.6 2.1 0.000136149
0.6 2.16 9.16471e-05
0.6 2.22 6.0844e-05
0.6 2.28 3.98386e-05
0.6 2.34 2.57264e-05
0.6 2.4 1.63849e-05
0.6 2.46 1.02919e-05
0.6 2.52 6.37586e-06
0.6 2.58 3.8956e-06
0.66 -1.44 3.47234e-05
0.66 -1.38 5.28912e-05
0.66 -1.32 7.94562e-05
0.66 -1.26 0.000117723
0.66 -1.2 0.000172023
0.66 -1.14 0.000247914
0.66 -1.08 0.00035237
0.66 -1.02 0.000493958
0.66 -0.96 0.000682926
0.66 -0.9 0.000931199
0.66 -0.84 0.00125227
0.66 -0.78 0.00166092
0.66 -0.72 0.00217263
0.66 -0.66 0.00280291
0.66 -0.6 0.00356635
0.66 -0.54 0.00447536
0.66 -0.48 0.00553885
0.66 -0.42 0.00676083
0.66 -0.36 0.00813894
0.66 -0.3 0.00966342
0.66 -0.24 0.0113156
0.66 -0.18 0.0130682
0.66 -0.12 0.0148848
0.66 -0.06 0.0167208
0.66 9.71445e-15 0.0185252
0.66 0.06 0.020242
0.66 0.12 0.021814
0.66 0.18 0.0231849
0.66 0.24 0.0243033
0.66 0.3 0.0251257
0.66 0.36 0.0256187
0.66 0.42 0.025762
0.66 0.48 0.0255505
0.66 0.54 0.0249921
0.66 0.6 0.0241101
0.66 0.66 0.0229394
0.66 0.72 0.0215256
0.66 0.78 0.0199213
0.66 0.84 0.018183
0.66 0.9 0.0163684
0.66 0.96 0.0145322
0.66 1.02 0.0127248
0.66 1.08 0.0109889
0.66 1.14 0.00935946
0.66 1.2 0.00786204
0.66 1.26 0.00651345
0.66 1.32 0.005322
0.66 1.38 0.00428867
0.66 1.44 0.00340852
0.66 1.5 0.00267171
0.66 1.56 0.00206544
0.66 1.62 0.00157478
0.66 1.68 0.00118418
0.66 1.74 0.000878216
0.66 1.8 0.000642351
0.66 1.86 0.000463377
0.66 1.92 0.000329678
0.66 1.98 0.000231329
0.66 2.04 0.00016009
0.66 2.1 0.000109265
0.66 2.16 7.3551e-05
0.66 2.22 4.88298e-05
0.66 2.28 3.19722e-05
0.66 2.34 2.06466e-05
0.66 2.4 1.31497e-05
0.66 2.46 8.25977e-06
0.66 2.52 5.11692e-06
0.72 -1.38 4.18639e-05
0.72 -1.32 6.28902e-05
0.72 -1.26 9.31792e-05
0.72 -1.2 0.000136157
0.72 -1.14 0.000196226
0.72 -1.08 0.000278906
0.72 -1.02 0.000390975
0.72 -0.96 0.000540544
0.72 -0.9 0.000737055
0.72 -0.84 0.000991195
0.72 -0.78 0.00131464
0.72 -0.72 0.00171965
0.72 -0.66 0.00221855
0.72 -0.6 0.00282279
0.72 -0.54 0.0035423
0.72 -0.48 0.00438408
0.72 -0.42 0.00535131
0.72 -0.36 0.00644208
0.72 -0.3 0.00764874
0.72 -0.24 0.00895639
0.72 -0.18 0.0103436
0.72 -0.12 0.0117815
0.72 -0.06 0.0132346
0.72 9.71445e-15 0.0146629
0.72 0.06 0.0160219
0.72 0.12 0.0172662
0.72 0.18 0.0183512
0.72 0.24 0.0192365
0.72 0.3 0.0198873
0.72 0.36 0.0202775
0.72 0.42 0.020391
0.72 0.48 0.0202235
0.72 0.54 0.0197816
0.72 0.6 0.0190833
0.72 0.66 0.0181567
0.72 0.72 0.0170378
0.72 0.78 0.0157679
0.72 0.84 0.014392
0.72 0.9 0.0129557
0.72 0.96 0.0115025
0.72 1.02 0.0100718
0.72 1.08 0.00869787
0.72 1.14 0.00740807
0.72 1.2 0.00622288
0.72 1.26 0.00515547
0.72 1.32 0.00421242
0.72 1.38 0.00339452
0.72 1.44 0.00269786
0.72 1.5 0.00211471
0.72 1.56 0.00163481
0.72 1.62 0.00124645
0.72 1.68 0.000937288
0.72 1.74 0.00069512
0.72 1.8 0.000508431
0.72 1.86 0.000366772
0.72 1.92 0.000260946
0.72 1.98 0.0001831
0.72 2.04 0.000126713
0.72 2.1 8.64846e-05
0.72 2.16 5.82167e-05
0.72 2.22 3.86493e-05
0.72 2.28 2.53063e-05
0.72 2.34 1.63421e-05
0.72 2.4 1.04082e-05
0.72 2.46 6.53772e-06
0.72 2.52 4.05011e-06
0.78 -1.32 4.90946e-05
0.78 -1.26 7.27386e-05
0.78 -1.2 0.000106289
0.78 -1.14 0.000153179
0.78 -1.08 0.000217723
0.78 -1.02 0.00030521
0.78 -0.96 0.000421968
0.78 -0.9 0.000575368
0.78 -0.84 0.000773759
0.78 -0.78 0.00102623
0.78 -0.72 0.00134242
0.78 -0.66 0.00173186
0.78 -0.6 0.00220358
0.78 -0.54 0.00276523
0.78 -0.48 0.00342233
0.78 -0.42 0.00417737
0.78 -0.36 0.0050289
0.78 -0.3 0.0059708
0.78 -0.24 0.00699166
0.78 -0.18 0.00807458
0.78 -0.12 0.00919697
0.78 -0.06 0.0103315
0.78 9.71445e-15 0.0114463
0.78 0.06 0.0125072
0.78 0.12 0.0134785
0.78 0.18 0.0143255
0.78 0.24 0.0150167
0.78 0.3 0.0155245
0.78 0.36 0.0158292
0.78 0.42 0.015918
0.78 0.48 0.015787
0.78 0.54 0.0154421
0.78 0.6 0.0148971
0.78 0.66 0.0141737
0.78 0.72 0.0133002
0.78 0.78 0.0123089
0.78 0.84 0.0112349
0.78 0.9 0.0101137
0.78 0.96 0.0089792
0.78 1.02 0.0078624
0.78 1.08 0.00678984
0.78 1.14 0.00578305
0.78 1.2 0.00485781
0.78 1.26 0.00402452
0.78 1.32 0.00328832
0.78 1.38 0.00264988
0.78 1.44 0.00210605
0.78 1.5 0.00165082
0.78 1.56 0.00127618
0.78 1.62 0.00097302
0.78 1.68 0.000731674
0.78 1.74 0.000542626
0.78 1.8 0.000396897
0.78 1.86 0.000286315
0.78 1.92 0.000203702
0.78 1.98 0.000142934
0.78 2.04 9.89156e-05
0.78 2.1 6.75131e-05
0.78 2.16 4.54456e-05
0.78 2.22 3.01712e-05
0.78 2.28 1.9755e-05
0.78 2.34 1.27571e-05
0.78 2.4 8.12489e-06
0.78 2.46 5.1035e-06
0.78 2.52 3.16163e-06
0.84 -1.32 3.77976e-05
0.84 -1.26 5.6002e-05
0.84 -1.2 8.18324e-05
0.84 -1.14 0.000117934
0.84 -1.08 0.000167626
0.84 -1.02 0.000234981
0.84 -0.96 0.00032487
0.84 -0.9 0.000442976
0.84 -0.84 0.000595718
0.84 -0.78 0.000790112
0.84 -0.72 0.00103352
0.84 -0.66 0.00133336
0.84 -0.6 0.00169653
0.84 -0.54 0.00212896
0.84 -0.48 0.00263486
0.84 -0.42 0.00321617
0.84 -0.36 0.00387179
0.84 -0.3 0.00459694
0.84 -0.24 0.00538293
0.84 -0.18 0.00621656
0.84 -0.12 0.00708077
0.84 -0.06 0.00795415
0.84 9.71445e-15 0.00881255
0.84 0.06 0.00962928
0.84 0.12 0.010377
0.84 0.18 0.0110293
0.84 0.24 0.0115613
0.84 0.3 0.0119525
0.84 0.36 0.0121869
0.84 0.42 0.0122552
0.84 0.48 0.0121546
0.84 0.54 0.0118889
0.84 0.6 0.0114693
0.84 0.66 0.0109125
0.84 0.72 0.0102399
0.84 0.78 0.00947662
0.84 0.84 0.0086498
0.84 0.9 0.00778645
0.84 0.96 0.0069131
0.84 1.02 0.00605328
0.84 1.08 0.00522755
0.84 1.14 0.00445235
0.84 1.2 0.00374004
0.84 1.26 0.00309849
0.84 1.32 0.00253169
0.84 1.38 0.00204016
0.84 1.44 0.00162143
0.84 1.5 0.00127096
0.84 1.56 0.000982545
0.84 1.62 0.000749129
0.84 1.68 0.000563318
0.84 1.74 0.000417773
0.84 1.8 0.000305573
0.84 1.86 0.000220434
0.84 1.92 0.000156829
0.84 1.98 0.000110046
0.84 2.04 7.61554e-05
0.84 2.1 5.19778e-05
0.84 2.16 3.4989e-05
0.84 2.22 2.32287e-05
0.84 2.28 1.52095e-05
0.84 2.34 9.82179e-06
0.84 2.4 6.25537e-06
0.84 2.46 3.92922e-06
0.9 -1.26 4.25228e-05
0.9 -1.2 6.21372e-05
0.9 -1.14 8.95494e-05
0.9 -1.08 0.000127281
0.9 -1.02 0.000178425
0.9 -0.96 0.000246682
0.9 -0.9 0.000336362
0.9 -0.84 0.000452336
0.9 -0.78 0.000599944
0.9 -0.72 0.000784783
0.9 -0.66 0.00101244
0.9 -0.6 0.00128821
0.9 -0.54 0.00161655
0.9 -0.48 0.00200069
0.9 -0.42 0.00244209
0.9 -0.36 0.00293989
0.9 -0.3 0.00349053
0.9 -0.24 0.00408734
0.9 -0.18 0.00472042
0.9 -0.12 0.00537654
0.9 -0.06 0.00603976
0.9 9.71445e-15 0.00669149
0.9 0.06 0.00731163
0.9 0.12 0.00787952
0.9 0.18 0.00837474
0.9 0.24 0.00877866
0.9 0.3 0.00907568
0.9 0.36 0.00925378
0.9 0.42 0.00930561
0.9 0.48 0.00922916
0.9 0.54 0.00902751
0.9 0.6 0.00870891
0.9 0.66 0.008286
0.9 0.72 0.00777528
0.9 0.78 0.00719582
0.9 0.84 0.00656793
0.9 0.9 0.00591249
0.9 0.96 0.0052492
0.9 1.02 0.00459635
0.9 1.08 0.00396933
0.9 1.14 0.00338077
0.9 1.2 0.00283987
0.9 1.26 0.00235273
0.9 1.32 0.00192237
0.9 1.38 0.00154913
0.9 1.44 0.0012312
0.9 1.5 0.000965058
0.9 1.56 0.000746062
0.9 1.62 0.000568831
0.9 1.68 0.000427741
0.9 1.74 0.000317222
0.9 1.8 0.000232026
0.9 1.86 0.000167378
0.9 1.92 0.000119084
0.9 1.98 8.35587e-05
0.9 2.04 5.78266e-05
0.9 2.1 3.9468e-05
0.9 2.16 2.65674e-05
0.9 2.22 1.7638e-05
0.9 2.28 1.15488e-05
0.9 2.34 7.45777e-06
0.9 2.4 4.74979e-06
0.9 2.46 2.98352e-06
0.96 -1.2 4.65333e-05
0.96 -1.14 6.70617e-05
0.96 -1.08 9.53191e-05
0.96 -1.02 0.00013362
0.96 -0.96 0.000184736
0.96 -0.9 0.000251895
0.96 -0.84 0.00033875
0.96 -0.78 0.000449286
0.96 -0.72 0.000587705
0.96 -0.66 0.000758206
0.96 -0.6 0.000964721
0.96 -0.54 0.0012106
0.96 -0.48 0.00149829
0.96 -0.42 0.00182884
0.96 -0.36 0.00220165
0.96 -0.3 0.002614
0.96 -0.24 0.00306092
0.96 -0.18 0.003535
0.96 -0.12 0.00402641
0.96 -0.06 0.00452309
0.96 9.71445e-15 0.00501114
0.96 0.06 0.0054756
0.96 0.12 0.00590083
0.96 0.18 0.00627169
0.96 0.24 0.00657426
0.96 0.3 0.0067966
0.96 0.36 0.00692996
0.96 0.42 0.00696886
0.96 0.48 0.00691152
0.96 0.54 0.00676054
0.96 0.6 0.00652191
0.96 0.66 0.00620522
0.96 0.72 0.00582277
0.96 0.78 0.00538874
0.96 0.84 0.00491861
0.96 0.9 0.00442772
0.96 0.96 0.00393107
0.96 1.02 0.00344213
0.96 1.08 0.00297259
0.96 1.14 0.00253181
0.96 1.2 0.00212673
0.96 1.26 0.00176191
0.96 1.32 0.00143961
0.96 1.38 0.00116011
0.96 1.44 0.000922018
0.96 1.5 0.000722724
0.96 1.56 0.000558709
0.96 1.62 0.000425986
0.96 1.68 0.000320323
0.96 1.74 0.000237561
0.96 1.8 0.000173761
0.96 1.86 0.000125348
0.96 1.92 8.91799e-05
0.96 1.98 6.25763e-05
0.96 2.04 4.33046e-05
0.96 2.1 2.9557e-05
0.96 2.16 1.98961e-05
0.96 2.22 1.32089e-05
0.96 2.28 8.64868e-06
0.96 2.34 5.58504e-06
0.96 2.4 3.55706e-06
0.96 2.46 2.2343e-06
1.02 -1.14 4.95312e-05
1.02 -1.08 7.04014e-05
1.02 -1.02 9.86893e-05
1.02 -0.96 0.000136443
1.02 -0.9 0.000186047
1.02 -0.84 0.000250196
1.02 -0.78 0.000331839
1.02 -0.72 0.000434073
1.02 -0.66 0.000560002
1.02 -0.6 0.000712527
1.02 -0.54 0.000894139
1.02 -0.48 0.00110662
1.02 -0.42 0.00135077
1.02 -0.36 0.00162611
1.02 -0.3 0.00193068
1.02 -0.24 0.00226076
1.02 -0.18 0.00261093
1.02 -0.12 0.00297387
1.02 -0.06 0.00334068
1.02 9.71445e-15 0.00370117
1.02 0.06 0.00404422
1.02 0.12 0.0043583
1.02 0.18 0.0046322
1.02 0.24 0.00485565
1.02 0.3 0.00501993
1.02 0.36 0.00511839
1.02 0.42 0.00514706
1.02 0.48 0.00510478
1.02 0.54 0.00499326
1.02 0.6 0.00481698
1.02 0.66 0.00458308
1.02 0.72 0.00430063
1.02 0.78 0.00398011
1.02 0.84 0.00363278
1.02 0.9 0.00327028
1.02 0.96 0.00290345
1.02 1.02 0.00254229
1.02 1.08 0.00219551
1.02 1.14 0.00186995
1.02 1.2 0.00157076
1.02 1.26 0.00130133
1.02 1.32 0.00106329
1.02 1.38 0.000856838
1.02 1.44 0.000680992
1.02 1.5 0.000533792
1.02 1.56 0.000412657
1.02 1.62 0.000314629
1.02 1.68 0.000236588
1.02 1.74 0.000175461
1.02 1.8 0.000128338
1.02 1.86 9.258e-05
1.02 1.92 6.58676e-05
1.02 1.98 4.62178e-05
1.02 2.04 3.19847e-05
1.02 2.1 2.18303e-05
1.02 2.16 1.46949e-05
1.02 2.22 9.75583e-06
1.02 2.28 6.38776e-06
1.02 2.34 4.12503e-06
1.02 2.4 2.62721e-06
1.08 -1.08 5.12831e-05
1.08 -1.02 7.18892e-05
1.08 -0.96 9.93894e-05
1.08 -0.9 0.000135523
1.08 -0.84 0.000182251
1.08 -0.78 0.000241724
1.08 -0.72 0.000316192
1.08 -0.66 0.000407923
1.08 -0.6 0.000519027
1.08 -0.54 0.000651321
1.08 -0.48 0.000806099
1.08 -0.42 0.000983948
1.08 -0.36 0.00118452
1.08 -0.3 0.00140637
1.08 -0.24 0.00164683
1.08 -0.18 0.00190189
1.08 -0.12 0.00216626
1.08 -0.06 0.00243345
1.08 9.71445e-15 0.00269606
1.08 0.06 0.00294593
1.08 0.12 0.00317473
1.08 0.18 0.00337427
1.08 0.24 0.00353702
1.08 0.3 0.0036567
1.08 0.36 0.0037284
1.08 0.42 0.00374932
1.08 0.48 0.00371853
1.08 0.54 0.00363727
1.08 0.6 0.00350887
1.08 0.66 0.00333851
1.08 0.72 0.00313273
1.08 0.78 0.00289925
1.08 0.84 0.00264627
1.08 0.9 0.00238218
1.08 0.96 0.00211496
1.08 1.02 0.00185191
1.08 1.08 0.0015993
1.08 1.14 0.00136214
1.08 1.2 0.00114421
1.08 1.26 0.000947934
1.08 1.32 0.000774538
1.08 1.38 0.000624157
1.08 1.44 0.000496056
1.08 1.5 0.000388833
1.08 1.56 0.000300596
1.08 1.62 0.000229187
1.08 1.68 0.00017234
1.08 1.74 0.000127812
1.08 1.8 9.34862e-05
1.08 1.86 6.74386e-05
1.08 1.92 4.79801e-05
1.08 1.98 3.3667e-05
1.08 2.04 2.32988e-05
1.08 2.1 1.59019e-05
1.08 2.16 1.07044e-05
1.08 2.22 7.10654e-06
1.08 2.28 4.65311e-06
1.08 2.34 3.00483e-06
1.08 2.4 1.91374e-06
1.14 -1.02 5.1647e-05
1.14 -0.96 7.14041e-05
1.14 -0.9 9.73628e-05
1.14 -0.84 0.000130934
1.14 -0.78 0.00017366
1.14 -0.72 0.000227159
1.14 -0.66 0.000293063
1.14 -0.6 0.000372883
1.14 -0.54 0.000467926
1.14 -0.48 0.000579121
1.14 -0.42 0.000706888
1.14 -0.36 0.000850988
1.14 -0.3 0.00101037
1.14 -0.24 0.00118312
1.14 -0.18 0.00136635
1.14 -0.12 0.00155629
1.14 -0.06 0.00174826
1.14 9.71445e-15 0.00193692
1.14 0.06 0.00211644
1.14 0.12 0.00228079
1.14 0.18 0.00242415
1.14 0.24 0.00254109
1.14 0.3 0.00262705
1.14 0.36 0.00267858
1.14 0.42 0.00269361
1.14 0.48 0.00267147
1.14 0.54 0.0026131
1.14 0.6 0.00252085
1.14 0.66 0.00239846
1.14 0.72 0.00225063
1.14 0.78 0.00208288
1.14 0.84 0.00190114
1.14 0.9 0.00171141
1.14 0.96 0.00151944
1.14 1.02 0.00133045
1.14 1.08 0.00114897
1.14 1.14 0.000978596
1.14 1.2 0.000822027
1.14 1.26 0.00068102
1.14 1.32 0.000556442
1.14 1.38 0.000448408
1.14 1.44 0.000356377
1.14 1.5 0.000279348
1.14 1.56 0.000215955
1.14 1.62 0.000164653
1.14 1.68 0.000123812
1.14 1.74 9.18231e-05
1.14 1.8 6.71626e-05
1.14 1.86 4.84496e-05
1.14 1.92 3.44699e-05
1.14 1.98 2.41872e-05
1.14 2.04 1.67383e-05
1.14 2.1 1.14244e-05
1.14 2.16 7.69029e-06
1.14 2.22 5.10551e-06
1.14 2.28 3.3429e-06
1.14 2.34 2.15875e-06
1.2 -0.96 5.05934e-05
1.2 -0.9 6.89862e-05
1.2 -0.84 9.27732e-05
1.2 -0.78 0.000123046
1.2 -0.72 0.000160954
1.2 -0.66 0.000207649
1.2 -0.6 0.000264207
1.2 -0.54 0.000331547
1.2 -0.48 0.000410335
1.2 -0.42 0.000500862
1.2 -0.36 0.000602965
1.2 -0.3 0.000715894
1.2 -0.24 0.000838292
1.2 -0.18 0.000968128
1.2 -0.12 0.00110271
1.2 -0.06 0.00123873
1.2 9.71445e-15 0.0013724
1.2 0.06 0.0014996
1.2 0.12 0.00161605
1.2 0.18 0.00171762
1.2 0.24 0.00180049
1.2 0.3 0.00186138
1.2 0.36 0.0018979
1.2 0.42 0.00190855
1.2 0.48 0.00189286
1.2 0.54 0.0018515
1.2 0.6 0.00178615
1.2 0.66 0.00169942
1.2 0.72 0.00159468
1.2 0.78 0.00147581
1.2 0.84 0.00134705
1.2 0.9 0.00121261
1.2 0.96 0.0010766
1.2 1.02 0.000942693
1.2 1.08 0.000814101
1.2 1.14 0.000693384
1.2 1.2 0.000582446
1.2 1.26 0.000482534
1.2 1.32 0.000394264
1.2 1.38 0.000317718
1.2 1.44 0.000252512
1.2 1.5 0.000197932
1.2 1.56 0.000153013
1.2 1.62 0.000116664
1.2 1.68 8.77265e-05
1.2 1.74 6.50608e-05
1.2 1.8 4.75879e-05
1.2 1.86 3.43289e-05
1.2 1.92 2.44236e-05
1.2 1.98 1.71377e-05
1.2 2.04 1.18598e-05
1.2 2.1 8.09474e-06
1.2 2.16 5.44892e-06
1.2 2.22 3.61751e-06
1.2 2.28 2.3686e-06
1.2 2.34 1.52957e-06
1.26 -0.9 4.82081e-05
1.26 -0.84 6.48304e-05
1.26 -0.78 8.59854e-05
1.26 -0.72 0.000112476
1.26 -0.66 0.000145106
1.26 -0.6 0.000184631
1.26 -0.54 0.000231689
1.26 -0.48 0.000286744
1.26 -0.42 0.000350005
1.26 -0.36 0.000421354
1.26 -0.3 0.00050027
1.26 -0.24 0.00058581
1.26 -0.18 0.000676538
1.26 -0.12 0.000770577
1.26 -0.06 0.000865638
1.26 9.71445e-15 0.000959045
1.26 0.06 0.00104792
1.26 0.12 0.00112931
1.26 0.18 0.00120029
1.26 0.24 0.00125819
1.26 0.3 0.00130074
1.26 0.36 0.00132628
1.26 0.42 0.00133371
1.26 0.48 0.00132275
1.26 0.54 0.00129384
1.26 0.6 0.00124818
1.26 0.66 0.00118758
1.26 0.72 0.00111438
1.26 0.78 0.00103131
1.26 0.84 0.000941338
1.26 0.9 0.000847387
1.26 0.96 0.000752332
1.26 1.02 0.000658765
1.26 1.08 0.000568897
1.26 1.14 0.000484543
1.26 1.2 0.000407021
1.26 1.26 0.000337201
1.26 1.32 0.000275516
1.26 1.38 0.000222026
1.26 1.44 0.000176458
1.26 1.5 0.000138316
1.26 1.56 0.000106928
1.26 1.62 8.15261e-05
1.26 1.68 6.13045e-05
1.26 1.74 4.54648e-05
1.26 1.8 3.32547e-05
1.26 1.86 2.39893e-05
1.26 1.92 1.70673e-05
1.26 1.98 1.19759e-05
1.26 2.04 8.28777e-06
1.26 2.1 5.65667e-06
1.26 2.16 3.80774e-06
1.26 2.22 2.52794e-06
1.26 2.28 1.65521e-06
1.32 -0.84 4.46813e-05
1.32 -0.78 5.92619e-05
1.32 -0.72 7.75188e-05
1.32 -0.66 0.000100008
1.32 -0.6 0.000127247
1.32 -0.54 0.000159681
1.32 -0.48 0.000197626
1.32 -0.42 0.000241227
1.32 -0.36 0.0002904
1.32 -0.3 0.000344789
1.32 -0.24 0.000403743
1.32 -0.18 0.00046627
1.32 -0.12 0.000531087
1.32 -0.06 0.000596595
1.32 9.71445e-15 0.000660978
1.32 0.06 0.000722235
1.32 0.12 0.000778321
1.32 0.18 0.000827242
1.32 0.24 0.000867147
1.32 0.3 0.000896486
1.32 0.36 0.000914072
1.32 0.42 0.000919193
1.32 0.48 0.000911647
1.32 0.54 0.000891721
1.32 0.6 0.000860249
1.32 0.66 0.000818482
1.32 0.72 0.000768034
1.32 0.78 0.000710789
1.32 0.84 0.000648772
1.32 0.9 0.00058402
1.32 0.96 0.000518511
1.32 1.02 0.000454022
1.32 1.08 0.000392088
1.32 1.14 0.000333946
1.32 1.2 0.00028052
1.32 1.26 0.0002324
1.32 1.32 0.000189888
1.32 1.38 0.000153021
1.32 1.44 0.000121615
1.32 1.5 9.53275e-05
1.32 1.56 7.36952e-05
1.32 1.62 5.61879e-05
1.32 1.68 4.22514e-05
1.32 1.74 3.13348e-05
1.32 1.8 2.29193e-05
1.32 1.86 1.65334e-05
1.32 1.92 1.17629e-05
1.32 1.98 8.2539e-06
1.32 2.04 5.712e-06
1.32 2.1 3.89855e-06
1.32 2.16 2.62432e-06
1.32 2.22 1.74225e-06
1.32 2.28 1.14078e-06
1.38 -0.78 4.02818e-05
1.38 -0.72 5.26923e-05
1.38 -0.66 6.79782e-05
1.38 -0.6 8.64935e-05
1.38 -0.54 0.000108539
1.38 -0.48 0.000134332
1.38 -0.42 0.000163969
1.38 -0.36 0.000197393
1.38 -0.3 0.000234363
1.38 -0.24 0.000274434
1.38 -0.18 0.000316941
1.38 -0.12 0.000360995
1.38 -0.06 0.000405524
1.38 9.71445e-15 0.00044928
1.38 0.06 0.000490924
1.38 0.12 0.000529053
1.38 0.18 0.000562304
1.38 0.24 0.000589423
1.38 0.3 0.000609367
1.38 0.36 0.000621319
1.38 0.42 0.000624805
1.38 0.48 0.000619667
1.38 0.54 0.000606133
1.38 0.6 0.000584738
1.38 0.66 0.000556342
1.38 0.72 0.000522048
1.38 0.78 0.000483143
1.38 0.84 0.000440987
1.38 0.9 0.00039698
1.38 0.96 0.000352446
1.38 1.02 0.000308611
1.38 1.08 0.000266513
1.38 1.14 0.000226994
1.38 1.2 0.000190676
1.38 1.26 0.000157967
1.38 1.32 0.000129072
1.38 1.38 0.000104012
1.38 1.44 8.26659e-05
1.38 1.5 6.47968e-05
1.38 1.56 5.00923e-05
1.38 1.62 3.81929e-05
1.38 1.68 2.87195e-05
1.38 1.74 2.12991e-05
1.38 1.8 1.55789e-05
1.38 1.86 1.12382e-05
1.38 1.92 7.99565e-06
1.38 1.98 5.61038e-06
1.38 2.04 3.8826e-06
1.38 2.1 2.64998e-06
1.38 2.16 1.78381e-06
1.38 2.22 1.18427e-06
1.44 -0.66 4.5572e-05
1.44 -0.6 5.79841e-05
1.44 -0.54 7.27638e-05
1.44 -0.48 9.00551e-05
1.44 -0.42 0.000109923
1.44 -0.36 0.000132329
1.44 -0.3 0.000157115
1.44 -0.24 0.000183977
1.44 -0.18 0.000212471
1.44 -0.12 0.000242008
1.44 -0.06 0.000271858
1.44 9.71445e-15 0.000301196
1.44 0.06 0.000329111
1.44 0.12 0.000354669
1.44 0.18 0.000376957
1.44 0.24 0.000395144
1.44 0.3 0.000408511
1.44 0.36 0.000416528
1.44 0.42 0.000418858
1.44 0.48 0.000415417
1.44 0.54 0.000406339
1.44 0.6 0.000391996
1.44 0.66 0.000372965
1.44 0.72 0.00034998
1.44 0.78 0.000323894
1.44 0.84 0.000295632
1.44 0.9 0.000266127
1.44 0.96 0.000236277
1.44 1.02 0.000206889
1.44 1.08 0.000178666
1.44 1.14 0.000152172
1.44 1.2 0.000127827
1.44 1.26 0.000105901
1.44 1.32 8.65287e-05
1.44 1.38 6.97284e-05
1.44 1.44 5.54179e-05
1.44 1.5 4.3439e-05
1.44 1.56 3.35812e-05
1.44 1.62 2.56037e-05
1.44 1.68 1.92532e-05
1.44 1.74 1.42787e-05
1.44 1.8 1.04438e-05
1.44 1.86 7.534e-06
1.44 1.92 5.36017e-06
1.44 1.98 3.76114e-06
1.44 2.04 2.60286e-06
1.44 2.1 1.77651e-06
1.44 2.16 1.19585e-06
1.5 -0.6 3.83376e-05
1.5 -0.54 4.81091e-05
1.5 -0.48 5.9541e-05
1.5 -0.42 7.26772e-05
1.5 -0.36 8.74923e-05
1.5 -0.3 0.000103879
1.5 -0.24 0.000121641
1.5 -0.18 0.000140481
1.5 -0.12 0.000160007
1.5 -0.06 0.000179745
1.5 9.71445e-15 0.000199142
1.5 0.06 0.000217596
1.5 0.12 0.000234495
1.5 0.18 0.000249235
1.5 0.24 0.000261256
1.5 0.3 0.000270095
1.5 0.36 0.000275395
1.5 0.42 0.000276939
1.5 0.48 0.000274664
1.5 0.54 0.000268661
1.5 0.6 0.00025918
1.5 0.66 0.000246595
1.5 0.72 0.000231396
1.5 0.78 0.000214149
1.5 0.84 0.000195465
1.5 0.9 0.000175957
1.5 0.96 0.000156218
1.5 1.02 0.00013679
1.5 1.08 0.000118129
1.5 1.14 0.000100613
1.5 1.2 8.45161e-05
1.5 1.26 7.00182e-05
1.5 1.32 5.72102e-05
1.5 1.38 4.61027e-05
1.5 1.44 3.66408e-05
1.5 1.5 2.87206e-05
1.5 1.56 2.22031e-05
1.5 1.62 1.69286e-05
1.5 1.68 1.27297e-05
1.5 1.74 9.44064e-06
1.5 1.8 6.90518e-06
1.5 1.86 4.98125e-06
1.5 1.92 3.54396e-06
1.5 1.98 2.48675e-06
1.5 2.04 1.72093e-06
1.56 -0.48 3.8826e-05
1.56 -0.42 4.73919e-05
1.56 -0.36 5.70523e-05
1.56 -0.3 6.77382e-05
1.56 -0.24 7.93195e-05
1.56 -0.18 9.16053e-05
1.56 -0.12 0.000104339
1.56 -0.06 0.00011721
1.56 9.71445e-15 0.000129857
1.56 0.06 0.000141892
1.56 0.12 0.000152912
1.56 0.18 0.000162521
1.56 0.24 0.000170362
1.56 0.3 0.000176124
1.56 0.36 0.000179581
1.56 0.42 0.000180587
1.56 0.48 0.000179101
1.56 0.54 0.000175189
1.56 0.6 0.000169006
1.56 0.66 0.000160799
1.56 0.72 0.000150889
1.56 0.78 0.000139643
1.56 0.84 0.000127459
1.56 0.9 0.000114739
1.56 0.96 0.000101868
1.56 1.02 8.9198e-05
1.56 1.08 7.70299e-05
1.56 1.14 6.56079e-05
1.56 1.2 5.51113e-05
1.56 1.26 4.56577e-05
1.56 1.32 3.73057e-05
1.56 1.38 3.00626e-05
1.56 1.44 2.3893e-05
1.56 1.5 1.87283e-05
1.56 1.56 1.44781e-05
1.56 1.62 1.10388e-05
1.56 1.68 8.30078e-06
1.56 1.74 6.15605e-06
1.56 1.8 4.50274e-06
1.56 1.86 3.24821e-06
1.56 1.92 2.31098e-06
1.62 -0.36 3.66917e-05
1.62 -0.3 4.35638e-05
1.62 -0.24 5.1012e-05
1.62 -0.18 5.89134e-05
1.62 -0.12 6.71023e-05
1.62 -0.06 7.53793e-05
1.62 9.71445e-15 8.35127e-05
1.62 0.06 9.12536e-05
1.62 0.12 9.8341e-05
1.62 0.18 0.000104522
1.62 0.24 0.000109563
1.62 0.3 0.00011327
1.62 0.36 0.000115491
1.62 0.42 0.000116139
1.62 0.48 0.000115185
1.62 0.54 0.000112669
1.62 0.6 0.000108692
1.62 0.66 0.000103413
1.62 0.72 9.70388e-05
1.62 0.78 8.9807e-05
1.62 0.84 8.1971e-05
1.62 0.9 7.3791e-05
1.62 0.96 6.55132e-05
1.62 1.02 5.73648e-05
1.62 1.08 4.95398e-05
1.62 1.14 4.21939e-05
1.62 1.2 3.54431e-05
1.62 1.26 2.93631e-05
1.62 1.32 2.3992e-05
1.62 1.38 1.93338e-05
1.62 1.44 1.5366e-05
1.62 1.5 1.20445e-05
1.62 1.56 9.31121e-06
1.62 1.62 7.09934e-06
1.62 1.68 5.33841e-06
1.62 1.74 3.95911e-06
1.62 1.8 2.89583e-06
1.68 -0.24 3.2356e-05
1.68 -0.18 3.73675e-05
1.68 -0.12 4.25615e-05
1.68 -0.06 4.78118e-05
1.68 9.71445e-15 5.29707e-05
1.68 0.06 5.78803e-05
1.68 0.12 6.23754e-05
1.68 0.18 6.6296e-05
1.68 0.24 6.94939e-05
1.68 0.3 7.18448e-05
1.68 0.36 7.32538e-05
1.68 0.42 7.36653e-05
1.68 0.48 7.30594e-05
1.68 0.54 7.14635e-05
1.68 0.6 6.8941e-05
1.68 0.66 6.55932e-05
1.68 0.72 6.15501e-05
1.68 0.78 5.69626e-05
1.68 0.84 5.19928e-05
1.68 0.9 4.6804e-05
1.68 0.96 4.15538e-05
1.68 1.02 3.63855e-05
1.68 1.08 3.14222e-05
1.68 1.14 2.67628e-05
1.68 1.2 2.24809e-05
1.68 1.26 1.86245e-05
1.68 1.32 1.52176e-05
1.68 1.38 1.22631e-05
1.68 1.44 9.74632e-06
1.68 1.5 7.63964e-06
1.68 1.56 5.90593e-06
1.68 1.62 4.50296e-06
1.68 1.68 3.38604e-06
1.74 -0.06 2.99093e-05
1.74 9.71445e-15 3.31366e-05
1.74 0.06 3.62078e-05
1.74 0.12 3.90196e-05
1.74 0.18 4.14722e-05
1.74 0.24 4.34728e-05
1.74 0.3 4.49431e-05
1.74 0.36 4.58251e-05
1.74 0.42 4.60822e-05
1.74 0.48 4.57031e-05
1.74 0.54 4.47047e-05
1.74 0.6 4.31269e-05
1.74 0.66 4.10327e-05
1.74 0.72 3.85036e-05
1.74 0.78 3.56336e-05
1.74 0.84 3.25248e-05
1.74 0.9 2.92787e-05
1.74 0.96 2.59945e-05
1.74 1.02 2.27615e-05
1.74 1.08 1.96565e-05
1.74 1.14 1.67418e-05
1.74 1.2 1.40633e-05
1.74 1.26 1.16508e-05
1.74 1.32 9.51955e-06
1.74 1.38 7.67136e-06
1.74 1.44 6.09692e-06
1.74 1.5 4.77907e-06
1.74 1.56 3.69453e-06
1.8 0.12 2.40736e-05
1.8 0.18 2.55867e-05
1.8 0.24 2.6821e-05
1.8 0.3 2.77282e-05
1.8 0.36 2.82725e-05
1.8 0.42 2.84309e-05
1.8 0.48 2.81973e-05
1.8 0.54 2.7581e-05
1.8 0.6 2.66077e-05
1.8 0.66 2.53158e-05
1.8 0.72 2.37554e-05
1.8 0.78 2.19847e-05
1.8 0.84 2.00667e-05
1.8 0.9 1.80639e-05
1.8 0.96 1.60376e-05
1.8 1.02 1.4043e-05
1.8 1.08 1.21273e-05
1.8 1.14 1.03291e-05
1.8 1.2 8.67654e-06
1.8 1.26 7.18818e-06
1.8 1.32 5.87323e-06
1.86 0.42 1.72997e-05
1.86 0.48 1.71576e-05
1.86 0.54 1.67826e-05
1.86 0.6 1.61903e-05
1.86 0.66 1.54042e-05
1.86 0.72 1.44548e-05
1.86 0.78 1.33774e-05
1.86 0.84 1.22102e-05
1.86 0.9 1.09915e-05
1.86 0.96 9.75865e-06
1.86 1.02 8.5449e-06
