2919 0.06 0.06 0.141546 -12 -12
-1.92 -0.84 3.69684e-06
-1.92 -0.78 3.87321e-06
-1.92 -0.72 4.00228e-06
-1.92 -0.66 4.0788e-06
-1.92 -0.6 4.09964e-06
-1.86 -0.96 5.4246e-06
-1.86 -0.9 5.84295e-06
-1.86 -0.84 6.20707e-06
-1.86 -0.78 6.5033e-06
-1.86 -0.72 6.71995e-06
-1.86 -0.66 6.84834e-06
-1.86 -0.6 6.88332e-06
-1.86 -0.54 6.82341e-06
-1.86 -0.48 6.671e-06
-1.8 -1.02 8.22497e-06
-1.8 -0.96 8.98287e-06
-1.8 -0.9 9.6756e-06
-1.8 -0.84 1.02787e-05
-1.8 -0.78 1.07691e-05
-1.8 -0.72 1.1128e-05
-1.8 -0.66 1.13407e-05
-1.8 -0.6 1.13985e-05
-1.8 -0.54 1.12993e-05
-1.8 -0.48 1.10469e-05
-1.8 -0.42 1.06516e-05
-1.8 -0.36 1.01294e-05
-1.74 -1.14 1.0804e-05
-1.74 -1.08 1.21307e-05
-1.74 -1.02 1.3433e-05
-1.74 -0.96 1.46706e-05
-1.74 -0.9 1.58022e-05
-1.74 -0.84 1.67869e-05
-1.74 -0.78 1.75881e-05
-1.74 -0.72 1.81741e-05
-1.74 -0.66 1.85214e-05
-1.74 -0.6 1.86159e-05
-1.74 -0.54 1.84538e-05
-1.74 -0.48 1.80417e-05
-1.74 -0.42 1.73962e-05
-1.74 -0.36 1.65433e-05
-1.74 -0.3 1.5516e-05
-1.68 -1.2 1.52861e-05
-1.68 -1.14 1.74023e-05
-1.68 -1.08 1.95393e-05
-1.68 -1.02 2.16371e-05
-1.68 -0.96 2.36307e-05
-1.68 -0.9 2.5453e-05
-1.68 -0.84 2.70395e-05
-1.68 -0.78 2.83299e-05
-1.68 -0.72 2.92736e-05
-1.68 -0.66 2.9833e-05
-1.68 -0.6 2.99851e-05
-1.68 -0.54 2.97242e-05
-1.68 -0.48 2.90604e-05
-1.68 -0.42 2.80208e-05
-1.68 -0.36 2.66467e-05
-1.68 -0.3 2.49923e-05
-1.68 -0.24 2.31179e-05
-1.68 -0.18 2.10904e-05
-1.62 -1.26 2.10373e-05
-1.62 -1.2 2.42836e-05
-1.62 -1.14 2.76452e-05
-1.62 -1.08 3.10401e-05
-1.62 -1.02 3.43726e-05
-1.62 -0.96 3.75398e-05
-1.62 -0.9 4.04346e-05
-1.62 -0.84 4.29548e-05
-1.62 -0.78 4.50046e-05
-1.62 -0.72 4.65037e-05
-1.62 -0.66 4.73926e-05
-1.62 -0.6 4.76346e-05
-1.62 -0.54 4.72198e-05
-1.62 -0.48 4.61651e-05
-1.62 -0.42 4.45139e-05
-1.62 -0.36 4.2331e-05
-1.62 -0.3 3.97026e-05
-1.62 -0.24 3.67251e-05
-1.62 -0.18 3.35043e-05
-1.62 -0.12 3.01456e-05
-1.56 -1.32 2.81619e-05
-1.56 -1.26 3.29604e-05
-1.56 -1.2 3.80464e-05
-1.56 -1.14 4.33138e-05
-1.56 -1.08 4.86324e-05
-1.56 -1.02 5.38536e-05
-1.56 -0.96 5.8816e-05
-1.56 -0.9 6.33517e-05
-1.56 -0.84 6.73001e-05
-1.56 -0.78 7.05112e-05
-1.56 -0.72 7.28599e-05
-1.56 -0.66 7.42531e-05
-1.56 -0.6 7.46326e-05
-1.56 -0.54 7.39823e-05
-1.56 -0.48 7.23295e-05
-1.56 -0.42 6.97428e-05
-1.56 -0.36 6.63231e-05
-1.56 -0.3 6.22041e-05
-1.56 -0.24 5.75393e-05
-1.56 -0.18 5.24931e-05
-1.56 -0.12 4.72309e-05
-1.56 -0.06 4.19118e-05
-1.56 9.71445e-15 3.6681e-05
-1.5 -1.38 3.66702e-05
-1.5 -1.32 4.35166e-05
-1.5 -1.26 5.09314e-05
-1.5 -1.2 5.87906e-05
-1.5 -1.14 6.69296e-05
-1.5 -1.08 7.51477e-05
-1.5 -1.02 8.32167e-05
-1.5 -0.96 9.08833e-05
-1.5 -0.9 9.7893e-05
-1.5 -0.84 0.000103994
-1.5 -0.78 0.000108957
-1.5 -0.72 0.000112586
-1.5 -0.66 0.000114738
-1.5 -0.6 0.000115324
-1.5 -0.54 0.000114318
-1.5 -0.48 0.000111767
-1.5 -0.42 0.000107768
-1.5 -0.36 0.000102484
-1.5 -0.3 9.61205e-05
-1.5 -0.24 8.89112e-05
-1.5 -0.18 8.11137e-05
-1.5 -0.12 7.29826e-05
-1.5 -0.06 6.47639e-05
-1.5 9.71445e-15 5.66806e-05
-1.5 0.06 4.89239e-05
-1.44 -1.44 4.64447e-05
-1.44 -1.38 5.58848e-05
-1.44 -1.32 6.63191e-05
-1.44 -1.26 7.76193e-05
-1.44 -1.2 8.95961e-05
-1.44 -1.14 0.000102
-1.44 -1.08 0.000114526
-1.44 -1.02 0.00012682
-1.44 -0.96 0.000138506
-1.44 -0.9 0.000149188
-1.44 -0.84 0.000158484
-1.44 -0.78 0.000166048
-1.44 -0.72 0.00017158
-1.44 -0.66 0.000174859
-1.44 -0.6 0.000175752
-1.44 -0.54 0.000174222
-1.44 -0.48 0.00017033
-1.44 -0.42 0.000164238
-1.44 -0.36 0.000156183
-1.44 -0.3 0.000146486
-1.44 -0.24 0.000135501
-1.44 -0.18 0.000123616
-1.44 -0.12 0.000111224
-1.44 -0.06 9.86988e-05
-1.44 9.71445e-15 8.638e-05
-1.44 0.06 7.45598e-05
-1.44 0.12 6.34717e-05
-1.38 -1.5 5.72192e-05
-1.38 -1.44 6.9809e-05
-1.38 -1.38 8.39965e-05
-1.38 -1.32 9.96798e-05
-1.38 -1.26 0.000116665
-1.38 -1.2 0.000134668
-1.38 -1.14 0.000153311
-1.38 -1.08 0.000172135
-1.38 -1.02 0.000190617
-1.38 -0.96 0.000208178
-1.38 -0.9 0.000224236
-1.38 -0.84 0.00023821
-1.38 -0.78 0.000249577
-1.38 -0.72 0.000257894
-1.38 -0.66 0.000262823
-1.38 -0.6 0.000264164
-1.38 -0.54 0.000261862
-1.38 -0.48 0.000256015
-1.38 -0.42 0.000246852
-1.38 -0.36 0.000234753
-1.38 -0.3 0.000220174
-1.38 -0.24 0.000203663
-1.38 -0.18 0.0001858
-1.38 -0.12 0.000167174
-1.38 -0.06 0.000148348
-1.38 9.71445e-15 0.000129832
-1.38 0.06 0.000112066
-1.38 0.12 9.54018e-05
-1.38 0.18 8.00982e-05
-1.32 -1.56 6.85683e-05
-1.32 -1.5 8.48212e-05
-1.32 -1.44 0.000103482
-1.32 -1.38 0.000124515
-1.32 -1.32 0.000147762
-1.32 -1.26 0.00017294
-1.32 -1.2 0.000199626
-1.32 -1.14 0.000227264
-1.32 -1.08 0.000255169
-1.32 -1.02 0.000282565
-1.32 -0.96 0.000308602
-1.32 -0.9 0.000332401
-1.32 -0.84 0.000353118
-1.32 -0.78 0.000369966
-1.32 -0.72 0.000382291
-1.32 -0.66 0.0003896
-1.32 -0.6 0.000391591
-1.32 -0.54 0.000388178
-1.32 -0.48 0.000379507
-1.32 -0.42 0.000365934
-1.32 -0.36 0.000347992
-1.32 -0.3 0.00032638
-1.32 -0.24 0.000301903
-1.32 -0.18 0.000275426
-1.32 -0.12 0.000247816
-1.32 -0.06 0.000219908
-1.32 9.71445e-15 0.000192462
-1.32 0.06 0.000166125
-1.32 0.12 0.000141421
-1.32 0.18 0.000118736
-1.32 0.24 9.83202e-05
-1.26 -1.62 7.99253e-05
-1.26 -1.56 0.000100248
-1.26 -1.5 0.000124008
-1.26 -1.44 0.000151292
-1.26 -1.38 0.000182041
-1.26 -1.32 0.000216031
-1.26 -1.26 0.000252842
-1.26 -1.2 0.000291856
-1.26 -1.14 0.000332261
-1.26 -1.08 0.000373063
-1.26 -1.02 0.00041311
-1.26 -0.96 0.000451175
-1.26 -0.9 0.000485974
-1.26 -0.84 0.000516253
-1.26 -0.78 0.000540893
-1.26 -0.72 0.000558915
-1.26 -0.66 0.000569596
-1.26 -0.6 0.000572507
-1.26 -0.54 0.000567523
-1.26 -0.48 0.000554842
-1.26 -0.42 0.000534994
-1.26 -0.36 0.000508764
-1.26 -0.3 0.000477169
-1.26 -0.24 0.000441388
-1.26 -0.18 0.000402674
-1.26 -0.12 0.000362306
-1.26 -0.06 0.000321505
-1.26 9.71445e-15 0.000281378
-1.26 0.06 0.000242874
-1.26 0.12 0.000206757
-1.26 0.18 0.000173593
-1.26 0.24 0.000143743
-1.26 0.3 0.000117391
-1.2 -1.62 0.000115245
-1.2 -1.56 0.000144548
-1.2 -1.5 0.000178808
-1.2 -1.44 0.000218148
-1.2 -1.38 0.000262489
-1.2 -1.32 0.000311497
-1.2 -1.26 0.000364572
-1.2 -1.2 0.000420828
-1.2 -1.14 0.000479084
-1.2 -1.08 0.000537918
-1.2 -1.02 0.00059567
-1.2 -0.96 0.000650556
-1.2 -0.9 0.000700724
-1.2 -0.84 0.000744397
-1.2 -0.78 0.000779921
-1.2 -0.72 0.000805901
-1.2 -0.66 0.000821301
-1.2 -0.6 0.000825494
-1.2 -0.54 0.000818308
-1.2 -0.48 0.000800032
-1.2 -0.42 0.000771416
-1.2 -0.36 0.000733584
-1.2 -0.3 0.000688038
-1.2 -0.24 0.000636437
-1.2 -0.18 0.000580621
-1.2 -0.12 0.000522417
-1.2 -0.06 0.000463585
-1.2 9.71445e-15 0.000405722
-1.2 0.06 0.000350205
-1.2 0.12 0.000298124
-1.2 0.18 0.000250305
-1.2 0.24 0.000207265
-1.2 0.3 0.000169266
-1.2 0.36 0.000136334
-1.14 -1.68 0.000128871
-1.14 -1.62 0.000163889
-1.14 -1.56 0.00020556
-1.14 -1.5 0.00025428
-1.14 -1.44 0.000310228
-1.14 -1.38 0.000373281
-1.14 -1.32 0.000442973
-1.14 -1.26 0.000518456
-1.14 -1.2 0.000598458
-1.14 -1.14 0.000681304
-1.14 -1.08 0.000764968
-1.14 -1.02 0.000847089
-1.14 -0.96 0.000925149
-1.14 -0.9 0.000996491
-1.14 -0.84 0.0010586
-1.14 -0.78 0.00110911
-1.14 -0.72 0.00114607
-1.14 -0.66 0.00116797
-1.14 -0.6 0.00117393
-1.14 -0.54 0.00116371
-1.14 -0.48 0.00113771
-1.14 -0.42 0.00109702
-1.14 -0.36 0.00104323
-1.14 -0.3 0.000978446
-1.14 -0.24 0.000905075
-1.14 -0.18 0.000825696
-1.14 -0.12 0.000742922
-1.14 -0.06 0.000659256
-1.14 9.71445e-15 0.00057697
-1.14 0.06 0.000498022
-1.14 0.12 0.000423961
-1.14 0.18 0.000355954
-1.14 0.24 0.00029475
-1.14 0.3 0.00024071
-1.14 0.36 0.00019388
-1.08 -1.74 0.000140171
-1.08 -1.68 0.000180746
-1.08 -1.62 0.000229861
-1.08 -1.56 0.000288307
-1.08 -1.5 0.000356637
-1.08 -1.44 0.000435107
-1.08 -1.38 0.000523539
-1.08 -1.32 0.00062129
-1.08 -1.26 0.000727157
-1.08 -1.2 0.000839361
-1.08 -1.14 0.000955562
-1.08 -1.08 0.0010729
-1.08 -1.02 0.00118807
-1.08 -0.96 0.00129756
-1.08 -0.9 0.00139763
-1.08 -0.84 0.00148472
-1.08 -0.78 0.00155557
-1.08 -0.72 0.0016074
-1.08 -0.66 0.00163812
-1.08 -0.6 0.00164649
-1.08 -0.54 0.00163216
-1.08 -0.48 0.00159569
-1.08 -0.42 0.00153861
-1.08 -0.36 0.00146317
-1.08 -0.3 0.0013723
-1.08 -0.24 0.00126941
-1.08 -0.18 0.00115807
-1.08 -0.12 0.00104197
-1.08 -0.06 0.000924626
-1.08 9.71445e-15 0.000809223
-1.08 0.06 0.000698495
-1.08 0.12 0.00059462
-1.08 0.18 0.000499242
-1.08 0.24 0.000413399
-1.08 0.3 0.000337608
-1.08 0.36 0.000271925
-1.08 0.42 0.00021601
-1.02 -1.74 0.000193893
-1.02 -1.68 0.000250017
-1.02 -1.62 0.000317959
-1.02 -1.56 0.000398804
-1.02 -1.5 0.000493325
-1.02 -1.44 0.000601866
-1.02 -1.38 0.000724187
-1.02 -1.32 0.000859405
-1.02 -1.26 0.00100584
-1.02 -1.2 0.00116105
-1.02 -1.14 0.0013218
-1.02 -1.08 0.00148411
-1.02 -1.02 0.00164343
-1.02 -0.96 0.00179485
-1.02 -0.9 0.00193329
-1.02 -0.84 0.00205376
-1.02 -0.78 0.00215176
-1.02 -0.72 0.00222346
-1.02 -0.66 0.00226596
-1.02 -0.6 0.00227754
-1.02 -0.54 0.0022577
-1.02 -0.48 0.00220726
-1.02 -0.42 0.00212829
-1.02 -0.36 0.00202396
-1.02 -0.3 0.00189825
-1.02 -0.24 0.00175591
-1.02 -0.18 0.0016019
-1.02 -0.12 0.00144131
-1.02 -0.06 0.001279
-1.02 9.71445e-15 0.00111937
-1.02 0.06 0.000966198
-1.02 0.12 0.000822521
-1.02 0.18 0.000690581
-1.02 0.24 0.000571839
-1.02 0.3 0.000467003
-1.02 0.36 0.000376146
-1.02 0.42 0.000298799
-1.02 0.48 0.000234095
-0.96 -1.8 0.000202318
-0.96 -1.74 0.000264517
-0.96 -1.68 0.000341086
-0.96 -1.62 0.000433776
-0.96 -1.56 0.000544065
-0.96 -1.5 0.000673017
-0.96 -1.44 0.0008211
-0.96 -1.38 0.000987976
-0.96 -1.32 0.00117244
-0.96 -1.26 0.00137223
-0.96 -1.2 0.00158398
-0.96 -1.14 0.00180326
-0.96 -1.08 0.00202467
-0.96 -1.02 0.00224205
-0.96 -0.96 0.00244861
-0.96 -0.9 0.00263749
-0.96 -0.84 0.00280186
-0.96 -0.78 0.00293555
-0.96 -0.72 0.00303337
-0.96 -0.66 0.00309135
-0.96 -0.6 0.00310713
-0.96 -0.54 0.00308004
-0.96 -0.48 0.00301127
-0.96 -0.42 0.0029035
-0.96 -0.36 0.00276119
-0.96 -0.3 0.0025897
-0.96 -0.24 0.00239551
-0.96 -0.18 0.0021854
-0.96 -0.12 0.00196631
-0.96 -0.06 0.00174488
-0.96 9.71445e-15 0.0015271
-0.96 0.06 0.00131813
-0.96 0.12 0.00112213
-0.96 0.18 0.000942121
-0.96 0.24 0.000780128
-0.96 0.3 0.000637108
-0.96 0.36 0.000513158
-0.96 0.42 0.000407638
-0.96 0.48 0.000319365
-0.96 0.54 0.000246767
-0.9 -1.86 0.000205345
-0.9 -1.8 0.000272218
-0.9 -1.74 0.000355909
-0.9 -1.68 0.000458933
-0.9 -1.62 0.00058364
-0.9 -1.56 0.000732041
-0.9 -1.5 0.000905541
-0.9 -1.44 0.00110478
-0.9 -1.38 0.00132933
-0.9 -1.32 0.00157752
-0.9 -1.26 0.00184633
-0.9 -1.2 0.00213123
-0.9 -1.14 0.00242626
-0.9 -1.08 0.00272421
-0.9 -1.02 0.00301664
-0.9 -0.96 0.00329463
-0.9 -0.9 0.00354871
-0.9 -0.84 0.00376987
-0.9 -0.78 0.00394974
-0.9 -0.72 0.00408136
-0.9 -0.66 0.00415937
-0.9 -0.6 0.00418061
-0.9 -0.54 0.00414422
-0.9 -0.48 0.00405161
-0.9 -0.42 0.00390669
-0.9 -0.36 0.00371514
-0.9 -0.3 0.00348443
-0.9 -0.24 0.00322315
-0.9 -0.18 0.00294046
-0.9 -0.12 0.00264568
-0.9 -0.06 0.00234773
-0.9 9.71445e-15 0.0020547
-0.9 0.06 0.00177355
-0.9 0.12 0.00150981
-0.9 0.18 0.00126762
-0.9 0.24 0.00104966
-0.9 0.3 0.000857216
-0.9 0.36 0.000690446
-0.9 0.42 0.000548472
-0.9 0.48 0.000429703
-0.9 0.54 0.000332027
-0.84 -1.86 0.000272496
-0.84 -1.8 0.000361236
-0.84 -1.74 0.000472292
-0.84 -1.68 0.000609002
-0.84 -1.62 0.000774497
-0.84 -1.56 0.000971403
-0.84 -1.5 0.00120167
-0.84 -1.44 0.00146605
-0.84 -1.38 0.00176402
-0.84 -1.32 0.00209336
-0.84 -1.26 0.00245005
-0.84 -1.2 0.00282813
-0.84 -1.14 0.00321966
-0.84 -1.08 0.00361498
-0.84 -1.02 0.00400314
-0.84 -0.96 0.00437195
-0.84 -0.9 0.00470914
-0.84 -0.84 0.00500266
-0.84 -0.78 0.00524136
-0.84 -0.72 0.00541596
-0.84 -0.66 0.0055195
-0.84 -0.6 0.00554768
-0.84 -0.54 0.0054993
-0.84 -0.48 0.00537652
-0.84 -0.42 0.00518417
-0.84 -0.36 0.00493002
-0.84 -0.3 0.00462387
-0.84 -0.24 0.00427708
-0.84 -0.18 0.00390197
-0.84 -0.12 0.00351082
-0.84 -0.06 0.00311547
-0.84 9.71445e-15 0.00272662
-0.84 0.06 0.00235349
-0.84 0.12 0.00200352
-0.84 0.18 0.00168213
-0.84 0.24 0.0013929
-0.84 0.3 0.00113754
-0.84 0.36 0.000916225
-0.84 0.42 0.000727828
-0.84 0.48 0.00057022
-0.84 0.54 0.000440599
-0.84 0.6 0.000335765
-0.78 -1.92 0.000265323
-0.78 -1.86 0.000356627
-0.78 -1.8 0.000472768
-0.78 -1.74 0.000618117
-0.78 -1.68 0.000797037
-0.78 -1.62 0.00101362
-0.78 -1.56 0.00127136
-0.78 -1.5 0.00157269
-0.78 -1.44 0.00191869
-0.78 -1.38 0.00230867
-0.78 -1.32 0.00273973
-0.78 -1.26 0.00320656
-0.78 -1.2 0.00370134
-0.78 -1.14 0.00421377
-0.78 -1.08 0.00473122
-0.78 -1.02 0.00523911
-0.78 -0.96 0.00572184
-0.78 -0.9 0.00616318
-0.78 -0.84 0.00654719
-0.78 -0.78 0.00685966
-0.78 -0.72 0.0070882
-0.78 -0.66 0.00722368
-0.78 -0.6 0.00726059
-0.78 -0.54 0.00719737
-0.78 -0.48 0.00703657
-0.78 -0.42 0.00678488
-0.78 -0.36 0.00645219
-0.78 -0.3 0.00605151
-0.78 -0.24 0.00559772
-0.78 -0.18 0.00510673
-0.78 -0.12 0.00459482
-0.78 -0.06 0.00407736
-0.78 9.71445e-15 0.00356848
-0.78 0.06 0.00308016
-0.78 0.12 0.00262212
-0.78 0.18 0.00220153
-0.78 0.24 0.00182297
-0.78 0.3 0.00148877
-0.78 0.36 0.00119912
-0.78 0.42 0.000952541
-0.78 0.48 0.000746276
-0.78 0.54 0.000576638
-0.78 0.6 0.000439432
-0.72 -1.92 0.000342471
-0.72 -1.86 0.000460328
-0.72 -1.8 0.000610235
-0.72 -1.74 0.000797847
-0.72 -1.68 0.0010288
-0.72 -1.62 0.00130836
-0.72 -1.56 0.00164103
-0.72 -1.5 0.00202997
-0.72 -1.44 0.00247662
-0.72 -1.38 0.00297998
-0.72 -1.32 0.00353634
-0.72 -1.26 0.00413894
-0.72 -1.2 0.00477761
-0.72 -1.14 0.005439
-0.72 -1.08 0.00610689
-0.72 -1.02 0.0067625
-0.72 -0.96 0.00738564
-0.72 -0.9 0.00795517
-0.72 -0.84 0.00845102
-0.72 -0.78 0.00885425
-0.72 -0.72 0.00914928
-0.72 -0.66 0.00932416
-0.72 -0.6 0.00937172
-0.72 -0.54 0.00929015
-0.72 -0.48 0.00908258
-0.72 -0.42 0.00875771
-0.72 -0.36 0.00832831
-0.72 -0.3 0.00781114
-0.72 -0.24 0.00722539
-0.72 -0.18 0.0065917
-0.72 -0.12 0.0059309
-0.72 -0.06 0.00526298
-0.72 9.71445e-15 0.00460607
-0.72 0.06 0.00397581
-0.72 0.12 0.00338457
-0.72 0.18 0.00284165
-0.72 0.24 0.00235304
-0.72 0.3 0.00192164
-0.72 0.36 0.00154779
-0.72 0.42 0.00122952
-0.72 0.48 0.000963272
-0.72 0.54 0.00074431
-0.72 0.6 0.000567215
-0.72 0.66 0.000426308
-0.66 -1.92 0.000435978
-0.66 -1.86 0.000586009
-0.66 -1.8 0.000776846
-0.66 -1.74 0.00101567
-0.66 -1.68 0.00130968
-0.66 -1.62 0.00166558
-0.66 -1.56 0.00208908
-0.66 -1.5 0.00258422
-0.66 -1.44 0.00315281
-0.66 -1.38 0.00379359
-0.66 -1.32 0.0045019
-0.66 -1.26 0.00526901
-0.66 -1.2 0.00608205
-0.66 -1.14 0.00692404
-0.66 -1.08 0.00777426
-0.66 -1.02 0.00860893
-0.66 -0.96 0.00940203
-0.66 -0.9 0.0101273
-0.66 -0.84 0.0107583
-0.66 -0.78 0.0112718
-0.66 -0.72 0.0116474
-0.66 -0.66 0.01187
-0.66 -0.6 0.0119305
-0.66 -0.54 0.0118266
-0.66 -0.48 0.0115625
-0.66 -0.42 0.0111488
-0.66 -0.36 0.0106022
-0.66 -0.3 0.00994385
-0.66 -0.24 0.00919815
-0.66 -0.18 0.00839135
-0.66 -0.12 0.00755017
-0.66 -0.06 0.00669993
-0.66 9.71445e-15 0.00586368
-0.66 0.06 0.00506126
-0.66 0.12 0.00430866
-0.66 0.18 0.00361753
-0.66 0.24 0.00299546
-0.66 0.3 0.00244633
-0.66 0.36 0.00197039
-0.66 0.42 0.00156521
-0.66 0.48 0.00122627
-0.66 0.54 0.000947518
-0.66 0.6 0.000722074
-0.66 0.66 0.000542705
-0.6 -1.98 0.000401641
-0.6 -1.92 0.000547379
-0.6 -1.86 0.000735757
-0.6 -1.8 0.000975363
-0.6 -1.74 0.00127522
-0.6 -1.68 0.00164436
-0.6 -1.62 0.00209119
-0.6 -1.56 0.00262288
-0.6 -1.5 0.00324458
-0.6 -1.44 0.00395843
-0.6 -1.38 0.00476299
-0.6 -1.32 0.00565226
-0.6 -1.26 0.00661535
-0.6 -1.2 0.00763616
-0.6 -1.14 0.00869329
-0.6 -1.08 0.00976075
-0.6 -1.02 0.0108088
-0.6 -0.96 0.0118046
-0.6 -0.9 0.012715
-0.6 -0.84 0.0135075
-0.6 -0.78 0.0141521
-0.6 -0.72 0.0146235
-0.6 -0.66 0.014903
-0.6 -0.6 0.0149791
-0.6 -0.54 0.0148485
-0.6 -0.48 0.014517
-0.6 -0.42 0.0139977
-0.6 -0.36 0.0133114
-0.6 -0.3 0.0124848
-0.6 -0.24 0.0115485
-0.6 -0.18 0.0105357
-0.6 -0.12 0.00947952
-0.6 -0.06 0.00841201
-0.6 9.71445e-15 0.00736207
-0.6 0.06 0.00635462
-0.6 0.12 0.00540964
-0.6 0.18 0.0045419
-0.6 0.24 0.00376092
-0.6 0.3 0.00307145
-0.6 0.36 0.00247387
-0.6 0.42 0.00196519
-0.6 0.48 0.00153963
-0.6 0.54 0.00118964
-0.6 0.6 0.000906592
-0.6 0.66 0.000681381
-0.6 0.72 0.000505082
-0.54 -1.98 0.000497338
-0.54 -1.92 0.000677809
-0.54 -1.86 0.000911069
-0.54 -1.8 0.00120776
-0.54 -1.74 0.00157906
-0.54 -1.68 0.00203617
-0.54 -1.62 0.00258947
-0.54 -1.56 0.00324786
-0.54 -1.5 0.00401766
-0.54 -1.44 0.00490164
-0.54 -1.38 0.00589788
-0.54 -1.32 0.006999
-0.54 -1.26 0.00819165
-0.54 -1.2 0.0094557
-0.54 -1.14 0.0107647
-0.54 -1.08 0.0120865
-0.54 -1.02 0.0133842
-0.54 -0.96 0.0146174
-0.54 -0.9 0.0157446
-0.54 -0.84 0.016726
-0.54 -0.78 0.0175241
-0.54 -0.72 0.018108
-0.54 -0.66 0.0184541
-0.54 -0.6 0.0185482
-0.54 -0.54 0.0183867
-0.54 -0.48 0.017976
-0.54 -0.42 0.0173329
-0.54 -0.36 0.0164832
-0.54 -0.3 0.0154596
-0.54 -0.24 0.0143002
-0.54 -0.18 0.0130461
-0.54 -0.12 0.0117382
-0.54 -0.06 0.0104163
-0.54 9.71445e-15 0.00911623
-0.54 0.06 0.00786877
-0.54 0.12 0.00669864
-0.54 0.18 0.00562409
-0.54 0.24 0.00465705
-0.54 0.3 0.00380327
-0.54 0.36 0.00306334
-0.54 0.42 0.00243344
-0.54 0.48 0.00190648
-0.54 0.54 0.00147311
-0.54 0.6 0.00112261
-0.54 0.66 0.000843739
-0.54 0.72 0.000625426
-0.48 -2.04 0.000439538
-0.48 -1.98 0.000607371
-0.48 -1.92 0.000827774
-0.48 -1.86 0.00111264
-0.48 -1.8 0.00147497
-0.48 -1.74 0.00192844
-0.48 -1.68 0.00248667
-0.48 -1.62 0.00316239
-0.48 -1.56 0.00396647
-0.48 -1.5 0.00490655
-0.48 -1.44 0.00598614
-0.48 -1.38 0.00720279
-0.48 -1.32 0.00854758
-0.48 -1.26 0.0100041
-0.48 -1.2 0.0115478
-0.48 -1.14 0.0131464
-0.48 -1.08 0.0147608
-0.48 -1.02 0.0163453
-0.48 -0.96 0.0178516
-0.48 -0.9 0.0192282
-0.48 -0.84 0.0204266
-0.48 -0.78 0.0214012
-0.48 -0.72 0.0221144
-0.48 -0.66 0.0225371
-0.48 -0.6 0.0226521
-0.48 -0.54 0.0224549
-0.48 -0.48 0.0219532
-0.48 -0.42 0.0211679
-0.48 -0.36 0.02013
-0.48 -0.3 0.01888
-0.48 -0.24 0.0174642
-0.48 -0.18 0.0159325
-0.48 -0.12 0.0143353
-0.48 -0.06 0.0127209
-0.48 9.71445e-15 0.0111331
-0.48 0.06 0.00960977
-0.48 0.12 0.00818072
-0.48 0.18 0.00686845
-0.48 0.24 0.00568745
-0.48 0.3 0.00464472
-0.48 0.36 0.0037411
-0.48 0.42 0.00297183
-0.48 0.48 0.00232828
-0.48 0.54 0.00179904
-0.48 0.6 0.00137099
-0.48 0.66 0.00103041
-0.48 0.72 0.000763806
-0.48 0.78 0.000558396
-0.42 -2.04 0.000529409
-0.42 -1.98 0.000731563
-0.42 -1.92 0.000997028
-0.42 -1.86 0.00134014
-0.42 -1.8 0.00177657
-0.42 -1.74 0.00232275
-0.42 -1.68 0.00299511
-0.42 -1.62 0.003809
-0.42 -1.56 0.00477748
-0.42 -1.5 0.00590981
-0.42 -1.44 0.00721004
-0.42 -1.38 0.00867548
-0.42 -1.32 0.0102952
-0.42 -1.26 0.0120495
-0.42 -1.2 0.0139088
-0.42 -1.14 0.0158345
-0.42 -1.08 0.0177788
-0.42 -1.02 0.0196873
-0.42 -0.96 0.0215016
-0.42 -0.9 0.0231599
-0.42 -0.84 0.0246031
-0.42 -0.78 0.0257769
-0.42 -0.72 0.0266358
-0.42 -0.66 0.0271451
-0.42 -0.6 0.0272838
-0.42 -0.54 0.0270462
-0.42 -0.48 0.0264418
-0.42 -0.42 0.025496
-0.42 -0.36 0.0242461
-0.42 -0.3 0.0227401
-0.42 -0.24 0.021035
-0.42 -0.18 0.0191901
-0.42 -0.12 0.0172663
-0.42 -0.06 0.0153218
-0.42 9.71445e-15 0.0134096
-0.42 0.06 0.0115746
-0.42 0.12 0.00985339
-0.42 0.18 0.00827281
-0.42 0.24 0.00685037
-0.42 0.3 0.00559444
-0.42 0.36 0.00450603
-0.42 0.42 0.00357947
-0.42 0.48 0.00280436
-0.42 0.54 0.00216689
-0.42 0.6 0.00165131
-0.42 0.66 0.00124111
-0.42 0.72 0.000919975
-0.42 0.78 0.000672571
-0.36 -2.04 0.000628886
-0.36 -1.98 0.000869034
-0.36 -1.92 0.00118438
-0.36 -1.86 0.00159197
-0.36 -1.8 0.00211041
-0.36 -1.74 0.00275922
-0.36 -1.68 0.00355791
-0.36 -1.62 0.00452476
-0.36 -1.56 0.00567516
-0.36 -1.5 0.00702034
-0.36 -1.44 0.00856495
-0.36 -1.38 0.0103057
-0.36 -1.32 0.0122298
-0.36 -1.26 0.0143137
-0.36 -1.2 0.0165225
-0.36 -1.14 0.0188099
-0.36 -1.08 0.0211194
-0.36 -1.02 0.023387
-0.36 -0.96 0.0255417
-0.36 -0.9 0.0275117
-0.36 -0.84 0.0292265
-0.36 -0.78 0.0306209
-0.36 -0.72 0.0316412
-0.36 -0.66 0.0322461
-0.36 -0.6 0.0324107
-0.36 -0.54 0.0321281
-0.36 -0.48 0.0314106
-0.36 -0.42 0.0302868
-0.36 -0.36 0.0288022
-0.36 -0.3 0.0270135
-0.36 -0.24 0.0249876
-0.36 -0.18 0.0227961
-0.36 -0.12 0.0205109
-0.36 -0.06 0.0182011
-0.36 9.71445e-15 0.0159294
-0.36 0.06 0.0137495
-0.36 0.12 0.011705
-0.36 0.18 0.00982728
-0.36 0.24 0.0081376
-0.36 0.3 0.0066457
-0.36 0.36 0.00535278
-0.36 0.42 0.00425211
-0.36 0.48 0.00333133
-0.36 0.54 0.00257406
-0.36 0.6 0.00196161
-0.36 0.66 0.00147432
-0.36 0.72 0.00109284
-0.36 0.78 0.000798951
-0.3 -2.04 0.000736793
-0.3 -1.98 0.00101814
-0.3 -1.92 0.00138758
-0.3 -1.86 0.00186511
-0.3 -1.8 0.0024725
-0.3 -1.74 0.00323266
-0.3 -1.68 0.0041684
-0.3 -1.62 0.00530106
-0.3 -1.56 0.00664894
-0.3 -1.5 0.00822489
-0.3 -1.44 0.0100344
-0.3 -1.38 0.012074
-0.3 -1.32 0.0143283
-0.3 -1.26 0.0167697
-0.3 -1.2 0.0193573
-0.3 -1.14 0.0220371
-0.3 -1.08 0.0247433
-0.3 -1.02 0.0273997
-0.3 -0.96 0.0299245
-0.3 -0.9 0.0322321
-0.3 -0.84 0.0342409
-0.3 -0.78 0.0358749
-0.3 -0.72 0.03707
-0.3 -0.66 0.0377784
-0.3 -0.6 0.0379715
-0.3 -0.54 0.0376408
-0.3 -0.48 0.0368
-0.3 -0.42 0.0354839
-0.3 -0.36 0.0337437
-0.3 -0.3 0.0316485
-0.3 -0.24 0.029275
-0.3 -0.18 0.0267076
-0.3 -0.12 0.0240303
-0.3 -0.06 0.0213241
-0.3 9.71445e-15 0.0186626
-0.3 0.06 0.0161088
-0.3 0.12 0.0137132
-0.3 0.18 0.0115136
-0.3 0.24 0.00953386
-0.3 0.3 0.00778597
-0.3 0.36 0.00627113
-0.3 0.42 0.00498164
-0.3 0.48 0.00390291
-0.3 0.54 0.00301574
-0.3 0.6 0.00229818
-0.3 0.66 0.00172727
-0.3 0.72 0.00128037
-0.3 0.78 0.000936039
-0.3 0.84 0.000674897
-0.24 -2.1 0.00060762
-0.24 -2.04 0.000851339
-0.24 -1.98 0.00117645
-0.24 -1.92 0.00160334
-0.24 -1.86 0.00215509
-0.24 -1.8 0.00285692
-0.24 -1.74 0.00373523
-0.24 -1.68 0.00481645
-0.24 -1.62 0.00612529
-0.24 -1.56 0.00768271
-0.24 -1.5 0.00950369
-0.24 -1.44 0.0115947
-0.24 -1.38 0.0139512
-0.24 -1.32 0.016556
-0.24 -1.26 0.0193771
-0.24 -1.2 0.0223672
-0.24 -1.14 0.0254637
-0.24 -1.08 0.0285903
-0.24 -1.02 0.03166
-0.24 -0.96 0.0345766
-0.24 -0.9 0.0372438
-0.24 -0.84 0.0395646
-0.24 -0.78 0.0414529
-0.24 -0.72 0.042834
-0.24 -0.66 0.0436526
-0.24 -0.6 0.0438754
-0.24 -0.54 0.0434931
-0.24 -0.48 0.042522
-0.24 -0.42 0.0410003
-0.24 -0.36 0.0389904
-0.24 -0.3 0.0365692
-0.24 -0.24 0.0338268
-0.24 -0.18 0.0308597
-0.24 -0.12 0.0277663
-0.24 -0.06 0.0246395
-0.24 9.71445e-15 0.0215642
-0.24 0.06 0.0186131
-0.24 0.12 0.0158454
-0.24 0.18 0.0133037
-0.24 0.24 0.011016
-0.24 0.3 0.00899659
-0.24 0.36 0.00724625
-0.24 0.42 0.00575619
-0.24 0.48 0.00450971
-0.24 0.54 0.00348457
-0.24 0.6 0.00265547
-0.24 0.66 0.00199584
-0.24 0.72 0.00147944
-0.24 0.78 0.00108156
-0.24 0.84 0.000779836
-0.18 -2.1 0.000692432
-0.18 -2.04 0.000970195
-0.18 -1.98 0.00134067
-0.18 -1.92 0.00182716
-0.18 -1.86 0.00245595
-0.18 -1.8 0.00325575
-0.18 -1.74 0.00425668
-0.18 -1.68 0.00548882
-0.18 -1.62 0.00698039
-0.18 -1.56 0.00875518
-0.18 -1.5 0.0108304
-0.18 -1.44 0.0132132
-0.18 -1.38 0.0158986
-0.18 -1.32 0.018867
-0.18 -1.26 0.0220819
-0.18 -1.2 0.0254894
-0.18 -1.14 0.0290183
-0.18 -1.08 0.0325814
-0.18 -1.02 0.0360791
-0.18 -0.96 0.0394038
-0.18 -0.9 0.0424428
-0.18 -0.84 0.0450879
-0.18 -0.78 0.0472389
-0.18 -0.72 0.048813
-0.18 -0.66 0.0497463
-0.18 -0.6 0.0500004
-0.18 -0.54 0.0495647
-0.18 -0.48 0.0484574
-0.18 -0.42 0.046724
-0.18 -0.36 0.0444334
-0.18 -0.3 0.0416737
-0.18 -0.24 0.0385486
-0.18 -0.18 0.0351678
-0.18 -0.12 0.0316422
-0.18 -0.06 0.0280789
-0.18 9.71445e-15 0.0245745
-0.18 0.06 0.0212117
-0.18 0.12 0.0180574
-0.18 0.18 0.0151607
-0.18 0.24 0.012554
-0.18 0.3 0.0102524
-0.18 0.36 0.00825778
-0.18 0.42 0.00655977
-0.18 0.48 0.00513928
-0.18 0.54 0.00397105
-0.18 0.6 0.00302617
-0.18 0.66 0.00227446
-0.18 0.72 0.00168594
-0.18 0.78 0.00123255
-0.18 0.84 0.000888693
-0.12 -2.1 0.000778254
-0.12 -2.04 0.00109042
-0.12 -1.98 0.00150682
-0.12 -1.92 0.00205359
-0.12 -1.86 0.00276028
-0.12 -1.8 0.00365921
-0.12 -1.74 0.00478421
-0.12 -1.68 0.00616905
-0.12 -1.62 0.00784537
-0.12 -1.56 0.00984026
-0.12 -1.5 0.0121726
-0.12 -1.44 0.0148506
-0.12 -1.38 0.0178691
-0.12 -1.32 0.0212054
-0.12 -1.26 0.0248187
-0.12 -1.2 0.0286482
-0.12 -1.14 0.0326144
-0.12 -1.08 0.0366194
-0.12 -1.02 0.0405505
-0.12 -0.96 0.0442869
-0.12 -0.9 0.0477028
-0.12 -0.84 0.0506751
-0.12 -0.78 0.0530936
-0.12 -0.72 0.0548625
-0.12 -0.66 0.0559109
-0.12 -0.6 0.0561966
-0.12 -0.54 0.0557074
-0.12 -0.48 0.0544627
-0.12 -0.42 0.0525148
-0.12 -0.36 0.0499396
-0.12 -0.3 0.0468386
-0.12 -0.24 0.0433262
-0.12 -0.18 0.039526
-0.12 -0.12 0.0355638
-0.12 -0.06 0.0315587
-0.12 9.71445e-15 0.0276199
-0.12 0.06 0.0238404
-0.12 0.12 0.020295
-0.12 0.18 0.0170398
-0.12 0.24 0.0141097
-0.12 0.3 0.011523
-0.12 0.36 0.0092811
-0.12 0.42 0.00737262
-0.12 0.48 0.00577616
-0.12 0.54 0.00446317
-0.12 0.6 0.0034012
-0.12 0.66 0.00255631
-0.12 0.72 0.0018949
-0.12 0.78 0.0013853
-0.12 0.84 0.000998831
-0.06 -2.1 0.000862681
-0.06 -2.04 0.00120872
-0.06 -1.98 0.00167028
-0.06 -1.92 0.00227635
-0.06 -1.86 0.00305973
-0.06 -1.8 0.00405618
-0.06 -1.74 0.00530322
-0.06 -1.68 0.00683832
-0.06 -1.62 0.00869649
-0.06 -1.56 0.0109077
-0.06 -1.5 0.013493
-0.06 -1.44 0.0164617
-0.06 -1.38 0.0198076
-0.06 -1.32 0.0235057
-0.06 -1.26 0.027511
-0.06 -1.2 0.0317561
-0.06 -1.14 0.0361523
-0.06 -1.08 0.0405917
-0.06 -1.02 0.0449495
-0.06 -0.96 0.0490916
-0.06 -0.9 0.0528771
-0.06 -0.84 0.0561728
-0.06 -0.78 0.0588532
-0.06 -0.72 0.0608138
-0.06 -0.66 0.0619762
-0.06 -0.6 0.0622929
-0.06 -0.54 0.0617504
-0.06 -0.48 0.0603707
-0.06 -0.42 0.0582117
-0.06 -0.36 0.0553572
-0.06 -0.3 0.0519197
-0.06 -0.24 0.0480262
-0.06 -0.18 0.0438142
-0.06 -0.12 0.039422
-0.06 -0.06 0.0349824
-0.06 9.71445e-15 0.0306161
-0.06 0.06 0.0264268
-0.06 0.12 0.0224967
-0.06 0.18 0.0188882
-0.06 0.24 0.0156404
-0.06 0.3 0.012773
-0.06 0.36 0.0102879
-0.06 0.42 0.00817247
-0.06 0.48 0.00640278
-0.06 0.54 0.00494736
-0.06 0.6 0.0037702
-0.06 0.66 0.00283362
-0.06 0.72 0.00210045
-0.06 0.78 0.00153559
-0.06 0.84 0.00110717
9.71445e-15 -2.1 0.000943114
9.71445e-15 -2.04 0.00132143
9.71445e-15 -1.98 0.00182601
9.71445e-15 -1.92 0.00248862
9.71445e-15 -1.86 0.00334504
9.71445e-15 -1.8 0.00443438
9.71445e-15 -1.74 0.00579769
9.71445e-15 -1.68 0.00747594
9.71445e-15 -1.62 0.0095074
9.71445e-15 -1.56 0.0119248
9.71445e-15 -1.5 0.0147511
9.71445e-15 -1.44 0.0179967
9.71445e-15 -1.38 0.0216545
9.71445e-15 -1.32 0.0256975
9.71445e-15 -1.26 0.0300764
9.71445e-15 -1.2 0.0347173
9.71445e-15 -1.14 0.0395235
9.71445e-15 -1.08 0.044377
9.71445e-15 -1.02 0.0491406
9.71445e-15 -0.96 0.053669
9.71445e-15 -0.9 0.0578081
9.71445e-15 -0.84 0.0614105
9.71445e-15 -0.78 0.0643408
9.71445e-15 -0.72 0.0664848
9.71445e-15 -0.66 0.0677554
9.71445e-15 -0.6 0.0681016
9.71445e-15 -0.54 0.0675087
9.71445e-15 -0.48 0.0660002
9.71445e-15 -0.42 0.0636393
9.71445e-15 -0.36 0.0605191
9.71445e-15 -0.3 0.0567606
9.71445e-15 -0.24 0.0525046
9.71445e-15 -0.18 0.0478996
9.71445e-15 -0.12 0.0430977
9.71445e-15 -0.06 0.0382441
9.71445e-15 9.71445e-15 0.0334708
9.71445e-15 0.06 0.0288909
9.71445e-15 0.12 0.0245945
9.71445e-15 0.18 0.0206494
9.71445e-15 0.24 0.0170988
9.71445e-15 0.3 0.013964
9.71445e-15 0.36 0.0112472
9.71445e-15 0.42 0.0089345
9.71445e-15 0.48 0.00699979
9.71445e-15 0.54 0.00540866
9.71445e-15 0.6 0.00412175
9.71445e-15 0.66 0.00309786
9.71445e-15 0.72 0.00229631
9.71445e-15 0.78 0.00167877
9.71445e-15 0.84 0.00121042
9.71445e-15 0.9 0.000860742
0.06 -2.1 0.00101688
0.06 -2.04 0.00142479
0.06 -1.98 0.00196885
0.06 -1.92 0.00268329
0.06 -1.86 0.00360669
0.06 -1.8 0.00478122
0.06 -1.74 0.00625115
0.06 -1.68 0.00806065
0.06 -1.62 0.0102511
0.06 -1.56 0.0128576
0.06 -1.5 0.015905
0.06 -1.44 0.0194043
0.06 -1.38 0.0233481
0.06 -1.32 0.0277076
0.06 -1.26 0.0324288
0.06 -1.2 0.0374327
0.06 -1.14 0.0426151
0.06 -1.08 0.0478481
0.06 -1.02 0.0529844
0.06 -0.96 0.0578666
0.06 -0.9 0.0623299
0.06 -0.84 0.0662137
0.06 -0.78 0.0693734
0.06 -0.72 0.0716849
0.06 -0.66 0.0730551
0.06 -0.6 0.0734285
0.06 -0.54 0.0727891
0.06 -0.48 0.0711626
0.06 -0.42 0.068617
0.06 -0.36 0.065253
0.06 -0.3 0.0612004
0.06 -0.24 0.0566113
0.06 -0.18 0.051646
0.06 -0.12 0.0464684
0.06 -0.06 0.0412353
0.06 9.71445e-15 0.0360888
0.06 0.06 0.0311505
0.06 0.12 0.0265182
0.06 0.18 0.0222646
0.06 0.24 0.0184362
0.06 0.3 0.0150563
0.06 0.36 0.012127
0.06 0.42 0.00963335
0.06 0.48 0.00754729
0.06 0.54 0.00583169
0.06 0.6 0.00444412
0.06 0.66 0.00334017
0.06 0.72 0.00247593
0.06 0.78 0.00181007
0.06 0.84 0.0013051
0.06 0.9 0.000928066
0.12 -2.1 0.00108135
0.12 -2.04 0.00151511
0.12 -1.98 0.00209368
0.12 -1.92 0.00285341
0.12 -1.86 0.00383535
0.12 -1.8 0.00508434
0.12 -1.74 0.00664746
0.12 -1.68 0.0085716
0.12 -1.62 0.010901
0.12 -1.56 0.0136727
0.12 -1.5 0.0169134
0.12 -1.44 0.0206346
0.12 -1.38 0.0248282
0.12 -1.32 0.029464
0.12 -1.26 0.0344845
0.12 -1.2 0.0398059
0.12 -1.14 0.0453169
0.12 -1.08 0.0508814
0.12 -1.02 0.0563439
0.12 -0.96 0.0615349
0.12 -0.9 0.0662816
0.12 -0.84 0.0704117
0.12 -0.78 0.0737719
0.12 -0.72 0.0762299
0.12 -0.66 0.077687
0.12 -0.6 0.0780838
0.12 -0.54 0.0774034
0.12 -0.48 0.0756746
0.12 -0.42 0.072967
0.12 -0.36 0.06939
0.12 -0.3 0.0650805
0.12 -0.24 0.0601999
0.12 -0.18 0.0549198
0.12 -0.12 0.0494141
0.12 -0.06 0.0438498
0.12 9.71445e-15 0.0383769
0.12 0.06 0.0331252
0.12 0.12 0.0281995
0.12 0.18 0.023676
0.12 0.24 0.019605
0.12 0.3 0.0160109
0.12 0.36 0.0128959
0.12 0.42 0.0102441
0.12 0.48 0.00802577
0.12 0.54 0.00620138
0.12 0.6 0.00472584
0.12 0.66 0.00355194
0.12 0.72 0.00263288
0.12 0.78 0.00192482
0.12 0.84 0.00138785
0.12 0.9 0.000986907
0.18 -2.1 0.00113411
0.18 -2.04 0.00158901
0.18 -1.98 0.0021958
0.18 -1.92 0.0029926
0.18 -1.86 0.00402244
0.18 -1.8 0.00533235
0.18 -1.74 0.00697166
0.18 -1.68 0.0089898
0.18 -1.62 0.0114327
0.18 -1.56 0.0143396
0.18 -1.5 0.0177383
0.18 -1.44 0.0216412
0.18 -1.38 0.0260395
0.18 -1.32 0.0309015
0.18 -1.26 0.036167
0.18 -1.2 0.0417479
0.18 -1.14 0.0475274
0.18 -1.08 0.0533632
0.18 -1.02 0.0590924
0.18 -0.96 0.0645367
0.18 -0.9 0.0695145
0.18 -0.84 0.0738466
0.18 -0.78 0.0773707
0.18 -0.72 0.0799487
0.18 -0.66 0.0814768
0.18 -0.6 0.0818924
0.18 -0.54 0.0811791
0.18 -0.48 0.0793662
0.18 -0.42 0.076526
0.18 -0.36 0.0727748
0.18 -0.3 0.0682554
0.18 -0.24 0.063137
0.18 -0.18 0.0575993
0.18 -0.12 0.0518249
0.18 -0.06 0.0459889
0.18 9.71445e-15 0.0402487
0.18 0.06 0.0347411
0.18 0.12 0.0295752
0.18 0.18 0.024831
0.18 0.24 0.0205612
0.18 0.3 0.0167919
0.18 0.36 0.013525
0.18 0.42 0.0107438
0.18 0.48 0.00841726
0.18 0.54 0.00650385
0.18 0.6 0.00495641
0.18 0.66 0.00372519
0.18 0.72 0.00276133
0.18 0.78 0.0020187
0.18 0.84 0.00145554
0.18 0.9 0.00103505
0.24 -2.16 0.000825736
0.24 -2.1 0.00117307
0.24 -2.04 0.00164363
0.24 -1.98 0.00227125
0.24 -1.92 0.00309543
0.24 -1.86 0.00416067
0.24 -1.8 0.00551562
0.24 -1.74 0.00721134
0.24 -1.68 0.00929877
0.24 -1.62 0.0118256
0.24 -1.56 0.0148324
0.24 -1.5 0.0183479
0.24 -1.44 0.0223847
0.24 -1.38 0.0269344
0.24 -1.32 0.0319632
0.24 -1.26 0.0374097
0.24 -1.2 0.0431822
0.24 -1.14 0.0491606
0.24 -1.08 0.0551972
0.24 -1.02 0.0611223
0.24 -0.96 0.066755
0.24 -0.9 0.0719034
0.24 -0.84 0.0763841
0.24 -0.78 0.0800285
0.24 -0.72 0.0826953
0.24 -0.66 0.0842761
0.24 -0.6 0.0847068
0.24 -0.54 0.0839691
0.24 -0.48 0.0820926
0.24 -0.42 0.0791563
0.24 -0.36 0.0752756
0.24 -0.3 0.0706001
0.24 -0.24 0.0653066
0.24 -0.18 0.0595788
0.24 -0.12 0.053606
0.24 -0.06 0.0475689
0.24 9.71445e-15 0.041632
0.24 0.06 0.0359352
0.24 0.12 0.0305913
0.24 0.18 0.0256843
0.24 0.24 0.021268
0.24 0.3 0.0173688
0.24 0.36 0.0139897
0.24 0.42 0.011113
0.24 0.48 0.00870655
0.24 0.54 0.00672744
0.24 0.6 0.00512674
0.24 0.66 0.00385321
0.24 0.72 0.00285621
0.24 0.78 0.0020881
0.24 0.84 0.00150556
0.24 0.9 0.00107061
0.3 -2.16 0.000842364
0.3 -2.1 0.00119672
0.3 -2.04 0.00167673
0.3 -1.98 0.00231702
0.3 -1.92 0.00315778
0.3 -1.86 0.00424451
0.3 -1.8 0.00562676
0.3 -1.74 0.00735659
0.3 -1.68 0.00948612
0.3 -1.62 0.0120639
0.3 -1.56 0.0151311
0.3 -1.5 0.0187176
0.3 -1.44 0.0228358
0.3 -1.38 0.0274772
0.3 -1.32 0.0326072
0.3 -1.26 0.0381632
0.3 -1.2 0.0440523
0.3 -1.14 0.0501508
0.3 -1.08 0.0563085
0.3 -1.02 0.0623545
0.3 -0.96 0.0680996
0.3 -0.9 0.0733513
0.3 -0.84 0.0779236
0.3 -0.78 0.0816418
0.3 -0.72 0.0843614
0.3 -0.66 0.0859742
0.3 -0.6 0.0864129
0.3 -0.54 0.0856599
0.3 -0.48 0.083747
0.3 -0.42 0.0807509
0.3 -0.36 0.0767921
0.3 -0.3 0.0720235
0.3 -0.24 0.066622
0.3 -0.18 0.0607791
0.3 -0.12 0.0546863
0.3 -0.06 0.0485279
0.3 9.71445e-15 0.042471
0.3 0.06 0.0366591
0.3 0.12 0.0312077
0.3 0.18 0.0262017
0.3 0.24 0.0216964
0.3 0.3 0.0177188
0.3 0.36 0.0142715
0.3 0.42 0.011337
0.3 0.48 0.00888198
0.3 0.54 0.00686293
0.3 0.6 0.00523004
0.3 0.66 0.00393082
0.3 0.72 0.00291375
0.3 0.78 0.00213015
0.3 0.84 0.00153588
0.3 0.9 0.00109219
0.36 -2.16 0.000847532
0.36 -2.1 0.00120403
0.36 -2.04 0.001687
0.36 -1.98 0.00233122
0.36 -1.92 0.00317713
0.36 -1.86 0.00427046
0.36 -1.8 0.0056612
0.36 -1.74 0.00740167
0.36 -1.68 0.00954412
0.36 -1.62 0.0121377
0.36 -1.56 0.0152239
0.36 -1.5 0.0188323
0.36 -1.44 0.0229756
0.36 -1.38 0.0276451
0.36 -1.32 0.0328069
0.36 -1.26 0.0383969
0.36 -1.2 0.0443219
0.36 -1.14 0.0504581
0.36 -1.08 0.056654
0.36 -1.02 0.0627364
0.36 -0.96 0.0685163
0.36 -0.9 0.0738014
0.36 -0.84 0.0784001
0.36 -0.78 0.0821416
0.36 -0.72 0.0848783
0.36 -0.66 0.0865006
0.36 -0.6 0.0869424
0.36 -0.54 0.086185
0.36 -0.48 0.0842601
0.36 -0.42 0.0812457
0.36 -0.36 0.0772623
0.36 -0.3 0.0724642
0.36 -0.24 0.0670298
0.36 -0.18 0.0611505
0.36 -0.12 0.0550206
0.36 -0.06 0.0488248
0.36 9.71445e-15 0.0427311
0.36 0.06 0.0368834
0.36 0.12 0.0313988
0.36 0.18 0.0263622
0.36 0.24 0.0218292
0.36 0.3 0.0178274
0.36 0.36 0.0143589
0.36 0.42 0.0114063
0.36 0.48 0.00893635
0.36 0.54 0.00690498
0.36 0.6 0.00526198
0.36 0.66 0.0039549
0.36 0.72 0.00293159
0.36 0.78 0.0021432
0.36 0.84 0.0015453
0.36 0.9 0.00109887
0.42 -2.1 0.00119476
0.42 -2.04 0.00167401
0.42 -1.98 0.00231324
0.42 -1.92 0.00315263
0.42 -1.86 0.00423757
0.42 -1.8 0.00561758
0.42 -1.74 0.00734465
0.42 -1.68 0.00947068
0.42 -1.62 0.0120442
0.42 -1.56 0.0151066
0.42 -1.5 0.0186871
0.42 -1.44 0.0227985
0.42 -1.38 0.0274323
0.42 -1.32 0.032554
0.42 -1.26 0.0381012
0.42 -1.2 0.0439804
0.42 -1.14 0.0500691
0.42 -1.08 0.0562174
0.42 -1.02 0.0622522
0.42 -0.96 0.067989
0.42 -0.9 0.0732322
0.42 -0.84 0.077796
0.42 -0.78 0.0815079
0.42 -0.72 0.0842238
0.42 -0.66 0.0858336
0.42 -0.6 0.0862724
0.42 -0.54 0.0855211
0.42 -0.48 0.0836098
0.42 -0.42 0.0806198
0.42 -0.36 0.0766669
0.42 -0.3 0.0719056
0.42 -0.24 0.0665137
0.42 -0.18 0.0606802
0.42 -0.12 0.0545971
0.42 -0.06 0.0484484
0.42 9.71445e-15 0.0424016
0.42 0.06 0.0365996
0.42 0.12 0.0311567
0.42 0.18 0.0261589
0.42 0.24 0.0216612
0.42 0.3 0.0176898
0.42 0.36 0.0142482
0.42 0.42 0.0113184
0.42 0.48 0.0088675
0.42 0.54 0.00685181
0.42 0.6 0.00522151
0.42 0.66 0.00392443
0.42 0.72 0.002909
0.42 0.78 0.0021267
0.42 0.84 0.00153338
0.42 0.9 0.0010904
0.48 -2.1 0.00116926
0.48 -2.04 0.00163827
0.48 -1.98 0.00226386
0.48 -1.92 0.00308534
0.48 -1.86 0.00414709
0.48 -1.8 0.00549761
0.48 -1.74 0.00718783
0.48 -1.68 0.00926846
0.48 -1.62 0.011787
0.48 -1.56 0.0147842
0.48 -1.5 0.0182881
0.48 -1.44 0.0223119
0.48 -1.38 0.0268468
0.48 -1.32 0.0318594
0.48 -1.26 0.0372881
0.48 -1.2 0.0430418
0.48 -1.14 0.0490002
0.48 -1.08 0.0550176
0.48 -1.02 0.060924
0.48 -0.96 0.0665371
0.48 -0.9 0.0716691
0.48 -0.84 0.076135
0.48 -0.78 0.0797689
0.48 -0.72 0.0824267
0.48 -0.66 0.0840018
0.48 -0.6 0.0844305
0.48 -0.54 0.0836957
0.48 -0.48 0.0818261
0.48 -0.42 0.0788988
0.48 -0.36 0.0750299
0.48 -0.3 0.0703712
0.48 -0.24 0.0650941
0.48 -0.18 0.0593846
0.48 -0.12 0.0534316
0.48 -0.06 0.0474144
0.48 9.71445e-15 0.0414963
0.48 0.06 0.035818
0.48 0.12 0.0304917
0.48 0.18 0.0256008
0.48 0.24 0.0211986
0.48 0.3 0.0173123
0.48 0.36 0.0139441
0.48 0.42 0.0110768
0.48 0.48 0.00867812
0.48 0.54 0.0067055
0.48 0.6 0.00511003
0.48 0.66 0.00384064
0.48 0.72 0.00284693
0.48 0.78 0.00208128
0.48 0.84 0.00150065
0.48 0.9 0.00106713
0.54 -2.1 0.00112858
0.54 -2.04 0.00158126
0.54 -1.98 0.00218508
0.54 -1.92 0.00297796
0.54 -1.86 0.0040028
0.54 -1.8 0.00530634
0.54 -1.74 0.00693775
0.54 -1.68 0.00894601
0.54 -1.62 0.0113769
0.54 -1.56 0.0142696
0.54 -1.5 0.0176518
0.54 -1.44 0.0215354
0.54 -1.38 0.0259127
0.54 -1.32 0.0307507
0.54 -1.26 0.0359903
0.54 -1.2 0.0415438
0.54 -1.14 0.0472948
0.54 -1.08 0.0531029
0.54 -1.02 0.0588041
0.54 -0.96 0.0642223
0.54 -0.9 0.0691748
0.54 -0.84 0.0734864
0.54 -0.78 0.0769932
0.54 -0.72 0.079558
0.54 -0.66 0.0810783
0.54 -0.6 0.081492
0.54 -0.54 0.0807827
0.54 -0.48 0.0789786
0.54 -0.42 0.0761536
0.54 -0.36 0.0724189
0.54 -0.3 0.0679226
0.54 -0.24 0.0628285
0.54 -0.18 0.0573185
0.54 -0.12 0.0515726
0.54 -0.06 0.0457647
0.54 9.71445e-15 0.0400525
0.54 0.06 0.0345719
0.54 0.12 0.0294306
0.54 0.18 0.0247099
0.54 0.24 0.020461
0.54 0.3 0.0167099
0.54 0.36 0.0134588
0.54 0.42 0.0106914
0.54 0.48 0.00837619
0.54 0.54 0.00647221
0.54 0.6 0.00493224
0.54 0.66 0.00370697
0.54 0.72 0.00274786
0.54 0.78 0.00200887
0.54 0.84 0.00144843
0.54 0.9 0.00103
0.6 -2.1 0.00107433
0.6 -2.04 0.00150527
0.6 -1.98 0.00208006
0.6 -1.92 0.00283483
0.6 -1.86 0.00381041
0.6 -1.8 0.00505131
0.6 -1.74 0.0066043
0.6 -1.68 0.00851603
0.6 -1.62 0.0108301
0.6 -1.56 0.0135838
0.6 -1.5 0.0168034
0.6 -1.44 0.0205004
0.6 -1.38 0.0246672
0.6 -1.32 0.0292725
0.6 -1.26 0.0342605
0.6 -1.2 0.0395472
0.6 -1.14 0.0450219
0.6 -1.08 0.0505505
0.6 -1.02 0.0559774
0.6 -0.96 0.0611357
0.6 -0.9 0.06585
0.6 -0.84 0.0699542
0.6 -0.78 0.0732922
0.6 -0.72 0.075734
0.6 -0.66 0.0771816
0.6 -0.6 0.0775757
0.6 -0.54 0.0769003
0.6 -0.48 0.0751819
0.6 -0.42 0.0724932
0.6 -0.36 0.0689385
0.6 -0.3 0.0646577
0.6 -0.24 0.059809
0.6 -0.18 0.0545636
0.6 -0.12 0.0490937
0.6 -0.06 0.0435649
0.6 9.71445e-15 0.0381274
0.6 0.06 0.0329103
0.6 0.12 0.0280161
0.6 0.18 0.0235222
0.6 0.24 0.0194776
0.6 0.3 0.0159066
0.6 0.36 0.012812
0.6 0.42 0.0101775
0.6 0.48 0.00797362
0.6 0.54 0.00616113
0.6 0.6 0.00469519
0.6 0.66 0.00352882
0.6 0.72 0.00261577
0.6 0.78 0.00191232
0.6 0.84 0.0013788
0.6 0.9 0.000980491
0.66 -2.1 0.00100863
0.66 -2.04 0.00141323
0.66 -1.98 0.00195287
0.66 -1.92 0.0026615
0.66 -1.86 0.00357742
0.66 -1.8 0.00474244
0.66 -1.74 0.00620045
0.66 -1.68 0.00799526
0.66 -1.62 0.0101679
0.66 -1.56 0.0127532
0.66 -1.5 0.0157759
0.66 -1.44 0.0192468
0.66 -1.38 0.0231587
0.66 -1.32 0.0274825
0.66 -1.26 0.0321655
0.66 -1.2 0.0371288
0.66 -1.14 0.0422691
0.66 -1.08 0.0474595
0.66 -1.02 0.0525541
0.66 -0.96 0.0573972
0.66 -0.9 0.0618237
0.66 -0.84 0.0656766
0.66 -0.78 0.0688098
0.66 -0.72 0.0711027
0.66 -0.66 0.0724621
0.66 -0.6 0.0728324
0.66 -0.54 0.072198
0.66 -0.48 0.0705846
0.66 -0.42 0.0680602
0.66 -0.36 0.0647233
0.66 -0.3 0.0607034
0.66 -0.24 0.0561516
0.66 -0.18 0.0512269
0.66 -0.12 0.0460915
0.66 -0.06 0.0409007
0.66 9.71445e-15 0.0357961
0.66 0.06 0.0308978
0.66 0.12 0.026303
0.66 0.18 0.0220837
0.66 0.24 0.0182867
0.66 0.3 0.014934
0.66 0.36 0.0120286
0.66 0.42 0.00955519
0.66 0.48 0.00748607
0.66 0.54 0.00578439
0.66 0.6 0.00440806
0.66 0.66 0.00331306
0.66 0.72 0.00245581
0.66 0.78 0.00179539
0.66 0.84 0.0012945
0.66 0.9 0.000920535
0.72 -2.1 0.000933936
0.72 -2.04 0.00130856
0.72 -1.98 0.00180825
0.72 -1.92 0.00246442
0.72 -1.86 0.00331251
0.72 -1.8 0.00439126
0.72 -1.74 0.00574127
0.72 -1.68 0.00740313
0.72 -1.62 0.00941495
0.72 -1.56 0.0118087
0.72 -1.5 0.0146077
0.72 -1.44 0.0178216
0.72 -1.38 0.0214437
0.72 -1.32 0.0254471
0.72 -1.26 0.0297834
0.72 -1.2 0.0343794
0.72 -1.14 0.039139
0.72 -1.08 0.0439447
0.72 -1.02 0.0486626
0.72 -0.96 0.0531464
0.72 -0.9 0.0572455
0.72 -0.84 0.0608133
0.72 -0.78 0.0637147
0.72 -0.72 0.0658377
0.72 -0.66 0.0670964
0.72 -0.6 0.067439
0.72 -0.54 0.0668511
0.72 -0.48 0.0653579
0.72 -0.42 0.0630198
0.72 -0.36 0.0599305
0.72 -0.3 0.0562084
0.72 -0.24 0.0519932
0.72 -0.18 0.0474331
0.72 -0.12 0.0426781
0.72 -0.06 0.0378721
0.72 9.71445e-15 0.0331453
0.72 0.06 0.0286095
0.72 0.12 0.0243553
0.72 0.18 0.0204481
0.72 0.24 0.0169324
0.72 0.3 0.0138281
0.72 0.36 0.0111379
0.72 0.42 0.00884763
0.72 0.48 0.00693171
0.72 0.54 0.00535601
0.72 0.6 0.00408162
0.72 0.66 0.00306772
0.72 0.72 0.00227394
0.72 0.78 0.00166243
0.72 0.84 0.00119864
0.72 0.9 0.000852371
0.78 -2.1 0.000852894
0.78 -2.04 0.001195
0.78 -1.98 0.00165132
0.78 -1.92 0.00225053
0.78 -1.86 0.00302503
0.78 -1.8 0.00401015
0.78 -1.74 0.00524302
0.78 -1.68 0.00676073
0.78 -1.62 0.00859786
0.78 -1.56 0.0107839
0.78 -1.5 0.0133399
0.78 -1.44 0.016275
0.78 -1.38 0.0195829
0.78 -1.32 0.023239
0.78 -1.26 0.0271988
0.78 -1.2 0.0313959
0.78 -1.14 0.0357422
0.78 -1.08 0.040131
0.78 -1.02 0.0444397
0.78 -0.96 0.0485345
0.78 -0.9 0.0522769
0.78 -0.84 0.0555357
0.78 -0.78 0.0581856
0.78 -0.72 0.060124
0.78 -0.66 0.0612733
0.78 -0.6 0.0615858
0.78 -0.54 0.0610497
0.78 -0.48 0.0596859
0.78 -0.42 0.0575511
0.78 -0.36 0.0547292
0.78 -0.3 0.0513308
0.78 -0.24 0.0474813
0.78 -0.18 0.0433171
0.78 -0.12 0.0389747
0.78 -0.06 0.0345856
0.78 9.71445e-15 0.0302687
0.78 0.06 0.0261269
0.78 0.12 0.0222416
0.78 0.18 0.0186739
0.78 0.24 0.0154629
0.78 0.3 0.0126281
0.78 0.36 0.0101712
0.78 0.42 0.00807978
0.78 0.48 0.00633012
0.78 0.54 0.00489121
0.78 0.6 0.00372743
0.78 0.66 0.00280147
0.78 0.72 0.00207662
0.78 0.78 0.00151816
0.78 0.84 0.00109461
0.78 0.9 0.000778398
0.84 -2.1 0.000768168
0.84 -2.04 0.0010763
0.84 -1.98 0.0014873
0.84 -1.92 0.00202698
0.84 -1.86 0.00272454
0.84 -1.8 0.00361182
0.84 -1.74 0.00472223
0.84 -1.68 0.00608911
0.84 -1.62 0.00774378
0.84 -1.56 0.00971269
0.84 -1.5 0.0120149
0.84 -1.44 0.0146582
0.84 -1.38 0.0176375
0.84 -1.32 0.0209305
0.84 -1.26 0.0244968
0.84 -1.2 0.0282769
0.84 -1.14 0.0321918
0.84 -1.08 0.0361448
0.84 -1.02 0.0400254
0.84 -0.96 0.0437131
0.84 -0.9 0.0470847
0.84 -0.84 0.050019
0.84 -0.78 0.0524058
0.84 -0.72 0.0541516
0.84 -0.66 0.0551866
0.84 -0.6 0.0554684
0.84 -0.54 0.0549852
0.84 -0.48 0.0537573
0.84 -0.42 0.0518343
0.84 -0.36 0.0492927
0.84 -0.3 0.0462318
0.84 -0.24 0.0427643
0.84 -0.18 0.0390138
0.84 -0.12 0.0351029
0.84 -0.06 0.03115
0.84 9.71445e-15 0.0272622
0.84 0.06 0.0235315
0.84 0.12 0.0200321
0.84 0.18 0.0168189
0.84 0.24 0.013927
0.84 0.3 0.0113738
0.84 0.36 0.00916086
0.84 0.42 0.00727717
0.84 0.48 0.00570135
0.84 0.54 0.00440535
0.84 0.6 0.00335713
0.84 0.66 0.00252319
0.84 0.72 0.00187033
0.84 0.78 0.00136735
0.84 0.84 0.000985891
0.84 0.9 0.000701073
0.9 -2.04 0.000956062
0.9 -1.98 0.00132114
0.9 -1.92 0.00180054
0.9 -1.86 0.00242015
0.9 -1.8 0.00320828
0.9 -1.74 0.00419465
0.9 -1.68 0.00540887
0.9 -1.62 0.00687866
0.9 -1.56 0.00862772
0.9 -1.5 0.0106725
0.9 -1.44 0.0130208
0.9 -1.38 0.0156671
0.9 -1.32 0.0185924
0.9 -1.26 0.0217605
0.9 -1.2 0.0251183
0.9 -1.14 0.0285955
0.9 -1.08 0.0321071
0.9 -1.02 0.0355539
0.9 -0.96 0.0388297
0.9 -0.9 0.0418245
0.9 -0.84 0.0444308
0.9 -0.78 0.0465513
0.9 -0.72 0.0481024
0.9 -0.66 0.0490216
0.9 -0.6 0.0492718
0.9 -0.54 0.048843
0.9 -0.48 0.0477519
0.9 -0.42 0.0460435
0.9 -0.36 0.0437859
0.9 -0.3 0.041067
0.9 -0.24 0.0379875
0.9 -0.18 0.0346556
0.9 -0.12 0.0311814
0.9 -0.06 0.0276699
0.9 9.71445e-15 0.0242163
0.9 0.06 0.0209026
0.9 0.12 0.0177943
0.9 0.18 0.0149401
0.9 0.24 0.012371
0.9 0.3 0.010103
0.9 0.36 0.00813748
0.9 0.42 0.00646417
0.9 0.48 0.00506435
0.9 0.54 0.00391318
0.9 0.6 0.00298211
0.9 0.66 0.00224131
0.9 0.72 0.00166141
0.9 0.78 0.00121459
0.9 0.84 0.000875747
0.96 -2.04 0.000837577
0.96 -1.98 0.00115742
0.96 -1.92 0.00157741
0.96 -1.86 0.00212026
0.96 -1.8 0.00281074
0.96 -1.74 0.00367484
0.96 -1.68 0.0047386
0.96 -1.62 0.00602628
0.96 -1.56 0.00755845
0.96 -1.5 0.00935002
0.96 -1.44 0.0114072
0.96 -1.38 0.0137257
0.96 -1.32 0.0162882
0.96 -1.26 0.0190637
0.96 -1.2 0.0220055
0.96 -1.14 0.0250519
0.96 -1.08 0.0281278
0.96 -1.02 0.0311479
0.96 -0.96 0.0340178
0.96 -0.9 0.0366412
0.96 -0.84 0.0389252
0.96 -0.78 0.0407825
0.96 -0.72 0.0421411
0.96 -0.66 0.0429468
0.96 -0.6 0.0431659
0.96 -0.54 0.0427897
0.96 -0.48 0.0418341
0.96 -0.42 0.0403375
0.96 -0.36 0.03836
0.96 -0.3 0.0359779
0.96 -0.24 0.0332797
0.96 -0.18 0.030361
0.96 -0.12 0.0273174
0.96 -0.06 0.0242411
0.96 9.71445e-15 0.0212155
0.96 0.06 0.0183123
0.96 0.12 0.0155892
0.96 0.18 0.0130885
0.96 0.24 0.010838
0.96 0.3 0.00885107
0.96 0.36 0.00712907
0.96 0.42 0.00566316
0.96 0.48 0.00443682
0.96 0.54 0.00342824
0.96 0.6 0.00261256
0.96 0.66 0.00196357
0.96 0.72 0.00145551
0.96 0.78 0.00106408
0.96 0.84 0.000767219
1.02 -2.04 0.000723696
1.02 -1.98 0.00100005
1.02 -1.92 0.00136294
1.02 -1.86 0.00183197
1.02 -1.8 0.00242855
1.02 -1.74 0.00317518
1.02 -1.68 0.00409425
1.02 -1.62 0.0052069
1.02 -1.56 0.00653077
1.02 -1.5 0.00807872
1.02 -1.44 0.0098562
1.02 -1.38 0.0118593
1.02 -1.32 0.0140736
1.02 -1.26 0.0164717
1.02 -1.2 0.0190135
1.02 -1.14 0.0216458
1.02 -1.08 0.0243036
1.02 -1.02 0.0269129
1.02 -0.96 0.0293923
1.02 -0.9 0.0316596
1.02 -0.84 0.0336324
1.02 -0.78 0.0352375
1.02 -0.72 0.0364116
1.02 -0.66 0.0371075
1.02 -0.6 0.037297
1.02 -0.54 0.0369719
1.02 -0.48 0.0361463
1.02 -0.42 0.0348528
1.02 -0.36 0.0331444
1.02 -0.3 0.031086
1.02 -0.24 0.0287548
1.02 -0.18 0.0262326
1.02 -0.12 0.0236029
1.02 -0.06 0.020945
1.02 9.71445e-15 0.0183309
1.02 0.06 0.0158223
1.02 0.12 0.0134696
1.02 0.18 0.0113089
1.02 0.24 0.00936438
1.02 0.3 0.00764766
1.02 0.36 0.00615977
1.02 0.42 0.00489314
1.02 0.48 0.00383353
1.02 0.54 0.00296211
1.02 0.6 0.00225732
1.02 0.66 0.00169659
1.02 0.72 0.00125761
1.02 0.78 0.000919395
1.02 0.84 0.00066291
1.08 -1.98 0.000852204
1.08 -1.92 0.00116143
1.08 -1.86 0.00156113
1.08 -1.8 0.00206953
1.08 -1.74 0.00270577
1.08 -1.68 0.00348897
1.08 -1.62 0.00443709
1.08 -1.56 0.00556522
1.08 -1.5 0.00688437
1.08 -1.44 0.00839895
1.08 -1.38 0.010106
1.08 -1.32 0.0119929
1.08 -1.26 0.0140364
1.08 -1.2 0.0162023
1.08 -1.14 0.0184454
1.08 -1.08 0.0207104
1.08 -1.02 0.022934
1.08 -0.96 0.025047
1.08 -0.9 0.0269789
1.08 -0.84 0.0286602
1.08 -0.78 0.0300278
1.08 -0.72 0.0310281
1.08 -0.66 0.0316211
1.08 -0.6 0.0317826
1.08 -0.54 0.0315057
1.08 -0.48 0.0308022
1.08 -0.42 0.0297003
1.08 -0.36 0.0282441
1.08 -0.3 0.0264902
1.08 -0.24 0.0245033
1.08 -0.18 0.0223544
1.08 -0.12 0.0201135
1.08 -0.06 0.0178485
1.08 9.71445e-15 0.0156209
1.08 0.06 0.0134832
1.08 0.12 0.0114782
1.08 0.18 0.00963697
1.08 0.24 0.00797996
1.08 0.3 0.00651701
1.08 0.36 0.00524904
1.08 0.42 0.00416973
1.08 0.48 0.0032668
1.08 0.54 0.0025242
1.08 0.6 0.00192359
1.08 0.66 0.00144575
1.08 0.72 0.00107168
1.08 0.78 0.000783475
1.08 0.84 0.000564902
1.14 -1.98 0.000716227
1.14 -1.92 0.000976123
1.14 -1.86 0.00131204
1.14 -1.8 0.00173932
1.14 -1.74 0.00227405
1.14 -1.68 0.00293228
1.14 -1.62 0.00372914
1.14 -1.56 0.00467726
1.14 -1.5 0.00578591
1.14 -1.44 0.0070589
1.14 -1.38 0.00849356
1.14 -1.32 0.0100793
1.14 -1.26 0.0117968
1.14 -1.2 0.0136172
1.14 -1.14 0.0155025
1.14 -1.08 0.0174059
1.14 -1.02 0.0192747
1.14 -0.96 0.0210506
1.14 -0.9 0.0226742
1.14 -0.84 0.0240874
1.14 -0.78 0.0252366
1.14 -0.72 0.0260774
1.14 -0.66 0.026576
1.14 -0.6 0.0267117
1.14 -0.54 0.0264788
1.14 -0.48 0.0258874
1.14 -0.42 0.0249614
1.14 -0.36 0.0237377
1.14 -0.3 0.0222635
1.14 -0.24 0.0205938
1.14 -0.18 0.0187876
1.14 -0.12 0.0169043
1.14 -0.06 0.0150007
1.14 9.71445e-15 0.0131284
1.14 0.06 0.0113319
1.14 0.12 0.0096468
1.14 0.18 0.00809927
1.14 0.24 0.00670672
1.14 0.3 0.00547715
1.14 0.36 0.00441156
1.14 0.42 0.00350443
1.14 0.48 0.00274556
1.14 0.54 0.00212145
1.14 0.6 0.00161668
1.14 0.66 0.00121508
1.14 0.72 0.000900678
1.14 0.78 0.000658467
1.14 0.84 0.000474766
1.2 -1.98 0.00059367
1.2 -1.92 0.000809101
1.2 -1.86 0.00108754
1.2 -1.8 0.0014417
1.2 -1.74 0.00188493
1.2 -1.68 0.00243055
1.2 -1.62 0.00309105
1.2 -1.56 0.00387695
1.2 -1.5 0.00479587
1.2 -1.44 0.00585108
1.2 -1.38 0.00704025
1.2 -1.32 0.00835468
1.2 -1.26 0.00977833
1.2 -1.2 0.0112872
1.2 -1.14 0.0128499
1.2 -1.08 0.0144276
1.2 -1.02 0.0159766
1.2 -0.96 0.0174486
1.2 -0.9 0.0187945
1.2 -0.84 0.0199658
1.2 -0.78 0.0209184
1.2 -0.72 0.0216155
1.2 -0.66 0.0220287
1.2 -0.6 0.0221411
1.2 -0.54 0.0219481
1.2 -0.48 0.0214579
1.2 -0.42 0.0206901
1.2 -0.36 0.019676
1.2 -0.3 0.0184539
1.2 -0.24 0.0170701
1.2 -0.18 0.015573
1.2 -0.12 0.0140118
1.2 -0.06 0.0124339
1.2 9.71445e-15 0.010882
1.2 0.06 0.00939286
1.2 0.12 0.00799617
1.2 0.18 0.00671344
1.2 0.24 0.00555912
1.2 0.3 0.00453995
1.2 0.36 0.00365671
1.2 0.42 0.00290479
1.2 0.48 0.00227577
1.2 0.54 0.00175844
1.2 0.6 0.00134005
1.2 0.66 0.00100717
1.2 0.72 0.000746569
1.2 0.78 0.000545795
1.26 -1.92 0.000661436
1.26 -1.86 0.00088906
1.26 -1.8 0.00117858
1.26 -1.74 0.00154092
1.26 -1.68 0.00198698
1.26 -1.62 0.00252692
1.26 -1.56 0.00316942
1.26 -1.5 0.00392059
1.26 -1.44 0.00478324
1.26 -1.38 0.0057554
1.26 -1.32 0.00682997
1.26 -1.26 0.0079938
1.26 -1.2 0.0092273
1.26 -1.14 0.0105047
1.26 -1.08 0.0117946
1.26 -1.02 0.0130608
1.26 -0.96 0.0142643
1.26 -0.9 0.0153643
1.26 -0.84 0.016322
1.26 -0.78 0.0171007
1.26 -0.72 0.0176706
1.26 -0.66 0.0180083
1.26 -0.6 0.0181002
1.26 -0.54 0.0179426
1.26 -0.48 0.0175418
1.26 -0.42 0.0169142
1.26 -0.36 0.016085
1.26 -0.3 0.0150861
1.26 -0.24 0.0139548
1.26 -0.18 0.0127309
1.26 -0.12 0.0114546
1.26 -0.06 0.0101647
1.26 9.71445e-15 0.00889597
1.26 0.06 0.00767869
1.26 0.12 0.00653683
1.26 0.18 0.00548826
1.26 0.24 0.00454455
1.26 0.3 0.00371139
1.26 0.36 0.00298934
1.26 0.42 0.00237465
1.26 0.48 0.00186042
1.26 0.54 0.00143752
1.26 0.6 0.00109549
1.26 0.66 0.000823357
1.26 0.72 0.000610321
1.26 0.78 0.000446186
1.32 -1.92 0.000533289
1.32 -1.86 0.000716813
1.32 -1.8 0.00095025
1.32 -1.74 0.00124239
1.32 -1.68 0.00160202
1.32 -1.62 0.00203735
1.32 -1.56 0.00255537
1.32 -1.5 0.00316104
1.32 -1.44 0.0038565
1.32 -1.38 0.00464034
1.32 -1.32 0.00550671
1.32 -1.26 0.00644505
1.32 -1.2 0.00743955
1.32 -1.14 0.00846953
1.32 -1.08 0.00950954
1.32 -1.02 0.0105303
1.32 -0.96 0.0115008
1.32 -0.9 0.0123877
1.32 -0.84 0.0131597
1.32 -0.78 0.0137875
1.32 -0.72 0.014247
1.32 -0.66 0.0145193
1.32 -0.6 0.0145936
1.32 -0.54 0.0144664
1.32 -0.48 0.0141431
1.32 -0.42 0.0136373
1.32 -0.36 0.0129687
1.32 -0.3 0.0121632
1.32 -0.24 0.0112512
1.32 -0.18 0.0102644
1.32 -0.12 0.00923542
1.32 -0.06 0.00819533
1.32 9.71445e-15 0.00717251
1.32 0.06 0.00619104
1.32 0.12 0.00527037
1.32 0.18 0.00442495
1.32 0.24 0.00366412
1.32 0.3 0.00299234
1.32 0.36 0.00241018
1.32 0.42 0.00191459
1.32 0.48 0.00149999
1.32 0.54 0.00115903
1.32 0.6 0.000883251
1.32 0.66 0.000663843
1.32 0.72 0.000492075
1.32 0.78 0.000359745
1.38 -1.86 0.000569997
1.38 -1.8 0.000755621
1.38 -1.74 0.000987921
1.38 -1.68 0.00127389
1.38 -1.62 0.00162007
1.38 -1.56 0.00203196
1.38 -1.5 0.0025136
1.38 -1.44 0.00306663
1.38 -1.38 0.00368992
1.38 -1.32 0.00437882
1.38 -1.26 0.00512495
1.38 -1.2 0.0059158
1.38 -1.14 0.00673478
1.38 -1.08 0.00756167
1.38 -1.02 0.00837361
1.38 -0.96 0.0091451
1.38 -0.9 0.00985039
1.38 -0.84 0.0104644
1.38 -0.78 0.0109637
1.38 -0.72 0.0113289
1.38 -0.66 0.0115455
1.38 -0.6 0.0116044
1.38 -0.54 0.0115033
1.38 -0.48 0.0112464
1.38 -0.42 0.010844
1.38 -0.36 0.0103124
1.38 -0.3 0.00967205
1.38 -0.24 0.00894668
1.38 -0.18 0.00816204
1.38 -0.12 0.00734383
1.38 -0.06 0.00651683
1.38 9.71445e-15 0.00570345
1.38 0.06 0.00492295
1.38 0.12 0.0041909
1.38 0.18 0.00351862
1.38 0.24 0.00291362
1.38 0.3 0.00237947
1.38 0.36 0.00191653
1.38 0.42 0.00152245
1.38 0.48 0.00119277
1.38 0.54 0.000921627
1.38 0.6 0.000702343
1.38 0.66 0.000527872
1.38 0.72 0.000391288
1.44 -1.86 0.000447014
1.44 -1.8 0.000592592
1.44 -1.74 0.000774779
1.44 -1.68 0.000999047
1.44 -1.62 0.00127052
1.44 -1.56 0.00159358
1.44 -1.5 0.00197129
1.44 -1.44 0.00240497
1.44 -1.38 0.0028938
1.44 -1.32 0.0034341
1.44 -1.26 0.00401924
1.44 -1.2 0.00463941
1.44 -1.14 0.00528173
1.44 -1.08 0.00593032
1.44 -1.02 0.00656696
1.44 -0.96 0.00717205
1.44 -0.9 0.00772521
1.44 -0.84 0.00820659
1.44 -0.78 0.00859821
1.44 -0.72 0.00888466
1.44 -0.66 0.00905447
1.44 -0.6 0.00910074
1.44 -0.54 0.0090215
1.44 -0.48 0.00881996
1.44 -0.42 0.0085045
1.44 -0.36 0.00808746
1.44 -0.3 0.00758525
1.44 -0.24 0.00701642
1.44 -0.18 0.00640103
1.44 -0.12 0.00575937
1.44 -0.06 0.00511076
1.44 9.71445e-15 0.00447291
1.44 0.06 0.00386083
1.44 0.12 0.00328667
1.44 0.18 0.0027595
1.44 0.24 0.002285
1.44 0.3 0.0018661
1.44 0.36 0.00150302
1.44 0.42 0.00119396
1.44 0.48 0.000935421
1.44 0.54 0.000722788
1.44 0.6 0.000550807
1.44 0.66 0.000413981
1.44 0.72 0.000306869
1.5 -1.8 0.000458348
1.5 -1.74 0.000599261
1.5 -1.68 0.000772732
1.5 -1.62 0.000982714
1.5 -1.56 0.00123258
1.5 -1.5 0.00152471
1.5 -1.44 0.0018602
1.5 -1.38 0.00223826
1.5 -1.32 0.00265617
1.5 -1.26 0.00310878
1.5 -1.2 0.00358849
1.5 -1.14 0.00408526
1.5 -1.08 0.00458691
1.5 -1.02 0.00507934
1.5 -0.96 0.00554735
1.5 -0.9 0.00597517
1.5 -0.84 0.00634757
1.5 -0.78 0.00665047
1.5 -0.72 0.00687207
1.5 -0.66 0.00700342
1.5 -0.6 0.00703913
1.5 -0.54 0.00697786
1.5 -0.48 0.00682199
1.5 -0.42 0.0065779
1.5 -0.36 0.00625543
1.5 -0.3 0.00586695
1.5 -0.24 0.00542702
1.5 -0.18 0.00495103
1.5 -0.12 0.00445469
1.5 -0.06 0.00395302
1.5 9.71445e-15 0.00345962
1.5 0.06 0.00298623
1.5 0.12 0.00254216
1.5 0.18 0.00213438
1.5 0.24 0.00176737
1.5 0.3 0.00144336
1.5 0.36 0.00116255
1.5 0.42 0.000923498
1.5 0.48 0.000723514
1.5 0.54 0.00055905
1.5 0.6 0.000426035
1.5 0.66 0.000320202
1.56 -1.8 0.000349648
1.56 -1.74 0.000457141
1.56 -1.68 0.000589468
1.56 -1.62 0.00074965
1.56 -1.56 0.00094025
1.56 -1.5 0.00116312
1.56 -1.44 0.00141901
1.56 -1.38 0.00170744
1.56 -1.32 0.00202622
1.56 -1.26 0.00237147
1.56 -1.2 0.0027374
1.56 -1.14 0.00311637
1.56 -1.08 0.00349903
1.56 -1.02 0.00387473
1.56 -0.96 0.00423171
1.56 -0.9 0.00455809
1.56 -0.84 0.00484218
1.56 -0.78 0.00507325
1.56 -0.72 0.00524225
1.56 -0.66 0.00534243
1.56 -0.6 0.00536969
1.56 -0.54 0.0053229
1.56 -0.48 0.00520407
1.56 -0.42 0.00501787
1.56 -0.36 0.00477186
1.56 -0.3 0.00447556
1.56 -0.24 0.00413989
1.56 -0.18 0.00377681
1.56 -0.12 0.00339821
1.56 -0.06 0.00301553
1.56 9.71445e-15 0.00263916
1.56 0.06 0.002278
1.56 0.12 0.00193925
1.56 0.18 0.00162818
1.56 0.24 0.00134822
1.56 0.3 0.00110105
1.56 0.36 0.000886831
1.56 0.42 0.000704479
1.56 0.48 0.000551928
1.56 0.54 0.000426464
1.56 0.6 0.000324994
1.56 0.66 0.000244261
1.62 -1.74 0.000343931
1.62 -1.68 0.000443485
1.62 -1.62 0.000564003
1.62 -1.56 0.000707399
1.62 -1.5 0.00087507
1.62 -1.44 0.0010676
1.62 -1.38 0.00128458
1.62 -1.32 0.00152442
1.62 -1.26 0.00178418
1.62 -1.2 0.0020595
1.62 -1.14 0.00234463
1.62 -1.08 0.00263251
1.62 -1.02 0.00291513
1.62 -0.96 0.00318373
1.62 -0.9 0.0034293
1.62 -0.84 0.00364302
1.62 -0.78 0.00381683
1.62 -0.72 0.00394402
1.62 -0.66 0.00401942
1.62 -0.6 0.00403994
1.62 -0.54 0.00400472
1.62 -0.48 0.00391528
1.62 -0.42 0.00377519
1.62 -0.36 0.00359014
1.62 -0.3 0.00336716
1.62 -0.24 0.00311466
1.62 -0.18 0.00284148
1.62 -0.12 0.00255663
1.62 -0.06 0.00226873
1.62 9.71445e-15 0.00198557
1.62 0.06 0.00171385
1.62 0.12 0.00145901
1.62 0.18 0.00122495
1.62 0.24 0.00101434
1.62 0.3 0.000828374
1.62 0.36 0.000667214
1.62 0.42 0.000530018
1.62 0.48 0.000415244
1.62 0.54 0.000320852
1.62 0.6 0.00024451
1.68 -1.74 0.000255199
1.68 -1.68 0.000329067
1.68 -1.62 0.000418494
1.68 -1.56 0.000524898
1.68 -1.5 0.000649312
1.68 -1.44 0.000792172
1.68 -1.38 0.00095317
1.68 -1.32 0.00113114
1.68 -1.26 0.00132388
1.68 -1.2 0.00152817
1.68 -1.14 0.00173974
1.68 -1.08 0.00195335
1.68 -1.02 0.00216307
1.68 -0.96 0.00236234
1.68 -0.9 0.00254458
1.68 -0.84 0.00270314
1.68 -0.78 0.00283214
1.68 -0.72 0.00292651
1.68 -0.66 0.00298244
1.68 -0.6 0.00299767
1.68 -0.54 0.00297154
1.68 -0.48 0.00290519
1.68 -0.42 0.00280123
1.68 -0.36 0.00266391
1.68 -0.3 0.00249848
1.68 -0.24 0.00231111
1.68 -0.18 0.00210839
1.68 -0.12 0.00189704
1.68 -0.06 0.00168342
1.68 9.71445e-15 0.00147331
1.68 0.06 0.00127169
1.68 0.12 0.00108259
1.68 0.18 0.000908931
1.68 0.24 0.000752643
1.68 0.3 0.000614666
1.68 0.36 0.000495079
1.68 0.42 0.000393276
1.68 0.48 0.000308113
1.68 0.54 0.000238074
1.68 0.6 0.000181427
1.74 -1.68 0.000240817
1.74 -1.62 0.000306257
1.74 -1.56 0.000384125
1.74 -1.5 0.000475174
1.74 -1.44 0.000579718
1.74 -1.38 0.000697545
1.74 -1.32 0.000827781
1.74 -1.26 0.00096883
1.74 -1.2 0.00111833
1.74 -1.14 0.00127315
1.74 -1.08 0.00142948
1.74 -1.02 0.00158296
1.74 -0.96 0.00172879
1.74 -0.9 0.00186215
1.74 -0.84 0.00197819
1.74 -0.78 0.0020726
1.74 -0.72 0.00214165
1.74 -0.66 0.00218258
1.74 -0.6 0.00219371
1.74 -0.54 0.00217459
1.74 -0.48 0.00212605
1.74 -0.42 0.00204997
1.74 -0.36 0.00194947
1.74 -0.3 0.00182842
1.74 -0.24 0.00169129
1.74 -0.18 0.00154295
1.74 -0.12 0.00138828
1.74 -0.06 0.00123195
1.74 9.71445e-15 0.00107819
1.74 0.06 0.000930636
1.74 0.12 0.00079225
1.74 0.18 0.000665168
1.74 0.24 0.000550791
1.74 0.3 0.000449819
1.74 0.36 0.000362303
1.74 0.42 0.000287803
1.74 0.48 0.000225481
1.74 0.54 0.000174225
1.8 -1.62 0.000221041
1.8 -1.56 0.000277244
1.8 -1.5 0.000342956
1.8 -1.44 0.000418411
1.8 -1.38 0.000503456
1.8 -1.32 0.000597454
1.8 -1.26 0.000699255
1.8 -1.2 0.000807153
1.8 -1.14 0.000918894
1.8 -1.08 0.00103173
1.8 -1.02 0.0011425
1.8 -0.96 0.00124777
1.8 -0.9 0.001344
1.8 -0.84 0.00142776
1.8 -0.78 0.0014959
1.8 -0.72 0.00154573
1.8 -0.66 0.00157527
1.8 -0.6 0.0015833
1.8 -0.54 0.00156952
1.8 -0.48 0.00153448
1.8 -0.42 0.00147958
1.8 -0.36 0.00140702
1.8 -0.3 0.00131967
1.8 -0.24 0.00122069
1.8 -0.18 0.00111363
1.8 -0.12 0.001002
1.8 -0.06 0.000889161
1.8 9.71445e-15 0.00077818
1.8 0.06 0.000671693
1.8 0.12 0.000571805
1.8 0.18 0.000480088
1.8 0.24 0.000397533
1.8 0.3 0.000324656
1.8 0.36 0.000261491
1.8 0.42 0.000207722
1.8 0.48 0.000162741
1.86 -1.62 0.000157343
1.86 -1.56 0.000197351
1.86 -1.5 0.000244127
1.86 -1.44 0.000297836
1.86 -1.38 0.000358374
1.86 -1.32 0.000425286
1.86 -1.26 0.000497751
1.86 -1.2 0.000574554
1.86 -1.14 0.000654096
1.86 -1.08 0.000734421
1.86 -1.02 0.000813264
1.86 -0.96 0.0008882
1.86 -0.9 0.000956702
1.86 -0.84 0.00101632
1.86 -0.78 0.00106482
1.86 -0.72 0.0011003
1.86 -0.66 0.00112132
1.86 -0.6 0.00112705
1.86 -0.54 0.00111724
1.86 -0.48 0.00109228
1.86 -0.42 0.00105321
1.86 -0.36 0.00100156
1.86 -0.3 0.000939374
1.86 -0.24 0.000868927
1.86 -0.18 0.000792717
1.86 -0.12 0.000713252
1.86 -0.06 0.000632929
1.86 9.71445e-15 0.000553932
1.86 0.06 0.000478132
1.86 0.12 0.000407026
1.86 0.18 0.000341741
1.86 0.24 0.000282978
1.86 0.3 0.0002311
1.86 0.36 0.000186136
1.86 0.42 0.000147862
1.86 0.48 0.000115844
1.92 -1.56 0.000138549
1.92 -1.5 0.000171389
1.92 -1.44 0.000209097
1.92 -1.38 0.000251594
1.92 -1.32 0.000298569
1.92 -1.26 0.000349443
1.92 -1.2 0.000403366
1.92 -1.14 0.00045921
1.92 -1.08 0.000515595
1.92 -1.02 0.000570952
1.92 -0.96 0.00062355
1.92 -0.9 0.000671652
1.92 -0.84 0.000713505
1.92 -0.78 0.000747557
1.92 -0.72 0.000772463
1.92 -0.66 0.000787227
1.92 -0.6 0.000791245
1.92 -0.54 0.00078435
1.92 -0.48 0.000766837
1.92 -0.42 0.000739398
1.92 -0.36 0.000703149
1.92 -0.3 0.000659485
1.92 -0.24 0.000610026
1.92 -0.18 0.000556518
1.92 -0.12 0.000500733
1.92 -0.06 0.000444346
1.92 9.71445e-15 0.000388887
1.92 0.06 0.000335667
1.92 0.12 0.000285754
1.92 0.18 0.000239916
1.92 0.24 0.000198663
1.92 0.3 0.000162244
1.92 0.36 0.000130678
1.92 0.42 0.000103806
1.98 -1.5 0.000118668
1.98 -1.44 0.000144778
1.98 -1.38 0.000174203
1.98 -1.32 0.000206729
1.98 -1.26 0.000241955
1.98 -1.2 0.00027929
1.98 -1.14 0.000317953
1.98 -1.08 0.000356998
1.98 -1.02 0.000395322
1.98 -0.96 0.000431749
1.98 -0.9 0.000465047
1.98 -0.84 0.000494027
1.98 -0.78 0.000517602
1.98 -0.72 0.000534849
1.98 -0.66 0.000545071
1.98 -0.6 0.000547854
1.98 -0.54 0.000543085
1.98 -0.48 0.000530952
1.98 -0.42 0.000511955
1.98 -0.36 0.000486856
1.98 -0.3 0.000456622
1.98 -0.24 0.000422383
1.98 -0.18 0.000385336
1.98 -0.12 0.000346706
1.98 -0.06 0.000307661
1.98 9.71445e-15 0.00026926
1.98 0.06 0.000232417
1.98 0.12 0.000197855
1.98 0.18 0.000166118
1.98 0.24 0.000137554
1.98 0.3 0.000112336
1.98 0.36 9.04805e-05
2.04 -1.44 9.88657e-05
2.04 -1.38 0.00011896
2.04 -1.32 0.00014117
2.04 -1.26 0.000165225
2.04 -1.2 0.000190721
2.04 -1.14 0.000217124
2.04 -1.08 0.000243783
2.04 -1.02 0.000269959
2.04 -0.96 0.000294831
2.04 -0.9 0.000317569
2.04 -0.84 0.000337364
2.04 -0.78 0.000353461
2.04 -0.72 0.000365236
2.04 -0.66 0.000372218
2.04 -0.6 0.000374118
2.04 -0.54 0.000370857
2.04 -0.48 0.000362575
2.04 -0.42 0.000349603
2.04 -0.36 0.000332465
2.04 -0.3 0.000311819
2.04 -0.24 0.000288434
2.04 -0.18 0.000263138
2.04 -0.12 0.000236759
2.04 -0.06 0.000210097
2.04 9.71445e-15 0.000183875
2.04 0.06 0.000158712
2.04 0.12 0.000135111
2.04 0.18 0.000113438
2.04 0.24 9.39328e-05
2.04 0.3 7.67121e-05
2.04 0.36 6.17874e-05
2.1 -1.38 8.01177e-05
2.1 -1.32 9.50769e-05
2.1 -1.26 0.000111277
2.1 -1.2 0.000128449
2.1 -1.14 0.000146232
2.1 -1.08 0.000164188
2.1 -1.02 0.000181815
2.1 -0.96 0.000198565
2.1 -0.9 0.000213883
2.1 -0.84 0.000227209
2.1 -0.78 0.000238053
2.1 -0.72 0.000245984
2.1 -0.66 0.000250686
2.1 -0.6 0.000251966
2.1 -0.54 0.000249771
2.1 -0.48 0.000244193
2.1 -0.42 0.000235456
2.1 -0.36 0.000223913
2.1 -0.3 0.000210007
2.1 -0.24 0.000194258
2.1 -0.18 0.000177219
2.1 -0.12 0.000159454
2.1 -0.06 0.000141498
2.1 9.71445e-15 0.000123838
2.1 0.06 0.000106891
2.1 0.12 9.09963e-05
2.1 0.18 7.63998e-05
2.1 0.24 6.32628e-05
2.1 0.3 5.16652e-05
2.16 -1.32 6.31533e-05
2.16 -1.26 7.39142e-05
2.16 -1.2 8.53195e-05
2.16 -1.14 9.71318e-05
2.16 -1.08 0.000109059
2.16 -1.02 0.000120767
2.16 -0.96 0.000131896
2.16 -0.9 0.000142067
2.16 -0.84 0.000150921
2.16 -0.78 0.000158122
2.16 -0.72 0.000163389
2.16 -0.66 0.000166513
2.16 -0.6 0.000167364
2.16 -0.54 0.000165906
2.16 -0.48 0.000162199
2.16 -0.42 0.000156399
2.16 -0.36 0.00014873
2.16 -0.3 0.000139494
2.16 -0.24 0.000129033
2.16 -0.18 0.000117717
2.16 -0.12 0.000105916
2.16 -0.06 9.39877e-05
2.16 9.71445e-15 8.22576e-05
2.16 0.06 7.10015e-05
2.16 0.12 6.04427e-05
2.16 0.18 5.07473e-05
2.16 0.24 4.20217e-05
2.22 -1.26 4.84219e-05
2.22 -1.2 5.58936e-05
2.22 -1.14 6.36317e-05
2.22 -1.08 7.14455e-05
2.22 -1.02 7.91147e-05
2.22 -0.96 8.64052e-05
2.22 -0.9 9.30693e-05
2.22 -0.84 9.88686e-05
2.22 -0.78 0.000103586
2.22 -0.72 0.000107038
2.22 -0.66 0.000109084
2.22 -0.6 0.000109641
2.22 -0.54 0.000108687
2.22 -0.48 0.000106258
2.22 -0.42 0.000102457
2.22 -0.36 9.7434e-05
2.22 -0.3 9.13826e-05
2.22 -0.24 8.45306e-05
2.22 -0.18 7.71166e-05
2.22 -0.12 6.93856e-05
2.22 -0.06 6.15714e-05
2.22 9.71445e-15 5.38868e-05
2.22 0.06 4.65132e-05
2.22 0.12 3.95963e-05
2.22 0.18 3.32449e-05
2.28 -1.2 3.61127e-05
2.28 -1.14 4.11124e-05
2.28 -1.08 4.61609e-05
2.28 -1.02 5.11163e-05
2.28 -0.96 5.5826e-05
2.28 -0.9 6.01321e-05
2.28 -0.84 6.38787e-05
2.28 -0.78 6.69273e-05
2.28 -0.72 6.91572e-05
2.28 -0.66 7.0479e-05
2.28 -0.6 7.08392e-05
2.28 -0.54 7.02224e-05
2.28 -0.48 6.86534e-05
2.28 -0.42 6.61977e-05
2.28 -0.36 6.29519e-05
2.28 -0.3 5.90425e-05
2.28 -0.24 5.46151e-05
2.28 -0.18 4.98247e-05
2.28 -0.12 4.483e-05
2.28 -0.06 3.97814e-05
2.28 9.71445e-15 3.48164e-05
2.28 0.06 3.0052e-05
2.28 0.12 2.55831e-05
2.34 -1.08 2.94145e-05
2.34 -1.02 3.25724e-05
2.34 -0.96 3.55735e-05
2.34 -0.9 3.83173e-05
2.34 -0.84 4.07051e-05
2.34 -0.78 4.26475e-05
2.34 -0.72 4.40683e-05
2.34 -0.66 4.49106e-05
2.34 -0.6 4.514e-05
2.34 -0.54 4.47468e-05
2.34 -0.48 4.37474e-05
2.34 -0.42 4.21825e-05
2.34 -0.36 4.01141e-05
2.34 -0.3 3.76231e-05
2.34 -0.24 3.48015e-05
2.34 -0.18 3.17492e-05
2.34 -0.12 2.85665e-05
2.34 -0.06 2.53496e-05
2.34 9.71445e-15 2.21858e-05
2.34 0.06 1.91498e-05
2.4 -1.02 2.04705e-05
2.4 -0.96 2.23564e-05
2.4 -0.9 2.40809e-05
2.4 -0.84 2.55816e-05
2.4 -0.78 2.68024e-05
2.4 -0.72 2.76953e-05
2.4 -0.66 2.82246e-05
2.4 -0.6 2.83686e-05
2.4 -0.54 2.81214e-05
2.4 -0.48 2.74936e-05
2.4 -0.42 2.65098e-05
2.4 -0.36 2.52101e-05
2.4 -0.3 2.36448e-05
2.4 -0.24 2.18714e-05
2.4 -0.18 1.99531e-05
2.4 -0.12 1.7953e-05
2.4 -0.06 1.59313e-05
2.46 -0.9 1.49258e-05
2.46 -0.84 1.58559e-05
2.46 -0.78 1.66127e-05
2.46 -0.72 1.71661e-05
2.46 -0.66 1.74942e-05
2.46 -0.6 1.75834e-05
2.46 -0.54 1.74304e-05
2.46 -0.48 1.70411e-05
2.46 -0.42 1.64315e-05
2.46 -0.36 1.56257e-05
2.46 -0.3 1.46555e-05
2.46 -0.24 1.35565e-05
2.46 -0.18 1.23674e-05
2.46 -0.12 1.11277e-05
2.52 -0.84 9.69279e-06
2.52 -0.78 1.01553e-05
2.52 -0.72 1.04937e-05
2.52 -0.66 1.06943e-05
2.52 -0.6 1.07489e-05
2.52 -0.54 1.06552e-05
2.52 -0.48 1.04173e-05
2.52 -0.42 1.00445e-05
2.52 -0.36 9.55213e-06
2.52 -0.3 8.95888e-06
2.52 -0.24 8.28704e-06
2.52 -0.18 7.56018e-06
2.58 -0.72 6.32661e-06
2.58 -0.66 6.44753e-06
2.58 -0.6 6.48046e-06
2.58 -0.54 6.42404e-06
2.58 -0.48 6.28049e-06
2.58 -0.42 6.05587e-06
2.58 -0.36 5.75892e-06
2.58 -0.3 5.40131e-06
2.64 -0.6 3.85335e-06
2.64 -0.54 3.81978e-06
2.64 -0.48 3.7345e-06
2.64 -0.42 3.60087e-06
2.64 -0.36 3.42433e-06
