2471 0.06 0.06 0.0612268 -12 -12
-0.24 0.06 2.89415e-05
-0.24 0.12 2.55147e-05
-0.24 0.18 2.21843e-05
-0.24 0.24 1.90233e-05
-0.24 0.3 1.60888e-05
-0.24 0.36 1.34198e-05
-0.24 0.42 1.10398e-05
-0.24 0.48 8.957e-06
-0.24 0.54 7.16728e-06
-0.24 0.6 5.65632e-06
-0.24 0.66 4.40253e-06
-0.24 0.72 3.37957e-06
-0.24 0.78 2.55862e-06
-0.18 -0.18 6.36593e-05
-0.18 -0.12 5.93168e-05
-0.18 -0.06 5.451e-05
-0.18 9.71445e-15 4.94045e-05
-0.18 0.06 4.41617e-05
-0.18 0.12 3.89326e-05
-0.18 0.18 3.38506e-05
-0.18 0.24 2.90277e-05
-0.18 0.3 2.455e-05
-0.18 0.36 2.04772e-05
-0.18 0.42 1.68456e-05
-0.18 0.48 1.36674e-05
-0.18 0.54 1.09365e-05
-0.18 0.6 8.63094e-06
-0.18 0.66 6.7178e-06
-0.18 0.72 5.15684e-06
-0.18 0.78 3.90414e-06
-0.12 -0.36 0.000108987
-0.12 -0.3 0.000105858
-0.12 -0.24 0.000101405
-0.12 -0.18 9.58029e-05
-0.12 -0.12 8.92663e-05
-0.12 -0.06 8.20336e-05
-0.12 9.71445e-15 7.43501e-05
-0.12 0.06 6.64598e-05
-0.12 0.12 5.85903e-05
-0.12 0.18 5.09427e-05
-0.12 0.24 4.36848e-05
-0.12 0.3 3.69454e-05
-0.12 0.36 3.08169e-05
-0.12 0.42 2.5351e-05
-0.12 0.48 2.05685e-05
-0.12 0.54 1.64586e-05
-0.12 0.6 1.29889e-05
-0.12 0.66 1.01097e-05
-0.12 0.72 7.76062e-06
-0.12 0.78 5.8755e-06
-0.12 0.84 4.38713e-06
-0.06 -0.48 0.000164498
-0.06 -0.42 0.000164258
-0.06 -0.36 0.000161764
-0.06 -0.3 0.000157118
-0.06 -0.24 0.000150507
-0.06 -0.18 0.000142195
-0.06 -0.12 0.000132493
-0.06 -0.06 0.000121756
-0.06 9.71445e-15 0.000110352
-0.06 0.06 9.86415e-05
-0.06 0.12 8.69619e-05
-0.06 0.18 7.56111e-05
-0.06 0.24 6.48382e-05
-0.06 0.3 5.48361e-05
-0.06 0.36 4.57392e-05
-0.06 0.42 3.76274e-05
-0.06 0.48 3.05282e-05
-0.06 0.54 2.44281e-05
-0.06 0.6 1.92784e-05
-0.06 0.66 1.50052e-05
-0.06 0.72 1.15186e-05
-0.06 0.78 8.72058e-06
-0.06 0.84 6.51151e-06
9.71445e-15 -0.6 0.000231677
9.71445e-15 -0.54 0.000237831
9.71445e-15 -0.48 0.000240795
9.71445e-15 -0.42 0.000240445
9.71445e-15 -0.36 0.000236796
9.71445e-15 -0.3 0.000229994
9.71445e-15 -0.24 0.000220319
9.71445e-15 -0.18 0.000208148
9.71445e-15 -0.12 0.000193947
9.71445e-15 -0.06 0.000178233
9.71445e-15 9.71445e-15 0.000161539
9.71445e-15 0.06 0.000144396
9.71445e-15 0.12 0.000127299
9.71445e-15 0.18 0.000110682
9.71445e-15 0.24 9.49124e-05
9.71445e-15 0.3 8.02708e-05
9.71445e-15 0.36 6.69549e-05
9.71445e-15 0.42 5.50798e-05
9.71445e-15 0.48 4.46886e-05
9.71445e-15 0.54 3.57593e-05
9.71445e-15 0.6 2.82207e-05
9.71445e-15 0.66 2.19653e-05
9.71445e-15 0.72 1.68614e-05
9.71445e-15 0.78 1.27655e-05
9.71445e-15 0.84 9.53177e-06
9.71445e-15 0.9 7.01938e-06
0.06 -0.72 0.000304478
0.06 -0.66 0.00032134
0.06 -0.6 0.000334476
0.06 -0.54 0.000343364
0.06 -0.48 0.000347642
0.06 -0.42 0.000347134
0.06 -0.36 0.000341862
0.06 -0.3 0.000332047
0.06 -0.24 0.000318076
0.06 -0.18 0.000300507
0.06 -0.12 0.000280006
0.06 -0.06 0.000257316
0.06 9.71445e-15 0.000233214
0.06 0.06 0.000208464
0.06 0.12 0.000183781
0.06 0.18 0.000159794
0.06 0.24 0.000137027
0.06 0.3 0.000115888
0.06 0.36 9.66638e-05
0.06 0.42 7.95198e-05
0.06 0.48 6.45175e-05
0.06 0.54 5.16256e-05
0.06 0.6 4.07421e-05
0.06 0.66 3.17112e-05
0.06 0.72 2.4343e-05
0.06 0.78 1.84299e-05
0.06 0.84 1.37611e-05
0.06 0.9 1.0134e-05
0.12 -0.84 0.0003734
0.12 -0.78 0.000405137
0.12 -0.72 0.000433538
0.12 -0.66 0.000457546
0.12 -0.6 0.000476252
0.12 -0.54 0.000488907
0.12 -0.48 0.000494999
0.12 -0.42 0.000494277
0.12 -0.36 0.000486769
0.12 -0.3 0.000472788
0.12 -0.24 0.000452902
0.12 -0.18 0.000427881
0.12 -0.12 0.000398689
0.12 -0.06 0.000366384
0.12 9.71445e-15 0.000332067
0.12 0.06 0.000296826
0.12 0.12 0.000261679
0.12 0.18 0.000227523
0.12 0.24 0.000195109
0.12 0.3 0.00016501
0.12 0.36 0.000137636
0.12 0.42 0.000113225
0.12 0.48 9.18645e-05
0.12 0.54 7.35085e-05
0.12 0.6 5.80116e-05
0.12 0.66 4.51527e-05
0.12 0.72 3.46609e-05
0.12 0.78 2.62416e-05
0.12 0.84 1.95942e-05
0.12 0.9 1.44293e-05
0.12 0.96 1.04801e-05
0.18 -0.9 0.000476632
0.18 -0.84 0.000524364
0.18 -0.78 0.000568933
0.18 -0.72 0.000608817
0.18 -0.66 0.000642529
0.18 -0.6 0.000668797
0.18 -0.54 0.000686567
0.18 -0.48 0.000695122
0.18 -0.42 0.000694111
0.18 -0.36 0.000683572
0.18 -0.3 0.000663931
0.18 -0.24 0.000636009
0.18 -0.18 0.000600869
0.18 -0.12 0.000559882
0.18 -0.06 0.000514514
0.18 9.71445e-15 0.00046632
0.18 0.06 0.000416834
0.18 0.12 0.000367477
0.18 0.18 0.000319511
0.18 0.24 0.000273989
0.18 0.3 0.000231724
0.18 0.36 0.000193281
0.18 0.42 0.000159003
0.18 0.48 0.000129005
0.18 0.54 0.000103228
0.18 0.6 8.14658e-05
0.18 0.66 6.3408e-05
0.18 0.72 4.86744e-05
0.18 0.78 3.68508e-05
0.18 0.84 2.75161e-05
0.18 0.9 2.02631e-05
0.18 0.96 1.47172e-05
0.24 -1.02 0.000523257
0.24 -0.96 0.000591807
0.24 -0.9 0.000660136
0.24 -0.84 0.00072624
0.24 -0.78 0.000787971
0.24 -0.72 0.000843209
0.24 -0.66 0.000889898
0.24 -0.6 0.000926274
0.24 -0.54 0.000950889
0.24 -0.48 0.000962736
0.24 -0.42 0.000961337
0.24 -0.36 0.000946742
0.24 -0.3 0.000919547
0.24 -0.24 0.000880869
0.24 -0.18 0.000832199
0.24 -0.12 0.000775435
0.24 -0.06 0.0007126
0.24 9.71445e-15 0.000645852
0.24 0.06 0.000577311
0.24 0.12 0.000508954
0.24 0.18 0.000442523
0.24 0.24 0.000379473
0.24 0.3 0.000320936
0.24 0.36 0.000267693
0.24 0.42 0.000220218
0.24 0.48 0.000178672
0.24 0.54 0.00014297
0.24 0.6 0.000112829
0.24 0.66 8.78195e-05
0.24 0.72 6.7414e-05
0.24 0.78 5.10384e-05
0.24 0.84 3.81096e-05
0.24 0.9 2.80644e-05
0.24 0.96 2.03832e-05
0.3 -1.08 0.000623265
0.3 -1.02 0.000714743
0.3 -0.96 0.000808383
0.3 -0.9 0.000901722
0.3 -0.84 0.000992012
0.3 -0.78 0.00107633
0.3 -0.72 0.00115179
0.3 -0.66 0.00121557
0.3 -0.6 0.00126525
0.3 -0.54 0.00129887
0.3 -0.48 0.00131505
0.3 -0.42 0.00131314
0.3 -0.36 0.0012932
0.3 -0.3 0.00125607
0.3 -0.24 0.00120323
0.3 -0.18 0.00113675
0.3 -0.12 0.00105921
0.3 -0.06 0.000973382
0.3 9.71445e-15 0.000882209
0.3 0.06 0.000788587
0.3 0.12 0.000695213
0.3 0.18 0.00060447
0.3 0.24 0.000518343
0.3 0.3 0.000438382
0.3 0.36 0.000365658
0.3 0.42 0.000300808
0.3 0.48 0.000244058
0.3 0.54 0.000195291
0.3 0.6 0.000154121
0.3 0.66 0.000119958
0.3 0.72 9.2085e-05
0.3 0.78 6.97164e-05
0.3 0.84 5.20559e-05
0.3 0.9 3.83349e-05
0.3 0.96 2.78426e-05
0.3 1.02 1.99438e-05
0.36 -1.14 0.00072213
0.36 -1.08 0.000839657
0.36 -1.02 0.000962896
0.36 -0.96 0.00108905
0.36 -0.9 0.00121478
0.36 -0.84 0.00133641
0.36 -0.78 0.00145002
0.36 -0.72 0.00155166
0.36 -0.66 0.0016376
0.36 -0.6 0.00170453
0.36 -0.54 0.00174981
0.36 -0.48 0.00177161
0.36 -0.42 0.00176904
0.36 -0.36 0.00174219
0.36 -0.3 0.00169215
0.36 -0.24 0.00162096
0.36 -0.18 0.00153142
0.36 -0.12 0.00142694
0.36 -0.06 0.00131132
0.36 9.71445e-15 0.0011885
0.36 0.06 0.00106237
0.36 0.12 0.00093658
0.36 0.18 0.00081433
0.36 0.24 0.000698301
0.36 0.3 0.000590582
0.36 0.36 0.000492609
0.36 0.42 0.000405243
0.36 0.48 0.000328789
0.36 0.54 0.000263093
0.36 0.6 0.00020763
0.36 0.66 0.000161606
0.36 0.72 0.000124055
0.36 0.78 9.39202e-05
0.36 0.84 7.01284e-05
0.36 0.9 5.16442e-05
0.36 0.96 3.75088e-05
0.36 1.02 2.68681e-05
0.42 -1.2 0.000813823
0.42 -1.14 0.000959469
0.42 -1.08 0.00111563
0.42 -1.02 0.00127937
0.42 -0.96 0.00144697
0.42 -0.9 0.00161402
0.42 -0.84 0.00177565
0.42 -0.78 0.00192658
0.42 -0.72 0.00206164
0.42 -0.66 0.00217581
0.42 -0.6 0.00226476
0.42 -0.54 0.00232493
0.42 -0.48 0.0023539
0.42 -0.42 0.00235048
0.42 -0.36 0.00231478
0.42 -0.3 0.00224828
0.42 -0.24 0.00215372
0.42 -0.18 0.00203474
0.42 -0.12 0.00189593
0.42 -0.06 0.00174229
0.42 9.71445e-15 0.0015791
0.42 0.06 0.00141153
0.42 0.12 0.00124439
0.42 0.18 0.00108195
0.42 0.24 0.000927813
0.42 0.3 0.000784686
0.42 0.36 0.000654509
0.42 0.42 0.000538431
0.42 0.48 0.00043685
0.42 0.54 0.00034956
0.42 0.6 0.000275869
0.42 0.66 0.000214719
0.42 0.72 0.000164826
0.42 0.78 0.000124788
0.42 0.84 9.3178e-05
0.42 0.9 6.86171e-05
0.42 0.96 4.98369e-05
0.42 1.02 3.56986e-05
0.48 -1.26 0.00089212
0.48 -1.2 0.00106644
0.48 -1.14 0.00125728
0.48 -1.08 0.00146191
0.48 -1.02 0.00167647
0.48 -0.96 0.0018961
0.48 -0.9 0.00211505
0.48 -0.84 0.00232681
0.48 -0.78 0.00252461
0.48 -0.72 0.00270155
0.48 -0.66 0.0028512
0.48 -0.6 0.00296773
0.48 -0.54 0.00304658
0.48 -0.48 0.00308454
0.48 -0.42 0.00308003
0.48 -0.36 0.00303326
0.48 -0.3 0.00294619
0.48 -0.24 0.00282221
0.48 -0.18 0.00266634
0.48 -0.12 0.00248441
0.48 -0.06 0.0022831
0.48 9.71445e-15 0.00206926
0.48 0.06 0.00184967
0.48 0.12 0.00163065
0.48 0.18 0.00141782
0.48 0.24 0.00121581
0.48 0.3 0.00102824
0.48 0.36 0.000857678
0.48 0.42 0.000705558
0.48 0.48 0.000572445
0.48 0.54 0.000458065
0.48 0.6 0.000361499
0.48 0.66 0.000281368
0.48 0.72 0.000215989
0.48 0.78 0.000163524
0.48 0.84 0.000122099
0.48 0.9 8.99168e-05
0.48 0.96 6.53057e-05
0.48 1.02 4.67798e-05
0.54 -1.32 0.000951257
0.54 -1.26 0.00115298
0.54 -1.2 0.00137824
0.54 -1.14 0.00162489
0.54 -1.08 0.00188935
0.54 -1.02 0.00216666
0.54 -0.96 0.00245051
0.54 -0.9 0.00273343
0.54 -0.84 0.00300715
0.54 -0.78 0.00326277
0.54 -0.72 0.00349148
0.54 -0.66 0.00368481
0.54 -0.6 0.00383545
0.54 -0.54 0.00393737
0.54 -0.48 0.00398642
0.54 -0.42 0.00398062
0.54 -0.36 0.00392019
0.54 -0.3 0.00380757
0.54 -0.24 0.00364742
0.54 -0.18 0.00344591
0.54 -0.12 0.00321086
0.54 -0.06 0.00295067
0.54 9.71445e-15 0.00267428
0.54 0.06 0.00239048
0.54 0.12 0.00210743
0.54 0.18 0.00183236
0.54 0.24 0.00157128
0.54 0.3 0.0013289
0.54 0.36 0.00110844
0.54 0.42 0.000911863
0.54 0.48 0.000739829
0.54 0.54 0.000591996
0.54 0.6 0.000467194
0.54 0.66 0.000363636
0.54 0.72 0.000279141
0.54 0.78 0.000211335
0.54 0.84 0.000157801
0.54 0.9 0.000116207
0.54 0.96 8.44011e-05
0.54 1.02 6.04566e-05
0.6 -1.38 0.000986611
0.6 -1.32 0.0012125
0.6 -1.26 0.00146959
0.6 -1.2 0.00175675
0.6 -1.14 0.00207115
0.6 -1.08 0.00240823
0.6 -1.02 0.00276168
0.6 -0.96 0.00312347
0.6 -0.9 0.00348412
0.6 -0.84 0.00383296
0.6 -0.78 0.00415882
0.6 -0.72 0.00445027
0.6 -0.66 0.0046968
0.6 -0.6 0.0048888
0.6 -0.54 0.00501869
0.6 -0.48 0.00508121
0.6 -0.42 0.00507381
0.6 -0.36 0.00499675
0.6 -0.3 0.00485326
0.6 -0.24 0.00464906
0.6 -0.18 0.00439229
0.6 -0.12 0.0040926
0.6 -0.06 0.00376095
0.6 9.71445e-15 0.00340871
0.6 0.06 0.00304698
0.6 0.12 0.00268618
0.6 0.18 0.00233557
0.6 0.24 0.0020028
0.6 0.3 0.00169384
0.6 0.36 0.00141286
0.6 0.42 0.00116228
0.6 0.48 0.00094299
0.6 0.54 0.000754574
0.6 0.6 0.000595501
0.6 0.66 0.000463501
0.6 0.72 0.0003558
0.6 0.78 0.000269373
0.6 0.84 0.000201136
0.6 0.9 0.000148121
0.6 0.96 0.000107579
0.6 1.02 7.70606e-05
0.6 1.08 5.44408e-05
0.66 -1.44 0.000995353
0.66 -1.38 0.00124028
0.66 -1.32 0.00152423
0.66 -1.26 0.00184745
0.66 -1.2 0.00220843
0.66 -1.14 0.00260364
0.66 -1.08 0.00302738
0.66 -1.02 0.00347172
0.66 -0.96 0.00392655
0.66 -0.9 0.00437989
0.66 -0.84 0.00481844
0.66 -0.78 0.00522804
0.66 -0.72 0.0055945
0.66 -0.66 0.00590436
0.66 -0.6 0.00614568
0.66 -0.54 0.00630893
0.66 -0.48 0.00638754
0.66 -0.42 0.00637827
0.66 -0.36 0.00628147
0.66 -0.3 0.00610103
0.66 -0.24 0.00584435
0.66 -0.18 0.00552152
0.66 -0.12 0.00514481
0.66 -0.06 0.00472796
0.66 9.71445e-15 0.00428513
0.66 0.06 0.00383039
0.66 0.12 0.00337684
0.66 0.18 0.00293606
0.66 0.24 0.00251773
0.66 0.3 0.00212934
0.66 0.36 0.0017761
0.66 0.42 0.0014611
0.66 0.48 0.00118545
0.66 0.54 0.000948583
0.66 0.6 0.000748609
0.66 0.66 0.000582671
0.66 0.72 0.000447282
0.66 0.78 0.000338629
0.66 0.84 0.000252848
0.66 0.9 0.000186203
0.66 0.96 0.000135238
0.66 1.02 9.68729e-05
0.66 1.08 6.8437e-05
0.72 -1.5 0.000976747
0.72 -1.44 0.00123407
0.72 -1.38 0.00153772
0.72 -1.32 0.00188978
0.72 -1.26 0.00229051
0.72 -1.2 0.00273805
0.72 -1.14 0.00322802
0.72 -1.08 0.00375339
0.72 -1.02 0.00430429
0.72 -0.96 0.00486822
0.72 -0.9 0.00543033
0.72 -0.84 0.005974
0.72 -0.78 0.00648188
0.72 -0.72 0.0069362
0.72 -0.66 0.00732032
0.72 -0.6 0.00761956
0.72 -0.54 0.00782198
0.72 -0.48 0.00791944
0.72 -0.42 0.00790785
0.72 -0.36 0.00778789
0.72 -0.3 0.00756425
0.72 -0.24 0.00724596
0.72 -0.18 0.00684575
0.72 -0.12 0.00637868
0.72 -0.06 0.00586183
0.72 9.71445e-15 0.00531278
0.72 0.06 0.00474898
0.72 0.12 0.00418668
0.72 0.18 0.00364021
0.72 0.24 0.00312154
0.72 0.3 0.00264
0.72 0.36 0.00220206
0.72 0.42 0.00181151
0.72 0.48 0.00146975
0.72 0.54 0.00117607
0.72 0.6 0.000928137
0.72 0.66 0.000722407
0.72 0.72 0.00055455
0.72 0.78 0.000419843
0.72 0.84 0.000313485
0.72 0.9 0.000230859
0.72 0.96 0.000167671
0.72 1.02 0.000120105
0.72 1.08 8.48503e-05
0.78 -1.5 0.00119434
0.78 -1.44 0.001509
0.78 -1.38 0.0018803
0.78 -1.32 0.00231079
0.78 -1.26 0.00280078
0.78 -1.2 0.00334803
0.78 -1.14 0.00394719
0.78 -1.08 0.0045896
0.78 -1.02 0.0052632
0.78 -0.96 0.00595275
0.78 -0.9 0.00664011
0.78 -0.84 0.0073049
0.78 -0.78 0.00792593
0.78 -0.72 0.00848141
0.78 -0.66 0.00895121
0.78 -0.6 0.0093171
0.78 -0.54 0.00956461
0.78 -0.48 0.00968377
0.78 -0.42 0.00966963
0.78 -0.36 0.00952285
0.78 -0.3 0.00924944
0.78 -0.24 0.00886019
0.78 -0.18 0.00837088
0.78 -0.12 0.00779971
0.78 -0.06 0.00716771
0.78 9.71445e-15 0.00649635
0.78 0.06 0.00580694
0.78 0.12 0.00511938
0.78 0.18 0.00445119
0.78 0.24 0.00381698
0.78 0.3 0.00322813
0.78 0.36 0.00269265
0.78 0.42 0.00221508
0.78 0.48 0.00179717
0.78 0.54 0.00143807
0.78 0.6 0.00113491
0.78 0.66 0.000883341
0.78 0.72 0.000678092
0.78 0.78 0.000513377
0.78 0.84 0.000383325
0.78 0.9 0.000282291
0.78 0.96 0.000205024
0.78 1.02 0.000146863
0.78 1.08 0.000103754
0.84 -1.56 0.00112436
0.84 -1.5 0.00144035
0.84 -1.44 0.00181981
0.84 -1.38 0.00226759
0.84 -1.32 0.00278676
0.84 -1.26 0.00337765
0.84 -1.2 0.00403765
0.84 -1.14 0.00476023
0.84 -1.08 0.00553497
0.84 -1.02 0.00634732
0.84 -0.96 0.00717886
0.84 -0.9 0.00800779
0.84 -0.84 0.00880951
0.84 -0.78 0.00955848
0.84 -0.72 0.0102283
0.84 -0.66 0.0107949
0.84 -0.6 0.0112362
0.84 -0.54 0.0115347
0.84 -0.48 0.0116784
0.84 -0.42 0.0116614
0.84 -0.36 0.0114843
0.84 -0.3 0.0111546
0.84 -0.24 0.0106851
0.84 -0.18 0.0100951
0.84 -0.12 0.00940626
0.84 -0.06 0.00864403
0.84 9.71445e-15 0.00783445
0.84 0.06 0.00700304
0.84 0.12 0.00617382
0.84 0.18 0.00536801
0.84 0.24 0.00460317
0.84 0.3 0.00389305
0.84 0.36 0.00324726
0.84 0.42 0.00267134
0.84 0.48 0.00216733
0.84 0.54 0.00173428
0.84 0.6 0.00136867
0.84 0.66 0.00106529
0.84 0.72 0.000817761
0.84 0.78 0.000619119
0.84 0.84 0.000462281
0.84 0.9 0.000340436
0.84 0.96 0.000247253
0.84 1.02 0.000177113
0.84 1.08 0.000125125
0.9 -1.62 0.00102958
0.9 -1.56 0.00133732
0.9 -1.5 0.00171316
0.9 -1.44 0.00216448
0.9 -1.38 0.00269707
0.9 -1.32 0.00331457
0.9 -1.26 0.00401739
0.9 -1.2 0.00480234
0.9 -1.14 0.0056618
0.9 -1.08 0.00658328
0.9 -1.02 0.00754949
0.9 -0.96 0.00853853
0.9 -0.9 0.00952441
0.9 -0.84 0.010478
0.9 -0.78 0.0113688
0.9 -0.72 0.0121656
0.9 -0.66 0.0128394
0.9 -0.6 0.0133643
0.9 -0.54 0.0137194
0.9 -0.48 0.0138904
0.9 -0.42 0.0138701
0.9 -0.36 0.0136594
0.9 -0.3 0.0132672
0.9 -0.24 0.0127089
0.9 -0.18 0.012007
0.9 -0.12 0.0111879
0.9 -0.06 0.0102812
0.9 9.71445e-15 0.00931822
0.9 0.06 0.00832937
0.9 0.12 0.00734312
0.9 0.18 0.00638466
0.9 0.24 0.005475
0.9 0.3 0.0046304
0.9 0.36 0.00386226
0.9 0.42 0.00317729
0.9 0.48 0.00257783
0.9 0.54 0.00206274
0.9 0.6 0.00162789
0.9 0.66 0.00126705
0.9 0.72 0.00097264
0.9 0.78 0.000736373
0.9 0.84 0.000549838
0.9 0.9 0.000404913
0.9 0.96 0.000294084
0.9 1.02 0.000210657
0.9 1.08 0.000148823
0.96 -1.62 0.00120774
0.96 -1.56 0.00156873
0.96 -1.5 0.00200962
0.96 -1.44 0.00253902
0.96 -1.38 0.0031638
0.96 -1.32 0.00388813
0.96 -1.26 0.00471263
0.96 -1.2 0.00563338
0.96 -1.14 0.00664148
0.96 -1.08 0.00772243
0.96 -1.02 0.00885586
0.96 -0.96 0.0100161
0.96 -0.9 0.0111726
0.96 -0.84 0.0122912
0.96 -0.78 0.0133361
0.96 -0.72 0.0142709
0.96 -0.66 0.0150612
0.96 -0.6 0.0156769
0.96 -0.54 0.0160935
0.96 -0.48 0.016294
0.96 -0.42 0.0162702
0.96 -0.36 0.0160232
0.96 -0.3 0.0155631
0.96 -0.24 0.0149083
0.96 -0.18 0.0140847
0.96 -0.12 0.0131239
0.96 -0.06 0.0120604
0.96 9.71445e-15 0.0109308
0.96 0.06 0.00977075
0.96 0.12 0.00861385
0.96 0.18 0.00748956
0.96 0.24 0.00642246
0.96 0.3 0.00543169
0.96 0.36 0.00453063
0.96 0.42 0.00372711
0.96 0.48 0.00302395
0.96 0.54 0.0024197
0.96 0.6 0.00190959
0.96 0.66 0.00148631
0.96 0.72 0.00114096
0.96 0.78 0.000863809
0.96 0.84 0.000644985
0.96 0.9 0.00047498
0.96 0.96 0.000344977
0.96 1.02 0.00024711
0.96 1.08 0.000174576
1.02 -1.68 0.00106093
1.02 -1.62 0.00139725
1.02 -1.56 0.0018149
1.02 -1.5 0.00232499
1.02 -1.44 0.00293747
1.02 -1.38 0.00366028
1.02 -1.32 0.00449828
1.02 -1.26 0.00545213
1.02 -1.2 0.00651746
1.02 -1.14 0.0076838
1.02 -1.08 0.00893435
1.02 -1.02 0.0102457
1.02 -0.96 0.011588
1.02 -0.9 0.0129259
1.02 -0.84 0.01422
1.02 -0.78 0.0154289
1.02 -0.72 0.0165103
1.02 -0.66 0.0174248
1.02 -0.6 0.018137
1.02 -0.54 0.0186188
1.02 -0.48 0.0188508
1.02 -0.42 0.0188234
1.02 -0.36 0.0185377
1.02 -0.3 0.0180053
1.02 -0.24 0.0172477
1.02 -0.18 0.016295
1.02 -0.12 0.0151833
1.02 -0.06 0.013953
1.02 9.71445e-15 0.0126462
1.02 0.06 0.0113042
1.02 0.12 0.00996565
1.02 0.18 0.00866485
1.02 0.24 0.00743022
1.02 0.3 0.00628408
1.02 0.36 0.00524158
1.02 0.42 0.00431198
1.02 0.48 0.00349846
1.02 0.54 0.00279943
1.02 0.6 0.00220928
1.02 0.66 0.00171957
1.02 0.72 0.00132001
1.02 0.78 0.000999355
1.02 0.84 0.0007462
1.02 0.9 0.000549519
1.02 0.96 0.00039911
1.02 1.02 0.000285889
1.02 1.08 0.000201971
1.08 -1.68 0.00121057
1.08 -1.62 0.00159432
1.08 -1.56 0.00207086
1.08 -1.5 0.00265285
1.08 -1.44 0.00335169
1.08 -1.38 0.00417649
1.08 -1.32 0.00513261
1.08 -1.26 0.00622101
1.08 -1.2 0.00743654
1.08 -1.14 0.00876734
1.08 -1.08 0.0101943
1.08 -1.02 0.0116905
1.08 -0.96 0.0132219
1.08 -0.9 0.0147487
1.08 -0.84 0.0162255
1.08 -0.78 0.0176046
1.08 -0.72 0.0188387
1.08 -0.66 0.0198821
1.08 -0.6 0.0206948
1.08 -0.54 0.0212447
1.08 -0.48 0.0215094
1.08 -0.42 0.021478
1.08 -0.36 0.0211518
1.08 -0.3 0.0205444
1.08 -0.24 0.0196802
1.08 -0.18 0.0185929
1.08 -0.12 0.0173244
1.08 -0.06 0.0159207
1.08 9.71445e-15 0.0144295
1.08 0.06 0.0128982
1.08 0.12 0.0113709
1.08 0.18 0.00988673
1.08 0.24 0.00847817
1.08 0.3 0.00717022
1.08 0.36 0.0059808
1.08 0.42 0.00492003
1.08 0.48 0.00399183
1.08 0.54 0.00319421
1.08 0.6 0.00252082
1.08 0.66 0.00196205
1.08 0.72 0.00150614
1.08 0.78 0.00114029
1.08 0.84 0.000851437
1.08 0.9 0.000627006
1.08 0.96 0.000455397
1.08 1.02 0.000326206
1.08 1.08 0.000230453
1.14 -1.74 0.00102017
1.14 -1.68 0.00136229
1.14 -1.62 0.00179414
1.14 -1.56 0.0023304
1.14 -1.5 0.00298537
1.14 -1.44 0.00377182
1.14 -1.38 0.00469991
1.14 -1.32 0.00577598
1.14 -1.26 0.00700074
1.14 -1.2 0.00836859
1.14 -1.14 0.00986622
1.14 -1.08 0.011472
1.14 -1.02 0.0131558
1.14 -0.96 0.0148793
1.14 -0.9 0.0165972
1.14 -0.84 0.018259
1.14 -0.78 0.0198114
1.14 -0.72 0.0211999
1.14 -0.66 0.0223739
1.14 -0.6 0.0232886
1.14 -0.54 0.0239074
1.14 -0.48 0.0242052
1.14 -0.42 0.0241699
1.14 -0.36 0.0238031
1.14 -0.3 0.0231194
1.14 -0.24 0.0221467
1.14 -0.18 0.0209234
1.14 -0.12 0.019496
1.14 -0.06 0.0179161
1.14 9.71445e-15 0.016238
1.14 0.06 0.0145149
1.14 0.12 0.0127962
1.14 0.18 0.0111259
1.14 0.24 0.0095407
1.14 0.3 0.00806899
1.14 0.36 0.00673035
1.14 0.42 0.00553676
1.14 0.48 0.00449215
1.14 0.54 0.00359454
1.14 0.6 0.00283677
1.14 0.66 0.00220797
1.14 0.72 0.00169493
1.14 0.78 0.0012832
1.14 0.84 0.000958148
1.14 0.9 0.000705602
1.14 0.96 0.000512474
1.14 1.02 0.00036709
1.14 1.08 0.000259339
1.2 -1.74 0.00113226
1.2 -1.68 0.00151196
1.2 -1.62 0.00199126
1.2 -1.56 0.00258645
1.2 -1.5 0.00331335
1.2 -1.44 0.00418623
1.2 -1.38 0.00521632
1.2 -1.32 0.00641057
1.2 -1.26 0.00776985
1.2 -1.2 0.00928811
1.2 -1.14 0.0109503
1.2 -1.08 0.0127325
1.2 -1.02 0.0146012
1.2 -0.96 0.016514
1.2 -0.9 0.0184208
1.2 -0.84 0.0202652
1.2 -0.78 0.021988
1.2 -0.72 0.023529
1.2 -0.66 0.0248324
1.2 -0.6 0.0258474
1.2 -0.54 0.0265341
1.2 -0.48 0.0268647
1.2 -0.42 0.0268256
1.2 -0.36 0.0264182
1.2 -0.3 0.0256596
1.2 -0.24 0.0245799
1.2 -0.18 0.0232224
1.2 -0.12 0.0216378
1.2 -0.06 0.0198846
1.2 9.71445e-15 0.0180222
1.2 0.06 0.0161097
1.2 0.12 0.0142021
1.2 0.18 0.0123484
1.2 0.24 0.010589
1.2 0.3 0.00895546
1.2 0.36 0.0074699
1.2 0.42 0.00614503
1.2 0.48 0.00498568
1.2 0.54 0.0039895
1.2 0.6 0.00314847
1.2 0.66 0.00245057
1.2 0.72 0.00188114
1.2 0.78 0.0014242
1.2 0.84 0.00106342
1.2 0.9 0.000783125
1.2 0.96 0.000568776
1.2 1.02 0.000407426
1.2 1.08 0.000287832
1.26 -1.8 0.000915374
1.26 -1.74 0.00123938
1.26 -1.68 0.001655
1.26 -1.62 0.00217965
1.26 -1.56 0.00283115
1.26 -1.5 0.00362685
1.26 -1.44 0.00458229
1.26 -1.38 0.00570987
1.26 -1.32 0.00701705
1.26 -1.26 0.00850508
1.26 -1.2 0.0101669
1.26 -1.14 0.0119863
1.26 -1.08 0.0139371
1.26 -1.02 0.0159827
1.26 -0.96 0.0180766
1.26 -0.9 0.0201636
1.26 -0.84 0.0221826
1.26 -0.78 0.0240682
1.26 -0.72 0.0257554
1.26 -0.66 0.0271818
1.26 -0.6 0.0282927
1.26 -0.54 0.0290443
1.26 -0.48 0.0294062
1.26 -0.42 0.0293635
1.26 -0.36 0.0289179
1.26 -0.3 0.0280872
1.26 -0.24 0.0269056
1.26 -0.18 0.0254193
1.26 -0.12 0.0236851
1.26 -0.06 0.0217661
1.26 9.71445e-15 0.0197274
1.26 0.06 0.0176339
1.26 0.12 0.0155459
1.26 0.18 0.0135167
1.26 0.24 0.0115908
1.26 0.3 0.0098028
1.26 0.36 0.00817663
1.26 0.42 0.00672644
1.26 0.48 0.00545745
1.26 0.54 0.00436698
1.26 0.6 0.00344636
1.26 0.66 0.00268244
1.26 0.72 0.00205914
1.26 0.78 0.00155894
1.26 0.84 0.00116403
1.26 0.9 0.000857218
1.26 0.96 0.000622595
1.26 1.02 0.000445973
1.26 1.08 0.000315062
1.32 -1.8 0.000988203
1.32 -1.74 0.00133799
1.32 -1.68 0.00178669
1.32 -1.62 0.00235308
1.32 -1.56 0.0030564
1.32 -1.5 0.00391542
1.32 -1.44 0.00494692
1.32 -1.38 0.00616417
1.32 -1.32 0.00757543
1.32 -1.26 0.00918182
1.32 -1.2 0.0109758
1.32 -1.14 0.01294
1.32 -1.08 0.015046
1.32 -1.02 0.0172543
1.32 -0.96 0.0195149
1.32 -0.9 0.0217681
1.32 -0.84 0.0239476
1.32 -0.78 0.0259834
1.32 -0.72 0.0278047
1.32 -0.66 0.0293445
1.32 -0.6 0.0305439
1.32 -0.54 0.0313554
1.32 -0.48 0.031746
1.32 -0.42 0.0316997
1.32 -0.36 0.0312188
1.32 -0.3 0.0303222
1.32 -0.24 0.0290464
1.32 -0.18 0.027442
1.32 -0.12 0.0255698
1.32 -0.06 0.0234979
1.32 9.71445e-15 0.021297
1.32 0.06 0.0190369
1.32 0.12 0.0167829
1.32 0.18 0.0145923
1.32 0.24 0.0125131
1.32 0.3 0.0105828
1.32 0.36 0.00882721
1.32 0.42 0.00726166
1.32 0.48 0.00589168
1.32 0.54 0.00471444
1.32 0.6 0.00372057
1.32 0.66 0.00289586
1.32 0.72 0.00222299
1.32 0.78 0.00168299
1.32 0.84 0.00125665
1.32 0.9 0.000925429
1.32 0.96 0.000672133
1.32 1.02 0.000481456
1.32 1.08 0.000340133
1.38 -1.86 0.000766419
1.38 -1.8 0.00105217
1.38 -1.74 0.0014246
1.38 -1.68 0.00190235
1.38 -1.62 0.00250539
1.38 -1.56 0.00325424
1.38 -1.5 0.00416886
1.38 -1.44 0.00526714
1.38 -1.38 0.00656314
1.38 -1.32 0.0080658
1.38 -1.26 0.00977611
1.38 -1.2 0.0116863
1.38 -1.14 0.0137776
1.38 -1.08 0.0160199
1.38 -1.02 0.0183712
1.38 -0.96 0.0207781
1.38 -0.9 0.0231772
1.38 -0.84 0.0254975
1.38 -0.78 0.0276654
1.38 -0.72 0.0296043
1.38 -0.66 0.0312439
1.38 -0.6 0.0325212
1.38 -0.54 0.0333851
1.38 -0.48 0.033801
1.38 -0.42 0.0337516
1.38 -0.36 0.0332395
1.38 -0.3 0.032285
1.38 -0.24 0.0309264
1.38 -0.18 0.0292184
1.38 -0.12 0.0272248
1.38 -0.06 0.0250189
1.38 9.71445e-15 0.0226755
1.38 0.06 0.0202692
1.38 0.12 0.0178692
1.38 0.18 0.0155368
1.38 0.24 0.0133231
1.38 0.3 0.0112678
1.38 0.36 0.00939861
1.38 0.42 0.00773172
1.38 0.48 0.00627302
1.38 0.54 0.00501958
1.38 0.6 0.00396138
1.38 0.66 0.00308331
1.38 0.72 0.00236688
1.38 0.78 0.00179193
1.38 0.84 0.00133798
1.38 0.9 0.000985333
1.38 0.96 0.000715635
1.38 1.02 0.000512622
1.38 1.08 0.000362151
1.44 -1.86 0.000804808
1.44 -1.8 0.00110487
1.44 -1.74 0.00149597
1.44 -1.68 0.00199765
1.44 -1.62 0.00263091
1.44 -1.56 0.00341728
1.44 -1.5 0.00437771
1.44 -1.44 0.00553098
1.44 -1.38 0.00689187
1.44 -1.32 0.00846986
1.44 -1.26 0.0102658
1.44 -1.2 0.0122716
1.44 -1.14 0.0144678
1.44 -1.08 0.0168224
1.44 -1.02 0.0192915
1.44 -0.96 0.021819
1.44 -0.9 0.0243382
1.44 -0.84 0.0267748
1.44 -0.78 0.0290513
1.44 -0.72 0.0310872
1.44 -0.66 0.032809
1.44 -0.6 0.0341504
1.44 -0.54 0.0350577
1.44 -0.48 0.0354944
1.44 -0.42 0.0354425
1.44 -0.36 0.0349047
1.44 -0.3 0.0339022
1.44 -0.24 0.0324757
1.44 -0.18 0.0306821
1.44 -0.12 0.0285888
1.44 -0.06 0.026272
1.44 9.71445e-15 0.0238114
1.44 0.06 0.0212845
1.44 0.12 0.0187643
1.44 0.18 0.0163151
1.44 0.24 0.0139904
1.44 0.3 0.0118323
1.44 0.36 0.0098694
1.44 0.42 0.00811907
1.44 0.48 0.00658723
1.44 0.54 0.00527102
1.44 0.6 0.00415982
1.44 0.66 0.00323776
1.44 0.72 0.00248544
1.44 0.78 0.00188169
1.44 0.84 0.00140502
1.44 0.9 0.00103469
1.44 0.96 0.000751484
1.44 1.02 0.000538301
1.5 -1.86 0.000833515
1.5 -1.8 0.00114427
1.5 -1.74 0.00154931
1.5 -1.68 0.00206889
1.5 -1.62 0.00272473
1.5 -1.56 0.00353914
1.5 -1.5 0.00453383
1.5 -1.44 0.00572818
1.5 -1.38 0.00713771
1.5 -1.32 0.00877187
1.5 -1.26 0.010632
1.5 -1.2 0.0127092
1.5 -1.14 0.0149836
1.5 -1.08 0.0174223
1.5 -1.02 0.0199795
1.5 -0.96 0.0225969
1.5 -0.9 0.0252059
1.5 -0.84 0.0277298
1.5 -0.78 0.0300871
1.5 -0.72 0.0321961
1.5 -0.66 0.0339787
1.5 -0.6 0.035368
1.5 -0.54 0.0363078
1.5 -0.48 0.0367601
1.5 -0.42 0.0367065
1.5 -0.36 0.0361494
1.5 -0.3 0.0351109
1.5 -0.24 0.033634
1.5 -0.18 0.0317759
1.5 -0.12 0.0296084
1.5 -0.06 0.027209
1.5 9.71445e-15 0.0246603
1.5 0.06 0.0220434
1.5 0.12 0.0194333
1.5 0.18 0.0168968
1.5 0.24 0.0144894
1.5 0.3 0.0122542
1.5 0.36 0.0102213
1.5 0.42 0.00840859
1.5 0.48 0.00682219
1.5 0.54 0.00545897
1.5 0.6 0.00430814
1.5 0.66 0.0033532
1.5 0.72 0.00257405
1.5 0.78 0.00194879
1.5 0.84 0.00145513
1.5 0.9 0.00107158
1.5 0.96 0.000778289
1.5 1.02 0.00055749
1.56 -1.92 0.000611625
1.56 -1.86 0.000851373
1.56 -1.8 0.0011688
1.56 -1.74 0.0015825
1.56 -1.68 0.0021132
1.56 -1.62 0.00278309
1.56 -1.56 0.00361497
1.56 -1.5 0.00463094
1.56 -1.44 0.00585091
1.56 -1.38 0.00729067
1.56 -1.32 0.00895973
1.56 -1.26 0.0108597
1.56 -1.2 0.0129816
1.56 -1.14 0.0153047
1.56 -1.08 0.0177956
1.56 -1.02 0.0204075
1.56 -0.96 0.0230811
1.56 -0.9 0.025746
1.56 -0.84 0.028324
1.56 -0.78 0.0307316
1.56 -0.72 0.0328859
1.56 -0.66 0.0347072
1.56 -0.6 0.0361256
1.56 -0.54 0.0370853
1.56 -0.48 0.0375475
1.56 -0.42 0.0374928
1.56 -0.36 0.0369238
1.56 -0.3 0.0358632
1.56 -0.24 0.0343546
1.56 -0.18 0.0324567
1.56 -0.12 0.0302424
1.56 -0.06 0.0277921
1.56 9.71445e-15 0.025189
1.56 0.06 0.0225159
1.56 0.12 0.0198498
1.56 0.18 0.0172588
1.56 0.24 0.0147998
1.56 0.3 0.0125167
1.56 0.36 0.0104403
1.56 0.42 0.00858865
1.56 0.48 0.00696836
1.56 0.54 0.00557599
1.56 0.6 0.00440049
1.56 0.66 0.00342507
1.56 0.72 0.00262922
1.56 0.78 0.00199054
1.56 0.84 0.0014863
1.56 0.9 0.00109454
1.56 0.96 0.000794963
1.56 1.02 0.000569441
1.62 -1.92 0.000616146
1.62 -1.86 0.000857654
1.62 -1.8 0.00117742
1.62 -1.74 0.0015942
1.62 -1.68 0.00212883
1.62 -1.62 0.00280367
1.62 -1.56 0.00364169
1.62 -1.5 0.00466515
1.62 -1.44 0.0058941
1.62 -1.38 0.00734449
1.62 -1.32 0.00902596
1.62 -1.26 0.0109399
1.62 -1.2 0.0130774
1.62 -1.14 0.0154178
1.62 -1.08 0.0179271
1.62 -1.02 0.0205583
1.62 -0.96 0.0232514
1.62 -0.9 0.025936
1.62 -0.84 0.0285332
1.62 -0.78 0.0309586
1.62 -0.72 0.0331285
1.62 -0.66 0.0349634
1.62 -0.6 0.0363927
1.62 -0.54 0.0373597
1.62 -0.48 0.0378252
1.62 -0.42 0.0377701
1.62 -0.36 0.0371964
1.62 -0.3 0.036128
1.62 -0.24 0.0346083
1.62 -0.18 0.0326965
1.62 -0.12 0.0304657
1.62 -0.06 0.027997
1.62 9.71445e-15 0.0253747
1.62 0.06 0.022682
1.62 0.12 0.0199962
1.62 0.18 0.0173861
1.62 0.24 0.0149091
1.62 0.3 0.0126092
1.62 0.36 0.0105174
1.62 0.42 0.00865211
1.62 0.48 0.00701977
1.62 0.54 0.0056171
1.62 0.6 0.00443296
1.62 0.66 0.00345034
1.62 0.72 0.0026486
1.62 0.78 0.00200524
1.62 0.84 0.00149729
1.62 0.9 0.00110262
1.62 0.96 0.000800832
1.62 1.02 0.000573645
1.68 -1.92 0.000612165
1.68 -1.86 0.000852113
1.68 -1.8 0.00116981
1.68 -1.74 0.00158389
1.68 -1.68 0.00211505
1.68 -1.62 0.00278552
1.68 -1.56 0.00361809
1.68 -1.5 0.00463499
1.68 -1.44 0.00585605
1.68 -1.38 0.00729698
1.68 -1.32 0.00896763
1.68 -1.26 0.0108692
1.68 -1.2 0.0129929
1.68 -1.14 0.015318
1.68 -1.08 0.0178111
1.68 -1.02 0.0204253
1.68 -0.96 0.0231013
1.68 -0.9 0.0257686
1.68 -0.84 0.0283485
1.68 -0.78 0.0307586
1.68 -0.72 0.0329144
1.68 -0.66 0.0347373
1.68 -0.6 0.0361573
1.68 -0.54 0.0371179
1.68 -0.48 0.0375803
1.68 -0.42 0.0375254
1.68 -0.36 0.0369561
1.68 -0.3 0.0358948
1.68 -0.24 0.0343843
1.68 -0.18 0.0324853
1.68 -0.12 0.0302688
1.68 -0.06 0.0278162
1.68 9.71445e-15 0.0252109
1.68 0.06 0.0225355
1.68 0.12 0.0198671
1.68 0.18 0.017274
1.68 0.24 0.0148127
1.68 0.3 0.0125277
1.68 0.36 0.0104495
1.68 0.42 0.00859621
1.68 0.48 0.00697442
1.68 0.54 0.00558083
1.68 0.6 0.00440431
1.68 0.66 0.00342805
1.68 0.72 0.00263152
1.68 0.78 0.00199229
1.68 0.84 0.00148759
1.68 0.9 0.0010955
1.68 0.96 0.000795652
1.74 -1.92 0.000599843
1.74 -1.86 0.000834971
1.74 -1.8 0.00114628
1.74 -1.74 0.00155202
1.74 -1.68 0.00207251
1.74 -1.62 0.00272951
1.74 -1.56 0.00354535
1.74 -1.5 0.00454173
1.74 -1.44 0.00573818
1.74 -1.38 0.00715024
1.74 -1.32 0.00878711
1.74 -1.26 0.0106505
1.74 -1.2 0.0127315
1.74 -1.14 0.0150099
1.74 -1.08 0.0174528
1.74 -1.02 0.0200143
1.74 -0.96 0.0226363
1.74 -0.9 0.02525
1.74 -0.84 0.0277784
1.74 -0.78 0.0301394
1.74 -0.72 0.0322523
1.74 -0.66 0.0340386
1.74 -0.6 0.0354298
1.74 -0.54 0.0363713
1.74 -0.48 0.0368245
1.74 -0.42 0.0367708
1.74 -0.36 0.0362122
1.74 -0.3 0.0351725
1.74 -0.24 0.0336928
1.74 -0.18 0.0318316
1.74 -0.12 0.0296598
1.74 -0.06 0.0272566
1.74 9.71445e-15 0.0247037
1.74 0.06 0.022082
1.74 0.12 0.0194673
1.74 0.18 0.0169263
1.74 0.24 0.0145148
1.74 0.3 0.0122756
1.74 0.36 0.0102393
1.74 0.42 0.00842318
1.74 0.48 0.00683411
1.74 0.54 0.00546856
1.74 0.6 0.0043157
1.74 0.66 0.00335907
1.74 0.72 0.00257855
1.74 0.78 0.0019522
1.74 0.84 0.00145768
1.74 0.9 0.00107345
1.74 0.96 0.00077965
1.8 -1.98 0.000410736
1.8 -1.92 0.000579696
1.8 -1.86 0.000806928
1.8 -1.8 0.00110777
1.8 -1.74 0.00149989
1.8 -1.68 0.00200289
1.8 -1.62 0.00263781
1.8 -1.56 0.00342626
1.8 -1.5 0.00438921
1.8 -1.44 0.00554543
1.8 -1.38 0.00691005
1.8 -1.32 0.00849202
1.8 -1.26 0.0102928
1.8 -1.2 0.0123038
1.8 -1.14 0.0145057
1.8 -1.08 0.0168666
1.8 -1.02 0.0193422
1.8 -0.96 0.0218761
1.8 -0.9 0.0244018
1.8 -0.84 0.0268454
1.8 -0.78 0.0291273
1.8 -0.72 0.0311691
1.8 -0.66 0.032895
1.8 -0.6 0.0342396
1.8 -0.54 0.0351495
1.8 -0.48 0.0355874
1.8 -0.42 0.0355357
1.8 -0.36 0.0349962
1.8 -0.3 0.0339909
1.8 -0.24 0.0325612
1.8 -0.18 0.0307621
1.8 -0.12 0.0286639
1.8 -0.06 0.0263411
1.8 9.71445e-15 0.0238738
1.8 0.06 0.0213402
1.8 0.12 0.0188134
1.8 0.18 0.0163578
1.8 0.24 0.0140272
1.8 0.3 0.0118633
1.8 0.36 0.00989523
1.8 0.42 0.00814035
1.8 0.48 0.00660458
1.8 0.54 0.00528486
1.8 0.6 0.00417072
1.8 0.66 0.00324624
1.8 0.72 0.00249195
1.8 0.78 0.00188663
1.8 0.84 0.00140872
1.8 0.9 0.0010374
1.8 0.96 0.000753464
1.86 -1.98 0.000391481
1.86 -1.92 0.000552528
1.86 -1.86 0.000769102
1.86 -1.8 0.00105584
1.86 -1.74 0.00142959
1.86 -1.68 0.00190902
1.86 -1.62 0.00251418
1.86 -1.56 0.00326566
1.86 -1.5 0.00418346
1.86 -1.44 0.00528553
1.86 -1.38 0.00658612
1.86 -1.32 0.00809402
1.86 -1.26 0.00981035
1.86 -1.2 0.011727
1.86 -1.14 0.0138258
1.86 -1.08 0.016076
1.86 -1.02 0.0184354
1.86 -0.96 0.0208507
1.86 -0.9 0.0232581
1.86 -0.84 0.0255869
1.86 -0.78 0.0277621
1.86 -0.72 0.029708
1.86 -0.66 0.0313531
1.86 -0.6 0.032635
1.86 -0.54 0.0335022
1.86 -0.48 0.0339196
1.86 -0.42 0.03387
1.86 -0.36 0.0333558
1.86 -0.3 0.0323977
1.86 -0.24 0.0310348
1.86 -0.18 0.0293205
1.86 -0.12 0.0273203
1.86 -0.06 0.0251063
1.86 9.71445e-15 0.0227546
1.86 0.06 0.0203399
1.86 0.12 0.0179315
1.86 0.18 0.0155911
1.86 0.24 0.0133697
1.86 0.3 0.0113073
1.86 0.36 0.00943146
1.86 0.42 0.00775881
1.86 0.48 0.00629498
1.86 0.54 0.0050371
1.86 0.6 0.00397521
1.86 0.66 0.00309407
1.86 0.72 0.00237514
1.86 0.78 0.0017982
1.86 0.84 0.00134268
1.86 0.9 0.000988776
1.92 -1.98 0.000368003
1.92 -1.92 0.00051939
1.92 -1.86 0.000722974
1.92 -1.8 0.000992523
1.92 -1.74 0.00134386
1.92 -1.68 0.00179453
1.92 -1.62 0.0023634
1.92 -1.56 0.00306982
1.92 -1.5 0.00393254
1.92 -1.44 0.00496853
1.92 -1.38 0.00619116
1.92 -1.32 0.00760859
1.92 -1.26 0.00922195
1.92 -1.2 0.0110238
1.92 -1.14 0.0129966
1.92 -1.08 0.0151119
1.92 -1.02 0.0173298
1.92 -0.96 0.0196001
1.92 -0.9 0.0218633
1.92 -0.84 0.0240525
1.92 -0.78 0.0260971
1.92 -0.72 0.0279262
1.92 -0.66 0.0294728
1.92 -0.6 0.0306778
1.92 -0.54 0.031493
1.92 -0.48 0.0318854
1.92 -0.42 0.0318388
1.92 -0.36 0.0313552
1.92 -0.3 0.0304548
1.92 -0.24 0.0291735
1.92 -0.18 0.027562
1.92 -0.12 0.0256818
1.92 -0.06 0.0236005
1.92 9.71445e-15 0.02139
1.92 0.06 0.01912
1.92 0.12 0.016856
1.92 0.18 0.014656
1.92 0.24 0.0125679
1.92 0.3 0.0106291
1.92 0.36 0.00886585
1.92 0.42 0.00729347
1.92 0.48 0.00591743
1.92 0.54 0.00473503
1.92 0.6 0.00373681
1.92 0.66 0.0029085
1.92 0.72 0.00223269
1.92 0.78 0.00169036
1.92 0.84 0.00126216
1.92 0.9 0.000929473
1.98 -1.98 0.000341178
1.98 -1.92 0.000481527
1.98 -1.86 0.000670272
1.98 -1.8 0.000920178
1.98 -1.74 0.00124589
1.98 -1.68 0.00166372
1.98 -1.62 0.00219112
1.98 -1.56 0.00284604
1.98 -1.5 0.00364588
1.98 -1.44 0.00460636
1.98 -1.38 0.00573987
1.98 -1.32 0.00705393
1.98 -1.26 0.00854972
1.98 -1.2 0.0102203
1.98 -1.14 0.0120492
1.98 -1.08 0.0140103
1.98 -1.02 0.0160666
1.98 -0.96 0.0181713
1.98 -0.9 0.0202696
1.98 -0.84 0.0222992
1.98 -0.78 0.0241946
1.98 -0.72 0.0258906
1.98 -0.66 0.0273245
1.98 -0.6 0.0284415
1.98 -0.54 0.0291973
1.98 -0.48 0.0295611
1.98 -0.42 0.0295179
1.98 -0.36 0.0290694
1.98 -0.3 0.0282349
1.98 -0.24 0.027047
1.98 -0.18 0.0255529
1.98 -0.12 0.0238096
1.98 -0.06 0.0218802
1.98 9.71445e-15 0.0198309
1.98 0.06 0.0177263
1.98 0.12 0.0156274
1.98 0.18 0.0135877
1.98 0.24 0.0116518
1.98 0.3 0.00985423
1.98 0.36 0.00821961
1.98 0.42 0.00676179
1.98 0.48 0.00548608
1.98 0.54 0.00438989
1.98 0.6 0.00346443
1.98 0.66 0.00269649
1.98 0.72 0.00206994
1.98 0.78 0.00156714
1.98 0.84 0.00117015
1.98 0.9 0.000861719
2.04 -1.98 0.000311959
2.04 -1.92 0.000440293
2.04 -1.86 0.000612871
2.04 -1.8 0.000841379
2.04 -1.74 0.0011392
2.04 -1.68 0.00152123
2.04 -1.62 0.00200347
2.04 -1.56 0.0026023
2.04 -1.5 0.00333364
2.04 -1.44 0.0042119
2.04 -1.38 0.0052483
2.04 -1.32 0.00644987
2.04 -1.26 0.00781753
2.04 -1.2 0.00934502
2.04 -1.14 0.0110174
2.04 -1.08 0.0128105
2.04 -1.02 0.0146906
2.04 -0.96 0.0166153
2.04 -0.9 0.0185338
2.04 -0.84 0.0203895
2.04 -0.78 0.0221228
2.04 -0.72 0.0236732
2.04 -0.66 0.0249846
2.04 -0.6 0.0260058
2.04 -0.54 0.0266967
2.04 -0.48 0.0270293
2.04 -0.42 0.0269899
2.04 -0.36 0.0265801
2.04 -0.3 0.025817
2.04 -0.24 0.0247306
2.04 -0.18 0.0233648
2.04 -0.12 0.0217705
2.04 -0.06 0.0200064
2.04 9.71445e-15 0.0181326
2.04 0.06 0.0162083
2.04 0.12 0.0142892
2.04 0.18 0.0124241
2.04 0.24 0.0106539
2.04 0.3 0.00901033
2.04 0.36 0.00751571
2.04 0.42 0.00618271
2.04 0.48 0.00501626
2.04 0.54 0.00401395
2.04 0.6 0.00316776
2.04 0.66 0.00246558
2.04 0.72 0.00189269
2.04 0.78 0.00143294
2.04 0.84 0.00106994
2.1 -1.98 0.000281322
2.1 -1.92 0.000397054
2.1 -1.86 0.000552684
2.1 -1.8 0.000758745
2.1 -1.74 0.00102732
2.1 -1.68 0.00137184
2.1 -1.62 0.00180672
2.1 -1.56 0.00234674
2.1 -1.5 0.00300629
2.1 -1.44 0.00379827
2.1 -1.38 0.00473284
2.1 -1.32 0.00581648
2.1 -1.26 0.00704981
2.1 -1.2 0.00842723
2.1 -1.14 0.00993539
2.1 -1.08 0.0115524
2.1 -1.02 0.013248
2.1 -0.96 0.0149836
2.1 -0.9 0.0167136
2.1 -0.84 0.018387
2.1 -0.78 0.0199503
2.1 -0.72 0.0213484
2.1 -0.66 0.0225308
2.1 -0.6 0.023452
2.1 -0.54 0.0240751
2.1 -0.48 0.024375
2.1 -0.42 0.0243394
2.1 -0.36 0.0239699
2.1 -0.3 0.0232815
2.1 -0.24 0.0223019
2.1 -0.18 0.0210702
2.1 -0.12 0.0196327
2.1 -0.06 0.0180416
2.1 9.71445e-15 0.0163518
2.1 0.06 0.0146166
2.1 0.12 0.0128859
2.1 0.18 0.0112039
2.1 0.24 0.0096076
2.1 0.3 0.00812555
2.1 0.36 0.00677756
2.1 0.42 0.00557558
2.1 0.48 0.00452363
2.1 0.54 0.00361974
2.1 0.6 0.00285665
2.1 0.66 0.00222345
2.1 0.72 0.00170681
2.1 0.78 0.0012922
2.1 0.84 0.000964862
2.16 -1.98 0.00025021
2.16 -1.92 0.000353135
2.16 -1.86 0.00049156
2.16 -1.8 0.000674829
2.16 -1.74 0.000913689
2.16 -1.68 0.0012201
2.16 -1.62 0.00160688
2.16 -1.56 0.00208719
2.16 -1.5 0.00267378
2.16 -1.44 0.00337815
2.16 -1.38 0.00420944
2.16 -1.32 0.00517309
2.16 -1.26 0.00627013
2.16 -1.2 0.00749523
2.16 -1.14 0.0088365
2.16 -1.08 0.0102747
2.16 -1.02 0.0117827
2.16 -0.96 0.0133264
2.16 -0.9 0.014865
2.16 -0.84 0.0163535
2.16 -0.78 0.0177435
2.16 -0.72 0.0189874
2.16 -0.66 0.0200389
2.16 -0.6 0.0208578
2.16 -0.54 0.0214121
2.16 -0.48 0.0216789
2.16 -0.42 0.0216474
2.16 -0.36 0.0213187
2.16 -0.3 0.0207065
2.16 -0.24 0.0198354
2.16 -0.18 0.0187396
2.16 -0.12 0.0174612
2.16 -0.06 0.0160464
2.16 9.71445e-15 0.0145434
2.16 0.06 0.013
2.16 0.12 0.0114607
2.16 0.18 0.00996479
2.16 0.24 0.008545
2.16 0.3 0.00722682
2.16 0.36 0.00602795
2.16 0.42 0.00495887
2.16 0.48 0.00402335
2.16 0.54 0.00321942
2.16 0.6 0.00254071
2.16 0.66 0.00197754
2.16 0.72 0.00151804
2.16 0.78 0.00114929
2.22 -1.98 0.000219476
2.22 -1.92 0.000309764
2.22 -1.86 0.000431179
2.22 -1.8 0.000591943
2.22 -1.74 0.000801475
2.22 -1.68 0.00107025
2.22 -1.62 0.00140953
2.22 -1.56 0.00183083
2.22 -1.5 0.00234537
2.22 -1.44 0.00296323
2.22 -1.38 0.00369238
2.22 -1.32 0.00453774
2.22 -1.26 0.00549993
2.22 -1.2 0.00657459
2.22 -1.14 0.00775121
2.22 -1.08 0.00901275
2.22 -1.02 0.0103355
2.22 -0.96 0.0116895
2.22 -0.9 0.0130392
2.22 -0.84 0.0143448
2.22 -0.78 0.0155642
2.22 -0.72 0.0166551
2.22 -0.66 0.0175776
2.22 -0.6 0.0182962
2.22 -0.54 0.0187823
2.22 -0.48 0.0190164
2.22 -0.42 0.0189886
2.22 -0.36 0.0187002
2.22 -0.3 0.0181631
2.22 -0.24 0.0173991
2.22 -0.18 0.016438
2.22 -0.12 0.0153164
2.22 -0.06 0.0140753
2.22 9.71445e-15 0.012757
2.22 0.06 0.0114032
2.22 0.12 0.010053
2.22 0.18 0.00874077
2.22 0.24 0.00749546
2.22 0.3 0.00633917
2.22 0.36 0.00528756
2.22 0.42 0.00434979
2.22 0.48 0.00352913
2.22 0.54 0.00282397
2.22 0.6 0.00222865
2.22 0.66 0.00173464
2.22 0.72 0.00133157
2.22 0.78 0.00100812
2.28 -1.98 0.000189872
2.28 -1.92 0.000267981
2.28 -1.86 0.000373022
2.28 -1.8 0.000512098
2.28 -1.74 0.000693361
2.28 -1.68 0.000925882
2.28 -1.62 0.00121939
2.28 -1.56 0.00158386
2.28 -1.5 0.00202902
2.28 -1.44 0.00256355
2.28 -1.38 0.00319434
2.28 -1.32 0.00392567
2.28 -1.26 0.0047581
2.28 -1.2 0.00568779
2.28 -1.14 0.00670564
2.28 -1.08 0.00779699
2.28 -1.02 0.00894139
2.28 -0.96 0.0101128
2.28 -0.9 0.0112805
2.28 -0.84 0.0124099
2.28 -0.78 0.0134649
2.28 -0.72 0.0144086
2.28 -0.66 0.0152066
2.28 -0.6 0.0158282
2.28 -0.54 0.0162487
2.28 -0.48 0.0164511
2.28 -0.42 0.0164272
2.28 -0.36 0.0161779
2.28 -0.3 0.0157133
2.28 -0.24 0.0150521
2.28 -0.18 0.0142208
2.28 -0.12 0.0132505
2.28 -0.06 0.0121769
2.28 9.71445e-15 0.0110363
2.28 0.06 0.00986515
2.28 0.12 0.00869705
2.28 0.18 0.00756186
2.28 0.24 0.0064844
2.28 0.3 0.00548412
2.28 0.36 0.00457435
2.28 0.42 0.00376308
2.28 0.48 0.00305313
2.28 0.54 0.00244307
2.28 0.6 0.00192804
2.28 0.66 0.00150067
2.28 0.72 0.00115198
2.34 -1.98 0.000162004
2.34 -1.92 0.000228647
2.34 -1.86 0.00031827
2.34 -1.8 0.000436935
2.34 -1.74 0.000591594
2.34 -1.68 0.000789993
2.34 -1.62 0.00104042
2.34 -1.56 0.0013514
2.34 -1.5 0.00173119
2.34 -1.44 0.00218727
2.34 -1.38 0.0027255
2.34 -1.32 0.00334946
2.34 -1.26 0.00405971
2.34 -1.2 0.00485296
2.34 -1.14 0.00572142
2.34 -1.08 0.00665258
2.34 -1.02 0.00762897
2.34 -0.96 0.0086284
2.34 -0.9 0.00962476
2.34 -0.84 0.0105885
2.34 -0.78 0.0114885
2.34 -0.72 0.0122938
2.34 -0.66 0.0129747
2.34 -0.6 0.013505
2.34 -0.54 0.0138639
2.34 -0.48 0.0140366
2.34 -0.42 0.0140161
2.34 -0.36 0.0138032
2.34 -0.3 0.013407
2.34 -0.24 0.0128429
2.34 -0.18 0.0121335
2.34 -0.12 0.0113056
2.34 -0.06 0.0103896
2.34 9.71445e-15 0.00941644
2.34 0.06 0.00841714
2.34 0.12 0.00742046
2.34 0.18 0.00645194
2.34 0.24 0.00553271
2.34 0.3 0.00467913
2.34 0.36 0.00390297
2.34 0.42 0.00321073
2.34 0.48 0.00260499
2.34 0.54 0.00208449
2.34 0.6 0.00164504
2.34 0.66 0.0012804
2.4 -1.98 0.000136326
2.4 -1.92 0.000192404
2.4 -1.86 0.000267825
2.4 -1.8 0.000367679
2.4 -1.74 0.000497824
2.4 -1.68 0.000664774
2.4 -1.62 0.000875511
2.4 -1.56 0.0011372
2.4 -1.5 0.00145681
2.4 -1.44 0.00184056
2.4 -1.38 0.0022935
2.4 -1.32 0.00281854
2.4 -1.26 0.00341626
2.4 -1.2 0.00408375
2.4 -1.14 0.00481454
2.4 -1.08 0.00559814
2.4 -1.02 0.00641979
2.4 -0.96 0.0072608
2.4 -0.9 0.00809912
2.4 -0.84 0.00891019
2.4 -0.78 0.00966746
2.4 -0.72 0.0103452
2.4 -0.66 0.0109181
2.4 -0.6 0.0113644
2.4 -0.54 0.0116664
2.4 -0.48 0.0118118
2.4 -0.42 0.0117946
2.4 -0.36 0.0116154
2.4 -0.3 0.0112818
2.4 -0.24 0.0108073
2.4 -0.18 0.0102102
2.4 -0.12 0.0095137
2.4 -0.06 0.00874282
2.4 9.71445e-15 0.00792392
2.4 0.06 0.007083
2.4 0.12 0.00624432
2.4 0.18 0.00542926
2.4 0.24 0.00465574
2.4 0.3 0.00393752
2.4 0.36 0.00328432
2.4 0.42 0.00270182
2.4 0.48 0.00219211
2.4 0.54 0.00175409
2.4 0.6 0.0013843
2.4 0.66 0.00107745
2.46 -1.98 0.000113141
2.46 -1.92 0.000159682
2.46 -1.86 0.000222276
2.46 -1.8 0.000305146
2.46 -1.74 0.000413156
2.46 -1.68 0.000551714
2.46 -1.62 0.000726608
2.46 -1.56 0.000943794
2.46 -1.5 0.00120905
2.46 -1.44 0.00152754
2.46 -1.38 0.00190344
2.46 -1.32 0.0023392
2.46 -1.26 0.00283526
2.46 -1.2 0.00338922
2.46 -1.14 0.00399572
2.46 -1.08 0.00464605
2.46 -1.02 0.00532796
2.46 -0.96 0.00602596
2.46 -0.9 0.00672174
2.46 -0.84 0.00739481
2.46 -0.78 0.00802335
2.46 -0.72 0.00858582
2.46 -0.66 0.00906125
2.46 -0.6 0.00943161
2.46 -0.54 0.00968226
2.46 -0.48 0.00980288
2.46 -0.42 0.00978863
2.46 -0.36 0.00964001
2.46 -0.3 0.00936314
2.46 -0.24 0.00896928
2.46 -0.18 0.00847374
2.46 -0.12 0.00789572
2.46 -0.06 0.00725592
2.46 9.71445e-15 0.00657628
2.46 0.06 0.00587839
2.46 0.12 0.00518235
2.46 0.18 0.00450592
2.46 0.24 0.00386391
2.46 0.3 0.00326786
2.46 0.36 0.00272574
2.46 0.42 0.00224233
2.46 0.48 0.0018193
2.46 0.54 0.00145577
2.46 0.6 0.00114887
2.52 -1.98 9.26082e-05
2.52 -1.92 0.000130704
2.52 -1.86 0.000181938
2.52 -1.8 0.000249769
2.52 -1.74 0.000338178
2.52 -1.68 0.000451591
2.52 -1.62 0.000594746
2.52 -1.56 0.000772513
2.52 -1.5 0.000989626
2.52 -1.44 0.00125033
2.52 -1.38 0.001558
2.52 -1.32 0.00191469
2.52 -1.26 0.00232072
2.52 -1.2 0.00277415
2.52 -1.14 0.00327058
2.52 -1.08 0.00380287
2.52 -1.02 0.00436103
2.52 -0.96 0.00493239
2.52 -0.9 0.00550191
2.52 -0.84 0.00605279
2.52 -0.78 0.0065673
2.52 -0.72 0.00702767
2.52 -0.66 0.00741683
2.52 -0.6 0.00771997
2.52 -0.54 0.00792514
2.52 -0.48 0.00802387
2.52 -0.42 0.00801217
2.52 -0.36 0.00789053
2.52 -0.3 0.00766396
2.52 -0.24 0.00734153
2.52 -0.18 0.00693598
2.52 -0.12 0.00646281
2.52 -0.06 0.00593913
2.52 9.71445e-15 0.00538283
2.52 0.06 0.00481159
2.52 0.12 0.00424187
2.52 0.18 0.00368821
2.52 0.24 0.0031627
2.52 0.3 0.00267481
2.52 0.36 0.00223108
2.52 0.42 0.00183539
2.52 0.48 0.00148913
2.52 0.54 0.00119158
2.58 -1.98 7.47596e-05
2.58 -1.92 0.000105514
2.58 -1.86 0.000146872
2.58 -1.8 0.000201632
2.58 -1.74 0.000273001
2.58 -1.68 0.000364554
2.58 -1.62 0.000480118
2.58 -1.56 0.000623623
2.58 -1.5 0.000798897
2.58 -1.44 0.00100936
2.58 -1.38 0.00125773
2.58 -1.32 0.00154568
2.58 -1.26 0.00187344
2.58 -1.2 0.00223949
2.58 -1.14 0.00264026
2.58 -1.08 0.00306996
2.58 -1.02 0.00352055
2.58 -0.96 0.00398179
2.58 -0.9 0.00444153
2.58 -0.84 0.00488623
2.58 -0.78 0.00530162
2.58 -0.72 0.00567322
2.58 -0.66 0.00598741
2.58 -0.6 0.00623214
2.58 -0.54 0.0063977
2.58 -0.48 0.00647739
2.58 -0.42 0.00646797
2.58 -0.36 0.00636984
2.58 -0.3 0.0061869
2.58 -0.24 0.00592658
2.58 -0.18 0.00559923
2.58 -0.12 0.00521721
2.58 -0.06 0.00479448
2.58 9.71445e-15 0.00434541
2.58 0.06 0.00388427
2.58 0.12 0.00342435
2.58 0.18 0.00297738
2.58 0.24 0.00255315
2.58 0.3 0.0021593
2.58 0.36 0.00180109
2.58 0.42 0.00148166
2.58 0.48 0.00120213
2.58 0.54 0.000961927
2.64 -1.98 5.95218e-05
2.64 -1.92 8.40074e-05
2.64 -1.86 0.000116936
2.64 -1.8 0.000160534
2.64 -1.74 0.000217358
2.64 -1.68 0.000290249
2.64 -1.62 0.000382259
2.64 -1.56 0.000496518
2.64 -1.5 0.000636066
2.64 -1.44 0.000803625
2.64 -1.38 0.00100137
2.64 -1.32 0.00123063
2.64 -1.26 0.00149158
2.64 -1.2 0.00178303
2.64 -1.14 0.00210212
2.64 -1.08 0.00244424
2.64 -1.02 0.00280299
2.64 -0.96 0.00317021
2.64 -0.9 0.00353621
2.64 -0.84 0.0038903
2.64 -0.78 0.00422101
2.64 -0.72 0.00451686
2.64 -0.66 0.00476703
2.64 -0.6 0.00496188
2.64 -0.54 0.00509371
2.64 -0.48 0.00515717
2.64 -0.42 0.00514969
2.64 -0.36 0.00507152
2.64 -0.3 0.00492582
2.64 -0.24 0.00471861
2.64 -0.18 0.00445794
2.64 -0.12 0.00415383
2.64 -0.06 0.00381721
2.64 9.71445e-15 0.0034597
2.64 0.06 0.00309256
2.64 0.12 0.00272637
2.64 0.18 0.0023705
2.64 0.24 0.00203274
2.64 0.3 0.00171919
2.64 0.36 0.00143397
2.64 0.42 0.00117966
2.64 0.48 0.000957102
2.7 -1.98 4.67386e-05
2.7 -1.92 6.59645e-05
2.7 -1.86 9.1822e-05
2.7 -1.8 0.000126056
2.7 -1.74 0.000170676
2.7 -1.68 0.000227914
2.7 -1.62 0.000300164
2.7 -1.56 0.000389883
2.7 -1.5 0.000499455
2.7 -1.44 0.000631025
2.7 -1.38 0.000786313
2.7 -1.32 0.000966318
2.7 -1.26 0.00117124
2.7 -1.2 0.00140009
2.7 -1.14 0.00165064
2.7 -1.08 0.00191929
2.7 -1.02 0.00220098
2.7 -0.96 0.00248932
2.7 -0.9 0.00277674
2.7 -0.84 0.0030548
2.7 -0.78 0.00331442
2.7 -0.72 0.0035468
2.7 -0.66 0.00374322
2.7 -0.6 0.00389622
2.7 -0.54 0.00399975
2.7 -0.48 0.00404959
2.7 -0.42 0.00404369
2.7 -0.36 0.00398227
2.7 -0.3 0.0038679
2.7 -0.24 0.00370521
2.7 -0.18 0.00350051
2.7 -0.12 0.0032617
2.7 -0.06 0.00299742
2.7 9.71445e-15 0.00271666
2.7 0.06 0.00242836
2.7 0.12 0.00214082
2.7 0.18 0.00186138
2.7 0.24 0.00159619
2.7 0.3 0.00134995
2.7 0.36 0.00112601
2.7 0.42 0.000926299
2.76 -1.92 5.10861e-05
2.76 -1.86 7.11094e-05
2.76 -1.8 9.76228e-05
2.76 -1.74 0.000132179
2.76 -1.68 0.000176505
2.76 -1.62 0.000232458
2.76 -1.56 0.000301939
2.76 -1.5 0.000386795
2.76 -1.44 0.000488695
2.76 -1.38 0.000608941
2.76 -1.32 0.000748364
2.76 -1.26 0.000907042
2.76 -1.2 0.00108428
2.76 -1.14 0.00127832
2.76 -1.08 0.00148637
2.76 -1.02 0.00170452
2.76 -0.96 0.00192783
2.76 -0.9 0.00215042
2.76 -0.84 0.00236572
2.76 -0.78 0.00256685
2.76 -0.72 0.00274673
2.76 -0.66 0.00289889
2.76 -0.6 0.0030174
2.76 -0.54 0.00309757
2.76 -0.48 0.00313616
2.76 -0.42 0.00313158
2.76 -0.36 0.00308403
2.76 -0.3 0.00299547
2.76 -0.24 0.00286942
2.76 -0.18 0.00271095
2.76 -0.12 0.00252599
2.76 -0.06 0.00232128
2.76 9.71445e-15 0.00210387
2.76 0.06 0.00188061
2.76 0.12 0.00165793
2.76 0.18 0.00144153
2.76 0.24 0.00123614
2.76 0.3 0.00104545
2.76 0.36 0.000872023
2.82 -1.92 3.90188e-05
2.82 -1.86 5.43136e-05
2.82 -1.8 7.45635e-05
2.82 -1.74 0.000100955
2.82 -1.68 0.000134812
2.82 -1.62 0.000177548
2.82 -1.56 0.000230618
2.82 -1.5 0.000295431
2.82 -1.44 0.00037326
2.82 -1.38 0.00046511
2.82 -1.32 0.000571589
2.82 -1.26 0.0006928
2.82 -1.2 0.000828166
2.82 -1.14 0.000976368
2.82 -1.08 0.00113527
2.82 -1.02 0.0013019
2.82 -0.96 0.00147246
2.82 -0.9 0.00164247
2.82 -0.84 0.00180693
2.82 -0.78 0.00196053
2.82 -0.72 0.00209796
2.82 -0.66 0.00221415
2.82 -0.6 0.00230463
2.82 -0.54 0.00236586
2.82 -0.48 0.00239535
2.82 -0.42 0.00239186
2.82 -0.36 0.00235556
2.82 -0.3 0.00228791
2.82 -0.24 0.00219166
2.82 -0.18 0.00207058
2.82 -0.12 0.00192933
2.82 -0.06 0.001773
2.82 9.71445e-15 0.00160693
2.82 0.06 0.0014364
2.82 0.12 0.00126632
2.82 0.18 0.00110103
2.82 0.24 0.000944156
2.82 0.3 0.000798505
2.88 -1.92 2.93927e-05
2.88 -1.86 4.09138e-05
2.88 -1.8 5.61679e-05
2.88 -1.74 7.60501e-05
2.88 -1.68 0.000101554
2.88 -1.62 0.000133747
2.88 -1.56 0.000173724
2.88 -1.5 0.000222546
2.88 -1.44 0.000281173
2.88 -1.38 0.000350364
2.88 -1.32 0.000430576
2.88 -1.26 0.000521879
2.88 -1.2 0.000623846
2.88 -1.14 0.00073549
2.88 -1.08 0.000855196
2.88 -1.02 0.000980711
2.88 -0.96 0.00110919
2.88 -0.9 0.00123726
2.88 -0.84 0.00136115
2.88 -0.78 0.00147686
2.88 -0.72 0.00158037
2.88 -0.66 0.0016679
2.88 -0.6 0.00173608
2.88 -0.54 0.00178222
2.88 -0.48 0.00180442
2.88 -0.42 0.00180179
2.88 -0.36 0.00177441
2.88 -0.3 0.00172347
2.88 -0.24 0.00165096
2.88 -0.18 0.00155976
2.88 -0.12 0.00145335
2.88 -0.06 0.00133558
2.88 9.71445e-15 0.00121048
2.88 0.06 0.00108202
2.88 0.12 0.000953899
2.88 0.18 0.000829398
2.88 0.24 0.000711232
2.94 -1.92 2.18369e-05
2.94 -1.86 3.03966e-05
2.94 -1.8 4.17295e-05
2.94 -1.74 5.65006e-05
2.94 -1.68 7.54484e-05
2.94 -1.62 9.93657e-05
2.94 -1.56 0.000129066
2.94 -1.5 0.00016534
2.94 -1.44 0.000208894
2.94 -1.38 0.000260299
2.94 -1.32 0.000319891
2.94 -1.26 0.000387725
2.94 -1.2 0.000463481
2.94 -1.14 0.000546428
2.94 -1.08 0.000635362
2.94 -1.02 0.000728614
2.94 -0.96 0.000824065
2.94 -0.9 0.000919201
2.94 -0.84 0.00101126
2.94 -0.78 0.00109721
2.94 -0.72 0.00117413
2.94 -0.66 0.00123915
2.94 -0.6 0.00128981
2.94 -0.54 0.00132407
2.94 -0.48 0.00134057
2.94 -0.42 0.00133862
2.94 -0.36 0.0013183
2.94 -0.3 0.00128042
2.94 -0.24 0.00122657
2.94 -0.18 0.00115881
2.94 -0.12 0.00107975
2.94 -0.06 0.000992257
2.94 9.71445e-15 0.000899317
2.94 0.06 0.000803882
2.94 0.12 0.000708695
2.94 0.18 0.000616186
3 -1.86 2.22724e-05
3 -1.8 3.05762e-05
3 -1.74 4.13992e-05
3 -1.68 5.52829e-05
3 -1.62 7.28075e-05
3 -1.56 9.457e-05
3 -1.5 0.000121149
3 -1.44 0.000153063
3 -1.38 0.000190727
3 -1.32 0.000234394
3 -1.26 0.000284097
3 -1.2 0.000339605
3 -1.14 0.000400381
3 -1.08 0.000465545
3 -1.02 0.000533875
3 -0.96 0.000603817
3 -0.9 0.000673528
3 -0.84 0.000740971
3 -0.78 0.00080396
3 -0.72 0.000860313
3 -0.66 0.000907954
3 -0.6 0.000945069
3 -0.54 0.000970182
3 -0.48 0.000982267
3 -0.42 0.000980841
3 -0.36 0.000965952
3 -0.3 0.000938201
3 -0.24 0.000898738
3 -0.18 0.000849087
3 -0.12 0.000791167
3 -0.06 0.000727053
3 9.71445e-15 0.000658954
3 0.06 0.000589027
3.06 -1.86 1.60953e-05
3.06 -1.8 2.2096e-05
3.06 -1.74 2.99175e-05
3.06 -1.68 3.99506e-05
3.06 -1.62 5.2615e-05
3.06 -1.56 6.83412e-05
3.06 -1.5 8.75488e-05
3.06 -1.44 0.000110612
3.06 -1.38 0.00013783
3.06 -1.32 0.000169386
3.06 -1.26 0.000205304
3.06 -1.2 0.000245416
3.06 -1.14 0.000289336
3.06 -1.08 0.000336427
3.06 -1.02 0.000385806
3.06 -0.96 0.00043635
3.06 -0.9 0.000486729
3.06 -0.84 0.000535466
3.06 -0.78 0.000580987
3.06 -0.72 0.000621709
3.06 -0.66 0.000656134
3.06 -0.6 0.000682962
3.06 -0.54 0.00070111
3.06 -0.48 0.000709844
3.06 -0.42 0.000708807
3.06 -0.36 0.000698049
3.06 -0.3 0.000677996
3.06 -0.24 0.000649476
3.06 -0.18 0.000613599
3.06 -0.12 0.000571741
3.06 -0.06 0.000525409
3.06 9.71445e-15 0.000476194
3.12 -1.86 1.14715e-05
3.12 -1.8 1.57482e-05
3.12 -1.74 2.13228e-05
3.12 -1.68 2.84737e-05
3.12 -1.62 3.74999e-05
3.12 -1.56 4.87083e-05
3.12 -1.5 6.23978e-05
3.12 -1.44 7.88354e-05
3.12 -1.38 9.82345e-05
3.12 -1.32 0.000120725
3.12 -1.26 0.000146325
3.12 -1.2 0.000174914
3.12 -1.14 0.000206215
3.12 -1.08 0.000239778
3.12 -1.02 0.000274971
3.12 -0.96 0.000310995
3.12 -0.9 0.000346904
3.12 -0.84 0.000381638
3.12 -0.78 0.000414081
3.12 -0.72 0.000443106
3.12 -0.66 0.000467641
3.12 -0.6 0.000486761
3.12 -0.54 0.000499696
3.12 -0.48 0.000505922
3.12 -0.42 0.000505181
3.12 -0.36 0.000497513
3.12 -0.3 0.000483225
3.12 -0.24 0.000462896
3.12 -0.18 0.000437324
3.12 -0.12 0.000407492
3.12 -0.06 0.000374471
3.18 -1.8 1.10699e-05
3.18 -1.74 1.49882e-05
3.18 -1.68 2.00147e-05
3.18 -1.62 2.63595e-05
3.18 -1.56 3.42382e-05
3.18 -1.5 4.38608e-05
3.18 -1.44 5.54158e-05
3.18 -1.38 6.90517e-05
3.18 -1.32 8.48604e-05
3.18 -1.26 0.000102856
3.18 -1.2 0.000122952
3.18 -1.14 0.000144955
3.18 -1.08 0.000168546
3.18 -1.02 0.000193284
3.18 -0.96 0.000218607
3.18 -0.9 0.000243848
3.18 -0.84 0.000268263
3.18 -0.78 0.000291068
3.18 -0.72 0.000311471
3.18 -0.66 0.000328719
3.18 -0.6 0.000342155
3.18 -0.54 0.000351246
3.18 -0.48 0.000355622
3.18 -0.42 0.000355103
3.18 -0.36 0.000349715
3.18 -0.3 0.000339672
3.18 -0.24 0.000325381
3.18 -0.18 0.000307408
3.24 -1.8 7.67441e-06
3.24 -1.74 1.03909e-05
3.24 -1.68 1.38755e-05
3.24 -1.62 1.8274e-05
3.24 -1.56 2.37363e-05
3.24 -1.5 3.04074e-05
3.24 -1.44 3.84176e-05
3.24 -1.38 4.78708e-05
3.24 -1.32 5.88307e-05
3.24 -1.26 7.13057e-05
3.24 -1.2 8.52384e-05
3.24 -1.14 0.000100493
3.24 -1.08 0.000116848
3.24 -1.02 0.000133998
3.24 -0.96 0.000151553
3.24 -0.9 0.00016905
3.24 -0.84 0.000185977
3.24 -0.78 0.000201787
3.24 -0.72 0.00021593
3.24 -0.66 0.00022789
3.24 -0.6 0.000237205
3.24 -0.54 0.000243507
3.24 -0.48 0.000246541
3.24 -0.42 0.000246183
3.24 -0.36 0.000242446
3.24 -0.3 0.000235481
3.3 -1.8 5.24726e-06
3.3 -1.74 7.1046e-06
3.3 -1.68 9.48721e-06
3.3 -1.62 1.24947e-05
3.3 -1.56 1.62293e-05
3.3 -1.5 2.07904e-05
3.3 -1.44 2.62673e-05
3.3 -1.38 3.27312e-05
3.3 -1.32 4.02243e-05
3.3 -1.26 4.87542e-05
3.3 -1.2 5.82804e-05
3.3 -1.14 6.87098e-05
3.3 -1.08 7.98926e-05
3.3 -1.02 9.16184e-05
3.3 -0.96 0.000103621
3.3 -0.9 0.000115586
3.3 -0.84 0.00012716
3.3 -0.78 0.000137967
3.3 -0.72 0.00014764
3.3 -0.66 0.000155816
3.3 -0.6 0.000162185
3.3 -0.54 0.000166495
3.3 -0.48 0.000168569
3.3 -0.42 0.000168324
3.36 -1.74 4.7909e-06
3.36 -1.68 6.39757e-06
3.36 -1.62 8.4256e-06
3.36 -1.56 1.0944e-05
3.36 -1.5 1.40198e-05
3.36 -1.44 1.77131e-05
3.36 -1.38 2.20715e-05
3.36 -1.32 2.7125e-05
3.36 -1.26 3.28766e-05
3.36 -1.2 3.93002e-05
3.36 -1.14 4.63335e-05
3.36 -1.08 5.38744e-05
3.36 -1.02 6.17816e-05
3.36 -0.96 6.98758e-05
3.36 -0.9 7.79436e-05
3.36 -0.84 8.57472e-05
3.36 -0.78 9.30376e-05
3.36 -0.72 9.9558e-05
3.36 -0.66 0.000105072
3.36 -0.6 0.000109368
3.36 -0.54 0.000112274
3.42 -1.74 3.18626e-06
3.42 -1.68 4.25477e-06
3.42 -1.62 5.60355e-06
3.42 -1.56 7.27845e-06
3.42 -1.5 9.32407e-06
3.42 -1.44 1.17803e-05
3.42 -1.38 1.46792e-05
3.42 -1.32 1.80398e-05
3.42 -1.26 2.18652e-05
3.42 -1.2 2.61376e-05
3.42 -1.14 3.08151e-05
3.42 -1.08 3.58303e-05
3.42 -1.02 4.10891e-05
3.42 -0.96 4.6472e-05
3.42 -0.9 5.18376e-05
3.42 -0.84 5.70281e-05
3.42 -0.78 6.18756e-05
3.42 -0.72 6.6213e-05
3.48 -1.68 2.79082e-06
3.48 -1.62 3.67552e-06
3.48 -1.56 4.77411e-06
3.48 -1.5 6.11586e-06
3.48 -1.44 7.72705e-06
3.48 -1.38 9.62843e-06
3.48 -1.32 1.18328e-05
3.48 -1.26 1.4342e-05
3.48 -1.2 1.71442e-05
3.48 -1.14 2.02121e-05
3.48 -1.08 2.35016e-05
3.48 -1.02 2.69511e-05
3.48 -0.96 3.04821e-05
