3092 0.06 0.06 0.254869 -12 -12
-2.4 0.18 4.05216e-06
-2.4 0.24 5.17885e-06
-2.4 0.3 6.52802e-06
-2.4 0.36 8.11538e-06
-2.4 0.42 9.95015e-06
-2.4 0.48 1.2032e-05
-2.4 0.54 1.43495e-05
-2.4 0.6 1.6878e-05
-2.4 0.66 1.95794e-05
-2.4 0.72 2.2401e-05
-2.4 0.78 2.52767e-05
-2.34 0.12 5.00959e-06
-2.34 0.18 6.49189e-06
-2.34 0.24 8.29702e-06
-2.34 0.3 1.04584e-05
-2.34 0.36 1.30016e-05
-2.34 0.42 1.5941e-05
-2.34 0.48 1.92762e-05
-2.34 0.54 2.29891e-05
-2.34 0.6 2.70401e-05
-2.34 0.66 3.13677e-05
-2.34 0.72 3.58881e-05
-2.34 0.78 4.04954e-05
-2.34 0.84 4.50661e-05
-2.34 0.9 4.94627e-05
-2.34 0.96 5.35429e-05
-2.34 1.02 5.71629e-05
-2.34 1.08 6.01884e-05
-2.28 0.06 6.02424e-06
-2.28 0.12 7.91545e-06
-2.28 0.18 1.02576e-05
-2.28 0.24 1.31098e-05
-2.28 0.3 1.65249e-05
-2.28 0.36 2.05433e-05
-2.28 0.42 2.51875e-05
-2.28 0.48 3.04577e-05
-2.28 0.54 3.63243e-05
-2.28 0.6 4.27251e-05
-2.28 0.66 4.95632e-05
-2.28 0.72 5.67055e-05
-2.28 0.78 6.39849e-05
-2.28 0.84 7.12073e-05
-2.28 0.9 7.81536e-05
-2.28 0.96 8.46012e-05
-2.28 1.02 9.03207e-05
-2.28 1.08 9.5101e-05
-2.28 1.14 9.87579e-05
-2.28 1.2 0.000101146
-2.28 1.26 0.000102168
-2.22 9.71445e-15 7.0466e-06
-2.22 0.06 9.3878e-06
-2.22 0.12 1.2335e-05
-2.22 0.18 1.59847e-05
-2.22 0.24 2.04295e-05
-2.22 0.3 2.57514e-05
-2.22 0.36 3.20136e-05
-2.22 0.42 3.92508e-05
-2.22 0.48 4.74634e-05
-2.22 0.54 5.66054e-05
-2.22 0.6 6.65803e-05
-2.22 0.66 7.72367e-05
-2.22 0.72 8.83667e-05
-2.22 0.78 9.97097e-05
-2.22 0.84 0.000110965
-2.22 0.9 0.000121791
-2.22 0.96 0.000131837
-2.22 1.02 0.00014075
-2.22 1.08 0.000148199
-2.22 1.14 0.000153898
-2.22 1.2 0.000157619
-2.22 1.26 0.000159213
-2.22 1.32 0.000158612
-2.22 1.38 0.000155839
-2.22 1.44 0.000151012
-2.16 9.71445e-15 1.08301e-05
-2.16 0.06 1.44284e-05
-2.16 0.12 1.8958e-05
-2.16 0.18 2.45672e-05
-2.16 0.24 3.13988e-05
-2.16 0.3 3.95777e-05
-2.16 0.36 4.92024e-05
-2.16 0.42 6.03258e-05
-2.16 0.48 7.29479e-05
-2.16 0.54 8.69986e-05
-2.16 0.6 0.000102329
-2.16 0.66 0.000118707
-2.16 0.72 0.000135812
-2.16 0.78 0.000153247
-2.16 0.84 0.000170545
-2.16 0.9 0.000187183
-2.16 0.96 0.000202624
-2.16 1.02 0.000216321
-2.16 1.08 0.00022777
-2.16 1.14 0.000236528
-2.16 1.2 0.000242249
-2.16 1.26 0.000244699
-2.16 1.32 0.000243774
-2.16 1.38 0.000239514
-2.16 1.44 0.000232093
-2.16 1.5 0.000221813
-2.16 1.56 0.000209073
-2.1 -0.06 1.21528e-05
-2.1 9.71445e-15 1.64162e-05
-2.1 0.06 2.18705e-05
-2.1 0.12 2.87364e-05
-2.1 0.18 3.72391e-05
-2.1 0.24 4.75941e-05
-2.1 0.3 5.99918e-05
-2.1 0.36 7.45803e-05
-2.1 0.42 9.1442e-05
-2.1 0.48 0.000110574
-2.1 0.54 0.000131872
-2.1 0.6 0.00015511
-2.1 0.66 0.000179934
-2.1 0.72 0.000205863
-2.1 0.78 0.000232293
-2.1 0.84 0.00025851
-2.1 0.9 0.000283733
-2.1 0.96 0.000307137
-2.1 1.02 0.000327901
-2.1 1.08 0.000345256
-2.1 1.14 0.000358533
-2.1 1.2 0.000367203
-2.1 1.26 0.000370913
-2.1 1.32 0.000369511
-2.1 1.38 0.000363053
-2.1 1.44 0.000351807
-2.1 1.5 0.00033622
-2.1 1.56 0.000316912
-2.1 1.62 0.000294605
-2.1 1.68 0.000270102
-2.04 -0.12 1.32647e-05
-2.04 -0.06 1.81679e-05
-2.04 9.71445e-15 2.45415e-05
-2.04 0.06 3.26955e-05
-2.04 0.12 4.29602e-05
-2.04 0.18 5.56712e-05
-2.04 0.24 7.11507e-05
-2.04 0.3 8.9686e-05
-2.04 0.36 0.000111495
-2.04 0.42 0.000136702
-2.04 0.48 0.000165304
-2.04 0.54 0.000197142
-2.04 0.6 0.000231882
-2.04 0.66 0.000268995
-2.04 0.72 0.00030776
-2.04 0.78 0.000347267
-2.04 0.84 0.000386462
-2.04 0.9 0.000424171
-2.04 0.96 0.000459151
-2.04 1.02 0.000490197
-2.04 1.08 0.000516145
-2.04 1.14 0.000535993
-2.04 1.2 0.000548951
-2.04 1.26 0.000554502
-2.04 1.32 0.000552404
-2.04 1.38 0.000542749
-2.04 1.44 0.000525939
-2.04 1.5 0.000502639
-2.04 1.56 0.000473769
-2.04 1.62 0.00044042
-2.04 1.68 0.000403791
-2.04 1.74 0.00036512
-1.98 -0.12 1.95576e-05
-1.98 -0.06 2.67872e-05
-1.98 9.71445e-15 3.61847e-05
-1.98 0.06 4.8207e-05
-1.98 0.12 6.33406e-05
-1.98 0.18 8.20816e-05
-1.98 0.24 0.000104906
-1.98 0.3 0.000132234
-1.98 0.36 0.000164388
-1.98 0.42 0.000201555
-1.98 0.48 0.000243728
-1.98 0.54 0.000290672
-1.98 0.6 0.000341892
-1.98 0.66 0.00039661
-1.98 0.72 0.000453764
-1.98 0.78 0.000512014
-1.98 0.84 0.000569806
-1.98 0.9 0.0006254
-1.98 0.96 0.00067699
-1.98 1.02 0.000722752
-1.98 1.08 0.000761006
-1.98 1.14 0.000790274
-1.98 1.2 0.000809384
-1.98 1.26 0.000817556
-1.98 1.32 0.00081447
-1.98 1.38 0.000800243
-1.98 1.44 0.000775444
-1.98 1.5 0.000741095
-1.98 1.56 0.000698531
-1.98 1.62 0.000649359
-1.98 1.68 0.000595355
-1.98 1.74 0.000538336
-1.98 1.8 0.000480084
-1.98 1.86 0.000422256
-1.92 -0.18 2.04789e-05
-1.92 -0.12 2.84398e-05
-1.92 -0.06 3.89522e-05
-1.92 9.71445e-15 5.26172e-05
-1.92 0.06 7.00996e-05
-1.92 0.12 9.21069e-05
-1.92 0.18 0.000119359
-1.92 0.24 0.000152549
-1.92 0.3 0.000192286
-1.92 0.36 0.000239047
-1.92 0.42 0.000293092
-1.92 0.48 0.000354413
-1.92 0.54 0.000422676
-1.92 0.6 0.000497159
-1.92 0.66 0.000576728
-1.92 0.72 0.000659833
-1.92 0.78 0.000744549
-1.92 0.84 0.000828577
-1.92 0.9 0.000909428
-1.92 0.96 0.000984434
-1.92 1.02 0.00105099
-1.92 1.08 0.00110661
-1.92 1.14 0.00114917
-1.92 1.2 0.00117696
-1.92 1.26 0.00118886
-1.92 1.32 0.00118436
-1.92 1.38 0.00116366
-1.92 1.44 0.00112761
-1.92 1.5 0.00107766
-1.92 1.56 0.00101577
-1.92 1.62 0.00094427
-1.92 1.68 0.000865735
-1.92 1.74 0.000782822
-1.92 1.8 0.00069812
-1.92 1.86 0.000614021
-1.92 1.92 0.000532636
-1.86 -0.18 2.93699e-05
-1.86 -0.12 4.07865e-05
-1.86 -0.06 5.58634e-05
-1.86 9.71445e-15 7.54614e-05
-1.86 0.06 0.000100534
-1.86 0.12 0.000132096
-1.86 0.18 0.000171179
-1.86 0.24 0.000218779
-1.86 0.3 0.00027577
-1.86 0.36 0.000342831
-1.86 0.42 0.000420336
-1.86 0.48 0.000508285
-1.86 0.54 0.000606185
-1.86 0.6 0.000713007
-1.86 0.66 0.000827125
-1.86 0.72 0.000946313
-1.86 0.78 0.00106779
-1.86 0.84 0.00118832
-1.86 0.9 0.00130426
-1.86 0.96 0.00141183
-1.86 1.02 0.00150728
-1.86 1.08 0.00158705
-1.86 1.14 0.00164809
-1.86 1.2 0.00168793
-1.86 1.26 0.00170499
-1.86 1.32 0.00169856
-1.86 1.38 0.00166888
-1.86 1.44 0.00161717
-1.86 1.5 0.00154555
-1.86 1.56 0.00145677
-1.86 1.62 0.00135421
-1.86 1.68 0.00124159
-1.86 1.74 0.00112268
-1.86 1.8 0.00100121
-1.86 1.86 0.000880603
-1.86 1.92 0.000763885
-1.86 1.98 0.000653523
-1.86 2.04 0.000551425
-1.8 -0.24 2.95026e-05
-1.8 -0.18 4.15417e-05
-1.8 -0.12 5.76908e-05
-1.8 -0.06 7.90162e-05
-1.8 9.71445e-15 0.000106736
-1.8 0.06 0.000142199
-1.8 0.12 0.000186842
-1.8 0.18 0.000242125
-1.8 0.24 0.000309447
-1.8 0.3 0.000390063
-1.8 0.36 0.000484912
-1.8 0.42 0.000594544
-1.8 0.48 0.000718938
-1.8 0.54 0.00085741
-1.8 0.6 0.0010085
-1.8 0.66 0.00116992
-1.8 0.72 0.00133851
-1.8 0.78 0.00151033
-1.8 0.84 0.0016808
-1.8 0.9 0.0018448
-1.8 0.96 0.00199695
-1.8 1.02 0.00213196
-1.8 1.08 0.00224482
-1.8 1.14 0.00233114
-1.8 1.2 0.0023875
-1.8 1.26 0.00241163
-1.8 1.32 0.00240251
-1.8 1.38 0.00236052
-1.8 1.44 0.00228741
-1.8 1.5 0.00218608
-1.8 1.56 0.0020605
-1.8 1.62 0.00191547
-1.8 1.68 0.00175616
-1.8 1.74 0.00158798
-1.8 1.8 0.00141616
-1.8 1.86 0.00124557
-1.8 1.92 0.00108046
-1.8 1.98 0.000924377
-1.8 2.04 0.000779952
-1.8 2.1 0.000649055
-1.74 -0.24 4.11561e-05
-1.74 -0.18 5.79511e-05
-1.74 -0.12 8.04789e-05
-1.74 -0.06 0.000110228
-1.74 9.71445e-15 0.000148897
-1.74 0.06 0.000198367
-1.74 0.12 0.000260645
-1.74 0.18 0.000337765
-1.74 0.24 0.000431682
-1.74 0.3 0.000544138
-1.74 0.36 0.000676457
-1.74 0.42 0.00082939
-1.74 0.48 0.00100292
-1.74 0.54 0.00119608
-1.74 0.6 0.00140686
-1.74 0.66 0.00163203
-1.74 0.72 0.00186722
-1.74 0.78 0.00210692
-1.74 0.84 0.00234473
-1.74 0.9 0.0025735
-1.74 0.96 0.00278575
-1.74 1.02 0.00297411
-1.74 1.08 0.00313153
-1.74 1.14 0.00325195
-1.74 1.2 0.00333057
-1.74 1.26 0.00336424
-1.74 1.32 0.00335153
-1.74 1.38 0.00329292
-1.74 1.44 0.00319095
-1.74 1.5 0.00304957
-1.74 1.56 0.00287442
-1.74 1.62 0.00267209
-1.74 1.68 0.00244985
-1.74 1.74 0.00221523
-1.74 1.8 0.00197555
-1.74 1.86 0.00173758
-1.74 1.92 0.00150725
-1.74 1.98 0.00128951
-1.74 2.04 0.00108804
-1.74 2.1 0.000905433
-1.74 2.16 0.000743114
-1.68 -0.24 5.66235e-05
-1.68 -0.18 7.97311e-05
-1.68 -0.12 0.000110725
-1.68 -0.06 0.000151653
-1.68 9.71445e-15 0.000204855
-1.68 0.06 0.000272919
-1.68 0.12 0.000358602
-1.68 0.18 0.000464706
-1.68 0.24 0.000593923
-1.68 0.3 0.000748636
-1.68 0.36 0.00093069
-1.68 0.42 0.0011411
-1.68 0.48 0.00137984
-1.68 0.54 0.00164561
-1.68 0.6 0.0019356
-1.68 0.66 0.0022454
-1.68 0.72 0.00256896
-1.68 0.78 0.00289876
-1.68 0.84 0.00322595
-1.68 0.9 0.00354069
-1.68 0.96 0.00383271
-1.68 1.02 0.00409185
-1.68 1.08 0.00430843
-1.68 1.14 0.0044741
-1.68 1.2 0.00458228
-1.68 1.26 0.00462862
-1.68 1.32 0.00461112
-1.68 1.38 0.0045305
-1.68 1.44 0.00439019
-1.68 1.5 0.00419569
-1.68 1.56 0.00395473
-1.68 1.62 0.00367634
-1.68 1.68 0.00337058
-1.68 1.74 0.00304778
-1.68 1.8 0.00271802
-1.68 1.86 0.0023906
-1.68 1.92 0.00207373
-1.68 1.98 0.00177413
-1.68 2.04 0.00149696
-1.68 2.1 0.00124572
-1.68 2.16 0.00102239
-1.68 2.22 0.000827578
-1.62 -0.3 5.38156e-05
-1.62 -0.24 7.68333e-05
-1.62 -0.18 0.000108189
-1.62 -0.12 0.000150245
-1.62 -0.06 0.000205781
-1.62 9.71445e-15 0.000277972
-1.62 0.06 0.00037033
-1.62 0.12 0.000486593
-1.62 0.18 0.000630563
-1.62 0.24 0.000805906
-1.62 0.3 0.00101583
-1.62 0.36 0.00126287
-1.62 0.42 0.00154838
-1.62 0.48 0.00187233
-1.62 0.54 0.00223297
-1.62 0.6 0.00262646
-1.62 0.66 0.00304681
-1.62 0.72 0.00348585
-1.62 0.78 0.00393339
-1.62 0.84 0.00437732
-1.62 0.9 0.00480443
-1.62 0.96 0.0052007
-1.62 1.02 0.00555228
-1.62 1.08 0.00584614
-1.62 1.14 0.00607097
-1.62 1.2 0.0062178
-1.62 1.26 0.00628066
-1.62 1.32 0.00625688
-1.62 1.38 0.00614753
-1.62 1.44 0.00595709
-1.62 1.5 0.00569319
-1.62 1.56 0.00536625
-1.62 1.62 0.00498851
-1.62 1.68 0.00457361
-1.62 1.74 0.00413559
-1.62 1.8 0.00368812
-1.62 1.86 0.00324383
-1.62 1.92 0.00281388
-1.62 1.98 0.00240733
-1.62 2.04 0.00203125
-1.62 2.1 0.00169035
-1.62 2.16 0.00138731
-1.62 2.22 0.00112296
-1.62 2.28 0.000896489
-1.56 -0.3 7.20199e-05
-1.56 -0.24 0.000102823
-1.56 -0.18 0.000144785
-1.56 -0.12 0.000201068
-1.56 -0.06 0.000275392
-1.56 9.71445e-15 0.000372003
-1.56 0.06 0.000495601
-1.56 0.12 0.000651188
-1.56 0.18 0.000843865
-1.56 0.24 0.00107851
-1.56 0.3 0.00135946
-1.56 0.36 0.00169003
-1.56 0.42 0.00207214
-1.56 0.48 0.00250569
-1.56 0.54 0.00298829
-1.56 0.6 0.00351488
-1.56 0.66 0.00407741
-1.56 0.72 0.00466502
-1.56 0.78 0.00526392
-1.56 0.84 0.005858
-1.56 0.9 0.00642959
-1.56 0.96 0.0069599
-1.56 1.02 0.00743046
-1.56 1.08 0.00782375
-1.56 1.14 0.00812462
-1.56 1.2 0.0083211
-1.56 1.26 0.00840515
-1.56 1.32 0.00837336
-1.56 1.38 0.00822703
-1.56 1.44 0.00797221
-1.56 1.5 0.00761895
-1.56 1.56 0.00718143
-1.56 1.62 0.00667594
-1.56 1.68 0.00612071
-1.56 1.74 0.0055345
-1.56 1.8 0.00493564
-1.56 1.86 0.00434113
-1.56 1.92 0.00376569
-1.56 1.98 0.00322168
-1.56 2.04 0.00271832
-1.56 2.1 0.00226213
-1.56 2.16 0.0018566
-1.56 2.22 0.00150282
-1.56 2.28 0.00119974
-1.56 2.34 0.000944611
-1.5 -0.3 9.5056e-05
-1.5 -0.24 0.000135714
-1.5 -0.18 0.000191095
-1.5 -0.12 0.000265381
-1.5 -0.06 0.00036348
-1.5 9.71445e-15 0.000490994
-1.5 0.06 0.000654127
-1.5 0.12 0.000859489
-1.5 0.18 0.00111379
-1.5 0.24 0.00142348
-1.5 0.3 0.00179432
-1.5 0.36 0.00223063
-1.5 0.42 0.00273495
-1.5 0.48 0.00330717
-1.5 0.54 0.00394415
-1.5 0.6 0.00463918
-1.5 0.66 0.00538171
-1.5 0.72 0.00615724
-1.5 0.78 0.00694764
-1.5 0.84 0.0077318
-1.5 0.9 0.00848623
-1.5 0.96 0.00918611
-1.5 1.02 0.00980717
-1.5 1.08 0.0103263
-1.5 1.14 0.0107234
-1.5 1.2 0.0109827
-1.5 1.26 0.0110937
-1.5 1.32 0.0110517
-1.5 1.38 0.0108586
-1.5 1.44 0.0105223
-1.5 1.5 0.0100561
-1.5 1.56 0.00947847
-1.5 1.62 0.0088113
-1.5 1.68 0.00807849
-1.5 1.74 0.00730482
-1.5 1.8 0.00651445
-1.5 1.86 0.0057297
-1.5 1.92 0.00497022
-1.5 1.98 0.00425219
-1.5 2.04 0.00358784
-1.5 2.1 0.0029857
-1.5 2.16 0.00245045
-1.5 2.22 0.00198352
-1.5 2.28 0.00158348
-1.5 2.34 0.00124676
-1.5 2.4 0.000968155
-1.44 -0.36 8.54767e-05
-1.44 -0.3 0.000123738
-1.44 -0.24 0.000176661
-1.44 -0.18 0.000248756
-1.44 -0.12 0.000345454
-1.44 -0.06 0.000473152
-1.44 9.71445e-15 0.000639144
-1.44 0.06 0.0008515
-1.44 0.12 0.00111881
-1.44 0.18 0.00144984
-1.44 0.24 0.00185301
-1.44 0.3 0.0023357
-1.44 0.36 0.00290367
-1.44 0.42 0.00356014
-1.44 0.48 0.00430506
-1.44 0.54 0.00513426
-1.44 0.6 0.006039
-1.44 0.66 0.0070055
-1.44 0.72 0.00801501
-1.44 0.78 0.00904392
-1.44 0.84 0.0100647
-1.44 0.9 0.0110467
-1.44 0.96 0.011958
-1.44 1.02 0.0127663
-1.44 1.08 0.0134419
-1.44 1.14 0.0139589
-1.44 1.2 0.0142965
-1.44 1.26 0.0144409
-1.44 1.32 0.0143863
-1.44 1.38 0.014135
-1.44 1.44 0.013697
-1.44 1.5 0.0130903
-1.44 1.56 0.0123385
-1.44 1.62 0.0114699
-1.44 1.68 0.010516
-1.44 1.74 0.00950885
-1.44 1.8 0.00847991
-1.44 1.86 0.0074585
-1.44 1.92 0.00646992
-1.44 1.98 0.00553517
-1.44 2.04 0.0046704
-1.44 2.1 0.00388656
-1.44 2.16 0.00318985
-1.44 2.22 0.00258203
-1.44 2.28 0.00206129
-1.44 2.34 0.00162296
-1.44 2.4 0.00126026
-1.44 2.46 0.000965182
-1.38 -0.36 0.000109739
-1.38 -0.3 0.000158858
-1.38 -0.24 0.000226805
-1.38 -0.18 0.000319362
-1.38 -0.12 0.000443507
-1.38 -0.06 0.000607445
-1.38 9.71445e-15 0.000820547
-1.38 0.06 0.00109318
-1.38 0.12 0.00143638
-1.38 0.18 0.00186137
-1.38 0.24 0.00237895
-1.38 0.3 0.00299864
-1.38 0.36 0.00372786
-1.38 0.42 0.00457066
-1.38 0.48 0.00552695
-1.38 0.54 0.00659147
-1.38 0.6 0.00775302
-1.38 0.66 0.00899386
-1.38 0.72 0.0102899
-1.38 0.78 0.011611
-1.38 0.84 0.0129214
-1.38 0.9 0.0141822
-1.38 0.96 0.0153519
-1.38 1.02 0.0163897
-1.38 1.08 0.0172573
-1.38 1.14 0.0179209
-1.38 1.2 0.0183543
-1.38 1.26 0.0185399
-1.38 1.32 0.0184697
-1.38 1.38 0.0181469
-1.38 1.44 0.0175848
-1.38 1.5 0.0168057
-1.38 1.56 0.0158406
-1.38 1.62 0.0147255
-1.38 1.68 0.0135008
-1.38 1.74 0.0122078
-1.38 1.8 0.010887
-1.38 1.86 0.00957548
-1.38 1.92 0.00830627
-1.38 1.98 0.00710623
-1.38 2.04 0.00599604
-1.38 2.1 0.00498973
-1.38 2.16 0.0040952
-1.38 2.22 0.00331485
-1.38 2.28 0.00264634
-1.38 2.34 0.0020836
-1.38 2.4 0.00161797
-1.38 2.46 0.00123913
-1.32 -0.36 0.000138949
-1.32 -0.3 0.000201145
-1.32 -0.24 0.000287178
-1.32 -0.18 0.000404369
-1.32 -0.12 0.000561559
-1.32 -0.06 0.000769142
-1.32 9.71445e-15 0.00103897
-1.32 0.06 0.00138417
-1.32 0.12 0.00181872
-1.32 0.18 0.00235683
-1.32 0.24 0.00301218
-1.32 0.3 0.00379687
-1.32 0.36 0.00472015
-1.32 0.42 0.00578725
-1.32 0.48 0.00699815
-1.32 0.54 0.00834606
-1.32 0.6 0.00981677
-1.32 0.66 0.011388
-1.32 0.72 0.0130291
-1.32 0.78 0.0147014
-1.32 0.84 0.016361
-1.32 0.9 0.0179572
-1.32 0.96 0.0194384
-1.32 1.02 0.0207525
-1.32 1.08 0.0218509
-1.32 1.14 0.0226912
-1.32 1.2 0.0232399
-1.32 1.26 0.0234746
-1.32 1.32 0.0233861
-1.32 1.38 0.0229773
-1.32 1.44 0.0222655
-1.32 1.5 0.0212793
-1.32 1.56 0.020057
-1.32 1.62 0.018645
-1.32 1.68 0.0170944
-1.32 1.74 0.0154573
-1.32 1.8 0.0137848
-1.32 1.86 0.0121243
-1.32 1.92 0.0105173
-1.32 1.98 0.00899785
-1.32 2.04 0.00759211
-1.32 2.1 0.00631785
-1.32 2.16 0.00518531
-1.32 2.22 0.00419726
-1.32 2.28 0.00335076
-1.32 2.34 0.00263823
-1.32 2.4 0.00204867
-1.32 2.46 0.00156897
-1.32 2.52 0.00118509
-1.26 -0.36 0.000173517
-1.26 -0.3 0.000251186
-1.26 -0.24 0.000358622
-1.26 -0.18 0.000504968
-1.26 -0.12 0.000701273
-1.26 -0.06 0.000960496
-1.26 9.71445e-15 0.00129745
-1.26 0.06 0.00172853
-1.26 0.12 0.00227118
-1.26 0.18 0.00294319
-1.26 0.24 0.00376154
-1.26 0.3 0.00474147
-1.26 0.36 0.0058944
-1.26 0.42 0.00722706
-1.26 0.48 0.0087392
-1.26 0.54 0.0104224
-1.26 0.6 0.012259
-1.26 0.66 0.014221
-1.26 0.72 0.0162705
-1.26 0.78 0.0183591
-1.26 0.84 0.0204312
-1.26 0.9 0.0224247
-1.26 0.96 0.0242743
-1.26 1.02 0.0259155
-1.26 1.08 0.0272873
-1.26 1.14 0.0283366
-1.26 1.2 0.0290218
-1.26 1.26 0.0293148
-1.26 1.32 0.0292041
-1.26 1.38 0.0286938
-1.26 1.44 0.027805
-1.26 1.5 0.0265731
-1.26 1.56 0.0250468
-1.26 1.62 0.0232839
-1.26 1.68 0.0213474
-1.26 1.74 0.0193028
-1.26 1.8 0.0172143
-1.26 1.86 0.0151407
-1.26 1.92 0.0131337
-1.26 1.98 0.0112364
-1.26 2.04 0.0094808
-1.26 2.1 0.0078897
-1.26 2.16 0.00647534
-1.26 2.22 0.00524145
-1.26 2.28 0.00418436
-1.26 2.34 0.00329454
-1.26 2.4 0.00255833
-1.26 2.46 0.00195932
-1.26 2.52 0.00147991
-1.26 2.58 0.00110246
-1.2 -0.42 0.000145598
-1.2 -0.36 0.000213706
-1.2 -0.3 0.000309367
-1.2 -0.24 0.000441682
-1.2 -0.18 0.000621931
-1.2 -0.12 0.000863701
-1.2 -0.06 0.00118296
-1.2 9.71445e-15 0.00159796
-1.2 0.06 0.00212888
-1.2 0.12 0.00279721
-1.2 0.18 0.00362488
-1.2 0.24 0.00463281
-1.2 0.3 0.00583965
-1.2 0.36 0.00725968
-1.2 0.42 0.00890098
-1.2 0.48 0.0107633
-1.2 0.54 0.0128364
-1.2 0.6 0.0150984
-1.2 0.66 0.0175148
-1.2 0.72 0.0200389
-1.2 0.78 0.0226115
-1.2 0.84 0.0251635
-1.2 0.9 0.0276186
-1.2 0.96 0.0298968
-1.2 1.02 0.0319181
-1.2 1.08 0.0336075
-1.2 1.14 0.0348998
-1.2 1.2 0.0357437
-1.2 1.26 0.0361047
-1.2 1.32 0.0359685
-1.2 1.38 0.0353396
-1.2 1.44 0.0342452
-1.2 1.5 0.0327277
-1.2 1.56 0.0308483
-1.2 1.62 0.0286769
-1.2 1.68 0.0262918
-1.2 1.74 0.0237737
-1.2 1.8 0.0212014
-1.2 1.86 0.0186477
-1.2 1.92 0.0161758
-1.2 1.98 0.0138389
-1.2 2.04 0.0116768
-1.2 2.1 0.0097171
-1.2 2.16 0.00797509
-1.2 2.22 0.00645547
-1.2 2.28 0.00515356
-1.2 2.34 0.00405764
-1.2 2.4 0.00315086
-1.2 2.46 0.00241312
-1.2 2.52 0.00182269
-1.2 2.58 0.0013578
-1.14 -0.42 0.000176857
-1.14 -0.36 0.000259586
-1.14 -0.3 0.000375784
-1.14 -0.24 0.000536506
-1.14 -0.18 0.000755453
-1.14 -0.12 0.00104912
-1.14 -0.06 0.00143692
-1.14 9.71445e-15 0.00194102
-1.14 0.06 0.00258592
-1.14 0.12 0.00339773
-1.14 0.18 0.00440309
-1.14 0.24 0.00562742
-1.14 0.3 0.00709334
-1.14 0.36 0.00881827
-1.14 0.42 0.0108119
-1.14 0.48 0.0130741
-1.14 0.54 0.0155923
-1.14 0.6 0.0183399
-1.14 0.66 0.0212751
-1.14 0.72 0.024341
-1.14 0.78 0.0274658
-1.14 0.84 0.030566
-1.14 0.9 0.0335478
-1.14 0.96 0.0363153
-1.14 1.02 0.0387705
-1.14 1.08 0.0408225
-1.14 1.14 0.0423922
-1.14 1.2 0.0434173
-1.14 1.26 0.0438558
-1.14 1.32 0.0436905
-1.14 1.38 0.0429267
-1.14 1.44 0.0415972
-1.14 1.5 0.0397542
-1.14 1.56 0.037471
-1.14 1.62 0.0348334
-1.14 1.68 0.0319362
-1.14 1.74 0.0288775
-1.14 1.8 0.0257531
-1.14 1.86 0.0226511
-1.14 1.92 0.0196485
-1.14 1.98 0.0168099
-1.14 2.04 0.0141837
-1.14 2.1 0.0118032
-1.14 2.16 0.00968727
-1.14 2.22 0.0078414
-1.14 2.28 0.00625998
-1.14 2.34 0.00492877
-1.14 2.4 0.00382734
-1.14 2.46 0.00293118
-1.14 2.52 0.00221401
-1.14 2.58 0.00164931
-1.14 2.64 0.00121177
-1.08 -0.42 0.000211872
-1.08 -0.36 0.000310983
-1.08 -0.3 0.000450186
-1.08 -0.24 0.000642733
-1.08 -0.18 0.000905025
-1.08 -0.12 0.00125684
-1.08 -0.06 0.00172142
-1.08 9.71445e-15 0.00232533
-1.08 0.06 0.0030979
-1.08 0.12 0.00407047
-1.08 0.18 0.00527486
-1.08 0.24 0.0067416
-1.08 0.3 0.00849777
-1.08 0.36 0.0105643
-1.08 0.42 0.0129525
-1.08 0.48 0.0156626
-1.08 0.54 0.0186794
-1.08 0.6 0.021971
-1.08 0.66 0.0254876
-1.08 0.72 0.0291603
-1.08 0.78 0.0329036
-1.08 0.84 0.0366178
-1.08 0.9 0.0401901
-1.08 0.96 0.0435053
-1.08 1.02 0.0464466
-1.08 1.08 0.0489049
-1.08 1.14 0.0507854
-1.08 1.2 0.0520133
-1.08 1.26 0.0525392
-1.08 1.32 0.0523409
-1.08 1.38 0.0514257
-1.08 1.44 0.049833
-1.08 1.5 0.0476254
-1.08 1.56 0.04489
-1.08 1.62 0.0417298
-1.08 1.68 0.0382591
-1.08 1.74 0.034595
-1.08 1.8 0.030852
-1.08 1.86 0.0271357
-1.08 1.92 0.0235389
-1.08 1.98 0.0201381
-1.08 2.04 0.016992
-1.08 2.1 0.0141401
-1.08 2.16 0.0116052
-1.08 2.22 0.00939391
-1.08 2.28 0.00749937
-1.08 2.34 0.00590465
-1.08 2.4 0.00458514
-1.08 2.46 0.00351152
-1.08 2.52 0.00265237
-1.08 2.58 0.00197585
-1.08 2.64 0.00145168
-1.08 2.7 0.00105189
-1.02 -0.42 0.000250332
-1.02 -0.36 0.000367436
-1.02 -0.3 0.000531902
-1.02 -0.24 0.000759404
-1.02 -0.18 0.00106932
-1.02 -0.12 0.00148499
-1.02 -0.06 0.00203389
-1.02 9.71445e-15 0.00274742
-1.02 0.06 0.00366027
-1.02 0.12 0.00480937
-1.02 0.18 0.00623236
-1.02 0.24 0.00796542
-1.02 0.3 0.0100402
-1.02 0.36 0.0124819
-1.02 0.42 0.0153038
-1.02 0.48 0.0185058
-1.02 0.54 0.0220703
-1.02 0.6 0.0259595
-1.02 0.66 0.0301142
-1.02 0.72 0.0344534
-1.02 0.78 0.0388768
-1.02 0.84 0.0432647
-1.02 0.9 0.0474859
-1.02 0.96 0.0514027
-1.02 1.02 0.0548775
-1.02 1.08 0.057782
-1.02 1.14 0.0600039
-1.02 1.2 0.0614553
-1.02 1.26 0.0620767
-1.02 1.32 0.0618419
-1.02 1.38 0.0607611
-1.02 1.44 0.0588787
-1.02 1.5 0.0562706
-1.02 1.56 0.0530389
-1.02 1.62 0.0493053
-1.02 1.68 0.0452045
-1.02 1.74 0.0408752
-1.02 1.8 0.0364525
-1.02 1.86 0.0320614
-1.02 1.92 0.0278119
-1.02 1.98 0.0237935
-1.02 2.04 0.0200765
-1.02 2.1 0.016707
-1.02 2.16 0.0137119
-1.02 2.22 0.0110991
-1.02 2.28 0.00886073
-1.02 2.34 0.00697652
-1.02 2.4 0.00541744
-1.02 2.46 0.00414894
-1.02 2.52 0.00313385
-1.02 2.58 0.00233452
-1.02 2.64 0.00171519
-1.02 2.7 0.00124284
-0.96 -0.42 0.000291708
-0.96 -0.36 0.000428166
-0.96 -0.3 0.000619822
-0.96 -0.24 0.000884916
-0.96 -0.18 0.00124605
-0.96 -0.12 0.00173044
-0.96 -0.06 0.00237009
-0.96 9.71445e-15 0.00320155
-0.96 0.06 0.00426526
-0.96 0.12 0.00560428
-0.96 0.18 0.00726252
-0.96 0.24 0.00928195
-0.96 0.3 0.0116999
-0.96 0.36 0.0145449
-0.96 0.42 0.0178334
-0.96 0.48 0.0215645
-0.96 0.54 0.0257181
-0.96 0.6 0.03025
-0.96 0.66 0.0350912
-0.96 0.72 0.0401482
-0.96 0.78 0.0453026
-0.96 0.84 0.0504155
-0.96 0.9 0.0553346
-0.96 0.96 0.0598988
-0.96 1.02 0.0639485
-0.96 1.08 0.0673332
-0.96 1.14 0.0699225
-0.96 1.2 0.0716134
-0.96 1.26 0.0723368
-0.96 1.32 0.0720633
-0.96 1.38 0.0708037
-0.96 1.44 0.0686108
-0.96 1.5 0.0655705
-0.96 1.56 0.0618053
-0.96 1.62 0.0574548
-0.96 1.68 0.0526763
-0.96 1.74 0.0476313
-0.96 1.8 0.0424773
-0.96 1.86 0.0373609
-0.96 1.92 0.0324086
-0.96 1.98 0.0277265
-0.96 2.04 0.0233946
-0.96 2.1 0.0194685
-0.96 2.16 0.0159783
-0.96 2.22 0.0129337
-0.96 2.28 0.0103253
-0.96 2.34 0.00812957
-0.96 2.4 0.00631279
-0.96 2.46 0.00483475
-0.96 2.52 0.00365179
-0.96 2.58 0.00272039
-0.96 2.64 0.00199869
-0.96 2.7 0.00144826
-0.96 2.76 0.00103499
-0.9 -0.42 0.00033525
-0.9 -0.36 0.00049208
-0.9 -0.3 0.000712333
-0.9 -0.24 0.00101702
-0.9 -0.18 0.00143204
-0.9 -0.12 0.00198872
-0.9 -0.06 0.00272385
-0.9 9.71445e-15 0.00367942
-0.9 0.06 0.00490193
-0.9 0.12 0.00644087
-0.9 0.18 0.00834656
-0.9 0.24 0.0106674
-0.9 0.3 0.0134463
-0.9 0.36 0.016716
-0.9 0.42 0.0204953
-0.9 0.48 0.0247834
-0.9 0.54 0.0295569
-0.9 0.6 0.0347653
-0.9 0.66 0.0403297
-0.9 0.72 0.0461413
-0.9 0.78 0.0520646
-0.9 0.84 0.0579408
-0.9 0.9 0.0635945
-0.9 0.96 0.0688392
-0.9 1.02 0.0734932
-0.9 1.08 0.0773835
-0.9 1.14 0.0803593
-0.9 1.2 0.0823023
-0.9 1.26 0.0831344
-0.9 1.32 0.0828196
-0.9 1.38 0.0813727
-0.9 1.44 0.078852
-0.9 1.5 0.0753591
-0.9 1.56 0.0710302
-0.9 1.62 0.0660306
-0.9 1.68 0.060539
-0.9 1.74 0.0547412
-0.9 1.8 0.0488183
-0.9 1.86 0.0429374
-0.9 1.92 0.0372461
-0.9 1.98 0.0318652
-0.9 2.04 0.0268867
-0.9 2.1 0.0223744
-0.9 2.16 0.0183633
-0.9 2.22 0.0148641
-0.9 2.28 0.0118664
-0.9 2.34 0.00934306
-0.9 2.4 0.00725519
-0.9 2.46 0.00555639
-0.9 2.52 0.0041969
-0.9 2.58 0.00312645
-0.9 2.64 0.00229702
-0.9 2.7 0.00166445
-0.9 2.76 0.00118949
-0.84 -0.42 0.000379999
-0.84 -0.36 0.00055775
-0.84 -0.3 0.000807417
-0.84 -0.24 0.00115275
-0.84 -0.18 0.00162318
-0.84 -0.12 0.00225416
-0.84 -0.06 0.00308741
-0.84 9.71445e-15 0.00417054
-0.84 0.06 0.0055562
-0.84 0.12 0.00730043
-0.84 0.18 0.00946053
-0.84 0.24 0.0120912
-0.84 0.3 0.0152409
-0.84 0.36 0.018947
-0.84 0.42 0.0232305
-0.84 0.48 0.0280914
-0.84 0.54 0.0335021
-0.84 0.6 0.0394056
-0.84 0.66 0.0457121
-0.84 0.72 0.0522997
-0.84 0.78 0.0590134
-0.84 0.84 0.0656745
-0.84 0.9 0.0720816
-0.84 0.96 0.0780281
-0.84 1.02 0.0833029
-0.84 1.08 0.0877116
-0.84 1.14 0.0910846
-0.84 1.2 0.0932871
-0.84 1.26 0.0942295
-0.84 1.32 0.0938741
-0.84 1.38 0.0922337
-0.84 1.44 0.0893762
-0.84 1.5 0.0854166
-0.84 1.56 0.0805111
-0.84 1.62 0.0748435
-0.84 1.68 0.0686187
-0.84 1.74 0.0620469
-0.84 1.8 0.0553332
-0.84 1.86 0.0486684
-0.84 1.92 0.0422174
-0.84 1.98 0.0361181
-0.84 2.04 0.0304753
-0.84 2.1 0.0253605
-0.84 2.16 0.0208144
-0.84 2.22 0.0168482
-0.84 2.28 0.0134503
-0.84 2.34 0.0105901
-0.84 2.4 0.0082235
-0.84 2.46 0.006298
-0.84 2.52 0.00475703
-0.84 2.58 0.00354376
-0.84 2.64 0.00260362
-0.84 2.7 0.00188658
-0.84 2.76 0.00134824
-0.78 -0.42 0.000424795
-0.78 -0.36 0.000623512
-0.78 -0.3 0.000902597
-0.78 -0.24 0.00128865
-0.78 -0.18 0.00181454
-0.78 -0.12 0.00251992
-0.78 -0.06 0.00345139
-0.78 9.71445e-15 0.0046622
-0.78 0.06 0.00621123
-0.78 0.12 0.00816118
-0.78 0.18 0.0105758
-0.78 0.24 0.0135166
-0.78 0.3 0.0170376
-0.78 0.36 0.0211807
-0.78 0.42 0.0259695
-0.78 0.48 0.0314031
-0.78 0.54 0.0374514
-0.78 0.6 0.0440509
-0.78 0.66 0.0511012
-0.78 0.72 0.0584649
-0.78 0.78 0.0659711
-0.78 0.84 0.0734159
-0.78 0.9 0.0805803
-0.78 0.96 0.087226
-0.78 1.02 0.0931231
-0.78 1.08 0.0980521
-0.78 1.14 0.101823
-0.78 1.2 0.104286
-0.78 1.26 0.105339
-0.78 1.32 0.10494
-0.78 1.38 0.103107
-0.78 1.44 0.0999124
-0.78 1.5 0.0954867
-0.78 1.56 0.0900026
-0.78 1.62 0.0836675
-0.78 1.68 0.0767089
-0.78 1.74 0.0693624
-0.78 1.8 0.0618572
-0.78 1.86 0.0544057
-0.78 1.92 0.0471942
-0.78 1.98 0.040376
-0.78 2.04 0.034068
-0.78 2.1 0.0283506
-0.78 2.16 0.0232682
-0.78 2.22 0.0188343
-0.78 2.28 0.0150359
-0.78 2.34 0.0118385
-0.78 2.4 0.00919294
-0.78 2.46 0.0070405
-0.78 2.52 0.00531787
-0.78 2.58 0.00396152
-0.78 2.64 0.00291053
-0.78 2.7 0.002109
-0.78 2.76 0.00150719
-0.78 2.82 0.0010623
-0.72 -0.42 0.000468345
-0.72 -0.36 0.000687432
-0.72 -0.3 0.000995134
-0.72 -0.24 0.00142077
-0.72 -0.18 0.00200058
-0.72 -0.12 0.00277825
-0.72 -0.06 0.00380519
-0.72 9.71445e-15 0.00514015
-0.72 0.06 0.006848
-0.72 0.12 0.00899784
-0.72 0.18 0.0116601
-0.72 0.24 0.0149025
-0.72 0.3 0.0187843
-0.72 0.36 0.0233524
-0.72 0.42 0.0286318
-0.72 0.48 0.0346225
-0.72 0.54 0.0412912
-0.72 0.6 0.0485675
-0.72 0.66 0.0563407
-0.72 0.72 0.064459
-0.72 0.78 0.0727342
-0.72 0.84 0.0809438
-0.72 0.9 0.0888409
-0.72 0.96 0.0961691
-0.72 1.02 0.10267
-0.72 1.08 0.108104
-0.72 1.14 0.112261
-0.72 1.2 0.114976
-0.72 1.26 0.116139
-0.72 1.32 0.1157
-0.72 1.38 0.113678
-0.72 1.44 0.110156
-0.72 1.5 0.105277
-0.72 1.56 0.0992302
-0.72 1.62 0.0922448
-0.72 1.68 0.0845726
-0.72 1.74 0.076473
-0.72 1.8 0.0681988
-0.72 1.86 0.0599835
-0.72 1.92 0.0520332
-0.72 1.98 0.0445152
-0.72 2.04 0.0375611
-0.72 2.1 0.031257
-0.72 2.16 0.0256536
-0.72 2.22 0.0207653
-0.72 2.28 0.0165775
-0.72 2.34 0.0130523
-0.72 2.4 0.0101355
-0.72 2.46 0.0077622
-0.72 2.52 0.0058631
-0.72 2.58 0.00436765
-0.72 2.64 0.00320895
-0.72 2.7 0.00232522
-0.72 2.76 0.00166172
-0.72 2.82 0.00117122
-0.66 -0.42 0.000509265
-0.66 -0.36 0.000747496
-0.66 -0.3 0.00108208
-0.66 -0.24 0.00154491
-0.66 -0.18 0.00217535
-0.66 -0.12 0.00302097
-0.66 -0.06 0.00413768
-0.66 9.71445e-15 0.00558925
-0.66 0.06 0.00744632
-0.66 0.12 0.00978404
-0.66 0.18 0.0126788
-0.66 0.24 0.0162044
-0.66 0.3 0.0204257
-0.66 0.36 0.0253926
-0.66 0.42 0.0311334
-0.66 0.48 0.0376475
-0.66 0.54 0.0448987
-0.66 0.6 0.0528107
-0.66 0.66 0.0612632
-0.66 0.72 0.0700912
-0.66 0.78 0.0790887
-0.66 0.84 0.0880157
-0.66 0.9 0.0966034
-0.66 0.96 0.104571
-0.66 1.02 0.11164
-0.66 1.08 0.117549
-0.66 1.14 0.12207
-0.66 1.2 0.125022
-0.66 1.26 0.126285
-0.66 1.32 0.125808
-0.66 1.38 0.12361
-0.66 1.44 0.11978
-0.66 1.5 0.114475
-0.66 1.56 0.107899
-0.66 1.62 0.100304
-0.66 1.68 0.0919619
-0.66 1.74 0.0831548
-0.66 1.8 0.0741574
-0.66 1.86 0.0652239
-0.66 1.92 0.0565791
-0.66 1.98 0.048405
-0.66 2.04 0.0408426
-0.66 2.1 0.0339879
-0.66 2.16 0.0278949
-0.66 2.22 0.0225795
-0.66 2.28 0.0180258
-0.66 2.34 0.0141927
-0.66 2.4 0.0110211
-0.66 2.46 0.00844045
-0.66 2.52 0.00637531
-0.66 2.58 0.00474925
-0.66 2.64 0.0034893
-0.66 2.7 0.00252838
-0.66 2.76 0.00180691
-0.66 2.82 0.00127355
-0.66 2.88 0.000885288
-0.6 -0.42 0.000546146
-0.6 -0.36 0.000801634
-0.6 -0.3 0.00116044
-0.6 -0.24 0.0016568
-0.6 -0.18 0.00233289
-0.6 -0.12 0.00323977
-0.6 -0.06 0.00443734
-0.6 9.71445e-15 0.00599403
-0.6 0.06 0.00798559
-0.6 0.12 0.0104926
-0.6 0.18 0.0135971
-0.6 0.24 0.0173779
-0.6 0.3 0.021905
-0.6 0.36 0.0272315
-0.6 0.42 0.0333883
-0.6 0.48 0.040374
-0.6 0.54 0.0481502
-0.6 0.6 0.0566352
-0.6 0.66 0.0656998
-0.6 0.72 0.0751674
-0.6 0.78 0.0848169
-0.6 0.84 0.0943895
-0.6 0.9 0.1036
-0.6 0.96 0.112144
-0.6 1.02 0.119725
-0.6 1.08 0.126063
-0.6 1.14 0.130911
-0.6 1.2 0.134076
-0.6 1.26 0.135432
-0.6 1.32 0.134919
-0.6 1.38 0.132562
-0.6 1.44 0.128455
-0.6 1.5 0.122765
-0.6 1.56 0.115713
-0.6 1.62 0.107568
-0.6 1.68 0.0986223
-0.6 1.74 0.0891773
-0.6 1.8 0.0795284
-0.6 1.86 0.0699479
-0.6 1.92 0.0606764
-0.6 1.98 0.0519106
-0.6 2.04 0.0438003
-0.6 2.1 0.0364495
-0.6 2.16 0.0299151
-0.6 2.22 0.0242147
-0.6 2.28 0.0193312
-0.6 2.34 0.0152205
-0.6 2.4 0.0118192
-0.6 2.46 0.00905174
-0.6 2.52 0.00683704
-0.6 2.58 0.0050932
-0.6 2.64 0.003742
-0.6 2.7 0.0027115
-0.6 2.76 0.00193777
-0.6 2.82 0.00136578
-0.6 2.88 0.000949401
-0.54 -0.42 0.000577649
-0.54 -0.36 0.000847874
-0.54 -0.3 0.00122737
-0.54 -0.24 0.00175236
-0.54 -0.18 0.00246747
-0.54 -0.12 0.00342666
-0.54 -0.06 0.0046933
-0.54 9.71445e-15 0.0063398
-0.54 0.06 0.00844623
-0.54 0.12 0.0110979
-0.54 0.18 0.0143814
-0.54 0.24 0.0183803
-0.54 0.3 0.0231684
-0.54 0.36 0.0288023
-0.54 0.42 0.0353142
-0.54 0.48 0.0427029
-0.54 0.54 0.0509277
-0.54 0.6 0.0599019
-0.54 0.66 0.0694893
-0.54 0.72 0.0795028
-0.54 0.78 0.0897096
-0.54 0.84 0.0998338
-0.54 0.9 0.109576
-0.54 0.96 0.118613
-0.54 1.02 0.126631
-0.54 1.08 0.133334
-0.54 1.14 0.138462
-0.54 1.2 0.141811
-0.54 1.26 0.143244
-0.54 1.32 0.142701
-0.54 1.38 0.140208
-0.54 1.44 0.135865
-0.54 1.5 0.129846
-0.54 1.56 0.122388
-0.54 1.62 0.113774
-0.54 1.68 0.104311
-0.54 1.74 0.0943213
-0.54 1.8 0.0841157
-0.54 1.86 0.0739825
-0.54 1.92 0.0641763
-0.54 1.98 0.0549047
-0.54 2.04 0.0463269
-0.54 2.1 0.0385521
-0.54 2.16 0.0316407
-0.54 2.22 0.0256115
-0.54 2.28 0.0204462
-0.54 2.34 0.0160984
-0.54 2.4 0.0125009
-0.54 2.46 0.00957387
-0.54 2.52 0.00723143
-0.54 2.58 0.005387
-0.54 2.64 0.00395785
-0.54 2.7 0.0028679
-0.54 2.76 0.00204954
-0.54 2.82 0.00144456
-0.54 2.88 0.00100416
-0.48 -0.42 0.000602574
-0.48 -0.36 0.000884452
-0.48 -0.3 0.00128034
-0.48 -0.24 0.00182796
-0.48 -0.18 0.00257392
-0.48 -0.12 0.00357451
-0.48 -0.06 0.00489581
-0.48 9.71445e-15 0.00661335
-0.48 0.06 0.00881065
-0.48 0.12 0.0115766
-0.48 0.18 0.0150019
-0.48 0.24 0.0191733
-0.48 0.3 0.024168
-0.48 0.36 0.0300448
-0.48 0.42 0.0368378
-0.48 0.48 0.0445453
-0.48 0.54 0.053125
-0.48 0.6 0.0624864
-0.48 0.66 0.0724872
-0.48 0.72 0.0829328
-0.48 0.78 0.0935801
-0.48 0.84 0.10414
-0.48 0.9 0.114303
-0.48 0.96 0.123731
-0.48 1.02 0.132095
-0.48 1.08 0.139087
-0.48 1.14 0.144436
-0.48 1.2 0.147929
-0.48 1.26 0.149424
-0.48 1.32 0.148857
-0.48 1.38 0.146258
-0.48 1.44 0.141726
-0.48 1.5 0.135448
-0.48 1.56 0.127669
-0.48 1.62 0.118682
-0.48 1.68 0.108812
-0.48 1.74 0.0983906
-0.48 1.8 0.0877443
-0.48 1.86 0.0771746
-0.48 1.92 0.0669451
-0.48 1.98 0.0572736
-0.48 2.04 0.0483254
-0.48 2.1 0.0402154
-0.48 2.16 0.033006
-0.48 2.22 0.0267166
-0.48 2.28 0.0213284
-0.48 2.34 0.016793
-0.48 2.4 0.0130402
-0.48 2.46 0.00998697
-0.48 2.52 0.00754339
-0.48 2.58 0.00561944
-0.48 2.64 0.0041286
-0.48 2.7 0.00299162
-0.48 2.76 0.00213795
-0.48 2.82 0.00150687
-0.48 2.88 0.00104748
-0.42 -0.42 0.000619932
-0.42 -0.36 0.000909923
-0.42 -0.3 0.00131721
-0.42 -0.24 0.00188061
-0.42 -0.18 0.00264804
-0.42 -0.12 0.00367746
-0.42 -0.06 0.00503684
-0.42 9.71445e-15 0.00680385
-0.42 0.06 0.00906441
-0.42 0.12 0.0119101
-0.42 0.18 0.015434
-0.42 0.24 0.0197255
-0.42 0.3 0.0248643
-0.42 0.36 0.0309101
-0.42 0.42 0.0378986
-0.42 0.48 0.0458283
-0.42 0.54 0.0546552
-0.42 0.6 0.0642861
-0.42 0.66 0.0745751
-0.42 0.72 0.0853223
-0.42 0.78 0.096275
-0.42 0.84 0.107141
-0.42 0.9 0.117595
-0.42 0.96 0.127295
-0.42 1.02 0.1359
-0.42 1.08 0.143094
-0.42 1.14 0.148597
-0.42 1.2 0.15219
-0.42 1.26 0.153726
-0.42 1.32 0.153146
-0.42 1.38 0.15047
-0.42 1.44 0.145809
-0.42 1.5 0.13935
-0.42 1.56 0.131345
-0.42 1.62 0.1221
-0.42 1.68 0.111945
-0.42 1.74 0.101224
-0.42 1.8 0.0902718
-0.42 1.86 0.0793977
-0.42 1.92 0.0688732
-0.42 1.98 0.0589236
-0.42 2.04 0.0497173
-0.42 2.1 0.0413735
-0.42 2.16 0.0339567
-0.42 2.22 0.0274862
-0.42 2.28 0.0219428
-0.42 2.34 0.0172766
-0.42 2.4 0.0134159
-0.42 2.46 0.0102746
-0.42 2.52 0.00776063
-0.42 2.58 0.0057813
-0.42 2.64 0.00424753
-0.42 2.7 0.0030778
-0.42 2.76 0.00219954
-0.42 2.82 0.00155029
-0.42 2.88 0.00107766
-0.42 2.94 0.000738824
-0.36 -0.42 0.00062902
-0.36 -0.36 0.000923268
-0.36 -0.3 0.00133652
-0.36 -0.24 0.00190819
-0.36 -0.18 0.0026869
-0.36 -0.12 0.00373136
-0.36 -0.06 0.00511065
-0.36 9.71445e-15 0.00690359
-0.36 0.06 0.00919734
-0.36 0.12 0.0120847
-0.36 0.18 0.0156602
-0.36 0.24 0.020015
-0.36 0.3 0.0252286
-0.36 0.36 0.0313637
-0.36 0.42 0.0384544
-0.36 0.48 0.0465004
-0.36 0.54 0.0554568
-0.36 0.6 0.0652293
-0.36 0.66 0.0756692
-0.36 0.72 0.0865728
-0.36 0.78 0.0976864
-0.36 0.84 0.108713
-0.36 0.9 0.11932
-0.36 0.96 0.129161
-0.36 1.02 0.137892
-0.36 1.08 0.14519
-0.36 1.14 0.150774
-0.36 1.2 0.154421
-0.36 1.26 0.155981
-0.36 1.32 0.155392
-0.36 1.38 0.152677
-0.36 1.44 0.147945
-0.36 1.5 0.141394
-0.36 1.56 0.133272
-0.36 1.62 0.12389
-0.36 1.68 0.113587
-0.36 1.74 0.102709
-0.36 1.8 0.0915952
-0.36 1.86 0.0805612
-0.36 1.92 0.0698839
-0.36 1.98 0.059787
-0.36 2.04 0.0504469
-0.36 2.1 0.0419801
-0.36 2.16 0.0344545
-0.36 2.22 0.0278892
-0.36 2.28 0.0222647
-0.36 2.34 0.0175302
-0.36 2.4 0.0136126
-0.36 2.46 0.0104252
-0.36 2.52 0.00787449
-0.36 2.58 0.00586606
-0.36 2.64 0.00430981
-0.36 2.7 0.00312292
-0.36 2.76 0.0022318
-0.36 2.82 0.00157302
-0.36 2.88 0.00109346
-0.36 2.94 0.000749651
-0.3 -0.36 0.000923923
-0.3 -0.3 0.0013375
-0.3 -0.24 0.00190954
-0.3 -0.18 0.00268882
-0.3 -0.12 0.00373406
-0.3 -0.06 0.00511432
-0.3 9.71445e-15 0.0069085
-0.3 0.06 0.00920383
-0.3 0.12 0.0120933
-0.3 0.18 0.0156716
-0.3 0.24 0.0200292
-0.3 0.3 0.0252467
-0.3 0.36 0.0313861
-0.3 0.42 0.0384818
-0.3 0.48 0.0465333
-0.3 0.54 0.0554963
-0.3 0.6 0.0652755
-0.3 0.66 0.0757226
-0.3 0.72 0.0866346
-0.3 0.78 0.0977568
-0.3 0.84 0.108791
-0.3 0.9 0.119404
-0.3 0.96 0.129254
-0.3 1.02 0.137993
-0.3 1.08 0.145296
-0.3 1.14 0.150883
-0.3 1.2 0.154532
-0.3 1.26 0.156093
-0.3 1.32 0.155504
-0.3 1.38 0.152785
-0.3 1.44 0.148053
-0.3 1.5 0.141493
-0.3 1.56 0.133367
-0.3 1.62 0.12398
-0.3 1.68 0.113668
-0.3 1.74 0.102781
-0.3 1.8 0.0916609
-0.3 1.86 0.0806201
-0.3 1.92 0.0699333
-0.3 1.98 0.0598302
-0.3 2.04 0.0504828
-0.3 2.1 0.0420102
-0.3 2.16 0.034479
-0.3 2.22 0.0279092
-0.3 2.28 0.0222806
-0.3 2.34 0.0175425
-0.3 2.4 0.0136223
-0.3 2.46 0.0104327
-0.3 2.52 0.00788012
-0.3 2.58 0.00587023
-0.3 2.64 0.00431293
-0.3 2.7 0.00312516
-0.3 2.76 0.00223337
-0.3 2.82 0.00157414
-0.3 2.88 0.00109424
-0.3 2.94 0.000750188
-0.24 -0.36 0.000911885
-0.24 -0.3 0.00132004
-0.24 -0.24 0.00188466
-0.24 -0.18 0.00265375
-0.24 -0.12 0.00368538
-0.24 -0.06 0.00504766
-0.24 9.71445e-15 0.00681848
-0.24 0.06 0.00908394
-0.24 0.12 0.0119357
-0.24 0.18 0.0154671
-0.24 0.24 0.019768
-0.24 0.3 0.0249176
-0.24 0.36 0.0309767
-0.24 0.42 0.0379804
-0.24 0.48 0.0459271
-0.24 0.54 0.054773
-0.24 0.6 0.0644248
-0.24 0.66 0.0747358
-0.24 0.72 0.0855051
-0.24 0.78 0.0964825
-0.24 0.84 0.107371
-0.24 0.9 0.117849
-0.24 0.96 0.127569
-0.24 1.02 0.136192
-0.24 1.08 0.143401
-0.24 1.14 0.148916
-0.24 1.2 0.152518
-0.24 1.26 0.154058
-0.24 1.32 0.153474
-0.24 1.38 0.150795
-0.24 1.44 0.146122
-0.24 1.5 0.13965
-0.24 1.56 0.131628
-0.24 1.62 0.122363
-0.24 1.68 0.112187
-0.24 1.74 0.101442
-0.24 1.8 0.0904658
-0.24 1.86 0.079568
-0.24 1.92 0.0690218
-0.24 1.98 0.05905
-0.24 2.04 0.0498244
-0.24 2.1 0.0414627
-0.24 2.16 0.0340298
-0.24 2.22 0.0275453
-0.24 2.28 0.0219901
-0.24 2.34 0.0173139
-0.24 2.4 0.0134447
-0.24 2.46 0.0102967
-0.24 2.52 0.00777733
-0.24 2.58 0.00579374
-0.24 2.64 0.00425663
-0.24 2.7 0.00308441
-0.24 2.76 0.00220427
-0.24 2.82 0.00155362
-0.24 2.88 0.00107997
-0.24 2.94 0.000740411
-0.18 -0.36 0.000887623
-0.18 -0.3 0.00128493
-0.18 -0.24 0.00183451
-0.18 -0.18 0.00258317
-0.18 -0.12 0.00358731
-0.18 -0.06 0.00491331
-0.18 9.71445e-15 0.00663698
-0.18 0.06 0.00884216
-0.18 0.12 0.0116181
-0.18 0.18 0.0150557
-0.18 0.24 0.0192422
-0.18 0.3 0.0242545
-0.18 0.36 0.0301529
-0.18 0.42 0.0369698
-0.18 0.48 0.0447046
-0.18 0.54 0.0533154
-0.18 0.6 0.0627106
-0.18 0.66 0.0727473
-0.18 0.72 0.0832298
-0.18 0.78 0.0939154
-0.18 0.84 0.104515
-0.18 0.9 0.114713
-0.18 0.96 0.124174
-0.18 1.02 0.132569
-0.18 1.08 0.139585
-0.18 1.14 0.144953
-0.18 1.2 0.148459
-0.18 1.26 0.14996
-0.18 1.32 0.149393
-0.18 1.38 0.146781
-0.18 1.44 0.142235
-0.18 1.5 0.135934
-0.18 1.56 0.128127
-0.18 1.62 0.119108
-0.18 1.68 0.109201
-0.18 1.74 0.0987431
-0.18 1.8 0.0880592
-0.18 1.86 0.0774514
-0.18 1.92 0.0671856
-0.18 1.98 0.0574787
-0.18 2.04 0.0484992
-0.18 2.1 0.0403594
-0.18 2.16 0.033124
-0.18 2.22 0.0268123
-0.18 2.28 0.021405
-0.18 2.34 0.0168533
-0.18 2.4 0.013087
-0.18 2.46 0.0100227
-0.18 2.52 0.0075705
-0.18 2.58 0.00563953
-0.18 2.64 0.00414343
-0.18 2.7 0.00300236
-0.18 2.76 0.00214561
-0.18 2.82 0.00151228
-0.18 2.88 0.00105124
-0.18 2.94 0.000720702
-0.12 -0.36 0.000852129
-0.12 -0.3 0.00123355
-0.12 -0.24 0.00176117
-0.12 -0.18 0.00247987
-0.12 -0.12 0.00344384
-0.12 -0.06 0.00471687
-0.12 9.71445e-15 0.00637164
-0.12 0.06 0.00848864
-0.12 0.12 0.0111536
-0.12 0.18 0.0144536
-0.12 0.24 0.0184727
-0.12 0.3 0.0232849
-0.12 0.36 0.0289471
-0.12 0.42 0.0354914
-0.12 0.48 0.0429173
-0.12 0.54 0.0511836
-0.12 0.6 0.0602032
-0.12 0.66 0.0698388
-0.12 0.72 0.0799026
-0.12 0.78 0.0901592
-0.12 0.84 0.100336
-0.12 0.9 0.110126
-0.12 0.96 0.119209
-0.12 1.02 0.127268
-0.12 1.08 0.134004
-0.12 1.14 0.139157
-0.12 1.2 0.142522
-0.12 1.26 0.143962
-0.12 1.32 0.143419
-0.12 1.38 0.140913
-0.12 1.44 0.136547
-0.12 1.5 0.130499
-0.12 1.56 0.123003
-0.12 1.62 0.114344
-0.12 1.68 0.104834
-0.12 1.74 0.0947946
-0.12 1.8 0.0845378
-0.12 1.86 0.0743543
-0.12 1.92 0.0644991
-0.12 1.98 0.0551807
-0.12 2.04 0.0465599
-0.12 2.1 0.0387454
-0.12 2.16 0.0317996
-0.12 2.22 0.0257402
-0.12 2.28 0.0205491
-0.12 2.34 0.0161794
-0.12 2.4 0.0125638
-0.12 2.46 0.00962194
-0.12 2.52 0.00726776
-0.12 2.58 0.00541405
-0.12 2.64 0.00397775
-0.12 2.7 0.0028823
-0.12 2.76 0.00205984
-0.12 2.82 0.00145182
-0.12 2.88 0.00100921
-0.12 2.94 0.000691893
-0.06 -0.3 0.00116794
-0.06 -0.24 0.00166751
-0.06 -0.18 0.00234797
-0.06 -0.12 0.00326071
-0.06 -0.06 0.00446604
-0.06 9.71445e-15 0.0060328
-0.06 0.06 0.00803721
-0.06 0.12 0.0105605
-0.06 0.18 0.013685
-0.06 0.24 0.0174902
-0.06 0.3 0.0220466
-0.06 0.36 0.0274075
-0.06 0.42 0.033604
-0.06 0.48 0.0406349
-0.06 0.54 0.0484615
-0.06 0.6 0.0570013
-0.06 0.66 0.0661246
-0.06 0.72 0.0756535
-0.06 0.78 0.0853649
-0.06 0.84 0.095
-0.06 0.9 0.10427
-0.06 0.96 0.112869
-0.06 1.02 0.1205
-0.06 1.08 0.126878
-0.06 1.14 0.131758
-0.06 1.2 0.134943
-0.06 1.26 0.136307
-0.06 1.32 0.135791
-0.06 1.38 0.133419
-0.06 1.44 0.129286
-0.06 1.5 0.123559
-0.06 1.56 0.116461
-0.06 1.62 0.108264
-0.06 1.68 0.0992596
-0.06 1.74 0.0897536
-0.06 1.8 0.0800424
-0.06 1.86 0.0704002
-0.06 1.92 0.0610687
-0.06 1.98 0.0522463
-0.06 2.04 0.0440835
-0.06 2.1 0.036685
-0.06 2.16 0.0301085
-0.06 2.22 0.0243713
-0.06 2.28 0.0194561
-0.06 2.34 0.0153189
-0.06 2.4 0.0118956
-0.06 2.46 0.00911028
-0.06 2.52 0.00688123
-0.06 2.58 0.00512613
-0.06 2.64 0.00376619
-0.06 2.7 0.00272903
-0.06 2.76 0.00195029
-0.06 2.82 0.00137461
-0.06 2.88 0.00095554
-0.06 2.94 0.000655098
9.71445e-15 -0.3 0.00109063
9.71445e-15 -0.24 0.00155712
9.71445e-15 -0.18 0.00219255
9.71445e-15 -0.12 0.00304487
9.71445e-15 -0.06 0.00417039
9.71445e-15 9.71445e-15 0.00563343
9.71445e-15 0.06 0.00750518
9.71445e-15 0.12 0.00986141
9.71445e-15 0.18 0.0127792
9.71445e-15 0.24 0.0163325
9.71445e-15 0.3 0.0205872
9.71445e-15 0.36 0.0255934
9.71445e-15 0.42 0.0313797
9.71445e-15 0.48 0.0379451
9.71445e-15 0.54 0.0452535
9.71445e-15 0.6 0.053228
9.71445e-15 0.66 0.0617473
9.71445e-15 0.72 0.0706454
9.71445e-15 0.78 0.0797145
9.71445e-15 0.84 0.0887111
9.71445e-15 0.9 0.0973675
9.71445e-15 0.96 0.105397
9.71445e-15 1.02 0.112523
9.71445e-15 1.08 0.118479
9.71445e-15 1.14 0.123036
9.71445e-15 1.2 0.126011
9.71445e-15 1.26 0.127285
9.71445e-15 1.32 0.126803
9.71445e-15 1.38 0.124587
9.71445e-15 1.44 0.120728
9.71445e-15 1.5 0.11538
9.71445e-15 1.56 0.108752
9.71445e-15 1.62 0.101097
9.71445e-15 1.68 0.0926893
9.71445e-15 1.74 0.0838125
9.71445e-15 1.8 0.0747441
9.71445e-15 1.86 0.0657401
9.71445e-15 1.92 0.0570261
9.71445e-15 1.98 0.0487878
9.71445e-15 2.04 0.0411654
9.71445e-15 2.1 0.0342568
9.71445e-15 2.16 0.0281154
9.71445e-15 2.22 0.0227579
9.71445e-15 2.28 0.0181682
9.71445e-15 2.34 0.0143048
9.71445e-15 2.4 0.0111082
9.71445e-15 2.46 0.0085072
9.71445e-15 2.52 0.00642575
9.71445e-15 2.58 0.0047868
9.71445e-15 2.64 0.0035169
9.71445e-15 2.7 0.00254838
9.71445e-15 2.76 0.00182119
9.71445e-15 2.82 0.00128362
9.71445e-15 2.88 0.000892285
9.71445e-15 2.94 0.000611731
9.71445e-15 3 0.000413628
0.06 -0.3 0.00100444
0.06 -0.24 0.00143406
0.06 -0.18 0.00201928
0.06 -0.12 0.00280425
0.06 -0.06 0.00384082
0.06 9.71445e-15 0.00518825
0.06 0.06 0.00691206
0.06 0.12 0.00908205
0.06 0.18 0.0117691
0.06 0.24 0.0150418
0.06 0.3 0.01896
0.06 0.36 0.0235707
0.06 0.42 0.0288998
0.06 0.48 0.0349464
0.06 0.54 0.0416772
0.06 0.6 0.0490214
0.06 0.66 0.0568673
0.06 0.72 0.0650619
0.06 0.78 0.0734148
0.06 0.84 0.0817
0.06 0.9 0.0896726
0.06 0.96 0.097068
0.06 1.02 0.10363
0.06 1.08 0.109115
0.06 1.14 0.113312
0.06 1.2 0.116052
0.06 1.26 0.117225
0.06 1.32 0.116781
0.06 1.38 0.114741
0.06 1.44 0.111186
0.06 1.5 0.106261
0.06 1.56 0.100158
0.06 1.62 0.093108
0.06 1.68 0.0853643
0.06 1.74 0.0771889
0.06 1.8 0.0688369
0.06 1.86 0.0605443
0.06 1.92 0.0525193
0.06 1.98 0.0449318
0.06 2.04 0.0379121
0.06 2.1 0.0315495
0.06 2.16 0.0258936
0.06 2.22 0.0209594
0.06 2.28 0.0167324
0.06 2.34 0.0131743
0.06 2.4 0.0102302
0.06 2.46 0.00783489
0.06 2.52 0.00591792
0.06 2.58 0.00440851
0.06 2.64 0.00323894
0.06 2.7 0.00234698
0.06 2.76 0.00167726
0.06 2.82 0.00118217
0.06 2.88 0.000821763
0.06 2.94 0.000563384
0.06 3 0.00038094
0.12 -0.24 0.00130256
0.12 -0.18 0.00183412
0.12 -0.12 0.00254713
0.12 -0.06 0.00348867
0.12 9.71445e-15 0.00471256
0.12 0.06 0.00627831
0.12 0.12 0.00824928
0.12 0.18 0.0106901
0.12 0.24 0.0136625
0.12 0.3 0.0172217
0.12 0.36 0.0214093
0.12 0.42 0.0262499
0.12 0.48 0.0317422
0.12 0.54 0.0378559
0.12 0.6 0.0445267
0.12 0.66 0.0516529
0.12 0.72 0.0590966
0.12 0.78 0.0666834
0.12 0.84 0.0742089
0.12 0.9 0.0814502
0.12 0.96 0.0881683
0.12 1.02 0.0941289
0.12 1.08 0.0991113
0.12 1.14 0.102923
0.12 1.2 0.105412
0.12 1.26 0.106476
0.12 1.32 0.106073
0.12 1.38 0.104221
0.12 1.44 0.100992
0.12 1.5 0.0965175
0.12 1.56 0.0909741
0.12 1.62 0.0845708
0.12 1.68 0.0775372
0.12 1.74 0.0701113
0.12 1.8 0.0625248
0.12 1.86 0.0549933
0.12 1.92 0.0477039
0.12 1.98 0.0408123
0.12 2.04 0.0344356
0.12 2.1 0.0286567
0.12 2.16 0.0235195
0.12 2.22 0.0190378
0.12 2.28 0.0151983
0.12 2.34 0.0119664
0.12 2.4 0.00929219
0.12 2.46 0.00711654
0.12 2.52 0.00537526
0.12 2.58 0.00400431
0.12 2.64 0.00294197
0.12 2.7 0.00213177
0.12 2.76 0.00152346
0.12 2.82 0.00107377
0.12 2.88 0.000746416
0.12 2.94 0.000511732
0.12 3 0.000346011
0.18 -0.24 0.00116688
0.18 -0.18 0.00164305
0.18 -0.12 0.00228176
0.18 -0.06 0.00312522
0.18 9.71445e-15 0.00422161
0.18 0.06 0.00562422
0.18 0.12 0.00738993
0.18 0.18 0.00957642
0.18 0.24 0.0122392
0.18 0.3 0.0154277
0.18 0.36 0.0191791
0.18 0.42 0.0235152
0.18 0.48 0.0284352
0.18 0.54 0.0339121
0.18 0.6 0.039888
0.18 0.66 0.0462723
0.18 0.72 0.0529404
0.18 0.78 0.0597359
0.18 0.84 0.0664788
0.18 0.9 0.0729649
0.18 0.96 0.0789831
0.18 1.02 0.0843224
0.18 1.08 0.088786
0.18 1.14 0.0922005
0.18 1.2 0.0944296
0.18 1.26 0.0953837
0.18 1.32 0.0950235
0.18 1.38 0.0933628
0.18 1.44 0.0904707
0.18 1.5 0.0864634
0.18 1.56 0.0814965
0.18 1.62 0.0757597
0.18 1.68 0.069459
0.18 1.74 0.0628071
0.18 1.8 0.0560115
0.18 1.86 0.0492641
0.18 1.92 0.0427343
0.18 1.98 0.0365606
0.18 2.04 0.0308486
0.18 2.1 0.0256711
0.18 2.16 0.0210692
0.18 2.22 0.0170545
0.18 2.28 0.0136149
0.18 2.34 0.0107198
0.18 2.4 0.00832426
0.18 2.46 0.00637514
0.18 2.52 0.0048153
0.18 2.58 0.00358714
0.18 2.64 0.00263549
0.18 2.7 0.0019097
0.18 2.76 0.00136477
0.18 2.82 0.000961918
0.18 2.88 0.000668664
0.18 2.94 0.000458421
0.18 3 0.000309963
0.24 -0.24 0.00103094
0.24 -0.18 0.00145167
0.24 -0.12 0.00201597
0.24 -0.06 0.00276116
0.24 9.71445e-15 0.00372984
0.24 0.06 0.00496909
0.24 0.12 0.00652903
0.24 0.18 0.00846083
0.24 0.24 0.0108136
0.24 0.3 0.0136304
0.24 0.36 0.016945
0.24 0.42 0.0207759
0.24 0.48 0.025123
0.24 0.54 0.029962
0.24 0.6 0.0352418
0.24 0.66 0.040882
0.24 0.72 0.0467729
0.24 0.78 0.0527778
0.24 0.84 0.0587345
0.24 0.9 0.064465
0.24 0.96 0.069783
0.24 1.02 0.0745003
0.24 1.08 0.0784432
0.24 1.14 0.0814596
0.24 1.2 0.0834297
0.24 1.26 0.0842729
0.24 1.32 0.0839541
0.24 1.38 0.0824876
0.24 1.44 0.0799317
0.24 1.5 0.076391
0.24 1.56 0.0720039
0.24 1.62 0.0669352
0.24 1.68 0.061368
0.24 1.74 0.0554906
0.24 1.8 0.0494864
0.24 1.86 0.0435256
0.24 1.92 0.0377565
0.24 1.98 0.0323014
0.24 2.04 0.0272551
0.24 2.1 0.0226808
0.24 2.16 0.0186149
0.24 2.22 0.0150679
0.24 2.28 0.0120291
0.24 2.34 0.0094711
0.24 2.4 0.00735451
0.24 2.46 0.00563248
0.24 2.52 0.00425439
0.24 2.58 0.00316929
0.24 2.64 0.00232849
0.24 2.7 0.00168722
0.24 2.76 0.00120577
0.24 2.82 0.00084986
0.24 2.88 0.000590765
0.24 2.94 0.000405019
0.24 3 0.000273855
0.3 -0.18 0.00126493
0.3 -0.12 0.00175665
0.3 -0.06 0.00240598
0.3 9.71445e-15 0.00325003
0.3 0.06 0.00432988
0.3 0.12 0.00568923
0.3 0.18 0.00737255
0.3 0.24 0.00942253
0.3 0.3 0.0118771
0.3 0.36 0.0147653
0.3 0.42 0.0181035
0.3 0.48 0.0218912
0.3 0.54 0.0261075
0.3 0.6 0.0307082
0.3 0.66 0.0356231
0.3 0.72 0.0407567
0.3 0.78 0.0459888
0.3 0.84 0.0511793
0.3 0.9 0.0561731
0.3 0.96 0.0608055
0.3 1.02 0.0649169
0.3 1.08 0.0683531
0.3 1.14 0.0709816
0.3 1.2 0.0726978
0.3 1.26 0.0734329
0.3 1.32 0.0731551
0.3 1.38 0.0718764
0.3 1.44 0.0696503
0.3 1.5 0.0665647
0.3 1.56 0.0627414
0.3 1.62 0.058325
0.3 1.68 0.0534742
0.3 1.74 0.048353
0.3 1.8 0.0431213
0.3 1.86 0.0379268
0.3 1.92 0.0328994
0.3 1.98 0.0281466
0.3 2.04 0.0237492
0.3 2.1 0.0197634
0.3 2.16 0.0162203
0.3 2.22 0.0131294
0.3 2.28 0.0104816
0.3 2.34 0.00825271
0.3 2.4 0.00640851
0.3 2.46 0.00490797
0.3 2.52 0.00370714
0.3 2.58 0.00276159
0.3 2.64 0.00202897
0.3 2.7 0.00147021
0.3 2.76 0.00105068
0.3 2.82 0.000740541
0.3 2.88 0.000514776
0.3 2.94 0.000352919
0.3 3 0.00023863
0.36 -0.18 0.00108707
0.36 -0.12 0.00150964
0.36 -0.06 0.00206768
0.36 9.71445e-15 0.00279307
0.36 0.06 0.00372106
0.36 0.12 0.00488922
0.36 0.18 0.00633585
0.36 0.24 0.00809764
0.36 0.3 0.0102071
0.36 0.36 0.0126891
0.36 0.42 0.0155578
0.36 0.48 0.0188131
0.36 0.54 0.0224368
0.36 0.6 0.0263904
0.36 0.66 0.0306142
0.36 0.72 0.0350259
0.36 0.78 0.039522
0.36 0.84 0.0439832
0.36 0.9 0.0482739
0.36 0.96 0.0522564
0.36 1.02 0.0557891
0.36 1.08 0.0587417
0.36 1.14 0.0610007
0.36 1.2 0.0624757
0.36 1.26 0.0631065
0.36 1.32 0.0628689
0.36 1.38 0.0617701
0.36 1.44 0.0598565
0.36 1.5 0.0572049
0.36 1.56 0.0539192
0.36 1.62 0.0501236
0.36 1.68 0.0459548
0.36 1.74 0.0415536
0.36 1.8 0.0370575
0.36 1.86 0.0325939
0.36 1.92 0.0282735
0.36 1.98 0.0241888
0.36 2.04 0.0204098
0.36 2.1 0.0169842
0.36 2.16 0.0139397
0.36 2.22 0.0112835
0.36 2.28 0.00900787
0.36 2.34 0.00709232
0.36 2.4 0.00550741
0.36 2.46 0.00421786
0.36 2.52 0.00318586
0.36 2.58 0.0023733
0.36 2.64 0.00174368
0.36 2.7 0.00126347
0.36 2.76 0.000902939
0.36 2.82 0.000636414
0.36 2.88 0.000442395
0.36 2.94 0.000303297
0.42 -0.12 0.00127955
0.42 -0.06 0.00175253
0.42 9.71445e-15 0.00236735
0.42 0.06 0.0031539
0.42 0.12 0.00414401
0.42 0.18 0.00537015
0.42 0.24 0.00686334
0.42 0.3 0.00865131
0.42 0.36 0.0107549
0.42 0.42 0.0131866
0.42 0.48 0.0159456
0.42 0.54 0.0190169
0.42 0.6 0.0223679
0.42 0.66 0.0259477
0.42 0.72 0.0296871
0.42 0.78 0.0334983
0.42 0.84 0.0372788
0.42 0.9 0.0409164
0.42 0.96 0.0442912
0.42 1.02 0.0472855
0.42 1.08 0.0497884
0.42 1.14 0.0517031
0.42 1.2 0.0529534
0.42 1.26 0.0534882
0.42 1.32 0.0532857
0.42 1.38 0.052355
0.42 1.44 0.0507331
0.42 1.5 0.0484854
0.42 1.56 0.0457006
0.42 1.62 0.042484
0.42 1.68 0.0389507
0.42 1.74 0.0352202
0.42 1.8 0.0314092
0.42 1.86 0.0276258
0.42 1.92 0.0239639
0.42 1.98 0.020502
0.42 2.04 0.0172986
0.42 2.1 0.0143956
0.42 2.16 0.011815
0.42 2.22 0.0095636
0.42 2.28 0.00763483
0.42 2.34 0.00601128
0.42 2.4 0.00466792
0.42 2.46 0.00357498
0.42 2.52 0.00270025
0.42 2.58 0.00201156
0.42 2.64 0.00147789
0.42 2.7 0.00107089
0.42 2.76 0.000765307
0.42 2.82 0.000539406
0.42 2.88 0.000374961
0.42 2.94 0.000257068
0.48 -0.12 0.00106961
0.48 -0.06 0.00146498
0.48 9.71445e-15 0.00197891
0.48 0.06 0.00263641
0.48 0.12 0.00346408
0.48 0.18 0.00448904
0.48 0.24 0.0057373
0.48 0.3 0.00723181
0.48 0.36 0.00899039
0.48 0.42 0.011023
0.48 0.48 0.0133293
0.48 0.54 0.0158967
0.48 0.6 0.0186979
0.48 0.66 0.0216904
0.48 0.72 0.0248161
0.48 0.78 0.0280021
0.48 0.84 0.0311624
0.48 0.9 0.034203
0.48 0.96 0.0370242
0.48 1.02 0.0395273
0.48 1.08 0.0416194
0.48 1.14 0.0432199
0.48 1.2 0.0442651
0.48 1.26 0.0447123
0.48 1.32 0.0445431
0.48 1.38 0.0437647
0.48 1.44 0.0424091
0.48 1.5 0.04053
0.48 1.56 0.0382026
0.48 1.62 0.0355136
0.48 1.68 0.0325599
0.48 1.74 0.0294415
0.48 1.8 0.0262558
0.48 1.86 0.0230932
0.48 1.92 0.0200322
0.48 1.98 0.0171381
0.48 2.04 0.0144605
0.48 2.1 0.0120337
0.48 2.16 0.00987638
0.48 2.22 0.00799446
0.48 2.28 0.00638218
0.48 2.34 0.005025
0.48 2.4 0.00390201
0.48 2.46 0.00298841
0.48 2.52 0.00225722
0.48 2.58 0.00168151
0.48 2.64 0.00123542
0.48 2.7 0.000895184
0.48 2.76 0.000639738
0.48 2.82 0.000450901
0.48 2.88 0.000313438
0.48 2.94 0.000214888
0.54 -0.06 0.00120778
0.54 9.71445e-15 0.00163149
0.54 0.06 0.00217355
0.54 0.12 0.00285589
0.54 0.18 0.00370092
0.54 0.24 0.00473004
0.54 0.3 0.00596215
0.54 0.36 0.007412
0.54 0.42 0.00908774
0.54 0.48 0.0109892
0.54 0.54 0.0131058
0.54 0.6 0.0154153
0.54 0.66 0.0178824
0.54 0.72 0.0204593
0.54 0.78 0.0230859
0.54 0.84 0.0256915
0.54 0.9 0.0281981
0.54 0.96 0.0305242
0.54 1.02 0.0325877
0.54 1.08 0.0343124
0.54 1.14 0.0356319
0.54 1.2 0.0364936
0.54 1.26 0.0368623
0.54 1.32 0.036723
0.54 1.38 0.0360814
0.54 1.44 0.0349636
0.54 1.5 0.0334146
0.54 1.56 0.0314956
0.54 1.62 0.0292786
0.54 1.68 0.0268434
0.54 1.74 0.0242725
0.54 1.8 0.0216461
0.54 1.86 0.0190389
0.54 1.92 0.0165153
0.54 1.98 0.0141292
0.54 2.04 0.0119218
0.54 2.1 0.00992098
0.54 2.16 0.00814246
0.54 2.22 0.00659095
0.54 2.28 0.00526171
0.54 2.34 0.0041428
0.54 2.4 0.00321697
0.54 2.46 0.00246375
0.54 2.52 0.00186094
0.54 2.58 0.0013863
0.54 2.64 0.00101852
0.54 2.7 0.00073802
0.54 2.76 0.000527423
0.54 2.82 0.000371741
0.54 2.88 0.000258411
0.54 2.94 0.000177162
0.6 9.71445e-15 0.00132657
0.6 0.06 0.00176733
0.6 0.12 0.00232213
0.6 0.18 0.00300923
0.6 0.24 0.003846
0.6 0.3 0.00484787
0.6 0.36 0.00602673
0.6 0.42 0.00738924
0.6 0.48 0.00893535
0.6 0.54 0.0106564
0.6 0.6 0.0125342
0.6 0.66 0.0145402
0.6 0.72 0.0166356
0.6 0.78 0.0187712
0.6 0.84 0.0208899
0.6 0.9 0.0229278
0.6 0.96 0.0248193
0.6 1.02 0.0264972
0.6 1.08 0.0278996
0.6 1.14 0.0289724
0.6 1.2 0.029673
0.6 1.26 0.0299728
0.6 1.32 0.0298597
0.6 1.38 0.0293379
0.6 1.44 0.028429
0.6 1.5 0.0271695
0.6 1.56 0.0256091
0.6 1.62 0.0238064
0.6 1.68 0.0218264
0.6 1.74 0.019736
0.6 1.8 0.0176006
0.6 1.86 0.0154806
0.6 1.92 0.0134286
0.6 1.98 0.0114885
0.6 2.04 0.00969365
0.6 2.1 0.00806675
0.6 2.16 0.00662067
0.6 2.22 0.00535912
0.6 2.28 0.00427832
0.6 2.34 0.00336852
0.6 2.4 0.00261575
0.6 2.46 0.00200328
0.6 2.52 0.00151313
0.6 2.58 0.0011272
0.6 2.64 0.000828166
0.6 2.7 0.000600088
0.6 2.76 0.000428851
0.6 2.82 0.000302265
0.6 2.88 0.000210116
0.6 2.94 0.000144051
0.66 9.71445e-15 0.00106381
0.66 0.06 0.00141725
0.66 0.12 0.00186219
0.66 0.18 0.00241319
0.66 0.24 0.00308421
0.66 0.3 0.00388763
0.66 0.36 0.00483303
0.66 0.42 0.00592563
0.66 0.48 0.00716544
0.66 0.54 0.0085456
0.66 0.6 0.0100515
0.66 0.66 0.0116603
0.66 0.72 0.0133405
0.66 0.78 0.015053
0.66 0.84 0.0167522
0.66 0.9 0.0183865
0.66 0.96 0.0199032
0.66 1.02 0.0212488
0.66 1.08 0.0223734
0.66 1.14 0.0232337
0.66 1.2 0.0237955
0.66 1.26 0.0240361
0.66 1.32 0.0239454
0.66 1.38 0.0235267
0.66 1.44 0.022798
0.66 1.5 0.0217881
0.66 1.56 0.0205366
0.66 1.62 0.0190909
0.66 1.68 0.0175031
0.66 1.74 0.0158268
0.66 1.8 0.0141145
0.66 1.86 0.0124143
0.66 1.92 0.0107688
0.66 1.98 0.00921294
0.66 2.04 0.00777365
0.66 2.1 0.00646893
0.66 2.16 0.00530926
0.66 2.22 0.00429761
0.66 2.28 0.00343088
0.66 2.34 0.00270131
0.66 2.4 0.00209765
0.66 2.46 0.00160648
0.66 2.52 0.00121343
0.66 2.58 0.00090393
0.66 2.64 0.000664129
0.66 2.7 0.000481229
0.66 2.76 0.000343909
0.66 2.82 0.000242396
0.66 2.88 0.000168498
0.66 2.94 0.000115518
0.72 0.06 0.00112092
0.72 0.12 0.00147282
0.72 0.18 0.00190859
0.72 0.24 0.00243933
0.72 0.3 0.00307472
0.72 0.36 0.00382246
0.72 0.42 0.00468665
0.72 0.48 0.0056672
0.72 0.54 0.00675878
0.72 0.6 0.00794981
0.72 0.66 0.00922214
0.72 0.72 0.010551
0.72 0.78 0.0119056
0.72 0.84 0.0132493
0.72 0.9 0.0145421
0.72 0.96 0.0157415
0.72 1.02 0.0168057
0.72 1.08 0.0176952
0.72 1.14 0.0183757
0.72 1.2 0.0188201
0.72 1.26 0.0190104
0.72 1.32 0.0189384
0.72 1.38 0.0186074
0.72 1.44 0.018031
0.72 1.5 0.0172322
0.72 1.56 0.0162426
0.72 1.62 0.0150993
0.72 1.68 0.0138434
0.72 1.74 0.0125176
0.72 1.8 0.0111632
0.72 1.86 0.00981846
0.72 1.92 0.00851709
0.72 1.98 0.00728652
0.72 2.04 0.00614822
0.72 2.1 0.00511636
0.72 2.16 0.00419912
0.72 2.22 0.00339899
0.72 2.28 0.00271351
0.72 2.34 0.00213648
0.72 2.4 0.00165903
0.72 2.46 0.00127058
0.72 2.52 0.000959708
0.72 2.58 0.000714922
0.72 2.64 0.000525259
0.72 2.7 0.000380607
0.72 2.76 0.000271998
0.72 2.82 0.000191711
0.72 2.88 0.000133265
0.78 0.12 0.00114885
0.78 0.18 0.00148878
0.78 0.24 0.00190274
0.78 0.3 0.00239842
0.78 0.36 0.00298162
0.78 0.42 0.00365573
0.78 0.48 0.00442062
0.78 0.54 0.00527206
0.78 0.6 0.00620105
0.78 0.66 0.00719353
0.78 0.72 0.00823022
0.78 0.78 0.00928677
0.78 0.84 0.0103349
0.78 0.9 0.0113433
0.78 0.96 0.0122789
0.78 1.02 0.0131091
0.78 1.08 0.013803
0.78 1.14 0.0143338
0.78 1.2 0.0146804
0.78 1.26 0.0148286
0.78 1.32 0.0147726
0.78 1.38 0.0145144
0.78 1.44 0.0140649
0.78 1.5 0.0134417
0.78 1.56 0.0126697
0.78 1.62 0.0117779
0.78 1.68 0.0107983
0.78 1.74 0.00976413
0.78 1.8 0.00870767
0.78 1.86 0.00765878
0.78 1.92 0.00664352
0.78 1.98 0.00568381
0.78 2.04 0.00479576
0.78 2.1 0.00399092
0.78 2.16 0.00327548
0.78 2.22 0.00265132
0.78 2.28 0.00211661
0.78 2.34 0.00166651
0.78 2.4 0.0012941
0.78 2.46 0.000991099
0.78 2.52 0.000748598
0.78 2.58 0.000557667
0.78 2.64 0.000409721
0.78 2.7 0.000296887
0.78 2.76 0.000212168
0.78 2.82 0.000149541
0.78 2.88 0.000103951
0.84 0.18 0.00114532
0.84 0.24 0.00146381
0.84 0.3 0.00184511
0.84 0.36 0.00229381
0.84 0.42 0.0028124
0.84 0.48 0.00340085
0.84 0.54 0.00405589
0.84 0.6 0.0047706
0.84 0.66 0.00553413
0.84 0.72 0.00633156
0.84 0.78 0.00714439
0.84 0.84 0.00795076
0.84 0.9 0.00872655
0.84 0.96 0.00944635
0.84 1.02 0.0100849
0.84 1.08 0.0106186
0.84 1.14 0.011027
0.84 1.2 0.0112937
0.84 1.26 0.0114078
0.84 1.32 0.0113647
0.84 1.38 0.0111662
0.84 1.44 0.0108201
0.84 1.5 0.0103409
0.84 1.56 0.00974697
0.84 1.62 0.00906083
0.84 1.68 0.00830728
0.84 1.74 0.00751169
0.84 1.8 0.00669889
0.84 1.86 0.0058919
0.84 1.92 0.00511102
0.84 1.98 0.00437257
0.84 2.04 0.00368947
0.84 2.1 0.00307026
0.84 2.16 0.00251987
0.84 2.22 0.0020397
0.84 2.28 0.00162835
0.84 2.34 0.00128208
0.84 2.4 0.00099557
0.84 2.46 0.000762458
0.84 2.52 0.000575906
0.84 2.58 0.00042902
0.84 2.64 0.0003152
0.84 2.7 0.000228397
0.84 2.76 0.000163224
0.84 2.82 0.000115044
0.84 2.88 7.9971e-05
0.9 0.18 0.000869007
0.9 0.24 0.00111064
0.9 0.3 0.00139996
0.9 0.36 0.0017404
0.9 0.42 0.00213387
0.9 0.48 0.00258031
0.9 0.54 0.0030773
0.9 0.6 0.00361959
0.9 0.66 0.00419891
0.9 0.72 0.004804
0.9 0.78 0.00542071
0.9 0.84 0.00603256
0.9 0.9 0.00662113
0.9 0.96 0.00716722
0.9 1.02 0.00765182
0.9 1.08 0.00805683
0.9 1.14 0.00836664
0.9 1.2 0.00856893
0.9 1.26 0.00865556
0.9 1.32 0.00862286
0.9 1.38 0.00847205
0.9 1.44 0.00820973
0.9 1.5 0.00784597
0.9 1.56 0.00739537
0.9 1.62 0.00687478
0.9 1.68 0.006303
0.9 1.74 0.00569937
0.9 1.8 0.00508272
0.9 1.86 0.00447046
0.9 1.92 0.00387788
0.9 1.98 0.00331765
0.9 2.04 0.00279933
0.9 2.1 0.00232951
0.9 2.16 0.00191189
0.9 2.22 0.00154758
0.9 2.28 0.00123547
0.9 2.34 0.000972754
0.9 2.4 0.00075537
0.9 2.46 0.000578505
0.9 2.52 0.000436963
0.9 2.58 0.000325509
0.9 2.64 0.000239157
0.9 2.7 0.000173294
0.9 2.76 0.000123844
0.9 2.82 8.72877e-05
0.9 2.88 6.06768e-05
0.96 0.24 0.0008311
0.96 0.3 0.00104761
0.96 0.36 0.00130235
0.96 0.42 0.00159678
0.96 0.48 0.00193089
0.96 0.54 0.0023028
0.96 0.6 0.00270858
0.96 0.66 0.00314208
0.96 0.72 0.00359488
0.96 0.78 0.00405634
0.96 0.84 0.00451421
0.96 0.9 0.00495461
0.96 0.96 0.00536334
0.96 1.02 0.0057259
0.96 1.08 0.00602896
0.96 1.14 0.00626082
0.96 1.2 0.00641221
0.96 1.26 0.00647692
0.96 1.32 0.00645253
0.96 1.38 0.00633978
0.96 1.44 0.00614335
0.96 1.5 0.00587123
0.96 1.56 0.00553399
0.96 1.62 0.00514443
0.96 1.68 0.00471659
0.96 1.74 0.00426486
0.96 1.8 0.0038034
0.96 1.86 0.00334527
0.96 1.92 0.00290185
0.96 1.98 0.00248263
0.96 2.04 0.00209475
0.96 2.1 0.00174318
0.96 2.16 0.0014307
0.96 2.22 0.00115808
0.96 2.28 0.000924522
0.96 2.34 0.00072792
0.96 2.4 0.000565253
0.96 2.46 0.000432901
0.96 2.52 0.00032698
0.96 2.58 0.000243584
0.96 2.64 0.000178962
0.96 2.7 0.000129677
0.96 2.76 9.26732e-05
0.96 2.82 6.53183e-05
1.02 0.3 0.000773156
1.02 0.36 0.000961152
1.02 0.42 0.00117847
1.02 0.48 0.00142504
1.02 0.54 0.00169951
1.02 0.6 0.00199899
1.02 0.66 0.00231891
1.02 0.72 0.0026531
1.02 0.78 0.0029937
1.02 0.84 0.00333155
1.02 0.9 0.00365664
1.02 0.96 0.00395824
1.02 1.02 0.00422585
1.02 1.08 0.00444953
1.02 1.14 0.00462064
1.02 1.2 0.00473238
1.02 1.26 0.00478017
1.02 1.32 0.00476208
1.02 1.38 0.00467889
1.02 1.44 0.00453395
1.02 1.5 0.00433306
1.02 1.56 0.00408421
1.02 1.62 0.00379674
1.02 1.68 0.00348097
1.02 1.74 0.00314758
1.02 1.8 0.002807
1.02 1.86 0.00246889
1.02 1.92 0.00214162
1.02 1.98 0.00183224
1.02 2.04 0.00154596
1.02 2.1 0.00128652
1.02 2.16 0.00105589
1.02 2.22 0.000854685
1.02 2.28 0.000682314
1.02 2.34 0.000537219
1.02 2.4 0.000417167
1.02 2.46 0.000319492
1.02 2.52 0.000241317
1.02 2.58 0.00017977
1.02 2.64 0.000132078
1.02 2.7 9.57044e-05
1.02 2.76 6.83946e-05
1.02 2.82 4.8206e-05
1.08 0.36 0.000699604
1.08 0.42 0.000857779
1.08 0.48 0.00103725
1.08 0.54 0.00123703
1.08 0.6 0.00145502
1.08 0.66 0.00168787
1.08 0.72 0.00193112
1.08 0.78 0.00217904
1.08 0.84 0.00242497
1.08 0.9 0.00266158
1.08 0.96 0.00288112
1.08 1.02 0.00307591
1.08 1.08 0.00323871
1.08 1.14 0.00336326
1.08 1.2 0.00344459
1.08 1.26 0.00347938
1.08 1.32 0.00346623
1.08 1.38 0.00340564
1.08 1.44 0.00330016
1.08 1.5 0.00315392
1.08 1.56 0.00297281
1.08 1.62 0.00276356
1.08 1.68 0.00253371
1.08 1.74 0.00229105
1.08 1.8 0.00204315
1.08 1.86 0.00179705
1.08 1.92 0.00155884
1.08 1.98 0.00133364
1.08 2.04 0.00112527
1.08 2.1 0.000936427
1.08 2.16 0.000768552
1.08 2.22 0.000622105
1.08 2.28 0.000496642
1.08 2.34 0.00039103
1.08 2.4 0.000303644
1.08 2.46 0.00023255
1.08 2.52 0.00017565
1.08 2.58 0.00013085
1.08 2.64 9.61367e-05
1.08 2.7 6.96609e-05
1.08 2.76 4.97826e-05
1.08 2.82 3.50878e-05
1.14 0.42 0.000615773
1.14 0.48 0.000744609
1.14 0.54 0.000888032
1.14 0.6 0.00104452
1.14 0.66 0.00121168
1.14 0.72 0.00138629
1.14 0.78 0.00156427
1.14 0.84 0.00174083
1.14 0.9 0.00191066
1.14 0.96 0.00206828
1.14 1.02 0.00220811
1.14 1.08 0.00232498
1.14 1.14 0.00241438
1.14 1.2 0.00247276
1.14 1.26 0.00249774
1.14 1.32 0.00248832
1.14 1.38 0.00244481
1.14 1.44 0.0023691
1.14 1.5 0.00226412
1.14 1.56 0.0021341
1.14 1.62 0.00198388
1.14 1.68 0.00181888
1.14 1.74 0.00164467
1.14 1.8 0.00146672
1.14 1.86 0.00129005
1.14 1.92 0.00111905
1.14 1.98 0.00095738
1.14 2.04 0.000807806
1.14 2.1 0.000672232
1.14 2.16 0.000551721
1.14 2.22 0.000446593
1.14 2.28 0.000356526
1.14 2.34 0.00028071
1.14 2.4 0.000217979
1.14 2.46 0.000166941
1.14 2.52 0.000126095
1.14 2.58 9.39333e-05
1.14 2.64 6.9014e-05
1.14 2.7 5.00077e-05
1.14 2.76 3.57375e-05
1.2 0.54 0.000628727
1.2 0.6 0.00073952
1.2 0.66 0.000857882
1.2 0.72 0.000981503
1.2 0.78 0.0011075
1.2 0.84 0.00123252
1.2 0.9 0.00135276
1.2 0.96 0.00146434
1.2 1.02 0.00156335
1.2 1.08 0.00164609
1.2 1.14 0.00170939
1.2 1.2 0.00175072
1.2 1.26 0.00176842
1.2 1.32 0.00176174
1.2 1.38 0.00173093
1.2 1.44 0.00167733
1.2 1.5 0.00160302
1.2 1.56 0.00151095
1.2 1.62 0.00140459
1.2 1.68 0.00128776
1.2 1.74 0.00116444
1.2 1.8 0.00103845
1.2 1.86 0.000913362
1.2 1.92 0.000792292
1.2 1.98 0.000677829
1.2 2.04 0.000571933
1.2 2.1 0.000475941
1.2 2.16 0.000390619
1.2 2.22 0.000316189
1.2 2.28 0.000252421
1.2 2.34 0.000198744
1.2 2.4 0.00015433
1.2 2.46 0.000118194
1.2 2.52 8.92761e-05
1.2 2.58 6.6505e-05
1.2 2.64 4.88622e-05
1.2 2.7 3.54058e-05
1.2 2.76 2.53024e-05
1.26 0.6 0.000516389
1.26 0.66 0.000599035
1.26 0.72 0.000685356
1.26 0.78 0.000773346
1.26 0.84 0.000860627
1.26 0.9 0.000944603
1.26 0.96 0.00102251
1.26 1.02 0.00109164
1.26 1.08 0.00114941
1.26 1.14 0.00119361
1.26 1.2 0.00122249
1.26 1.26 0.00123484
1.26 1.32 0.00123017
1.26 1.38 0.00120867
1.26 1.44 0.00117123
1.26 1.5 0.00111934
1.26 1.56 0.00105506
1.26 1.62 0.000980792
1.26 1.68 0.000899219
1.26 1.74 0.000813101
1.26 1.8 0.000725123
1.26 1.86 0.000637771
1.26 1.92 0.000553238
1.26 1.98 0.000473308
1.26 2.04 0.000399365
1.26 2.1 0.00033234
1.26 2.16 0.000272759
1.26 2.22 0.000220785
1.26 2.28 0.000176259
1.26 2.34 0.000138778
1.26 2.4 0.000107764
1.26 2.46 8.25319e-05
1.26 2.52 6.23391e-05
1.26 2.58 4.64387e-05
1.26 2.64 3.41189e-05
1.26 2.7 2.47229e-05
1.32 0.66 0.000412538
1.32 0.72 0.000471991
1.32 0.78 0.000532584
1.32 0.84 0.000592689
1.32 0.9 0.000650522
1.32 0.96 0.000704177
1.32 1.02 0.000751786
1.32 1.08 0.000791579
1.32 1.14 0.000822021
1.32 1.2 0.000841899
1.32 1.26 0.000850401
1.32 1.32 0.000847184
1.32 1.38 0.000832383
1.32 1.44 0.000806599
1.32 1.5 0.000770859
1.32 1.56 0.000726588
1.32 1.62 0.000675447
1.32 1.68 0.000619271
1.32 1.74 0.000559961
1.32 1.8 0.000499371
1.32 1.86 0.000439219
1.32 1.92 0.000380998
1.32 1.98 0.000325958
1.32 2.04 0.000275029
1.32 2.1 0.000228874
1.32 2.16 0.000187844
1.32 2.22 0.00015205
1.32 2.28 0.000121385
1.32 2.34 9.55721e-05
1.32 2.4 7.42146e-05
1.32 2.46 5.68381e-05
1.32 2.52 4.29308e-05
1.32 2.58 3.19815e-05
1.32 2.64 2.34969e-05
1.32 2.7 1.7026e-05
1.38 0.78 0.000361733
1.38 0.84 0.000402563
1.38 0.9 0.000441841
1.38 0.96 0.000478284
1.38 1.02 0.000510613
1.38 1.08 0.000537641
1.38 1.14 0.000558317
1.38 1.2 0.000571819
1.38 1.26 0.000577598
1.38 1.32 0.000575415
1.38 1.38 0.000565363
1.38 1.44 0.000547843
1.38 1.5 0.000523581
1.38 1.56 0.000493506
1.38 1.62 0.000458765
1.38 1.68 0.000420612
1.38 1.74 0.00038033
1.38 1.8 0.000339178
1.38 1.86 0.000298318
1.38 1.92 0.00025878
1.38 1.98 0.000221392
1.38 2.04 0.000186805
1.38 2.1 0.000155452
1.38 2.16 0.000127585
1.38 2.22 0.000103274
1.38 2.28 8.24459e-05
1.38 2.34 6.49141e-05
1.38 2.4 5.04076e-05
1.38 2.46 3.86045e-05
1.38 2.52 2.91592e-05
1.38 2.58 2.1722e-05
1.38 2.64 1.59592e-05
1.44 0.9 0.000295974
1.44 0.96 0.000320389
1.44 1.02 0.000342051
1.44 1.08 0.000360155
1.44 1.14 0.000374004
1.44 1.2 0.000383048
1.44 1.26 0.000386916
1.44 1.32 0.000385457
1.44 1.38 0.000378717
1.44 1.44 0.000366989
1.44 1.5 0.000350728
1.44 1.56 0.000330585
1.44 1.62 0.000307316
1.44 1.68 0.000281756
1.44 1.74 0.000254771
1.44 1.8 0.000227206
1.44 1.86 0.000199838
1.44 1.92 0.000173348
1.44 1.98 0.000148305
1.44 2.04 0.000125135
1.44 2.1 0.000104133
1.44 2.16 8.54651e-05
1.44 2.22 6.91802e-05
1.44 2.28 5.52282e-05
1.44 2.34 4.34837e-05
1.44 2.4 3.37664e-05
1.44 2.46 2.58603e-05
1.44 2.52 1.9533e-05
1.44 2.58 1.45509e-05
1.44 2.64 1.06907e-05
1.5 0.96 0.000211671
1.5 1.02 0.000225979
1.5 1.08 0.00023794
1.5 1.14 0.000247091
1.5 1.2 0.000253067
1.5 1.26 0.000255622
1.5 1.32 0.000254655
1.5 1.38 0.000250208
1.5 1.44 0.000242455
1.5 1.5 0.000231715
1.5 1.56 0.000218406
1.5 1.62 0.000203033
1.5 1.68 0.000186147
1.5 1.74 0.000168319
1.5 1.8 0.000150106
1.5 1.86 0.000132024
1.5 1.92 0.000114526
1.5 1.98 9.79798e-05
1.5 2.04 8.26718e-05
1.5 2.1 6.87974e-05
1.5 2.16 5.64644e-05
1.5 2.22 4.57051e-05
1.5 2.28 3.64875e-05
1.5 2.34 2.87284e-05
1.5 2.4 2.23083e-05
1.5 2.46 1.7085e-05
1.5 2.52 1.29046e-05
1.5 2.58 9.61337e-06
1.56 1.14 0.000161
1.56 1.2 0.000164894
1.56 1.26 0.000166561
1.56 1.32 0.000165929
1.56 1.38 0.00016303
1.56 1.44 0.00015798
1.56 1.5 0.000150981
1.56 1.56 0.000142311
1.56 1.62 0.000132293
1.56 1.68 0.000121291
1.56 1.74 0.000109674
1.56 1.8 9.78074e-05
1.56 1.86 8.60252e-05
1.56 1.92 7.46228e-05
1.56 1.98 6.38417e-05
1.56 2.04 5.38678e-05
1.56 2.1 4.48274e-05
1.56 2.16 3.67911e-05
1.56 2.22 2.97804e-05
1.56 2.28 2.37745e-05
1.56 2.34 1.87189e-05
1.56 2.4 1.45357e-05
1.56 2.46 1.11323e-05
1.56 2.52 8.40853e-06
1.62 1.26 0.000107036
1.62 1.32 0.000106631
1.62 1.38 0.000104768
1.62 1.44 0.000101522
1.62 1.5 9.70251e-05
1.62 1.56 9.14528e-05
1.62 1.62 8.50151e-05
1.62 1.68 7.79442e-05
1.62 1.74 7.04794e-05
1.62 1.8 6.28535e-05
1.62 1.86 5.5282e-05
1.62 1.92 4.79549e-05
1.62 1.98 4.10261e-05
1.62 2.04 3.46171e-05
1.62 2.1 2.88072e-05
1.62 2.16 2.36429e-05
1.62 2.22 1.91378e-05
1.62 2.28 1.52782e-05
1.62 2.34 1.20293e-05
1.62 2.4 9.34106e-06
1.62 2.46 7.15385e-06
1.62 2.52 5.40356e-06
1.68 1.44 6.43436e-05
1.68 1.5 6.1494e-05
1.68 1.56 5.79622e-05
1.68 1.62 5.38818e-05
1.68 1.68 4.94005e-05
1.68 1.74 4.46694e-05
1.68 1.8 3.98359e-05
1.68 1.86 3.50374e-05
1.68 1.92 3.03936e-05
1.68 1.98 2.60022e-05
1.68 2.04 2.19401e-05
1.68 2.1 1.82577e-05
1.68 2.16 1.49848e-05
1.68 2.22 1.21295e-05
1.68 2.28 9.68325e-06
1.68 2.34 7.62412e-06
1.68 2.4 5.92032e-06
1.68 2.46 4.53408e-06
1.74 1.74 2.7922e-05
1.74 1.8 2.49007e-05
1.74 1.86 2.19013e-05
1.74 1.92 1.89984e-05
1.74 1.98 1.62536e-05
1.74 2.04 1.37143e-05
1.74 2.1 1.14126e-05
1.74 2.16 9.36675e-06
1.74 2.22 7.58192e-06
1.74 2.28 6.05283e-06
1.74 2.34 4.7657e-06
1.74 2.4 3.70067e-06
