4603 0.06 0.06 0.486481 -12 -12
-0.78 -0.36 1.1694e-06
-0.78 -0.3 1.31278e-06
-0.78 -0.24 1.45348e-06
-0.78 -0.18 1.58713e-06
-0.78 -0.12 1.70926e-06
-0.78 -0.06 1.81548e-06
-0.78 9.71445e-15 1.90178e-06
-0.78 0.06 1.96482e-06
-0.72 -0.48 1.53346e-06
-0.72 -0.42 1.76977e-06
-0.72 -0.36 2.01445e-06
-0.72 -0.3 2.26144e-06
-0.72 -0.24 2.5038e-06
-0.72 -0.18 2.73403e-06
-0.72 -0.12 2.9444e-06
-0.72 -0.06 3.12736e-06
-0.72 9.71445e-15 3.27609e-06
-0.72 0.06 3.38465e-06
-0.72 0.12 3.44878e-06
-0.72 0.18 3.46577e-06
-0.72 0.24 3.43504e-06
-0.72 0.3 3.35776e-06
-0.66 -0.54 2.22633e-06
-0.66 -0.48 2.60525e-06
-0.66 -0.42 3.00676e-06
-0.66 -0.36 3.42246e-06
-0.66 -0.3 3.84204e-06
-0.66 -0.24 4.25382e-06
-0.66 -0.18 4.64499e-06
-0.66 -0.12 5.00241e-06
-0.66 -0.06 5.31326e-06
-0.66 9.71445e-15 5.56584e-06
-0.66 0.06 5.75038e-06
-0.66 0.12 5.85922e-06
-0.66 0.18 5.88824e-06
-0.66 0.24 5.83595e-06
-0.66 0.3 5.70462e-06
-0.66 0.36 5.49964e-06
-0.66 0.42 5.63192e-06
-0.66 0.48 5.3564e-06
-0.6 -0.66 2.6134e-06
-0.6 -0.6 3.14403e-06
-0.6 -0.54 3.73045e-06
-0.6 -0.48 4.36531e-06
-0.6 -0.42 5.03814e-06
-0.6 -0.36 5.73462e-06
-0.6 -0.3 6.43769e-06
-0.6 -0.24 7.12767e-06
-0.6 -0.18 7.7831e-06
-0.6 -0.12 8.382e-06
-0.6 -0.06 8.90292e-06
-0.6 9.71445e-15 9.32613e-06
-0.6 0.06 9.63525e-06
-0.6 0.12 9.81781e-06
-0.6 0.18 9.86629e-06
-0.6 0.24 9.77862e-06
-0.6 0.3 9.55863e-06
-0.6 0.36 9.821e-06
-0.6 0.42 9.45317e-06
-0.6 0.48 8.99346e-06
-0.6 0.54 8.45922e-06
-0.6 0.6 7.8691e-06
-0.54 -0.72 3.54054e-06
-0.54 -0.66 4.31881e-06
-0.54 -0.6 5.19572e-06
-0.54 -0.54 6.1648e-06
-0.54 -0.48 7.214e-06
-0.54 -0.42 8.32585e-06
-0.54 -0.36 9.47675e-06
-0.54 -0.3 1.06388e-05
-0.54 -0.24 1.1779e-05
-0.54 -0.18 1.28621e-05
-0.54 -0.12 1.38518e-05
-0.54 -0.06 1.47126e-05
-0.54 9.71445e-15 1.54121e-05
-0.54 0.06 1.59228e-05
-0.54 0.12 1.62246e-05
-0.54 0.18 1.63046e-05
-0.54 0.24 1.69136e-05
-0.54 0.3 1.66821e-05
-0.54 0.36 1.62544e-05
-0.54 0.42 1.56497e-05
-0.54 0.48 1.48932e-05
-0.54 0.54 1.40134e-05
-0.54 0.6 1.30409e-05
-0.54 0.66 1.20069e-05
-0.54 0.72 1.09404e-05
-0.48 -0.78 4.66566e-06
-0.48 -0.72 5.77055e-06
-0.48 -0.66 7.039e-06
-0.48 -0.6 8.46824e-06
-0.48 -0.54 1.00477e-05
-0.48 -0.48 1.17577e-05
-0.48 -0.42 1.35699e-05
-0.48 -0.36 1.54456e-05
-0.48 -0.3 1.73396e-05
-0.48 -0.24 1.9198e-05
-0.48 -0.18 2.09634e-05
-0.48 -0.12 2.25763e-05
-0.48 -0.06 2.39793e-05
-0.48 9.71445e-15 2.51194e-05
-0.48 0.06 2.59518e-05
-0.48 0.12 2.64437e-05
-0.48 0.18 2.76298e-05
-0.48 0.24 2.75969e-05
-0.48 0.3 2.72247e-05
-0.48 0.36 2.65329e-05
-0.48 0.42 2.5553e-05
-0.48 0.48 2.43251e-05
-0.48 0.54 2.28963e-05
-0.48 0.6 2.13158e-05
-0.48 0.66 1.96342e-05
-0.48 0.72 1.78989e-05
-0.48 0.78 1.61539e-05
-0.48 0.84 1.44366e-05
-0.42 -0.9 4.70341e-06
-0.42 -0.84 5.9805e-06
-0.42 -0.78 7.49982e-06
-0.42 -0.72 9.27587e-06
-0.42 -0.66 1.13148e-05
-0.42 -0.6 1.36122e-05
-0.42 -0.54 1.61511e-05
-0.42 -0.48 1.88999e-05
-0.42 -0.42 2.18128e-05
-0.42 -0.36 2.48281e-05
-0.42 -0.3 2.78724e-05
-0.42 -0.24 3.08597e-05
-0.42 -0.18 3.36974e-05
-0.42 -0.12 3.62902e-05
-0.42 -0.06 3.85454e-05
-0.42 9.71445e-15 4.0378e-05
-0.42 0.06 4.28878e-05
-0.42 0.12 4.39446e-05
-0.42 0.18 4.44554e-05
-0.42 0.24 4.44102e-05
-0.42 0.3 4.38205e-05
-0.42 0.36 4.27173e-05
-0.42 0.42 4.1151e-05
-0.42 0.48 3.91861e-05
-0.42 0.54 3.68976e-05
-0.42 0.6 3.43645e-05
-0.42 0.66 3.16675e-05
-0.42 0.72 2.88824e-05
-0.42 0.78 2.60803e-05
-0.42 0.84 2.33206e-05
-0.42 0.9 2.06542e-05
-0.42 0.96 1.81206e-05
-0.36 -0.96 5.78356e-06
-0.36 -0.9 7.45654e-06
-0.36 -0.84 9.48122e-06
-0.36 -0.78 1.18899e-05
-0.36 -0.72 1.47056e-05
-0.36 -0.66 1.7938e-05
-0.36 -0.6 2.15801e-05
-0.36 -0.54 2.56052e-05
-0.36 -0.48 2.99629e-05
-0.36 -0.42 3.4581e-05
-0.36 -0.36 3.93616e-05
-0.36 -0.3 4.4187e-05
-0.36 -0.24 4.89231e-05
-0.36 -0.18 5.34219e-05
-0.36 -0.12 5.75326e-05
-0.36 -0.06 6.1108e-05
-0.36 9.71445e-15 6.55426e-05
-0.36 0.06 6.80387e-05
-0.36 0.12 6.97237e-05
-0.36 0.18 7.05459e-05
-0.36 0.24 7.04865e-05
-0.36 0.3 6.95649e-05
-0.36 0.36 6.78304e-05
-0.36 0.42 6.53617e-05
-0.36 0.48 6.22614e-05
-0.36 0.54 5.86464e-05
-0.36 0.6 5.46425e-05
-0.36 0.66 5.03767e-05
-0.36 0.72 4.59686e-05
-0.36 0.78 4.15304e-05
-0.36 0.84 3.71566e-05
-0.36 0.9 3.2927e-05
-0.36 0.96 2.89048e-05
-0.36 1.02 2.51366e-05
-0.3 -1.02 6.91777e-06
-0.3 -0.96 9.04303e-06
-0.3 -0.9 1.16586e-05
-0.3 -0.84 1.48244e-05
-0.3 -0.78 1.85906e-05
-0.3 -0.72 2.2993e-05
-0.3 -0.66 2.8047e-05
-0.3 -0.6 3.37419e-05
-0.3 -0.54 4.0035e-05
-0.3 -0.48 4.68491e-05
-0.3 -0.42 5.40689e-05
-0.3 -0.36 6.15446e-05
-0.3 -0.3 6.909e-05
-0.3 -0.24 7.64941e-05
-0.3 -0.18 8.3528e-05
-0.3 -0.12 8.99554e-05
-0.3 -0.06 9.74875e-05
-0.3 9.71445e-15 0.000102539
-0.3 0.06 0.000106457
-0.3 0.12 0.000109107
-0.3 0.18 0.000110412
-0.3 0.24 0.000110341
-0.3 0.3 0.000108921
-0.3 0.36 0.000106231
-0.3 0.42 0.000102394
-0.3 0.48 9.75695e-05
-0.3 0.54 9.19386e-05
-0.3 0.6 8.5697e-05
-0.3 0.66 7.90419e-05
-0.3 0.72 7.21626e-05
-0.3 0.78 6.52281e-05
-0.3 0.84 5.83915e-05
-0.3 0.9 5.17748e-05
-0.3 0.96 4.54768e-05
-0.3 1.02 3.95712e-05
-0.3 1.08 3.41091e-05
-0.24 -1.08 8.04842e-06
-0.24 -1.02 1.06676e-05
-0.24 -0.96 1.3945e-05
-0.24 -0.9 1.79786e-05
-0.24 -0.84 2.28601e-05
-0.24 -0.78 2.86675e-05
-0.24 -0.72 3.54565e-05
-0.24 -0.66 4.32504e-05
-0.24 -0.6 5.20324e-05
-0.24 -0.54 6.17366e-05
-0.24 -0.48 7.22444e-05
-0.24 -0.42 8.33782e-05
-0.24 -0.36 9.49048e-05
-0.24 -0.3 0.000106542
-0.24 -0.24 0.00011796
-0.24 -0.18 0.000128807
-0.24 -0.12 0.000141115
-0.24 -0.06 0.000150407
-0.24 9.71445e-15 0.000158217
-0.24 0.06 0.00016428
-0.24 0.12 0.000168395
-0.24 0.18 0.000170433
-0.24 0.24 0.000170357
-0.24 0.3 0.000168203
-0.24 0.36 0.000164092
-0.24 0.42 0.000158212
-0.24 0.48 0.000150806
-0.24 0.54 0.000142155
-0.24 0.6 0.00013256
-0.24 0.66 0.000122322
-0.24 0.72 0.000111731
-0.24 0.78 0.00010105
-0.24 0.84 9.05078e-05
-0.24 0.9 8.02976e-05
-0.24 0.96 7.05716e-05
-0.24 1.02 6.14436e-05
-0.24 1.08 5.29929e-05
-0.24 1.14 4.52681e-05
-0.24 1.2 3.82934e-05
-0.18 -1.14 9.10816e-06
-0.18 -1.08 1.22406e-05
-0.18 -1.02 1.62242e-05
-0.18 -0.96 2.12083e-05
-0.18 -0.9 2.73429e-05
-0.18 -0.84 3.47675e-05
-0.18 -0.78 4.36003e-05
-0.18 -0.72 5.39253e-05
-0.18 -0.66 6.57786e-05
-0.18 -0.6 7.91342e-05
-0.18 -0.54 9.38933e-05
-0.18 -0.48 0.000109874
-0.18 -0.42 0.000126808
-0.18 -0.36 0.000144339
-0.18 -0.3 0.000162035
-0.18 -0.24 0.000179399
-0.18 -0.18 0.000198773
-0.18 -0.12 0.000214706
-0.18 -0.06 0.000228865
-0.18 9.71445e-15 0.000240775
-0.18 0.06 0.000250031
-0.18 0.12 0.000256328
-0.18 0.18 0.000259477
-0.18 0.24 0.000259408
-0.18 0.3 0.000256183
-0.18 0.36 0.000249986
-0.18 0.42 0.000241102
-0.18 0.48 0.000229895
-0.18 0.54 0.000216792
-0.18 0.6 0.000202244
-0.18 0.66 0.000186711
-0.18 0.72 0.000170631
-0.18 0.78 0.0001544
-0.18 0.84 0.000138372
-0.18 0.9 0.000122834
-0.18 0.96 0.000108019
-0.18 1.02 9.41013e-05
-0.18 1.08 8.12045e-05
-0.18 1.14 6.94063e-05
-0.18 1.2 5.87426e-05
-0.18 1.26 4.92195e-05
-0.12 -1.2 1.00262e-05
-0.12 -1.14 1.36619e-05
-0.12 -1.08 1.83604e-05
-0.12 -1.02 2.43356e-05
-0.12 -0.96 3.18119e-05
-0.12 -0.9 4.10137e-05
-0.12 -0.84 5.21499e-05
-0.12 -0.78 6.53983e-05
-0.12 -0.72 8.08855e-05
-0.12 -0.66 9.86655e-05
-0.12 -0.6 0.000118699
-0.12 -0.54 0.000140837
-0.12 -0.48 0.000164807
-0.12 -0.42 0.000190207
-0.12 -0.36 0.000216502
-0.12 -0.3 0.000243048
-0.12 -0.24 0.000272455
-0.12 -0.18 0.000298265
-0.12 -0.12 0.000322195
-0.12 -0.06 0.000343468
-0.12 9.71445e-15 0.000361377
-0.12 0.06 0.000375317
-0.12 0.12 0.000384827
-0.12 0.18 0.000389616
-0.12 0.24 0.000389592
-0.12 0.3 0.000384843
-0.12 0.36 0.000375634
-0.12 0.42 0.000362391
-0.12 0.48 0.000345664
-0.12 0.54 0.000326086
-0.12 0.6 0.000304337
-0.12 0.66 0.000281094
-0.12 0.72 0.000257014
-0.12 0.78 0.000232696
-0.12 0.84 0.000208655
-0.12 0.9 0.000185331
-0.12 0.96 0.000163074
-0.12 1.02 0.000142147
-0.12 1.08 0.000122736
-0.12 1.14 0.000104959
-0.12 1.2 8.88794e-05
-0.12 1.26 7.45058e-05
-0.12 1.32 6.18114e-05
-0.06 -1.2 1.48321e-05
-0.06 -1.14 2.02109e-05
-0.06 -1.08 2.71615e-05
-0.06 -1.02 3.60008e-05
-0.06 -0.96 4.70611e-05
-0.06 -0.9 6.0673e-05
-0.06 -0.84 7.71471e-05
-0.06 -0.78 9.67468e-05
-0.06 -0.72 0.000119658
-0.06 -0.66 0.000145959
-0.06 -0.6 0.000175597
-0.06 -0.54 0.000208348
-0.06 -0.48 0.000243808
-0.06 -0.42 0.000281382
-0.06 -0.36 0.000320284
-0.06 -0.3 0.000363366
-0.06 -0.24 0.00040318
-0.06 -0.18 0.0004414
-0.06 -0.12 0.000476851
-0.06 -0.06 0.000508385
-0.06 9.71445e-15 0.000534944
-0.06 0.06 0.000555646
-0.06 0.12 0.000569807
-0.06 0.18 0.000577002
-0.06 0.24 0.000577086
-0.06 0.3 0.00057018
-0.06 0.36 0.000556686
-0.06 0.42 0.000537228
-0.06 0.48 0.000512612
-0.06 0.54 0.000483768
-0.06 0.6 0.000451694
-0.06 0.66 0.000417399
-0.06 0.72 0.000381839
-0.06 0.78 0.000345893
-0.06 0.84 0.000310333
-0.06 0.9 0.000275806
-0.06 0.96 0.000242826
-0.06 1.02 0.000211786
-0.06 1.08 0.00018297
-0.06 1.14 0.000156555
-0.06 1.2 0.000132636
-0.06 1.26 0.00011124
-0.06 1.32 9.23263e-05
-0.06 1.38 7.58087e-05
9.71445e-15 -1.26 1.56628e-05
9.71445e-15 -1.2 2.16401e-05
9.71445e-15 -1.14 2.94879e-05
9.71445e-15 -1.08 3.9629e-05
9.71445e-15 -1.02 5.25257e-05
9.71445e-15 -0.96 6.86624e-05
9.71445e-15 -0.9 8.85228e-05
9.71445e-15 -0.84 0.00011256
9.71445e-15 -0.78 0.000141156
9.71445e-15 -0.72 0.000174583
9.71445e-15 -0.66 0.000212958
9.71445e-15 -0.6 0.000256197
9.71445e-15 -0.54 0.000303982
9.71445e-15 -0.48 0.000355718
9.71445e-15 -0.42 0.00041054
9.71445e-15 -0.36 0.000471509
9.71445e-15 -0.3 0.000530293
9.71445e-15 -0.24 0.000588426
9.71445e-15 -0.18 0.000644247
9.71445e-15 -0.12 0.000696045
9.71445e-15 -0.06 0.000742144
9.71445e-15 9.71445e-15 0.000781006
9.71445e-15 0.06 0.000811331
9.71445e-15 0.12 0.000832135
9.71445e-15 0.18 0.000842791
9.71445e-15 0.24 0.000843081
9.71445e-15 0.3 0.000833187
9.71445e-15 0.36 0.00081369
9.71445e-15 0.42 0.000785497
9.71445e-15 0.48 0.000749775
9.71445e-15 0.54 0.000707872
9.71445e-15 0.6 0.000661227
9.71445e-15 0.66 0.000611317
9.71445e-15 0.72 0.000559525
9.71445e-15 0.78 0.00050713
9.71445e-15 0.84 0.000455256
9.71445e-15 0.9 0.000404841
9.71445e-15 0.96 0.00035664
9.71445e-15 1.02 0.000311232
9.71445e-15 1.08 0.000269033
9.71445e-15 1.14 0.000230319
9.71445e-15 1.2 0.000195229
9.71445e-15 1.26 0.000163812
9.71445e-15 1.32 0.000136017
9.71445e-15 1.38 0.000111726
9.71445e-15 1.44 9.07577e-05
0.06 -1.32 1.60885e-05
0.06 -1.26 2.25382e-05
0.06 -1.2 3.11392e-05
0.06 -1.14 4.24318e-05
0.06 -1.08 5.70247e-05
0.06 -1.02 7.55823e-05
0.06 -0.96 9.88023e-05
0.06 -0.9 0.000127381
0.06 -0.84 0.000161969
0.06 -0.78 0.000203118
0.06 -0.72 0.000251219
0.06 -0.66 0.000306439
0.06 -0.6 0.000368656
0.06 -0.54 0.000437417
0.06 -0.48 0.000511865
0.06 -0.42 0.00059527
0.06 -0.36 0.000678634
0.06 -0.3 0.000763272
0.06 -0.24 0.000846994
0.06 -0.18 0.000927403
0.06 -0.12 0.00100204
0.06 -0.06 0.00106851
0.06 9.71445e-15 0.00112459
0.06 0.06 0.0011684
0.06 0.12 0.00119855
0.06 0.18 0.00121412
0.06 0.24 0.00121478
0.06 0.3 0.00120082
0.06 0.36 0.00117305
0.06 0.42 0.00113276
0.06 0.48 0.00108164
0.06 0.54 0.00102161
0.06 0.6 0.000954718
0.06 0.66 0.000883079
0.06 0.72 0.000808683
0.06 0.78 0.000733362
0.06 0.84 0.000658724
0.06 0.9 0.00058612
0.06 0.96 0.000516638
0.06 1.02 0.00045112
0.06 1.08 0.000390171
0.06 1.14 0.000334202
0.06 1.2 0.000283429
0.06 1.26 0.000237927
0.06 1.32 0.000197639
0.06 1.38 0.000162405
0.06 1.44 0.00013197
0.06 1.5 0.000106016
0.12 -1.32 2.28325e-05
0.12 -1.26 3.19857e-05
0.12 -1.2 4.4192e-05
0.12 -1.14 6.02184e-05
0.12 -1.08 8.09283e-05
0.12 -1.02 0.000107265
0.12 -0.96 0.000140218
0.12 -0.9 0.000180776
0.12 -0.84 0.000229863
0.12 -0.78 0.000288261
0.12 -0.72 0.000356525
0.12 -0.66 0.000434891
0.12 -0.6 0.000523189
0.12 -0.54 0.000620774
0.12 -0.48 0.00073115
0.12 -0.42 0.000844957
0.12 -0.36 0.000963324
0.12 -0.3 0.00108352
0.12 -0.24 0.00120244
0.12 -0.18 0.00131668
0.12 -0.12 0.00142276
0.12 -0.06 0.00151728
0.12 9.71445e-15 0.00159709
0.12 0.06 0.00165953
0.12 0.12 0.00170262
0.12 0.18 0.00172505
0.12 0.24 0.00172637
0.12 0.3 0.00170695
0.12 0.36 0.00166795
0.12 0.42 0.00161119
0.12 0.48 0.00153904
0.12 0.54 0.00145421
0.12 0.6 0.00135961
0.12 0.66 0.00125821
0.12 0.72 0.00115281
0.12 0.78 0.00104602
0.12 0.84 0.000940097
0.12 0.9 0.000836969
0.12 0.96 0.000738183
0.12 1.02 0.000644941
0.12 1.08 0.000558117
0.12 1.14 0.00047831
0.12 1.2 0.000405843
0.12 1.26 0.000340845
0.12 1.32 0.000283247
0.12 1.38 0.000232838
0.12 1.44 0.000189266
0.12 1.5 0.000152088
0.18 -1.38 2.2499e-05
0.18 -1.32 3.19578e-05
0.18 -1.26 4.47691e-05
0.18 -1.2 6.18545e-05
0.18 -1.14 8.42863e-05
0.18 -1.08 0.000113273
0.18 -1.02 0.000150135
0.18 -0.96 0.00019626
0.18 -0.9 0.000253028
0.18 -0.84 0.000321731
0.18 -0.78 0.000403469
0.18 -0.72 0.000499016
0.18 -0.66 0.000608702
0.18 -0.6 0.000732294
0.18 -0.54 0.000868883
0.18 -0.48 0.00102353
0.18 -0.42 0.0011829
0.18 -0.36 0.00134865
0.18 -0.3 0.00151701
0.18 -0.24 0.00168359
0.18 -0.18 0.00184368
0.18 -0.12 0.00199239
0.18 -0.06 0.00212494
0.18 9.71445e-15 0.00223697
0.18 0.06 0.00232474
0.18 0.12 0.00238549
0.18 0.18 0.00241735
0.18 0.24 0.00241975
0.18 0.3 0.00239313
0.18 0.36 0.00233913
0.18 0.42 0.00226029
0.18 0.48 0.00215987
0.18 0.54 0.00204166
0.18 0.6 0.0019097
0.18 0.66 0.00176817
0.18 0.72 0.00162091
0.18 0.78 0.00147157
0.18 0.84 0.00132331
0.18 0.9 0.00117884
0.18 0.96 0.00104031
0.18 1.02 0.000909427
0.18 1.08 0.000787434
0.18 1.14 0.000675192
0.18 1.2 0.000573175
0.18 1.26 0.000481598
0.18 1.32 0.000400377
0.18 1.38 0.000329243
0.18 1.44 0.000267718
0.18 1.5 0.000215189
0.18 1.56 0.000170931
0.24 -1.44 2.15653e-05
0.24 -1.38 3.10584e-05
0.24 -1.32 4.41156e-05
0.24 -1.26 6.18012e-05
0.24 -1.2 8.53869e-05
0.24 -1.14 0.000116352
0.24 -1.08 0.000156364
0.24 -1.02 0.000207253
0.24 -0.96 0.000270924
0.24 -0.9 0.000349287
0.24 -0.84 0.000444129
0.24 -0.78 0.000556959
0.24 -0.72 0.000688851
0.24 -0.66 0.00084027
0.24 -0.6 0.00101089
0.24 -0.54 0.00120622
0.24 -0.48 0.00141315
0.24 -0.42 0.00163324
0.24 -0.36 0.00186217
0.24 -0.3 0.00209474
0.24 -0.24 0.00232491
0.24 -0.18 0.00254616
0.24 -0.12 0.00275175
0.24 -0.06 0.0029351
0.24 9.71445e-15 0.00309017
0.24 0.06 0.00321193
0.24 0.12 0.00329635
0.24 0.18 0.00334105
0.24 0.24 0.00334509
0.24 0.3 0.00330918
0.24 0.36 0.00323547
0.24 0.42 0.00312745
0.24 0.48 0.00298962
0.24 0.54 0.00282717
0.24 0.6 0.00264569
0.24 0.66 0.00245082
0.24 0.72 0.0022479
0.24 0.78 0.00204194
0.24 0.84 0.00183729
0.24 0.9 0.00163765
0.24 0.96 0.00144605
0.24 1.02 0.00126484
0.24 1.08 0.00109579
0.24 1.14 0.000940073
0.24 1.2 0.000798426
0.24 1.26 0.000671157
0.24 1.32 0.000558196
0.24 1.38 0.000459184
0.24 1.44 0.000373497
0.24 1.5 0.000300298
0.24 1.56 0.000238594
0.24 1.62 0.000187282
0.3 -1.44 2.93603e-05
0.3 -1.38 4.22851e-05
0.3 -1.32 6.00622e-05
0.3 -1.26 8.41404e-05
0.3 -1.2 0.000116251
0.3 -1.14 0.000158406
0.3 -1.08 0.000212886
0.3 -1.02 0.000282165
0.3 -0.96 0.000368853
0.3 -0.9 0.000475542
0.3 -0.84 0.000604665
0.3 -0.78 0.00075828
0.3 -0.72 0.000937852
0.3 -0.66 0.00114401
0.3 -0.6 0.0013829
0.3 -0.54 0.00164243
0.3 -0.48 0.00192429
0.3 -0.42 0.00222403
0.3 -0.36 0.0025359
0.3 -0.3 0.00285274
0.3 -0.24 0.00316639
0.3 -0.18 0.00346797
0.3 -0.12 0.0037483
0.3 -0.06 0.00399842
0.3 9.71445e-15 0.00421027
0.3 0.06 0.00437873
0.3 0.12 0.00449485
0.3 0.18 0.00455702
0.3 0.24 0.00456395
0.3 0.3 0.00451307
0.3 0.36 0.00441389
0.3 0.42 0.00426799
0.3 0.48 0.00408144
0.3 0.54 0.00386133
0.3 0.6 0.00361519
0.3 0.66 0.00335053
0.3 0.72 0.00307483
0.3 0.78 0.00279465
0.3 0.84 0.00251603
0.3 0.9 0.00224395
0.3 0.96 0.00198257
0.3 1.02 0.00173513
0.3 1.08 0.00150403
0.3 1.14 0.00129096
0.3 1.2 0.00109698
0.3 1.26 0.000922512
0.3 1.32 0.000767564
0.3 1.38 0.000631638
0.3 1.44 0.000513931
0.3 1.5 0.000413325
0.3 1.56 0.000328476
0.3 1.62 0.000257885
0.3 1.68 0.000199966
0.36 -1.5 2.69971e-05
0.36 -1.44 3.94234e-05
0.36 -1.38 5.67778e-05
0.36 -1.32 8.06475e-05
0.36 -1.26 0.000112978
0.36 -1.2 0.000156094
0.36 -1.14 0.000212702
0.36 -1.08 0.00028585
0.36 -1.02 0.000378876
0.36 -0.96 0.000495271
0.36 -0.9 0.000638532
0.36 -0.84 0.000811909
0.36 -0.78 0.00101817
0.36 -0.72 0.00125929
0.36 -0.66 0.00153609
0.36 -0.6 0.00185709
0.36 -0.54 0.00220572
0.36 -0.48 0.00258426
0.36 -0.42 0.00298758
0.36 -0.36 0.00340672
0.36 -0.3 0.0038327
0.36 -0.24 0.0042545
0.36 -0.18 0.00466025
0.36 -0.12 0.00503767
0.36 -0.06 0.00537477
0.36 9.71445e-15 0.00566051
0.36 0.06 0.00588554
0.36 0.12 0.00604287
0.36 0.18 0.00612774
0.36 0.24 0.00613863
0.36 0.3 0.00607664
0.36 0.36 0.0059457
0.36 0.42 0.00575208
0.36 0.48 0.00550384
0.36 0.54 0.00521033
0.36 0.6 0.00488154
0.36 0.66 0.00452779
0.36 0.72 0.00414838
0.36 0.78 0.00377257
0.36 0.84 0.0033984
0.36 0.9 0.00303269
0.36 0.96 0.002681
0.36 1.02 0.0023477
0.36 1.08 0.00203611
0.36 1.14 0.00174859
0.36 1.2 0.00148653
0.36 1.26 0.00125067
0.36 1.32 0.00104099
0.36 1.38 0.000856951
0.36 1.44 0.000697473
0.36 1.5 0.000561085
0.36 1.56 0.000446004
0.36 1.62 0.000350226
0.36 1.68 0.000271619
0.42 -1.5 3.57521e-05
0.42 -1.44 5.22078e-05
0.42 -1.38 7.51903e-05
0.42 -1.32 0.000106801
0.42 -1.26 0.000149617
0.42 -1.2 0.000206715
0.42 -1.14 0.000281674
0.42 -1.08 0.000378549
0.42 -1.02 0.00050174
0.42 -0.96 0.000655887
0.42 -0.9 0.000845597
0.42 -0.84 0.0010752
0.42 -0.78 0.00134836
0.42 -0.72 0.00166767
0.42 -0.66 0.00204276
0.42 -0.6 0.0024601
0.42 -0.54 0.00292199
0.42 -0.48 0.00342376
0.42 -0.42 0.00395747
0.42 -0.36 0.00451299
0.42 -0.3 0.0050776
0.42 -0.24 0.00563682
0.42 -0.18 0.00617495
0.42 -0.12 0.0066757
0.42 -0.06 0.0071232
0.42 9.71445e-15 0.00750307
0.42 0.06 0.00780276
0.42 0.12 0.00801278
0.42 0.18 0.00812728
0.42 0.24 0.00814391
0.42 0.3 0.00806415
0.42 0.36 0.00789319
0.42 0.42 0.00763917
0.42 0.48 0.0073127
0.42 0.54 0.00692616
0.42 0.6 0.00649277
0.42 0.66 0.00602567
0.42 0.72 0.00553802
0.42 0.78 0.00504133
0.42 0.84 0.00454629
0.42 0.9 0.00406177
0.42 0.96 0.00357589
0.42 1.02 0.00313313
0.42 1.08 0.00271878
0.42 1.14 0.00233601
0.42 1.2 0.00198687
0.42 1.26 0.00167231
0.42 1.32 0.00139251
0.42 1.38 0.00114671
0.42 1.44 0.000933583
0.42 1.5 0.00075123
0.42 1.56 0.000597291
0.42 1.62 0.000469118
0.42 1.68 0.000363881
0.42 1.74 0.0002787
0.48 -1.56 3.15375e-05
0.48 -1.5 4.66949e-05
0.48 -1.44 6.81877e-05
0.48 -1.38 9.82047e-05
0.48 -1.32 0.000139491
0.48 -1.26 0.00019541
0.48 -1.2 0.000269987
0.48 -1.14 0.000367895
0.48 -1.08 0.000494409
0.48 -1.02 0.00065532
0.48 -0.96 0.000856636
0.48 -0.9 0.00110442
0.48 -0.84 0.00140431
0.48 -0.78 0.00176135
0.48 -0.72 0.00217851
0.48 -0.66 0.00266882
0.48 -0.6 0.00321368
0.48 -0.54 0.00381725
0.48 -0.48 0.0044728
0.48 -0.42 0.0051704
0.48 -0.36 0.00589644
0.48 -0.3 0.00663456
0.48 -0.24 0.00736588
0.48 -0.18 0.00806983
0.48 -0.12 0.00872523
0.48 -0.06 0.00931139
0.48 9.71445e-15 0.00980924
0.48 0.06 0.010203
0.48 0.12 0.0104798
0.48 0.18 0.0106322
0.48 0.24 0.0106568
0.48 0.3 0.010556
0.48 0.36 0.010336
0.48 0.42 0.0100075
0.48 0.48 0.0095844
0.48 0.54 0.00908246
0.48 0.6 0.00851892
0.48 0.66 0.00791113
0.48 0.72 0.00727556
0.48 0.78 0.00662774
0.48 0.84 0.00598131
0.48 0.9 0.00534787
0.48 0.96 0.00473717
0.48 1.02 0.00415692
0.48 1.08 0.00361306
0.48 1.14 0.00307809
0.48 1.2 0.00261922
0.48 1.26 0.00220552
0.48 1.32 0.00183718
0.48 1.38 0.00151339
0.48 1.44 0.0012325
0.48 1.5 0.000992012
0.48 1.56 0.000788906
0.48 1.62 0.000619738
0.48 1.68 0.000480798
0.48 1.74 0.000368296
0.48 1.8 0.000278515
0.54 -1.56 4.06242e-05
0.54 -1.5 6.01493e-05
0.54 -1.44 8.78354e-05
0.54 -1.38 0.000126501
0.54 -1.32 0.000179683
0.54 -1.26 0.000251715
0.54 -1.2 0.000347775
0.54 -1.14 0.000473897
0.54 -1.08 0.000636873
0.54 -1.02 0.000844134
0.54 -0.96 0.00110346
0.54 -0.9 0.00142288
0.54 -0.84 0.00180926
0.54 -0.78 0.00226896
0.54 -0.72 0.00281658
0.54 -0.66 0.00343838
0.54 -0.6 0.00414043
0.54 -0.54 0.00491829
0.54 -0.48 0.00576319
0.54 -0.42 0.00666236
0.54 -0.36 0.00759832
0.54 -0.3 0.00855013
0.54 -0.24 0.00949342
0.54 -0.18 0.0104017
0.54 -0.12 0.0112478
0.54 -0.06 0.0120052
0.54 9.71445e-15 0.0126492
0.54 0.06 0.0131592
0.54 0.12 0.0135195
0.54 0.18 0.0137194
0.54 0.24 0.0137554
0.54 0.3 0.0136298
0.54 0.36 0.013351
0.54 0.42 0.0129324
0.54 0.48 0.0123918
0.54 0.54 0.0117493
0.54 0.6 0.0110269
0.54 0.66 0.0102469
0.54 0.72 0.00943021
0.54 0.78 0.00859705
0.54 0.84 0.00776451
0.54 0.9 0.00694781
0.54 0.96 0.00615951
0.54 1.02 0.00540959
0.54 1.08 0.00470581
0.54 1.14 0.00405386
0.54 1.2 0.00345744
0.54 1.26 0.00286889
0.54 1.32 0.00239063
0.54 1.38 0.00197
0.54 1.44 0.00160482
0.54 1.5 0.00129201
0.54 1.56 0.00102771
0.54 1.62 0.000807478
0.54 1.68 0.000626552
0.54 1.74 0.000480018
0.54 1.8 0.00036304
0.6 -1.56 5.16097e-05
0.6 -1.5 7.64157e-05
0.6 -1.44 0.000111588
0.6 -1.38 0.00016071
0.6 -1.32 0.000228273
0.6 -1.26 0.000319784
0.6 -1.2 0.000441824
0.6 -1.14 0.000602049
0.6 -1.08 0.000809103
0.6 -1.02 0.00107257
0.6 -0.96 0.00140213
0.6 -0.9 0.00180775
0.6 -0.84 0.00229865
0.6 -0.78 0.00288273
0.6 -0.72 0.00357884
0.6 -0.66 0.00436906
0.6 -0.6 0.00526129
0.6 -0.54 0.00624996
0.6 -0.48 0.00732403
0.6 -0.42 0.00846712
0.6 -0.36 0.00965727
0.6 -0.3 0.0108679
0.6 -0.24 0.012068
0.6 -0.18 0.013224
0.6 -0.12 0.0143015
0.6 -0.06 0.0152667
0.6 9.71445e-15 0.0160886
0.6 0.06 0.0167406
0.6 0.12 0.0172031
0.6 0.18 0.0174622
0.6 0.24 0.0175138
0.6 0.3 0.0173602
0.6 0.36 0.0170122
0.6 0.42 0.0164866
0.6 0.48 0.0158055
0.6 0.54 0.0149949
0.6 0.6 0.014082
0.6 0.66 0.0130949
0.6 0.72 0.0120604
0.6 0.78 0.0110035
0.6 0.84 0.00994616
0.6 0.9 0.00890774
0.6 0.96 0.00790413
0.6 1.02 0.00694818
0.6 1.08 0.0060499
0.6 1.14 0.00521669
0.6 1.2 0.00445355
0.6 1.26 0.00376318
0.6 1.32 0.00314646
0.6 1.38 0.0025292
0.6 1.44 0.00206095
0.6 1.5 0.00165965
0.6 1.56 0.00132043
0.6 1.62 0.00103766
0.6 1.68 0.000805284
0.6 1.74 0.000617036
0.6 1.8 0.000466719
0.6 1.86 0.000348448
0.66 -1.62 4.30743e-05
0.66 -1.56 6.46649e-05
0.66 -1.5 9.57461e-05
0.66 -1.44 0.000139816
0.66 -1.38 0.000201363
0.66 -1.32 0.000286018
0.66 -1.26 0.000400678
0.66 -1.2 0.00055359
0.66 -1.14 0.000754465
0.66 -1.08 0.00101396
0.66 -1.02 0.00134396
0.66 -0.96 0.00175692
0.66 -0.9 0.00226518
0.66 -0.84 0.00288032
0.66 -0.78 0.00361224
0.66 -0.72 0.00448499
0.66 -0.66 0.00547547
0.66 -0.6 0.0065939
0.66 -0.54 0.00783331
0.66 -0.48 0.00917998
0.66 -0.42 0.0106134
0.66 -0.36 0.0121061
0.66 -0.3 0.0136249
0.66 -0.24 0.0151309
0.66 -0.18 0.0165823
0.66 -0.12 0.0179359
0.66 -0.06 0.0191494
0.66 9.71445e-15 0.0201843
0.66 0.06 0.0210069
0.66 0.12 0.0215929
0.66 0.18 0.0219246
0.66 0.24 0.0219969
0.66 0.3 0.0218127
0.66 0.36 0.0213849
0.66 0.42 0.0207347
0.66 0.48 0.0198894
0.66 0.54 0.0188812
0.66 0.6 0.017744
0.66 0.66 0.0165125
0.66 0.72 0.0152203
0.66 0.78 0.0138984
0.66 0.84 0.0125742
0.66 0.9 0.0112721
0.66 0.96 0.0100119
0.66 1.02 0.00880999
0.66 1.08 0.00767904
0.66 1.14 0.00662859
0.66 1.2 0.00566522
0.66 1.26 0.00479256
0.66 1.32 0.00401199
0.66 1.38 0.00332266
0.66 1.44 0.00272161
0.66 1.5 0.00210266
0.66 1.56 0.00167325
0.66 1.62 0.00131517
0.66 1.68 0.0010208
0.66 1.74 0.000782274
0.66 1.8 0.000591768
0.66 1.86 0.00044185
0.72 -1.62 5.32286e-05
0.72 -1.56 7.99095e-05
0.72 -1.5 0.000118317
0.72 -1.44 0.000172777
0.72 -1.38 0.000248834
0.72 -1.32 0.000353445
0.72 -1.26 0.000495216
0.72 -1.2 0.000684219
0.72 -1.14 0.000932371
0.72 -1.08 0.00125306
0.72 -1.02 0.0016609
0.72 -0.96 0.00217124
0.72 -0.9 0.0027994
0.72 -0.84 0.00355968
0.72 -0.78 0.00447875
0.72 -0.72 0.00554346
0.72 -0.66 0.00676793
0.72 -0.6 0.00815075
0.72 -0.54 0.00968328
0.72 -0.48 0.0113486
0.72 -0.42 0.0131216
0.72 -0.36 0.0149682
0.72 -0.3 0.0168477
0.72 -0.24 0.0187121
0.72 -0.18 0.0205097
0.72 -0.12 0.0221872
0.72 -0.06 0.0236927
0.72 9.71445e-15 0.0249783
0.72 0.06 0.0260027
0.72 0.12 0.0267355
0.72 0.18 0.0271551
0.72 0.24 0.0272547
0.72 0.3 0.0270381
0.72 0.36 0.0265208
0.72 0.42 0.0257285
0.72 0.48 0.0246949
0.72 0.54 0.0234591
0.72 0.6 0.0220626
0.72 0.66 0.0205483
0.72 0.72 0.0189567
0.72 0.78 0.0173267
0.72 0.84 0.0156916
0.72 0.9 0.0140812
0.72 0.96 0.0125207
0.72 1.02 0.0110302
0.72 1.08 0.00962562
0.72 1.14 0.00831914
0.72 1.2 0.00711924
0.72 1.26 0.00603073
0.72 1.32 0.00505567
0.72 1.38 0.0041933
0.72 1.44 0.00344026
0.72 1.5 0.00279123
0.72 1.56 0.00209125
0.72 1.62 0.00164401
0.72 1.68 0.00127623
0.72 1.74 0.000978145
0.72 1.8 0.000740019
0.72 1.86 0.000552595
0.78 -1.62 6.48722e-05
0.78 -1.56 9.73909e-05
0.78 -1.5 0.000144198
0.78 -1.44 0.000210572
0.78 -1.38 0.000303268
0.78 -1.32 0.000430843
0.78 -1.26 0.000603576
0.78 -1.2 0.000833939
0.78 -1.14 0.0011364
0.78 -1.08 0.00152727
0.78 -1.02 0.0020244
0.78 -0.96 0.00264643
0.78 -0.9 0.00341214
0.78 -0.84 0.00433891
0.78 -0.78 0.00545972
0.78 -0.72 0.00675785
0.78 -0.66 0.00825091
0.78 -0.6 0.00993717
0.78 -0.54 0.0118063
0.78 -0.48 0.0138375
0.78 -0.42 0.0160008
0.78 -0.36 0.0182543
0.78 -0.3 0.0205483
0.78 -0.24 0.0228252
0.78 -0.18 0.0250216
0.78 -0.12 0.0270729
0.78 -0.06 0.0289157
0.78 9.71445e-15 0.0304915
0.78 0.06 0.031751
0.78 0.12 0.0326557
0.78 0.18 0.0331806
0.78 0.24 0.0333156
0.78 0.3 0.0330664
0.78 0.36 0.0324512
0.78 0.42 0.0315008
0.78 0.48 0.0302559
0.78 0.54 0.0287633
0.78 0.6 0.0270733
0.78 0.66 0.0252379
0.78 0.72 0.0233057
0.78 0.78 0.0213239
0.78 0.84 0.0193332
0.78 0.9 0.0173695
0.78 0.96 0.0154635
0.78 1.02 0.0136403
0.78 1.08 0.0119195
0.78 1.14 0.0103165
0.78 1.2 0.00884166
0.78 1.26 0.00750167
0.78 1.32 0.00629933
0.78 1.38 0.00523411
0.78 1.44 0.00430239
0.78 1.5 0.00349786
0.78 1.56 0.00281224
0.78 1.62 0.00223563
0.78 1.68 0.00157368
0.78 1.74 0.00120626
0.78 1.8 0.000912706
0.78 1.86 0.000681603
0.78 1.92 0.000502326
0.84 -1.68 5.12267e-05
0.84 -1.62 7.79761e-05
0.84 -1.56 0.000117064
0.84 -1.5 0.000173328
0.84 -1.44 0.000253105
0.84 -1.38 0.000364602
0.84 -1.32 0.0005179
0.84 -1.26 0.000725543
0.84 -1.2 0.00100247
0.84 -1.14 0.00136606
0.84 -1.08 0.00183595
0.84 -1.02 0.00243359
0.84 -0.96 0.00318142
0.84 -0.9 0.0041019
0.84 -0.84 0.00523092
0.84 -0.78 0.0065643
0.84 -0.72 0.0081254
0.84 -0.66 0.00992104
0.84 -0.6 0.0119494
0.84 -0.54 0.0141978
0.84 -0.48 0.016642
0.84 -0.42 0.0192451
0.84 -0.36 0.0219582
0.84 -0.3 0.0247207
0.84 -0.24 0.0274635
0.84 -0.18 0.0301114
0.84 -0.12 0.0325863
0.84 -0.06 0.0348121
0.84 9.71445e-15 0.036719
0.84 0.06 0.0382475
0.84 0.12 0.0393504
0.84 0.18 0.0399996
0.84 0.24 0.0401812
0.84 0.3 0.0399012
0.84 0.36 0.0391822
0.84 0.42 0.0380604
0.84 0.48 0.0365837
0.84 0.54 0.0348079
0.84 0.6 0.0327932
0.84 0.66 0.0306004
0.84 0.72 0.028289
0.84 0.78 0.0259131
0.84 0.84 0.0235236
0.84 0.9 0.0211626
0.84 0.96 0.018867
0.84 1.02 0.0166672
0.84 1.08 0.0145876
0.84 1.14 0.0126467
0.84 1.2 0.0108577
0.84 1.26 0.00922938
0.84 1.32 0.00776553
0.84 1.38 0.00646597
0.84 1.44 0.00532689
0.84 1.5 0.00434128
0.84 1.56 0.00349937
0.84 1.62 0.0027896
0.84 1.68 0.002199
0.84 1.74 0.00146714
0.84 1.8 0.00111024
0.84 1.86 0.000829178
0.84 1.92 0.000611135
0.9 -1.68 6.0728e-05
0.9 -1.62 9.24402e-05
0.9 -1.56 0.000138776
0.9 -1.5 0.000205521
0.9 -1.44 0.000300127
0.9 -1.38 0.000432257
0.9 -1.32 0.000614003
0.9 -1.26 0.000860186
0.9 -1.2 0.00118852
0.9 -1.14 0.00161961
0.9 -1.08 0.00217676
0.9 -1.02 0.00288533
0.9 -0.96 0.00377211
0.9 -0.9 0.00486364
0.9 -0.84 0.0062028
0.9 -0.78 0.00778422
0.9 -0.72 0.00963595
0.9 -0.66 0.0117662
0.9 -0.6 0.0141727
0.9 -0.54 0.0168407
0.9 -0.48 0.0197417
0.9 -0.42 0.022832
0.9 -0.36 0.0260537
0.9 -0.3 0.0293361
0.9 -0.24 0.0325965
0.9 -0.18 0.035746
0.9 -0.12 0.0386925
0.9 -0.06 0.0413459
0.9 9.71445e-15 0.043624
0.9 0.06 0.0454549
0.9 0.12 0.0467852
0.9 0.18 0.0475775
0.9 0.24 0.0478192
0.9 0.3 0.0475146
0.9 0.36 0.0466897
0.9 0.42 0.0453873
0.9 0.48 0.0436631
0.9 0.54 0.0415828
0.9 0.6 0.0392167
0.9 0.66 0.036636
0.9 0.72 0.0339104
0.9 0.78 0.0311046
0.9 0.84 0.0282762
0.9 0.9 0.0254769
0.9 0.96 0.0227504
0.9 1.02 0.0201326
0.9 1.08 0.0176528
0.9 1.14 0.0153336
0.9 1.2 0.0131919
0.9 1.26 0.011238
0.9 1.32 0.00947764
0.9 1.38 0.00791126
0.9 1.44 0.00653488
0.9 1.5 0.00534074
0.9 1.56 0.00431794
0.9 1.62 0.00345309
0.9 1.68 0.0027312
0.9 1.74 0.0021364
0.9 1.8 0.00133194
0.9 1.86 0.000994865
0.9 1.92 0.000733297
0.9 1.98 0.000533337
0.96 -1.68 7.10026e-05
0.96 -1.62 0.000108079
0.96 -1.56 0.000162295
0.96 -1.5 0.000240305
0.96 -1.44 0.000350924
0.96 -1.38 0.000505429
0.96 -1.32 0.000717953
0.96 -1.26 0.00100582
0.96 -1.2 0.00138976
0.96 -1.14 0.00189388
0.96 -1.08 0.00254541
0.96 -1.02 0.00337412
0.96 -0.96 0.00441114
0.96 -0.9 0.00568776
0.96 -0.84 0.0072547
0.96 -0.78 0.00910479
0.96 -0.72 0.0112713
0.96 -0.66 0.0137639
0.96 -0.6 0.0165803
0.96 -0.54 0.0197033
0.96 -0.48 0.0230998
0.96 -0.42 0.0267193
0.96 -0.36 0.0304941
0.96 -0.3 0.034341
0.96 -0.24 0.0381648
0.96 -0.18 0.0418618
0.96 -0.12 0.0453244
0.96 -0.06 0.0484473
0.96 9.71445e-15 0.0511342
0.96 0.06 0.053302
0.96 0.12 0.0548861
0.96 0.18 0.0558463
0.96 0.24 0.0561625
0.96 0.3 0.0558422
0.96 0.36 0.0549152
0.96 0.42 0.0534297
0.96 0.48 0.0514501
0.96 0.54 0.0490516
0.96 0.6 0.0463151
0.96 0.66 0.0433239
0.96 0.72 0.0401575
0.96 0.78 0.0368907
0.96 0.84 0.033592
0.96 0.9 0.0303201
0.96 0.96 0.0271262
0.96 1.02 0.024053
0.96 1.08 0.0211353
0.96 1.14 0.0184005
0.96 1.2 0.0158684
0.96 1.26 0.0135528
0.96 1.32 0.011461
0.96 1.38 0.00959442
0.96 1.44 0.00794948
0.96 1.5 0.00651798
0.96 1.56 0.00528775
0.96 1.62 0.00424385
0.96 1.68 0.00336927
0.96 1.74 0.00264578
0.96 1.8 0.00205489
0.96 1.86 0.00117724
0.96 1.92 0.000867797
0.96 1.98 0.000631194
1.02 -1.68 8.18737e-05
1.02 -1.62 0.000124662
1.02 -1.56 0.000187156
1.02 -1.5 0.000277122
1.02 -1.44 0.000404698
1.02 -1.38 0.000582881
1.02 -1.32 0.000827981
1.02 -1.26 0.00115999
1.02 -1.2 0.00160281
1.02 -1.14 0.00218425
1.02 -1.08 0.00293575
1.02 -1.02 0.0038916
1.02 -0.96 0.00508789
1.02 -0.9 0.00656063
1.02 -0.84 0.00836892
1.02 -0.78 0.0105038
1.02 -0.72 0.0130041
1.02 -0.66 0.0158813
1.02 -0.6 0.0191328
1.02 -0.54 0.0227392
1.02 -0.48 0.0266624
1.02 -0.42 0.0308447
1.02 -0.36 0.0352078
1.02 -0.3 0.0396579
1.02 -0.24 0.0440842
1.02 -0.18 0.0483672
1.02 -0.12 0.0523835
1.02 -0.06 0.0560122
1.02 9.71445e-15 0.0591425
1.02 0.06 0.0616783
1.02 0.12 0.063546
1.02 0.18 0.0646956
1.02 0.24 0.0651078
1.02 0.3 0.0647883
1.02 0.36 0.0637693
1.02 0.42 0.062106
1.02 0.48 0.0598713
1.02 0.54 0.0571512
1.02 0.6 0.054037
1.02 0.66 0.0506227
1.02 0.72 0.0469995
1.02 0.78 0.0432533
1.02 0.84 0.0394606
1.02 0.9 0.0356898
1.02 0.96 0.0320003
1.02 1.02 0.0284414
1.02 1.08 0.0250536
1.02 1.14 0.0218693
1.02 1.2 0.0189129
1.02 1.26 0.0162009
1.02 1.32 0.0137434
1.02 1.38 0.0115433
1.02 1.44 0.00959759
1.02 1.5 0.00789798
1.02 1.56 0.00643167
1.02 1.62 0.00518235
1.02 1.68 0.00413113
1.02 1.74 0.00325764
1.02 1.8 0.00254082
1.02 1.86 0.00195998
1.02 1.92 0.00101285
1.02 1.98 0.000736745
1.08 -1.74 6.0329e-05
1.08 -1.68 9.31411e-05
1.08 -1.62 0.000141784
1.08 -1.56 0.000212865
1.08 -1.5 0.000315196
1.08 -1.44 0.000460301
1.08 -1.38 0.000662971
1.08 -1.32 0.000941767
1.08 -1.26 0.00131944
1.08 -1.2 0.00182318
1.08 -1.14 0.00248464
1.08 -1.08 0.00333959
1.08 -1.02 0.00442709
1.08 -0.96 0.00578826
1.08 -0.9 0.00748329
1.08 -0.84 0.00952244
1.08 -0.78 0.0119526
1.08 -0.72 0.014799
1.08 -0.66 0.0180752
1.08 -0.6 0.0217785
1.08 -0.54 0.0258872
1.08 -0.48 0.0303583
1.08 -0.42 0.0351262
1.08 -0.36 0.0401039
1.08 -0.3 0.0451833
1.08 -0.24 0.0502397
1.08 -0.18 0.0551381
1.08 -0.12 0.0597385
1.08 -0.06 0.0639037
1.08 9.71445e-15 0.0675067
1.08 0.06 0.0704398
1.08 0.12 0.0726181
1.08 0.18 0.0739852
1.08 0.24 0.0745175
1.08 0.3 0.0742196
1.08 0.36 0.0731279
1.08 0.42 0.0713036
1.08 0.48 0.0688278
1.08 0.54 0.0657949
1.08 0.6 0.062309
1.08 0.66 0.0584739
1.08 0.72 0.0543922
1.08 0.78 0.0501595
1.08 0.84 0.0458624
1.08 0.9 0.0415791
1.08 0.96 0.0373759
1.08 1.02 0.0333092
1.08 1.08 0.0294262
1.08 1.14 0.0257644
1.08 1.2 0.0223531
1.08 1.26 0.0192128
1.08 1.32 0.0163563
1.08 1.38 0.0137889
1.08 1.44 0.0115091
1.08 1.5 0.00950885
1.08 1.56 0.00777544
1.08 1.62 0.00629158
1.08 1.68 0.00503691
1.08 1.74 0.0039891
1.08 1.8 0.00312487
1.08 1.86 0.0024209
1.08 1.92 0.0018546
1.08 1.98 0.000848132
1.08 2.04 0.000608716
1.14 -1.74 6.76907e-05
1.14 -1.68 0.000104479
1.14 -1.62 0.000159046
1.14 -1.56 0.000238787
1.14 -1.5 0.000353581
1.14 -1.44 0.000516363
1.14 -1.38 0.000743741
1.14 -1.32 0.00105653
1.14 -1.26 0.00148026
1.14 -1.2 0.00204546
1.14 -1.14 0.00278768
1.14 -1.08 0.00374704
1.14 -1.02 0.00496749
1.14 -0.96 0.00649511
1.14 -0.9 0.00839819
1.14 -0.84 0.0106877
1.14 -0.78 0.0134164
1.14 -0.72 0.0166133
1.14 -0.66 0.0202935
1.14 -0.6 0.0244547
1.14 -0.54 0.0290731
1.14 -0.48 0.0341009
1.14 -0.42 0.0394653
1.14 -0.36 0.0450693
1.14 -0.3 0.0507919
1.14 -0.24 0.0564945
1.14 -0.18 0.0620263
1.14 -0.12 0.0672309
1.14 -0.06 0.0719547
1.14 9.71445e-15 0.0760555
1.14 0.06 0.0794119
1.14 0.12 0.0819284
1.14 0.18 0.0835422
1.14 0.24 0.0842235
1.14 0.3 0.0839775
1.14 0.36 0.0828433
1.14 0.42 0.0808873
1.14 0.48 0.078198
1.14 0.54 0.0748788
1.14 0.6 0.0710428
1.14 0.66 0.0668061
1.14 0.72 0.0622803
1.14 0.78 0.057571
1.14 0.84 0.0527752
1.14 0.9 0.0479785
1.14 0.96 0.0432551
1.14 1.02 0.0386688
1.14 1.08 0.0342735
1.14 1.14 0.0301126
1.14 1.2 0.0262203
1.14 1.26 0.0226225
1.14 1.32 0.0193348
1.14 1.38 0.0163663
1.14 1.44 0.0137175
1.14 1.5 0.0113819
1.14 1.56 0.00934744
1.14 1.62 0.00759667
1.14 1.68 0.00610837
1.14 1.74 0.00485871
1.14 1.8 0.00382241
1.14 1.86 0.00297369
1.14 1.92 0.00228736
1.14 1.98 0.00173931
1.14 2.04 0.000691149
1.2 -1.74 7.4888e-05
1.2 -1.68 0.00011559
1.2 -1.62 0.000175963
1.2 -1.56 0.00026419
1.2 -1.5 0.000391204
1.2 -1.44 0.000571324
1.2 -1.38 0.000822928
1.2 -1.32 0.00116906
1.2 -1.26 0.00163797
1.2 -1.2 0.00226348
1.2 -1.14 0.00308495
1.2 -1.08 0.00414685
1.2 -1.02 0.00549785
1.2 -0.96 0.00718903
1.2 -0.9 0.00929682
1.2 -0.84 0.0118325
1.2 -0.78 0.0148553
1.2 -0.72 0.0183975
1.2 -0.66 0.0224765
1.2 -0.6 0.0270901
1.2 -0.54 0.0322128
1.2 -0.48 0.0377923
1.2 -0.42 0.0437492
1.2 -0.36 0.0499769
1.2 -0.3 0.0563423
1.2 -0.24 0.0626934
1.2 -0.18 0.068864
1.2 -0.12 0.0746819
1.2 -0.06 0.0799778
1.2 9.71445e-15 0.0845944
1.2 0.06 0.0883969
1.2 0.12 0.0912798
1.2 0.18 0.0931719
1.2 0.24 0.0940391
1.2 0.3 0.0938851
1.2 0.36 0.092751
1.2 0.42 0.0907072
1.2 0.48 0.0878486
1.2 0.54 0.0842865
1.2 0.6 0.0801421
1.2 0.66 0.0755416
1.2 0.72 0.0706052
1.2 0.78 0.0654476
1.2 0.84 0.0601741
1.2 0.9 0.0548781
1.2 0.96 0.0496415
1.2 1.02 0.0445352
1.2 1.08 0.0396195
1.2 1.14 0.0349445
1.2 1.2 0.03055
1.2 1.26 0.0264674
1.2 1.32 0.0227172
1.2 1.38 0.0193129
1.2 1.44 0.0162584
1.2 1.5 0.01355
1.2 1.56 0.0111772
1.2 1.62 0.00912357
1.2 1.68 0.00736781
1.2 1.74 0.00588525
1.2 1.8 0.00464895
1.2 1.86 0.00363095
1.2 1.92 0.00280346
1.2 1.98 0.00213937
1.2 2.04 0.00161331
1.26 -1.74 8.17146e-05
1.26 -1.68 0.000126129
1.26 -1.62 0.000192012
1.26 -1.56 0.000288291
1.26 -1.5 0.000426905
1.26 -1.44 0.000623483
1.26 -1.38 0.000898086
1.26 -1.32 0.00127588
1.26 -1.26 0.00178773
1.26 -1.2 0.00247055
1.26 -1.14 0.00336739
1.26 -1.08 0.00452682
1.26 -1.02 0.00600206
1.26 -0.96 0.00784907
1.26 -0.9 0.0101521
1.26 -0.84 0.0129227
1.26 -0.78 0.0162264
1.26 -0.72 0.020099
1.26 -0.66 0.02456
1.26 -0.6 0.0296078
1.26 -0.54 0.0352156
1.26 -0.48 0.0413272
1.26 -0.42 0.0478573
1.26 -0.36 0.0546905
1.26 -0.3 0.0616831
1.26 -0.24 0.0686704
1.26 -0.18 0.0754721
1.26 -0.12 0.0819011
1.26 -0.06 0.0877734
1.26 9.71445e-15 0.0929176
1.26 0.06 0.0971863
1.26 0.12 0.100464
1.26 0.18 0.102671
1.26 0.24 0.103768
1.26 0.3 0.103758
1.26 0.36 0.10268
1.26 0.42 0.100609
1.26 0.48 0.0976433
1.26 0.54 0.0939012
1.26 0.6 0.0895103
1.26 0.66 0.0846043
1.26 0.72 0.0793104
1.26 0.78 0.0737514
1.26 0.84 0.0680385
1.26 0.9 0.0622732
1.26 0.96 0.0565436
1.26 1.02 0.0509275
1.26 1.08 0.0454919
1.26 1.14 0.0402936
1.26 1.2 0.0353792
1.26 1.26 0.0307866
1.26 1.32 0.0265425
1.26 1.38 0.0226665
1.26 1.44 0.0191671
1.26 1.5 0.016045
1.26 1.56 0.013293
1.26 1.62 0.0108969
1.26 1.68 0.00883625
1.26 1.74 0.00708622
1.26 1.8 0.00561884
1.26 1.86 0.00440425
1.26 1.92 0.00341204
1.26 1.98 0.00261204
1.26 2.04 0.00197558
1.26 2.1 0.00134617
1.32 -1.74 8.79413e-05
1.32 -1.68 0.000135745
1.32 -1.62 0.000206653
1.32 -1.56 0.000310285
1.32 -1.5 0.000459492
1.32 -1.44 0.000671103
1.32 -1.38 0.00096672
1.32 -1.32 0.00137345
1.32 -1.26 0.00192456
1.32 -1.2 0.00265986
1.32 -1.14 0.0036257
1.32 -1.08 0.00487447
1.32 -1.02 0.0064637
1.32 -0.96 0.00845376
1.32 -0.9 0.0109364
1.32 -0.84 0.0139232
1.32 -0.78 0.017486
1.32 -0.72 0.0216638
1.32 -0.66 0.0264785
1.32 -0.6 0.0319298
1.32 -0.54 0.0379895
1.32 -0.48 0.0445987
1.32 -0.42 0.0516671
1.32 -0.36 0.0590719
1.32 -0.3 0.066661
1.32 -0.24 0.0742578
1.32 -0.18 0.0816699
1.32 -0.12 0.088697
1.32 -0.06 0.0951417
1.32 9.71445e-15 0.10082
1.32 0.06 0.105573
1.32 0.12 0.109275
1.32 0.18 0.111838
1.32 0.24 0.11322
1.32 0.3 0.113415
1.32 0.36 0.112465
1.32 0.42 0.110444
1.32 0.48 0.107453
1.32 0.54 0.103613
1.32 0.6 0.0990586
1.32 0.66 0.0939257
1.32 0.72 0.0883473
1.32 0.78 0.0824513
1.32 0.84 0.0763545
1.32 0.9 0.0701637
1.32 0.96 0.0639733
1.32 1.02 0.057867
1.32 1.08 0.0519191
1.32 1.14 0.0461932
1.32 1.2 0.040744
1.32 1.26 0.0356166
1.32 1.32 0.0308468
1.32 1.38 0.0264607
1.32 1.44 0.0224744
1.32 1.5 0.0188949
1.32 1.56 0.0157195
1.32 1.62 0.0129376
1.32 1.68 0.0105311
1.32 1.74 0.00847596
1.32 1.8 0.00674373
1.32 1.86 0.00530293
1.32 1.92 0.00412039
1.32 1.98 0.00316297
1.32 2.04 0.00239834
1.32 2.1 0.00167059
1.32 2.16 0.00124565
1.38 -1.74 9.33474e-05
1.38 -1.68 0.000144093
1.38 -1.62 0.00021937
1.38 -1.56 0.000329394
1.38 -1.5 0.000487809
1.38 -1.44 0.000712506
1.38 -1.38 0.00102643
1.38 -1.32 0.00145838
1.38 -1.26 0.00204374
1.38 -1.2 0.0028248
1.38 -1.14 0.00385088
1.38 -1.08 0.00517782
1.38 -1.02 0.00686687
1.38 -0.96 0.00898235
1.38 -0.9 0.0116231
1.38 -0.84 0.0148005
1.38 -0.78 0.018592
1.38 -0.72 0.0230404
1.38 -0.66 0.02817
1.38 -0.6 0.0339814
1.38 -0.54 0.0404461
1.38 -0.48 0.0475043
1.38 -0.42 0.0550617
1.38 -0.36 0.0629901
1.38 -0.3 0.0711301
1.38 -0.24 0.0792967
1.38 -0.18 0.0872868
1.38 -0.12 0.0948893
1.38 -0.06 0.101895
1.38 9.71445e-15 0.10811
1.38 0.06 0.113366
1.38 0.12 0.117525
1.38 0.18 0.120493
1.38 0.24 0.122218
1.38 0.3 0.122695
1.38 0.36 0.121959
1.38 0.42 0.120082
1.38 0.48 0.117165
1.38 0.54 0.11333
1.38 0.6 0.108713
1.38 0.66 0.103449
1.38 0.72 0.0976768
1.38 0.78 0.0915245
1.38 0.84 0.0851134
1.38 0.9 0.0785525
1.38 0.96 0.0719429
1.38 1.02 0.0653736
1.38 1.08 0.0589256
1.38 1.14 0.0526706
1.38 1.2 0.0466724
1.38 1.26 0.0409856
1.38 1.32 0.0356565
1.38 1.38 0.0307199
1.38 1.44 0.0262027
1.38 1.5 0.0221186
1.38 1.56 0.0184728
1.38 1.62 0.0152593
1.38 1.68 0.0124637
1.38 1.74 0.0100637
1.38 1.8 0.00803094
1.38 1.86 0.00633255
1.38 1.92 0.0049329
1.38 1.98 0.00379552
1.38 2.04 0.00288405
1.38 2.1 0.00204469
1.38 2.16 0.00152465
1.38 2.22 0.00112146
1.44 -1.74 9.77299e-05
1.44 -1.68 0.000150862
1.44 -1.62 0.00022969
1.44 -1.56 0.000344905
1.44 -1.5 0.000510813
1.44 -1.44 0.000746152
1.44 -1.38 0.00107499
1.44 -1.32 0.00152752
1.44 -1.26 0.00214084
1.44 -1.2 0.00295933
1.44 -1.14 0.00403479
1.44 -1.08 0.00542602
1.44 -1.02 0.00719716
1.44 -0.96 0.00941627
1.44 -0.9 0.0121881
1.44 -0.84 0.0155242
1.44 -0.78 0.019507
1.44 -0.72 0.0241826
1.44 -0.66 0.0295778
1.44 -0.6 0.035695
1.44 -0.54 0.042507
1.44 -0.48 0.0499539
1.44 -0.42 0.0579382
1.44 -0.36 0.066329
1.44 -0.3 0.0749625
1.44 -0.24 0.083647
1.44 -0.18 0.0921732
1.44 -0.12 0.10032
1.44 -0.06 0.107873
1.44 9.71445e-15 0.114627
1.44 0.06 0.120401
1.44 0.12 0.125053
1.44 0.18 0.128479
1.44 0.24 0.13062
1.44 0.3 0.131463
1.44 0.36 0.131039
1.44 0.42 0.129415
1.44 0.48 0.126688
1.44 0.54 0.122977
1.44 0.6 0.118413
1.44 0.66 0.113131
1.44 0.72 0.107268
1.44 0.78 0.100952
1.44 0.84 0.0943049
1.44 0.9 0.0874394
1.44 0.96 0.0804576
1.44 1.02 0.0734562
1.44 1.08 0.0665225
1.44 1.14 0.0597378
1.44 1.2 0.0531765
1.44 1.26 0.0469052
1.44 1.32 0.0409813
1.44 1.38 0.0354537
1.44 1.44 0.0303585
1.44 1.5 0.0257219
1.44 1.56 0.0215569
1.44 1.62 0.0178648
1.44 1.68 0.0146359
1.44 1.74 0.0118508
1.44 1.8 0.0094813
1.44 1.86 0.0074937
1.44 1.92 0.00585002
1.44 1.98 0.00450984
1.44 2.04 0.00343286
1.44 2.1 0.00257975
1.44 2.16 0.00184045
1.44 2.22 0.00135379
1.5 -1.74 0.000100919
1.5 -1.68 0.000155797
1.5 -1.62 0.000237213
1.5 -1.56 0.000356231
1.5 -1.5 0.000527627
1.5 -1.44 0.000770781
1.5 -1.38 0.00111058
1.5 -1.32 0.00157827
1.5 -1.26 0.00221225
1.5 -1.2 0.00305854
1.5 -1.14 0.00417081
1.5 -1.08 0.00560988
1.5 -1.02 0.00744278
1.5 -0.96 0.00973998
1.5 -0.9 0.0126116
1.5 -0.84 0.016069
1.5 -0.78 0.0201991
1.5 -0.72 0.0250513
1.5 -0.66 0.0306553
1.5 -0.6 0.0370166
1.5 -0.54 0.044109
1.5 -0.48 0.0518726
1.5 -0.42 0.0602128
1.5 -0.36 0.0689958
1.5 -0.3 0.078057
1.5 -0.24 0.0872012
1.5 -0.18 0.0962145
1.5 -0.12 0.104873
1.5 -0.06 0.112952
1.5 9.71445e-15 0.12024
1.5 0.06 0.126554
1.5 0.12 0.131738
1.5 0.18 0.135682
1.5 0.24 0.138318
1.5 0.3 0.139625
1.5 0.36 0.139623
1.5 0.42 0.138372
1.5 0.48 0.135961
1.5 0.54 0.1325
1.5 0.6 0.128115
1.5 0.66 0.122936
1.5 0.72 0.117092
1.5 0.78 0.11071
1.5 0.84 0.103911
1.5 0.9 0.0968054
1.5 0.96 0.0895016
1.5 1.02 0.0820997
1.5 1.08 0.0746958
1.5 1.14 0.0673818
1.5 1.2 0.0602434
1.5 1.26 0.0533614
1.5 1.32 0.0468085
1.5 1.38 0.0406468
1.5 1.44 0.0349292
1.5 1.5 0.0296922
1.5 1.56 0.0249606
1.5 1.62 0.0207443
1.5 1.68 0.0170392
1.5 1.74 0.0138293
1.5 1.8 0.0110881
1.5 1.86 0.0087809
1.5 1.92 0.00686687
1.5 1.98 0.00530229
1.5 2.04 0.00404183
1.5 2.1 0.00304129
1.5 2.16 0.00219118
1.5 2.22 0.00161181
1.5 2.28 0.00116952
1.56 -1.74 0.000102794
1.56 -1.68 0.000158699
1.56 -1.62 0.000241656
1.56 -1.56 0.000362929
1.56 -1.5 0.000537606
1.56 -1.44 0.000785449
1.56 -1.38 0.00113186
1.56 -1.32 0.00160877
1.56 -1.26 0.00225538
1.56 -1.2 0.00311873
1.56 -1.14 0.0042538
1.56 -1.08 0.00572305
1.56 -1.02 0.00759493
1.56 -0.96 0.00996836
1.56 -0.9 0.0128793
1.56 -0.84 0.0164171
1.56 -0.78 0.0206468
1.56 -0.72 0.0256206
1.56 -0.66 0.0313714
1.56 -0.6 0.0379071
1.56 -0.54 0.0452058
1.56 -0.48 0.0532108
1.56 -0.42 0.0618274
1.56 -0.36 0.0709265
1.56 -0.3 0.0803431
1.56 -0.24 0.0898827
1.56 -0.18 0.0993308
1.56 -0.12 0.108461
1.56 -0.06 0.117047
1.56 9.71445e-15 0.124873
1.56 0.06 0.131745
1.56 0.12 0.137506
1.56 0.18 0.142031
1.56 0.24 0.145245
1.56 0.3 0.147115
1.56 0.36 0.14765
1.56 0.42 0.146896
1.56 0.48 0.144931
1.56 0.54 0.141854
1.56 0.6 0.137777
1.56 0.66 0.132821
1.56 0.72 0.127109
1.56 0.78 0.120759
1.56 0.84 0.113888
1.56 0.9 0.10661
1.56 0.96 0.099032
1.56 1.02 0.0912599
1.56 1.08 0.0833993
1.56 1.14 0.0755538
1.56 1.2 0.0678243
1.56 1.26 0.0603075
1.56 1.32 0.0530922
1.56 1.38 0.0462593
1.56 1.44 0.0398756
1.56 1.5 0.0339944
1.56 1.56 0.0286528
1.56 1.62 0.0238699
1.56 1.68 0.0196495
1.56 1.74 0.0159797
1.56 1.8 0.0128353
1.56 1.86 0.0101809
1.56 1.92 0.00797329
1.56 1.98 0.00616454
1.56 2.04 0.00470452
1.56 2.1 0.00354358
1.56 2.16 0.00257284
1.56 2.22 0.00189259
1.56 2.28 0.00137328
1.62 -1.74 0.000103279
1.62 -1.68 0.000159463
1.62 -1.62 0.000242839
1.62 -1.56 0.000364754
1.62 -1.5 0.000540375
1.62 -1.44 0.000789618
1.62 -1.38 0.00113806
1.62 -1.32 0.00161789
1.62 -1.26 0.00226867
1.62 -1.2 0.00313791
1.62 -1.14 0.00428114
1.62 -1.08 0.0057616
1.62 -1.02 0.00764898
1.62 -0.96 0.010044
1.62 -0.9 0.0129832
1.62 -0.84 0.0165584
1.62 -0.78 0.0208372
1.62 -0.72 0.0258747
1.62 -0.66 0.0317075
1.62 -0.6 0.0383474
1.62 -0.54 0.0457757
1.62 -0.48 0.0539415
1.62 -0.42 0.0627549
1.62 -0.36 0.0720913
1.62 -0.3 0.0817893
1.62 -0.24 0.0916602
1.62 -0.18 0.101491
1.62 -0.12 0.111056
1.62 -0.06 0.120128
1.62 9.71445e-15 0.12849
1.62 0.06 0.135946
1.62 0.12 0.142324
1.62 0.18 0.147498
1.62 0.24 0.151373
1.62 0.3 0.153907
1.62 0.36 0.155092
1.62 0.42 0.154957
1.62 0.48 0.153564
1.62 0.54 0.150993
1.62 0.6 0.147347
1.62 0.66 0.142729
1.62 0.72 0.137252
1.62 0.78 0.131024
1.62 0.84 0.124158
1.62 0.9 0.116766
1.62 0.96 0.108956
1.62 1.02 0.100842
1.62 1.08 0.0925386
1.62 1.14 0.0841625
1.62 1.2 0.0758303
1.62 1.26 0.0676573
1.62 1.32 0.0597528
1.62 1.38 0.0522153
1.62 1.44 0.0451305
1.62 1.5 0.0385694
1.62 1.56 0.0325813
1.62 1.62 0.0271975
1.62 1.68 0.0224294
1.62 1.74 0.0182701
1.62 1.8 0.0146967
1.62 1.86 0.0116727
1.62 1.92 0.00915239
1.62 1.98 0.00708344
1.62 2.04 0.00541091
1.62 2.1 0.004079
1.62 2.16 0.0029795
1.62 2.22 0.0021918
1.62 2.28 0.0015904
1.62 2.34 0.00113831
1.68 -1.74 0.000102358
1.68 -1.68 0.000158062
1.68 -1.62 0.000240736
1.68 -1.56 0.000361649
1.68 -1.5 0.000535865
1.68 -1.44 0.000783176
1.68 -1.38 0.00112903
1.68 -1.32 0.00160544
1.68 -1.26 0.00225184
1.68 -1.2 0.00311564
1.68 -1.14 0.00425234
1.68 -1.08 0.00572512
1.68 -1.02 0.00760413
1.68 -0.96 0.00999094
1.68 -0.9 0.0129225
1.68 -0.84 0.0164923
1.68 -0.78 0.0207701
1.68 -0.72 0.0258137
1.68 -0.66 0.0316635
1.68 -0.6 0.0383364
1.68 -0.54 0.0458194
1.68 -0.48 0.0540664
1.68 -0.42 0.0629979
1.68 -0.36 0.0724934
1.68 -0.3 0.082402
1.68 -0.24 0.0925401
1.68 -0.18 0.102702
1.68 -0.12 0.112666
1.68 -0.06 0.122207
1.68 9.71445e-15 0.131106
1.68 0.06 0.139165
1.68 0.12 0.146204
1.68 0.18 0.152084
1.68 0.24 0.156699
1.68 0.3 0.159988
1.68 0.36 0.161924
1.68 0.42 0.162518
1.68 0.48 0.161808
1.68 0.54 0.159858
1.68 0.6 0.156747
1.68 0.66 0.152567
1.68 0.72 0.147413
1.68 0.78 0.141386
1.68 0.84 0.13459
1.68 0.9 0.127135
1.68 0.96 0.119131
1.68 1.02 0.1107
1.68 1.08 0.101967
1.68 1.14 0.0930641
1.68 1.2 0.0841241
1.68 1.26 0.0752825
1.68 1.32 0.0666704
1.68 1.38 0.0584066
1.68 1.44 0.0505975
1.68 1.5 0.0433309
1.68 1.56 0.0366716
1.68 1.62 0.0306631
1.68 1.68 0.0253255
1.68 1.74 0.0206568
1.68 1.8 0.0166363
1.68 1.86 0.0132273
1.68 1.92 0.0103811
1.68 1.98 0.00804111
1.68 2.04 0.00614702
1.68 2.1 0.00463694
1.68 2.16 0.00340303
1.68 2.22 0.00250341
1.68 2.28 0.00181655
1.68 2.34 0.00130017
1.68 2.4 0.000917895
1.74 -1.74 0.000100076
1.74 -1.68 0.000154562
1.74 -1.62 0.000235447
1.74 -1.56 0.000353769
1.74 -1.5 0.000524304
1.74 -1.44 0.000766474
1.74 -1.38 0.00110526
1.74 -1.32 0.00157214
1.74 -1.26 0.00220593
1.74 -1.2 0.00305336
1.74 -1.14 0.00416929
1.74 -1.08 0.00561629
1.74 -1.02 0.00746393
1.74 -0.96 0.00978639
1.74 -0.9 0.0127034
1.74 -0.84 0.0162266
1.74 -0.78 0.0204552
1.74 -0.72 0.0254502
1.74 -0.66 0.0312556
1.74 -0.6 0.0378939
1.74 -0.54 0.0453597
1.74 -0.48 0.0536143
1.74 -0.42 0.0625881
1.74 -0.36 0.0721704
1.74 -0.3 0.0822217
1.74 -0.24 0.0925678
1.74 -0.18 0.103012
1.74 -0.12 0.113341
1.74 -0.06 0.123332
1.74 9.71445e-15 0.132768
1.74 0.06 0.141444
1.74 0.12 0.149178
1.74 0.18 0.155813
1.74 0.24 0.161231
1.74 0.3 0.165349
1.74 0.36 0.168119
1.74 0.42 0.169528
1.74 0.48 0.169591
1.74 0.54 0.168349
1.74 0.6 0.165858
1.74 0.66 0.162193
1.74 0.72 0.157433
1.74 0.78 0.151668
1.74 0.84 0.144994
1.74 0.9 0.137519
1.74 0.96 0.129355
1.74 1.02 0.120632
1.74 1.08 0.111487
1.74 1.14 0.102067
1.74 1.2 0.0925234
1.74 1.26 0.083013
1.74 1.32 0.0736891
1.74 1.38 0.0646924
1.74 1.44 0.0561502
1.74 1.5 0.0481687
1.74 1.56 0.0408286
1.74 1.62 0.0341858
1.74 1.68 0.0282696
1.74 1.74 0.0230832
1.74 1.8 0.0186083
1.74 1.86 0.0148079
1.74 1.92 0.0116303
1.74 1.98 0.00901481
1.74 2.04 0.00689541
1.74 2.1 0.00520419
1.74 2.16 0.00383332
1.74 2.22 0.00282001
1.74 2.28 0.00204633
1.74 2.34 0.00146466
1.74 2.4 0.00103403
1.8 -1.74 9.65318e-05
1.8 -1.68 0.000149116
1.8 -1.62 0.000227201
1.8 -1.56 0.000341464
1.8 -1.5 0.00050621
1.8 -1.44 0.000740261
1.8 -1.38 0.00106785
1.8 -1.32 0.00151955
1.8 -1.26 0.00213313
1.8 -1.2 0.00295413
1.8 -1.14 0.00403618
1.8 -1.08 0.00544062
1.8 -1.02 0.0072359
1.8 -0.96 0.00949542
1.8 -0.9 0.0123385
1.8 -0.84 0.0157776
1.8 -0.78 0.0199132
1.8 -0.72 0.0248093
1.8 -0.66 0.0305145
1.8 -0.6 0.0370573
1.8 -0.54 0.0444405
1.8 -0.48 0.0526353
1.8 -0.42 0.0615836
1.8 -0.36 0.0711872
1.8 -0.3 0.0813197
1.8 -0.24 0.0918195
1.8 -0.18 0.102501
1.8 -0.12 0.11316
1.8 -0.06 0.12358
1.8 9.71445e-15 0.133544
1.8 0.06 0.142844
1.8 0.12 0.15129
1.8 0.18 0.158712
1.8 0.24 0.164972
1.8 0.3 0.169967
1.8 0.36 0.173624
1.8 0.42 0.175905
1.8 0.48 0.176799
1.8 0.54 0.176322
1.8 0.6 0.174508
1.8 0.66 0.171411
1.8 0.72 0.167093
1.8 0.78 0.161635
1.8 0.84 0.155123
1.8 0.9 0.147663
1.8 0.96 0.139372
1.8 1.02 0.130384
1.8 1.08 0.12085
1.8 1.14 0.110933
1.8 1.2 0.100804
1.8 1.26 0.0906409
1.8 1.32 0.0806198
1.8 1.38 0.0709023
1.8 1.44 0.061638
1.8 1.5 0.0529512
1.8 1.56 0.0449391
1.8 1.62 0.0376698
1.8 1.68 0.0311814
1.8 1.74 0.0254831
1.8 1.8 0.020559
1.8 1.86 0.0163714
1.8 1.92 0.012866
1.8 1.98 0.00997797
1.8 2.04 0.00763566
1.8 2.1 0.00576527
1.8 2.16 0.00425871
1.8 2.22 0.00313299
1.8 2.28 0.00227348
1.8 2.34 0.00162726
1.8 2.4 0.00114885
1.8 2.46 0.000799991
1.86 -1.74 9.18709e-05
1.86 -1.68 0.000141951
1.86 -1.62 0.000216344
1.86 -1.56 0.000325254
1.86 -1.5 0.000482351
1.86 -1.44 0.000705659
1.86 -1.38 0.00101841
1.86 -1.32 0.00144996
1.86 -1.26 0.00203664
1.86 -1.2 0.0028224
1.86 -1.14 0.00385909
1.86 -1.08 0.00520628
1.86 -1.02 0.00693087
1.86 -0.96 0.00910478
1.86 -0.9 0.011846
1.86 -0.84 0.0151682
1.86 -0.78 0.0191729
1.86 -0.72 0.0239266
1.86 -0.66 0.029483
1.86 -0.6 0.0358775
1.86 -0.54 0.0431216
1.86 -0.48 0.0511981
1.86 -0.42 0.0600616
1.86 -0.36 0.0696289
1.86 -0.3 0.0797869
1.86 -0.24 0.09039
1.86 -0.18 0.101265
1.86 -0.12 0.112217
1.86 -0.06 0.123037
1.86 9.71445e-15 0.133509
1.86 0.06 0.143424
1.86 0.12 0.152577
1.86 0.18 0.160789
1.86 0.24 0.1679
1.86 0.3 0.173787
1.86 0.36 0.178349
1.86 0.42 0.181524
1.86 0.48 0.183272
1.86 0.54 0.183584
1.86 0.6 0.182472
1.86 0.66 0.179969
1.86 0.72 0.176122
1.86 0.78 0.170996
1.86 0.84 0.164679
1.86 0.9 0.157264
1.86 0.96 0.148878
1.86 1.02 0.139659
1.86 1.08 0.12977
1.86 1.14 0.119391
1.86 1.2 0.108712
1.86 1.26 0.0979323
1.86 1.32 0.0872486
1.86 1.38 0.0768449
1.86 1.44 0.0668918
1.86 1.5 0.057531
1.86 1.56 0.0488765
1.86 1.62 0.0410077
1.86 1.68 0.0339716
1.86 1.74 0.0277831
1.86 1.8 0.0224286
1.86 1.86 0.0178698
1.86 1.92 0.0140504
1.86 1.98 0.0109011
1.86 2.04 0.00834516
1.86 2.1 0.00630309
1.86 2.16 0.00466629
1.86 2.22 0.0034329
1.86 2.28 0.00249114
1.86 2.34 0.00178309
1.86 2.4 0.00125887
1.86 2.46 0.000876607
1.92 -1.74 8.62796e-05
1.92 -1.68 0.000133353
1.92 -1.62 0.000203314
1.92 -1.56 0.00030579
1.92 -1.5 0.0004537
1.92 -1.44 0.000664085
1.92 -1.38 0.000958973
1.92 -1.32 0.00136625
1.92 -1.26 0.00192052
1.92 -1.2 0.00266374
1.92 -1.14 0.00364558
1.92 -1.08 0.00492351
1.92 -1.02 0.0065622
1.92 -0.96 0.00863198
1.92 -0.9 0.0112483
1.92 -0.84 0.0144268
1.92 -0.78 0.0182692
1.92 -0.72 0.022845
1.92 -0.66 0.0282128
1.92 -0.6 0.0344152
1.92 -0.54 0.041473
1.92 -0.48 0.0493827
1.92 -0.42 0.0581102
1.92 -0.36 0.0675905
1.92 -0.3 0.0777237
1.92 -0.24 0.0883817
1.92 -0.18 0.0994037
1.92 -0.12 0.110606
1.92 -0.06 0.121786
1.92 9.71445e-15 0.13273
1.92 0.06 0.143224
1.92 0.12 0.153054
1.92 0.18 0.162028
1.92 0.24 0.169967
1.92 0.3 0.176719
1.92 0.36 0.182167
1.92 0.42 0.186215
1.92 0.48 0.188803
1.92 0.54 0.189895
1.92 0.6 0.189481
1.92 0.66 0.187573
1.92 0.72 0.184204
1.92 0.78 0.17943
1.92 0.84 0.173324
1.92 0.9 0.165987
1.92 0.96 0.157539
1.92 1.02 0.148132
1.92 1.08 0.137937
1.92 1.14 0.127147
1.92 1.2 0.115974
1.92 1.26 0.104636
1.92 1.32 0.0933473
1.92 1.38 0.0823175
1.92 1.44 0.0717323
1.92 1.5 0.0617531
1.92 1.56 0.052507
1.92 1.62 0.0440865
1.92 1.68 0.036546
1.92 1.74 0.0299059
1.92 1.8 0.0241543
1.92 1.86 0.0192529
1.92 1.92 0.015144
1.92 1.98 0.0117536
1.92 2.04 0.00900037
1.92 2.1 0.00679966
1.92 2.16 0.00504257
1.92 2.22 0.0037098
1.92 2.28 0.00269212
1.92 2.34 0.00192699
1.92 2.4 0.00136046
1.92 2.46 0.000947362
1.98 -1.68 0.000123649
1.98 -1.62 0.000188609
1.98 -1.56 0.000283817
1.98 -1.5 0.000421355
1.98 -1.44 0.000617153
1.98 -1.38 0.000891866
1.98 -1.32 0.00127172
1.98 -1.26 0.00178934
1.98 -1.2 0.00248441
1.98 -1.14 0.00340421
1.98 -1.08 0.00460369
1.98 -1.02 0.00614487
1.98 -0.96 0.00809641
1.98 -0.9 0.0105705
1.98 -0.84 0.0135846
1.98 -0.78 0.0172408
1.98 -0.72 0.0216112
1.98 -0.66 0.0267594
1.98 -0.6 0.0327351
1.98 -0.54 0.0395697
1.98 -0.48 0.0472718
1.98 -0.42 0.0558204
1.98 -0.36 0.0651675
1.98 -0.3 0.0752302
1.98 -0.24 0.0858927
1.98 -0.18 0.0970104
1.98 -0.12 0.108409
1.98 -0.06 0.119893
1.98 9.71445e-15 0.131251
1.98 0.06 0.142263
1.98 0.12 0.15271
1.98 0.18 0.16238
1.98 0.24 0.171082
1.98 0.3 0.17864
1.98 0.36 0.184911
1.98 0.42 0.189779
1.98 0.48 0.193157
1.98 0.54 0.194987
1.98 0.6 0.19524
1.98 0.66 0.193907
1.98 0.72 0.19101
1.98 0.78 0.18659
1.98 0.84 0.180714
1.98 0.9 0.173482
1.98 0.96 0.165016
1.98 1.02 0.155471
1.98 1.08 0.145032
1.98 1.14 0.133904
1.98 1.2 0.122314
1.98 1.26 0.110497
1.98 1.32 0.0986895
1.98 1.38 0.0871162
1.98 1.44 0.0759815
1.98 1.5 0.0654622
1.98 1.56 0.0556992
1.98 1.62 0.0467947
1.98 1.68 0.0388115
1.98 1.74 0.0317744
1.98 1.8 0.0256737
1.98 1.86 0.0204717
1.98 1.92 0.0161073
1.98 1.98 0.0125047
1.98 2.04 0.00957786
1.98 2.1 0.00723744
1.98 2.16 0.00537429
1.98 2.22 0.00395391
1.98 2.28 0.00286933
1.98 2.34 0.00205384
1.98 2.4 0.00145005
1.98 2.46 0.00100977
1.98 2.52 0.000693535
2.04 -1.68 0.000113189
2.04 -1.62 0.000172754
2.04 -1.56 0.000260135
2.04 -1.5 0.000386477
2.04 -1.44 0.000566557
2.04 -1.38 0.000819532
2.04 -1.32 0.00116982
2.04 -1.26 0.00164791
2.04 -1.2 0.00229108
2.04 -1.14 0.00314397
2.04 -1.08 0.00425864
2.04 -1.02 0.00569473
2.04 -0.96 0.0075181
2.04 -0.9 0.00983803
2.04 -0.84 0.0126738
2.04 -0.78 0.016127
2.04 -0.72 0.0202725
2.04 -0.66 0.0251785
2.04 -0.6 0.030902
2.04 -0.54 0.0374842
2.04 -0.48 0.0449443
2.04 -0.42 0.0532784
2.04 -0.36 0.0624496
2.04 -0.3 0.0723921
2.04 -0.24 0.0830071
2.04 -0.18 0.0941597
2.04 -0.12 0.105688
2.04 -0.06 0.117402
2.04 9.71445e-15 0.12909
2.04 0.06 0.140532
2.04 0.12 0.1515
2.04 0.18 0.161769
2.04 0.24 0.171132
2.04 0.3 0.179397
2.04 0.36 0.186398
2.04 0.42 0.191995
2.04 0.48 0.196085
2.04 0.54 0.198588
2.04 0.6 0.199452
2.04 0.66 0.198658
2.04 0.72 0.196209
2.04 0.78 0.192142
2.04 0.84 0.186514
2.04 0.9 0.17942
2.04 0.96 0.170984
2.04 1.02 0.161368
2.04 1.08 0.150762
2.04 1.14 0.139384
2.04 1.2 0.127474
2.04 1.26 0.115282
2.04 1.32 0.10306
2.04 1.38 0.0910501
2.04 1.44 0.079471
2.04 1.5 0.068513
2.04 1.56 0.0583275
2.04 1.62 0.0490274
2.04 1.68 0.0406808
2.04 1.74 0.033317
2.04 1.8 0.0269292
2.04 1.86 0.0214787
2.04 1.92 0.0169041
2.04 1.98 0.013126
2.04 2.04 0.0100557
2.04 2.1 0.00759973
2.04 2.16 0.00564919
2.04 2.22 0.00415625
2.04 2.28 0.00301619
2.04 2.34 0.00215899
2.04 2.4 0.0015243
2.04 2.46 0.00106146
2.04 2.52 0.000729062
2.1 -1.68 0.000102316
2.1 -1.62 0.000156279
2.1 -1.56 0.000235524
2.1 -1.5 0.000350254
2.1 -1.44 0.000513992
2.1 -1.38 0.000744376
2.1 -1.32 0.00106396
2.1 -1.26 0.001501
2.1 -1.2 0.00209026
2.1 -1.14 0.00287357
2.1 -1.08 0.0039002
2.1 -1.02 0.00522673
2.1 -0.96 0.00691691
2.1 -0.9 0.00907557
2.1 -0.84 0.0117247
2.1 -0.78 0.0149648
2.1 -0.72 0.0188729
2.1 -0.66 0.0235216
2.1 -0.6 0.0289742
2.1 -0.54 0.0352808
2.1 -0.48 0.0424724
2.1 -0.42 0.0505552
2.1 -0.36 0.0595104
2.1 -0.3 0.0692837
2.1 -0.24 0.0797887
2.1 -0.18 0.0909053
2.1 -0.12 0.10248
2.1 -0.06 0.114328
2.1 9.71445e-15 0.126242
2.1 0.06 0.137998
2.1 0.12 0.149363
2.1 0.18 0.160103
2.1 0.24 0.169996
2.1 0.3 0.178838
2.1 0.36 0.18644
2.1 0.42 0.192655
2.1 0.48 0.197353
2.1 0.54 0.200438
2.1 0.6 0.201847
2.1 0.66 0.201541
2.1 0.72 0.199515
2.1 0.78 0.19579
2.1 0.84 0.190425
2.1 0.9 0.183504
2.1 0.96 0.175158
2.1 1.02 0.165545
2.1 1.08 0.154863
2.1 1.14 0.143339
2.1 1.2 0.131225
2.1 1.26 0.118782
2.1 1.32 0.106274
2.1 1.38 0.0939541
2.1 1.44 0.0820563
2.1 1.5 0.0707787
2.1 1.56 0.0602851
2.1 1.62 0.0506931
2.1 1.68 0.042078
2.1 1.74 0.0344722
2.1 1.8 0.0278701
2.1 1.86 0.0222345
2.1 1.92 0.0175021
2.1 1.98 0.013593
2.1 2.04 0.0104149
2.1 2.1 0.00785176
2.1 2.16 0.00585648
2.1 2.22 0.00430883
2.1 2.28 0.00312698
2.1 2.34 0.00223833
2.1 2.4 0.00158032
2.1 2.46 0.0011005
2.1 2.52 0.000755864
2.16 -1.68 9.13644e-05
2.16 -1.62 0.000139682
2.16 -1.56 0.000210738
2.16 -1.5 0.000313761
2.16 -1.44 0.000461054
2.16 -1.38 0.000668705
2.16 -1.32 0.000957362
2.16 -1.26 0.00135306
2.16 -1.2 0.00188801
2.16 -1.14 0.0026012
2.16 -1.08 0.00353894
2.16 -1.02 0.00475501
2.16 -0.96 0.00631021
2.16 -0.9 0.0083055
2.16 -0.84 0.0107648
2.16 -0.78 0.0137872
2.16 -0.72 0.0174512
2.16 -0.66 0.021833
2.16 -0.6 0.0270015
2.16 -0.54 0.033014
2.16 -0.48 0.0399111
2.16 -0.42 0.0477112
2.16 -0.36 0.0564052
2.16 -0.3 0.0659532
2.16 -0.24 0.076281
2.16 -0.18 0.0872795
2.16 -0.12 0.0988023
2.16 -0.06 0.110672
2.16 9.71445e-15 0.122686
2.16 0.06 0.134619
2.16 0.12 0.146233
2.16 0.18 0.157292
2.16 0.24 0.16756
2.16 0.3 0.176824
2.16 0.36 0.184888
2.16 0.42 0.191582
2.16 0.48 0.196767
2.16 0.54 0.200333
2.16 0.6 0.202203
2.16 0.66 0.202328
2.16 0.72 0.20069
2.16 0.78 0.197301
2.16 0.84 0.192212
2.16 0.9 0.185509
2.16 0.96 0.177312
2.16 1.02 0.167786
2.16 1.08 0.157132
2.16 1.14 0.145583
2.16 1.2 0.133392
2.16 1.26 0.120836
2.16 1.32 0.108184
2.16 1.38 0.0956993
2.16 1.44 0.0836219
2.16 1.5 0.0721621
2.16 1.56 0.0614872
2.16 1.62 0.0517211
2.16 1.68 0.0429435
2.16 1.74 0.0351903
2.16 1.8 0.0284573
2.16 1.86 0.0227071
2.16 1.92 0.0178774
2.16 1.98 0.0138862
2.16 2.04 0.010641
2.16 2.1 0.00802787
2.16 2.16 0.00598794
2.16 2.22 0.00440561
2.16 2.28 0.00319725
2.16 2.34 0.00228867
2.16 2.4 0.00161589
2.16 2.46 0.00112528
2.16 2.52 0.000772886
2.16 2.58 0.000523587
2.22 -1.62 0.000123411
2.22 -1.56 0.000186435
2.22 -1.5 0.000277989
2.22 -1.44 0.000409162
2.22 -1.38 0.000594513
2.22 -1.32 0.00085284
2.22 -1.26 0.00120798
2.22 -1.2 0.0016896
2.22 -1.14 0.0023339
2.22 -1.08 0.0031842
2.22 -1.02 0.0042913
2.22 -0.96 0.0057133
2.22 -0.9 0.00751526
2.22 -0.84 0.00981661
2.22 -0.78 0.0126207
2.22 -0.72 0.0160383
2.22 -0.66 0.0201476
2.22 -0.6 0.025022
2.22 -0.54 0.0307246
2.22 -0.48 0.0373032
2.22 -0.42 0.0447862
2.22 -0.36 0.0531732
2.22 -0.3 0.062437
2.22 -0.24 0.0725125
2.22 -0.18 0.0832998
2.22 -0.12 0.0946619
2.22 -0.06 0.106429
2.22 9.71445e-15 0.118401
2.22 0.06 0.130357
2.22 0.12 0.142059
2.22 0.18 0.153267
2.22 0.24 0.163742
2.22 0.3 0.173263
2.22 0.36 0.181628
2.22 0.42 0.188656
2.22 0.48 0.194198
2.22 0.54 0.198135
2.22 0.6 0.200378
2.22 0.66 0.20087
2.22 0.72 0.199583
2.22 0.78 0.19652
2.22 0.84 0.191725
2.22 0.9 0.185279
2.22 0.96 0.1773
2.22 1.02 0.167952
2.22 1.08 0.157436
2.22 1.14 0.145986
2.22 1.2 0.133862
2.22 1.26 0.121338
2.22 1.32 0.108696
2.22 1.38 0.0961997
2.22 1.44 0.0840954
2.22 1.5 0.0725987
2.22 1.56 0.0618791
2.22 1.62 0.0520654
2.22 1.68 0.0432401
2.22 1.74 0.0354404
2.22 1.8 0.0286649
2.22 1.86 0.0228766
2.22 1.92 0.0180133
2.22 1.98 0.0139933
2.22 2.04 0.0107243
2.22 2.1 0.00809514
2.22 2.16 0.00603823
2.22 2.22 0.00444272
2.22 2.28 0.00322423
2.22 2.34 0.00230798
2.22 2.4 0.00162954
2.22 2.46 0.00113479
2.22 2.52 0.000779436
2.22 2.58 0.000528021
2.28 -1.62 0.000107838
2.28 -1.56 0.000163175
2.28 -1.5 0.000243751
2.28 -1.44 0.000359482
2.28 -1.38 0.00052347
2.28 -1.32 0.000752723
2.28 -1.26 0.00106895
2.28 -1.2 0.00149934
2.28 -1.14 0.00207735
2.28 -1.08 0.00284337
2.28 -1.02 0.00384511
2.28 -0.96 0.00513785
2.28 -0.9 0.00678392
2.28 -0.84 0.00889735
2.28 -0.78 0.0114856
2.28 -0.72 0.0146571
2.28 -0.66 0.018491
2.28 -0.6 0.0230632
2.28 -0.54 0.0284409
2.28 -0.48 0.0346776
2.28 -0.42 0.041808
2.28 -0.36 0.0498405
2.28 -0.3 0.0587561
2.28 -0.24 0.0684985
2.28 -0.18 0.0789772
2.28 -0.12 0.0900636
2.28 -0.06 0.101595
2.28 9.71445e-15 0.113379
2.28 0.06 0.125198
2.28 0.12 0.136818
2.28 0.18 0.148
2.28 0.24 0.158508
2.28 0.3 0.168116
2.28 0.36 0.176618
2.28 0.42 0.18383
2.28 0.48 0.189597
2.28 0.54 0.193793
2.28 0.6 0.19632
2.28 0.66 0.197114
2.28 0.72 0.196138
2.28 0.78 0.19339
2.28 0.84 0.188905
2.28 0.9 0.18276
2.28 0.96 0.175067
2.28 1.02 0.165988
2.28 1.08 0.155723
2.28 1.14 0.144502
2.28 1.2 0.132586
2.28 1.26 0.120248
2.28 1.32 0.107772
2.28 1.38 0.0954227
2.28 1.44 0.0834476
2.28 1.5 0.0720624
2.28 1.56 0.061439
2.28 1.62 0.0517076
2.28 1.68 0.0429519
2.28 1.74 0.0352106
2.28 1.8 0.0284832
2.28 1.86 0.0227347
2.28 1.92 0.0179035
2.28 1.98 0.0139095
2.28 2.04 0.0106609
2.28 2.1 0.00805078
2.28 2.16 0.00600527
2.28 2.22 0.00441855
2.28 2.28 0.00320673
2.28 2.34 0.00229547
2.28 2.4 0.00162073
2.28 2.46 0.00112866
2.28 2.52 0.000775232
2.28 2.58 0.000525174
2.34 -1.62 9.32559e-05
2.34 -1.56 0.000141393
2.34 -1.5 0.000211674
2.34 -1.44 0.000312922
2.34 -1.38 0.000456856
2.34 -1.32 0.000658784
2.34 -1.26 0.000938377
2.34 -1.2 0.00132046
2.34 -1.14 0.00183579
2.34 -1.08 0.00252184
2.34 -1.02 0.00342324
2.34 -0.96 0.00459218
2.34 -0.9 0.0060881
2.34 -0.84 0.00801901
2.34 -0.78 0.0103958
2.34 -0.72 0.013323
2.34 -0.66 0.0168799
2.34 -0.6 0.0211429
2.34 -0.54 0.0261814
2.34 -0.48 0.0320525
2.34 -0.42 0.0387952
2.34 -0.36 0.0464242
2.34 -0.3 0.0549273
2.34 -0.24 0.0642556
2.34 -0.18 0.0743275
2.34 -0.12 0.0850227
2.34 -0.06 0.096187
2.34 9.71445e-15 0.107636
2.34 0.06 0.119159
2.34 0.12 0.130532
2.34 0.18 0.141518
2.34 0.24 0.151886
2.34 0.3 0.161413
2.34 0.36 0.169894
2.34 0.42 0.177145
2.34 0.48 0.183007
2.34 0.54 0.187351
2.34 0.6 0.190074
2.34 0.66 0.191105
2.34 0.72 0.190403
2.34 0.78 0.187957
2.34 0.84 0.183798
2.34 0.9 0.177994
2.34 0.96 0.170655
2.34 1.02 0.161934
2.34 1.08 0.152028
2.34 1.14 0.141163
2.34 1.2 0.129594
2.34 1.26 0.117592
2.34 1.32 0.105437
2.34 1.38 0.0933892
2.34 1.44 0.0816958
2.34 1.5 0.070569
2.34 1.56 0.0601802
2.34 1.62 0.0506587
2.34 1.68 0.042088
2.34 1.74 0.0345077
2.34 1.8 0.0279183
2.34 1.86 0.0222863
2.34 1.92 0.0175521
2.34 1.98 0.0136376
2.34 2.04 0.0104533
2.34 2.1 0.00789665
2.34 2.16 0.00589041
2.34 2.22 0.00433409
2.34 2.28 0.00314548
2.34 2.34 0.00225165
2.34 2.4 0.00158981
2.34 2.46 0.00110714
2.34 2.52 0.000760451
2.34 2.58 0.000515165
2.4 -1.56 0.000121389
2.4 -1.5 0.000182199
2.4 -1.44 0.000270107
2.4 -1.38 0.000395541
2.4 -1.32 0.000572214
2.4 -1.26 0.000817863
2.4 -1.2 0.00115504
2.4 -1.14 0.00161192
2.4 -1.08 0.00222303
2.4 -1.02 0.00302991
2.4 -0.96 0.00408144
2.4 -0.9 0.00543386
2.4 -0.84 0.00715001
2.4 -0.78 0.00935902
2.4 -0.72 0.0120449
2.4 -0.66 0.0153239
2.4 -0.6 0.0192716
2.4 -0.54 0.0239577
2.4 -0.48 0.0294404
2.4 -0.42 0.0357618
2.4 -0.36 0.0429406
2.4 -0.3 0.0509695
2.4 -0.24 0.0598066
2.4 -0.18 0.0693781
2.4 -0.12 0.0795727
2.4 -0.06 0.0902456
2.4 9.71445e-15 0.101222
2.4 0.06 0.112303
2.4 0.12 0.123271
2.4 0.18 0.133901
2.4 0.24 0.143968
2.4 0.3 0.153261
2.4 0.36 0.161571
2.4 0.42 0.168724
2.4 0.48 0.17456
2.4 0.54 0.178948
2.4 0.6 0.181783
2.4 0.66 0.18299
2.4 0.72 0.182523
2.4 0.78 0.180366
2.4 0.84 0.176545
2.4 0.9 0.17112
2.4 0.96 0.164195
2.4 1.02 0.155915
2.4 1.08 0.146469
2.4 1.14 0.136077
2.4 1.2 0.124986
2.4 1.26 0.113461
2.4 1.32 0.101771
2.4 1.38 0.0901716
2.4 1.44 0.0789036
2.4 1.5 0.0681731
2.4 1.56 0.0581495
2.4 1.62 0.0489582
2.4 1.68 0.0406815
2.4 1.74 0.0333589
2.4 1.8 0.026992
2.4 1.86 0.0215488
2.4 1.92 0.0169726
2.4 1.98 0.0131884
2.4 2.04 0.0101013
2.4 2.1 0.00763901
2.4 2.16 0.00569836
2.4 2.22 0.00419283
2.4 2.28 0.00304299
2.4 2.34 0.00217833
2.4 2.4 0.00153805
2.4 2.46 0.00107109
2.4 2.52 0.000735695
2.4 2.58 0.000498402
2.4 2.64 0.00033301
2.46 -1.56 0.00010334
2.46 -1.5 0.000155577
2.46 -1.44 0.000231388
2.46 -1.38 0.000340005
2.46 -1.32 0.000493657
2.46 -1.26 0.000708261
2.46 -1.2 0.0010042
2.46 -1.14 0.0014071
2.46 -1.08 0.00194863
2.46 -1.02 0.00266715
2.46 -0.96 0.00360803
2.46 -0.9 0.00482394
2.46 -0.84 0.00637409
2.46 -0.78 0.00837905
2.46 -0.72 0.0108272
2.46 -0.66 0.0138284
2.46 -0.6 0.0174558
2.46 -0.54 0.0217779
2.46 -0.48 0.0268524
2.46 -0.42 0.0327226
2.46 -0.36 0.0394094
2.46 -0.3 0.0469084
2.46 -0.24 0.0551861
2.46 -0.18 0.0641732
2.46 -0.12 0.0737701
2.46 -0.06 0.0838412
2.46 9.71445e-15 0.0942231
2.46 0.06 0.10473
2.46 0.12 0.115156
2.46 0.18 0.125289
2.46 0.24 0.134915
2.46 0.3 0.143831
2.46 0.36 0.151842
2.46 0.42 0.158772
2.46 0.48 0.164471
2.46 0.54 0.168808
2.46 0.6 0.171678
2.46 0.66 0.173004
2.46 0.72 0.172735
2.46 0.78 0.170854
2.46 0.84 0.167379
2.46 0.9 0.162363
2.46 0.96 0.155904
2.46 1.02 0.148138
2.46 1.08 0.139242
2.46 1.14 0.129428
2.46 1.2 0.118931
2.46 1.26 0.108007
2.46 1.32 0.0969101
2.46 1.38 0.0858899
2.46 1.44 0.0751755
2.46 1.5 0.064966
2.46 1.56 0.055424
2.46 1.62 0.0466711
2.46 1.68 0.0387863
2.46 1.74 0.0318087
2.46 1.8 0.0257402
2.46 1.86 0.020551
2.46 1.92 0.0161881
2.46 1.98 0.0125795
2.46 2.04 0.0096372
2.46 2.1 0.00728818
2.46 2.16 0.00543679
2.46 2.22 0.00400044
2.46 2.28 0.00290339
2.46 2.34 0.00207843
2.46 2.4 0.00146752
2.46 2.46 0.00102198
2.46 2.52 0.00070197
2.46 2.58 0.000475554
2.46 2.64 0.000317749
2.52 -1.56 8.731e-05
2.52 -1.5 0.000131896
2.52 -1.44 0.000196875
2.52 -1.38 0.000290393
2.52 -1.32 0.000423287
2.52 -1.26 0.000609772
2.52 -1.2 0.000868151
2.52 -1.14 0.00122161
2.52 -1.08 0.00169896
2.52 -1.02 0.00233525
2.52 -0.96 0.00317229
2.52 -0.9 0.00425873
2.52 -0.84 0.00564983
2.52 -0.78 0.00745686
2.52 -0.72 0.0096716
2.52 -0.66 0.0123964
2.52 -0.6 0.0157008
2.52 -0.54 0.0196504
2.52 -0.48 0.0243015
2.52 -0.42 0.0296958
2.52 -0.36 0.0358563
2.52 -0.3 0.0427815
2.52 -0.24 0.0504417
2.52 -0.18 0.0587772
2.52 -0.12 0.0676949
2.52 -0.06 0.0770726
2.52 9.71445e-15 0.08676
2.52 0.06 0.0965826
2.52 0.12 0.106351
2.52 0.18 0.11587
2.52 0.24 0.124937
2.52 0.3 0.133359
2.52 0.36 0.140955
2.52 0.42 0.14756
2.52 0.48 0.153026
2.52 0.54 0.157228
2.52 0.6 0.160065
2.52 0.66 0.161457
2.52 0.72 0.161354
2.52 0.78 0.159733
2.52 0.84 0.156604
2.52 0.9 0.152022
2.52 0.96 0.146068
2.52 1.02 0.138872
2.52 1.08 0.130601
2.52 1.14 0.121451
2.52 1.2 0.111647
2.52 1.26 0.101427
2.52 1.32 0.091033
2.52 1.38 0.0807035
2.52 1.44 0.0706515
2.52 1.5 0.0610685
2.52 1.56 0.0521073
2.52 1.62 0.043884
2.52 1.68 0.0364747
2.52 1.74 0.0299161
2.52 1.8 0.0242106
2.52 1.86 0.0193315
2.52 1.92 0.0152284
2.52 1.98 0.0118344
2.52 2.04 0.00906814
2.52 2.1 0.0068579
2.52 2.16 0.00511585
2.52 2.22 0.00376438
2.52 2.28 0.00273213
2.52 2.34 0.00195584
2.52 2.4 0.00138095
2.52 2.46 0.000961728
2.52 2.52 0.00066058
2.52 2.58 0.000447515
2.52 2.64 0.000299017
2.58 -1.5 0.000111103
2.58 -1.44 0.000166494
2.58 -1.38 0.000246575
2.58 -1.32 0.000360913
2.58 -1.26 0.000522111
2.58 -1.2 0.000746509
2.58 -1.14 0.0010549
2.58 -1.08 0.00147324
2.58 -1.02 0.00203331
2.58 -0.96 0.0027732
2.58 -0.9 0.00373735
2.58 -0.84 0.00497637
2.58 -0.78 0.00654633
2.58 -0.72 0.00857886
2.58 -0.66 0.0110304
2.58 -0.6 0.0140121
2.58 -0.54 0.0175852
2.58 -0.48 0.0218027
2.58 -0.42 0.0267054
2.58 -0.36 0.0323157
2.58 -0.3 0.0386347
2.58 -0.24 0.0456371
2.58 -0.18 0.0532691
2.58 -0.12 0.061449
2.58 -0.06 0.0700646
2.58 9.71445e-15 0.0789793
2.58 0.06 0.088035
2.58 0.12 0.0970596
2.58 0.18 0.105869
2.58 0.24 0.114283
2.58 0.3 0.122121
2.58 0.36 0.129213
2.58 0.42 0.135406
2.58 0.48 0.140563
2.58 0.54 0.144562
2.58 0.6 0.147306
2.58 0.66 0.148717
2.58 0.72 0.148745
2.58 0.78 0.147364
2.58 0.84 0.144585
2.58 0.9 0.140443
2.58 0.96 0.135024
2.58 1.02 0.128442
2.58 1.08 0.120849
2.58 1.14 0.11243
2.58 1.2 0.103392
2.58 1.26 0.0939576
2.58 1.32 0.084354
2.58 1.38 0.0747982
2.58 1.44 0.0654967
2.58 1.5 0.0566224
2.58 1.56 0.0483213
2.58 1.62 0.0407011
2.58 1.68 0.0338327
2.58 1.74 0.0277516
2.58 1.8 0.0224607
2.58 1.86 0.0179354
2.58 1.92 0.0141293
2.58 1.98 0.0109762
2.58 2.04 0.00841536
2.58 2.1 0.00636443
2.58 2.16 0.00474786
2.58 2.22 0.00349362
2.58 2.28 0.00253563
2.58 2.34 0.00181518
2.58 2.4 0.00128168
2.58 2.46 0.000892572
2.58 2.52 0.000613091
2.58 2.58 0.000415345
2.58 2.64 0.00027752
2.64 -1.5 9.30426e-05
2.64 -1.44 0.000140009
2.64 -1.38 0.000208231
2.64 -1.32 0.000306081
2.64 -1.26 0.000444667
2.64 -1.2 0.000638441
2.64 -1.14 0.000905887
2.64 -1.08 0.0012702
2.64 -1.02 0.00175986
2.64 -0.96 0.00240909
2.64 -0.9 0.00325806
2.64 -0.84 0.00435266
2.64 -0.78 0.00574363
2.64 -0.72 0.00755036
2.64 -0.66 0.00973458
2.64 -0.6 0.0123972
2.64 -0.54 0.0155947
2.64 -0.48 0.0193766
2.64 -0.42 0.0237804
2.64 -0.36 0.0288283
2.64 -0.3 0.0345227
2.64 -0.24 0.0408421
2.64 -0.18 0.0477405
2.64 -0.12 0.0551434
2.64 -0.06 0.0629517
2.64 9.71445e-15 0.0710438
2.64 0.06 0.0792769
2.64 0.12 0.0874948
2.64 0.18 0.0955347
2.64 0.24 0.103228
2.64 0.3 0.110412
2.64 0.36 0.116936
2.64 0.42 0.122654
2.64 0.48 0.127439
2.64 0.54 0.13118
2.64 0.6 0.133783
2.64 0.66 0.135176
2.64 0.72 0.135306
2.64 0.78 0.134147
2.64 0.84 0.131703
2.64 0.9 0.128011
2.64 0.96 0.12314
2.64 1.02 0.117195
2.64 1.08 0.110316
2.64 1.14 0.102671
2.64 1.2 0.094449
2.64 1.26 0.0858564
2.64 1.32 0.0771002
2.64 1.38 0.0683829
2.64 1.44 0.0598893
2.64 1.5 0.0517833
2.64 1.56 0.0441976
2.64 1.62 0.0372318
2.64 1.68 0.030952
2.64 1.74 0.025391
2.64 1.8 0.0205517
2.64 1.86 0.016412
2.64 1.92 0.01293
2.64 1.98 0.0100459
2.64 2.04 0.00770225
2.64 2.1 0.00582521
2.64 2.16 0.00434564
2.64 2.22 0.0031977
2.64 2.28 0.0023209
2.64 2.34 0.00166149
2.64 2.4 0.00117316
2.64 2.46 0.000817019
2.64 2.52 0.000561187
2.64 2.58 0.000380188
2.64 2.64 0.00025403
2.7 -1.44 0.000117107
2.7 -1.38 0.000174904
2.7 -1.32 0.000258172
2.7 -1.26 0.000376608
2.7 -1.2 0.000542888
2.7 -1.14 0.000773284
2.7 -1.08 0.00108827
2.7 -1.02 0.0015131
2.7 -0.96 0.00207817
2.7 -0.9 0.00281926
2.7 -0.84 0.00377735
2.7 -0.78 0.00499784
2.7 -0.72 0.00652959
2.7 -0.66 0.0085131
2.7 -0.6 0.0108648
2.7 -0.54 0.0136937
2.7 -0.48 0.0170448
2.7 -0.42 0.020953
2.7 -0.36 0.0254386
2.7 -0.3 0.0305053
2.7 -0.24 0.0361354
2.7 -0.18 0.0422878
2.7 -0.12 0.0488984
2.7 -0.06 0.0558804
2.7 9.71445e-15 0.0631247
2.7 0.06 0.0705058
2.7 0.12 0.0778849
2.7 0.18 0.085116
2.7 0.24 0.0920507
2.7 0.3 0.0985425
2.7 0.36 0.104454
2.7 0.42 0.109653
2.7 0.48 0.114026
2.7 0.54 0.117469
2.7 0.6 0.119894
2.7 0.66 0.121234
2.7 0.72 0.121438
2.7 0.78 0.12048
2.7 0.84 0.11836
2.7 0.9 0.115108
2.7 0.96 0.110784
2.7 1.02 0.105487
2.7 1.08 0.0993365
2.7 1.14 0.0924863
2.7 1.2 0.0851078
2.7 1.26 0.0773859
2.7 1.32 0.0695102
2.7 1.38 0.0616636
2.7 1.44 0.0540143
2.7 1.5 0.0467109
2.7 1.56 0.0398732
2.7 1.62 0.0335927
2.7 1.68 0.0279293
2.7 1.74 0.0229129
2.7 1.8 0.0185472
2.7 1.86 0.0148121
2.7 1.92 0.0116701
2.7 1.98 0.00906795
2.7 2.04 0.00695274
2.7 2.1 0.00525844
2.7 2.16 0.00392293
2.7 2.22 0.0028867
2.7 2.28 0.00209518
2.7 2.34 0.00149991
2.7 2.4 0.00105908
2.7 2.46 0.000737565
2.7 2.52 0.000506627
2.7 2.58 0.000343221
2.7 2.64 0.000229333
2.76 -1.44 9.74197e-05
2.76 -1.38 0.000146098
2.76 -1.32 0.000216516
2.76 -1.26 0.00031706
2.76 -1.2 0.000458734
2.76 -1.14 0.000655716
2.76 -1.08 0.00092588
2.76 -1.02 0.00129131
2.76 -0.96 0.00177872
2.76 -0.9 0.00241951
2.76 -0.84 0.00324976
2.76 -0.78 0.00430961
2.76 -0.72 0.00564211
2.76 -0.66 0.00737181
2.76 -0.6 0.00942467
2.76 -0.54 0.0118978
2.76 -0.48 0.0148312
2.76 -0.42 0.0182561
2.76 -0.36 0.0221918
2.76 -0.3 0.0266415
2.76 -0.24 0.0315913
2.76 -0.18 0.0370056
2.76 -0.12 0.0428299
2.76 -0.06 0.0489877
2.76 9.71445e-15 0.0553845
2.76 0.06 0.0619102
2.76 0.12 0.068444
2.76 0.18 0.0748563
2.76 0.24 0.0810191
2.76 0.3 0.0868006
2.76 0.36 0.0920786
2.76 0.42 0.096737
2.76 0.48 0.100673
2.76 0.54 0.103793
2.76 0.6 0.106015
2.76 0.66 0.107276
2.76 0.72 0.107529
2.76 0.78 0.10675
2.76 0.84 0.104934
2.76 0.9 0.102106
2.76 0.96 0.0983207
2.76 1.02 0.0936602
2.76 1.08 0.0882339
2.76 1.14 0.0821778
2.76 1.2 0.0756452
2.76 1.26 0.0688001
2.76 1.32 0.0618122
2.76 1.38 0.0548448
2.76 1.44 0.0480499
2.76 1.5 0.0415585
2.76 1.56 0.0354792
2.76 1.62 0.0298941
2.76 1.68 0.0248564
2.76 1.74 0.0203935
2.76 1.8 0.0165086
2.76 1.86 0.0131847
2.76 1.92 0.010386
2.76 1.98 0.00807291
2.76 2.04 0.00618988
2.76 2.1 0.00468157
2.76 2.16 0.00349263
2.76 2.22 0.0025701
2.76 2.28 0.00186542
2.76 2.34 0.00133544
2.76 2.4 0.000942952
2.76 2.46 0.000656695
2.76 2.52 0.00045108
2.76 2.58 0.00030559
2.76 2.64 0.00020419
2.82 -1.38 0.000121308
2.82 -1.32 0.000180443
2.82 -1.26 0.000265163
2.82 -1.2 0.000384921
2.82 -1.14 0.000551912
2.82 -1.08 0.000781573
2.82 -1.02 0.00109298
2.82 -0.96 0.00150926
2.82 -0.9 0.00205763
2.82 -0.84 0.00276945
2.82 -0.78 0.00367959
2.82 -0.72 0.00482552
2.82 -0.66 0.00624585
2.82 -0.6 0.00808694
2.82 -0.54 0.0102224
2.82 -0.48 0.0127579
2.82 -0.42 0.0157211
2.82 -0.36 0.0191295
2.82 -0.3 0.0229864
2.82 -0.24 0.0272803
2.82 -0.18 0.0319814
2.82 -0.12 0.0370433
2.82 -0.06 0.0424003
2.82 9.71445e-15 0.0479713
2.82 0.06 0.0536614
2.82 0.12 0.059366
2.82 0.18 0.0649739
2.82 0.24 0.0703727
2.82 0.3 0.0754486
2.82 0.36 0.0800942
2.82 0.42 0.0842082
2.82 0.48 0.0876987
2.82 0.54 0.0904814
2.82 0.6 0.0924845
2.82 0.66 0.0936487
2.82 0.72 0.0939308
2.82 0.78 0.0933074
2.82 0.84 0.0917726
2.82 0.9 0.089346
2.82 0.96 0.0860748
2.82 1.02 0.0820294
2.82 1.08 0.0773061
2.82 1.14 0.0720232
2.82 1.2 0.066317
2.82 1.26 0.0603315
2.82 1.32 0.0542151
2.82 1.38 0.0481131
2.82 1.44 0.0421588
2.82 1.5 0.036468
2.82 1.56 0.0311369
2.82 1.62 0.0262378
2.82 1.68 0.0218181
2.82 1.74 0.017902
2.82 1.8 0.0144926
2.82 1.86 0.0115752
2.82 1.92 0.00911894
2.82 1.98 0.00708822
2.82 2.04 0.00543498
2.82 2.1 0.0041107
2.82 2.16 0.00306679
2.82 2.22 0.00225677
2.82 2.28 0.00163802
2.82 2.34 0.00117266
2.82 2.4 0.000828014
2.82 2.46 0.000576657
2.82 2.52 0.000396102
2.82 2.58 0.000268347
2.82 2.64 0.000179306
2.88 -1.32 0.000149327
2.88 -1.26 0.000220122
2.88 -1.2 0.000320464
2.88 -1.14 0.000460725
2.88 -1.08 0.000654057
2.88 -1.02 0.000916739
2.88 -0.96 0.00126851
2.88 -0.9 0.00173268
2.88 -0.84 0.00233607
2.88 -0.78 0.00310856
2.88 -0.72 0.00408232
2.88 -0.66 0.00529049
2.88 -0.6 0.00685991
2.88 -0.54 0.0086805
2.88 -0.48 0.0108442
2.88 -0.42 0.0133748
2.88 -0.36 0.0162877
2.88 -0.3 0.0195863
2.88 -0.24 0.0232616
2.88 -0.18 0.0272888
2.88 -0.12 0.0316283
2.88 -0.06 0.036225
2.88 9.71445e-15 0.0410103
2.88 0.06 0.0459035
2.88 0.12 0.0508153
2.88 0.18 0.0556513
2.88 0.24 0.0603151
2.88 0.3 0.0647088
2.88 0.36 0.0687406
2.88 0.42 0.0723215
2.88 0.48 0.0753717
2.88 0.54 0.077817
2.88 0.6 0.0795939
2.88 0.66 0.080649
2.88 0.72 0.0809427
2.88 0.78 0.0804531
2.88 0.84 0.079173
2.88 0.9 0.0771187
2.88 0.96 0.0743287
2.88 1.02 0.0708643
2.88 1.08 0.066808
2.88 1.14 0.0622623
2.88 1.2 0.0573451
2.88 1.26 0.0521819
2.88 1.32 0.0469011
2.88 1.38 0.0416298
2.88 1.44 0.0364832
2.88 1.5 0.0315626
2.88 1.56 0.0269514
2.88 1.62 0.022713
2.88 1.68 0.0188885
2.88 1.74 0.0154992
2.88 1.8 0.0125481
2.88 1.86 0.010021
2.88 1.92 0.00789642
2.88 1.98 0.0061381
2.88 2.04 0.00470657
2.88 2.1 0.00355983
2.88 2.16 0.00265585
2.88 2.22 0.0019544
2.88 2.28 0.00141857
2.88 2.34 0.00101556
2.88 2.4 0.000717093
2.88 2.46 0.000499412
2.88 2.52 0.000343045
2.88 2.58 0.000232403
2.88 2.64 0.000155289
2.94 -1.32 0.000122612
2.94 -1.26 0.000181228
2.94 -1.2 0.000264494
2.94 -1.14 0.000381123
2.94 -1.08 0.000542174
2.94 -1.02 0.000761354
2.94 -0.96 0.0010553
2.94 -0.9 0.00144367
2.94 -0.84 0.00194913
2.94 -0.78 0.00259688
2.94 -0.72 0.00341417
2.94 -0.66 0.00442902
2.94 -0.6 0.0056689
2.94 -0.54 0.00728224
2.94 -0.48 0.0091045
2.94 -0.42 0.0112372
2.94 -0.36 0.0136937
2.94 -0.3 0.0164773
2.94 -0.24 0.0195808
2.94 -0.18 0.0229839
2.94 -0.12 0.0266535
2.94 -0.06 0.0305442
2.94 9.71445e-15 0.0345983
2.94 0.06 0.0387482
2.94 0.12 0.0429192
2.94 0.18 0.0470319
2.94 0.24 0.0510048
2.94 0.3 0.0547549
2.94 0.36 0.0582047
2.94 0.42 0.0612777
2.94 0.48 0.0639045
2.94 0.54 0.0660221
2.94 0.6 0.0675741
2.94 0.66 0.0685133
2.94 0.72 0.068805
2.94 0.78 0.0684281
2.94 0.84 0.0673748
2.94 0.9 0.0656587
2.94 0.96 0.0633108
2.94 1.02 0.0603838
2.94 1.08 0.0569473
2.94 1.14 0.0530887
2.94 1.2 0.0489091
2.94 1.26 0.0445155
2.94 1.32 0.0400184
2.94 1.38 0.0355268
2.94 1.44 0.031139
2.94 1.5 0.0269426
2.94 1.56 0.0230087
2.94 1.62 0.0193919
2.94 1.68 0.0161278
2.94 1.74 0.0132347
2.94 1.8 0.0107153
2.94 1.86 0.00855806
2.94 1.92 0.00674382
2.94 1.98 0.00524227
2.94 2.04 0.00401978
2.94 2.1 0.00304042
2.94 2.16 0.00226838
2.94 2.22 0.00166929
2.94 2.28 0.00121164
2.94 2.34 0.000867425
2.94 2.4 0.000612496
2.94 2.46 0.000426571
2.94 2.52 0.000293011
2.94 2.58 0.000198507
2.94 2.64 0.000132641
3 -1.26 0.000147855
3 -1.2 0.000216235
3 -1.14 0.000312175
3 -1.08 0.000444848
3 -1.02 0.000625642
3 -0.96 0.000868397
3 -0.9 0.00118946
3 -0.84 0.0016077
3 -0.78 0.00214413
3 -0.72 0.00282142
3 -0.66 0.00366298
3 -0.6 0.00469171
3 -0.54 0.00603331
3 -0.48 0.0075478
3 -0.42 0.00932127
3 -0.36 0.0113651
3 -0.3 0.0136828
3 -0.24 0.016268
3 -0.18 0.0191047
3 -0.12 0.0221658
3 -0.06 0.0254136
3 9.71445e-15 0.0288011
3 0.06 0.0322723
3 0.12 0.0357658
3 0.18 0.0392152
3 0.24 0.0425525
3 0.3 0.0457093
3 0.36 0.0486195
3 0.42 0.0512197
3 0.48 0.0534502
3 0.54 0.055257
3 0.6 0.0565919
3 0.66 0.0574143
3 0.72 0.0576933
3 0.78 0.0574087
3 0.84 0.0565542
3 0.9 0.0551398
3 0.96 0.0531908
3 1.02 0.0507504
3 1.08 0.0478783
3 1.14 0.0446478
3 1.2 0.0411431
3 1.26 0.0374552
3 1.32 0.0336783
3 1.38 0.0299029
3 1.44 0.0262132
3 1.5 0.0226834
3 1.56 0.0193734
3 1.62 0.0163293
3 1.68 0.0135816
3 1.74 0.0111459
3 1.8 0.00902365
3 1.86 0.00720827
3 1.92 0.00568028
3 1.98 0.00441567
3 2.04 0.00338602
3 2.1 0.00256114
3 2.16 0.0019108
3 2.22 0.00140616
3 2.28 0.00102066
3 2.34 0.000730706
3 2.4 0.000515967
3 2.46 0.000359346
3 2.52 0.000246835
3 2.58 0.000167225
3 2.64 0.000111738
3.06 -1.2 0.000174979
3.06 -1.14 0.000253005
3.06 -1.08 0.000361029
3.06 -1.02 0.00050839
3.06 -0.96 0.000706439
3.06 -0.9 0.000968599
3.06 -0.84 0.00131032
3.06 -0.78 0.00174891
3.06 -0.72 0.00230296
3.06 -0.66 0.00299172
3.06 -0.6 0.00383408
3.06 -0.54 0.00484719
3.06 -0.48 0.00617694
3.06 -0.42 0.00763205
3.06 -0.36 0.00930981
3.06 -0.3 0.0112132
3.06 -0.24 0.0133377
3.06 -0.18 0.0156701
3.06 -0.12 0.0181888
3.06 -0.06 0.0208633
3.06 9.71445e-15 0.023655
3.06 0.06 0.0265187
3.06 0.12 0.0294044
3.06 0.18 0.0322572
3.06 0.24 0.035022
3.06 0.3 0.0376428
3.06 0.36 0.0400638
3.06 0.42 0.042233
3.06 0.48 0.0441005
3.06 0.54 0.0456202
3.06 0.6 0.0467514
3.06 0.66 0.0474595
3.06 0.72 0.0477176
3.06 0.78 0.0475075
3.06 0.84 0.0468247
3.06 0.9 0.0456741
3.06 0.96 0.0440783
3.06 1.02 0.0420717
3.06 1.08 0.0397036
3.06 1.14 0.0370351
3.06 1.2 0.0341364
3.06 1.26 0.0310832
3.06 1.32 0.0279541
3.06 1.38 0.024824
3.06 1.44 0.0217641
3.06 1.5 0.0188353
3.06 1.56 0.0160885
3.06 1.62 0.0135617
3.06 1.68 0.0112804
3.06 1.74 0.00925708
3.06 1.8 0.00749576
3.06 1.86 0.00598789
3.06 1.92 0.00471875
3.06 1.98 0.0036683
3.06 2.04 0.00281296
3.06 2.1 0.00212774
3.06 2.16 0.00158749
3.06 2.22 0.00116825
3.06 2.28 0.000847972
3.06 2.34 0.000607083
3.06 2.4 0.00042868
3.06 2.46 0.000298551
3.06 2.52 0.000205077
3.06 2.58 0.000138937
3.06 2.64 9.28359e-05
3.12 -1.14 0.000202764
3.12 -1.08 0.000289659
3.12 -1.02 0.000408301
3.12 -0.96 0.000567854
3.12 -0.9 0.000779195
3.12 -0.84 0.00105486
3.12 -0.78 0.00140879
3.12 -0.72 0.00185614
3.12 -0.66 0.00241246
3.12 -0.6 0.00309303
3.12 -0.54 0.00391179
3.12 -0.48 0.00488005
3.12 -0.42 0.00616713
3.12 -0.36 0.00752571
3.12 -0.3 0.00906769
3.12 -0.24 0.0107898
3.12 -0.18 0.0126815
3.12 -0.12 0.0147255
3.12 -0.06 0.0168976
3.12 9.71445e-15 0.0191669
3.12 0.06 0.0214973
3.12 0.12 0.0238478
3.12 0.18 0.0261755
3.12 0.24 0.0284345
3.12 0.3 0.0305794
3.12 0.36 0.0325663
3.12 0.42 0.0343506
3.12 0.48 0.0358915
3.12 0.54 0.0371516
3.12 0.6 0.0380963
3.12 0.66 0.0386964
3.12 0.72 0.038929
3.12 0.78 0.0387788
3.12 0.84 0.0382394
3.12 0.9 0.0373173
3.12 0.96 0.0360276
3.12 1.02 0.0344
3.12 1.08 0.0324742
3.12 1.14 0.0303
3.12 1.2 0.0279349
3.12 1.26 0.0254419
3.12 1.32 0.0228843
3.12 1.38 0.0203255
3.12 1.44 0.0178221
3.12 1.5 0.0154255
3.12 1.56 0.0131771
3.12 1.62 0.0111083
3.12 1.68 0.00924038
3.12 1.74 0.00758359
3.12 1.8 0.00614089
3.12 1.86 0.00490575
3.12 1.92 0.00386615
3.12 1.98 0.00300553
3.12 2.04 0.00230479
3.12 2.1 0.00174336
3.12 2.16 0.00130073
3.12 2.22 0.00095723
3.12 2.28 0.000694819
3.12 2.34 0.000497444
3.12 2.4 0.000351256
3.12 2.46 0.000244636
3.12 2.52 0.000168042
3.12 2.58 0.000113846
3.12 2.64 7.60716e-05
3.18 -1.14 0.000160604
3.18 -1.08 0.000229637
3.18 -1.02 0.000323943
3.18 -0.96 0.000450858
3.18 -0.9 0.000619041
3.18 -0.84 0.000838488
3.18 -0.78 0.0011204
3.18 -0.72 0.00147679
3.18 -0.66 0.00192013
3.18 -0.6 0.00246264
3.18 -0.54 0.00311548
3.18 -0.48 0.00388766
3.18 -0.42 0.00478502
3.18 -0.36 0.0060026
3.18 -0.3 0.00723493
3.18 -0.24 0.00861173
3.18 -0.18 0.010125
3.18 -0.12 0.0117613
3.18 -0.06 0.0135013
3.18 9.71445e-15 0.0153208
3.18 0.06 0.017191
3.18 0.12 0.0190798
3.18 0.18 0.0209524
3.18 0.24 0.0227729
3.18 0.3 0.024505
3.18 0.36 0.026112
3.18 0.42 0.0275595
3.18 0.48 0.0288139
3.18 0.54 0.0298439
3.18 0.6 0.0306214
3.18 0.66 0.0311218
3.18 0.72 0.0313262
3.18 0.78 0.0312213
3.18 0.84 0.0308025
3.18 0.9 0.0300722
3.18 0.96 0.0290447
3.18 1.02 0.0277423
3.18 1.08 0.0261971
3.18 1.14 0.0244499
3.18 1.2 0.022547
3.18 1.26 0.0205388
3.18 1.32 0.0184776
3.18 1.38 0.0164134
3.18 1.44 0.014394
3.18 1.5 0.0124596
3.18 1.56 0.0106445
3.18 1.62 0.0089741
3.18 1.68 0.00746504
3.18 1.74 0.0061273
3.18 1.8 0.00496185
3.18 1.86 0.00396401
3.18 1.92 0.003124
3.18 1.98 0.0024287
3.18 2.04 0.00186247
3.18 2.1 0.00140882
3.18 2.16 0.00105114
3.18 2.22 0.000773563
3.18 2.28 0.000561504
3.18 2.34 0.000401999
3.18 2.4 0.000283867
3.18 2.46 0.0001977
3.18 2.52 0.000135803
3.18 2.58 9.20049e-05
3.18 2.64 6.14768e-05
3.24 -1.08 0.000179817
3.24 -1.02 0.000253826
3.24 -0.96 0.000353455
3.24 -0.9 0.000485547
3.24 -0.84 0.000657963
3.24 -0.78 0.000879501
3.24 -0.72 0.00115965
3.24 -0.66 0.00150825
3.24 -0.6 0.00193491
3.24 -0.54 0.00244838
3.24 -0.48 0.00305584
3.24 -0.42 0.0037619
3.24 -0.36 0.00472357
3.24 -0.3 0.00569499
3.24 -0.24 0.00678078
3.24 -0.18 0.00797496
3.24 -0.12 0.00926685
3.24 -0.06 0.0106416
3.24 9.71445e-15 0.0120804
3.24 0.06 0.0135609
3.24 0.12 0.0150577
3.24 0.18 0.0165439
3.24 0.24 0.0179908
3.24 0.3 0.0193698
3.24 0.36 0.0206523
3.24 0.42 0.0218103
3.24 0.48 0.0228168
3.24 0.54 0.0236466
3.24 0.6 0.0242772
3.24 0.66 0.0246884
3.24 0.72 0.0248642
3.24 0.78 0.0247938
3.24 0.84 0.0244724
3.24 0.9 0.023903
3.24 0.96 0.0230951
3.24 1.02 0.0220669
3.24 1.08 0.0208443
3.24 1.14 0.0194591
3.24 1.2 0.0179486
3.24 1.26 0.0163533
3.24 1.32 0.0147145
3.24 1.38 0.0130728
3.24 1.44 0.0114656
3.24 1.5 0.0099258
3.24 1.56 0.00848053
3.24 1.62 0.00714979
3.24 1.68 0.00594825
3.24 1.74 0.0048826
3.24 1.8 0.00395408
3.24 1.86 0.003159
3.24 1.92 0.00248968
3.24 1.98 0.00193558
3.24 2.04 0.00148435
3.24 2.1 0.00112282
3.24 2.16 0.000837755
3.24 2.22 0.000616529
3.24 2.28 0.000447526
3.24 2.34 0.000320403
3.24 2.4 0.000226249
3.24 2.46 0.000157575
3.24 2.52 0.000108239
3.24 2.58 7.33319e-05
3.24 2.64 4.89717e-05
3.3 -1.02 0.000196352
3.3 -0.96 0.000273544
3.3 -0.9 0.000375909
3.3 -0.84 0.000509565
3.3 -0.78 0.000681332
3.3 -0.72 0.000898607
3.3 -0.66 0.001169
3.3 -0.6 0.00149999
3.3 -0.54 0.0018984
3.3 -0.48 0.00236977
3.3 -0.42 0.00291773
3.3 -0.36 0.00354316
3.3 -0.3 0.00442236
3.3 -0.24 0.005267
3.3 -0.18 0.00619636
3.3 -0.12 0.00720241
3.3 -0.06 0.00827385
3.3 9.71445e-15 0.00939612
3.3 0.06 0.0105519
3.3 0.12 0.0117219
3.3 0.18 0.0128851
3.3 0.24 0.0140195
3.3 0.3 0.0151024
3.3 0.36 0.0161118
3.3 0.42 0.0170253
3.3 0.48 0.0178217
3.3 0.54 0.0184811
3.3 0.6 0.018985
3.3 0.66 0.0193175
3.3 0.72 0.0194657
3.3 0.78 0.0194204
3.3 0.84 0.0191777
3.3 0.9 0.0187393
3.3 0.96 0.0181127
3.3 1.02 0.0173123
3.3 1.08 0.016358
3.3 1.14 0.0152749
3.3 1.2 0.0140923
3.3 1.26 0.0128421
3.3 1.32 0.0115571
3.3 1.38 0.0102691
3.3 1.44 0.00900758
3.3 1.5 0.00779878
3.3 1.56 0.00666375
3.3 1.62 0.00561854
3.3 1.68 0.00467461
3.3 1.74 0.00383727
3.3 1.8 0.00310768
3.3 1.86 0.00248288
3.3 1.92 0.00195688
3.3 1.98 0.00152137
3.3 2.04 0.00116674
3.3 2.1 0.00088258
3.3 2.16 0.00065852
3.3 2.22 0.000484634
3.3 2.28 0.000351786
3.3 2.34 0.00025186
3.3 2.4 0.000177849
3.3 2.46 0.000123866
3.3 2.52 8.50859e-05
3.3 2.58 5.76061e-05
3.3 2.64 3.84968e-05
3.36 -0.96 0.000208938
3.36 -0.9 0.00028721
3.36 -0.84 0.00038943
3.36 -0.78 0.000520828
3.36 -0.72 0.000687057
3.36 -0.66 0.000893948
3.36 -0.6 0.00114723
3.36 -0.54 0.00145215
3.36 -0.48 0.00181295
3.36 -0.42 0.00223238
3.36 -0.36 0.00271119
3.36 -0.3 0.00324756
3.36 -0.24 0.00403562
3.36 -0.18 0.00474902
3.36 -0.12 0.00552179
3.36 -0.06 0.00634541
3.36 9.71445e-15 0.0072088
3.36 0.06 0.00809887
3.36 0.12 0.00900091
3.36 0.18 0.00989884
3.36 0.24 0.010776
3.36 0.3 0.0116147
3.36 0.36 0.0123981
3.36 0.42 0.0131088
3.36 0.48 0.0137302
3.36 0.54 0.0142469
3.36 0.6 0.014644
3.36 0.66 0.0149088
3.36 0.72 0.0150311
3.36 0.78 0.0150037
3.36 0.84 0.014823
3.36 0.9 0.0144901
3.36 0.96 0.0140107
3.36 1.02 0.0133961
3.36 1.08 0.0126613
3.36 1.14 0.011826
3.36 1.2 0.0109128
3.36 1.26 0.00994652
3.36 1.32 0.00895264
3.36 1.38 0.00795594
3.36 1.44 0.00697948
3.36 1.5 0.00604339
3.36 1.56 0.00516405
3.36 1.62 0.0043546
3.36 1.68 0.00362322
3.36 1.74 0.00297436
3.36 1.8 0.0024089
3.36 1.86 0.00192466
3.36 1.92 0.00151695
3.36 1.98 0.00117939
3.36 2.04 0.000904489
3.36 2.1 0.000684206
3.36 2.16 0.000510517
3.36 2.22 0.000375716
3.36 2.28 0.000272727
3.36 2.34 0.000195258
3.36 2.4 0.000137882
3.36 2.46 9.60299e-05
3.36 2.52 6.59129e-05
3.36 2.58 4.46613e-05
3.42 -0.9 0.00021653
3.42 -0.84 0.000293657
3.42 -0.78 0.000392809
3.42 -0.72 0.00051826
3.42 -0.66 0.000674417
3.42 -0.6 0.000865606
3.42 -0.54 0.00109578
3.42 -0.48 0.00136817
3.42 -0.42 0.00168484
3.42 -0.36 0.00204637
3.42 -0.3 0.00245136
3.42 -0.24 0.00289623
3.42 -0.18 0.00359022
3.42 -0.12 0.00417569
3.42 -0.06 0.00480012
3.42 9.71445e-15 0.00545528
3.42 0.06 0.00613135
3.42 0.12 0.00681726
3.42 0.18 0.00750099
3.42 0.24 0.00816988
3.42 0.3 0.00881063
3.42 0.36 0.00941029
3.42 0.42 0.00995556
3.42 0.48 0.0104338
3.42 0.54 0.0108328
3.42 0.6 0.0111413
3.42 0.66 0.0113491
3.42 0.72 0.0114482
3.42 0.78 0.011433
3.42 0.84 0.0113004
3.42 0.9 0.0110511
3.42 0.96 0.0106894
3.42 1.02 0.0102238
3.42 1.08 0.00966569
3.42 1.14 0.00903023
3.42 1.2 0.00833476
3.42 1.26 0.00759813
3.42 1.32 0.00683995
3.42 1.38 0.00607928
3.42 1.44 0.00533373
3.42 1.5 0.00461866
3.42 1.56 0.00394709
3.42 1.62 0.00332861
3.42 1.68 0.0027697
3.42 1.74 0.0022738
3.42 1.8 0.00184159
3.42 1.86 0.00147144
3.42 1.92 0.00115977
3.42 1.98 0.000901711
3.42 2.04 0.000691545
3.42 2.1 0.000523131
3.42 2.16 0.000390336
3.42 2.22 0.000287272
3.42 2.28 0.000208529
3.42 2.34 0.000149297
3.42 2.4 0.000105426
3.42 2.46 7.33575e-05
3.42 2.52 5.03994e-05
3.42 2.58 3.41496e-05
3.48 -0.78 0.00029227
3.48 -0.72 0.00038566
3.48 -0.66 0.000501917
3.48 -0.6 0.000644266
3.48 -0.54 0.000815654
3.48 -0.48 0.00101848
3.48 -0.42 0.00125429
3.48 -0.36 0.00152352
3.48 -0.3 0.00182513
3.48 -0.24 0.00215644
3.48 -0.18 0.00251291
3.48 -0.12 0.00311468
3.48 -0.06 0.00358162
3.48 9.71445e-15 0.00407196
3.48 0.06 0.00457845
3.48 0.12 0.0050929
3.48 0.18 0.00560644
3.48 0.24 0.00610954
3.48 0.3 0.00659232
3.48 0.36 0.00704505
3.48 0.42 0.00745768
3.48 0.48 0.00782056
3.48 0.54 0.00812445
3.48 0.6 0.00836059
3.48 0.66 0.00852123
3.48 0.72 0.00860024
3.48 0.78 0.00859292
3.48 0.84 0.00849698
3.48 0.9 0.00831293
3.48 0.96 0.00804376
3.48 1.02 0.00769577
3.48 1.08 0.00727771
3.48 1.14 0.00680089
3.48 1.2 0.00627841
3.48 1.26 0.00572454
3.48 1.32 0.00515412
3.48 1.38 0.00458152
3.48 1.44 0.00401996
3.48 1.5 0.00348147
3.48 1.56 0.00297548
3.48 1.62 0.00250939
3.48 1.68 0.00208815
3.48 1.74 0.00171435
3.48 1.8 0.00138853
3.48 1.86 0.00110949
3.48 1.92 0.000874502
3.48 1.98 0.000679932
3.48 2.04 0.000521468
3.48 2.1 0.00039448
3.48 2.16 0.000294345
3.48 2.22 0.000216629
3.48 2.28 0.000157251
3.48 2.34 0.000112585
3.48 2.4 7.94143e-05
3.48 2.46 5.5321e-05
3.48 2.52 3.80075e-05
3.48 2.58 2.57533e-05
3.54 -0.72 0.000283097
3.54 -0.66 0.000368469
3.54 -0.6 0.000473005
3.54 -0.54 0.000598876
3.54 -0.48 0.000747838
3.54 -0.42 0.000921027
3.54 -0.36 0.00111876
3.54 -0.3 0.00134031
3.54 -0.24 0.00158365
3.54 -0.18 0.00184551
3.54 -0.12 0.00212111
3.54 -0.06 0.00263594
3.54 9.71445e-15 0.0029979
3.54 0.06 0.00337216
3.54 0.12 0.00375278
3.54 0.18 0.00413318
3.54 0.24 0.0045064
3.54 0.3 0.00486523
3.54 0.36 0.0052023
3.54 0.42 0.00551028
3.54 0.48 0.00578185
3.54 0.54 0.00601002
3.54 0.6 0.00618824
3.54 0.66 0.00631062
3.54 0.72 0.00637241
3.54 0.78 0.00637
3.54 0.84 0.00630167
3.54 0.9 0.0061676
3.54 0.96 0.00597002
3.54 1.02 0.00571346
3.54 1.08 0.00540457
3.54 1.14 0.00505167
3.54 1.2 0.00466452
3.54 1.26 0.00425374
3.54 1.32 0.0038305
3.54 1.38 0.00340526
3.54 1.44 0.0029883
3.54 1.5 0.00258822
3.54 1.56 0.00221224
3.54 1.62 0.00186582
3.54 1.68 0.00155269
3.54 1.74 0.00127479
3.54 1.8 0.00103256
3.54 1.86 0.000825075
3.54 1.92 0.000650342
3.54 1.98 0.000505658
3.54 2.04 0.000387815
3.54 2.1 0.00029338
3.54 2.16 0.00021891
3.54 2.22 0.000161111
3.54 2.28 0.000116952
3.54 2.34 8.36237e-05
3.54 2.4 5.90657e-05
3.54 2.46 4.11456e-05
3.54 2.52 2.82684e-05
3.54 2.58 1.91544e-05
3.6 -0.66 0.000266816
3.6 -0.6 0.000342537
3.6 -0.54 0.00043371
3.6 -0.48 0.000541609
3.6 -0.42 0.000667069
3.6 -0.36 0.000810313
3.6 -0.3 0.000970801
3.6 -0.24 0.0011471
3.6 -0.18 0.00133679
3.6 -0.12 0.00153646
3.6 -0.06 0.00174169
3.6 9.71445e-15 0.00217701
3.6 0.06 0.00244978
3.6 0.12 0.00272751
3.6 0.18 0.00300543
3.6 0.24 0.00327852
3.6 0.3 0.00354156
3.6 0.36 0.0037891
3.6 0.42 0.00401577
3.6 0.48 0.0042162
3.6 0.54 0.00438516
3.6 0.6 0.00451774
3.6 0.66 0.0046096
3.6 0.72 0.00465709
3.6 0.78 0.0046575
3.6 0.84 0.00460959
3.6 0.9 0.00451322
3.6 0.96 0.00437021
3.6 1.02 0.0041837
3.6 1.08 0.00395855
3.6 1.14 0.00370091
3.6 1.2 0.00341795
3.6 1.26 0.00311751
3.6 1.32 0.00280765
3.6 1.38 0.00249632
3.6 1.44 0.00219089
3.6 1.5 0.00189772
3.6 1.56 0.00162217
3.6 1.62 0.00136824
3.6 1.68 0.00113867
3.6 1.74 0.000934916
3.6 1.8 0.0007573
3.6 1.86 0.000605133
3.6 1.92 0.000476993
3.6 1.98 0.000370881
3.6 2.04 0.000284451
3.6 2.1 0.00021519
3.6 2.16 0.000160571
3.6 2.22 0.000117958
3.6 2.28 8.56536e-05
3.6 2.34 6.1342e-05
3.6 2.4 4.33271e-05
3.6 2.46 3.01817e-05
3.6 2.52 2.07359e-05
3.66 -0.54 0.000309804
3.66 -0.48 0.000386891
3.66 -0.42 0.00047653
3.66 -0.36 0.000578868
3.66 -0.3 0.000693527
3.66 -0.24 0.000819493
3.66 -0.18 0.000955029
3.66 -0.12 0.00109768
3.66 -0.06 0.00124432
3.66 9.71445e-15 0.00139116
3.66 0.06 0.00153397
3.66 0.12 0.00195524
3.66 0.18 0.00215554
3.66 0.24 0.00235264
3.66 0.3 0.00254277
3.66 0.36 0.0027221
3.66 0.42 0.00288664
3.66 0.48 0.00303247
3.66 0.54 0.00315582
3.66 0.6 0.00325309
3.66 0.66 0.00332103
3.66 0.72 0.00335694
3.66 0.78 0.00335886
3.66 0.84 0.00332564
3.66 0.9 0.00325743
3.66 0.96 0.00315524
3.66 1.02 0.00302151
3.66 1.08 0.00285966
3.66 1.14 0.00267414
3.66 1.2 0.00247015
3.66 1.26 0.00225337
3.66 1.32 0.0020297
3.66 1.38 0.0018049
3.66 1.44 0.0015842
3.66 1.5 0.00137234
3.66 1.56 0.00117314
3.66 1.62 0.000989556
3.66 1.68 0.00082357
3.66 1.74 0.000676234
3.66 1.8 0.000547775
3.66 1.86 0.000437724
3.66 1.92 0.000345045
3.66 1.98 0.00026829
3.66 2.04 0.000205772
3.66 2.1 0.000155668
3.66 2.16 0.000115905
3.66 2.22 8.53364e-05
3.66 2.28 6.19667e-05
3.66 2.34 4.43783e-05
3.66 2.4 3.13448e-05
3.66 2.46 2.18353e-05
3.66 2.52 1.50015e-05
3.72 -0.42 0.000335743
3.72 -0.36 0.000407864
3.72 -0.3 0.000488661
3.72 -0.24 0.000577418
3.72 -0.18 0.000672924
3.72 -0.12 0.000773458
3.72 -0.06 0.000876794
3.72 9.71445e-15 0.000980278
3.72 0.06 0.00108091
3.72 0.12 0.0011755
3.72 0.18 0.00152485
3.72 0.24 0.00166516
3.72 0.3 0.00180076
3.72 0.36 0.00192883
3.72 0.42 0.00204663
3.72 0.48 0.00215131
3.72 0.54 0.00224013
3.72 0.6 0.00231047
3.72 0.66 0.00235997
3.72 0.72 0.00238668
3.72 0.78 0.00238911
3.72 0.84 0.00236653
3.72 0.9 0.00231882
3.72 0.96 0.00224685
3.72 1.02 0.00215224
3.72 1.08 0.00203746
3.72 1.14 0.00190571
3.72 1.2 0.00176067
3.72 1.26 0.00160643
3.72 1.32 0.0014472
3.72 1.38 0.00128703
3.72 1.44 0.00112979
3.72 1.5 0.000978769
3.72 1.56 0.000836768
3.72 1.62 0.000705867
3.72 1.68 0.000587492
3.72 1.74 0.000482406
3.72 1.8 0.00039078
3.72 1.86 0.000312281
3.72 1.92 0.000246162
3.72 1.98 0.000191411
3.72 2.04 0.000146354
3.72 2.1 0.00011078
3.72 2.16 8.27001e-05
3.72 2.22 6.08889e-05
3.72 2.28 4.4214e-05
3.72 2.34 3.16642e-05
3.72 2.4 2.23651e-05
3.72 2.46 1.55796e-05
3.72 2.52 1.07038e-05
3.78 -0.36 0.000283431
3.78 -0.3 0.000339586
3.78 -0.24 0.000401273
3.78 -0.18 0.000467653
3.78 -0.12 0.00053752
3.78 -0.06 0.000609333
3.78 9.71445e-15 0.00068125
3.78 0.06 0.000751194
3.78 0.12 0.000816934
3.78 0.18 0.00087622
3.78 0.24 0.00092688
3.78 0.3 0.00125782
3.78 0.36 0.00134808
3.78 0.42 0.00143125
3.78 0.48 0.00150533
3.78 0.54 0.00156837
3.78 0.6 0.00161852
3.78 0.66 0.00165409
3.78 0.72 0.00167364
3.78 0.78 0.00167612
3.78 0.84 0.00166093
3.78 0.9 0.00162808
3.78 0.96 0.00157806
3.78 1.02 0.00151205
3.78 1.08 0.00143176
3.78 1.14 0.00133947
3.78 1.2 0.00123775
3.78 1.26 0.00112951
3.78 1.32 0.00101768
3.78 1.38 0.000905173
3.78 1.44 0.000794643
3.78 1.5 0.000688484
3.78 1.56 0.000588635
3.78 1.62 0.000496576
3.78 1.68 0.000413317
3.78 1.74 0.000339403
3.78 1.8 0.000274949
3.78 1.86 0.000219722
3.78 1.92 0.000172446
3.78 1.98 0.000134193
3.78 2.04 0.00010299
3.78 2.1 7.79558e-05
3.78 2.16 5.81956e-05
3.78 2.22 4.28472e-05
3.78 2.28 3.11133e-05
3.78 2.34 2.22822e-05
3.78 2.4 1.57382e-05
3.78 2.46 1.09635e-05
3.84 -0.18 0.000320531
3.84 -0.12 0.000368421
3.84 -0.06 0.00041765
3.84 9.71445e-15 0.000466949
3.84 0.06 0.000514887
3.84 0.12 0.00055995
3.84 0.18 0.00060058
3.84 0.24 0.000635319
3.84 0.3 0.000662817
3.84 0.36 0.000929309
3.84 0.42 0.000987215
3.84 0.48 0.00103893
3.84 0.54 0.00108307
3.84 0.6 0.00111832
3.84 0.66 0.00114348
3.84 0.72 0.00115756
3.84 0.78 0.0011598
3.84 0.84 0.00114977
3.84 0.9 0.00112743
3.84 0.96 0.00109314
3.84 1.02 0.0010477
3.84 1.08 0.000992333
3.84 1.14 0.000928566
3.84 1.2 0.000858219
3.84 1.26 0.000783281
3.84 1.32 0.000705825
3.84 1.38 0.000627857
3.84 1.44 0.000551247
3.84 1.5 0.000477644
3.84 1.56 0.000408396
3.84 1.62 0.000344547
3.84 1.68 0.000286793
3.84 1.74 0.000235511
3.84 1.8 0.000189602
3.84 1.86 0.000151685
3.84 1.92 0.000119683
3.84 1.98 9.31334e-05
3.84 2.04 7.14785e-05
3.84 2.1 5.41037e-05
3.84 2.16 4.039e-05
3.84 2.22 2.97377e-05
3.84 2.28 2.15937e-05
3.84 2.34 1.54645e-05
3.84 2.4 1.09229e-05
3.84 2.46 7.6089e-06
3.9 -0.06 0.000282331
3.9 9.71445e-15 0.00031566
3.9 0.06 0.00034807
3.9 0.12 0.000378531
3.9 0.18 0.000406001
3.9 0.24 0.000429483
3.9 0.3 0.000448073
3.9 0.36 0.000461045
3.9 0.42 0.000467869
3.9 0.48 0.00070723
3.9 0.54 0.000737702
3.9 0.6 0.000762134
3.9 0.66 0.000779688
3.9 0.72 0.000789666
3.9 0.78 0.000791548
3.9 0.84 0.000785022
3.9 0.9 0.000770027
3.9 0.96 0.00074685
3.9 1.02 0.000716017
3.9 1.08 0.000678336
3.9 1.14 0.000634878
3.9 1.2 0.000586888
3.9 1.26 0.000535727
3.9 1.32 0.000482812
3.9 1.38 0.000429523
3.9 1.44 0.000377152
3.9 1.5 0.000326816
3.9 1.56 0.000279454
3.9 1.62 0.000235777
3.9 1.68 0.000194529
3.9 1.74 0.000159994
3.9 1.8 0.000129781
3.9 1.86 0.000103827
3.9 1.92 8.19212e-05
3.9 1.98 6.37495e-05
3.9 2.04 4.89263e-05
3.9 2.1 3.70336e-05
3.9 2.16 2.76466e-05
3.9 2.22 2.03552e-05
3.9 2.28 1.47808e-05
3.9 2.34 1.05854e-05
3.9 2.4 7.47663e-06
3.96 0.12 0.000252374
3.96 0.18 0.000270691
3.96 0.24 0.000286345
3.96 0.3 0.000298742
3.96 0.36 0.000307392
3.96 0.42 0.000311943
3.96 0.48 0.000312213
3.96 0.54 0.000308186
3.96 0.6 0.000300033
3.96 0.66 0.000524362
3.96 0.72 0.000531324
3.96 0.78 0.000532825
3.96 0.84 0.000528634
3.96 0.9 0.000518728
3.96 0.96 0.000503275
3.96 1.02 0.000482628
3.96 1.08 0.000457339
3.96 1.14 0.000428123
3.96 1.2 0.000395831
3.96 1.26 0.000361381
3.96 1.32 0.000325726
3.96 1.38 0.000289807
3.96 1.44 0.000249889
3.96 1.5 0.000217225
3.96 1.56 0.000186235
3.96 1.62 0.000157473
3.96 1.68 0.000131323
3.96 1.74 0.000108009
3.96 1.8 8.7613e-05
3.96 1.86 7.00917e-05
3.96 1.92 5.53037e-05
3.96 1.98 4.30362e-05
3.96 2.04 3.30292e-05
3.96 2.1 2.50006e-05
3.96 2.16 1.86636e-05
3.96 2.22 1.37414e-05
3.96 2.28 9.97822e-06
3.96 2.34 7.14601e-06
3.96 2.4 5.04732e-06
4.02 0.42 0.000205122
4.02 0.48 0.0002053
4.02 0.54 0.000202652
4.02 0.6 0.000197291
4.02 0.66 0.00018943
4.02 0.72 0.000179379
4.02 0.78 0.000353754
4.02 0.84 0.000351112
4.02 0.9 0.000344654
4.02 0.96 0.000334488
4.02 1.02 0.000320852
4.02 1.08 0.00030411
4.02 1.14 0.00028474
4.02 1.2 0.000253701
4.02 1.26 0.000233095
4.02 1.32 0.000211216
4.02 1.38 0.000188762
4.02 1.44 0.000166377
4.02 1.5 0.000144629
4.02 1.56 0.000123996
4.02 1.62 0.000104846
4.02 1.68 8.74349e-05
4.02 1.74 7.19129e-05
4.02 1.8 5.8333e-05
4.02 1.86 4.66671e-05
4.02 1.92 3.68214e-05
4.02 1.98 2.86536e-05
4.02 2.04 2.19909e-05
4.02 2.1 1.66454e-05
4.02 2.16 1.24263e-05
4.02 2.22 9.14903e-06
4.02 2.28 6.64353e-06
4.02 2.34 4.75783e-06
4.02 2.4 3.36051e-06
4.08 1.02 0.000197681
4.08 1.08 0.000189324
4.08 1.14 0.000178828
4.08 1.2 0.000166593
4.08 1.26 0.000153062
4.08 1.32 0.000138695
4.08 1.38 0.000123951
4.08 1.44 0.000109251
4.08 1.5 9.49711e-05
4.08 1.56 8.1422e-05
4.08 1.62 6.8847e-05
4.08 1.68 5.74141e-05
4.08 1.74 4.72215e-05
4.08 1.8 3.83042e-05
4.08 1.86 3.06441e-05
4.08 1.92 2.41788e-05
4.08 1.98 1.88153e-05
4.08 2.04 1.44404e-05
4.08 2.1 1.09302e-05
4.08 2.16 8.15972e-06
4.14 1.32 8.98229e-05
4.14 1.38 8.02736e-05
4.14 1.44 7.07536e-05
4.14 1.5 6.15057e-05
4.14 1.56 5.27314e-05
4.14 1.62 4.45872e-05
4.14 1.68 3.71827e-05
4.14 1.74 3.05817e-05
4.14 1.8 2.48067e-05
4.14 1.86 1.9846e-05
