3231 0.06 0.06 0.0667898 -12 -12
-2.7 -1.5 1.42475e-06
-2.7 -1.44 1.50075e-06
-2.7 -1.38 1.5591e-06
-2.64 -1.62 2.0192e-06
-2.64 -1.56 2.18662e-06
-2.64 -1.5 2.33535e-06
-2.64 -1.44 2.45995e-06
-2.64 -1.38 2.55556e-06
-2.64 -1.32 2.61837e-06
-2.64 -1.26 2.64588e-06
-2.58 -1.68 2.97287e-06
-2.58 -1.62 3.26421e-06
-2.58 -1.56 3.53488e-06
-2.58 -1.5 3.77532e-06
-2.58 -1.44 3.97674e-06
-2.58 -1.38 4.13127e-06
-2.58 -1.32 4.23285e-06
-2.58 -1.26 4.27731e-06
-2.58 -1.2 4.26281e-06
-2.58 -1.14 4.19e-06
-2.52 -1.74 4.25748e-06
-2.52 -1.68 4.7399e-06
-2.52 -1.62 5.20438e-06
-2.52 -1.56 5.63591e-06
-2.52 -1.5 6.01926e-06
-2.52 -1.44 6.34041e-06
-2.52 -1.38 6.58684e-06
-2.52 -1.32 6.74875e-06
-2.52 -1.26 6.81959e-06
-2.52 -1.2 6.79653e-06
-2.52 -1.14 6.68043e-06
-2.52 -1.08 6.47603e-06
-2.46 -1.8 5.9307e-06
-2.46 -1.74 6.69475e-06
-2.46 -1.68 7.45324e-06
-2.46 -1.62 8.18366e-06
-2.46 -1.56 8.86226e-06
-2.46 -1.5 9.46504e-06
-2.46 -1.44 9.97003e-06
-2.46 -1.38 1.03575e-05
-2.46 -1.32 1.06122e-05
-2.46 -1.26 1.07236e-05
-2.46 -1.2 1.06873e-05
-2.46 -1.14 1.05047e-05
-2.46 -1.08 1.01834e-05
-2.46 -1.02 9.73605e-06
-2.46 -0.96 9.1805e-06
-2.4 -1.86 8.03596e-06
-2.4 -1.8 9.19764e-06
-2.4 -1.74 1.03824e-05
-2.4 -1.68 1.15588e-05
-2.4 -1.62 1.26917e-05
-2.4 -1.56 1.3744e-05
-2.4 -1.5 1.46789e-05
-2.4 -1.44 1.5462e-05
-2.4 -1.38 1.6063e-05
-2.4 -1.32 1.64578e-05
-2.4 -1.26 1.66307e-05
-2.4 -1.2 1.65743e-05
-2.4 -1.14 1.62913e-05
-2.4 -1.08 1.57928e-05
-2.4 -1.02 1.50989e-05
-2.4 -0.96 1.42375e-05
-2.4 -0.9 1.32404e-05
-2.34 -1.92 1.06238e-05
-2.34 -1.86 1.23364e-05
-2.34 -1.8 1.41302e-05
-2.34 -1.74 1.59645e-05
-2.34 -1.68 1.77923e-05
-2.34 -1.62 1.95607e-05
-2.34 -1.56 2.12143e-05
-2.34 -1.5 2.26985e-05
-2.34 -1.44 2.3961e-05
-2.34 -1.38 2.49567e-05
-2.34 -1.32 2.56492e-05
-2.34 -1.26 2.60139e-05
-2.34 -1.2 2.53511e-05
-2.34 -1.14 2.49179e-05
-2.34 -1.08 2.41551e-05
-2.34 -1.02 2.30945e-05
-2.34 -0.96 2.17767e-05
-2.34 -0.9 2.02518e-05
-2.34 -0.84 1.85746e-05
-2.28 -1.98 1.36177e-05
-2.28 -1.92 1.60332e-05
-2.28 -1.86 1.86195e-05
-2.28 -1.8 2.1329e-05
-2.28 -1.74 2.41008e-05
-2.28 -1.68 2.68639e-05
-2.28 -1.62 2.95388e-05
-2.28 -1.56 3.20432e-05
-2.28 -1.5 3.42933e-05
-2.28 -1.44 3.62119e-05
-2.28 -1.38 3.77299e-05
-2.28 -1.32 3.8793e-05
-2.28 -1.26 3.93641e-05
-2.28 -1.2 3.94261e-05
-2.28 -1.14 3.89813e-05
-2.28 -1.08 3.80535e-05
-2.28 -1.02 3.66836e-05
-2.28 -0.96 3.49283e-05
-2.28 -0.9 3.055e-05
-2.28 -0.84 2.80202e-05
-2.28 -0.78 2.53465e-05
-2.22 -2.04 1.69789e-05
-2.22 -1.98 2.02685e-05
-2.22 -1.92 2.38653e-05
-2.22 -1.86 2.77179e-05
-2.22 -1.8 3.17551e-05
-2.22 -1.74 3.58868e-05
-2.22 -1.68 4.00081e-05
-2.22 -1.62 4.40012e-05
-2.22 -1.56 4.77426e-05
-2.22 -1.5 5.11101e-05
-2.22 -1.44 5.39872e-05
-2.22 -1.38 5.62737e-05
-2.22 -1.32 5.78872e-05
-2.22 -1.26 5.87724e-05
-2.22 -1.2 5.89042e-05
-2.22 -1.14 5.82848e-05
-2.22 -1.08 5.69486e-05
-2.22 -1.02 5.49566e-05
-2.22 -0.96 5.23911e-05
-2.22 -0.9 4.93513e-05
-2.22 -0.84 4.59474e-05
-2.22 -0.78 4.22929e-05
-2.22 -0.72 3.36431e-05
-2.22 -0.66 2.96021e-05
-2.16 -2.04 2.49233e-05
-2.16 -1.98 2.97543e-05
-2.16 -1.92 3.50382e-05
-2.16 -1.86 4.06988e-05
-2.16 -1.8 4.66331e-05
-2.16 -1.74 5.2709e-05
-2.16 -1.68 5.87733e-05
-2.16 -1.62 6.46536e-05
-2.16 -1.56 7.01711e-05
-2.16 -1.5 7.51441e-05
-2.16 -1.44 7.94059e-05
-2.16 -1.38 8.28059e-05
-2.16 -1.32 8.52254e-05
-2.16 -1.26 8.65838e-05
-2.16 -1.2 8.68423e-05
-2.16 -1.14 8.60047e-05
-2.16 -1.08 8.41185e-05
-2.16 -1.02 8.12712e-05
-2.16 -0.96 7.75816e-05
-2.16 -0.9 7.3193e-05
-2.16 -0.84 6.82637e-05
-2.16 -0.78 6.29571e-05
-2.16 -0.72 5.74328e-05
-2.16 -0.66 5.1839e-05
-2.1 -2.1 2.98108e-05
-2.1 -2.04 3.6084e-05
-2.1 -1.98 4.30825e-05
-2.1 -1.92 5.07382e-05
-2.1 -1.86 5.89429e-05
-2.1 -1.8 6.75477e-05
-2.1 -1.74 7.63627e-05
-2.1 -1.68 8.51669e-05
-2.1 -1.62 9.3713e-05
-2.1 -1.56 0.000101741
-2.1 -1.5 0.000108993
-2.1 -1.44 0.000115223
-2.1 -1.38 0.000120218
-2.1 -1.32 0.000123806
-2.1 -1.26 0.000125871
-2.1 -1.2 0.000126351
-2.1 -1.14 0.000125254
-2.1 -1.08 0.000122646
-2.1 -1.02 0.000118648
-2.1 -0.96 0.000113429
-2.1 -0.9 0.000107194
-2.1 -0.84 0.000100165
-2.1 -0.78 9.25731e-05
-2.1 -0.72 8.4646e-05
-2.1 -0.66 7.65947e-05
-2.1 -0.6 6.8607e-05
-2.1 -0.54 3.90172e-05
-2.04 -2.16 3.46832e-05
-2.04 -2.1 4.25658e-05
-2.04 -2.04 5.15278e-05
-2.04 -1.98 6.15275e-05
-2.04 -1.92 7.24696e-05
-2.04 -1.86 8.42012e-05
-2.04 -1.8 9.65091e-05
-2.04 -1.74 0.000109128
-2.04 -1.68 0.000121739
-2.04 -1.62 0.000133995
-2.04 -1.56 0.000145524
-2.04 -1.5 0.000155962
-2.04 -1.44 0.000164958
-2.04 -1.38 0.000172209
-2.04 -1.32 0.000177473
-2.04 -1.26 0.000180576
-2.04 -1.2 0.000181435
-2.04 -1.14 0.000180055
-2.04 -1.08 0.000176525
-2.04 -1.02 0.000171018
-2.04 -0.96 0.000163763
-2.04 -0.9 0.000155046
-2.04 -0.84 0.000145175
-2.04 -0.78 0.000134476
-2.04 -0.72 0.000123264
-2.04 -0.66 0.000111836
-2.04 -0.6 0.000100454
-2.04 -0.54 8.93464e-05
-2.04 -0.48 5.5045e-05
-2.04 -0.42 5.02038e-05
-1.98 -2.16 4.88416e-05
-1.98 -2.1 5.99465e-05
-1.98 -2.04 7.25751e-05
-1.98 -1.98 8.66698e-05
-1.98 -1.92 0.000102097
-1.98 -1.86 0.000118644
-1.98 -1.8 0.000136015
-1.98 -1.74 0.000153833
-1.98 -1.68 0.000171662
-1.98 -1.62 0.000189006
-1.98 -1.56 0.00020535
-1.98 -1.5 0.000220182
-1.98 -1.44 0.000233012
-1.98 -1.38 0.000243417
-1.98 -1.32 0.000251047
-1.98 -1.26 0.000255665
-1.98 -1.2 0.000257151
-1.98 -1.14 0.000255502
-1.98 -1.08 0.000250839
-1.98 -1.02 0.000243397
-1.98 -0.96 0.000233488
-1.98 -0.9 0.0002215
-1.98 -0.84 0.000207855
-1.98 -0.78 0.000193002
-1.98 -0.72 0.000177372
-1.98 -0.66 0.000161372
-1.98 -0.6 0.000145371
-1.98 -0.54 0.000129684
-1.98 -0.48 0.000114574
-1.98 -0.42 7.55362e-05
-1.98 -0.36 6.7946e-05
-1.98 -0.3 6.02785e-05
-1.92 -2.22 5.45126e-05
-1.92 -2.16 6.78379e-05
-1.92 -2.1 8.32701e-05
-1.92 -2.04 0.000100823
-1.92 -1.98 0.000120419
-1.92 -1.92 0.000141876
-1.92 -1.86 0.000164903
-1.92 -1.8 0.000189088
-1.92 -1.74 0.000213918
-1.92 -1.68 0.000238783
-1.92 -1.62 0.000263011
-1.92 -1.56 0.000285884
-1.92 -1.5 0.000306697
-1.92 -1.44 0.00032477
-1.92 -1.38 0.000339519
-1.92 -1.32 0.000350466
-1.92 -1.26 0.000357271
-1.92 -1.2 0.000359761
-1.92 -1.14 0.000357933
-1.92 -1.08 0.000351939
-1.92 -1.02 0.000342086
-1.92 -0.96 0.000328794
-1.92 -0.9 0.000312583
-1.92 -0.84 0.00029402
-1.92 -0.78 0.000273708
-1.92 -0.72 0.000252227
-1.92 -0.66 0.000230135
-1.92 -0.6 0.00020793
-1.92 -0.54 0.000186055
-1.92 -0.48 0.000164878
-1.92 -0.42 0.000144695
-1.92 -0.36 0.000100825
-1.92 -0.3 8.94477e-05
-1.92 -0.24 7.82632e-05
-1.86 -2.28 5.91817e-05
-1.86 -2.22 7.46729e-05
-1.86 -2.16 9.29337e-05
-1.86 -2.1 0.000114087
-1.86 -2.04 0.000138153
-1.86 -1.98 0.000165031
-1.86 -1.92 0.000194473
-1.86 -1.86 0.000226082
-1.86 -1.8 0.000259309
-1.86 -1.74 0.000293446
-1.86 -1.68 0.000327678
-1.86 -1.62 0.000361079
-1.86 -1.56 0.000392679
-1.86 -1.5 0.000421519
-1.86 -1.44 0.000446675
-1.86 -1.38 0.000467345
-1.86 -1.32 0.000482874
-1.86 -1.26 0.000492802
-1.86 -1.2 0.000496876
-1.86 -1.14 0.000495078
-1.86 -1.08 0.000487599
-1.86 -1.02 0.00047484
-1.86 -0.96 0.000457344
-1.86 -0.9 0.000435798
-1.86 -0.84 0.000410945
-1.86 -0.78 0.000383581
-1.86 -0.72 0.000354481
-1.86 -0.66 0.000324384
-1.86 -0.6 0.000293973
-1.86 -0.54 0.000263846
-1.86 -0.48 0.000234518
-1.86 -0.42 0.000206413
-1.86 -0.36 0.000179876
-1.86 -0.3 0.000130907
-1.86 -0.24 0.000114539
-1.86 -0.18 9.88386e-05
-1.86 -0.12 8.4119e-05
-1.8 -2.28 7.99527e-05
-1.8 -2.22 0.000100888
-1.8 -2.16 0.000125572
-1.8 -2.1 0.000154174
-1.8 -2.04 0.000186722
-1.8 -1.98 0.000223087
-1.8 -1.92 0.000262943
-1.8 -1.86 0.000305757
-1.8 -1.8 0.000350794
-1.8 -1.74 0.000397116
-1.8 -1.68 0.00044362
-1.8 -1.62 0.00048907
-1.8 -1.56 0.000532182
-1.8 -1.5 0.000571648
-1.8 -1.44 0.000606249
-1.8 -1.38 0.000634889
-1.8 -1.32 0.000656688
-1.8 -1.26 0.000671013
-1.8 -1.2 0.000677527
-1.8 -1.14 0.000676164
-1.8 -1.08 0.000667172
-1.8 -1.02 0.000651035
-1.8 -0.96 0.000628456
-1.8 -0.9 0.000600316
-1.8 -0.84 0.000567576
-1.8 -0.78 0.00053126
-1.8 -0.72 0.000492391
-1.8 -0.66 0.00045194
-1.8 -0.6 0.000410817
-1.8 -0.54 0.000369831
-1.8 -0.48 0.000329694
-1.8 -0.42 0.000291009
-1.8 -0.36 0.000254282
-1.8 -0.3 0.000188951
-1.8 -0.24 0.000165323
-1.8 -0.18 0.000142663
-1.8 -0.12 0.000121416
-1.8 -0.06 0.000101913
-1.74 -2.34 8.32686e-05
-1.74 -2.28 0.000106534
-1.74 -2.22 0.000134443
-1.74 -2.16 0.000167356
-1.74 -2.1 0.000205502
-1.74 -2.04 0.00024893
-1.74 -1.98 0.000297465
-1.74 -1.92 0.000350692
-1.74 -1.86 0.00040791
-1.74 -1.8 0.000468144
-1.74 -1.74 0.000530172
-1.74 -1.68 0.000592527
-1.74 -1.62 0.000653599
-1.74 -1.56 0.000711674
-1.74 -1.5 0.000765031
-1.74 -1.44 0.000812051
-1.74 -1.38 0.000851296
-1.74 -1.32 0.000881581
-1.74 -1.26 0.000902046
-1.74 -1.2 0.000912224
-1.74 -1.14 0.000911995
-1.74 -1.08 0.000901645
-1.74 -1.02 0.000881755
-1.74 -0.96 0.000853227
-1.74 -0.9 0.000817124
-1.74 -0.84 0.000774695
-1.74 -0.78 0.000727228
-1.74 -0.72 0.000676037
-1.74 -0.66 0.000622385
-1.74 -0.6 0.000567466
-1.74 -0.54 0.000512371
-1.74 -0.48 0.000458078
-1.74 -0.42 0.000405443
-1.74 -0.36 0.000355182
-1.74 -0.3 0.000307887
-1.74 -0.24 0.000235348
-1.74 -0.18 0.000203088
-1.74 -0.12 0.000172841
-1.74 -0.06 0.000145078
-1.74 9.71445e-15 0.000120101
-1.68 -2.34 0.000109425
-1.68 -2.28 0.000140012
-1.68 -2.22 0.00017671
-1.68 -2.16 0.000219999
-1.68 -2.1 0.000270188
-1.68 -2.04 0.000327344
-1.68 -1.98 0.000391258
-1.68 -1.92 0.000461389
-1.68 -1.86 0.000536835
-1.68 -1.8 0.000616337
-1.68 -1.74 0.000698313
-1.68 -1.68 0.000780859
-1.68 -1.62 0.000861868
-1.68 -1.56 0.000939127
-1.68 -1.5 0.0010104
-1.68 -1.44 0.00107356
-1.68 -1.38 0.00112673
-1.68 -1.32 0.00116836
-1.68 -1.26 0.00119729
-1.68 -1.2 0.00121286
-1.68 -1.14 0.00121489
-1.68 -1.08 0.00120366
-1.68 -1.02 0.00117988
-1.68 -0.96 0.00114459
-1.68 -0.9 0.00109915
-1.68 -0.84 0.00104505
-1.68 -0.78 0.000983921
-1.68 -0.72 0.000917429
-1.68 -0.66 0.000847188
-1.68 -0.6 0.000774747
-1.68 -0.54 0.000701569
-1.68 -0.48 0.00062898
-1.68 -0.42 0.000558165
-1.68 -0.36 0.000490163
-1.68 -0.3 0.000425836
-1.68 -0.24 0.000330423
-1.68 -0.18 0.000285134
-1.68 -0.12 0.000242669
-1.68 -0.06 0.00020369
-1.68 9.71445e-15 0.000168621
-1.68 0.06 0.000137671
-1.62 -2.34 0.000141831
-1.62 -2.28 0.000181494
-1.62 -2.22 0.000229094
-1.62 -2.16 0.00028526
-1.62 -2.1 0.000350395
-1.62 -2.04 0.000424612
-1.62 -1.98 0.000507643
-1.62 -1.92 0.000598816
-1.62 -1.86 0.000696986
-1.62 -1.8 0.000800547
-1.62 -1.74 0.000907474
-1.62 -1.68 0.00101534
-1.62 -1.62 0.00112146
-1.62 -1.56 0.00122299
-1.62 -1.5 0.00131705
-1.62 -1.44 0.00140093
-1.62 -1.38 0.00147219
-1.62 -1.32 0.0015288
-1.62 -1.26 0.00156924
-1.62 -1.2 0.00159262
-1.62 -1.14 0.00159859
-1.62 -1.08 0.00158744
-1.62 -1.02 0.00155993
-1.62 -0.96 0.00151734
-1.62 -0.9 0.0014612
-1.62 -0.84 0.00139337
-1.62 -0.78 0.00131584
-1.62 -0.72 0.00123065
-1.62 -0.66 0.00113985
-1.62 -0.6 0.00104545
-1.62 -0.54 0.000949372
-1.62 -0.48 0.000853409
-1.62 -0.42 0.000759214
-1.62 -0.36 0.000668231
-1.62 -0.3 0.00058175
-1.62 -0.24 0.000500786
-1.62 -0.18 0.000394816
-1.62 -0.12 0.000336018
-1.62 -0.06 0.000282045
-1.62 9.71445e-15 0.000233487
-1.62 0.06 0.000190631
-1.62 0.12 0.000153502
-1.56 -2.4 0.000139754
-1.56 -2.34 0.00018132
-1.56 -2.28 0.000232055
-1.56 -2.22 0.000292957
-1.56 -2.16 0.00036484
-1.56 -2.1 0.00044824
-1.56 -2.04 0.000543307
-1.56 -1.98 0.000649741
-1.56 -1.92 0.000766696
-1.56 -1.86 0.000892743
-1.56 -1.8 0.00102589
-1.56 -1.74 0.00116357
-1.56 -1.68 0.00130275
-1.56 -1.62 0.00144002
-1.56 -1.56 0.00157183
-1.56 -1.5 0.00169451
-1.56 -1.44 0.00180465
-1.56 -1.38 0.00189909
-1.56 -1.32 0.00197525
-1.56 -1.26 0.00203117
-1.56 -1.2 0.0020656
-1.56 -1.14 0.00207797
-1.56 -1.08 0.00206851
-1.56 -1.02 0.00203801
-1.56 -0.96 0.00198787
-1.56 -0.9 0.00191991
-1.56 -0.84 0.00183629
-1.56 -0.78 0.00173936
-1.56 -0.72 0.00163167
-1.56 -0.66 0.00151577
-1.56 -0.6 0.00139422
-1.56 -0.54 0.00126953
-1.56 -0.48 0.0011441
-1.56 -0.42 0.00102019
-1.56 -0.36 0.000899862
-1.56 -0.3 0.000784893
-1.56 -0.24 0.000676808
-1.56 -0.18 0.000576802
-1.56 -0.12 0.000458886
-1.56 -0.06 0.000385175
-1.56 9.71445e-15 0.00031886
-1.56 0.06 0.000260337
-1.56 0.12 0.000209632
-1.56 0.18 0.00016648
-1.5 -2.4 0.000176203
-1.5 -2.34 0.000228638
-1.5 -2.28 0.000292649
-1.5 -2.22 0.000369516
-1.5 -2.16 0.000460274
-1.5 -2.1 0.000565621
-1.5 -2.04 0.000685771
-1.5 -1.98 0.000820383
-1.5 -1.92 0.000968419
-1.5 -1.86 0.00112814
-1.5 -1.8 0.0012971
-1.5 -1.74 0.00147211
-1.5 -1.68 0.00164944
-1.5 -1.62 0.00182487
-1.5 -1.56 0.00199391
-1.5 -1.5 0.00215209
-1.5 -1.44 0.00229505
-1.5 -1.38 0.00241888
-1.5 -1.32 0.00252031
-1.5 -1.26 0.00259676
-1.5 -1.2 0.00264649
-1.5 -1.14 0.00266868
-1.5 -1.08 0.00266335
-1.5 -1.02 0.00263129
-1.5 -0.96 0.00257393
-1.5 -0.9 0.00249338
-1.5 -0.84 0.00239199
-1.5 -0.78 0.00227263
-1.5 -0.72 0.0021383
-1.5 -0.66 0.00199215
-1.5 -0.6 0.00183744
-1.5 -0.54 0.00167744
-1.5 -0.48 0.00151534
-1.5 -0.42 0.00135417
-1.5 -0.36 0.00119681
-1.5 -0.3 0.00104574
-1.5 -0.24 0.000903153
-1.5 -0.18 0.000770747
-1.5 -0.12 0.000618062
-1.5 -0.06 0.000518785
-1.5 9.71445e-15 0.000429466
-1.5 0.06 0.000350638
-1.5 0.12 0.000282349
-1.5 0.18 0.000224231
-1.5 0.24 0.000175629
-1.44 -2.46 0.000166557
-1.44 -2.4 0.000219123
-1.44 -2.34 0.000284366
-1.44 -2.28 0.000364038
-1.44 -2.22 0.000459736
-1.44 -2.16 0.000572781
-1.44 -2.1 0.000704062
-1.44 -2.04 0.000853889
-1.44 -1.98 0.00102187
-1.44 -1.92 0.00120679
-1.44 -1.86 0.00140657
-1.44 -1.8 0.0016182
-1.44 -1.74 0.00183788
-1.44 -1.68 0.00206098
-1.44 -1.62 0.0022824
-1.44 -1.56 0.00249665
-1.44 -1.5 0.00269824
-1.44 -1.44 0.00288176
-1.44 -1.38 0.00304241
-1.44 -1.32 0.00317604
-1.44 -1.26 0.00327929
-1.44 -1.2 0.00334986
-1.44 -1.14 0.00338648
-1.44 -1.08 0.00338884
-1.44 -1.02 0.00335761
-1.44 -0.96 0.00329416
-1.44 -0.9 0.00320069
-1.44 -0.84 0.00307989
-1.44 -0.78 0.002935
-1.44 -0.72 0.00276956
-1.44 -0.66 0.00258749
-1.44 -0.6 0.00239283
-1.44 -0.54 0.00218981
-1.44 -0.48 0.00198265
-1.44 -0.42 0.00177539
-1.44 -0.36 0.00157191
-1.44 -0.3 0.00137573
-1.44 -0.24 0.00118982
-1.44 -0.18 0.00101665
-1.44 -0.12 0.000858021
-1.44 -0.06 0.000689141
-1.44 9.71445e-15 0.000570494
-1.44 0.06 0.000465779
-1.44 0.12 0.000375061
-1.44 0.18 0.000297862
-1.44 0.24 0.000233299
-1.44 0.3 0.000180219
-1.38 -2.46 0.000204275
-1.38 -2.4 0.000268777
-1.38 -2.34 0.000348855
-1.38 -2.28 0.000446673
-1.38 -2.22 0.000564218
-1.38 -2.16 0.000703126
-1.38 -2.1 0.000864535
-1.38 -2.04 0.00104888
-1.38 -1.98 0.00125575
-1.38 -1.92 0.00148374
-1.38 -1.86 0.00173035
-1.38 -1.8 0.00199209
-1.38 -1.74 0.00226431
-1.38 -1.68 0.0025416
-1.38 -1.62 0.00281772
-1.38 -1.56 0.00308607
-1.38 -1.5 0.00334007
-1.38 -1.44 0.0035731
-1.38 -1.38 0.00377927
-1.38 -1.32 0.00395334
-1.38 -1.26 0.00409112
-1.38 -1.2 0.00418952
-1.38 -1.14 0.00424657
-1.38 -1.08 0.00426145
-1.38 -1.02 0.00423459
-1.38 -0.96 0.00416709
-1.38 -0.9 0.00406115
-1.38 -0.84 0.00391967
-1.38 -0.78 0.00374629
-1.38 -0.72 0.00354515
-1.38 -0.66 0.00332096
-1.38 -0.6 0.00307882
-1.38 -0.54 0.00282406
-1.38 -0.48 0.00256224
-1.38 -0.42 0.00229872
-1.38 -0.36 0.00203866
-1.38 -0.3 0.00178683
-1.38 -0.24 0.00154735
-1.38 -0.18 0.00132362
-1.38 -0.12 0.00111817
-1.38 -0.06 0.00090285
-1.38 9.71445e-15 0.00074741
-1.38 0.06 0.000610223
-1.38 0.12 0.00049137
-1.38 0.18 0.000390231
-1.38 0.24 0.000305648
-1.38 0.3 0.000236106
-1.38 0.36 0.00017988
-1.32 -2.46 0.000247111
-1.32 -2.4 0.000325186
-1.32 -2.34 0.00042214
-1.32 -2.28 0.000540617
-1.32 -2.22 0.000683039
-1.32 -2.16 0.00085144
-1.32 -2.1 0.00104726
-1.32 -2.04 0.00127107
-1.32 -1.98 0.00152248
-1.32 -1.92 0.0017999
-1.32 -1.86 0.00210047
-1.32 -1.8 0.00242001
-1.32 -1.74 0.00275323
-1.32 -1.68 0.0030936
-1.32 -1.62 0.00343382
-1.32 -1.56 0.00376612
-1.32 -1.5 0.00408253
-1.32 -1.44 0.00437517
-1.32 -1.38 0.00463684
-1.32 -1.32 0.00486119
-1.32 -1.26 0.00504279
-1.32 -1.2 0.00517754
-1.32 -1.14 0.00526259
-1.32 -1.08 0.00529644
-1.32 -1.02 0.0052788
-1.32 -0.96 0.00521041
-1.32 -0.9 0.00509334
-1.32 -0.84 0.00493054
-1.32 -0.78 0.00472592
-1.32 -0.72 0.00448438
-1.32 -0.66 0.00421154
-1.32 -0.6 0.00391365
-1.32 -0.54 0.00359754
-1.32 -0.48 0.00327032
-1.32 -0.42 0.00293901
-1.32 -0.36 0.0026105
-1.32 -0.3 0.00229107
-1.32 -0.24 0.00198631
-1.32 -0.18 0.00170081
-1.32 -0.12 0.00143805
-1.32 -0.06 0.00116657
-1.32 9.71445e-15 0.000965727
-1.32 0.06 0.000788467
-1.32 0.12 0.000634902
-1.32 0.18 0.000504216
-1.32 0.24 0.000394928
-1.32 0.3 0.000305073
-1.32 0.36 0.000232423
-1.26 -2.46 0.000294853
-1.26 -2.4 0.00038807
-1.26 -2.34 0.000503874
-1.26 -2.28 0.000645428
-1.26 -2.22 0.000815686
-1.26 -2.16 0.00101712
-1.26 -2.1 0.00125152
-1.26 -2.04 0.00151967
-1.26 -1.98 0.00182123
-1.26 -1.92 0.00215443
-1.26 -1.86 0.00251606
-1.26 -1.8 0.00290137
-1.26 -1.74 0.00330416
-1.26 -1.68 0.00371694
-1.26 -1.62 0.00413127
-1.26 -1.56 0.00453801
-1.26 -1.5 0.00492776
-1.26 -1.44 0.00529129
-1.26 -1.38 0.00561983
-1.26 -1.32 0.00590559
-1.26 -1.26 0.00614193
-1.26 -1.2 0.00632325
-1.26 -1.14 0.00644564
-1.26 -1.08 0.00650643
-1.26 -1.02 0.00650438
-1.26 -0.96 0.00643961
-1.26 -0.9 0.00631376
-1.26 -0.84 0.00612972
-1.26 -0.78 0.00589161
-1.26 -0.72 0.00560498
-1.26 -0.66 0.00527664
-1.26 -0.6 0.00491425
-1.26 -0.54 0.00452634
-1.26 -0.48 0.00412195
-1.26 -0.42 0.00371019
-1.26 -0.36 0.00330004
-1.26 -0.3 0.00289974
-1.26 -0.24 0.00251661
-1.26 -0.18 0.00215682
-1.26 -0.12 0.00182501
-1.26 -0.06 0.0015244
-1.26 9.71445e-15 0.00123066
-1.26 0.06 0.00100478
-1.26 0.12 0.00080908
-1.26 0.18 0.00064254
-1.26 0.24 0.000503272
-1.26 0.3 0.000388769
-1.26 0.36 0.000296185
-1.26 0.42 0.000222552
-1.2 -2.52 0.00026005
-1.2 -2.46 0.000347019
-1.2 -2.4 0.000456814
-1.2 -2.34 0.000593255
-1.2 -2.28 0.000760115
-1.2 -2.22 0.000960921
-1.2 -2.16 0.00119867
-1.2 -2.1 0.00147553
-1.2 -2.04 0.0017926
-1.2 -1.98 0.00214959
-1.2 -1.92 0.00254469
-1.2 -1.86 0.00297428
-1.2 -1.8 0.0034331
-1.2 -1.74 0.00391405
-1.2 -1.68 0.00440873
-1.2 -1.62 0.00490743
-1.2 -1.56 0.00539963
-1.2 -1.5 0.0058744
-1.2 -1.44 0.00632101
-1.2 -1.38 0.00672906
-1.2 -1.32 0.00708897
-1.2 -1.26 0.00739243
-1.2 -1.2 0.00763232
-1.2 -1.14 0.00780303
-1.2 -1.08 0.00790038
-1.2 -1.02 0.00792183
-1.2 -0.96 0.00786666
-1.2 -0.9 0.00773544
-1.2 -0.84 0.00753105
-1.2 -0.78 0.00725775
-1.2 -0.72 0.00692172
-1.2 -0.66 0.00653094
-1.2 -0.6 0.00609486
-1.2 -0.54 0.00562407
-1.2 -0.48 0.00512991
-1.2 -0.42 0.00462412
-1.2 -0.36 0.00411802
-1.2 -0.3 0.00362247
-1.2 -0.24 0.00314679
-1.2 -0.18 0.00269902
-1.2 -0.12 0.00228535
-1.2 -0.06 0.00191003
-1.2 9.71445e-15 0.00154672
-1.2 0.06 0.00126283
-1.2 0.12 0.00101687
-1.2 0.18 0.000807567
-1.2 0.24 0.000632518
-1.2 0.3 0.000488615
-1.2 0.36 0.000372256
-1.2 0.42 0.000279709
-1.2 0.48 0.000207283
-1.14 -2.52 0.00030184
-1.14 -2.46 0.000402851
-1.14 -2.4 0.00053042
-1.14 -2.34 0.000689014
-1.14 -2.28 0.000883074
-1.14 -2.22 0.00111676
-1.14 -2.16 0.00139362
-1.14 -2.1 0.00171635
-1.14 -2.04 0.00208637
-1.14 -1.98 0.00250359
-1.14 -1.92 0.00296608
-1.14 -1.86 0.00347
-1.14 -1.8 0.0040096
-1.14 -1.74 0.00457702
-1.14 -1.68 0.00516289
-1.14 -1.62 0.0057562
-1.14 -1.56 0.00634503
-1.14 -1.5 0.00691712
-1.14 -1.44 0.00745972
-1.14 -1.38 0.00796077
-1.14 -1.32 0.0084088
-1.14 -1.26 0.00879334
-1.14 -1.2 0.00910527
-1.14 -1.14 0.00933687
-1.14 -1.08 0.00948201
-1.14 -1.02 0.00953666
-1.14 -0.96 0.00949808
-1.14 -0.9 0.0093664
-1.14 -0.84 0.00914329
-1.14 -0.78 0.0088337
-1.14 -0.72 0.0084443
-1.14 -0.66 0.00798435
-1.14 -0.6 0.00746533
-1.14 -0.54 0.00690024
-1.14 -0.48 0.00630336
-1.14 -0.42 0.00568918
-1.14 -0.36 0.0050723
-1.14 -0.3 0.00446616
-1.14 -0.24 0.00388299
-1.14 -0.18 0.00333285
-1.14 -0.12 0.00282372
-1.14 -0.06 0.00236121
-1.14 9.71445e-15 0.00191723
-1.14 0.06 0.00156533
-1.14 0.12 0.00126046
-1.14 0.18 0.00100101
-1.14 0.24 0.000784042
-1.14 0.3 0.000605655
-1.14 0.36 0.00046143
-1.14 0.42 0.000346714
-1.14 0.48 0.000256936
-1.08 -2.52 0.000345569
-1.08 -2.46 0.00046131
-1.08 -2.4 0.000607534
-1.08 -2.34 0.000789406
-1.08 -2.28 0.00101207
-1.08 -2.22 0.00128038
-1.08 -2.16 0.00159858
-1.08 -2.1 0.00196985
-1.08 -2.04 0.00239608
-1.08 -1.98 0.00287739
-1.08 -1.92 0.003412
-1.08 -1.86 0.00399584
-1.08 -1.8 0.00462274
-1.08 -1.74 0.00528416
-1.08 -1.68 0.00596985
-1.08 -1.62 0.00666767
-1.08 -1.56 0.00736442
-1.08 -1.5 0.0080459
-1.08 -1.44 0.00869802
-1.08 -1.38 0.00930632
-1.08 -1.32 0.00985714
-1.08 -1.26 0.0103378
-1.08 -1.2 0.0107365
-1.08 -1.14 0.0110431
-1.08 -1.08 0.0112488
-1.08 -1.02 0.0113472
-1.08 -0.96 0.011334
-1.08 -0.9 0.0112073
-1.08 -0.84 0.0109687
-1.08 -0.78 0.0106223
-1.08 -0.72 0.010176
-1.08 -0.66 0.00964051
-1.08 -0.6 0.00902955
-1.08 -0.54 0.00835892
-1.08 -0.48 0.00764602
-1.08 -0.42 0.0069092
-1.08 -0.36 0.00616624
-1.08 -0.3 0.00543413
-1.08 -0.24 0.00472803
-1.08 -0.18 0.00406073
-1.08 -0.12 0.00344228
-1.08 -0.06 0.00287974
-1.08 9.71445e-15 0.00237731
-1.08 0.06 0.00191365
-1.08 0.12 0.00154093
-1.08 0.18 0.00122374
-1.08 0.24 0.000958499
-1.08 0.3 0.000740423
-1.08 0.36 0.000564102
-1.08 0.42 0.000423862
-1.08 0.48 0.000314109
-1.08 0.54 0.000229576
-1.02 -2.52 0.000390256
-1.02 -2.46 0.000521075
-1.02 -2.4 0.000686422
-1.02 -2.34 0.000892197
-1.02 -2.28 0.00114428
-1.02 -2.22 0.00144831
-1.02 -2.16 0.00180916
-1.02 -2.1 0.00223075
-1.02 -2.04 0.00271539
-1.02 -1.98 0.00326367
-1.02 -1.92 0.00387386
-1.02 -1.86 0.00454195
-1.02 -1.8 0.00526148
-1.02 -1.74 0.00602343
-1.02 -1.68 0.00681674
-1.02 -1.62 0.00762822
-1.02 -1.56 0.00844331
-1.02 -1.5 0.00924643
-1.02 -1.44 0.0100212
-1.02 -1.38 0.0107511
-1.02 -1.32 0.0114201
-1.02 -1.26 0.0120126
-1.02 -1.2 0.0125137
-1.02 -1.14 0.01291
-1.02 -1.08 0.01319
-1.02 -1.02 0.0133442
-1.02 -0.96 0.0133655
-1.02 -0.9 0.0132509
-1.02 -0.84 0.0130001
-1.02 -0.78 0.0126175
-1.02 -0.72 0.0121117
-1.02 -0.66 0.011495
-1.02 -0.6 0.0107835
-1.02 -0.54 0.00999666
-1.02 -0.48 0.00915536
-1.02 -0.42 0.00828168
-1.02 -0.36 0.00739785
-1.02 -0.3 0.00652455
-1.02 -0.24 0.00568056
-1.02 -0.18 0.00488156
-1.02 -0.12 0.00414009
-1.02 -0.06 0.00346491
-1.02 9.71445e-15 0.00286134
-1.02 0.06 0.00230726
-1.02 0.12 0.00185791
-1.02 0.18 0.00147548
-1.02 0.24 0.00115566
-1.02 0.3 0.000892733
-1.02 0.36 0.000680137
-1.02 0.42 0.000511048
-1.02 0.48 0.000378719
-1.02 0.54 0.000276796
-0.96 -2.52 0.000434729
-0.96 -2.46 0.000580598
-0.96 -2.4 0.000765067
-0.96 -2.34 0.000994776
-0.96 -2.28 0.00127639
-0.96 -2.22 0.00161632
-0.96 -2.16 0.00202026
-0.96 -2.1 0.00249276
-0.96 -2.04 0.00303684
-0.96 -1.98 0.00365347
-0.96 -1.92 0.00434132
-0.96 -1.86 0.00509659
-0.96 -1.8 0.00591258
-0.96 -1.74 0.00678007
-0.96 -1.68 0.00768732
-0.96 -1.62 0.00862043
-0.96 -1.56 0.0095634
-0.96 -1.5 0.0104992
-0.96 -1.44 0.0114092
-0.96 -1.38 0.0122751
-0.96 -1.32 0.0130773
-0.96 -1.26 0.0137972
-0.96 -1.2 0.0144164
-0.96 -1.14 0.014918
-0.96 -1.08 0.0152862
-0.96 -1.02 0.0155084
-0.96 -0.96 0.0155748
-0.96 -0.9 0.0154793
-0.96 -0.84 0.0152209
-0.96 -0.78 0.0148036
-0.96 -0.72 0.0142364
-0.96 -0.66 0.0135339
-0.96 -0.6 0.0127147
-0.96 -0.54 0.0118016
-0.96 -0.48 0.0108202
-0.96 -0.42 0.00979705
-0.96 -0.36 0.00875852
-0.96 -0.3 0.00772998
-0.96 -0.24 0.00673399
-0.96 -0.18 0.00578975
-0.96 -0.12 0.00491236
-0.96 -0.06 0.0041127
-0.96 9.71445e-15 0.00339731
-0.96 0.06 0.00274368
-0.96 0.12 0.00220929
-0.96 0.18 0.00175454
-0.96 0.24 0.00137424
-0.96 0.3 0.00106157
-0.96 0.36 0.000808777
-0.96 0.42 0.000607711
-0.96 0.48 0.000450353
-0.96 0.54 0.000329152
-0.96 0.6 0.000237262
-0.9 -2.52 0.000477696
-0.9 -2.46 0.00063817
-0.9 -2.4 0.00084123
-0.9 -2.34 0.00109424
-0.9 -2.28 0.0014047
-0.9 -2.22 0.0017798
-0.9 -2.16 0.00222607
-0.9 -2.1 0.00274885
-0.9 -2.04 0.0033519
-0.9 -1.98 0.0040368
-0.9 -1.92 0.00480278
-0.9 -1.86 0.00564626
-0.9 -1.8 0.00656075
-0.9 -1.74 0.007537
-0.9 -1.68 0.00856278
-0.9 -1.62 0.0096236
-0.9 -1.56 0.0107024
-0.9 -1.5 0.0117804
-0.9 -1.44 0.0128374
-0.9 -1.38 0.0138519
-0.9 -1.32 0.0148016
-0.9 -1.26 0.0156638
-0.9 -1.2 0.0164164
-0.9 -1.14 0.0170377
-0.9 -1.08 0.0175083
-0.9 -1.02 0.0178107
-0.9 -0.96 0.0179323
-0.9 -0.9 0.017864
-0.9 -0.84 0.0176031
-0.9 -0.78 0.0171532
-0.9 -0.72 0.0165242
-0.9 -0.66 0.0157322
-0.9 -0.6 0.0147994
-0.9 -0.54 0.0137523
-0.9 -0.48 0.012621
-0.9 -0.42 0.0114371
-0.9 -0.36 0.0102322
-0.9 -0.3 0.00903614
-0.9 -0.24 0.00787599
-0.9 -0.18 0.00677455
-0.9 -0.12 0.00575003
-0.9 -0.06 0.00481551
-0.9 9.71445e-15 0.00397893
-0.9 0.06 0.00321775
-0.9 0.12 0.00259102
-0.9 0.18 0.00205771
-0.9 0.24 0.00161169
-0.9 0.3 0.001245
-0.9 0.36 0.000948529
-0.9 0.42 0.000712716
-0.9 0.48 0.000528166
-0.9 0.54 0.000386025
-0.9 0.6 0.000278258
-0.84 -2.58 0.000382312
-0.84 -2.52 0.000517803
-0.84 -2.46 0.000691985
-0.84 -2.4 0.000912511
-0.84 -2.34 0.00118752
-0.84 -2.28 0.00152525
-0.84 -2.22 0.0019338
-0.84 -2.16 0.00242052
-0.84 -2.1 0.00299159
-0.84 -2.04 0.00365162
-0.84 -1.98 0.00440296
-0.84 -1.92 0.00524552
-0.84 -1.86 0.0061763
-0.84 -1.8 0.00718931
-0.84 -1.74 0.00827525
-0.84 -1.68 0.00942203
-0.84 -1.62 0.0106146
-0.84 -1.56 0.011835
-0.84 -1.5 0.0130629
-0.84 -1.44 0.014276
-0.84 -1.38 0.0154501
-0.84 -1.32 0.0165594
-0.84 -1.26 0.0175772
-0.84 -1.2 0.0184766
-0.84 -1.14 0.0192315
-0.84 -1.08 0.019817
-0.84 -1.02 0.0202114
-0.84 -0.96 0.0203979
-0.84 -0.9 0.0203645
-0.84 -0.84 0.0201067
-0.84 -0.78 0.0196273
-0.84 -0.72 0.0189368
-0.84 -0.66 0.0180537
-0.84 -0.6 0.0170034
-0.84 -0.54 0.0158167
-0.84 -0.48 0.0145283
-0.84 -0.42 0.0131755
-0.84 -0.36 0.0117949
-0.84 -0.3 0.0104219
-0.84 -0.24 0.00908799
-0.84 -0.18 0.00782005
-0.84 -0.12 0.00663965
-0.84 -0.06 0.0055621
-0.84 9.71445e-15 0.00459687
-0.84 0.06 0.00374793
-0.84 0.12 0.00299695
-0.84 0.18 0.00238009
-0.84 0.24 0.00186417
-0.84 0.3 0.00144006
-0.84 0.36 0.00109713
-0.84 0.42 0.00082437
-0.84 0.48 0.000610908
-0.84 0.54 0.000446499
-0.84 0.6 0.000321851
-0.84 0.66 0.000228811
-0.78 -2.58 0.000408687
-0.78 -2.52 0.000553695
-0.78 -2.46 0.000740217
-0.78 -2.4 0.000976556
-0.78 -2.34 0.00127151
-0.78 -2.28 0.00163415
-0.78 -2.22 0.00207335
-0.78 -2.16 0.00259737
-0.78 -2.1 0.00321332
-0.78 -2.04 0.00392674
-0.78 -1.98 0.00474089
-0.78 -1.92 0.0056566
-0.78 -1.86 0.00667167
-0.78 -1.8 0.00778068
-0.78 -1.74 0.00897504
-0.78 -1.68 0.0102426
-0.78 -1.62 0.0115681
-0.78 -1.56 0.0129331
-0.78 -1.5 0.0143157
-0.78 -1.44 0.0156914
-0.78 -1.38 0.0170334
-0.78 -1.32 0.0183119
-0.78 -1.26 0.0194958
-0.78 -1.2 0.0205532
-0.78 -1.14 0.0214525
-0.78 -1.08 0.0221639
-0.78 -1.02 0.0226603
-0.78 -0.96 0.0229206
-0.78 -0.9 0.0229294
-0.78 -0.84 0.0226802
-0.78 -0.78 0.0221751
-0.78 -0.72 0.0214251
-0.78 -0.66 0.0204511
-0.78 -0.6 0.0192818
-0.78 -0.54 0.0179525
-0.78 -0.48 0.0165032
-0.78 -0.42 0.0149766
-0.78 -0.36 0.0134148
-0.78 -0.3 0.0118591
-0.78 -0.24 0.0103454
-0.78 -0.18 0.00890508
-0.78 -0.12 0.0075631
-0.78 -0.06 0.00633722
-0.78 9.71445e-15 0.00523855
-0.78 0.06 0.00427183
-0.78 0.12 0.00341881
-0.78 0.18 0.00271513
-0.78 0.24 0.00212658
-0.78 0.3 0.00164277
-0.78 0.36 0.00125157
-0.78 0.42 0.000940412
-0.78 0.48 0.000696907
-0.78 0.54 0.000509354
-0.78 0.6 0.000367156
-0.78 0.66 0.00026102
-0.72 -2.58 0.000430968
-0.72 -2.52 0.000584094
-0.72 -2.46 0.000781179
-0.72 -2.4 0.0010311
-0.72 -2.34 0.00134333
-0.72 -2.28 0.00172763
-0.72 -2.22 0.00219374
-0.72 -2.16 0.00275079
-0.72 -2.1 0.00340685
-0.72 -2.04 0.00416849
-0.72 -1.98 0.00504006
-0.72 -1.92 0.00602335
-0.72 -1.86 0.00711741
-0.72 -1.8 0.00831768
-0.72 -1.74 0.00961625
-0.72 -1.68 0.0110016
-0.72 -1.62 0.0124585
-0.72 -1.56 0.0139677
-0.72 -1.5 0.0155064
-0.72 -1.44 0.0170477
-0.72 -1.38 0.018562
-0.72 -1.32 0.0200154
-0.72 -1.26 0.0213722
-0.72 -1.2 0.0225951
-0.72 -1.14 0.023647
-0.72 -1.08 0.024492
-0.72 -1.02 0.0250982
-0.72 -0.96 0.0254392
-0.72 -0.9 0.0254968
-0.72 -0.84 0.0252614
-0.72 -0.78 0.024735
-0.72 -0.72 0.0239291
-0.72 -0.66 0.0228666
-0.72 -0.6 0.0215798
-0.72 -0.54 0.0201085
-0.72 -0.48 0.0184982
-0.72 -0.42 0.016797
-0.72 -0.36 0.015053
-0.72 -0.3 0.0133129
-0.72 -0.24 0.0116178
-0.72 -0.18 0.0100034
-0.72 -0.12 0.00849811
-0.72 -0.06 0.00712219
-0.72 9.71445e-15 0.00588847
-0.72 0.06 0.00480252
-0.72 0.12 0.00384647
-0.72 0.18 0.00305476
-0.72 0.24 0.0023926
-0.72 0.3 0.00184826
-0.72 0.36 0.00140812
-0.72 0.42 0.00105805
-0.72 0.48 0.000784081
-0.72 0.54 0.000573067
-0.72 0.6 0.000413081
-0.72 0.66 0.000293672
-0.72 0.72 0.000205909
-0.66 -2.58 0.000448326
-0.66 -2.52 0.000607869
-0.66 -2.46 0.000813371
-0.66 -2.4 0.00107419
-0.66 -2.34 0.00140039
-0.66 -2.28 0.00180241
-0.66 -2.22 0.00229077
-0.66 -2.16 0.00287545
-0.66 -2.1 0.00356561
-0.66 -2.04 0.00436878
-0.66 -1.98 0.00529066
-0.66 -1.92 0.00633425
-0.66 -1.86 0.00749968
-0.66 -1.8 0.00878391
-0.66 -1.74 0.0101799
-0.66 -1.68 0.011677
-0.66 -1.62 0.01326
-0.66 -1.56 0.0149095
-0.66 -1.5 0.0166016
-0.66 -1.44 0.0183073
-0.66 -1.38 0.0199936
-0.66 -1.32 0.0216232
-0.66 -1.26 0.0231552
-0.66 -1.2 0.0245468
-0.66 -1.14 0.0257549
-0.66 -1.08 0.0267379
-0.66 -1.02 0.0274585
-0.66 -0.96 0.0278849
-0.66 -0.9 0.0279964
-0.66 -0.84 0.0277799
-0.66 -0.78 0.0272369
-0.66 -0.72 0.02638
-0.66 -0.66 0.0252338
-0.66 -0.6 0.0238341
-0.66 -0.54 0.0222255
-0.66 -0.48 0.0204585
-0.66 -0.42 0.0185865
-0.66 -0.36 0.0166644
-0.66 -0.3 0.0147433
-0.66 -0.24 0.0128704
-0.66 -0.18 0.0110849
-0.66 -0.12 0.00941892
-0.66 -0.06 0.0078954
-0.66 9.71445e-15 0.00652874
-0.66 0.06 0.00532539
-0.66 0.12 0.00426816
-0.66 0.18 0.00338961
-0.66 0.24 0.0026549
-0.66 0.3 0.00205087
-0.66 0.36 0.00156248
-0.66 0.42 0.00117403
-0.66 0.48 0.000870029
-0.66 0.54 0.000635882
-0.66 0.6 0.000458367
-0.66 0.66 0.000325866
-0.66 0.72 0.00022848
-0.6 -2.58 0.00046011
-0.6 -2.52 0.000624123
-0.6 -2.46 0.000835576
-0.6 -2.4 0.00110422
-0.6 -2.34 0.0014406
-0.6 -2.28 0.00185578
-0.6 -2.22 0.00236096
-0.6 -2.16 0.00296705
-0.6 -2.1 0.00368411
-0.6 -2.04 0.00452093
-0.6 -1.98 0.00548439
-0.6 -1.92 0.00657905
-0.6 -1.86 0.00780639
-0.6 -1.8 0.00916479
-0.6 -1.74 0.0106485
-0.6 -1.68 0.0122479
-0.6 -1.62 0.0139483
-0.6 -1.56 0.0157303
-0.6 -1.5 0.0175683
-0.6 -1.44 0.0194325
-0.6 -1.38 0.0212859
-0.6 -1.32 0.0230875
-0.6 -1.26 0.0247915
-0.6 -1.2 0.0263498
-0.6 -1.14 0.0277133
-0.6 -1.08 0.0288343
-0.6 -1.02 0.0296698
-0.6 -0.96 0.0301846
-0.6 -0.9 0.0303524
-0.6 -0.84 0.0301595
-0.6 -0.78 0.0296054
-0.6 -0.72 0.0287036
-0.6 -0.66 0.027481
-0.6 -0.6 0.0259766
-0.6 -0.54 0.0242391
-0.6 -0.48 0.022324
-0.6 -0.42 0.0202909
-0.6 -0.36 0.0181998
-0.6 -0.3 0.0161071
-0.6 -0.24 0.0140647
-0.6 -0.18 0.0121164
-0.6 -0.12 0.0102974
-0.6 -0.06 0.00863316
-0.6 9.71445e-15 0.00713984
-0.6 0.06 0.00582464
-0.6 0.12 0.00467095
-0.6 0.18 0.00370948
-0.6 0.24 0.00290545
-0.6 0.3 0.00224441
-0.6 0.36 0.00170994
-0.6 0.42 0.00128483
-0.6 0.48 0.000952141
-0.6 0.54 0.000695899
-0.6 0.6 0.000501627
-0.6 0.66 0.000356617
-0.6 0.72 0.000250042
-0.54 -2.58 0.000465866
-0.54 -2.52 0.000632252
-0.54 -2.46 0.000846964
-0.54 -2.4 0.00112006
-0.54 -2.34 0.00146248
-0.54 -2.28 0.00188582
-0.54 -2.22 0.00240189
-0.54 -2.16 0.00302237
-0.54 -2.1 0.00375836
-0.54 -2.04 0.00461983
-0.54 -1.98 0.00561499
-0.54 -1.92 0.00674983
-0.54 -1.86 0.00802755
-0.54 -1.8 0.00944813
-0.54 -1.74 0.0110073
-0.54 -1.68 0.0126967
-0.54 -1.62 0.0145022
-0.54 -1.56 0.0164041
-0.54 -1.5 0.0183769
-0.54 -1.44 0.0203877
-0.54 -1.38 0.0223978
-0.54 -1.32 0.0243615
-0.54 -1.26 0.0262289
-0.54 -1.2 0.0279461
-0.54 -1.14 0.0294583
-0.54 -1.08 0.0307122
-0.54 -1.02 0.0316605
-0.54 -0.96 0.0322621
-0.54 -0.9 0.0324876
-0.54 -0.84 0.0323213
-0.54 -0.78 0.0317617
-0.54 -0.72 0.0308228
-0.54 -0.66 0.0295335
-0.54 -0.6 0.0279356
-0.54 -0.54 0.0260819
-0.54 -0.48 0.0240332
-0.54 -0.42 0.0218538
-0.54 -0.36 0.0196082
-0.54 -0.3 0.0173587
-0.54 -0.24 0.0151614
-0.54 -0.18 0.013064
-0.54 -0.12 0.0111046
-0.54 -0.06 0.00931132
-0.54 9.71445e-15 0.0077016
-0.54 0.06 0.00628347
-0.54 0.12 0.00504146
-0.54 0.18 0.00400375
-0.54 0.24 0.00313594
-0.54 0.3 0.00242244
-0.54 0.36 0.00184557
-0.54 0.42 0.00138676
-0.54 0.48 0.00102768
-0.54 0.54 0.000751104
-0.54 0.6 0.000541415
-0.54 0.66 0.000384906
-0.54 0.72 0.000269877
-0.54 0.78 0.000186624
-0.48 -2.58 0.000465374
-0.48 -2.52 0.000631954
-0.48 -2.46 0.000847147
-0.48 -2.4 0.0011212
-0.48 -2.34 0.00146534
-0.48 -2.28 0.00189152
-0.48 -2.22 0.00241214
-0.48 -2.16 0.00303965
-0.48 -2.1 0.00378601
-0.48 -2.04 0.00466232
-0.48 -1.98 0.0056782
-0.48 -1.92 0.0068413
-0.48 -1.86 0.00815639
-0.48 -1.8 0.00962522
-0.48 -1.74 0.0112451
-0.48 -1.68 0.0130088
-0.48 -1.62 0.0149033
-0.48 -1.56 0.0169094
-0.48 -1.5 0.0189999
-0.48 -1.44 0.0211414
-0.48 -1.38 0.0232917
-0.48 -1.32 0.0254019
-0.48 -1.26 0.0274176
-0.48 -1.2 0.0292801
-0.48 -1.14 0.0309295
-0.48 -1.08 0.0323073
-0.48 -1.02 0.0333603
-0.48 -0.96 0.0340444
-0.48 -0.9 0.0343269
-0.48 -0.84 0.0341895
-0.48 -0.78 0.0336303
-0.48 -0.72 0.0326632
-0.48 -0.66 0.031319
-0.48 -0.6 0.0296424
-0.48 -0.54 0.0276899
-0.48 -0.48 0.0255257
-0.48 -0.42 0.0232193
-0.48 -0.36 0.0208398
-0.48 -0.3 0.0184539
-0.48 -0.24 0.0161213
-0.48 -0.18 0.0138934
-0.48 -0.12 0.0118115
-0.48 -0.06 0.00990533
-0.48 9.71445e-15 0.00819382
-0.48 0.06 0.00668568
-0.48 0.12 0.0053666
-0.48 0.18 0.00426198
-0.48 0.24 0.00333815
-0.48 0.3 0.00257869
-0.48 0.36 0.00196461
-0.48 0.42 0.00147618
-0.48 0.48 0.00109394
-0.48 0.54 0.000799538
-0.48 0.6 0.000576334
-0.48 0.66 0.000409728
-0.48 0.72 0.000287283
-0.48 0.78 0.000198658
-0.42 -2.52 0.000623283
-0.42 -2.46 0.000836156
-0.42 -2.4 0.00110763
-0.42 -2.34 0.00144912
-0.42 -2.28 0.00187283
-0.42 -2.22 0.00239163
-0.42 -2.16 0.0030185
-0.42 -2.1 0.00376638
-0.42 -2.04 0.00464735
-0.42 -1.98 0.00567249
-0.42 -1.92 0.00685083
-0.42 -1.86 0.00818901
-0.42 -1.8 0.00969041
-0.42 -1.74 0.0113541
-0.42 -1.68 0.0131743
-0.42 -1.62 0.0151388
-0.42 -1.56 0.0172284
-0.42 -1.5 0.0194162
-0.42 -1.44 0.0216666
-0.42 -1.38 0.0239354
-0.42 -1.32 0.0261708
-0.42 -1.26 0.0283146
-0.42 -1.2 0.0303033
-0.42 -1.14 0.0320724
-0.42 -1.08 0.0335593
-0.42 -1.02 0.0347064
-0.42 -0.96 0.0354656
-0.42 -0.9 0.0358016
-0.42 -0.84 0.0356945
-0.42 -0.78 0.0351405
-0.42 -0.72 0.0341553
-0.42 -0.66 0.0327705
-0.42 -0.6 0.0310328
-0.42 -0.54 0.0290018
-0.42 -0.48 0.0267454
-0.42 -0.42 0.0243365
-0.42 -0.36 0.0218487
-0.42 -0.3 0.0193515
-0.42 -0.24 0.0169087
-0.42 -0.18 0.0145746
-0.42 -0.12 0.0123922
-0.42 -0.06 0.0103935
-0.42 9.71445e-15 0.00859835
-0.42 0.06 0.0070163
-0.42 0.12 0.00563419
-0.42 0.18 0.00447443
-0.42 0.24 0.00350463
-0.42 0.3 0.00270725
-0.42 0.36 0.00206254
-0.42 0.42 0.00154979
-0.42 0.48 0.00114849
-0.42 0.54 0.000839405
-0.42 0.6 0.000605072
-0.42 0.66 0.000430159
-0.42 0.72 0.000301604
-0.42 0.78 0.000208565
-0.36 -2.52 0.000606607
-0.36 -2.46 0.000814475
-0.36 -2.4 0.00108
-0.36 -2.34 0.00141459
-0.36 -2.28 0.00183066
-0.36 -2.22 0.0023413
-0.36 -2.16 0.00296009
-0.36 -2.1 0.00370061
-0.36 -2.04 0.00457603
-0.36 -1.98 0.00559855
-0.36 -1.92 0.00677876
-0.36 -1.86 0.00812494
-0.36 -1.8 0.00964208
-0.36 -1.74 0.0113312
-0.36 -1.68 0.0131874
-0.36 -1.62 0.0152
-0.36 -1.56 0.0173499
-0.36 -1.5 0.01961
-0.36 -1.44 0.0219436
-0.36 -1.38 0.0243047
-0.36 -1.32 0.0266393
-0.36 -1.26 0.0288852
-0.36 -1.2 0.0309759
-0.36 -1.14 0.032843
-0.36 -1.08 0.0344199
-0.36 -1.02 0.0356461
-0.36 -0.96 0.0364698
-0.36 -0.9 0.0368543
-0.36 -0.84 0.0367766
-0.36 -0.78 0.0362343
-0.36 -0.72 0.0352419
-0.36 -0.66 0.0338318
-0.36 -0.6 0.032053
-0.36 -0.54 0.029967
-0.36 -0.48 0.027645
-0.36 -0.42 0.0251621
-0.36 -0.36 0.0225952
-0.36 -0.3 0.0200166
-0.36 -0.24 0.017493
-0.36 -0.18 0.0150802
-0.36 -0.12 0.0128236
-0.36 -0.06 0.0107563
-0.36 9.71445e-15 0.00889928
-0.36 0.06 0.00726235
-0.36 0.12 0.00583381
-0.36 0.18 0.00463299
-0.36 0.24 0.00362879
-0.36 0.3 0.00280315
-0.36 0.36 0.00213564
-0.36 0.42 0.0016047
-0.36 0.48 0.00118918
-0.36 0.54 0.000869143
-0.36 0.6 0.000626505
-0.36 0.66 0.000445401
-0.36 0.72 0.000312291
-0.36 0.78 0.000215954
-0.3 -2.52 0.000582613
-0.3 -2.46 0.000783014
-0.3 -2.4 0.00103944
-0.3 -2.34 0.0013632
-0.3 -2.28 0.00176675
-0.3 -2.22 0.00226334
-0.3 -2.16 0.00286689
-0.3 -2.1 0.00359155
-0.3 -2.04 0.00445139
-0.3 -1.98 0.00545969
-0.3 -1.92 0.00662832
-0.3 -1.86 0.00796711
-0.3 -1.8 0.00948274
-0.3 -1.74 0.0111774
-0.3 -1.68 0.0130482
-0.3 -1.62 0.0150847
-0.3 -1.56 0.0172688
-0.3 -1.5 0.0195734
-0.3 -1.44 0.0219606
-0.3 -1.38 0.0243842
-0.3 -1.32 0.026787
-0.3 -1.26 0.0291051
-0.3 -1.2 0.0312694
-0.3 -1.14 0.0332086
-0.3 -1.08 0.0348533
-0.3 -1.02 0.0361405
-0.3 -0.96 0.0370161
-0.3 -0.9 0.0374413
-0.3 -0.84 0.0373925
-0.3 -0.78 0.0368668
-0.3 -0.72 0.0358778
-0.3 -0.66 0.0344593
-0.3 -0.6 0.0326611
-0.3 -0.54 0.0305464
-0.3 -0.48 0.0281879
-0.3 -0.42 0.0256628
-0.3 -0.36 0.0230494
-0.3 -0.3 0.0204229
-0.3 -0.24 0.0178505
-0.3 -0.18 0.0153902
-0.3 -0.12 0.0130887
-0.3 -0.06 0.0109796
-0.3 9.71445e-15 0.00908469
-0.3 0.06 0.00741405
-0.3 0.12 0.00595743
-0.3 0.18 0.00473121
-0.3 0.24 0.00370567
-0.3 0.3 0.00286258
-0.3 0.36 0.0021809
-0.3 0.42 0.00163871
-0.3 0.48 0.00121439
-0.3 0.54 0.000887565
-0.3 0.6 0.00063978
-0.3 0.66 0.00045484
-0.3 0.72 0.000318912
-0.3 0.78 0.00022053
-0.3 0.84 0.000150404
-0.24 -2.52 0.000552264
-0.24 -2.46 0.000743014
-0.24 -2.4 0.000987549
-0.24 -2.34 0.001297
-0.24 -2.28 0.00168364
-0.24 -2.22 0.0021608
-0.24 -2.16 0.00274256
-0.24 -2.1 0.00344351
-0.24 -2.04 0.00427835
-0.24 -1.98 0.00526125
-0.24 -1.92 0.00640521
-0.24 -1.86 0.0077215
-0.24 -1.8 0.009218
-0.24 -1.74 0.0108984
-0.24 -1.68 0.0127609
-0.24 -1.62 0.0147964
-0.24 -1.56 0.016987
-0.24 -1.5 0.0193061
-0.24 -1.44 0.0217154
-0.24 -1.38 0.024168
-0.24 -1.32 0.0266057
-0.24 -1.26 0.0289632
-0.24 -1.2 0.0311696
-0.24 -1.14 0.0331522
-0.24 -1.08 0.0348396
-0.24 -1.02 0.0361674
-0.24 -0.96 0.03708
-0.24 -0.9 0.0375373
-0.24 -0.84 0.0375156
-0.24 -0.78 0.0370106
-0.24 -0.72 0.0360363
-0.24 -0.66 0.0346267
-0.24 -0.6 0.0328319
-0.24 -0.54 0.0307157
-0.24 -0.48 0.0283517
-0.24 -0.42 0.0258177
-0.24 -0.36 0.0231926
-0.24 -0.3 0.020553
-0.24 -0.24 0.0179665
-0.24 -0.18 0.015492
-0.24 -0.12 0.0131764
-0.24 -0.06 0.0110541
-0.24 9.71445e-15 0.00914687
-0.24 0.06 0.0074652
-0.24 0.12 0.00600006
-0.24 0.18 0.00476509
-0.24 0.24 0.00373222
-0.24 0.3 0.00288307
-0.24 0.36 0.00219651
-0.24 0.42 0.00165044
-0.24 0.48 0.00122308
-0.24 0.54 0.000893923
-0.24 0.6 0.000644362
-0.24 0.66 0.000458095
-0.24 0.72 0.000321195
-0.24 0.78 0.00022211
-0.24 0.84 0.00015148
-0.18 -2.52 0.000516688
-0.18 -2.46 0.000695983
-0.18 -2.4 0.000926302
-0.18 -2.34 0.00121845
-0.18 -2.28 0.00158447
-0.18 -2.22 0.00203753
-0.18 -2.16 0.00259173
-0.18 -2.1 0.00326193
-0.18 -2.04 0.00406321
-0.18 -1.98 0.00501047
-0.18 -1.92 0.00611758
-0.18 -1.86 0.00739671
-0.18 -1.8 0.00885708
-0.18 -1.74 0.0105035
-0.18 -1.68 0.0123352
-0.18 -1.62 0.014344
-0.18 -1.56 0.0165127
-0.18 -1.5 0.0188156
-0.18 -1.44 0.0212142
-0.18 -1.38 0.0236614
-0.18 -1.32 0.0260992
-0.18 -1.26 0.0284615
-0.18 -1.2 0.0306773
-0.18 -1.14 0.0326727
-0.18 -1.08 0.0343761
-0.18 -1.02 0.0357228
-0.18 -0.96 0.0366563
-0.18 -0.9 0.0371363
-0.18 -0.84 0.0371385
-0.18 -0.78 0.0366583
-0.18 -0.72 0.0357097
-0.18 -0.66 0.0343262
-0.18 -0.6 0.0325577
-0.18 -0.54 0.0304675
-0.18 -0.48 0.0281291
-0.18 -0.42 0.0256199
-0.18 -0.36 0.0230188
-0.18 -0.3 0.0204016
-0.18 -0.24 0.0178362
-0.18 -0.18 0.0153812
-0.18 -0.12 0.0130832
-0.18 -0.06 0.0109765
-0.18 9.71445e-15 0.00908321
-0.18 0.06 0.00741357
-0.18 0.12 0.00595996
-0.18 0.18 0.00473322
-0.18 0.24 0.00370728
-0.18 0.3 0.0028638
-0.18 0.36 0.00218182
-0.18 0.42 0.00163941
-0.18 0.48 0.00121491
-0.18 0.54 0.000887947
-0.18 0.6 0.000640057
-0.18 0.66 0.000455033
-0.18 0.72 0.000319047
-0.18 0.78 0.000220626
-0.18 0.84 0.000150468
-0.12 -2.52 0.000477169
-0.12 -2.46 0.000643592
-0.12 -2.4 0.000857869
-0.12 -2.34 0.00113035
-0.12 -2.28 0.00147272
-0.12 -2.22 0.00189785
-0.12 -2.16 0.00241968
-0.12 -2.1 0.00305314
-0.12 -2.04 0.0038134
-0.12 -1.98 0.0047159
-0.12 -1.92 0.00577502
-0.12 -1.86 0.0070037
-0.12 -1.8 0.00841192
-0.12 -1.74 0.0100056
-0.12 -1.68 0.0117847
-0.12 -1.62 0.0137419
-0.12 -1.56 0.0158613
-0.12 -1.5 0.0181172
-0.12 -1.44 0.0204725
-0.12 -1.38 0.0228802
-0.12 -1.32 0.0252831
-0.12 -1.26 0.0276158
-0.12 -1.2 0.0298075
-0.12 -1.14 0.0317852
-0.12 -1.08 0.0334785
-0.12 -1.02 0.0348215
-0.12 -0.96 0.0357592
-0.12 -0.9 0.0362519
-0.12 -0.84 0.0362747
-0.12 -0.78 0.0358226
-0.12 -0.72 0.0349098
-0.12 -0.66 0.0335687
-0.12 -0.6 0.0318484
-0.12 -0.54 0.0298112
-0.12 -0.48 0.0275287
-0.12 -0.42 0.025077
-0.12 -0.36 0.0225344
-0.12 -0.3 0.0199747
-0.12 -0.24 0.0174646
-0.12 -0.18 0.015062
-0.12 -0.12 0.0128126
-0.12 -0.06 0.0107501
-0.12 9.71445e-15 0.00889627
-0.12 0.06 0.00726133
-0.12 0.12 0.00583877
-0.12 0.18 0.00463693
-0.12 0.24 0.00363188
-0.12 0.3 0.00280557
-0.12 0.36 0.00213744
-0.12 0.42 0.00160605
-0.12 0.48 0.00119019
-0.12 0.54 0.000869885
-0.12 0.6 0.000627041
-0.12 0.66 0.000445779
-0.12 0.72 0.000312558
-0.12 0.78 0.000216138
-0.12 0.84 0.000147408
-0.06 -2.46 0.000587599
-0.06 -2.4 0.000784524
-0.06 -2.34 0.00103563
-0.06 -2.28 0.0013521
-0.06 -2.22 0.00174636
-0.06 -2.16 0.00223213
-0.06 -2.1 0.00282397
-0.06 -2.04 0.00353715
-0.06 -1.98 0.00438705
-0.06 -1.92 0.00538855
-0.06 -1.86 0.00655488
-0.06 -1.8 0.00789661
-0.06 -1.74 0.00942027
-0.06 -1.68 0.0111266
-0.06 -1.62 0.0130092
-0.06 -1.56 0.0150533
-0.06 -1.5 0.0172333
-0.06 -1.44 0.0195143
-0.06 -1.38 0.0218501
-0.06 -1.32 0.0241848
-0.06 -1.26 0.0264546
-0.06 -1.2 0.0285906
-0.06 -1.14 0.0305215
-0.06 -1.08 0.0321778
-0.06 -1.02 0.0334956
-0.06 -0.96 0.0344219
-0.06 -0.9 0.0349166
-0.06 -0.84 0.0349562
-0.06 -0.78 0.0345356
-0.06 -0.72 0.0336676
-0.06 -0.66 0.0323841
-0.06 -0.6 0.0307323
-0.06 -0.54 0.0287725
-0.06 -0.48 0.0265739
-0.06 -0.42 0.0242112
-0.06 -0.36 0.021759
-0.06 -0.3 0.0192894
-0.06 -0.24 0.016867
-0.06 -0.18 0.0145474
-0.06 -0.12 0.0123756
-0.06 -0.06 0.010384
-0.06 9.71445e-15 0.0085937
-0.06 0.06 0.00701462
-0.06 0.12 0.0056414
-0.06 0.18 0.00448022
-0.06 0.24 0.00350908
-0.06 0.3 0.00271074
-0.06 0.36 0.00206521
-0.06 0.42 0.00155177
-0.06 0.48 0.00114996
-0.06 0.54 0.00084048
-0.06 0.6 0.000605846
-0.06 0.66 0.000430709
-0.06 0.72 0.000301994
-0.06 0.78 0.00020883
-0.06 0.84 0.000142426
9.71445e-15 -2.46 0.000529728
9.71445e-15 -2.4 0.000708527
9.71445e-15 -2.34 0.000937197
9.71445e-15 -2.28 0.00122631
9.71445e-15 -2.22 0.00158776
9.71445e-15 -2.16 0.00203471
9.71445e-15 -2.1 0.00258136
9.71445e-15 -2.04 0.0032427
9.71445e-15 -1.98 0.00403393
9.71445e-15 -1.92 0.00496983
9.71445e-15 -1.86 0.00606381
9.71445e-15 -1.8 0.00732667
9.71445e-15 -1.74 0.00876538
9.71445e-15 -1.68 0.0103813
9.71445e-15 -1.62 0.0121688
9.71445e-15 -1.56 0.0141136
9.71445e-15 -1.5 0.0161922
9.71445e-15 -1.44 0.0183706
9.71445e-15 -1.38 0.0206045
9.71445e-15 -1.32 0.0228408
9.71445e-15 -1.26 0.0250177
9.71445e-15 -1.2 0.0270688
9.71445e-15 -1.14 0.0289254
9.71445e-15 -1.08 0.0305207
9.71445e-15 -1.02 0.0317941
9.71445e-15 -0.96 0.0326936
9.71445e-15 -0.9 0.0331811
9.71445e-15 -0.84 0.0332331
9.71445e-15 -0.78 0.0328454
9.71445e-15 -0.72 0.0320303
9.71445e-15 -0.66 0.0308175
9.71445e-15 -0.6 0.029252
9.71445e-15 -0.54 0.0273915
9.71445e-15 -0.48 0.0253027
9.71445e-15 -0.42 0.0230558
9.71445e-15 -0.36 0.0207231
9.71445e-15 -0.3 0.0183725
9.71445e-15 -0.24 0.0160667
9.71445e-15 -0.18 0.0138582
9.71445e-15 -0.12 0.0117898
9.71445e-15 -0.06 0.00989292
9.71445e-15 9.71445e-15 0.00818757
9.71445e-15 0.06 0.00668332
9.71445e-15 0.12 0.0053758
9.71445e-15 0.18 0.00426925
9.71445e-15 0.24 0.0033439
9.71445e-15 0.3 0.00258306
9.71445e-15 0.36 0.00196797
9.71445e-15 0.42 0.00147872
9.71445e-15 0.48 0.00109582
9.71445e-15 0.54 0.000800909
9.71445e-15 0.6 0.000577319
9.71445e-15 0.66 0.000410432
9.71445e-15 0.72 0.000287772
9.71445e-15 0.78 0.000199
9.71445e-15 0.84 0.000135718
0.06 -2.46 0.000471603
0.06 -2.4 0.00063202
0.06 -2.34 0.000837809
0.06 -2.28 0.00109886
0.06 -2.22 0.00142639
0.06 -2.16 0.00183294
0.06 -2.1 0.00233209
0.06 -2.04 0.00293829
0.06 -1.98 0.0036663
0.06 -1.92 0.00453065
0.06 -1.86 0.00554453
0.06 -1.8 0.00671866
0.06 -1.74 0.00806015
0.06 -1.68 0.00957071
0.06 -1.62 0.0112455
0.06 -1.56 0.0130714
0.06 -1.5 0.0150262
0.06 -1.44 0.0170779
0.06 -1.38 0.0191848
0.06 -1.32 0.0212958
0.06 -1.26 0.0233531
0.06 -1.2 0.0252939
0.06 -1.14 0.0270529
0.06 -1.08 0.0285668
0.06 -1.02 0.0297779
0.06 -0.96 0.0306374
0.06 -0.9 0.0311081
0.06 -0.84 0.0311698
0.06 -0.78 0.0308163
0.06 -0.72 0.0300595
0.06 -0.66 0.028928
0.06 -0.6 0.0274641
0.06 -0.54 0.0257216
0.06 -0.48 0.0237632
0.06 -0.42 0.0216558
0.06 -0.36 0.0194664
0.06 -0.3 0.01726
0.06 -0.24 0.0150945
0.06 -0.18 0.0130204
0.06 -0.12 0.0110776
0.06 -0.06 0.0092957
0.06 9.71445e-15 0.00769357
0.06 0.06 0.0062743
0.06 0.12 0.00505223
0.06 0.18 0.00401232
0.06 0.24 0.00314264
0.06 0.3 0.00242764
0.06 0.36 0.00184952
0.06 0.42 0.00138972
0.06 0.48 0.00102987
0.06 0.54 0.000752711
0.06 0.6 0.000542577
0.06 0.66 0.000385726
0.06 0.72 0.000270455
0.06 0.78 0.000187022
0.06 0.84 0.000127551
0.12 -2.46 0.000414664
0.12 -2.4 0.000556887
0.12 -2.34 0.000739922
0.12 -2.28 0.000972926
0.12 -2.22 0.00126634
0.12 -2.16 0.00163187
0.12 -2.1 0.00208242
0.12 -2.04 0.00263163
0.12 -1.98 0.0032937
0.12 -1.92 0.00408244
0.12 -1.86 0.00501057
0.12 -1.8 0.00608861
0.12 -1.74 0.00732361
0.12 -1.68 0.00871751
0.12 -1.62 0.010266
0.12 -1.56 0.0119573
0.12 -1.5 0.0137706
0.12 -1.44 0.0156761
0.12 -1.38 0.0176348
0.12 -1.32 0.0195999
0.12 -1.26 0.0215167
0.12 -1.2 0.0233263
0.12 -1.14 0.0249681
0.12 -1.08 0.0263833
0.12 -1.02 0.0275176
0.12 -0.96 0.0283251
0.12 -0.9 0.0287729
0.12 -0.84 0.0288394
0.12 -0.78 0.0285206
0.12 -0.72 0.0278274
0.12 -0.66 0.0267854
0.12 -0.6 0.0254341
0.12 -0.54 0.0238241
0.12 -0.48 0.0220129
0.12 -0.42 0.0200623
0.12 -0.36 0.0180359
0.12 -0.3 0.0159924
0.12 -0.24 0.0139871
0.12 -0.18 0.0120657
0.12 -0.12 0.0102657
0.12 -0.06 0.0086147
0.12 9.71445e-15 0.00713009
0.12 0.06 0.00581558
0.12 0.12 0.00468295
0.12 0.18 0.003719
0.12 0.24 0.00291292
0.12 0.3 0.00225017
0.12 0.36 0.00171432
0.12 0.42 0.00128813
0.12 0.48 0.000954581
0.12 0.54 0.000697678
0.12 0.6 0.000502913
0.12 0.66 0.000357534
0.12 0.72 0.000250682
0.12 0.78 0.000173352
0.12 0.84 0.000118227
0.18 -2.4 0.000484749
0.18 -2.34 0.000645663
0.18 -2.28 0.000851238
0.18 -2.22 0.00111107
0.18 -2.16 0.00143599
0.18 -2.1 0.00183796
0.18 -2.04 0.00232978
0.18 -1.98 0.0029247
0.18 -1.92 0.00363574
0.18 -1.86 0.004475
0.18 -1.8 0.00545245
0.18 -1.74 0.0065748
0.18 -1.68 0.00784429
0.18 -1.62 0.00925707
0.18 -1.56 0.0108022
0.18 -1.5 0.0124613
0.18 -1.44 0.0142064
0.18 -1.38 0.0160025
0.18 -1.32 0.0178054
0.18 -1.26 0.0195653
0.18 -1.2 0.0212284
0.18 -1.14 0.0227386
0.18 -1.08 0.0240417
0.18 -1.02 0.0250883
0.18 -0.96 0.025836
0.18 -0.9 0.0262535
0.18 -0.84 0.0263224
0.18 -0.78 0.0260383
0.18 -0.72 0.0254107
0.18 -0.66 0.0244635
0.18 -0.6 0.023233
0.18 -0.54 0.0217648
0.18 -0.48 0.0201124
0.18 -0.42 0.0183322
0.18 -0.36 0.0164813
0.18 -0.3 0.0146152
0.18 -0.24 0.012783
0.18 -0.18 0.0110276
0.18 -0.12 0.00938289
0.18 -0.06 0.00787409
0.18 9.71445e-15 0.0065173
0.18 0.06 0.00531639
0.18 0.12 0.0042809
0.18 0.18 0.00339978
0.18 0.24 0.00266286
0.18 0.3 0.00205701
0.18 0.36 0.00156716
0.18 0.42 0.00117755
0.18 0.48 0.000872644
0.18 0.54 0.000637795
0.18 0.6 0.000459738
0.18 0.66 0.00032684
0.18 0.72 0.000229165
0.18 0.78 0.00015847
0.18 0.84 0.000108078
0.24 -2.4 0.000416899
0.24 -2.34 0.000556741
0.24 -2.28 0.000736026
0.24 -2.22 0.000963485
0.24 -2.16 0.00124898
0.24 -2.1 0.00160344
0.24 -2.04 0.00203869
0.24 -1.98 0.00256686
0.24 -1.92 0.00320009
0.24 -1.86 0.00394956
0.24 -1.8 0.00482454
0.24 -1.74 0.00583136
0.24 -1.68 0.00697223
0.24 -1.62 0.00824397
0.24 -1.56 0.00963674
0.24 -1.5 0.0111336
0.24 -1.44 0.01271
0.24 -1.38 0.0143333
0.24 -1.32 0.0159641
0.24 -1.26 0.0175574
0.24 -1.2 0.0190638
0.24 -1.14 0.0204329
0.24 -1.08 0.0216154
0.24 -1.02 0.0225661
0.24 -0.96 0.0232478
0.24 -0.9 0.0236309
0.24 -0.84 0.0236995
0.24 -0.78 0.0234488
0.24 -0.72 0.0228881
0.24 -0.66 0.0220386
0.24 -0.6 0.0209328
0.24 -0.54 0.0196122
0.24 -0.48 0.0181246
0.24 -0.42 0.0165217
0.24 -0.36 0.0148547
0.24 -0.3 0.0131734
0.24 -0.24 0.0115225
0.24 -0.18 0.00994051
0.24 -0.12 0.00845819
0.24 -0.06 0.00709826
0.24 9.71445e-15 0.0058753
0.24 0.06 0.00479324
0.24 0.12 0.00385964
0.24 0.18 0.0030652
0.24 0.24 0.00240081
0.24 0.3 0.00185458
0.24 0.36 0.00141295
0.24 0.42 0.00106168
0.24 0.48 0.000786772
0.24 0.54 0.000575033
0.24 0.6 0.0004145
0.24 0.66 0.000294677
0.24 0.72 0.000206613
0.24 0.78 0.000142876
0.24 0.84 9.74418e-05
0.3 -2.4 0.000354285
0.3 -2.34 0.000474411
0.3 -2.28 0.00062899
0.3 -2.22 0.000825813
0.3 -2.16 0.00107376
0.3 -2.1 0.00138268
0.3 -2.04 0.00176326
0.3 -1.98 0.00222653
0.3 -1.92 0.00278351
0.3 -1.86 0.00344435
0.3 -1.8 0.00421756
0.3 -1.74 0.005109
0.3 -1.68 0.00612072
0.3 -1.62 0.00725008
0.3 -1.56 0.00848837
0.3 -1.5 0.00982044
0.3 -1.44 0.0112244
0.3 -1.38 0.0126712
0.3 -1.32 0.0141257
0.3 -1.26 0.0155474
0.3 -1.2 0.0168925
0.3 -1.14 0.0181157
0.3 -1.08 0.0191732
0.3 -1.02 0.0200244
0.3 -0.96 0.0206361
0.3 -0.9 0.0209823
0.3 -0.84 0.021048
0.3 -0.78 0.0208296
0.3 -0.72 0.0203349
0.3 -0.66 0.0195829
0.3 -0.6 0.0186025
0.3 -0.54 0.0174306
0.3 -0.48 0.0161098
0.3 -0.42 0.014686
0.3 -0.36 0.013205
0.3 -0.3 0.0117109
0.3 -0.24 0.0102438
0.3 -0.18 0.00883762
0.3 -0.12 0.00751994
0.3 -0.06 0.00631101
0.3 9.71445e-15 0.00522028
0.3 0.06 0.00426214
0.3 0.12 0.003432
0.3 0.18 0.00272558
0.3 0.24 0.0021348
0.3 0.3 0.00164909
0.3 0.36 0.00125639
0.3 0.42 0.000944044
0.3 0.48 0.000699596
0.3 0.54 0.000511319
0.3 0.6 0.000368574
0.3 0.66 0.000262027
0.3 0.72 0.00018372
0.3 0.78 0.000127045
0.3 0.84 8.66457e-05
0.36 -2.34 0.000399531
0.36 -2.28 0.00053127
0.36 -2.22 0.000699628
0.36 -2.16 0.000912456
0.36 -2.1 0.0011785
0.36 -2.04 0.0015073
0.36 -1.98 0.00190867
0.36 -1.92 0.00239245
0.36 -1.86 0.00296776
0.36 -1.8 0.00364222
0.36 -1.74 0.00442112
0.36 -1.68 0.00530638
0.36 -1.62 0.00629577
0.36 -1.56 0.00738166
0.36 -1.5 0.00855081
0.36 -1.44 0.00978387
0.36 -1.38 0.0110553
0.36 -1.32 0.0123342
0.36 -1.26 0.0135849
0.36 -1.2 0.0147688
0.36 -1.14 0.0158461
0.36 -1.08 0.016778
0.36 -1.02 0.0175292
0.36 -0.96 0.0180699
0.36 -0.9 0.0183776
0.36 -0.84 0.018439
0.36 -0.78 0.0182509
0.36 -0.72 0.0178201
0.36 -0.66 0.0171631
0.36 -0.6 0.0163055
0.36 -0.54 0.0152797
0.36 -0.48 0.0141229
0.36 -0.42 0.0128754
0.36 -0.36 0.0115776
0.36 -0.3 0.0102681
0.36 -0.24 0.00898204
0.36 -0.18 0.00774927
0.36 -0.12 0.00659402
0.36 -0.06 0.00553405
0.36 9.71445e-15 0.00457806
0.36 0.06 0.00373779
0.36 0.12 0.00300979
0.36 0.18 0.00239028
0.36 0.24 0.00187217
0.36 0.3 0.00144622
0.36 0.36 0.00110183
0.36 0.42 0.000827905
0.36 0.48 0.000613529
0.36 0.54 0.000448414
0.36 0.6 0.00032323
0.36 0.66 0.000229792
0.36 0.72 0.000161119
0.36 0.78 0.000111415
0.36 0.84 7.59863e-05
0.42 -2.34 0.000332554
0.42 -2.28 0.000443544
0.42 -2.22 0.000585875
0.42 -2.16 0.000766404
0.42 -2.1 0.000992803
0.42 -2.04 0.00127339
0.42 -1.98 0.00161685
0.42 -1.92 0.00203177
0.42 -1.86 0.00252618
0.42 -1.8 0.00310683
0.42 -1.74 0.00377841
0.42 -1.68 0.00454269
0.42 -1.62 0.00539768
0.42 -1.56 0.00633688
0.42 -1.5 0.0073489
0.42 -1.44 0.00841682
0.42 -1.38 0.00951857
0.42 -1.32 0.0106274
0.42 -1.26 0.0117121
0.42 -1.2 0.0127393
0.42 -1.14 0.0136745
0.42 -1.08 0.014484
0.42 -1.02 0.0151373
0.42 -0.96 0.0156082
0.42 -0.9 0.0158776
0.42 -0.84 0.0159334
0.42 -0.78 0.0157733
0.42 -0.72 0.015403
0.42 -0.66 0.0148367
0.42 -0.6 0.0140966
0.42 -0.54 0.0132107
0.42 -0.48 0.0122114
0.42 -0.42 0.0111333
0.42 -0.36 0.0100116
0.42 -0.3 0.00887946
0.42 -0.24 0.00776759
0.42 -0.18 0.00670169
0.42 -0.12 0.00570274
0.42 -0.06 0.00478612
0.42 9.71445e-15 0.00395967
0.42 0.06 0.00323289
0.42 0.12 0.00260324
0.42 0.18 0.0020674
0.42 0.24 0.00161929
0.42 0.3 0.00125086
0.42 0.36 0.000952995
0.42 0.42 0.000716073
0.42 0.48 0.000530654
0.42 0.54 0.000387842
0.42 0.6 0.000279568
0.42 0.66 0.000198753
0.42 0.72 0.000139355
0.42 0.78 9.63661e-05
0.42 0.84 6.57219e-05
0.48 -2.28 0.000366023
0.48 -2.22 0.00048494
0.48 -2.16 0.000636254
0.48 -2.1 0.00082659
0.48 -2.04 0.0010631
0.48 -1.98 0.00135331
0.48 -1.92 0.00170467
0.48 -1.86 0.00212409
0.48 -1.8 0.00261743
0.48 -1.74 0.00318878
0.48 -1.68 0.00383969
0.48 -1.62 0.0045685
0.48 -1.56 0.00536976
0.48 -1.5 0.0062336
0.48 -1.44 0.00714577
0.48 -1.38 0.00808711
0.48 -1.32 0.00903484
0.48 -1.26 0.00996243
0.48 -1.2 0.0108412
0.48 -1.14 0.0116415
0.48 -1.08 0.0123348
0.48 -1.02 0.0128946
0.48 -0.96 0.0132987
0.48 -0.9 0.0135309
0.48 -0.84 0.0135808
0.48 -0.78 0.0134459
0.48 -0.72 0.0131317
0.48 -0.66 0.0126501
0.48 -0.6 0.0120201
0.48 -0.54 0.0112655
0.48 -0.48 0.0104139
0.48 -0.42 0.00949487
0.48 -0.36 0.00853862
0.48 -0.3 0.00757326
0.48 -0.24 0.0066251
0.48 -0.18 0.00571614
0.48 -0.12 0.0048642
0.48 -0.06 0.00408242
0.48 9.71445e-15 0.00337773
0.48 0.06 0.00275777
0.48 0.12 0.00222066
0.48 0.18 0.00176354
0.48 0.24 0.00138131
0.48 0.3 0.00106703
0.48 0.36 0.000812932
0.48 0.42 0.000610831
0.48 0.48 0.000452664
0.48 0.54 0.000330842
0.48 0.6 0.000238483
0.48 0.66 0.000169543
0.48 0.72 0.000118873
0.48 0.78 8.22038e-05
0.48 0.84 5.60632e-05
0.54 -2.28 0.000298556
0.54 -2.22 0.000396739
0.54 -2.16 0.000522056
0.54 -2.1 0.000680111
0.54 -2.04 0.000877016
0.54 -1.98 0.00111912
0.54 -1.92 0.00141282
0.54 -1.86 0.00176399
0.54 -1.8 0.00217762
0.54 -1.74 0.00265719
0.54 -1.68 0.00320406
0.54 -1.62 0.0038169
0.54 -1.56 0.00449107
0.54 -1.5 0.00521832
0.54 -1.44 0.00598655
0.54 -1.38 0.00677978
0.54 -1.32 0.00757849
0.54 -1.26 0.00836053
0.54 -1.2 0.00910165
0.54 -1.14 0.00977694
0.54 -1.08 0.0103621
0.54 -1.02 0.0108349
0.54 -0.96 0.011177
0.54 -0.9 0.0113737
0.54 -0.84 0.0114175
0.54 -0.78 0.0113055
0.54 -0.72 0.0110423
0.54 -0.66 0.0106383
0.54 -0.6 0.0101091
0.54 -0.54 0.00947499
0.54 -0.48 0.00875909
0.54 -0.42 0.00798661
0.54 -0.36 0.00718235
0.54 -0.3 0.00637063
0.54 -0.24 0.00557309
0.54 -0.18 0.00480855
0.54 -0.12 0.00409194
0.54 -0.06 0.00343271
0.54 9.71445e-15 0.00284173
0.54 0.06 0.00232015
0.54 0.12 0.00186824
0.54 0.18 0.0014837
0.54 0.24 0.0011621
0.54 0.3 0.000897707
0.54 0.36 0.000683929
0.54 0.42 0.0005139
0.54 0.48 0.000380833
0.54 0.54 0.000278343
0.54 0.6 0.000200638
0.54 0.66 0.000142636
0.54 0.72 0.000100011
0.54 0.78 6.91582e-05
0.54 0.84 4.71666e-05
0.6 -2.22 0.000320805
0.6 -2.16 0.000423325
0.6 -2.1 0.000552967
0.6 -2.04 0.000714822
0.6 -1.98 0.000914257
0.6 -1.92 0.00115656
0.6 -1.86 0.00144672
0.6 -1.8 0.00178891
0.6 -1.74 0.00218605
0.6 -1.68 0.00263932
0.6 -1.62 0.00314757
0.6 -1.56 0.00370703
0.6 -1.5 0.00431087
0.6 -1.44 0.00494888
0.6 -1.38 0.00560792
0.6 -1.32 0.00627179
0.6 -1.26 0.0069219
0.6 -1.2 0.00753814
0.6 -1.14 0.00809982
0.6 -1.08 0.0085868
0.6 -1.02 0.00898065
0.6 -0.96 0.00926559
0.6 -0.9 0.00943033
0.6 -0.84 0.00946757
0.6 -0.78 0.00937575
0.6 -0.72 0.00915831
0.6 -0.66 0.00882381
0.6 -0.6 0.00838538
0.6 -0.54 0.00785981
0.6 -0.48 0.00726638
0.6 -0.42 0.00662565
0.6 -0.36 0.00595865
0.6 -0.3 0.00528531
0.6 -0.24 0.00462379
0.6 -0.18 0.00398952
0.6 -0.12 0.00339504
0.6 -0.06 0.00284829
0.6 9.71445e-15 0.00235791
0.6 0.06 0.0019251
0.6 0.12 0.00155017
0.6 0.18 0.00123109
0.6 0.24 0.000964246
0.6 0.3 0.000744866
0.6 0.36 0.000567484
0.6 0.42 0.000426402
0.6 0.48 0.000315991
0.6 0.54 0.00023095
0.6 0.6 0.000166476
0.6 0.66 0.000118353
0.6 0.72 8.29829e-05
0.6 0.78 5.73837e-05
0.6 0.84 3.91362e-05
0.66 -2.22 0.000256369
0.66 -2.16 0.000339217
0.66 -2.1 0.000444217
0.66 -2.04 0.000575596
0.66 -1.98 0.00073774
0.66 -1.92 0.000935064
0.66 -1.86 0.00117165
0.66 -1.8 0.00145095
0.66 -1.74 0.0017754
0.66 -1.68 0.00214595
0.66 -1.62 0.00256177
0.66 -1.56 0.00301968
0.66 -1.5 0.00351403
0.66 -1.44 0.00403666
0.66 -1.38 0.0045766
0.66 -1.32 0.00512063
0.66 -1.26 0.00565354
0.66 -1.2 0.00615883
0.66 -1.14 0.0066195
0.66 -1.08 0.00701901
0.66 -1.02 0.00734216
0.66 -0.96 0.00757649
0.66 -0.9 0.00771207
0.66 -0.84 0.00774346
0.66 -0.78 0.00766902
0.66 -0.72 0.00749177
0.66 -0.66 0.00721863
0.66 -0.6 0.00686034
0.66 -0.54 0.0064306
0.66 -0.48 0.00594518
0.66 -0.42 0.0054212
0.66 -0.36 0.00487556
0.66 -0.3 0.00432472
0.66 -0.24 0.0037835
0.66 -0.18 0.00326455
0.66 -0.12 0.0027769
0.66 -0.06 0.00233085
0.66 9.71445e-15 0.00192957
0.66 0.06 0.00157541
0.66 0.12 0.00126856
0.66 0.18 0.00100745
0.66 0.24 0.000789081
0.66 0.3 0.00060955
0.66 0.36 0.000464398
0.66 0.42 0.000348946
0.66 0.48 0.000258591
0.66 0.54 0.000188998
0.66 0.6 0.000136235
0.66 0.66 9.68523e-05
0.66 0.72 6.7908e-05
0.66 0.78 4.69593e-05
0.66 0.84 3.20266e-05
0.72 -2.16 0.000268581
0.72 -2.1 0.000352565
0.72 -2.04 0.000457828
0.72 -1.98 0.000587964
0.72 -1.92 0.000746537
0.72 -1.86 0.000936879
0.72 -1.8 0.00116181
0.72 -1.74 0.00142329
0.72 -1.68 0.00172213
0.72 -1.62 0.0020576
0.72 -1.56 0.00242724
0.72 -1.5 0.00282645
0.72 -1.44 0.00324858
0.72 -1.38 0.00368482
0.72 -1.32 0.00412443
0.72 -1.26 0.00455514
0.72 -1.2 0.00496361
0.72 -1.14 0.00533615
0.72 -1.08 0.00565936
0.72 -1.02 0.00592096
0.72 -0.96 0.00611065
0.72 -0.9 0.00622078
0.72 -0.84 0.00624666
0.72 -0.78 0.00618714
0.72 -0.72 0.00604448
0.72 -0.66 0.0058244
0.72 -0.6 0.00553558
0.72 -0.54 0.00518907
0.72 -0.48 0.00479758
0.72 -0.42 0.0043748
0.72 -0.36 0.00393459
0.72 -0.3 0.00349014
0.72 -0.24 0.00305336
0.72 -0.18 0.00263459
0.72 -0.12 0.00224121
0.72 -0.06 0.00188121
0.72 9.71445e-15 0.00155733
0.72 0.06 0.00127149
0.72 0.12 0.00102385
0.72 0.18 0.000813104
0.72 0.24 0.000636858
0.72 0.3 0.000491967
0.72 0.36 0.00037481
0.72 0.42 0.000281627
0.72 0.48 0.000208704
0.72 0.54 0.000152537
0.72 0.6 0.000109954
0.72 0.66 7.81687e-05
0.72 0.72 5.48082e-05
0.72 0.78 3.79003e-05
0.78 -2.1 0.000276419
0.78 -2.04 0.000359678
0.78 -1.98 0.000462755
0.78 -1.92 0.000588508
0.78 -1.86 0.000739606
0.78 -1.8 0.000918303
0.78 -1.74 0.00112619
0.78 -1.68 0.00136391
0.78 -1.62 0.00163089
0.78 -1.56 0.00192514
0.78 -1.5 0.00224307
0.78 -1.44 0.00257932
0.78 -1.38 0.00292686
0.78 -1.32 0.00327718
0.78 -1.26 0.00362049
0.78 -1.2 0.00394613
0.78 -1.14 0.00424313
0.78 -1.08 0.00450088
0.78 -1.02 0.00470964
0.78 -0.96 0.0048611
0.78 -0.9 0.00494919
0.78 -0.84 0.00497024
0.78 -0.78 0.00492317
0.78 -0.72 0.00480994
0.78 -0.66 0.00463507
0.78 -0.6 0.00440539
0.78 -0.54 0.00412976
0.78 -0.48 0.0038183
0.78 -0.42 0.00348191
0.78 -0.36 0.00313162
0.78 -0.3 0.00277789
0.78 -0.24 0.0024303
0.78 -0.18 0.00209619
0.78 -0.12 0.00178401
0.78 -0.06 0.00149745
0.78 9.71445e-15 0.00123963
0.78 0.06 0.0010121
0.78 0.12 0.000814981
0.78 0.18 0.000647224
0.78 0.24 0.000506943
0.78 0.3 0.000391602
0.78 0.36 0.000298345
0.78 0.42 0.000224175
0.78 0.48 0.000166128
0.78 0.54 0.000121419
0.78 0.6 8.75232e-05
0.78 0.66 6.22221e-05
0.78 0.72 4.36268e-05
0.78 0.78 3.01688e-05
0.84 -2.1 0.000214061
0.84 -2.04 0.000279061
0.84 -1.98 0.000359633
0.84 -1.92 0.000458036
0.84 -1.86 0.000576371
0.84 -1.8 0.000716423
0.84 -1.74 0.000879451
0.84 -1.68 0.00106597
0.84 -1.62 0.00127553
0.84 -1.56 0.00150657
0.84 -1.5 0.00175625
0.84 -1.44 0.0020204
0.84 -1.38 0.00229345
0.84 -1.32 0.00256877
0.84 -1.26 0.00283859
0.84 -1.2 0.00309456
0.84 -1.14 0.00332807
0.84 -1.08 0.00353076
0.84 -1.02 0.00369496
0.84 -0.96 0.00381421
0.84 -0.9 0.0038837
0.84 -0.84 0.00390046
0.84 -0.78 0.00386375
0.84 -0.72 0.00377513
0.84 -0.66 0.00363803
0.84 -0.6 0.00345787
0.84 -0.54 0.00324161
0.84 -0.48 0.00299721
0.84 -0.42 0.00273321
0.84 -0.36 0.00245829
0.84 -0.3 0.00218062
0.84 -0.24 0.00190782
0.84 -0.18 0.00164563
0.84 -0.12 0.00140054
0.84 -0.06 0.00117558
0.84 9.71445e-15 0.00097318
0.84 0.06 0.000794555
0.84 0.12 0.000639808
0.84 0.18 0.000508106
0.84 0.24 0.000397978
0.84 0.3 0.000307427
0.84 0.36 0.000234219
0.84 0.42 0.000175991
0.84 0.48 0.00013042
0.84 0.54 9.53208e-05
0.84 0.6 6.87105e-05
0.84 0.66 4.8848e-05
0.84 0.72 3.42493e-05
0.84 0.78 2.36842e-05
0.9 -2.04 0.000213801
0.9 -1.98 0.000275952
0.9 -1.92 0.000351924
0.9 -1.86 0.000443357
0.9 -1.8 0.000551638
0.9 -1.74 0.000677749
0.9 -1.68 0.000822091
0.9 -1.62 0.000984327
0.9 -1.56 0.00116324
0.9 -1.5 0.00135663
0.9 -1.44 0.00156126
0.9 -1.38 0.00177282
0.9 -1.32 0.00198618
0.9 -1.26 0.0021953
0.9 -1.2 0.00239371
0.9 -1.14 0.00257474
0.9 -1.08 0.00273192
0.9 -1.02 0.00285929
0.9 -0.96 0.00295182
0.9 -0.9 0.00300585
0.9 -0.84 0.003019
0.9 -0.78 0.00299077
0.9 -0.72 0.00292229
0.9 -0.66 0.00281627
0.9 -0.6 0.00267689
0.9 -0.54 0.00250954
0.9 -0.48 0.00232039
0.9 -0.42 0.00211602
0.9 -0.36 0.00190322
0.9 -0.3 0.00168828
0.9 -0.24 0.00147654
0.9 -0.18 0.00127415
0.9 -0.12 0.00108439
0.9 -0.06 0.000910203
0.9 9.71445e-15 0.000753496
0.9 0.06 0.000615195
0.9 0.12 0.000495381
0.9 0.18 0.00039341
0.9 0.24 0.00030814
0.9 0.3 0.000238031
0.9 0.36 0.000181347
0.9 0.42 0.000136263
0.9 0.48 0.000100979
0.9 0.54 7.38033e-05
0.9 0.6 5.32001e-05
0.9 0.66 3.78213e-05
0.9 0.72 2.65181e-05
0.9 0.78 1.83378e-05
0.96 -1.98 0.000209036
0.96 -1.92 0.000266908
0.96 -1.86 0.000336603
0.96 -1.8 0.000419187
0.96 -1.74 0.000515413
0.96 -1.68 0.000625588
0.96 -1.62 0.000749458
0.96 -1.56 0.000886104
0.96 -1.5 0.00103382
0.96 -1.44 0.00119016
0.96 -1.38 0.00135182
0.96 -1.32 0.00151486
0.96 -1.26 0.00167469
0.96 -1.2 0.00182635
0.96 -1.14 0.00196475
0.96 -1.08 0.00208494
0.96 -1.02 0.00218235
0.96 -0.96 0.00225316
0.96 -0.9 0.00229455
0.96 -0.84 0.00230473
0.96 -0.78 0.00228328
0.96 -0.72 0.00223108
0.96 -0.66 0.0021502
0.96 -0.6 0.00204385
0.96 -0.54 0.00191613
0.96 -0.48 0.00177173
0.96 -0.42 0.00161571
0.96 -0.36 0.00145325
0.96 -0.3 0.00128914
0.96 -0.24 0.00112751
0.96 -0.18 0.000972968
0.96 -0.12 0.000828061
0.96 -0.06 0.000695049
0.96 9.71445e-15 0.000575384
0.96 0.06 0.000469778
0.96 0.12 0.000378284
0.96 0.18 0.000300415
0.96 0.24 0.000235302
0.96 0.3 0.000181766
0.96 0.36 0.000138481
0.96 0.42 0.000104053
0.96 0.48 7.71097e-05
0.96 0.54 5.6358e-05
0.96 0.6 4.06248e-05
0.96 0.66 2.88812e-05
0.96 0.72 2.02499e-05
1.02 -1.92 0.000199801
1.02 -1.86 0.00025221
1.02 -1.8 0.00031434
1.02 -1.74 0.00038676
1.02 -1.68 0.000469705
1.02 -1.62 0.000562987
1.02 -1.56 0.000665912
1.02 -1.5 0.000777187
1.02 -1.44 0.00089499
1.02 -1.38 0.00101681
1.02 -1.32 0.00113968
1.02 -1.26 0.00126014
1.02 -1.2 0.00137446
1.02 -1.14 0.0014788
1.02 -1.08 0.00156942
1.02 -1.02 0.00164287
1.02 -0.96 0.00169632
1.02 -0.9 0.00172756
1.02 -0.84 0.00173532
1.02 -0.78 0.00171925
1.02 -0.72 0.00168
1.02 -0.66 0.00161915
1.02 -0.6 0.0015391
1.02 -0.54 0.00144294
1.02 -0.48 0.00133422
1.02 -0.42 0.00121676
1.02 -0.36 0.00109441
1.02 -0.3 0.00097051
1.02 -0.24 0.000849159
1.02 -0.18 0.000732763
1.02 -0.12 0.000623632
1.02 -0.06 0.000523457
1.02 9.71445e-15 0.000433338
1.02 0.06 0.000353804
1.02 0.12 0.000284894
1.02 0.18 0.000226252
1.02 0.24 0.000177212
1.02 0.3 0.000136893
1.02 0.36 0.000104294
1.02 0.42 7.83656e-05
1.02 0.48 5.80738e-05
1.02 0.54 4.24449e-05
1.02 0.6 3.05957e-05
1.02 0.66 2.1751e-05
1.02 0.72 1.52507e-05
1.08 -1.86 0.000186488
1.08 -1.8 0.000232594
1.08 -1.74 0.000286354
1.08 -1.68 0.000347946
1.08 -1.62 0.000417231
1.08 -1.56 0.000493682
1.08 -1.5 0.000576366
1.08 -1.44 0.000663888
1.08 -1.38 0.000754426
1.08 -1.32 0.000845736
1.08 -1.26 0.000935275
1.08 -1.2 0.00102026
1.08 -1.14 0.00109782
1.08 -1.08 0.00116519
1.08 -1.02 0.00121982
1.08 -0.96 0.00125959
1.08 -0.9 0.00128285
1.08 -0.84 0.00128867
1.08 -0.78 0.00127678
1.08 -0.72 0.00124767
1.08 -0.66 0.00120251
1.08 -0.6 0.00114308
1.08 -0.54 0.00107168
1.08 -0.48 0.000990944
1.08 -0.42 0.000903727
1.08 -0.36 0.000812567
1.08 -0.3 0.000720872
1.08 -0.24 0.000630734
1.08 -0.18 0.000544282
1.08 -0.12 0.000463221
1.08 -0.06 0.000388815
1.08 9.71445e-15 0.000321875
1.08 0.06 0.000262796
1.08 0.12 0.000211611
1.08 0.18 0.000168054
1.08 0.24 0.000131628
1.08 0.3 0.00010168
1.08 0.36 7.74667e-05
1.08 0.42 5.82081e-05
1.08 0.48 4.31359e-05
1.08 0.54 3.1527e-05
1.08 0.6 2.27255e-05
1.08 0.66 1.61561e-05
1.08 0.72 1.13278e-05
1.14 -1.8 0.000169819
1.14 -1.74 0.000209182
1.14 -1.68 0.000254291
1.14 -1.62 0.000305039
1.14 -1.56 0.000361051
1.14 -1.5 0.000421638
1.14 -1.44 0.000485775
1.14 -1.38 0.000552127
1.14 -1.32 0.000619051
1.14 -1.26 0.000684677
1.14 -1.2 0.000746969
1.14 -1.14 0.000803832
1.14 -1.08 0.00085324
1.14 -1.02 0.000893312
1.14 -0.96 0.000922471
1.14 -0.9 0.000939555
1.14 -0.84 0.000943854
1.14 -0.78 0.000935175
1.14 -0.72 0.000913869
1.14 -0.66 0.000880803
1.14 -0.6 0.000837293
1.14 -0.54 0.000785012
1.14 -0.48 0.000725891
1.14 -0.42 0.000661751
1.14 -0.36 0.000595256
1.14 -0.3 0.000528085
1.14 -0.24 0.000462049
1.14 -0.18 0.000398719
1.14 -0.12 0.000339339
1.14 -0.06 0.000284832
1.14 9.71445e-15 0.000235792
1.14 0.06 0.000192514
1.14 0.12 0.000155018
1.14 0.18 0.00012311
1.14 0.24 9.6426e-05
1.14 0.3 7.44876e-05
1.14 0.36 5.67488e-05
1.14 0.42 4.26405e-05
1.14 0.48 3.15994e-05
1.14 0.54 2.30954e-05
1.14 0.6 1.66479e-05
1.14 0.66 1.18353e-05
1.2 -1.74 0.000150755
1.2 -1.68 0.000183338
1.2 -1.62 0.000220005
1.2 -1.56 0.000260478
1.2 -1.5 0.000304258
1.2 -1.44 0.000350611
1.2 -1.38 0.000398567
1.2 -1.32 0.000446946
1.2 -1.26 0.000494387
1.2 -1.2 0.000539421
1.2 -1.14 0.000580534
1.2 -1.08 0.000616249
1.2 -1.02 0.000645224
1.2 -0.96 0.00066632
1.2 -0.9 0.000678689
1.2 -0.84 0.000681809
1.2 -0.78 0.000675566
1.2 -0.72 0.000660198
1.2 -0.66 0.000636326
1.2 -0.6 0.0006049
1.2 -0.54 0.000567131
1.2 -0.48 0.000524421
1.2 -0.42 0.000478111
1.2 -0.36 0.00043007
1.2 -0.3 0.000381537
1.2 -0.24 0.000333832
1.2 -0.18 0.000288073
1.2 -0.12 0.000245169
1.2 -0.06 0.000205788
1.2 9.71445e-15 0.000170358
1.2 0.06 0.00013909
1.2 0.12 0.000112
1.2 0.18 8.89467e-05
1.2 0.24 6.96671e-05
1.2 0.3 5.38165e-05
1.2 0.36 4.10012e-05
1.2 0.42 3.08079e-05
1.2 0.48 2.28306e-05
1.2 0.54 1.66863e-05
1.2 0.6 1.2028e-05
1.2 0.66 8.55101e-06
1.26 -1.68 0.000130402
1.26 -1.62 0.000156527
1.26 -1.56 0.000185368
1.26 -1.5 0.00021657
1.26 -1.44 0.00024961
1.26 -1.38 0.000283794
1.26 -1.32 0.000318276
1.26 -1.26 0.000352093
1.26 -1.2 0.0003842
1.26 -1.14 0.000413514
1.26 -1.08 0.000438982
1.26 -1.02 0.000459647
1.26 -0.96 0.000474698
1.26 -0.9 0.00048352
1.26 -0.84 0.000485767
1.26 -0.78 0.000481325
1.26 -0.72 0.00047038
1.26 -0.66 0.000453379
1.26 -0.6 0.000430996
1.26 -0.54 0.000404091
1.26 -0.48 0.000373536
1.26 -0.42 0.000340686
1.26 -0.36 0.000306451
1.26 -0.3 0.000271871
1.26 -0.24 0.000237873
1.26 -0.18 0.000205269
1.26 -0.12 0.000174699
1.26 -0.06 0.000146637
1.26 9.71445e-15 0.000121391
1.26 0.06 9.91111e-05
1.26 0.12 7.98068e-05
1.26 0.18 6.33801e-05
1.26 0.24 4.96422e-05
1.26 0.3 3.8348e-05
1.26 0.36 2.92156e-05
1.26 0.42 2.19525e-05
1.26 0.48 1.62682e-05
1.26 0.54 1.18901e-05
1.26 0.6 8.57074e-06
1.32 -1.62 0.000109854
1.32 -1.56 0.000130125
1.32 -1.5 0.000152055
1.32 -1.44 0.000175281
1.32 -1.38 0.000199308
1.32 -1.32 0.000223552
1.32 -1.26 0.00024733
1.32 -1.2 0.000269903
1.32 -1.14 0.000290512
1.32 -1.08 0.000308423
1.32 -1.02 0.000322954
1.32 -0.96 0.000333539
1.32 -0.9 0.000339754
1.32 -0.84 0.000341337
1.32 -0.78 0.000338221
1.32 -0.72 0.000330539
1.32 -0.66 0.000318598
1.32 -0.6 0.000302872
1.32 -0.54 0.000283867
1.32 -0.48 0.00026251
1.32 -0.42 0.000239421
1.32 -0.36 0.000215366
1.32 -0.3 0.00019106
1.32 -0.24 0.000167171
1.32 -0.18 0.000144258
1.32 -0.12 0.000122773
1.32 -0.06 0.000103052
1.32 9.71445e-15 8.53097e-05
1.32 0.06 6.96519e-05
1.32 0.12 5.60863e-05
1.32 0.18 4.4541e-05
1.32 0.24 3.48872e-05
1.32 0.3 2.69495e-05
1.32 0.36 2.05319e-05
1.32 0.42 1.54275e-05
1.32 0.48 1.14327e-05
1.32 0.54 8.35594e-06
1.32 0.6 6.02326e-06
1.38 -1.56 9.01015e-05
1.38 -1.5 0.000105305
1.38 -1.44 0.000121405
1.38 -1.38 0.000138063
1.38 -1.32 0.000154873
1.38 -1.26 0.000171358
1.38 -1.2 0.00018701
1.38 -1.14 0.000201301
1.38 -1.08 0.000213721
1.38 -1.02 0.0002238
1.38 -0.96 0.00023114
1.38 -0.9 0.000235455
1.38 -0.84 0.000236555
1.38 -0.78 0.000234403
1.38 -0.72 0.000229083
1.38 -0.66 0.000220809
1.38 -0.6 0.000209832
1.38 -0.54 0.00019675
1.38 -0.48 0.000181949
1.38 -0.42 0.000165946
1.38 -0.36 0.000149272
1.38 -0.3 0.000132426
1.38 -0.24 0.000115868
1.38 -0.18 9.99857e-05
1.38 -0.12 8.50949e-05
1.38 -0.06 7.14264e-05
1.38 9.71445e-15 5.9129e-05
1.38 0.06 4.82758e-05
1.38 0.12 3.88738e-05
1.38 0.18 3.08721e-05
1.38 0.24 2.41805e-05
1.38 0.3 1.8679e-05
1.38 0.36 1.42308e-05
1.38 0.42 1.06929e-05
1.38 0.48 7.9241e-06
1.38 0.54 5.79152e-06
1.44 -1.44 8.29394e-05
1.44 -1.38 9.43304e-05
1.44 -1.32 0.000105824
1.44 -1.26 0.000117096
1.44 -1.2 0.000127798
1.44 -1.14 0.000137571
1.44 -1.08 0.000146065
1.44 -1.02 0.00015296
1.44 -0.96 0.000157982
1.44 -0.9 0.000160934
1.44 -0.84 0.00016169
1.44 -0.78 0.000160221
1.44 -0.72 0.000156586
1.44 -0.66 0.000150872
1.44 -0.6 0.000143437
1.44 -0.54 0.000134494
1.44 -0.48 0.000124377
1.44 -0.42 0.000113438
1.44 -0.36 0.000102039
1.44 -0.3 9.0524e-05
1.44 -0.24 7.9205e-05
1.44 -0.18 6.83485e-05
1.44 -0.12 5.81696e-05
1.44 -0.06 4.8826e-05
1.44 9.71445e-15 4.04197e-05
1.44 0.06 3.30005e-05
1.44 0.12 2.65733e-05
1.44 0.18 2.11036e-05
1.44 0.24 1.65293e-05
1.44 0.3 1.27686e-05
1.44 0.36 9.72791e-06
1.44 0.42 7.30946e-06
1.44 0.48 5.41679e-06
1.44 0.54 3.95899e-06
1.5 -1.38 6.35681e-05
1.5 -1.32 7.13183e-05
1.5 -1.26 7.89199e-05
1.5 -1.2 8.61376e-05
1.5 -1.14 9.27285e-05
1.5 -1.08 9.84577e-05
1.5 -1.02 0.000103108
1.5 -0.96 0.000106496
1.5 -0.9 0.000108488
1.5 -0.84 0.000109
1.5 -0.78 0.000108011
1.5 -0.72 0.000105517
1.5 -0.66 0.000101715
1.5 -0.6 9.67024e-05
1.5 -0.54 9.06742e-05
1.5 -0.48 8.3853e-05
1.5 -0.42 7.64779e-05
1.5 -0.36 6.87931e-05
1.5 -0.3 6.10301e-05
1.5 -0.24 5.33987e-05
1.5 -0.18 4.60796e-05
1.5 -0.12 3.92171e-05
1.5 -0.06 3.29178e-05
1.5 9.71445e-15 2.72503e-05
1.5 0.06 2.22486e-05
1.5 0.12 1.79153e-05
1.5 0.18 1.42277e-05
1.5 0.24 1.11439e-05
1.5 0.3 8.60844e-06
1.5 0.36 6.55839e-06
1.5 0.42 4.92793e-06
1.5 0.48 3.65192e-06
1.56 -1.26 5.2461e-05
1.56 -1.2 5.72613e-05
1.56 -1.14 6.16456e-05
1.56 -1.08 6.54564e-05
1.56 -1.02 6.85495e-05
1.56 -0.96 7.08037e-05
1.56 -0.9 7.21289e-05
1.56 -0.84 7.24706e-05
1.56 -0.78 7.17826e-05
1.56 -0.72 7.01604e-05
1.56 -0.66 6.76324e-05
1.56 -0.6 6.42997e-05
1.56 -0.54 6.02912e-05
1.56 -0.48 5.57553e-05
1.56 -0.42 5.08517e-05
1.56 -0.36 4.57418e-05
1.56 -0.3 4.05803e-05
1.56 -0.24 3.55056e-05
1.56 -0.18 3.0639e-05
1.56 -0.12 2.60761e-05
1.56 -0.06 2.18875e-05
1.56 9.71445e-15 1.81192e-05
1.56 0.06 1.47935e-05
1.56 0.12 1.19122e-05
1.56 0.18 9.46029e-06
1.56 0.24 7.40973e-06
1.56 0.3 5.72393e-06
1.56 0.36 4.36082e-06
1.56 0.42 3.27667e-06
1.62 -1.2 3.75439e-05
1.62 -1.14 4.04196e-05
1.62 -1.08 4.29192e-05
1.62 -1.02 4.49479e-05
1.62 -0.96 4.64271e-05
1.62 -0.9 4.72706e-05
1.62 -0.84 4.74994e-05
1.62 -0.78 4.70737e-05
1.62 -0.72 4.60101e-05
1.62 -0.66 4.43523e-05
1.62 -0.6 4.21667e-05
1.62 -0.54 3.95378e-05
1.62 -0.48 3.65629e-05
1.62 -0.42 3.33475e-05
1.62 -0.36 2.99964e-05
1.62 -0.3 2.66117e-05
1.62 -0.24 2.32841e-05
1.62 -0.18 2.00924e-05
1.62 -0.12 1.71e-05
1.62 -0.06 1.43533e-05
1.62 9.71445e-15 1.18822e-05
1.62 0.06 9.70126e-06
1.62 0.12 7.81177e-06
1.62 0.18 6.20389e-06
1.62 0.24 4.8591e-06
1.62 0.3 3.75363e-06
1.62 0.36 2.85975e-06
1.62 0.42 2.14878e-06
1.68 -1.02 2.9068e-05
1.68 -0.96 3.00074e-05
1.68 -0.9 3.05732e-05
1.68 -0.84 3.07209e-05
1.68 -0.78 3.04453e-05
1.68 -0.72 2.97576e-05
1.68 -0.66 2.86855e-05
1.68 -0.6 2.72719e-05
1.68 -0.54 2.55716e-05
1.68 -0.48 2.36478e-05
1.68 -0.42 2.15678e-05
1.68 -0.36 1.94008e-05
1.68 -0.3 1.72112e-05
1.68 -0.24 1.50593e-05
1.68 -0.18 1.29952e-05
1.68 -0.12 1.10598e-05
1.68 -0.06 9.28324e-06
1.68 9.71445e-15 7.68498e-06
1.68 0.06 6.27442e-06
1.68 0.12 5.05242e-06
1.68 0.18 4.01242e-06
1.68 0.24 3.14275e-06
1.68 0.3 2.42769e-06
1.68 0.36 1.84958e-06
1.74 -0.9 1.95015e-05
1.74 -0.84 1.95963e-05
1.74 -0.78 1.94204e-05
1.74 -0.72 1.89815e-05
1.74 -0.66 1.82977e-05
1.74 -0.6 1.73961e-05
1.74 -0.54 1.63114e-05
1.74 -0.48 1.50842e-05
1.74 -0.42 1.37577e-05
1.74 -0.36 1.23752e-05
1.74 -0.3 1.09788e-05
1.74 -0.24 9.60589e-06
1.74 -0.18 8.28924e-06
1.74 -0.12 7.05472e-06
1.74 -0.06 5.92154e-06
1.74 9.71445e-15 4.90208e-06
1.74 0.06 4.00234e-06
1.74 0.12 3.22279e-06
1.74 0.18 2.55943e-06
1.74 0.24 2.00467e-06
1.74 0.3 1.54858e-06
1.8 -0.72 1.19414e-05
1.8 -0.66 1.15112e-05
1.8 -0.6 1.09439e-05
1.8 -0.54 1.02617e-05
1.8 -0.48 9.48967e-06
1.8 -0.42 8.65498e-06
1.8 -0.36 7.78538e-06
1.8 -0.3 6.90677e-06
1.8 -0.24 6.04317e-06
1.8 -0.18 5.21483e-06
1.8 -0.12 4.43818e-06
1.8 -0.06 3.72529e-06
1.8 9.71445e-15 3.08391e-06
1.8 0.06 2.51787e-06
1.8 0.12 2.02749e-06
1.8 0.18 1.61015e-06
1.8 0.24 1.26115e-06
1.8 0.3 9.74218e-07
1.86 -0.48 5.88791e-06
1.86 -0.42 5.37013e-06
1.86 -0.36 4.83048e-06
1.86 -0.3 4.28539e-06
1.86 -0.24 3.74953e-06
1.86 -0.18 3.23561e-06
1.86 -0.12 2.75373e-06
1.86 -0.06 2.3114e-06
1.86 9.71445e-15 1.91346e-06
1.86 0.06 1.56225e-06
1.86 0.12 1.25797e-06
1.86 0.18 9.99039e-07
1.86 0.24 7.82495e-07
