3858 0.06 0.06 0.283365 -12 -12
0.42 0.3 1.13454e-05
0.42 0.36 1.1112e-05
0.42 0.42 1.07337e-05
0.42 0.48 1.02257e-05
0.42 0.54 9.60782e-06
0.42 0.6 8.90325e-06
0.42 0.66 8.13694e-06
0.42 0.72 7.33433e-06
0.42 0.78 6.52003e-06
0.42 0.84 5.71648e-06
0.42 0.9 4.94307e-06
0.42 0.96 4.21556e-06
0.42 1.02 3.5457e-06
0.42 1.08 2.94128e-06
0.42 1.14 2.40636e-06
0.42 1.2 1.94166e-06
0.48 0.12 1.84952e-05
0.48 0.18 1.88824e-05
0.48 0.24 1.90128e-05
0.48 0.3 1.88809e-05
0.48 0.36 1.84924e-05
0.48 0.42 1.78627e-05
0.48 0.48 1.70172e-05
0.48 0.54 1.5989e-05
0.48 0.6 1.48165e-05
0.48 0.66 1.35413e-05
0.48 0.72 1.22057e-05
0.48 0.78 1.08504e-05
0.48 0.84 9.51332e-06
0.48 0.9 8.22615e-06
0.48 0.96 7.01539e-06
0.48 1.02 5.90066e-06
0.48 1.08 4.89482e-06
0.48 1.14 4.0046e-06
0.48 1.2 3.23125e-06
0.48 1.26 2.57142e-06
0.54 -0.06 2.62532e-05
0.54 9.71445e-15 2.79393e-05
0.54 0.06 2.93249e-05
0.54 0.12 3.0356e-05
0.54 0.18 3.09916e-05
0.54 0.24 3.12058e-05
0.54 0.3 3.09893e-05
0.54 0.36 3.03514e-05
0.54 0.42 2.93181e-05
0.54 0.48 2.79306e-05
0.54 0.54 2.6243e-05
0.54 0.6 2.43185e-05
0.54 0.66 2.22254e-05
0.54 0.72 2.00333e-05
0.54 0.78 1.78089e-05
0.54 0.84 1.56142e-05
0.54 0.9 1.35016e-05
0.54 0.96 1.15144e-05
0.54 1.02 9.68482e-06
0.54 1.08 8.03391e-06
0.54 1.14 6.5728e-06
0.54 1.2 5.30349e-06
0.54 1.26 4.22045e-06
0.54 1.32 3.31251e-06
0.54 1.38 2.56409e-06
0.6 -0.18 3.59965e-05
0.6 -0.12 3.93837e-05
0.6 -0.06 4.24972e-05
0.6 9.71445e-15 4.52266e-05
0.6 0.06 4.74696e-05
0.6 0.12 4.91386e-05
0.6 0.18 5.01676e-05
0.6 0.24 5.05144e-05
0.6 0.3 5.01638e-05
0.6 0.36 4.9131e-05
0.6 0.42 4.74587e-05
0.6 0.48 4.52128e-05
0.6 0.54 4.2481e-05
0.6 0.6 3.93657e-05
0.6 0.66 3.59772e-05
0.6 0.72 3.24285e-05
0.6 0.78 2.88284e-05
0.6 0.84 2.52753e-05
0.6 0.9 2.18558e-05
0.6 0.96 1.8639e-05
0.6 1.02 1.56772e-05
0.6 1.08 1.30048e-05
0.6 1.14 1.06396e-05
0.6 1.2 8.58496e-06
0.6 1.26 6.83189e-06
0.6 1.32 5.36209e-06
0.6 1.38 4.1506e-06
0.6 1.44 3.16872e-06
0.66 -0.3 4.60556e-05
0.66 -0.24 5.18039e-05
0.66 -0.18 5.74682e-05
0.66 -0.12 6.28754e-05
0.66 -0.06 6.78462e-05
0.66 9.71445e-15 7.22035e-05
0.66 0.06 7.57843e-05
0.66 0.12 7.84497e-05
0.66 0.18 8.00923e-05
0.66 0.24 8.06453e-05
0.66 0.3 8.00863e-05
0.66 0.36 7.84375e-05
0.66 0.42 7.57671e-05
0.66 0.48 7.21817e-05
0.66 0.54 6.78206e-05
0.66 0.6 6.28469e-05
0.66 0.66 5.74371e-05
0.66 0.72 5.17719e-05
0.66 0.78 4.60243e-05
0.66 0.84 4.03516e-05
0.66 0.9 3.48926e-05
0.66 0.96 2.97572e-05
0.66 1.02 2.50285e-05
0.66 1.08 2.0762e-05
0.66 1.14 1.69861e-05
0.66 1.2 1.37059e-05
0.66 1.26 1.09071e-05
0.66 1.32 8.56047e-06
0.66 1.38 6.62646e-06
0.66 1.44 5.0588e-06
0.66 1.5 3.80896e-06
0.72 -0.42 5.49864e-05
0.72 -0.36 6.35847e-05
0.72 -0.3 7.25171e-05
0.72 -0.24 8.15672e-05
0.72 -0.18 9.04869e-05
0.72 -0.12 9.90011e-05
0.72 -0.06 0.000106827
0.72 9.71445e-15 0.000113688
0.72 0.06 0.000119327
0.72 0.12 0.000123523
0.72 0.18 0.000126108
0.72 0.24 0.000126981
0.72 0.3 0.000126099
0.72 0.36 0.000123504
0.72 0.42 0.000119299
0.72 0.48 0.000113653
0.72 0.54 0.000106786
0.72 0.6 9.89554e-05
0.72 0.66 9.0438e-05
0.72 0.72 8.15177e-05
0.72 0.78 7.2467e-05
0.72 0.84 6.35361e-05
0.72 0.9 5.49398e-05
0.72 0.96 4.68539e-05
0.72 1.02 3.94088e-05
0.72 1.08 3.2691e-05
0.72 1.14 2.67456e-05
0.72 1.2 2.15807e-05
0.72 1.26 1.71737e-05
0.72 1.32 1.34789e-05
0.72 1.38 1.04337e-05
0.72 1.44 7.96536e-06
0.72 1.5 5.99734e-06
0.78 -0.54 6.12587e-05
0.78 -0.48 7.28263e-05
0.78 -0.42 8.53881e-05
0.78 -0.36 9.87412e-05
0.78 -0.3 0.000112612
0.78 -0.24 0.000126666
0.78 -0.18 0.000140517
0.78 -0.12 0.000153739
0.78 -0.06 0.000165893
0.78 9.71445e-15 0.000176547
0.78 0.06 0.000185303
0.78 0.12 0.000191818
0.78 0.18 0.000195837
0.78 0.24 0.000197188
0.78 0.3 0.000195822
0.78 0.36 0.000191788
0.78 0.42 0.00018526
0.78 0.48 0.000176494
0.78 0.54 0.00016583
0.78 0.6 0.000153668
0.78 0.66 0.00014044
0.78 0.72 0.000126589
0.78 0.78 0.000112535
0.78 0.84 9.8665e-05
0.78 0.9 8.53166e-05
0.78 0.96 7.27599e-05
0.78 1.02 6.11979e-05
0.78 1.08 5.07657e-05
0.78 1.14 4.15332e-05
0.78 1.2 3.35127e-05
0.78 1.26 2.66692e-05
0.78 1.32 2.09315e-05
0.78 1.38 1.62025e-05
0.78 1.44 1.23695e-05
0.78 1.5 9.31338e-06
0.78 1.56 6.91598e-06
0.84 -0.6 7.78336e-05
0.84 -0.54 9.38212e-05
0.84 -0.48 0.000111538
0.84 -0.42 0.000130778
0.84 -0.36 0.000151226
0.84 -0.3 0.000172473
0.84 -0.24 0.000193996
0.84 -0.18 0.00021521
0.84 -0.12 0.000235461
0.84 -0.06 0.000254076
0.84 9.71445e-15 0.000270393
0.84 0.06 0.000283803
0.84 0.12 0.000293782
0.84 0.18 0.000299934
0.84 0.24 0.000302005
0.84 0.3 0.000299911
0.84 0.36 0.000293738
0.84 0.42 0.000283736
0.84 0.48 0.000270309
0.84 0.54 0.000253977
0.84 0.6 0.000235351
0.84 0.66 0.000215095
0.84 0.72 0.00019388
0.84 0.78 0.000172353
0.84 0.84 0.000151113
0.84 0.9 0.000130667
0.84 0.96 0.000111435
0.84 1.02 9.37284e-05
0.84 1.08 7.77512e-05
0.84 1.14 6.36107e-05
0.84 1.2 5.13264e-05
0.84 1.26 4.08453e-05
0.84 1.32 3.20581e-05
0.84 1.38 2.48148e-05
0.84 1.44 1.89446e-05
0.84 1.5 1.4264e-05
0.84 1.56 1.05922e-05
0.84 1.62 7.75752e-06
0.9 -0.72 7.76241e-05
0.9 -0.66 9.61945e-05
0.9 -0.6 0.000117569
0.9 -0.54 0.000141718
0.9 -0.48 0.000168479
0.9 -0.42 0.00019754
0.9 -0.36 0.000228432
0.9 -0.3 0.00026052
0.9 -0.24 0.000293036
0.9 -0.18 0.000325077
0.9 -0.12 0.000355663
0.9 -0.06 0.000383778
0.9 9.71445e-15 0.000408427
0.9 0.06 0.000428686
0.9 0.12 0.000443764
0.9 0.18 0.000453053
0.9 0.24 0.000456183
0.9 0.3 0.000453018
0.9 0.36 0.000443696
0.9 0.42 0.000428588
0.9 0.48 0.000408302
0.9 0.54 0.000383632
0.9 0.6 0.0003555
0.9 0.66 0.000324903
0.9 0.72 0.000292856
0.9 0.78 0.000260341
0.9 0.84 0.000228257
0.9 0.9 0.000197374
0.9 0.96 0.000168325
0.9 1.02 0.000141577
0.9 1.08 0.000117443
0.9 1.14 9.60841e-05
0.9 1.2 7.75294e-05
0.9 1.26 6.16976e-05
0.9 1.32 4.84235e-05
0.9 1.38 3.74835e-05
0.9 1.44 2.86157e-05
0.9 1.5 2.1546e-05
0.9 1.56 1.59998e-05
0.9 1.62 1.17179e-05
0.9 1.68 8.464e-06
0.96 -0.78 9.2033e-05
0.96 -0.72 0.000115639
0.96 -0.66 0.000143305
0.96 -0.6 0.000175148
0.96 -0.54 0.000211123
0.96 -0.48 0.00025099
0.96 -0.42 0.000294285
0.96 -0.36 0.000340305
0.96 -0.3 0.000388108
0.96 -0.24 0.000436547
0.96 -0.18 0.000484283
0.96 -0.12 0.000529849
0.96 -0.06 0.000571735
0.96 9.71445e-15 0.000608454
0.96 0.06 0.000638632
0.96 0.12 0.000661091
0.96 0.18 0.000674937
0.96 0.24 0.000679594
0.96 0.3 0.000674886
0.96 0.36 0.000660987
0.96 0.42 0.000638482
0.96 0.48 0.00060827
0.96 0.54 0.000571519
0.96 0.6 0.000529605
0.96 0.66 0.000484017
0.96 0.72 0.000436282
0.96 0.78 0.000387844
0.96 0.84 0.000340044
0.96 0.9 0.000294036
0.96 0.96 0.000250762
0.96 1.02 0.000210915
0.96 1.08 0.000174961
0.96 1.14 0.000143142
0.96 1.2 0.000115499
0.96 1.26 9.19133e-05
0.96 1.32 7.21387e-05
0.96 1.38 5.58408e-05
0.96 1.44 4.26302e-05
0.96 1.5 3.20979e-05
0.96 1.56 2.38355e-05
0.96 1.62 1.74566e-05
0.96 1.68 1.26091e-05
0.96 1.74 8.98252e-06
1.02 -0.84 0.000106138
1.02 -0.78 0.000135221
1.02 -0.72 0.000169907
1.02 -0.66 0.000210555
1.02 -0.6 0.000257341
1.02 -0.54 0.000310199
1.02 -0.48 0.000368773
1.02 -0.42 0.00043238
1.02 -0.36 0.000500001
1.02 -0.3 0.000570233
1.02 -0.24 0.00064141
1.02 -0.18 0.00071154
1.02 -0.12 0.000778483
1.02 -0.06 0.000840026
1.02 9.71445e-15 0.000893977
1.02 0.06 0.000938318
1.02 0.12 0.000971326
1.02 0.18 0.000991662
1.02 0.24 0.000998504
1.02 0.3 0.000991585
1.02 0.36 0.000971176
1.02 0.42 0.000938105
1.02 0.48 0.000893711
1.02 0.54 0.000839714
1.02 0.6 0.000778134
1.02 0.66 0.000711156
1.02 0.72 0.000641013
1.02 0.78 0.000569847
1.02 0.84 0.000499615
1.02 0.9 0.000432021
1.02 0.96 0.000368436
1.02 1.02 0.000309888
1.02 1.08 0.000257063
1.02 1.14 0.000210312
1.02 1.2 0.000169699
1.02 1.26 0.000135046
1.02 1.32 0.000105991
1.02 1.38 8.20453e-05
1.02 1.44 6.26349e-05
1.02 1.5 4.71607e-05
1.02 1.56 3.50209e-05
1.02 1.62 2.56485e-05
1.02 1.68 1.85262e-05
1.02 1.74 1.31978e-05
1.08 -0.9 0.000119061
1.08 -0.84 0.000153802
1.08 -0.78 0.000195946
1.08 -0.72 0.000246206
1.08 -0.66 0.000305107
1.08 -0.6 0.000372903
1.08 -0.54 0.000449499
1.08 -0.48 0.000534379
1.08 -0.42 0.000626556
1.08 -0.36 0.000724532
1.08 -0.3 0.000826313
1.08 -0.24 0.000929445
1.08 -0.18 0.00103107
1.08 -0.12 0.00112809
1.08 -0.06 0.00121727
1.08 9.71445e-15 0.00129544
1.08 0.06 0.00135969
1.08 0.12 0.00140751
1.08 0.18 0.001437
1.08 0.24 0.0014469
1.08 0.3 0.00143689
1.08 0.36 0.0014073
1.08 0.42 0.00135937
1.08 0.48 0.00129505
1.08 0.54 0.0012168
1.08 0.6 0.00112756
1.08 0.66 0.00103052
1.08 0.72 0.00092888
1.08 0.78 0.000825744
1.08 0.84 0.000723982
1.08 0.9 0.000626026
1.08 0.96 0.00053389
1.08 1.02 0.000449054
1.08 1.08 0.000372506
1.08 1.14 0.000304759
1.08 1.2 0.000245906
1.08 1.26 0.000195691
1.08 1.32 0.000153589
1.08 1.38 0.000118889
1.08 1.44 9.0763e-05
1.08 1.5 6.83393e-05
1.08 1.56 5.07476e-05
1.08 1.62 3.71663e-05
1.08 1.68 2.68457e-05
1.08 1.74 1.91245e-05
1.08 1.8 1.34368e-05
1.14 -0.96 0.000129914
1.14 -0.9 0.000170157
1.14 -0.84 0.000219807
1.14 -0.78 0.000280037
1.14 -0.72 0.000351864
1.14 -0.66 0.000436045
1.14 -0.6 0.000532936
1.14 -0.54 0.000642399
1.14 -0.48 0.000763705
1.14 -0.42 0.000895448
1.14 -0.36 0.00103547
1.14 -0.3 0.00118093
1.14 -0.24 0.00132831
1.14 -0.18 0.00147357
1.14 -0.12 0.00161222
1.14 -0.06 0.00173967
1.14 9.71445e-15 0.0018514
1.14 0.06 0.00194322
1.14 0.12 0.00201156
1.14 0.18 0.00205368
1.14 0.24 0.00206786
1.14 0.3 0.00205352
1.14 0.36 0.00201124
1.14 0.42 0.00194277
1.14 0.48 0.00185082
1.14 0.54 0.001739
1.14 0.6 0.00161147
1.14 0.66 0.00147276
1.14 0.72 0.00132751
1.14 0.78 0.00118012
1.14 0.84 0.00103468
1.14 0.9 0.000894684
1.14 0.96 0.000763013
1.14 1.02 0.000641769
1.14 1.08 0.00053237
1.14 1.14 0.00043555
1.14 1.2 0.000351439
1.14 1.26 0.000279671
1.14 1.32 0.000219503
1.14 1.38 0.000169911
1.14 1.44 0.000129715
1.14 1.5 9.76665e-05
1.14 1.56 7.25262e-05
1.14 1.62 5.31168e-05
1.14 1.68 3.83669e-05
1.14 1.74 2.73319e-05
1.14 1.8 1.92032e-05
1.2 -1.02 0.000137883
1.2 -0.96 0.000183114
1.2 -0.9 0.00023984
1.2 -0.84 0.000309817
1.2 -0.78 0.000394714
1.2 -0.72 0.000495961
1.2 -0.66 0.000614613
1.2 -0.6 0.000751179
1.2 -0.54 0.000905473
1.2 -0.48 0.00107645
1.2 -0.42 0.00126214
1.2 -0.36 0.0014595
1.2 -0.3 0.00166454
1.2 -0.24 0.00187226
1.2 -0.18 0.00207701
1.2 -0.12 0.00227245
1.2 -0.06 0.00245209
1.2 9.71445e-15 0.00260958
1.2 0.06 0.002739
1.2 0.12 0.00283531
1.2 0.18 0.00289466
1.2 0.24 0.00291469
1.2 0.3 0.00289444
1.2 0.36 0.00283488
1.2 0.42 0.00273837
1.2 0.48 0.00260878
1.2 0.54 0.00245115
1.2 0.6 0.0022714
1.2 0.66 0.00207589
1.2 0.72 0.00187113
1.2 0.78 0.00166339
1.2 0.84 0.00145839
1.2 0.9 0.00126108
1.2 0.96 0.00107547
1.2 1.02 0.000904577
1.2 1.08 0.000750379
1.2 1.14 0.00061391
1.2 1.2 0.000495355
1.2 1.26 0.0003942
1.2 1.32 0.000309392
1.2 1.38 0.000239491
1.2 1.44 0.000182835
1.2 1.5 0.000137661
1.2 1.56 0.000102226
1.2 1.62 7.48687e-05
1.2 1.68 5.40786e-05
1.2 1.74 3.85246e-05
1.2 1.8 2.70667e-05
1.2 1.86 1.87557e-05
1.26 -1.08 0.000142347
1.26 -1.02 0.000191676
1.26 -0.96 0.000254555
1.26 -0.9 0.000333408
1.26 -0.84 0.000430691
1.26 -0.78 0.000548701
1.26 -0.72 0.000689454
1.26 -0.66 0.000854399
1.26 -0.6 0.00104425
1.26 -0.54 0.00125874
1.26 -0.48 0.00149642
1.26 -0.42 0.00175454
1.26 -0.36 0.00202892
1.26 -0.3 0.00231393
1.26 -0.24 0.00260273
1.26 -0.18 0.00288731
1.26 -0.12 0.00315899
1.26 -0.06 0.00340873
1.26 9.71445e-15 0.00362765
1.26 0.06 0.00380756
1.26 0.12 0.00394146
1.26 0.18 0.004024
1.26 0.24 0.00405179
1.26 0.3 0.00402369
1.26 0.36 0.00394084
1.26 0.42 0.0038067
1.26 0.48 0.00362656
1.26 0.54 0.00340744
1.26 0.6 0.00315755
1.26 0.66 0.00288576
1.26 0.72 0.00260112
1.26 0.78 0.00231235
1.26 0.84 0.00202734
1.26 0.9 0.00175307
1.26 0.96 0.00149506
1.26 1.02 0.00125748
1.26 1.08 0.00104312
1.26 1.14 0.000853413
1.26 1.2 0.000688612
1.26 1.26 0.000547995
1.26 1.32 0.000430096
1.26 1.38 0.000332926
1.26 1.44 0.000254165
1.26 1.5 0.000191369
1.26 1.56 0.000142109
1.26 1.62 0.000104077
1.26 1.68 7.51761e-05
1.26 1.74 5.35543e-05
1.26 1.8 3.76267e-05
1.26 1.86 2.60731e-05
1.26 1.92 1.78184e-05
1.32 -1.14 0.000142944
1.32 -1.08 0.000195163
1.32 -1.02 0.000262795
1.32 -0.96 0.000349
1.32 -0.9 0.000457112
1.32 -0.84 0.000590488
1.32 -0.78 0.000752292
1.32 -0.72 0.000945255
1.32 -0.66 0.00117139
1.32 -0.6 0.00143168
1.32 -0.54 0.00172574
1.32 -0.48 0.00205162
1.32 -0.42 0.00240554
1.32 -0.36 0.00278169
1.32 -0.3 0.00317247
1.32 -0.24 0.00356839
1.32 -0.18 0.0039586
1.32 -0.12 0.00433108
1.32 -0.06 0.00467347
1.32 9.71445e-15 0.00497362
1.32 0.06 0.0052203
1.32 0.12 0.00540387
1.32 0.18 0.00551699
1.32 0.24 0.00555513
1.32 0.3 0.00551658
1.32 0.36 0.00540303
1.32 0.42 0.00521909
1.32 0.48 0.00497208
1.32 0.54 0.00467167
1.32 0.6 0.00432908
1.32 0.66 0.00395646
1.32 0.72 0.00356623
1.32 0.78 0.00317027
1.32 0.84 0.00277957
1.32 0.9 0.00240349
1.32 0.96 0.00204976
1.32 1.02 0.00172405
1.32 1.08 0.00143016
1.32 1.14 0.00117006
1.32 1.2 0.000944108
1.32 1.26 0.00075131
1.32 1.32 0.000589675
1.32 1.38 0.00045645
1.32 1.44 0.000348468
1.32 1.5 0.00026237
1.32 1.56 0.000194835
1.32 1.62 0.000142693
1.32 1.68 0.000103069
1.32 1.74 7.34245e-05
1.32 1.8 5.15872e-05
1.32 1.86 3.57467e-05
1.32 1.92 2.44297e-05
1.38 -1.2 0.000139623
1.38 -1.14 0.000193285
1.38 -1.08 0.000263893
1.38 -1.02 0.000355346
1.38 -0.96 0.000471914
1.38 -0.9 0.000618096
1.38 -0.84 0.00079845
1.38 -0.78 0.00101723
1.38 -0.72 0.00127816
1.38 -0.66 0.00158394
1.38 -0.6 0.0019359
1.38 -0.54 0.00233353
1.38 -0.48 0.00277419
1.38 -0.42 0.0032527
1.38 -0.36 0.00376135
1.38 -0.3 0.00428976
1.38 -0.24 0.00482512
1.38 -0.18 0.00535271
1.38 -0.12 0.00585638
1.38 -0.06 0.00631938
1.38 9.71445e-15 0.00672523
1.38 0.06 0.00705873
1.38 0.12 0.00730695
1.38 0.18 0.00746004
1.38 0.24 0.00751148
1.38 0.3 0.00745948
1.38 0.36 0.00730584
1.38 0.42 0.00705711
1.38 0.48 0.00672317
1.38 0.54 0.00631696
1.38 0.6 0.00585369
1.38 0.66 0.00534982
1.38 0.72 0.00482219
1.38 0.78 0.0042868
1.38 0.84 0.00375847
1.38 0.9 0.00324996
1.38 0.96 0.00277165
1.38 1.02 0.00233122
1.38 1.08 0.00193383
1.38 1.14 0.00158213
1.38 1.2 0.0012766
1.38 1.26 0.00101591
1.38 1.32 0.000797349
1.38 1.38 0.000617201
1.38 1.44 0.000471191
1.38 1.5 0.000354777
1.38 1.56 0.000263451
1.38 1.62 0.000192946
1.38 1.68 0.000139367
1.38 1.74 9.92829e-05
1.38 1.8 6.97559e-05
1.38 1.86 4.83363e-05
1.38 1.92 3.30331e-05
1.44 -1.2 0.000186202
1.44 -1.14 0.000257767
1.44 -1.08 0.000351932
1.44 -1.02 0.000473889
1.44 -0.96 0.000629335
1.44 -0.9 0.0008243
1.44 -0.84 0.00106479
1.44 -0.78 0.00135659
1.44 -0.72 0.00170456
1.44 -0.66 0.00211235
1.44 -0.6 0.00258171
1.44 -0.54 0.003112
1.44 -0.48 0.00369966
1.44 -0.42 0.0043378
1.44 -0.36 0.00501611
1.44 -0.3 0.00572081
1.44 -0.24 0.00643477
1.44 -0.18 0.00713834
1.44 -0.12 0.00781004
1.44 -0.06 0.00842749
1.44 9.71445e-15 0.00896872
1.44 0.06 0.00941351
1.44 0.12 0.00974458
1.44 0.18 0.00994863
1.44 0.24 0.0100173
1.44 0.3 0.00994786
1.44 0.36 0.00974312
1.44 0.42 0.00941139
1.44 0.48 0.00896597
1.44 0.54 0.00842424
1.44 0.6 0.00780648
1.44 0.66 0.00713459
1.44 0.72 0.00643083
1.44 0.78 0.00571685
1.44 0.84 0.0050123
1.44 0.9 0.00433417
1.44 0.96 0.00369621
1.44 1.02 0.00310888
1.44 1.08 0.00257894
1.44 1.14 0.00210991
1.44 1.2 0.00170245
1.44 1.26 0.00135482
1.44 1.32 0.00106334
1.44 1.38 0.000823093
1.44 1.44 0.000628379
1.44 1.5 0.000473129
1.44 1.56 0.000351337
1.44 1.62 0.000257313
1.44 1.68 0.00018586
1.44 1.74 0.000132404
1.44 1.8 9.30257e-05
1.44 1.86 6.44607e-05
1.44 1.92 4.40532e-05
1.44 1.98 2.96924e-05
1.5 -1.26 0.00017448
1.5 -1.2 0.000244906
1.5 -1.14 0.000339032
1.5 -1.08 0.000462883
1.5 -1.02 0.000623286
1.5 -0.96 0.000827746
1.5 -0.9 0.00108417
1.5 -0.84 0.0014005
1.5 -0.78 0.00178426
1.5 -0.72 0.00224194
1.5 -0.66 0.00277828
1.5 -0.6 0.00339562
1.5 -0.54 0.00409308
1.5 -0.48 0.00486599
1.5 -0.42 0.00570537
1.5 -0.36 0.00659753
1.5 -0.3 0.00752436
1.5 -0.24 0.0084634
1.5 -0.18 0.0093889
1.5 -0.12 0.0102723
1.5 -0.06 0.0110844
1.5 9.71445e-15 0.0117963
1.5 0.06 0.0123814
1.5 0.12 0.0128168
1.5 0.18 0.013085
1.5 0.24 0.0131755
1.5 0.3 0.013084
1.5 0.36 0.0128148
1.5 0.42 0.0123785
1.5 0.48 0.0117927
1.5 0.54 0.0110801
1.5 0.6 0.0102676
1.5 0.66 0.00938384
1.5 0.72 0.00845824
1.5 0.78 0.00751917
1.5 0.84 0.00659248
1.5 0.9 0.00570055
1.5 0.96 0.00486155
1.5 1.02 0.00408904
1.5 1.08 0.00339201
1.5 1.14 0.00277511
1.5 1.2 0.0022392
1.5 1.26 0.00178193
1.5 1.32 0.00139857
1.5 1.38 0.0010826
1.5 1.44 0.000826484
1.5 1.5 0.000622283
1.5 1.56 0.000462104
1.5 1.62 0.000338436
1.5 1.68 0.000244457
1.5 1.74 0.000174146
1.5 1.8 0.000122352
1.5 1.86 8.47831e-05
1.5 1.92 5.79417e-05
1.5 1.98 3.90534e-05
1.56 -1.32 0.000159032
1.56 -1.26 0.000226333
1.56 -1.2 0.000317686
1.56 -1.14 0.000439785
1.56 -1.08 0.000600445
1.56 -1.02 0.000808526
1.56 -0.96 0.00107374
1.56 -0.9 0.00140637
1.56 -0.84 0.0018167
1.56 -0.78 0.00231453
1.56 -0.72 0.00290821
1.56 -0.66 0.00360393
1.56 -0.6 0.00440474
1.56 -0.54 0.00530948
1.56 -0.48 0.00631212
1.56 -0.42 0.00740093
1.56 -0.36 0.00855821
1.56 -0.3 0.00976051
1.56 -0.24 0.0109786
1.56 -0.18 0.012179
1.56 -0.12 0.0133251
1.56 -0.06 0.0143785
1.56 9.71445e-15 0.0153019
1.56 0.06 0.0160608
1.56 0.12 0.0166257
1.56 0.18 0.0169738
1.56 0.24 0.0170909
1.56 0.3 0.0169725
1.56 0.36 0.0166232
1.56 0.42 0.0160571
1.56 0.48 0.0152971
1.56 0.54 0.0143728
1.56 0.6 0.0133189
1.56 0.66 0.0121726
1.56 0.72 0.010972
1.56 0.78 0.00975368
1.56 0.84 0.00855173
1.56 0.9 0.00739465
1.56 0.96 0.0063063
1.56 1.02 0.00530424
1.56 1.08 0.00440006
1.56 1.14 0.00359983
1.56 1.2 0.00290464
1.56 1.26 0.00231151
1.56 1.32 0.00181421
1.56 1.38 0.00140432
1.56 1.44 0.0010721
1.56 1.5 0.000807224
1.56 1.56 0.000599435
1.56 1.62 0.000439013
1.56 1.68 0.000317105
1.56 1.74 0.000225901
1.56 1.8 0.000158716
1.56 1.86 0.000109979
1.56 1.92 7.51612e-05
1.56 1.98 5.06592e-05
1.56 2.04 3.36762e-05
1.62 -1.32 0.000203457
1.62 -1.26 0.00028956
1.62 -1.2 0.000406435
1.62 -1.14 0.000562642
1.62 -1.08 0.000768179
1.62 -1.02 0.00103439
1.62 -0.96 0.0013737
1.62 -0.9 0.00179923
1.62 -0.84 0.00232422
1.62 -0.78 0.0029611
1.62 -0.72 0.00372061
1.62 -0.66 0.00461071
1.62 -0.6 0.00563523
1.62 -0.54 0.00679269
1.62 -0.48 0.00807539
1.62 -0.42 0.00946843
1.62 -0.36 0.010949
1.62 -0.3 0.0124872
1.62 -0.24 0.0140455
1.62 -0.18 0.0155814
1.62 -0.12 0.0170476
1.62 -0.06 0.0183952
1.62 9.71445e-15 0.0195766
1.62 0.06 0.0205476
1.62 0.12 0.0212701
1.62 0.18 0.0217154
1.62 0.24 0.0218655
1.62 0.3 0.0217138
1.62 0.36 0.0212668
1.62 0.42 0.0205428
1.62 0.48 0.0195706
1.62 0.54 0.0183881
1.62 0.6 0.0170396
1.62 0.66 0.015573
1.62 0.72 0.014037
1.62 0.78 0.0124785
1.62 0.84 0.0109407
1.62 0.9 0.00946037
1.62 0.96 0.00806806
1.62 1.02 0.00678603
1.62 1.08 0.00562925
1.62 1.14 0.00460548
1.62 1.2 0.0037161
1.62 1.26 0.00295723
1.62 1.32 0.00232102
1.62 1.38 0.00179663
1.62 1.44 0.0013716
1.62 1.5 0.00103272
1.62 1.56 0.000766889
1.62 1.62 0.000561655
1.62 1.68 0.00040569
1.62 1.74 0.000289006
1.62 1.8 0.000203053
1.62 1.86 0.000140702
1.62 1.92 9.61575e-05
1.62 1.98 6.48114e-05
1.62 2.04 4.30836e-05
1.68 -1.38 0.000177899
1.68 -1.32 0.000256717
1.68 -1.26 0.000365359
1.68 -1.2 0.000512829
1.68 -1.14 0.000709928
1.68 -1.08 0.000969272
1.68 -1.02 0.00130516
1.68 -0.96 0.00173328
1.68 -0.9 0.00227024
1.68 -0.84 0.00293261
1.68 -0.78 0.00373622
1.68 -0.72 0.0046946
1.68 -0.66 0.00581769
1.68 -0.6 0.00711038
1.68 -0.54 0.00857088
1.68 -0.48 0.0101894
1.68 -0.42 0.0119469
1.68 -0.36 0.0138151
1.68 -0.3 0.0157558
1.68 -0.24 0.0177223
1.68 -0.18 0.0196602
1.68 -0.12 0.02151
1.68 -0.06 0.0232105
1.68 9.71445e-15 0.0247012
1.68 0.06 0.0259263
1.68 0.12 0.0268381
1.68 0.18 0.0273997
1.68 0.24 0.0275893
1.68 0.3 0.0273976
1.68 0.36 0.026834
1.68 0.42 0.0259204
1.68 0.48 0.0246936
1.68 0.54 0.0232016
1.68 0.6 0.0215002
1.68 0.66 0.0196497
1.68 0.72 0.0177114
1.68 0.78 0.015745
1.68 0.84 0.0138046
1.68 0.9 0.0119369
1.68 0.96 0.01018
1.68 1.02 0.00856236
1.68 1.08 0.00710278
1.68 1.14 0.00581103
1.68 1.2 0.00468885
1.68 1.26 0.00373135
1.68 1.32 0.00292858
1.68 1.38 0.00226694
1.68 1.44 0.00173064
1.68 1.5 0.00130305
1.68 1.56 0.00096764
1.68 1.62 0.000708681
1.68 1.68 0.000511889
1.68 1.74 0.000364661
1.68 1.8 0.000256205
1.68 1.86 0.000177534
1.68 1.92 0.000121329
1.68 1.98 8.1777e-05
1.68 2.04 5.43616e-05
1.74 -1.38 0.000221385
1.74 -1.32 0.000319465
1.74 -1.26 0.000454662
1.74 -1.2 0.000638177
1.74 -1.14 0.000883453
1.74 -1.08 0.00120619
1.74 -1.02 0.00162417
1.74 -0.96 0.00215694
1.74 -0.9 0.00282515
1.74 -0.84 0.0036494
1.74 -0.78 0.00464946
1.74 -0.72 0.0058421
1.74 -0.66 0.00723972
1.74 -0.6 0.00884839
1.74 -0.54 0.0106659
1.74 -0.48 0.01268
1.74 -0.42 0.014867
1.74 -0.36 0.0171919
1.74 -0.3 0.0196071
1.74 -0.24 0.0220541
1.74 -0.18 0.0244655
1.74 -0.12 0.0267675
1.74 -0.06 0.0288837
1.74 9.71445e-15 0.0307387
1.74 0.06 0.0322633
1.74 0.12 0.0333979
1.74 0.18 0.0340972
1.74 0.24 0.0343328
1.74 0.3 0.0340946
1.74 0.36 0.0333929
1.74 0.42 0.032256
1.74 0.48 0.0307294
1.74 0.54 0.0288727
1.74 0.6 0.0267554
1.74 0.66 0.0244526
1.74 0.72 0.0220405
1.74 0.78 0.0195936
1.74 0.84 0.0171788
1.74 0.9 0.0148546
1.74 0.96 0.0126682
1.74 1.02 0.0106551
1.74 1.08 0.00883885
1.74 1.14 0.00723133
1.74 1.2 0.00583488
1.74 1.26 0.00464342
1.74 1.32 0.00364442
1.74 1.38 0.00282102
1.74 1.44 0.00215366
1.74 1.5 0.00162157
1.74 1.56 0.00120415
1.74 1.62 0.000881896
1.74 1.68 0.000637005
1.74 1.74 0.000453791
1.74 1.8 0.00031883
1.74 1.86 0.000220928
1.74 1.92 0.000150985
1.74 1.98 0.000101765
1.74 2.04 6.76488e-05
1.74 2.1 4.43518e-05
1.8 -1.44 0.000185702
1.8 -1.38 0.000271711
1.8 -1.32 0.000392087
1.8 -1.26 0.000558011
1.8 -1.2 0.000783243
1.8 -1.14 0.00108427
1.8 -1.08 0.00148037
1.8 -1.02 0.00199338
1.8 -0.96 0.00264727
1.8 -0.9 0.00346734
1.8 -0.84 0.00447902
1.8 -0.78 0.00570635
1.8 -0.72 0.0071701
1.8 -0.66 0.00888546
1.8 -0.6 0.0108598
1.8 -0.54 0.0130905
1.8 -0.48 0.0155623
1.8 -0.42 0.0182466
1.8 -0.36 0.0211001
1.8 -0.3 0.0240641
1.8 -0.24 0.0270676
1.8 -0.18 0.030027
1.8 -0.12 0.0328521
1.8 -0.06 0.0354495
1.8 9.71445e-15 0.0377261
1.8 0.06 0.039597
1.8 0.12 0.04099
1.8 0.18 0.0418484
1.8 0.24 0.042137
1.8 0.3 0.0418452
1.8 0.36 0.0409837
1.8 0.42 0.0395882
1.8 0.48 0.0377147
1.8 0.54 0.035436
1.8 0.6 0.0328374
1.8 0.66 0.0300109
1.8 0.72 0.0270509
1.8 0.78 0.0240476
1.8 0.84 0.0210838
1.8 0.9 0.0182314
1.8 0.96 0.015548
1.8 1.02 0.0130773
1.8 1.08 0.0108481
1.8 1.14 0.00887519
1.8 1.2 0.0071613
1.8 1.26 0.00569898
1.8 1.32 0.00447286
1.8 1.38 0.00346232
1.8 1.44 0.00264322
1.8 1.5 0.00199019
1.8 1.56 0.00147789
1.8 1.62 0.00108237
1.8 1.68 0.000781808
1.8 1.74 0.00055695
1.8 1.8 0.000391309
1.8 1.86 0.000271149
1.8 1.92 0.000185307
1.8 1.98 0.000124899
1.8 2.04 8.30274e-05
1.8 2.1 5.44334e-05
1.86 -1.44 0.000224786
1.86 -1.38 0.00032889
1.86 -1.32 0.000474603
1.86 -1.26 0.000675452
1.86 -1.2 0.000948083
1.86 -1.14 0.00131247
1.86 -1.08 0.00179193
1.86 -1.02 0.0024129
1.86 -0.96 0.00320436
1.86 -0.9 0.00419707
1.86 -0.84 0.0054216
1.86 -0.78 0.00690731
1.86 -0.72 0.00867907
1.86 -0.66 0.0107553
1.86 -0.6 0.0131452
1.86 -0.54 0.0158453
1.86 -0.48 0.0188375
1.86 -0.42 0.0220867
1.86 -0.36 0.0255405
1.86 -0.3 0.0291285
1.86 -0.24 0.0327638
1.86 -0.18 0.0363463
1.86 -0.12 0.0397662
1.86 -0.06 0.0429099
1.86 9.71445e-15 0.0456657
1.86 0.06 0.0479307
1.86 0.12 0.0496166
1.86 0.18 0.050655
1.86 0.24 0.0510052
1.86 0.3 0.0506512
1.86 0.36 0.049609
1.86 0.42 0.0479198
1.86 0.48 0.0456518
1.86 0.54 0.0428935
1.86 0.6 0.0397481
1.86 0.66 0.0363271
1.86 0.72 0.0327438
1.86 0.78 0.0291083
1.86 0.84 0.0255211
1.86 0.9 0.0220681
1.86 0.96 0.01882
1.86 1.02 0.0158295
1.86 1.08 0.0131312
1.86 1.14 0.010743
1.86 1.2 0.00866841
1.86 1.26 0.00689828
1.86 1.32 0.00541419
1.86 1.38 0.00419096
1.86 1.44 0.0031995
1.86 1.5 0.00240901
1.86 1.56 0.00178891
1.86 1.62 0.00131016
1.86 1.68 0.000946345
1.86 1.74 0.000674161
1.86 1.8 0.000473658
1.86 1.86 0.000328211
1.86 1.92 0.000224306
1.86 1.98 0.000151183
1.86 2.04 0.000100501
1.86 2.1 6.58896e-05
1.92 -1.5 0.000180887
1.92 -1.44 0.000268351
1.92 -1.38 0.000392635
1.92 -1.32 0.000566585
1.92 -1.26 0.000806357
1.92 -1.2 0.00113183
1.92 -1.14 0.00156684
1.92 -1.08 0.00213921
1.92 -1.02 0.00288053
1.92 -0.96 0.00382546
1.92 -0.9 0.00501049
1.92 -0.84 0.00647244
1.92 -0.78 0.00824594
1.92 -0.72 0.0103612
1.92 -0.66 0.01284
1.92 -0.6 0.015693
1.92 -0.54 0.0189164
1.92 -0.48 0.0224884
1.92 -0.42 0.0263671
1.92 -0.36 0.0304908
1.92 -0.3 0.0347737
1.92 -0.24 0.0391141
1.92 -0.18 0.0433907
1.92 -0.12 0.0474732
1.92 -0.06 0.0512263
1.92 9.71445e-15 0.0545163
1.92 0.06 0.05722
1.92 0.12 0.0592327
1.92 0.18 0.0604729
1.92 0.24 0.0608904
1.92 0.3 0.0604682
1.92 0.36 0.0592235
1.92 0.42 0.0572072
1.92 0.48 0.0545
1.92 0.54 0.0512071
1.92 0.6 0.0474519
1.92 0.66 0.0433674
1.92 0.72 0.0390898
1.92 0.78 0.0347502
1.92 0.84 0.0304671
1.92 0.9 0.0263453
1.92 0.96 0.0224678
1.92 1.02 0.0188974
1.92 1.08 0.015676
1.92 1.14 0.0128251
1.92 1.2 0.0103485
1.92 1.26 0.00823533
1.92 1.32 0.00646348
1.92 1.38 0.00500324
1.92 1.44 0.00381957
1.92 1.5 0.00287593
1.92 1.56 0.00213562
1.92 1.62 0.00156408
1.92 1.68 0.00112976
1.92 1.74 0.000804821
1.92 1.8 0.00056546
1.92 1.86 0.000391825
1.92 1.92 0.000267777
1.92 1.98 0.000180486
1.92 2.04 0.000119978
1.92 2.1 7.86593e-05
1.98 -1.5 0.000212976
1.98 -1.44 0.00031596
1.98 -1.38 0.00046229
1.98 -1.32 0.000667094
1.98 -1.26 0.000949413
1.98 -1.2 0.00133263
1.98 -1.14 0.0018448
1.98 -1.08 0.00251872
1.98 -1.02 0.00339154
1.98 -0.96 0.0045041
1.98 -0.9 0.00589938
1.98 -0.84 0.00762064
1.98 -0.78 0.00970884
1.98 -0.72 0.0121993
1.98 -0.66 0.0151178
1.98 -0.6 0.0184769
1.98 -0.54 0.0222721
1.98 -0.48 0.0264777
1.98 -0.42 0.0310451
1.98 -0.36 0.0358996
1.98 -0.3 0.040943
1.98 -0.24 0.0460526
1.98 -0.18 0.0510885
1.98 -0.12 0.0558958
1.98 -0.06 0.0603146
1.98 9.71445e-15 0.0641883
1.98 0.06 0.0673717
1.98 0.12 0.0697406
1.98 0.18 0.0712007
1.98 0.24 0.0716931
1.98 0.3 0.0711952
1.98 0.36 0.0697299
1.98 0.42 0.0673562
1.98 0.48 0.0641686
1.98 0.54 0.0602915
1.98 0.6 0.0558701
1.98 0.66 0.051061
1.98 0.72 0.0460245
1.98 0.78 0.0409149
1.98 0.84 0.0358722
1.98 0.9 0.031019
1.98 0.96 0.0264535
1.98 1.02 0.02225
1.98 1.08 0.0184572
1.98 1.14 0.0151004
1.98 1.2 0.0121843
1.98 1.26 0.00969622
1.98 1.32 0.00761019
1.98 1.38 0.00589079
1.98 1.44 0.00449723
1.98 1.5 0.00338609
1.98 1.56 0.00251447
1.98 1.62 0.00184156
1.98 1.68 0.00133018
1.98 1.74 0.000947593
1.98 1.8 0.000665767
1.98 1.86 0.000461339
1.98 1.92 0.000315282
1.98 1.98 0.000212506
1.98 2.04 0.000141262
1.98 2.1 9.26142e-05
2.04 -1.56 0.000164414
2.04 -1.5 0.000247313
2.04 -1.44 0.000366895
2.04 -1.38 0.00053682
2.04 -1.32 0.000774651
2.04 -1.26 0.00110247
2.04 -1.2 0.00154746
2.04 -1.14 0.0021422
2.04 -1.08 0.00292478
2.04 -1.02 0.00393836
2.04 -0.96 0.00523024
2.04 -0.9 0.00685047
2.04 -0.84 0.00884925
2.04 -0.78 0.0112742
2.04 -0.72 0.014166
2.04 -0.66 0.0175548
2.04 -0.6 0.0214556
2.04 -0.54 0.0258626
2.04 -0.48 0.0307466
2.04 -0.42 0.0360503
2.04 -0.36 0.0416873
2.04 -0.3 0.0475439
2.04 -0.24 0.0534773
2.04 -0.18 0.0593247
2.04 -0.12 0.064907
2.04 -0.06 0.0700383
2.04 9.71445e-15 0.0745363
2.04 0.06 0.0782329
2.04 0.12 0.0809843
2.04 0.18 0.08268
2.04 0.24 0.0832506
2.04 0.3 0.0826737
2.04 0.36 0.0809721
2.04 0.42 0.0782145
2.04 0.48 0.074513
2.04 0.54 0.0700109
2.04 0.6 0.0648765
2.04 0.66 0.0592931
2.04 0.72 0.053445
2.04 0.78 0.0475105
2.04 0.84 0.0416558
2.04 0.9 0.0360195
2.04 0.96 0.0307183
2.04 1.02 0.0258372
2.04 1.08 0.0214329
2.04 1.14 0.017535
2.04 1.2 0.0141487
2.04 1.26 0.0112594
2.04 1.32 0.00883711
2.04 1.38 0.00684049
2.04 1.44 0.00522226
2.04 1.5 0.00393201
2.04 1.56 0.00291986
2.04 1.62 0.00213844
2.04 1.68 0.00154462
2.04 1.74 0.00110037
2.04 1.8 0.00077311
2.04 1.86 0.000535712
2.04 1.92 0.000366112
2.04 1.98 0.000246764
2.04 2.04 0.000164038
2.04 2.1 0.000107545
2.04 2.16 6.95383e-05
2.1 -1.56 0.000188298
2.1 -1.5 0.000283236
2.1 -1.44 0.000420192
2.1 -1.38 0.000614795
2.1 -1.32 0.000887174
2.1 -1.26 0.00126262
2.1 -1.2 0.00177225
2.1 -1.14 0.00245339
2.1 -1.08 0.00334963
2.1 -1.02 0.00451041
2.1 -0.96 0.00598999
2.1 -0.9 0.00784554
2.1 -0.84 0.0101347
2.1 -0.78 0.0129117
2.1 -0.72 0.0162236
2.1 -0.66 0.020105
2.1 -0.6 0.0245724
2.1 -0.54 0.0296196
2.1 -0.48 0.0352125
2.1 -0.42 0.0412866
2.1 -0.36 0.0477431
2.1 -0.3 0.0544494
2.1 -0.24 0.0612456
2.1 -0.18 0.0679425
2.1 -0.12 0.074335
2.1 -0.06 0.0802113
2.1 9.71445e-15 0.0853628
2.1 0.06 0.089597
2.1 0.12 0.0927483
2.1 0.18 0.0946894
2.1 0.24 0.0953439
2.1 0.3 0.0946821
2.1 0.36 0.092734
2.1 0.42 0.0895763
2.1 0.48 0.0853368
2.1 0.54 0.0801809
2.1 0.6 0.0743007
2.1 0.66 0.0679058
2.1 0.72 0.0612077
2.1 0.78 0.0544124
2.1 0.84 0.0477062
2.1 0.9 0.0412519
2.1 0.96 0.0351806
2.1 1.02 0.0295902
2.1 1.08 0.0245461
2.1 1.14 0.020082
2.1 1.2 0.016204
2.1 1.26 0.012895
2.1 1.32 0.0101206
2.1 1.38 0.0078342
2.1 1.44 0.00598078
2.1 1.5 0.00450318
2.1 1.56 0.00334402
2.1 1.62 0.00244909
2.1 1.68 0.00176901
2.1 1.74 0.00126021
2.1 1.8 0.000885408
2.1 1.86 0.000613527
2.1 1.92 0.000419294
2.1 1.98 0.000282609
2.1 2.04 0.000187865
2.1 2.1 0.000123167
2.1 2.16 7.96397e-05
2.16 -1.56 0.000212684
2.16 -1.5 0.000319922
2.16 -1.44 0.000474609
2.16 -1.38 0.000694426
2.16 -1.32 0.00100208
2.16 -1.26 0.00142614
2.16 -1.2 0.00200176
2.16 -1.14 0.00277111
2.16 -1.08 0.00378345
2.16 -1.02 0.00509461
2.16 -0.96 0.00676578
2.16 -0.9 0.00886164
2.16 -0.84 0.0114473
2.16 -0.78 0.0145841
2.16 -0.72 0.0183249
2.16 -0.66 0.0227088
2.16 -0.6 0.0277548
2.16 -0.54 0.0334557
2.16 -0.48 0.0397732
2.16 -0.42 0.046634
2.16 -0.36 0.0539263
2.16 -0.3 0.0615018
2.16 -0.24 0.0691778
2.16 -0.18 0.0767415
2.16 -0.12 0.0839625
2.16 -0.06 0.0906
2.16 9.71445e-15 0.0964186
2.16 0.06 0.1012
2.16 0.12 0.10476
2.16 0.18 0.106954
2.16 0.24 0.107691
2.16 0.3 0.106946
2.16 0.36 0.104744
2.16 0.42 0.101177
2.16 0.48 0.0963888
2.16 0.54 0.0905651
2.16 0.6 0.0839233
2.16 0.66 0.0767005
2.16 0.72 0.0691357
2.16 0.78 0.0614592
2.16 0.84 0.0538853
2.16 0.9 0.0465945
2.16 0.96 0.0397368
2.16 1.02 0.0334226
2.16 1.08 0.0277253
2.16 1.14 0.0226829
2.16 1.2 0.0183025
2.16 1.26 0.0145651
2.16 1.32 0.0114315
2.16 1.38 0.00884879
2.16 1.44 0.00675541
2.16 1.5 0.00508642
2.16 1.56 0.0037771
2.16 1.62 0.00276626
2.16 1.68 0.00199811
2.16 1.74 0.00142342
2.16 1.8 0.00100009
2.16 1.86 0.000692989
2.16 1.92 0.000473598
2.16 1.98 0.000319212
2.16 2.04 0.000212198
2.16 2.1 0.000139119
2.16 2.16 8.99535e-05
2.22 -1.56 0.000236928
2.22 -1.5 0.000356388
2.22 -1.44 0.000528714
2.22 -1.38 0.000773582
2.22 -1.32 0.0011163
2.22 -1.26 0.00158871
2.22 -1.2 0.00222996
2.22 -1.14 0.00308701
2.22 -1.08 0.00421472
2.22 -1.02 0.00567532
2.22 -0.96 0.00753703
2.22 -0.9 0.00987174
2.22 -0.84 0.0127522
2.22 -0.78 0.0162465
2.22 -0.72 0.0204136
2.22 -0.66 0.0252974
2.22 -0.6 0.0309186
2.22 -0.54 0.0372692
2.22 -0.48 0.0443067
2.22 -0.42 0.0519499
2.22 -0.36 0.0600735
2.22 -0.3 0.0685125
2.22 -0.24 0.077063
2.22 -0.18 0.0854899
2.22 -0.12 0.0935338
2.22 -0.06 0.100928
2.22 9.71445e-15 0.10741
2.22 0.06 0.112737
2.22 0.12 0.116702
2.22 0.18 0.119145
2.22 0.24 0.119968
2.22 0.3 0.119136
2.22 0.36 0.116684
2.22 0.42 0.112711
2.22 0.48 0.107377
2.22 0.54 0.100889
2.22 0.6 0.0934902
2.22 0.66 0.0854433
2.22 0.72 0.0770163
2.22 0.78 0.0684653
2.22 0.84 0.0600275
2.22 0.9 0.0519057
2.22 0.96 0.0442667
2.22 1.02 0.0372326
2.22 1.08 0.0308857
2.22 1.14 0.0252686
2.22 1.2 0.020389
2.22 1.26 0.0162253
2.22 1.32 0.0127346
2.22 1.38 0.0098575
2.22 1.44 0.00752548
2.22 1.5 0.00566617
2.22 1.56 0.00420765
2.22 1.62 0.0030816
2.22 1.68 0.00222588
2.22 1.74 0.00158568
2.22 1.8 0.00111408
2.22 1.86 0.000771983
2.22 1.92 0.000527582
2.22 1.98 0.000355599
2.22 2.04 0.000236385
2.22 2.1 0.000154977
2.22 2.16 0.000100208
2.28 -1.62 0.000170675
2.28 -1.56 0.000260308
2.28 -1.5 0.000391551
2.28 -1.44 0.000580889
2.28 -1.38 0.000849908
2.28 -1.32 0.00122646
2.28 -1.26 0.00174549
2.28 -1.2 0.00245002
2.28 -1.14 0.00339165
2.28 -1.08 0.00463065
2.28 -1.02 0.00623533
2.28 -0.96 0.00828071
2.28 -0.9 0.010846
2.28 -0.84 0.0140105
2.28 -0.78 0.0178496
2.28 -0.72 0.0224282
2.28 -0.66 0.0277937
2.28 -0.6 0.0339695
2.28 -0.54 0.0409469
2.28 -0.48 0.0486791
2.28 -0.42 0.057076
2.28 -0.36 0.0660014
2.28 -0.3 0.075273
2.28 -0.24 0.0846674
2.28 -0.18 0.0939259
2.28 -0.12 0.102764
2.28 -0.06 0.110887
2.28 9.71445e-15 0.118009
2.28 0.06 0.123862
2.28 0.12 0.128218
2.28 0.18 0.130901
2.28 0.24 0.131807
2.28 0.3 0.130891
2.28 0.36 0.128198
2.28 0.42 0.123834
2.28 0.48 0.117973
2.28 0.54 0.110845
2.28 0.6 0.102716
2.28 0.66 0.0938754
2.28 0.72 0.0846155
2.28 0.78 0.0752212
2.28 0.84 0.0659506
2.28 0.9 0.057028
2.28 0.96 0.0486346
2.28 1.02 0.0409064
2.28 1.08 0.0339333
2.28 1.14 0.027762
2.28 1.2 0.0224008
2.28 1.26 0.0178264
2.28 1.32 0.0139912
2.28 1.38 0.0108302
2.28 1.44 0.00826807
2.28 1.5 0.00622529
2.28 1.56 0.00462286
2.28 1.62 0.0033857
2.28 1.68 0.00244553
2.28 1.74 0.00174215
2.28 1.8 0.00122401
2.28 1.86 0.000848162
2.28 1.92 0.000579645
2.28 1.98 0.000390687
2.28 2.04 0.00025971
2.28 2.1 0.000170271
2.28 2.16 0.000110097
2.34 -1.62 0.000184938
2.34 -1.56 0.000282062
2.34 -1.5 0.00042428
2.34 -1.44 0.000629436
2.34 -1.38 0.000920945
2.34 -1.32 0.00132895
2.34 -1.26 0.00189137
2.34 -1.2 0.00265478
2.34 -1.14 0.00367512
2.34 -1.08 0.00501766
2.34 -1.02 0.00675644
2.34 -0.96 0.00897278
2.34 -0.9 0.0117524
2.34 -0.84 0.0151814
2.34 -0.78 0.0193414
2.34 -0.72 0.0243028
2.34 -0.66 0.0301168
2.34 -0.6 0.0368088
2.34 -0.54 0.0443694
2.34 -0.48 0.0527478
2.34 -0.42 0.0618459
2.34 -0.36 0.0715174
2.34 -0.3 0.0815639
2.34 -0.24 0.0917438
2.34 -0.18 0.101775
2.34 -0.12 0.111352
2.34 -0.06 0.120155
2.34 9.71445e-15 0.127871
2.34 0.06 0.134214
2.34 0.12 0.138933
2.34 0.18 0.141842
2.34 0.24 0.142823
2.34 0.3 0.141831
2.34 0.36 0.138912
2.34 0.42 0.134183
2.34 0.48 0.127833
2.34 0.54 0.120109
2.34 0.6 0.111301
2.34 0.66 0.101721
2.34 0.72 0.0916868
2.34 0.78 0.0815083
2.34 0.84 0.0714624
2.34 0.9 0.0617945
2.34 0.96 0.0526991
2.34 1.02 0.0443248
2.34 1.08 0.036769
2.34 1.14 0.030082
2.34 1.2 0.0242728
2.34 1.26 0.0193164
2.34 1.32 0.0151605
2.34 1.38 0.0117353
2.34 1.44 0.00895906
2.34 1.5 0.00674563
2.34 1.56 0.00500919
2.34 1.62 0.00366864
2.34 1.68 0.0026499
2.34 1.74 0.00188774
2.34 1.8 0.00132631
2.34 1.86 0.000919049
2.34 1.92 0.000628088
2.34 1.98 0.00042334
2.34 2.04 0.000281414
2.34 2.1 0.000184501
2.34 2.16 0.000119299
2.4 -1.62 0.000197639
2.4 -1.56 0.000301436
2.4 -1.5 0.000453421
2.4 -1.44 0.000672663
2.4 -1.38 0.000984198
2.4 -1.32 0.00142023
2.4 -1.26 0.00202126
2.4 -1.2 0.00283709
2.4 -1.14 0.00392749
2.4 -1.08 0.00536225
2.4 -1.02 0.00722051
2.4 -0.96 0.00958908
2.4 -0.9 0.0125595
2.4 -0.84 0.0162241
2.4 -0.78 0.0206698
2.4 -0.72 0.0259718
2.4 -0.66 0.0321853
2.4 -0.6 0.0393369
2.4 -0.54 0.0474168
2.4 -0.48 0.0563703
2.4 -0.42 0.0660933
2.4 -0.36 0.0764297
2.4 -0.3 0.0871651
2.4 -0.24 0.0980453
2.4 -0.18 0.108766
2.4 -0.12 0.118999
2.4 -0.06 0.128406
2.4 9.71445e-15 0.136653
2.4 0.06 0.143431
2.4 0.12 0.148476
2.4 0.18 0.151584
2.4 0.24 0.152631
2.4 0.3 0.151573
2.4 0.36 0.148453
2.4 0.42 0.143398
2.4 0.48 0.136612
2.4 0.54 0.128358
2.4 0.6 0.118945
2.4 0.66 0.108707
2.4 0.72 0.0979846
2.4 0.78 0.0871064
2.4 0.84 0.0763706
2.4 0.9 0.0660384
2.4 0.96 0.0563189
2.4 1.02 0.0473694
2.4 1.08 0.0392945
2.4 1.14 0.0321482
2.4 1.2 0.0259401
2.4 1.26 0.0206431
2.4 1.32 0.0162016
2.4 1.38 0.0125414
2.4 1.44 0.0095743
2.4 1.5 0.00720894
2.4 1.56 0.00535327
2.4 1.62 0.00392062
2.4 1.68 0.00283191
2.4 1.74 0.00201741
2.4 1.8 0.00141741
2.4 1.86 0.000982167
2.4 1.92 0.000671227
2.4 1.98 0.000452415
2.4 2.04 0.000300745
2.4 2.1 0.000197172
2.4 2.16 0.000127492
2.46 -1.62 0.000208312
2.46 -1.56 0.000317711
2.46 -1.5 0.000477898
2.46 -1.44 0.000708986
2.46 -1.38 0.00103733
2.46 -1.32 0.00149691
2.46 -1.26 0.0021304
2.46 -1.2 0.0029903
2.46 -1.14 0.00413958
2.46 -1.08 0.0056518
2.46 -1.02 0.00761033
2.46 -0.96 0.0101068
2.46 -0.9 0.0132377
2.46 -0.84 0.0171
2.46 -0.78 0.0217858
2.46 -0.72 0.0273741
2.46 -0.66 0.033923
2.46 -0.6 0.0414606
2.46 -0.54 0.0499768
2.46 -0.48 0.059414
2.46 -0.42 0.0696624
2.46 -0.36 0.0805555
2.46 -0.3 0.0918722
2.46 -0.24 0.103338
2.46 -0.18 0.114638
2.46 -0.12 0.125425
2.46 -0.06 0.13534
2.46 9.71445e-15 0.144032
2.46 0.06 0.151176
2.46 0.12 0.156492
2.46 0.18 0.159767
2.46 0.24 0.160873
2.46 0.3 0.159755
2.46 0.36 0.156468
2.46 0.42 0.151142
2.46 0.48 0.143989
2.46 0.54 0.135289
2.46 0.6 0.125368
2.46 0.66 0.114577
2.46 0.72 0.103274
2.46 0.78 0.0918093
2.46 0.84 0.0804939
2.46 0.9 0.069604
2.46 0.96 0.0593592
2.46 1.02 0.049927
2.46 1.08 0.0414162
2.46 1.14 0.033884
2.46 1.2 0.0273406
2.46 1.26 0.0217575
2.46 1.32 0.0170765
2.46 1.38 0.0132184
2.46 1.44 0.0100914
2.46 1.5 0.00759811
2.46 1.56 0.00564227
2.46 1.62 0.0041323
2.46 1.68 0.00298481
2.46 1.74 0.00212632
2.46 1.8 0.00149392
2.46 1.86 0.0010352
2.46 1.92 0.000707467
2.46 1.98 0.000476843
2.46 2.04 0.00031698
2.46 2.1 0.000207819
2.46 2.16 0.000134376
2.52 -1.68 0.000140025
2.52 -1.62 0.00021654
2.52 -1.56 0.000330261
2.52 -1.5 0.000496781
2.52 -1.44 0.00073699
2.52 -1.38 0.00107832
2.52 -1.32 0.00155604
2.52 -1.26 0.00221455
2.52 -1.2 0.0031084
2.52 -1.14 0.00430307
2.52 -1.08 0.00587502
2.52 -1.02 0.00791099
2.52 -0.96 0.0105061
2.52 -0.9 0.0137605
2.52 -0.84 0.0177757
2.52 -0.78 0.0226464
2.52 -0.72 0.0284552
2.52 -0.66 0.0352629
2.52 -0.6 0.0430985
2.52 -0.54 0.0519508
2.52 -0.48 0.0617604
2.52 -0.42 0.0724145
2.52 -0.36 0.0837384
2.52 -0.3 0.0955014
2.52 -0.24 0.107421
2.52 -0.18 0.119167
2.52 -0.12 0.130379
2.52 -0.06 0.140686
2.52 9.71445e-15 0.149722
2.52 0.06 0.157148
2.52 0.12 0.162674
2.52 0.18 0.16608
2.52 0.24 0.167227
2.52 0.3 0.166068
2.52 0.36 0.162649
2.52 0.42 0.157111
2.52 0.48 0.149676
2.52 0.54 0.140633
2.52 0.6 0.130319
2.52 0.66 0.119102
2.52 0.72 0.107355
2.52 0.78 0.0954361
2.52 0.84 0.0836741
2.52 0.9 0.0723531
2.52 0.96 0.0617047
2.52 1.02 0.0518996
2.52 1.08 0.0430525
2.52 1.14 0.0352227
2.52 1.2 0.0284208
2.52 1.26 0.022617
2.52 1.32 0.0177511
2.52 1.38 0.0137407
2.52 1.44 0.01049
2.52 1.5 0.00789826
2.52 1.56 0.00586518
2.52 1.62 0.00429554
2.52 1.68 0.00310272
2.52 1.74 0.00221032
2.52 1.8 0.00155295
2.52 1.86 0.00107609
2.52 1.92 0.000735412
2.52 1.98 0.000495681
2.52 2.04 0.000329503
2.52 2.1 0.000216027
2.52 2.16 0.000139683
2.58 -1.68 0.000143557
2.58 -1.62 0.000222
2.58 -1.56 0.000338586
2.58 -1.5 0.00050931
2.58 -1.44 0.000755567
2.58 -1.38 0.00110552
2.58 -1.32 0.00159528
2.58 -1.26 0.00227038
2.58 -1.2 0.00318678
2.58 -1.14 0.00441158
2.58 -1.08 0.00602317
2.58 -1.02 0.00811046
2.58 -0.96 0.010771
2.58 -0.9 0.0141076
2.58 -0.84 0.0182239
2.58 -0.78 0.0232175
2.58 -0.72 0.029173
2.58 -0.66 0.0361521
2.58 -0.6 0.0441852
2.58 -0.54 0.053261
2.58 -0.48 0.0633186
2.58 -0.42 0.0742401
2.58 -0.36 0.0858494
2.58 -0.3 0.0979101
2.58 -0.24 0.11013
2.58 -0.18 0.12217
2.58 -0.12 0.133667
2.58 -0.06 0.144234
2.58 9.71445e-15 0.153497
2.58 0.06 0.161109
2.58 0.12 0.166775
2.58 0.18 0.170269
2.58 0.24 0.171443
2.58 0.3 0.170256
2.58 0.36 0.166749
2.58 0.42 0.161072
2.58 0.48 0.15345
2.58 0.54 0.144179
2.58 0.6 0.133605
2.58 0.66 0.122106
2.58 0.72 0.110062
2.58 0.78 0.0978422
2.58 0.84 0.0857837
2.58 0.9 0.0741779
2.58 0.96 0.0632602
2.58 1.02 0.0532079
2.58 1.08 0.0441378
2.58 1.14 0.0361106
2.58 1.2 0.0291371
2.58 1.26 0.0231874
2.58 1.32 0.0181988
2.58 1.38 0.014087
2.58 1.44 0.0107545
2.58 1.5 0.0080975
2.58 1.56 0.00601305
2.58 1.62 0.0044038
2.58 1.68 0.00318092
2.58 1.74 0.00226605
2.58 1.8 0.00159212
2.58 1.86 0.00110323
2.58 1.92 0.000753952
2.58 1.98 0.000508181
2.58 2.04 0.000337813
2.58 2.1 0.000221474
2.58 2.16 0.000143205
2.64 -1.68 0.000145153
2.64 -1.62 0.00022447
2.64 -1.56 0.000342355
2.64 -1.5 0.000514971
2.64 -1.44 0.000763981
2.64 -1.38 0.0011178
2.64 -1.32 0.00161302
2.64 -1.26 0.00229566
2.64 -1.2 0.00322226
2.64 -1.14 0.00446069
2.64 -1.08 0.00609021
2.64 -1.02 0.00820066
2.64 -0.96 0.0108908
2.64 -0.9 0.0142646
2.64 -0.84 0.0184265
2.64 -0.78 0.0234757
2.64 -0.72 0.0294976
2.64 -0.66 0.0365545
2.64 -0.6 0.0446769
2.64 -0.54 0.0538536
2.64 -0.48 0.0640229
2.64 -0.42 0.0750659
2.64 -0.36 0.0868046
2.64 -0.3 0.0989986
2.64 -0.24 0.111355
2.64 -0.18 0.12353
2.64 -0.12 0.135154
2.64 -0.06 0.145838
2.64 9.71445e-15 0.155205
2.64 0.06 0.162903
2.64 0.12 0.168631
2.64 0.18 0.172161
2.64 0.24 0.173352
2.64 0.3 0.172148
2.64 0.36 0.168605
2.64 0.42 0.162866
2.64 0.48 0.155158
2.64 0.54 0.145783
2.64 0.6 0.135093
2.64 0.66 0.123465
2.64 0.72 0.111285
2.64 0.78 0.0989312
2.64 0.84 0.0867378
2.64 0.9 0.0750034
2.64 0.96 0.0639639
2.64 1.02 0.0537996
2.64 1.08 0.0446287
2.64 1.14 0.0365123
2.64 1.2 0.0294613
2.64 1.26 0.0234453
2.64 1.32 0.0184011
2.64 1.38 0.0142438
2.64 1.44 0.0108741
2.64 1.5 0.00818754
2.64 1.56 0.00607993
2.64 1.62 0.00445283
2.64 1.68 0.00321634
2.64 1.74 0.00229126
2.64 1.8 0.00160982
2.64 1.86 0.0011155
2.64 1.92 0.000762345
2.64 1.98 0.000513832
2.64 2.04 0.000341568
2.64 2.1 0.000223939
2.64 2.16 0.0001448
2.7 -1.68 0.000144752
2.7 -1.62 0.000223847
2.7 -1.56 0.000341403
2.7 -1.5 0.000513544
2.7 -1.44 0.000761857
2.7 -1.38 0.00111471
2.7 -1.32 0.00160855
2.7 -1.26 0.00228927
2.7 -1.2 0.00321329
2.7 -1.14 0.00444828
2.7 -1.08 0.00607329
2.7 -1.02 0.00817795
2.7 -0.96 0.0108605
2.7 -0.9 0.014225
2.7 -0.84 0.0183753
2.7 -0.78 0.0234107
2.7 -0.72 0.0294157
2.7 -0.66 0.0364527
2.7 -0.6 0.0445525
2.7 -0.54 0.0537038
2.7 -0.48 0.0638453
2.7 -0.42 0.0748582
2.7 -0.36 0.0865627
2.7 -0.3 0.0987248
2.7 -0.24 0.111045
2.7 -0.18 0.123187
2.7 -0.12 0.134779
2.7 -0.06 0.145435
2.7 9.71445e-15 0.154775
2.7 0.06 0.16245
2.7 0.12 0.168162
2.7 0.18 0.171685
2.7 0.24 0.17287
2.7 0.3 0.171671
2.7 0.36 0.168137
2.7 0.42 0.162412
2.7 0.48 0.154727
2.7 0.54 0.145378
2.7 0.6 0.134717
2.7 0.66 0.123122
2.7 0.72 0.110978
2.7 0.78 0.0986559
2.7 0.84 0.0864979
2.7 0.9 0.0747947
2.7 0.96 0.063786
2.7 1.02 0.0536506
2.7 1.08 0.0445052
2.7 1.14 0.0364111
2.7 1.2 0.0293795
2.7 1.26 0.0233801
2.7 1.32 0.0183502
2.7 1.38 0.0142041
2.7 1.44 0.010844
2.7 1.5 0.00816481
2.7 1.56 0.00606303
2.7 1.62 0.00444044
2.7 1.68 0.00320739
2.7 1.74 0.0022849
2.7 1.8 0.00160535
2.7 1.86 0.00111241
2.7 1.92 0.000760227
2.7 1.98 0.000512407
2.7 2.04 0.000340622
2.7 2.1 0.000223317
2.7 2.16 0.000144397
2.76 -1.68 0.000142365
2.76 -1.62 0.000220158
2.76 -1.56 0.000335778
2.76 -1.5 0.000505077
2.76 -1.44 0.000749305
2.76 -1.38 0.00109633
2.76 -1.32 0.00158203
2.76 -1.26 0.00225155
2.76 -1.2 0.00316036
2.76 -1.14 0.004375
2.76 -1.08 0.0059732
2.76 -1.02 0.00804309
2.76 -0.96 0.0106816
2.76 -0.9 0.0139905
2.76 -0.84 0.0180725
2.76 -0.78 0.0230247
2.76 -0.72 0.0289308
2.76 -0.66 0.0358521
2.76 -0.6 0.0438185
2.76 -0.54 0.0528189
2.76 -0.48 0.0627926
2.76 -0.42 0.0736242
2.76 -0.36 0.0851367
2.76 -0.3 0.0970972
2.76 -0.24 0.109215
2.76 -0.18 0.121157
2.76 -0.12 0.132558
2.76 -0.06 0.143037
2.76 9.71445e-15 0.152224
2.76 0.06 0.159773
2.76 0.12 0.165391
2.76 0.18 0.168854
2.76 0.24 0.170022
2.76 0.3 0.168841
2.76 0.36 0.165366
2.76 0.42 0.159737
2.76 0.48 0.152177
2.76 0.54 0.142983
2.76 0.6 0.132497
2.76 0.66 0.121092
2.76 0.72 0.109148
2.76 0.78 0.0970306
2.76 0.84 0.0850716
2.76 0.9 0.0735623
2.76 0.96 0.062735
2.76 1.02 0.0527663
2.76 1.08 0.0437716
2.76 1.14 0.035811
2.76 1.2 0.0288954
2.76 1.26 0.0229948
2.76 1.32 0.0180477
2.76 1.38 0.0139701
2.76 1.44 0.0106653
2.76 1.5 0.0080302
2.76 1.56 0.00596313
2.76 1.62 0.00436729
2.76 1.68 0.00315455
2.76 1.74 0.00224724
2.76 1.8 0.00157888
2.76 1.86 0.00109408
2.76 1.92 0.000747698
2.76 1.98 0.000503962
2.76 2.04 0.000335005
2.76 2.1 0.000219637
2.76 2.16 0.000142018
2.82 -1.68 0.000138094
2.82 -1.62 0.000213552
2.82 -1.56 0.000325703
2.82 -1.5 0.000489927
2.82 -1.44 0.000726823
2.82 -1.38 0.00106344
2.82 -1.32 0.00153457
2.82 -1.26 0.002184
2.82 -1.2 0.00306554
2.82 -1.14 0.00424374
2.82 -1.08 0.00579401
2.82 -1.02 0.00780181
2.82 -0.96 0.0103611
2.82 -0.9 0.0135708
2.82 -0.84 0.0175303
2.82 -0.78 0.022334
2.82 -0.72 0.028063
2.82 -0.66 0.0347766
2.82 -0.6 0.042504
2.82 -0.54 0.0512345
2.82 -0.48 0.0609092
2.82 -0.42 0.0714147
2.82 -0.36 0.0825829
2.82 -0.3 0.0941839
2.82 -0.24 0.105939
2.82 -0.18 0.117522
2.82 -0.12 0.12858
2.82 -0.06 0.138745
2.82 9.71445e-15 0.147656
2.82 0.06 0.154979
2.82 0.12 0.160429
2.82 0.18 0.163789
2.82 0.24 0.16492
2.82 0.3 0.163776
2.82 0.36 0.160405
2.82 0.42 0.154944
2.82 0.48 0.147612
2.82 0.54 0.138693
2.82 0.6 0.128522
2.82 0.66 0.11746
2.82 0.72 0.105873
2.82 0.78 0.0941196
2.82 0.84 0.0825194
2.82 0.9 0.0713556
2.82 0.96 0.0608529
2.82 1.02 0.0511827
2.82 1.08 0.0424579
2.82 1.14 0.0347363
2.82 1.2 0.0280284
2.82 1.26 0.0223051
2.82 1.32 0.0175062
2.82 1.38 0.013551
2.82 1.44 0.0103452
2.82 1.5 0.00778935
2.82 1.56 0.00578424
2.82 1.62 0.00423625
2.82 1.68 0.0030599
2.82 1.74 0.00217982
2.82 1.8 0.00153153
2.82 1.86 0.00106125
2.82 1.92 0.000725266
2.82 1.98 0.00048884
2.82 2.04 0.000324956
2.82 2.1 0.000213047
2.88 -1.68 0.00013211
2.88 -1.62 0.000204296
2.88 -1.56 0.00031159
2.88 -1.5 0.000468698
2.88 -1.44 0.000695319
2.88 -1.38 0.00101736
2.88 -1.32 0.00146808
2.88 -1.26 0.00208934
2.88 -1.2 0.00293267
2.88 -1.14 0.00405981
2.88 -1.08 0.00554289
2.88 -1.02 0.00746377
2.88 -0.96 0.0099121
2.88 -0.9 0.0129827
2.88 -0.84 0.0167707
2.88 -0.78 0.0213661
2.88 -0.72 0.0268468
2.88 -0.66 0.0332695
2.88 -0.6 0.0406621
2.88 -0.54 0.0490142
2.88 -0.48 0.0582696
2.88 -0.42 0.06832
2.88 -0.36 0.0790044
2.88 -0.3 0.0901024
2.88 -0.24 0.101348
2.88 -0.18 0.112429
2.88 -0.12 0.123007
2.88 -0.06 0.132732
2.88 9.71445e-15 0.141257
2.88 0.06 0.148262
2.88 0.12 0.153478
2.88 0.18 0.156692
2.88 0.24 0.157772
2.88 0.3 0.15668
2.88 0.36 0.153454
2.88 0.42 0.148229
2.88 0.48 0.141214
2.88 0.54 0.132682
2.88 0.6 0.122952
2.88 0.66 0.112369
2.88 0.72 0.101286
2.88 0.78 0.0900407
2.88 0.84 0.0789436
2.88 0.9 0.0682632
2.88 0.96 0.0582159
2.88 1.02 0.0489651
2.88 1.08 0.0406183
2.88 1.14 0.0332311
2.88 1.2 0.0268138
2.88 1.26 0.0213385
2.88 1.32 0.0167476
2.88 1.38 0.0129638
2.88 1.44 0.00989693
2.88 1.5 0.00745182
2.88 1.56 0.00553361
2.88 1.62 0.00405268
2.88 1.68 0.0029273
2.88 1.74 0.00208537
2.88 1.8 0.00146517
2.88 1.86 0.00101526
2.88 1.92 0.000693838
2.88 1.98 0.000467657
2.88 2.04 0.000310877
2.88 2.1 0.000203814
2.94 -1.68 0.000124647
2.94 -1.62 0.000192758
2.94 -1.56 0.000293991
2.94 -1.5 0.000442222
2.94 -1.44 0.00065605
2.94 -1.38 0.000959891
2.94 -1.32 0.00138516
2.94 -1.26 0.00197135
2.94 -1.2 0.00276703
2.94 -1.14 0.0038305
2.94 -1.08 0.00522984
2.94 -1.02 0.00704222
2.94 -0.96 0.0093522
2.94 -0.9 0.0122494
2.94 -0.84 0.0158234
2.94 -0.78 0.0201594
2.94 -0.72 0.0253303
2.94 -0.66 0.0313901
2.94 -0.6 0.0383651
2.94 -0.54 0.0462453
2.94 -0.48 0.0549782
2.94 -0.42 0.0644616
2.94 -0.36 0.0745416
2.94 -0.3 0.0850134
2.94 -0.24 0.0956234
2.94 -0.18 0.106079
2.94 -0.12 0.11606
2.94 -0.06 0.125236
2.94 9.71445e-15 0.133279
2.94 0.06 0.139888
2.94 0.12 0.144809
2.94 0.18 0.147841
2.94 0.24 0.148861
2.94 0.3 0.147829
2.94 0.36 0.144787
2.94 0.42 0.139856
2.94 0.48 0.133237
2.94 0.54 0.125187
2.94 0.6 0.116007
2.94 0.66 0.106023
2.94 0.72 0.0955653
2.94 0.78 0.0849541
2.94 0.84 0.0744851
2.94 0.9 0.064407
2.94 0.96 0.0549274
2.94 1.02 0.0461996
2.94 1.08 0.0383243
2.94 1.14 0.0313543
2.94 1.2 0.0252993
2.94 1.26 0.0201331
2.94 1.32 0.0158017
2.94 1.38 0.0122316
2.94 1.44 0.00933795
2.94 1.5 0.00703088
2.94 1.56 0.00522105
2.94 1.62 0.00382378
2.94 1.68 0.00276196
2.94 1.74 0.00196758
2.94 1.8 0.00138241
2.94 1.86 0.000957907
2.94 1.92 0.00065465
2.94 1.98 0.000441239
2.94 2.04 0.000293318
2.94 2.1 0.000192303
3 -1.68 0.000115991
3 -1.62 0.00017937
3 -1.56 0.00027357
3 -1.5 0.00041151
3 -1.44 0.000610485
3 -1.38 0.000893228
3 -1.32 0.00128895
3 -1.26 0.00183443
3 -1.2 0.00257486
3 -1.14 0.00356447
3 -1.08 0.00486661
3 -1.02 0.00655305
3 -0.96 0.00870266
3 -0.9 0.0113987
3 -0.84 0.0147244
3 -0.78 0.0187592
3 -0.72 0.0235712
3 -0.66 0.0292102
3 -0.6 0.0357007
3 -0.54 0.0430338
3 -0.48 0.0511601
3 -0.42 0.0599842
3 -0.36 0.0693645
3 -0.3 0.079109
3 -0.24 0.0889823
3 -0.18 0.0987107
3 -0.12 0.107999
3 -0.06 0.116538
3 9.71445e-15 0.124022
3 0.06 0.130173
3 0.12 0.13475
3 0.18 0.137573
3 0.24 0.138523
3 0.3 0.137562
3 0.36 0.13473
3 0.42 0.130143
3 0.48 0.123984
3 0.54 0.116493
3 0.6 0.10795
3 0.66 0.098659
3 0.72 0.0889271
3 0.78 0.0790545
3 0.84 0.0693114
3 0.9 0.0599342
3 0.96 0.0511126
3 1.02 0.0429904
3 1.08 0.0356622
3 1.14 0.0291763
3 1.2 0.0235421
3 1.26 0.0187349
3 1.32 0.0147042
3 1.38 0.011382
3 1.44 0.00868941
3 1.5 0.00654259
3 1.56 0.00485841
3 1.62 0.00355818
3 1.68 0.00257012
3 1.74 0.00183091
3 1.8 0.00128639
3 1.86 0.000891382
3 1.92 0.000609179
3 1.98 0.000410596
3 2.04 0.000272944
3 2.1 0.000178947
3.06 -1.68 0.00010645
3.06 -1.62 0.000164619
3.06 -1.56 0.000251073
3.06 -1.5 0.000377663
3.06 -1.44 0.000560279
3.06 -1.38 0.000819757
3.06 -1.32 0.00118295
3.06 -1.26 0.00168356
3.06 -1.2 0.00236309
3.06 -1.14 0.00327132
3.06 -1.08 0.00446637
3.06 -1.02 0.00601414
3.06 -0.96 0.00798692
3.06 -0.9 0.0104612
3.06 -0.84 0.0135134
3.06 -0.78 0.0172164
3.06 -0.72 0.0216325
3.06 -0.66 0.0268077
3.06 -0.6 0.0327644
3.06 -0.54 0.0394943
3.06 -0.48 0.0469521
3.06 -0.42 0.0550508
3.06 -0.36 0.0636599
3.06 -0.3 0.0726024
3.06 -0.24 0.0816639
3.06 -0.18 0.0905935
3.06 -0.12 0.0991172
3.06 -0.06 0.106953
3.06 9.71445e-15 0.113822
3.06 0.06 0.119467
3.06 0.12 0.123669
3.06 0.18 0.126258
3.06 0.24 0.12713
3.06 0.3 0.126248
3.06 0.36 0.12365
3.06 0.42 0.11944
3.06 0.48 0.113787
3.06 0.54 0.106912
3.06 0.6 0.0990719
3.06 0.66 0.090545
3.06 0.72 0.0816138
3.06 0.78 0.0725524
3.06 0.84 0.0636111
3.06 0.9 0.0550047
3.06 0.96 0.0469091
3.06 1.02 0.039455
3.06 1.08 0.0327293
3.06 1.14 0.026777
3.06 1.2 0.0216061
3.06 1.26 0.017194
3.06 1.32 0.0134948
3.06 1.38 0.010446
3.06 1.44 0.0079747
3.06 1.5 0.00600447
3.06 1.56 0.00445886
3.06 1.62 0.00326558
3.06 1.68 0.00235877
3.06 1.74 0.00168035
3.06 1.8 0.00118059
3.06 1.86 0.000818066
3.06 1.92 0.000559082
3.06 1.98 0.000376824
3.06 2.04 0.000250497
3.06 2.1 0.00016423
3.12 -1.68 9.63532e-05
3.12 -1.62 0.000149003
3.12 -1.56 0.000227256
3.12 -1.5 0.000341839
3.12 -1.44 0.000507128
3.12 -1.38 0.000742003
3.12 -1.32 0.00107073
3.12 -1.26 0.00152385
3.12 -1.2 0.00213893
3.12 -1.14 0.00296099
3.12 -1.08 0.00404265
3.12 -1.02 0.0054436
3.12 -0.96 0.00722936
3.12 -0.9 0.00946876
3.12 -0.84 0.0122316
3.12 -0.78 0.0155831
3.12 -0.72 0.0195804
3.12 -0.66 0.0242649
3.12 -0.6 0.0296566
3.12 -0.54 0.035748
3.12 -0.48 0.0424981
3.12 -0.42 0.0498288
3.12 -0.36 0.0576213
3.12 -0.3 0.0657154
3.12 -0.24 0.0739174
3.12 -0.18 0.0819997
3.12 -0.12 0.089715
3.12 -0.06 0.0968077
3.12 9.71445e-15 0.103025
3.12 0.06 0.108134
3.12 0.12 0.111938
3.12 0.18 0.114281
3.12 0.24 0.11507
3.12 0.3 0.114273
3.12 0.36 0.11192
3.12 0.42 0.10811
3.12 0.48 0.102994
3.12 0.54 0.0967712
3.12 0.6 0.0896743
3.12 0.66 0.0819551
3.12 0.72 0.0738719
3.12 0.78 0.0656708
3.12 0.84 0.0575766
3.12 0.9 0.0497872
3.12 0.96 0.0424596
3.12 1.02 0.0357125
3.12 1.08 0.0296247
3.12 1.14 0.024237
3.12 1.2 0.0195566
3.12 1.26 0.015563
3.12 1.32 0.0122147
3.12 1.38 0.00945509
3.12 1.44 0.00721826
3.12 1.5 0.00543488
3.12 1.56 0.00403589
3.12 1.62 0.0029558
3.12 1.68 0.00213501
3.12 1.74 0.00152094
3.12 1.8 0.0010686
3.12 1.86 0.000740473
3.12 1.92 0.000506043
3.12 1.98 0.000341084
3.12 2.04 0.000226733
3.18 -1.68 8.60149e-05
3.18 -1.62 0.000133015
3.18 -1.56 0.000202869
3.18 -1.5 0.000305161
3.18 -1.44 0.000452712
3.18 -1.38 0.000662388
3.18 -1.32 0.000955834
3.18 -1.26 0.00136034
3.18 -1.2 0.00190941
3.18 -1.14 0.00264327
3.18 -1.08 0.00360889
3.18 -1.02 0.00485952
3.18 -0.96 0.00645362
3.18 -0.9 0.00845281
3.18 -0.84 0.0109191
3.18 -0.78 0.0139112
3.18 -0.72 0.0174795
3.18 -0.66 0.0216611
3.18 -0.6 0.0264743
3.18 -0.54 0.0319122
3.18 -0.48 0.0379385
3.18 -0.42 0.0444824
3.18 -0.36 0.051438
3.18 -0.3 0.0586646
3.18 -0.24 0.0659858
3.18 -0.18 0.0732004
3.18 -0.12 0.0800889
3.18 -0.06 0.0864206
3.18 9.71445e-15 0.0919708
3.18 0.06 0.0965316
3.18 0.12 0.0999258
3.18 0.18 0.102019
3.18 0.24 0.102723
3.18 0.3 0.102012
3.18 0.36 0.099911
3.18 0.42 0.0965092
3.18 0.48 0.0919423
3.18 0.54 0.0863872
3.18 0.6 0.0800517
3.18 0.66 0.0731618
3.18 0.72 0.0659453
3.18 0.78 0.0586238
3.18 0.84 0.0513989
3.18 0.9 0.0444449
3.18 0.96 0.0379033
3.18 1.02 0.0318803
3.18 1.08 0.0264459
3.18 1.14 0.0216363
3.18 1.2 0.017458
3.18 1.26 0.0138931
3.18 1.32 0.0109041
3.18 1.38 0.00844045
3.18 1.44 0.00644378
3.18 1.5 0.00485174
3.18 1.56 0.0036028
3.18 1.62 0.00263861
3.18 1.68 0.0019059
3.18 1.74 0.00135774
3.18 1.8 0.000953943
3.18 1.86 0.00066102
3.18 1.92 0.000451744
3.18 1.98 0.000304485
3.18 2.04 0.000202405
3.24 -1.68 7.57296e-05
3.24 -1.62 0.000117111
3.24 -1.56 0.000178614
3.24 -1.5 0.00026867
3.24 -1.44 0.000398585
3.24 -1.38 0.00058318
3.24 -1.32 0.000841547
3.24 -1.26 0.00119769
3.24 -1.2 0.00168112
3.24 -1.14 0.00232723
3.24 -1.08 0.00317739
3.24 -1.02 0.00427845
3.24 -0.96 0.00568194
3.24 -0.9 0.00744212
3.24 -0.84 0.00961347
3.24 -0.78 0.0122478
3.24 -0.72 0.0153895
3.24 -0.66 0.0190712
3.24 -0.6 0.0233088
3.24 -0.54 0.0280965
3.24 -0.48 0.033402
3.24 -0.42 0.0391635
3.24 -0.36 0.0452876
3.24 -0.3 0.0516497
3.24 -0.24 0.0580958
3.24 -0.18 0.0644484
3.24 -0.12 0.0705127
3.24 -0.06 0.076087
3.24 9.71445e-15 0.0809737
3.24 0.06 0.0849897
3.24 0.12 0.0879784
3.24 0.18 0.0898198
3.24 0.24 0.0904413
3.24 0.3 0.0898129
3.24 0.36 0.0879649
3.24 0.42 0.0849704
3.24 0.48 0.0809491
3.24 0.54 0.0760581
3.24 0.6 0.0704805
3.24 0.66 0.064414
3.24 0.72 0.0580598
3.24 0.78 0.0516144
3.24 0.84 0.0452529
3.24 0.9 0.0391308
3.24 0.96 0.0333712
3.24 1.02 0.0280684
3.24 1.08 0.0232838
3.24 1.14 0.0190492
3.24 1.2 0.0153706
3.24 1.26 0.0122319
3.24 1.32 0.00960025
3.24 1.38 0.00743126
3.24 1.44 0.00567326
3.24 1.5 0.00427159
3.24 1.56 0.00317203
3.24 1.62 0.00232314
3.24 1.68 0.00167803
3.24 1.74 0.0011954
3.24 1.8 0.000839871
3.24 1.86 0.000581981
3.24 1.92 0.000397731
3.24 1.98 0.000268077
3.24 2.04 0.000178203
3.3 -1.68 6.57583e-05
3.3 -1.62 0.00010169
3.3 -1.56 0.000155095
3.3 -1.5 0.000233295
3.3 -1.44 0.000346099
3.3 -1.38 0.000506394
3.3 -1.32 0.00073074
3.3 -1.26 0.00103998
3.3 -1.2 0.00145975
3.3 -1.14 0.00202079
3.3 -1.08 0.00275901
3.3 -1.02 0.00371512
3.3 -0.96 0.00493377
3.3 -0.9 0.00646219
3.3 -0.84 0.00834761
3.3 -0.78 0.0106351
3.3 -0.72 0.0133631
3.3 -0.66 0.0165599
3.3 -0.6 0.0202396
3.3 -0.54 0.0243969
3.3 -0.48 0.029004
3.3 -0.42 0.0340068
3.3 -0.36 0.0393242
3.3 -0.3 0.0448491
3.3 -0.24 0.0504461
3.3 -0.18 0.0559618
3.3 -0.12 0.061228
3.3 -0.06 0.0660685
3.3 9.71445e-15 0.0703116
3.3 0.06 0.0737984
3.3 0.12 0.0763938
3.3 0.18 0.0779936
3.3 0.24 0.0785319
3.3 0.3 0.0779875
3.3 0.36 0.0763823
3.3 0.42 0.0737815
3.3 0.48 0.0702897
3.3 0.54 0.0660428
3.3 0.6 0.0611997
3.3 0.66 0.0559324
3.3 0.72 0.0504154
3.3 0.78 0.0448178
3.3 0.84 0.0392946
3.3 0.9 0.0339782
3.3 0.96 0.0289769
3.3 1.02 0.0243726
3.3 1.08 0.020218
3.3 1.14 0.016541
3.3 1.2 0.0133466
3.3 1.26 0.0106212
3.3 1.32 0.00833623
3.3 1.38 0.00645273
3.3 1.44 0.00492627
3.3 1.5 0.00370915
3.3 1.56 0.00275435
3.3 1.62 0.00201723
3.3 1.68 0.00145707
3.3 1.74 0.00103799
3.3 1.8 0.000729286
3.3 1.86 0.000505349
3.3 1.92 0.00034536
3.3 1.98 0.000232778
3.36 -1.62 8.70869e-05
3.36 -1.56 0.000132821
3.36 -1.5 0.000199792
3.36 -1.44 0.000296398
3.36 -1.38 0.000433672
3.36 -1.32 0.000625793
3.36 -1.26 0.000890632
3.36 -1.2 0.00125012
3.36 -1.14 0.00173059
3.36 -1.08 0.00236278
3.36 -1.02 0.00318158
3.36 -0.96 0.00422526
3.36 -0.9 0.00553412
3.36 -0.84 0.00714887
3.36 -0.78 0.00910779
3.36 -0.72 0.011444
3.36 -0.66 0.0141818
3.36 -0.6 0.017333
3.36 -0.54 0.0208932
3.36 -0.48 0.0248386
3.36 -0.42 0.0291232
3.36 -0.36 0.0336771
3.36 -0.3 0.0384084
3.36 -0.24 0.0432014
3.36 -0.18 0.0479255
3.36 -0.12 0.0524353
3.36 -0.06 0.0565806
3.36 9.71445e-15 0.0602145
3.36 0.06 0.0632007
3.36 0.12 0.0654226
3.36 0.18 0.066793
3.36 0.24 0.0672545
3.36 0.3 0.0667879
3.36 0.36 0.0654126
3.36 0.42 0.0631861
3.36 0.48 0.060196
3.36 0.54 0.0565589
3.36 0.6 0.0524111
3.36 0.66 0.0478996
3.36 0.72 0.0431751
3.36 0.78 0.0383819
3.36 0.84 0.0336515
3.36 0.9 0.0290986
3.36 0.96 0.0248158
3.36 1.02 0.0208725
3.36 1.08 0.0173145
3.36 1.14 0.0141656
3.36 1.2 0.01143
3.36 1.26 0.00909592
3.36 1.32 0.00713906
3.36 1.38 0.00552607
3.36 1.44 0.00421882
3.36 1.5 0.00317647
3.36 1.56 0.00235879
3.36 1.62 0.00172754
3.36 1.68 0.00124782
3.36 1.74 0.000888923
3.36 1.8 0.000624554
3.36 1.86 0.000432779
3.36 1.92 0.000295761
3.36 1.98 0.00019935
3.42 -1.62 7.35551e-05
3.42 -1.56 0.000112184
3.42 -1.5 0.000168748
3.42 -1.44 0.000250343
3.42 -1.38 0.000366287
3.42 -1.32 0.00052856
3.42 -1.26 0.000752245
3.42 -1.2 0.00105588
3.42 -1.14 0.00146169
3.42 -1.08 0.00199565
3.42 -1.02 0.0026872
3.42 -0.96 0.00356875
3.42 -0.9 0.00467424
3.42 -0.84 0.0060381
3.42 -0.78 0.00769253
3.42 -0.72 0.00966585
3.42 -0.66 0.0119783
3.42 -0.6 0.0146399
3.42 -0.54 0.0176469
3.42 -0.48 0.0209791
3.42 -0.42 0.0245978
3.42 -0.36 0.0284445
3.42 -0.3 0.0324402
3.42 -0.24 0.0364891
3.42 -0.18 0.0404788
3.42 -0.12 0.0442877
3.42 -0.06 0.0477889
3.42 9.71445e-15 0.0508581
3.42 0.06 0.0533804
3.42 0.12 0.0552575
3.42 0.18 0.0564146
3.42 0.24 0.0568043
3.42 0.3 0.0564103
3.42 0.36 0.0552489
3.42 0.42 0.0533682
3.42 0.48 0.0508427
3.42 0.54 0.0477709
3.42 0.6 0.0442676
3.42 0.66 0.0404571
3.42 0.72 0.0364665
3.42 0.78 0.0324182
3.42 0.84 0.0284224
3.42 0.9 0.0245773
3.42 0.96 0.02096
3.42 1.02 0.0176293
3.42 1.08 0.0146241
3.42 1.14 0.0119645
3.42 1.2 0.00965403
3.42 1.26 0.00768265
3.42 1.32 0.00602975
3.42 1.38 0.00466747
3.42 1.44 0.00356328
3.42 1.5 0.00268292
3.42 1.56 0.0019923
3.42 1.62 0.00145912
3.42 1.68 0.00105394
3.42 1.74 0.000750808
3.42 1.8 0.00052751
3.42 1.86 0.000365533
3.42 1.92 0.000249806
3.42 1.98 0.000168375
3.48 -1.62 6.1272e-05
3.48 -1.56 9.34509e-05
3.48 -1.5 0.000140568
3.48 -1.44 0.000208539
3.48 -1.38 0.000305119
3.48 -1.32 0.000440299
3.48 -1.26 0.00062663
3.48 -1.2 0.000879555
3.48 -1.14 0.0012176
3.48 -1.08 0.0016624
3.48 -1.02 0.00223849
3.48 -0.96 0.0029728
3.48 -0.9 0.00389369
3.48 -0.84 0.00502979
3.48 -0.78 0.00640801
3.48 -0.72 0.0080517
3.48 -0.66 0.00997802
3.48 -0.6 0.0121952
3.48 -0.54 0.0147
3.48 -0.48 0.0174758
3.48 -0.42 0.0204903
3.48 -0.36 0.0236946
3.48 -0.3 0.0270229
3.48 -0.24 0.0303958
3.48 -0.18 0.0337194
3.48 -0.12 0.036892
3.48 -0.06 0.0398083
3.48 9.71445e-15 0.042365
3.48 0.06 0.0444664
3.48 0.12 0.0460304
3.48 0.18 0.0469938
3.48 0.24 0.0473186
3.48 0.3 0.0469902
3.48 0.36 0.0460233
3.48 0.42 0.0444561
3.48 0.48 0.0423522
3.48 0.54 0.0397934
3.48 0.6 0.0368751
3.48 0.66 0.0337012
3.48 0.72 0.030377
3.48 0.78 0.0270046
3.48 0.84 0.0236763
3.48 0.9 0.0204731
3.48 0.96 0.0174599
3.48 1.02 0.0146854
3.48 1.08 0.0121821
3.48 1.14 0.00996657
3.48 1.2 0.00804193
3.48 1.26 0.00639973
3.48 1.32 0.00502281
3.48 1.38 0.00388807
3.48 1.44 0.00296822
3.48 1.5 0.0022349
3.48 1.56 0.00165961
3.48 1.62 0.00121547
3.48 1.68 0.000877946
3.48 1.74 0.000625435
3.48 1.8 0.000439423
3.48 1.86 0.00030449
3.48 1.92 0.000208093
3.54 -1.62 5.03389e-05
3.54 -1.56 7.67753e-05
3.54 -1.5 0.000115485
3.54 -1.44 0.000171328
3.54 -1.38 0.000250673
3.54 -1.32 0.000361731
3.54 -1.26 0.000514816
3.54 -1.2 0.000722612
3.54 -1.14 0.00100034
3.54 -1.08 0.00136577
3.54 -1.02 0.00183905
3.54 -0.96 0.00244232
3.54 -0.9 0.00319892
3.54 -0.84 0.00413224
3.54 -0.78 0.00526457
3.54 -0.72 0.00661501
3.54 -0.66 0.00819755
3.54 -0.6 0.010019
3.54 -0.54 0.012077
3.54 -0.48 0.0143575
3.54 -0.42 0.016834
3.54 -0.36 0.0194664
3.54 -0.3 0.0222011
3.54 -0.24 0.0249718
3.54 -0.18 0.0277025
3.54 -0.12 0.0303091
3.54 -0.06 0.0327052
3.54 9.71445e-15 0.0348057
3.54 0.06 0.036532
3.54 0.12 0.0378166
3.54 0.18 0.0386081
3.54 0.24 0.0388752
3.54 0.3 0.0386051
3.54 0.36 0.0378108
3.54 0.42 0.0365236
3.54 0.48 0.0347951
3.54 0.54 0.0326928
3.54 0.6 0.0302953
3.54 0.66 0.0276877
3.54 0.72 0.0249565
3.54 0.78 0.0221859
3.54 0.84 0.0194515
3.54 0.9 0.0168199
3.54 0.96 0.0143442
3.54 1.02 0.0120649
3.54 1.08 0.0100083
3.54 1.14 0.00818813
3.54 1.2 0.00660689
3.54 1.26 0.00525774
3.54 1.32 0.00412657
3.54 1.38 0.00319426
3.54 1.44 0.00243859
3.54 1.5 0.0018361
3.54 1.56 0.00136346
3.54 1.62 0.000998577
3.54 1.68 0.000721285
3.54 1.74 0.00051383
3.54 1.8 0.000361009
3.54 1.86 0.000250158
3.54 1.92 0.000170961
3.6 -1.62 4.07877e-05
3.6 -1.56 6.22086e-05
3.6 -1.5 9.35742e-05
3.6 -1.44 0.00013882
3.6 -1.38 0.000203114
3.6 -1.32 0.000293098
3.6 -1.26 0.000417136
3.6 -1.2 0.000585502
3.6 -1.14 0.000810533
3.6 -1.08 0.00110663
3.6 -1.02 0.00149012
3.6 -0.96 0.00197895
3.6 -0.9 0.00259195
3.6 -0.84 0.00334826
3.6 -0.78 0.00426569
3.6 -0.72 0.00535988
3.6 -0.66 0.0066422
3.6 -0.6 0.00811812
3.6 -0.54 0.00978557
3.6 -0.48 0.0116333
3.6 -0.42 0.01364
3.6 -0.36 0.0157731
3.6 -0.3 0.0179887
3.6 -0.24 0.020234
3.6 -0.18 0.0224464
3.6 -0.12 0.0245584
3.6 -0.06 0.0264998
3.6 9.71445e-15 0.0282017
3.6 0.06 0.0296005
3.6 0.12 0.0306416
3.6 0.18 0.0312831
3.6 0.24 0.0314991
3.6 0.3 0.0312808
3.6 0.36 0.0306368
3.6 0.42 0.0295936
3.6 0.48 0.0281933
3.6 0.54 0.0264898
3.6 0.6 0.0245472
3.6 0.66 0.0224342
3.6 0.72 0.0202215
3.6 0.78 0.0179765
3.6 0.84 0.0157609
3.6 0.9 0.0136286
3.6 0.96 0.0116228
3.6 1.02 0.00977587
3.6 1.08 0.00810941
3.6 1.14 0.00663459
3.6 1.2 0.00535338
3.6 1.26 0.00426019
3.6 1.32 0.00334361
3.6 1.38 0.00258822
3.6 1.44 0.0019759
3.6 1.5 0.00148773
3.6 1.56 0.00110478
3.6 1.62 0.000809114
3.6 1.68 0.000584433
3.6 1.74 0.00041634
3.6 1.8 0.000292516
3.6 1.86 0.000202695
3.66 -1.56 4.97122e-05
3.66 -1.5 7.47782e-05
3.66 -1.44 0.000110936
3.66 -1.38 0.000162315
3.66 -1.32 0.000234222
3.66 -1.26 0.000333345
3.66 -1.2 0.000467895
3.66 -1.14 0.000647724
3.66 -1.08 0.000884338
3.66 -1.02 0.0011908
3.66 -0.96 0.00158143
3.66 -0.9 0.00207131
3.66 -0.84 0.00267568
3.66 -0.78 0.00340887
3.66 -0.72 0.00428325
3.66 -0.66 0.00530796
3.66 -0.6 0.00648739
3.66 -0.54 0.0078199
3.66 -0.48 0.00929661
3.66 -0.42 0.0109002
3.66 -0.36 0.0126046
3.66 -0.3 0.0143755
3.66 -0.24 0.0161694
3.66 -0.18 0.0179375
3.66 -0.12 0.0196255
3.66 -0.06 0.021177
3.66 9.71445e-15 0.0225371
3.66 0.06 0.0236547
3.66 0.12 0.0244863
3.66 0.18 0.0249993
3.66 0.24 0.025172
3.66 0.3 0.0249974
3.66 0.36 0.0244826
3.66 0.42 0.0236493
3.66 0.48 0.0225301
3.66 0.54 0.0211689
3.66 0.6 0.0196164
3.66 0.66 0.0179279
3.66 0.72 0.0161596
3.66 0.78 0.0143655
3.66 0.84 0.0125951
3.66 0.9 0.010891
3.66 0.96 0.00928806
3.66 1.02 0.00781215
3.66 1.08 0.00648047
3.66 1.14 0.00530188
3.66 1.2 0.004278
3.66 1.26 0.00340441
3.66 1.32 0.00267201
3.66 1.38 0.0020683
3.66 1.44 0.00157902
3.66 1.5 0.00118889
3.66 1.56 0.000882846
3.66 1.62 0.000646582
3.66 1.68 0.000467034
3.66 1.74 0.000332705
3.66 1.8 0.000233758
3.66 1.86 0.00016198
3.72 -1.56 3.91808e-05
3.72 -1.5 5.89357e-05
3.72 -1.44 8.74334e-05
3.72 -1.38 0.000127926
3.72 -1.32 0.000184603
3.72 -1.26 0.000262726
3.72 -1.2 0.000368769
3.72 -1.14 0.000510501
3.72 -1.08 0.000696994
3.72 -1.02 0.000938532
3.72 -0.96 0.00124638
3.72 -0.9 0.00163251
3.72 -0.84 0.00210881
3.72 -0.78 0.0026867
3.72 -0.72 0.00337584
3.72 -0.66 0.00418344
3.72 -0.6 0.00511299
3.72 -0.54 0.00616323
3.72 -0.48 0.00732709
3.72 -0.42 0.00859094
3.72 -0.36 0.00993432
3.72 -0.3 0.0113299
3.72 -0.24 0.0127439
3.72 -0.18 0.0141374
3.72 -0.12 0.0154676
3.72 -0.06 0.0166904
3.72 9.71445e-15 0.0177623
3.72 0.06 0.0186433
3.72 0.12 0.019299
3.72 0.18 0.019703
3.72 0.24 0.0198391
3.72 0.3 0.0197015
3.72 0.36 0.0192961
3.72 0.42 0.018639
3.72 0.48 0.0177568
3.72 0.54 0.016684
3.72 0.6 0.0154605
3.72 0.66 0.0141299
3.72 0.72 0.0127362
3.72 0.78 0.011322
3.72 0.84 0.00992679
3.72 0.9 0.0085837
3.72 0.96 0.00732029
3.72 1.02 0.00615711
3.72 1.08 0.00510755
3.72 1.14 0.00417865
3.72 1.2 0.00337169
3.72 1.26 0.00268318
3.72 1.32 0.00210593
3.72 1.38 0.00163013
3.72 1.44 0.00124449
3.72 1.5 0.000937018
3.72 1.56 0.00069582
3.72 1.62 0.000509604
3.72 1.68 0.000368094
3.72 1.74 0.000262224
3.72 1.8 0.000184236
3.78 -1.56 3.04558e-05
3.78 -1.5 4.58114e-05
3.78 -1.44 6.79632e-05
3.78 -1.38 9.94391e-05
3.78 -1.32 0.000143494
3.78 -1.26 0.00020422
3.78 -1.2 0.000286649
3.78 -1.14 0.000396818
3.78 -1.08 0.000541779
3.78 -1.02 0.000729526
3.78 -0.96 0.00096884
3.78 -0.9 0.00126896
3.78 -0.84 0.00163922
3.78 -0.78 0.00208838
3.78 -0.72 0.00262406
3.78 -0.66 0.00325184
3.78 -0.6 0.00397441
3.78 -0.54 0.00479075
3.78 -0.48 0.00569536
3.78 -0.42 0.00667785
3.78 -0.36 0.00772211
3.78 -0.3 0.00880686
3.78 -0.24 0.00990602
3.78 -0.18 0.0109892
3.78 -0.12 0.0120232
3.78 -0.06 0.0129737
3.78 9.71445e-15 0.0138069
3.78 0.06 0.0144917
3.78 0.12 0.0150014
3.78 0.18 0.0153154
3.78 0.24 0.0154212
3.78 0.3 0.0153142
3.78 0.36 0.014999
3.78 0.42 0.0144884
3.78 0.48 0.0138026
3.78 0.54 0.0129687
3.78 0.6 0.0120176
3.78 0.66 0.0109833
3.78 0.72 0.00989996
3.78 0.78 0.00880082
3.78 0.84 0.00771617
3.78 0.9 0.00667218
3.78 0.96 0.00569022
3.78 1.02 0.00478602
3.78 1.08 0.00397017
3.78 1.14 0.00324813
3.78 1.2 0.00262088
3.78 1.26 0.00208567
3.78 1.32 0.00163695
3.78 1.38 0.00126713
3.78 1.44 0.000967355
3.78 1.5 0.000728354
3.78 1.56 0.00054087
3.78 1.62 0.000396123
3.78 1.68 0.000286124
3.78 1.74 0.00020383
3.84 -1.5 3.51205e-05
3.84 -1.44 5.21021e-05
3.84 -1.38 7.6233e-05
3.84 -1.32 0.000110007
3.84 -1.26 0.00015656
3.84 -1.2 0.000219752
3.84 -1.14 0.00030421
3.84 -1.08 0.000415343
3.84 -1.02 0.000559279
3.84 -0.96 0.000742736
3.84 -0.9 0.00097282
3.84 -0.84 0.00125666
3.84 -0.78 0.00160102
3.84 -0.72 0.00201168
3.84 -0.66 0.00249295
3.84 -0.6 0.00304689
3.84 -0.54 0.00367273
3.84 -0.48 0.00436625
3.84 -0.42 0.00511941
3.84 -0.36 0.00591997
3.84 -0.3 0.00675158
3.84 -0.24 0.00759425
3.84 -0.18 0.00842458
3.84 -0.12 0.00921726
3.84 -0.06 0.00994593
3.84 9.71445e-15 0.0105847
3.84 0.06 0.0111096
3.84 0.12 0.0115005
3.84 0.18 0.0117413
3.84 0.24 0.0118223
3.84 0.3 0.0117404
3.84 0.36 0.0114987
3.84 0.42 0.0111071
3.84 0.48 0.0105814
3.84 0.54 0.0099421
3.84 0.6 0.00921301
3.84 0.66 0.00842009
3.84 0.72 0.00758961
3.84 0.78 0.00674692
3.84 0.84 0.00591545
3.84 0.9 0.00511509
3.84 0.96 0.00436224
3.84 1.02 0.00366908
3.84 1.08 0.00304363
3.84 1.14 0.00249009
3.84 1.2 0.00200922
3.84 1.26 0.00159894
3.84 1.32 0.00125493
3.84 1.38 0.00097141
3.84 1.44 0.000741599
3.84 1.5 0.000558381
3.84 1.56 0.000414646
3.84 1.62 0.000303677
3.84 1.68 0.00021935
3.84 1.74 0.000156262
3.9 -1.5 2.65542e-05
3.9 -1.44 3.9394e-05
3.9 -1.38 5.7639e-05
3.9 -1.32 8.31745e-05
3.9 -1.26 0.000118373
3.9 -1.2 0.000166152
3.9 -1.14 0.00023001
3.9 -1.08 0.000314034
3.9 -1.02 0.000422864
3.9 -0.96 0.000561578
3.9 -0.9 0.000735534
3.9 -0.84 0.000950157
3.9 -0.78 0.00121051
3.9 -0.72 0.001521
3.9 -0.66 0.00188489
3.9 -0.6 0.00230372
3.9 -0.54 0.00277689
3.9 -0.48 0.00330126
3.9 -0.42 0.00387075
3.9 -0.36 0.00447602
3.9 -0.3 0.00510481
3.9 -0.24 0.00574188
3.9 -0.18 0.00636978
3.9 -0.12 0.00696913
3.9 -0.06 0.00752006
3.9 9.71445e-15 0.00800302
3.9 0.06 0.00839995
3.9 0.12 0.00869533
3.9 0.18 0.00887743
3.9 0.24 0.00893872
3.9 0.3 0.00887676
3.9 0.36 0.00869398
3.9 0.42 0.00839798
3.9 0.48 0.00800054
3.9 0.54 0.00751716
3.9 0.6 0.00696586
3.9 0.66 0.0063663
3.9 0.72 0.00573843
3.9 0.78 0.00510129
3.9 0.84 0.00447261
3.9 0.9 0.00386744
3.9 0.96 0.00329827
3.9 1.02 0.00277417
3.9 1.08 0.00230127
3.9 1.14 0.00188275
3.9 1.2 0.00151916
3.9 1.26 0.00120893
3.9 1.32 0.000948844
3.9 1.38 0.000734473
3.9 1.44 0.000560718
3.9 1.5 0.000422183
3.9 1.56 0.000313508
3.9 1.62 0.000229607
3.9 1.68 0.000165848
3.96 -1.44 2.93761e-05
3.96 -1.38 4.29809e-05
3.96 -1.32 6.20231e-05
3.96 -1.26 8.82712e-05
3.96 -1.2 0.0001239
3.96 -1.14 0.000171519
3.96 -1.08 0.000234177
3.96 -1.02 0.000315327
3.96 -0.96 0.000418765
3.96 -0.9 0.000548491
3.96 -0.84 0.000708526
3.96 -0.78 0.000902671
3.96 -0.72 0.00113422
3.96 -0.66 0.00140556
3.96 -0.6 0.00171787
3.96 -0.54 0.00207073
3.96 -0.48 0.00246175
3.96 -0.42 0.0028864
3.96 -0.36 0.00333776
3.96 -0.3 0.00380664
3.96 -0.24 0.00428172
3.96 -0.18 0.00474993
3.96 -0.12 0.00519686
3.96 -0.06 0.00560769
3.96 9.71445e-15 0.00596784
3.96 0.06 0.00626384
3.96 0.12 0.00648412
3.96 0.18 0.00661981
3.96 0.24 0.00666561
3.96 0.3 0.00661932
3.96 0.36 0.00648312
3.96 0.42 0.00626239
3.96 0.48 0.00596601
3.96 0.54 0.00560554
3.96 0.6 0.00519447
3.96 0.66 0.00474737
3.96 0.72 0.0042791
3.96 0.78 0.00380401
3.96 0.84 0.00333519
3.96 0.9 0.00288396
3.96 0.96 0.00245951
3.96 1.02 0.00206868
3.96 1.08 0.00171605
3.96 1.14 0.00140396
3.96 1.2 0.00113283
3.96 1.26 0.000901499
3.96 1.32 0.000707549
3.96 1.38 0.000547696
3.96 1.44 0.000418125
3.96 1.5 0.000314819
3.96 1.56 0.000233783
3.96 1.62 0.000171218
4.02 -1.44 2.16046e-05
4.02 -1.38 3.16101e-05
4.02 -1.32 4.56146e-05
4.02 -1.26 6.49188e-05
4.02 -1.2 9.1122e-05
4.02 -1.14 0.000126144
4.02 -1.08 0.000172225
4.02 -1.02 0.000231906
4.02 -0.96 0.000307979
4.02 -0.9 0.000403387
4.02 -0.84 0.00052108
4.02 -0.78 0.000663869
4.02 -0.72 0.000834161
4.02 -0.66 0.00103372
4.02 -0.6 0.00126341
4.02 -0.54 0.00152292
4.02 -0.48 0.0018105
4.02 -0.42 0.00212278
4.02 -0.36 0.00245474
4.02 -0.3 0.00279957
4.02 -0.24 0.00314898
4.02 -0.18 0.00349331
4.02 -0.12 0.00382201
4.02 -0.06 0.00412415
4.02 9.71445e-15 0.00438903
4.02 0.06 0.00460671
4.02 0.12 0.00476871
4.02 0.18 0.00486853
4.02 0.24 0.00490221
4.02 0.3 0.00486815
4.02 0.36 0.00476799
4.02 0.42 0.00460567
4.02 0.48 0.0043877
4.02 0.54 0.00412259
4.02 0.6 0.00382027
4.02 0.66 0.00349145
4.02 0.72 0.00314703
4.02 0.78 0.00279767
4.02 0.84 0.00245286
4.02 0.9 0.00212101
4.02 0.96 0.00180883
4.02 1.02 0.0015214
4.02 1.08 0.00126205
4.02 1.14 0.00103253
4.02 1.2 0.000833134
4.02 1.26 0.000663008
4.02 1.32 0.000520365
4.02 1.38 0.000402798
4.02 1.44 0.000307508
4.02 1.5 0.000231534
4.02 1.56 0.000171934
4.08 -1.38 2.29281e-05
4.08 -1.32 3.30861e-05
4.08 -1.26 4.70877e-05
4.08 -1.2 6.60938e-05
4.08 -1.14 9.14962e-05
4.08 -1.08 0.00012492
4.08 -1.02 0.00016821
4.08 -0.96 0.00022339
4.08 -0.9 0.00029259
4.08 -0.84 0.000377962
4.08 -0.78 0.000481527
4.08 -0.72 0.000605047
4.08 -0.66 0.000749797
4.08 -0.6 0.000916404
4.08 -0.54 0.00110463
4.08 -0.48 0.00131322
4.08 -0.42 0.00153972
4.08 -0.36 0.00178053
4.08 -0.3 0.00203063
4.08 -0.24 0.00228409
4.08 -0.18 0.00253382
4.08 -0.12 0.00277222
4.08 -0.06 0.00299139
4.08 9.71445e-15 0.00318351
4.08 0.06 0.00334139
4.08 0.12 0.00345893
4.08 0.18 0.00353135
4.08 0.24 0.00355573
4.08 0.3 0.00353108
4.08 0.36 0.00345839
4.08 0.42 0.00334064
4.08 0.48 0.00318256
4.08 0.54 0.00299027
4.08 0.6 0.00277098
4.08 0.66 0.00253246
4.08 0.72 0.00228267
4.08 0.78 0.00202926
4.08 0.84 0.00177914
4.08 0.9 0.00153845
4.08 0.96 0.00131202
4.08 1.02 0.00110353
4.08 1.08 0.000915412
4.08 1.14 0.000748931
4.08 1.2 0.000604307
4.08 1.26 0.000480907
4.08 1.32 0.000377439
4.08 1.38 0.000292167
4.08 1.44 0.000223046
4.08 1.5 0.000167941
4.08 1.56 0.000124711
4.14 -1.38 1.64019e-05
4.14 -1.32 2.36687e-05
4.14 -1.26 3.36853e-05
4.14 -1.2 4.72817e-05
4.14 -1.14 6.54538e-05
4.14 -1.08 8.93646e-05
4.14 -1.02 0.000120332
4.14 -0.96 0.000159805
4.14 -0.9 0.000209311
4.14 -0.84 0.00027038
4.14 -0.78 0.000344471
4.14 -0.72 0.000432831
4.14 -0.66 0.000536378
4.14 -0.6 0.00065556
4.14 -0.54 0.000790215
4.14 -0.48 0.000939434
4.14 -0.42 0.00110148
4.14 -0.36 0.00127372
4.14 -0.3 0.00145265
4.14 -0.24 0.00163395
4.14 -0.18 0.00181262
4.14 -0.12 0.00198318
4.14 -0.06 0.00213995
4.14 9.71445e-15 0.00227739
4.14 0.06 0.00239035
4.14 0.12 0.00247441
4.14 0.18 0.00252618
4.14 0.24 0.00254367
4.14 0.3 0.00252599
4.14 0.36 0.00247403
4.14 0.42 0.0023898
4.14 0.48 0.0022767
4.14 0.54 0.00213914
4.14 0.6 0.00198227
4.14 0.66 0.00181165
4.14 0.72 0.00163295
4.14 0.78 0.00145166
4.14 0.84 0.00127275
4.14 0.9 0.00110055
4.14 0.96 0.000938572
4.14 1.02 0.000789431
4.14 1.08 0.000654861
4.14 1.14 0.000535764
4.14 1.2 0.000432302
4.14 1.26 0.000344022
4.14 1.32 0.000270008
4.14 1.38 0.000209006
4.14 1.44 0.000159561
4.14 1.5 0.000120139
4.2 -1.32 1.6699e-05
4.2 -1.26 2.37659e-05
4.2 -1.2 3.33586e-05
4.2 -1.14 4.61795e-05
4.2 -1.08 6.3049e-05
4.2 -1.02 8.48984e-05
4.2 -0.96 0.000112749
4.2 -0.9 0.000147674
4.2 -0.84 0.000190764
4.2 -0.78 0.000243034
4.2 -0.72 0.000305376
4.2 -0.66 0.000378434
4.2 -0.6 0.000462524
4.2 -0.54 0.000557525
4.2 -0.48 0.000662799
4.2 -0.42 0.00077713
4.2 -0.36 0.00089866
4.2 -0.3 0.0010249
4.2 -0.24 0.00115281
4.2 -0.18 0.00127887
4.2 -0.12 0.00139919
4.2 -0.06 0.00150981
4.2 9.71445e-15 0.00160678
4.2 0.06 0.00168646
4.2 0.12 0.00174578
4.2 0.18 0.00178233
4.2 0.24 0.00179463
4.2 0.3 0.0017822
4.2 0.36 0.0017455
4.2 0.42 0.00168608
4.2 0.48 0.00160629
4.2 0.54 0.00150924
4.2 0.6 0.00139856
4.2 0.66 0.00127817
4.2 0.72 0.00115211
4.2 0.78 0.0010242
4.2 0.84 0.000897965
4.2 0.9 0.000776479
4.2 0.96 0.000662199
4.2 1.02 0.000556972
4.2 1.08 0.000462027
4.2 1.14 0.000378
4.2 1.2 0.000305004
4.2 1.26 0.000242721
4.2 1.32 0.0001905
4.2 1.38 0.000147461
4.2 1.44 0.000112576
4.26 -1.32 1.16198e-05
4.26 -1.26 1.65372e-05
4.26 -1.2 2.32121e-05
4.26 -1.14 3.21334e-05
4.26 -1.08 4.38721e-05
4.26 -1.02 5.90756e-05
4.26 -0.96 7.84545e-05
4.26 -0.9 0.000102758
4.26 -0.84 0.00013274
4.26 -0.78 0.000169114
4.26 -0.72 0.000212492
4.26 -0.66 0.000263327
4.26 -0.6 0.000321838
4.26 -0.54 0.000387945
4.26 -0.48 0.000461205
4.26 -0.42 0.000540759
4.26 -0.36 0.000625312
4.26 -0.3 0.000713167
4.26 -0.24 0.000802166
4.26 -0.18 0.000889876
4.26 -0.12 0.000973617
4.26 -0.06 0.00105059
4.26 9.71445e-15 0.00111806
4.26 0.06 0.00117351
4.26 0.12 0.00121477
4.26 0.18 0.00124022
4.26 0.24 0.00124877
4.26 0.3 0.00124012
4.26 0.36 0.00121458
4.26 0.42 0.00117323
4.26 0.48 0.00111771
4.26 0.54 0.00105018
4.26 0.6 0.000973165
4.26 0.66 0.000889404
4.26 0.72 0.000801677
4.26 0.78 0.000712671
4.26 0.84 0.000624841
4.26 0.9 0.000540301
4.26 0.96 0.000460779
4.26 1.02 0.00038756
4.26 1.08 0.000321495
4.26 1.14 0.000263026
4.26 1.2 0.000212231
4.26 1.26 0.000168893
4.26 1.32 0.000132558
4.26 1.38 0.000102608
4.32 -1.26 1.13491e-05
4.32 -1.2 1.593e-05
4.32 -1.14 2.20524e-05
4.32 -1.08 3.01084e-05
4.32 -1.02 4.05421e-05
4.32 -0.96 5.38406e-05
4.32 -0.9 7.05203e-05
4.32 -0.84 9.10952e-05
4.32 -0.78 0.000116058
4.32 -0.72 0.000145828
4.32 -0.66 0.000180715
4.32 -0.6 0.000220869
4.32 -0.54 0.000266237
4.32 -0.48 0.000316512
4.32 -0.42 0.000371105
4.32 -0.36 0.000429138
4.32 -0.3 0.000489424
4.32 -0.24 0.000550504
4.32 -0.18 0.000610701
4.32 -0.12 0.000668163
4.32 -0.06 0.000720982
4.32 9.71445e-15 0.000767288
4.32 0.06 0.000805346
4.32 0.12 0.00083367
4.32 0.18 0.000851116
4.32 0.24 0.000857004
4.32 0.3 0.00085105
4.32 0.36 0.000833543
4.32 0.42 0.000805163
4.32 0.48 0.000767055
4.32 0.54 0.00072071
4.32 0.6 0.000667859
4.32 0.66 0.000610377
4.32 0.72 0.000550169
4.32 0.78 0.000489086
4.32 0.84 0.000428811
4.32 0.9 0.000370795
4.32 0.96 0.000316219
4.32 1.02 0.000265971
4.32 1.08 0.000220632
4.32 1.14 0.000180507
4.32 1.2 0.000145649
4.32 1.26 0.000115907
4.32 1.32 9.09705e-05
4.38 -1.2 1.0782e-05
4.38 -1.14 1.49259e-05
4.38 -1.08 2.03783e-05
4.38 -1.02 2.74405e-05
4.38 -0.96 3.64418e-05
4.38 -0.9 4.77304e-05
4.38 -0.84 6.16573e-05
4.38 -0.78 7.85527e-05
4.38 -0.72 9.8701e-05
4.38 -0.66 0.000122313
4.38 -0.6 0.000149492
4.38 -0.54 0.000180197
4.38 -0.48 0.000214226
4.38 -0.42 0.000251181
4.38 -0.36 0.000290457
4.38 -0.3 0.000331262
4.38 -0.24 0.000372601
4.38 -0.18 0.000413347
4.38 -0.12 0.000452241
4.38 -0.06 0.000487993
4.38 9.71445e-15 0.000519333
4.38 0.06 0.00054509
4.38 0.12 0.000564256
4.38 0.18 0.000576072
4.38 0.24 0.000580052
4.38 0.3 0.000576029
4.38 0.36 0.00056417
4.38 0.42 0.000544963
4.38 0.48 0.000519172
4.38 0.54 0.000487803
4.38 0.6 0.00045203
4.38 0.66 0.000413123
4.38 0.72 0.000372378
4.38 0.78 0.000331031
4.38 0.84 0.000290237
4.38 0.9 0.000250966
4.38 0.96 0.000214031
4.38 1.02 0.000180021
4.38 1.08 0.000149334
4.38 1.14 0.000122175
4.38 1.2 9.85812e-05
4.44 -1.2 7.19737e-06
4.44 -1.14 9.96359e-06
4.44 -1.08 1.36034e-05
4.44 -1.02 1.83175e-05
4.44 -0.96 2.43261e-05
4.44 -0.9 3.1862e-05
4.44 -0.84 4.11583e-05
4.44 -0.78 5.24366e-05
4.44 -0.72 6.58869e-05
4.44 -0.66 8.16491e-05
4.44 -0.6 9.97918e-05
4.44 -0.54 0.000120289
4.44 -0.48 0.000143004
4.44 -0.42 0.000167671
4.44 -0.36 0.000193891
4.44 -0.3 0.000221127
4.44 -0.24 0.000248726
4.44 -0.18 0.000275924
4.44 -0.12 0.000301886
4.44 -0.06 0.000325751
4.44 9.71445e-15 0.000346672
4.44 0.06 0.000363867
4.44 0.12 0.000376664
4.44 0.18 0.000384546
4.44 0.24 0.000387207
4.44 0.3 0.000384517
4.44 0.36 0.000376606
4.44 0.42 0.000363784
4.44 0.48 0.000346566
4.44 0.54 0.000325626
4.44 0.6 0.000301747
4.44 0.66 0.000275776
4.44 0.72 0.000248573
4.44 0.78 0.000220975
4.44 0.84 0.000193742
4.44 0.9 0.00016753
4.44 0.96 0.000142873
4.44 1.02 0.00012017
4.44 1.08 9.96851e-05
4.44 1.14 8.15559e-05
4.5 -1.14 6.55961e-06
4.5 -1.08 8.95592e-06
4.5 -1.02 1.20595e-05
4.5 -0.96 1.60152e-05
4.5 -0.9 2.09767e-05
4.5 -0.84 2.70968e-05
4.5 -0.78 3.45223e-05
4.5 -0.72 4.33774e-05
4.5 -0.66 5.37545e-05
4.5 -0.6 6.56987e-05
4.5 -0.54 7.91936e-05
4.5 -0.48 9.41485e-05
4.5 -0.42 0.000110388
4.5 -0.36 0.000127649
4.5 -0.3 0.000145583
4.5 -0.24 0.000163751
4.5 -0.18 0.000181656
4.5 -0.12 0.000198749
4.5 -0.06 0.000214462
4.5 9.71445e-15 0.000228235
4.5 0.06 0.000239554
4.5 0.12 0.00024798
4.5 0.18 0.000253171
4.5 0.24 0.00025492
4.5 0.3 0.000253151
4.5 0.36 0.000247942
4.5 0.42 0.0002395
4.5 0.48 0.000228164
4.5 0.54 0.000214378
4.5 0.6 0.000198658
4.5 0.66 0.00018156
4.5 0.72 0.000163652
4.5 0.78 0.000145481
4.5 0.84 0.000127553
4.5 0.9 0.000110295
4.5 0.96 9.40609e-05
4.5 1.02 7.9115e-05
4.5 1.08 6.56288e-05
4.56 -1.08 5.81515e-06
4.56 -1.02 7.83034e-06
4.56 -0.96 1.03989e-05
4.56 -0.9 1.36203e-05
4.56 -0.84 1.75943e-05
4.56 -0.78 2.24156e-05
4.56 -0.72 2.81654e-05
4.56 -0.66 3.49033e-05
4.56 -0.6 4.26589e-05
4.56 -0.54 5.14213e-05
4.56 -0.48 6.11316e-05
4.56 -0.42 7.16763e-05
4.56 -0.36 8.28836e-05
4.56 -0.3 9.45286e-05
4.56 -0.24 0.000106325
4.56 -0.18 0.000117951
4.56 -0.12 0.00012905
4.56 -0.06 0.000139253
4.56 9.71445e-15 0.000148196
4.56 0.06 0.000155545
4.56 0.12 0.000161014
4.56 0.18 0.000164387
4.56 0.24 0.000165522
4.56 0.3 0.000164375
4.56 0.36 0.000160991
4.56 0.42 0.000155509
4.56 0.48 0.00014815
4.56 0.54 0.000139199
4.56 0.6 0.000128991
4.56 0.66 0.000117888
4.56 0.72 0.00010626
4.56 0.78 9.44628e-05
4.56 0.84 8.28212e-05
4.56 0.9 7.16157e-05
4.56 0.96 6.1075e-05
4.62 -1.02 5.01444e-06
4.62 -0.96 6.65937e-06
4.62 -0.9 8.72219e-06
4.62 -0.84 1.12672e-05
4.62 -0.78 1.43546e-05
4.62 -0.72 1.80366e-05
4.62 -0.66 2.23516e-05
4.62 -0.6 2.73182e-05
4.62 -0.54 3.29294e-05
4.62 -0.48 3.91476e-05
4.62 -0.42 4.59002e-05
4.62 -0.36 5.30778e-05
4.62 -0.3 6.05343e-05
4.62 -0.24 6.80892e-05
4.62 -0.18 7.55342e-05
4.62 -0.12 8.26415e-05
4.62 -0.06 8.91751e-05
4.62 9.71445e-15 9.49022e-05
4.62 0.06 9.96083e-05
4.62 0.12 0.000103111
4.62 0.18 0.000105272
4.62 0.24 0.000105997
4.62 0.3 0.000105264
4.62 0.36 0.000103096
4.62 0.42 9.95855e-05
4.62 0.48 9.48732e-05
4.62 0.54 8.91411e-05
4.62 0.6 8.26036e-05
4.62 0.66 7.54933e-05
4.62 0.72 6.80478e-05
4.62 0.78 6.04928e-05
4.62 0.84 5.30373e-05
4.62 0.9 4.58614e-05
4.68 -0.96 4.20591e-06
4.68 -0.9 5.50882e-06
4.68 -0.84 7.11616e-06
4.68 -0.78 9.06617e-06
4.68 -0.72 1.13916e-05
4.68 -0.66 1.41168e-05
4.68 -0.6 1.72535e-05
4.68 -0.54 2.07975e-05
4.68 -0.48 2.4725e-05
4.68 -0.42 2.899e-05
4.68 -0.36 3.35229e-05
4.68 -0.3 3.82326e-05
4.68 -0.24 4.30038e-05
4.68 -0.18 4.77063e-05
4.68 -0.12 5.21954e-05
4.68 -0.06 5.63217e-05
4.68 9.71445e-15 5.99388e-05
4.68 0.06 6.29114e-05
4.68 0.12 6.51236e-05
4.68 0.18 6.64873e-05
4.68 0.24 6.69465e-05
4.68 0.3 6.64823e-05
4.68 0.36 6.51138e-05
4.68 0.42 6.28967e-05
4.68 0.48 5.99201e-05
4.68 0.54 5.62997e-05
4.68 0.6 5.21709e-05
4.68 0.66 4.76807e-05
4.68 0.72 4.29779e-05
4.68 0.78 3.82059e-05
4.74 -0.9 3.43145e-06
4.74 -0.84 4.43267e-06
4.74 -0.78 5.64728e-06
4.74 -0.72 7.09588e-06
4.74 -0.66 8.79346e-06
4.74 -0.6 1.07474e-05
4.74 -0.54 1.29549e-05
4.74 -0.48 1.54013e-05
4.74 -0.42 1.80577e-05
4.74 -0.36 2.08816e-05
4.74 -0.3 2.38151e-05
4.74 -0.24 2.67874e-05
4.74 -0.18 2.9716e-05
4.74 -0.12 3.25123e-05
4.74 -0.06 3.50827e-05
4.74 9.71445e-15 3.73358e-05
4.74 0.06 3.91872e-05
4.74 0.12 4.05656e-05
4.74 0.18 4.14153e-05
4.74 0.24 4.17007e-05
4.74 0.3 4.14122e-05
4.74 0.36 4.05594e-05
4.74 0.42 3.91783e-05
4.74 0.48 3.73243e-05
4.74 0.54 3.50692e-05
4.74 0.6 3.24974e-05
4.74 0.66 2.97003e-05
4.8 -0.84 2.72313e-06
4.8 -0.78 3.46937e-06
4.8 -0.72 4.3593e-06
4.8 -0.66 5.40218e-06
4.8 -0.6 6.60254e-06
4.8 -0.54 7.95873e-06
4.8 -0.48 9.46162e-06
4.8 -0.42 1.10936e-05
4.8 -0.36 1.28283e-05
4.8 -0.3 1.46305e-05
4.8 -0.24 1.64565e-05
4.8 -0.18 1.82559e-05
4.8 -0.12 1.99736e-05
4.8 -0.06 2.15526e-05
4.8 9.71445e-15 2.29368e-05
4.8 0.06 2.40745e-05
4.8 0.12 2.49212e-05
4.8 0.18 2.54428e-05
4.8 0.24 2.56187e-05
4.8 0.3 2.54408e-05
4.8 0.36 2.49174e-05
4.8 0.42 2.4069e-05
4.8 0.48 2.29299e-05
4.86 -0.78 2.10206e-06
4.86 -0.72 2.64125e-06
4.86 -0.66 3.27313e-06
4.86 -0.6 4.00044e-06
4.86 -0.54 4.82212e-06
4.86 -0.48 5.73267e-06
4.86 -0.42 6.7216e-06
4.86 -0.36 7.77268e-06
4.86 -0.3 8.86456e-06
4.86 -0.24 9.97088e-06
4.86 -0.18 1.10612e-05
4.86 -0.12 1.2102e-05
4.86 -0.06 1.30587e-05
4.86 9.71445e-15 1.38974e-05
4.86 0.06 1.45867e-05
4.86 0.12 1.50996e-05
4.86 0.18 1.54157e-05
4.86 0.24 1.55223e-05
4.86 0.3 1.54145e-05
4.92 -0.72 1.57832e-06
4.92 -0.66 1.95592e-06
4.92 -0.6 2.39053e-06
4.92 -0.54 2.88155e-06
4.92 -0.48 3.42568e-06
4.92 -0.42 4.01659e-06
4.92 -0.36 4.64469e-06
4.92 -0.3 5.29715e-06
4.92 -0.24 5.9583e-06
4.92 -0.18 6.60974e-06
4.92 -0.12 7.23169e-06
4.92 -0.06 7.80338e-06
4.92 9.71445e-15 8.30453e-06
