4570 0.06 0.06 0.493399 -12 -12
-4.38 0.9 2.5815e-05
-4.38 0.96 2.49623e-05
-4.38 1.02 2.37241e-05
-4.38 1.08 2.23238e-05
-4.38 1.14 2.07174e-05
-4.38 1.2 1.89623e-05
-4.38 1.26 1.71172e-05
-4.38 1.32 1.52392e-05
-4.32 0.54 3.72641e-05
-4.32 0.6 3.9132e-05
-4.32 0.66 4.05326e-05
-4.32 0.72 4.14096e-05
-4.32 0.78 4.1727e-05
-4.32 0.84 4.14724e-05
-4.32 0.9 4.06553e-05
-4.32 0.96 3.93082e-05
-4.32 1.02 3.74857e-05
-4.32 1.08 3.52581e-05
-4.32 1.14 3.25949e-05
-4.32 1.2 2.98335e-05
-4.32 1.26 2.69309e-05
-4.32 1.32 2.39762e-05
-4.32 1.38 2.10523e-05
-4.32 1.44 1.8231e-05
-4.32 1.5 1.55708e-05
-4.32 1.56 1.3116e-05
-4.32 1.62 1.08962e-05
-4.32 1.68 8.92772e-06
-4.26 0.36 4.61253e-05
-4.26 0.42 5.04575e-05
-4.26 0.48 5.44473e-05
-4.26 0.54 5.7953e-05
-4.26 0.6 6.08441e-05
-4.26 0.66 6.30091e-05
-4.26 0.72 6.43612e-05
-4.26 0.78 6.48439e-05
-4.26 0.84 6.44388e-05
-4.26 0.9 6.31606e-05
-4.26 0.96 6.10608e-05
-4.26 1.02 5.82237e-05
-4.26 1.08 5.47584e-05
-4.26 1.14 5.07937e-05
-4.26 1.2 4.64705e-05
-4.26 1.26 4.17883e-05
-4.26 1.32 3.72038e-05
-4.26 1.38 3.26666e-05
-4.26 1.44 2.8289e-05
-4.26 1.5 2.41611e-05
-4.26 1.56 2.03519e-05
-4.26 1.62 1.69075e-05
-4.26 1.68 1.38531e-05
-4.26 1.74 1.11944e-05
-4.26 1.8 8.92168e-06
-4.26 1.86 7.01254e-06
-4.2 0.18 4.99326e-05
-4.2 0.24 5.68782e-05
-4.2 0.3 6.39153e-05
-4.2 0.36 7.08528e-05
-4.2 0.42 7.748e-05
-4.2 0.48 8.35789e-05
-4.2 0.54 8.8934e-05
-4.2 0.6 9.33456e-05
-4.2 0.66 9.66433e-05
-4.2 0.72 9.86955e-05
-4.2 0.78 9.94161e-05
-4.2 0.84 9.87774e-05
-4.2 0.9 9.68019e-05
-4.2 0.96 9.35706e-05
-4.2 1.02 8.92109e-05
-4.2 1.08 8.38914e-05
-4.2 1.14 7.78091e-05
-4.2 1.2 7.11797e-05
-4.2 1.26 6.42239e-05
-4.2 1.32 5.71539e-05
-4.2 1.38 4.99916e-05
-4.2 1.44 4.32925e-05
-4.2 1.5 3.69752e-05
-4.2 1.56 3.11458e-05
-4.2 1.62 2.58746e-05
-4.2 1.68 2.12001e-05
-4.2 1.74 1.71315e-05
-4.2 1.8 1.36534e-05
-4.2 1.86 1.07318e-05
-4.2 1.92 8.31952e-06
-4.2 1.98 6.36073e-06
-4.2 2.04 4.79632e-06
-4.14 0.06 5.61884e-05
-4.14 0.12 6.57155e-05
-4.14 0.18 7.58303e-05
-4.14 0.24 8.63276e-05
-4.14 0.3 9.69578e-05
-4.14 0.36 0.000107429
-4.14 0.42 0.000117427
-4.14 0.48 0.000126619
-4.14 0.54 0.000134683
-4.14 0.6 0.000141318
-4.14 0.66 0.000146268
-4.14 0.72 0.000149333
-4.14 0.78 0.000150387
-4.14 0.84 0.000149389
-4.14 0.9 0.000146372
-4.14 0.96 0.000141461
-4.14 1.02 0.000134847
-4.14 1.08 0.000126788
-4.14 1.14 0.000117581
-4.14 1.2 0.00010755
-4.14 1.26 9.70295e-05
-4.14 1.32 8.63396e-05
-4.14 1.38 7.57748e-05
-4.14 1.44 6.55928e-05
-4.14 1.5 5.58075e-05
-4.14 1.56 4.70093e-05
-4.14 1.62 3.90535e-05
-4.14 1.68 3.19981e-05
-4.14 1.74 2.58571e-05
-4.14 1.8 2.06075e-05
-4.14 1.86 1.61978e-05
-4.14 1.92 1.25569e-05
-4.14 1.98 9.60039e-06
-4.14 2.04 7.23925e-06
-4.14 2.1 5.3837e-06
-4.14 2.16 3.94876e-06
-4.08 -0.06 5.93812e-05
-4.08 9.71445e-15 7.12684e-05
-4.08 0.06 8.44033e-05
-4.08 0.12 9.86321e-05
-4.08 0.18 0.000113727
-4.08 0.24 0.000129379
-4.08 0.3 0.000145219
-4.08 0.36 0.000160809
-4.08 0.42 0.000175681
-4.08 0.48 0.000189343
-4.08 0.54 0.000201312
-4.08 0.6 0.000211146
-4.08 0.66 0.000218463
-4.08 0.72 0.00022297
-4.08 0.78 0.000224478
-4.08 0.84 0.000222928
-4.08 0.9 0.000218373
-4.08 0.96 0.000210999
-4.08 1.02 0.000201096
-4.08 1.08 0.000189042
-4.08 1.14 0.000175285
-4.08 1.2 0.000160309
-4.08 1.26 0.000144609
-4.08 1.32 0.000128662
-4.08 1.38 0.000112908
-4.08 1.44 9.77252e-05
-4.08 1.5 8.34268e-05
-4.08 1.56 6.99769e-05
-4.08 1.62 5.81345e-05
-4.08 1.68 4.76322e-05
-4.08 1.74 3.84907e-05
-4.08 1.8 3.0676e-05
-4.08 1.86 2.41118e-05
-4.08 1.92 1.86919e-05
-4.08 1.98 1.42909e-05
-4.08 2.04 1.07762e-05
-4.08 2.1 8.01408e-06
-4.08 2.16 5.87804e-06
-4.08 2.22 4.25208e-06
-4.08 2.28 3.0336e-06
-4.02 -0.18 5.90881e-05
-4.02 -0.12 7.27226e-05
-4.02 -0.06 8.83352e-05
-4.02 9.71445e-15 0.000105894
-4.02 0.06 0.000125276
-4.02 0.12 0.000146253
-4.02 0.18 0.000168482
-4.02 0.24 0.000191513
-4.02 0.3 0.000214794
-4.02 0.36 0.000237691
-4.02 0.42 0.000259505
-4.02 0.48 0.000279525
-4.02 0.54 0.00029704
-4.02 0.6 0.000311402
-4.02 0.66 0.000322053
-4.02 0.72 0.000328564
-4.02 0.78 0.00033067
-4.02 0.84 0.000328273
-4.02 0.9 0.000321478
-4.02 0.96 0.000310537
-4.02 1.02 0.000295891
-4.02 1.08 0.000278095
-4.02 1.14 0.000257807
-4.02 1.2 0.000235739
-4.02 1.26 0.000212617
-4.02 1.32 0.000189142
-4.02 1.38 0.00016596
-4.02 1.44 0.000143627
-4.02 1.5 0.000122599
-4.02 1.56 0.000103217
-4.02 1.62 8.53478e-05
-4.02 1.68 6.99295e-05
-4.02 1.74 5.65088e-05
-4.02 1.8 4.50357e-05
-4.02 1.86 3.53991e-05
-4.02 1.92 2.74419e-05
-4.02 1.98 2.09811e-05
-4.02 2.04 1.58205e-05
-4.02 2.1 1.17657e-05
-4.02 2.16 8.62966e-06
-4.02 2.22 6.24251e-06
-4.02 2.28 4.45366e-06
-4.02 2.34 3.13372e-06
-4.02 2.4 2.17468e-06
-3.96 -0.3 5.55346e-05
-3.96 -0.24 7.00313e-05
-3.96 -0.18 8.71789e-05
-3.96 -0.12 0.000107126
-3.96 -0.06 0.000129936
-3.96 9.71445e-15 0.000155555
-3.96 0.06 0.000183796
-3.96 0.12 0.000214321
-3.96 0.18 0.000246628
-3.96 0.24 0.000280066
-3.96 0.3 0.000313828
-3.96 0.36 0.000346992
-3.96 0.42 0.000378556
-3.96 0.48 0.000407473
-3.96 0.54 0.000432732
-3.96 0.6 0.000453392
-3.96 0.66 0.000468649
-3.96 0.72 0.000477896
-3.96 0.78 0.000480752
-3.96 0.84 0.000477086
-3.96 0.9 0.000467034
-3.96 0.96 0.000451002
-3.96 1.02 0.000429602
-3.96 1.08 0.000403657
-3.96 1.14 0.00037412
-3.96 1.2 0.00034202
-3.96 1.26 0.00030841
-3.96 1.32 0.000274312
-3.96 1.38 0.000240653
-3.96 1.44 0.00020824
-3.96 1.5 0.000177727
-3.96 1.56 0.000149612
-3.96 1.62 0.000124221
-3.96 1.68 0.000101253
-3.96 1.74 8.18208e-05
-3.96 1.8 6.52095e-05
-3.96 1.86 5.1256e-05
-3.96 1.92 3.97342e-05
-3.96 1.98 3.03791e-05
-3.96 2.04 2.29075e-05
-3.96 2.1 1.70358e-05
-3.96 2.16 1.24952e-05
-3.96 2.22 9.03878e-06
-3.96 2.28 6.44861e-06
-3.96 2.34 4.53747e-06
-3.96 2.4 3.14883e-06
-3.96 2.46 2.15511e-06
-3.96 2.52 1.45473e-06
-3.9 -0.36 6.38607e-05
-3.9 -0.3 8.14008e-05
-3.9 -0.24 0.000102444
-3.9 -0.18 0.000127287
-3.9 -0.12 0.000156135
-3.9 -0.06 0.000189064
-3.9 9.71445e-15 0.000225986
-3.9 0.06 0.000266624
-3.9 0.12 0.000310485
-3.9 0.18 0.000356847
-3.9 0.24 0.000404755
-3.9 0.3 0.000453065
-3.9 0.36 0.000500453
-3.9 0.42 0.000545472
-3.9 0.48 0.00058666
-3.9 0.54 0.000622555
-3.9 0.6 0.000651827
-3.9 0.66 0.000673343
-3.9 0.72 0.000686235
-3.9 0.78 0.000689965
-3.9 0.84 0.000684377
-3.9 0.9 0.000669675
-3.9 0.96 0.000646418
-3.9 1.02 0.000615534
-3.9 1.08 0.000578175
-3.9 1.14 0.000535707
-3.9 1.2 0.000489615
-3.9 1.26 0.000441401
-3.9 1.32 0.000392512
-3.9 1.38 0.00034428
-3.9 1.44 0.000297855
-3.9 1.5 0.000254174
-3.9 1.56 0.000213935
-3.9 1.62 0.000177603
-3.9 1.68 0.000145426
-3.9 1.74 0.00011745
-3.9 1.8 9.31213e-05
-3.9 1.86 7.31946e-05
-3.9 1.92 5.67422e-05
-3.9 1.98 4.33827e-05
-3.9 2.04 3.27125e-05
-3.9 2.1 2.43281e-05
-3.9 2.16 1.78437e-05
-3.9 2.22 1.29077e-05
-3.9 2.28 9.20888e-06
-3.9 2.34 6.47965e-06
-3.9 2.4 4.49657e-06
-3.9 2.46 3.07759e-06
-3.9 2.52 2.0774e-06
-3.9 2.58 1.383e-06
-3.84 -0.42 7.21548e-05
-3.84 -0.36 9.29255e-05
-3.84 -0.3 0.000118175
-3.84 -0.24 0.000148397
-3.84 -0.18 0.000183998
-3.84 -0.12 0.000225247
-3.84 -0.06 0.000272236
-3.84 9.71445e-15 0.000324827
-3.84 0.06 0.000382604
-3.84 0.12 0.000444849
-3.84 0.18 0.000510524
-3.84 0.24 0.000578293
-3.84 0.3 0.000646504
-3.84 0.36 0.000713293
-3.84 0.42 0.000776648
-3.84 0.48 0.000834468
-3.84 0.54 0.000884723
-3.84 0.6 0.000925552
-3.84 0.66 0.000955372
-3.84 0.72 0.000972997
-3.84 0.78 0.000977682
-3.84 0.84 0.0009692
-3.84 0.9 0.000947877
-3.84 0.96 0.000914541
-3.84 1.02 0.000870466
-3.84 1.08 0.000817308
-3.84 1.14 0.000757006
-3.84 1.2 0.000691647
-3.84 1.26 0.00062335
-3.84 1.32 0.000554171
-3.84 1.38 0.000485958
-3.84 1.44 0.000420338
-3.84 1.5 0.000358623
-3.84 1.56 0.000301791
-3.84 1.62 0.000250503
-3.84 1.68 0.000205089
-3.84 1.74 0.000165613
-3.84 1.8 0.000131907
-3.84 1.86 0.000103089
-3.84 1.92 7.99155e-05
-3.84 1.98 6.11006e-05
-3.84 2.04 4.6073e-05
-3.84 2.1 3.42636e-05
-3.84 2.16 2.51309e-05
-3.84 2.22 1.81793e-05
-3.84 2.28 1.29699e-05
-3.84 2.34 9.12604e-06
-3.84 2.4 6.33311e-06
-3.84 2.46 4.33445e-06
-3.84 2.52 2.92584e-06
-3.84 2.58 1.94783e-06
-3.84 2.64 1.27891e-06
-3.78 -0.54 6.08912e-05
-3.78 -0.48 8.01978e-05
-3.78 -0.42 0.000104316
-3.78 -0.36 0.000134001
-3.78 -0.3 0.000169992
-3.78 -0.24 0.000212954
-3.78 -0.18 0.000263433
-3.78 -0.12 0.00032178
-3.78 -0.06 0.000388095
-3.78 9.71445e-15 0.000462144
-3.78 0.06 0.000543321
-3.78 0.12 0.000630597
-3.78 0.18 0.000722498
-3.78 0.24 0.00081712
-3.78 0.3 0.000912185
-3.78 0.36 0.00100507
-3.78 0.42 0.00109297
-3.78 0.48 0.00117298
-3.78 0.54 0.0012423
-3.78 0.6 0.00129837
-3.78 0.66 0.001339
-3.78 0.72 0.00136256
-3.78 0.78 0.0013681
-3.78 0.84 0.0013553
-3.78 0.9 0.00132465
-3.78 0.96 0.00127733
-3.78 1.02 0.00121513
-3.78 1.08 0.00114038
-3.78 1.14 0.0010558
-3.78 1.2 0.000964269
-3.78 1.26 0.000868746
-3.78 1.32 0.000772068
-3.78 1.38 0.000676848
-3.78 1.44 0.000585295
-3.78 1.5 0.00049924
-3.78 1.56 0.00042004
-3.78 1.62 0.000348587
-3.78 1.68 0.00028534
-3.78 1.74 0.00023038
-3.78 1.8 0.000183463
-3.78 1.86 0.000144106
-3.78 1.92 0.000111007
-3.78 1.98 8.48714e-05
-3.78 2.04 6.39973e-05
-3.78 2.1 4.75937e-05
-3.78 2.16 3.49085e-05
-3.78 2.22 2.52522e-05
-3.78 2.28 1.80158e-05
-3.78 2.34 1.26764e-05
-3.78 2.4 8.79699e-06
-3.78 2.46 6.02084e-06
-3.78 2.52 4.06411e-06
-3.78 2.58 2.70564e-06
-3.78 2.64 1.77648e-06
-3.78 2.7 1.15038e-06
-3.78 2.76 7.34697e-07
-3.72 -0.6 6.59778e-05
-3.72 -0.54 8.77474e-05
-3.72 -0.48 0.000115257
-3.72 -0.42 0.000149514
-3.72 -0.36 0.00019155
-3.72 -0.3 0.000242365
-3.72 -0.24 0.000302844
-3.72 -0.18 0.000373706
-3.72 -0.12 0.000455389
-3.72 -0.06 0.000547978
-3.72 9.71445e-15 0.000651099
-3.72 0.06 0.000763858
-3.72 0.12 0.000884795
-3.72 0.18 0.00101184
-3.72 0.24 0.00114233
-3.72 0.3 0.00127312
-3.72 0.36 0.00140058
-3.72 0.42 0.00152086
-3.72 0.48 0.00163
-3.72 0.54 0.00172419
-3.72 0.6 0.00179994
-3.72 0.66 0.0018543
-3.72 0.72 0.0018851
-3.72 0.78 0.00189104
-3.72 0.84 0.00187183
-3.72 0.9 0.00182811
-3.72 0.96 0.00176159
-3.72 1.02 0.00167475
-3.72 1.08 0.00157084
-3.72 1.14 0.00145357
-3.72 1.2 0.00132693
-3.72 1.26 0.00119497
-3.72 1.32 0.00106158
-3.72 1.38 0.000930319
-3.72 1.44 0.000804223
-3.72 1.5 0.000685784
-3.72 1.56 0.000576838
-3.72 1.62 0.000478597
-3.72 1.68 0.000391678
-3.72 1.74 0.000316174
-3.72 1.8 0.000251742
-3.72 1.86 0.000197705
-3.72 1.92 0.000153146
-3.72 1.98 0.000116269
-3.72 2.04 8.76738e-05
-3.72 2.1 6.52014e-05
-3.72 2.16 4.78232e-05
-3.72 2.22 3.45944e-05
-3.72 2.28 2.46809e-05
-3.72 2.34 1.73662e-05
-3.72 2.4 1.20514e-05
-3.72 2.46 8.24831e-06
-3.72 2.52 5.56764e-06
-3.72 2.58 3.70662e-06
-3.72 2.64 2.4337e-06
-3.72 2.7 1.57596e-06
-3.72 2.76 1.0065e-06
-3.72 2.82 6.33968e-07
-3.66 -0.66 7.03844e-05
-3.66 -0.6 9.45309e-05
-3.66 -0.54 0.000125384
-3.66 -0.48 0.000164244
-3.66 -0.42 0.000212483
-3.66 -0.36 0.000271483
-3.66 -0.3 0.000342577
-3.66 -0.24 0.000426925
-3.66 -0.18 0.00052545
-3.66 -0.12 0.000638672
-3.66 -0.06 0.000766626
-3.66 9.71445e-15 0.000908717
-3.66 0.06 0.00106365
-3.66 0.12 0.00122934
-3.66 0.18 0.00140292
-3.66 0.24 0.0015807
-3.66 0.3 0.00175838
-3.66 0.36 0.001931
-3.66 0.42 0.00209337
-3.66 0.48 0.00224013
-3.66 0.54 0.00236615
-3.66 0.6 0.00246677
-3.66 0.66 0.00253813
-3.66 0.72 0.00257733
-3.66 0.78 0.0025827
-3.66 0.84 0.00255399
-3.66 0.9 0.0024921
-3.66 0.96 0.00239945
-3.66 1.02 0.00227947
-3.66 1.08 0.00213657
-3.66 1.14 0.00197583
-3.66 1.2 0.00180265
-3.66 1.26 0.00162255
-3.66 1.32 0.00144075
-3.66 1.38 0.00126206
-3.66 1.44 0.00109058
-3.66 1.5 0.000929639
-3.66 1.56 0.000781702
-3.66 1.62 0.000648383
-3.66 1.68 0.000530489
-3.66 1.74 0.000428126
-3.66 1.8 0.000340808
-3.66 1.86 0.000267599
-3.66 1.92 0.000207252
-3.66 1.98 0.000157094
-3.66 2.04 0.000118459
-3.66 2.1 8.80952e-05
-3.66 2.16 6.46151e-05
-3.66 2.22 4.67414e-05
-3.66 2.28 3.3347e-05
-3.66 2.34 2.3464e-05
-3.66 2.4 1.6283e-05
-3.66 2.46 1.11445e-05
-3.66 2.52 7.5226e-06
-3.66 2.58 5.00811e-06
-3.66 2.64 3.28822e-06
-3.66 2.7 2.12932e-06
-3.66 2.76 1.3599e-06
-3.66 2.82 8.56567e-07
-3.66 2.88 5.32121e-07
-3.6 -0.72 7.38824e-05
-3.6 -0.66 0.000100232
-3.6 -0.6 0.000134276
-3.6 -0.54 0.000177635
-3.6 -0.48 0.000232071
-3.6 -0.42 0.000299422
-3.6 -0.36 0.000381527
-3.6 -0.3 0.000480125
-3.6 -0.24 0.000596712
-3.6 -0.18 0.000732446
-3.6 -0.12 0.000887905
-3.6 -0.06 0.00106302
-3.6 9.71445e-15 0.00125684
-3.6 0.06 0.0014675
-3.6 0.12 0.00169205
-3.6 0.18 0.00192654
-3.6 0.24 0.00216593
-3.6 0.3 0.00240435
-3.6 0.36 0.00263515
-3.6 0.42 0.00285138
-3.6 0.48 0.00304591
-3.6 0.54 0.00321194
-3.6 0.6 0.00334335
-3.6 0.66 0.00343512
-3.6 0.72 0.00348351
-3.6 0.78 0.00348646
-3.6 0.84 0.00344373
-3.6 0.9 0.00335674
-3.6 0.96 0.0032288
-3.6 1.02 0.00306463
-3.6 1.08 0.00287015
-3.6 1.14 0.00265223
-3.6 1.2 0.00241811
-3.6 1.26 0.00217516
-3.6 1.32 0.00193035
-3.6 1.38 0.00169006
-3.6 1.44 0.00145974
-3.6 1.5 0.00124379
-3.6 1.56 0.00104545
-3.6 1.62 0.000866848
-3.6 1.68 0.000709006
-3.6 1.74 0.000572031
-3.6 1.8 0.000455245
-3.6 1.86 0.000357368
-3.6 1.92 0.000276718
-3.6 1.98 0.000211343
-3.6 2.04 0.000157852
-3.6 2.1 0.000117392
-3.6 2.16 8.61028e-05
-3.6 2.22 6.22854e-05
-3.6 2.28 4.44368e-05
-3.6 2.34 3.12671e-05
-3.6 2.4 2.1698e-05
-3.6 2.46 1.48506e-05
-3.6 2.52 1.00242e-05
-3.6 2.58 6.67358e-06
-3.6 2.64 4.38171e-06
-3.6 2.7 2.83743e-06
-3.6 2.76 1.81214e-06
-3.6 2.82 1.14143e-06
-3.6 2.88 7.0908e-07
-3.54 -0.78 7.62323e-05
-3.54 -0.72 0.000104506
-3.54 -0.66 0.000141451
-3.54 -0.6 0.000189043
-3.54 -0.54 0.000249469
-3.54 -0.48 0.000325087
-3.54 -0.42 0.000418342
-3.54 -0.36 0.000531634
-3.54 -0.3 0.000667225
-3.54 -0.24 0.000826998
-3.54 -0.18 0.00101235
-3.54 -0.12 0.00122389
-3.54 -0.06 0.0014613
-3.54 9.71445e-15 0.00172316
-3.54 0.06 0.00200674
-3.54 0.12 0.00230794
-3.54 0.18 0.0026213
-3.54 0.24 0.00294
-3.54 0.3 0.00325616
-3.54 0.36 0.00356093
-3.54 0.42 0.00384507
-3.54 0.48 0.00409927
-3.54 0.54 0.00431463
-3.54 0.6 0.00448328
-3.54 0.66 0.00459874
-3.54 0.72 0.00465633
-3.54 0.78 0.00465357
-3.54 0.84 0.00459038
-3.54 0.9 0.00446894
-3.54 0.96 0.00429365
-3.54 1.02 0.00407105
-3.54 1.08 0.00380902
-3.54 1.14 0.00351666
-3.54 1.2 0.00320363
-3.54 1.26 0.00287961
-3.54 1.32 0.00255378
-3.54 1.38 0.0022345
-3.54 1.44 0.00192886
-3.54 1.5 0.00164268
-3.54 1.56 0.00138009
-3.54 1.62 0.00114382
-3.54 1.68 0.000935189
-3.54 1.74 0.000754253
-3.54 1.8 0.000600071
-3.54 1.86 0.000470923
-3.54 1.92 0.000364548
-3.54 1.98 0.000278362
-3.54 2.04 0.000209656
-3.54 2.1 0.000154282
-3.54 2.16 0.000113159
-3.54 2.22 8.18575e-05
-3.54 2.28 5.84004e-05
-3.54 2.34 4.10923e-05
-3.54 2.4 2.85161e-05
-3.54 2.46 1.95171e-05
-3.54 2.52 1.31743e-05
-3.54 2.58 8.77065e-06
-3.54 2.64 5.75864e-06
-3.54 2.7 3.72905e-06
-3.54 2.76 2.38159e-06
-3.54 2.82 1.50012e-06
-3.54 2.88 9.31906e-07
-3.54 2.94 5.70964e-07
-3.48 -0.84 7.72144e-05
-3.48 -0.78 0.000107015
-3.48 -0.72 0.000146413
-3.48 -0.66 0.000197756
-3.48 -0.6 0.000263707
-3.48 -0.54 0.000347203
-3.48 -0.48 0.000451365
-3.48 -0.42 0.000579398
-3.48 -0.36 0.000734433
-3.48 -0.3 0.000919336
-3.48 -0.24 0.00113646
-3.48 -0.18 0.00138739
-3.48 -0.12 0.00167276
-3.48 -0.06 0.00199182
-3.48 9.71445e-15 0.00234236
-3.48 0.06 0.00272049
-3.48 0.12 0.00312056
-3.48 0.18 0.00353502
-3.48 0.24 0.00395475
-3.48 0.3 0.0043692
-3.48 0.36 0.00476685
-3.48 0.42 0.00513542
-3.48 0.48 0.00546295
-3.48 0.54 0.00573801
-3.48 0.6 0.00595052
-3.48 0.66 0.00609235
-3.48 0.72 0.00615777
-3.48 0.78 0.00614401
-3.48 0.84 0.00605123
-3.48 0.9 0.00588273
-3.48 0.96 0.00564448
-3.48 1.02 0.0053452
-3.48 1.08 0.00499547
-3.48 1.14 0.00460723
-3.48 1.2 0.00419308
-3.48 1.26 0.00376562
-3.48 1.32 0.00333678
-3.48 1.38 0.00291743
-3.48 1.44 0.00251671
-3.48 1.5 0.00214195
-3.48 1.56 0.00179854
-3.48 1.62 0.00148987
-3.48 1.68 0.00121754
-3.48 1.74 0.000981555
-3.48 1.8 0.000780604
-3.48 1.86 0.000612394
-3.48 1.92 0.000473915
-3.48 1.98 0.000361768
-3.48 2.04 0.000272402
-3.48 2.1 0.000202324
-3.48 2.16 0.000146675
-3.48 2.22 0.000106101
-3.48 2.28 7.56962e-05
-3.48 2.34 5.3262e-05
-3.48 2.4 3.69619e-05
-3.48 2.46 2.52977e-05
-3.48 2.52 1.70762e-05
-3.48 2.58 1.13681e-05
-3.48 2.64 7.46423e-06
-3.48 2.7 4.8335e-06
-3.48 2.76 3.08695e-06
-3.48 2.82 1.94441e-06
-3.48 2.88 1.20791e-06
-3.48 2.94 7.40065e-07
-3.42 -0.84 0.000107469
-3.42 -0.78 0.000148697
-3.42 -0.72 0.000203081
-3.42 -0.66 0.000273779
-3.42 -0.6 0.000364355
-3.42 -0.54 0.000478706
-3.42 -0.48 0.000620946
-3.42 -0.42 0.000795236
-3.42 -0.36 0.00100563
-3.42 -0.3 0.00125568
-3.42 -0.24 0.00154828
-3.42 -0.18 0.00188523
-3.42 -0.12 0.00226691
-3.42 -0.06 0.00269203
-3.42 9.71445e-15 0.00315723
-3.42 0.06 0.00365693
-3.42 0.12 0.0041833
-3.42 0.18 0.0047261
-3.42 0.24 0.0052733
-3.42 0.3 0.00581079
-3.42 0.36 0.00632349
-3.42 0.42 0.00679576
-3.42 0.48 0.00721199
-3.42 0.54 0.00755776
-3.42 0.6 0.00782052
-3.42 0.66 0.00799024
-3.42 0.72 0.00806013
-3.42 0.78 0.00802722
-3.42 0.84 0.00789213
-3.42 0.9 0.00765966
-3.42 0.96 0.00733827
-3.42 1.02 0.00693924
-3.42 1.08 0.00647656
-3.42 1.14 0.00596586
-3.42 1.2 0.00542339
-3.42 1.26 0.00486535
-3.42 1.32 0.00430718
-3.42 1.38 0.00376254
-3.42 1.44 0.0032431
-3.42 1.5 0.00275812
-3.42 1.56 0.00231433
-3.42 1.62 0.00191596
-3.42 1.68 0.00156487
-3.42 1.74 0.00126091
-3.42 1.8 0.00100232
-3.42 1.86 0.000785995
-3.42 1.92 0.000608018
-3.42 1.98 0.000463976
-3.42 2.04 0.000349257
-3.42 2.1 0.000259328
-3.42 2.16 0.0001875
-3.42 2.22 0.000135635
-3.42 2.28 9.67669e-05
-3.42 2.34 6.80886e-05
-3.42 2.4 4.72509e-05
-3.42 2.46 3.23392e-05
-3.42 2.52 2.18294e-05
-3.42 2.58 1.45326e-05
-3.42 2.64 9.54184e-06
-3.42 2.7 6.17896e-06
-3.42 2.76 3.94624e-06
-3.42 2.82 2.48564e-06
-3.42 2.88 1.54413e-06
-3.42 2.94 9.46057e-07
-3.36 -0.9 0.00010569
-3.36 -0.84 0.000147962
-3.36 -0.78 0.000204426
-3.36 -0.72 0.000278753
-3.36 -0.66 0.00037517
-3.36 -0.6 0.000498401
-3.36 -0.54 0.00065358
-3.36 -0.48 0.000846089
-3.36 -0.42 0.00108131
-3.36 -0.36 0.00136435
-3.36 -0.3 0.00169967
-3.36 -0.24 0.00209069
-3.36 -0.18 0.00253937
-3.36 -0.12 0.00304573
-3.36 -0.06 0.00360745
-3.36 9.71445e-15 0.00421956
-3.36 0.06 0.00487419
-3.36 0.12 0.00556059
-3.36 0.18 0.00626511
-3.36 0.24 0.00697146
-3.36 0.3 0.00766141
-3.36 0.36 0.00831531
-3.36 0.42 0.00891296
-3.36 0.48 0.00943498
-3.36 0.54 0.00986308
-3.36 0.6 0.0101817
-3.36 0.66 0.0103791
-3.36 0.72 0.010447
-3.36 0.78 0.0103826
-3.36 0.84 0.0101878
-3.36 0.9 0.0098694
-3.36 0.96 0.00943858
-3.36 1.02 0.00891077
-3.36 1.08 0.00830396
-3.36 1.14 0.0076382
-3.36 1.2 0.00693442
-3.36 1.26 0.00621337
-3.36 1.32 0.00549426
-3.36 1.38 0.00479445
-3.36 1.44 0.00412859
-3.36 1.5 0.0035081
-3.36 1.56 0.00294128
-3.36 1.62 0.00243316
-3.36 1.68 0.00198594
-3.36 1.74 0.00159922
-3.36 1.8 0.00127052
-3.36 1.86 0.000995791
-3.36 1.92 0.000769968
-3.36 1.98 0.000587305
-3.36 2.04 0.000441921
-3.36 2.1 0.000328024
-3.36 2.16 0.000240178
-3.36 2.22 0.000171006
-3.36 2.28 0.000122002
-3.36 2.34 8.58445e-05
-3.36 2.4 5.95722e-05
-3.36 2.46 4.0773e-05
-3.36 2.52 2.75222e-05
-3.36 2.58 1.83225e-05
-3.36 2.64 1.20303e-05
-3.36 2.7 7.79024e-06
-3.36 2.76 4.9753e-06
-3.36 2.82 3.13385e-06
-3.36 2.88 1.94682e-06
-3.36 2.94 1.19279e-06
-3.3 -0.96 0.000101654
-3.3 -0.9 0.000144051
-3.3 -0.84 0.000201428
-3.3 -0.78 0.000277948
-3.3 -0.72 0.000378495
-3.3 -0.66 0.000508665
-3.3 -0.6 0.000674687
-3.3 -0.54 0.000883278
-3.3 -0.48 0.0011414
-3.3 -0.42 0.00145594
-3.3 -0.36 0.00183339
-3.3 -0.3 0.00227917
-3.3 -0.24 0.00279733
-3.3 -0.18 0.0033898
-3.3 -0.12 0.00405594
-3.3 -0.06 0.00479203
-3.3 9.71445e-15 0.00559084
-3.3 0.06 0.00644136
-3.3 0.12 0.00732894
-3.3 0.18 0.00823508
-3.3 0.24 0.00913876
-3.3 0.3 0.0100158
-3.3 0.36 0.0108412
-3.3 0.42 0.0115893
-3.3 0.48 0.0122355
-3.3 0.54 0.0127574
-3.3 0.6 0.0131362
-3.3 0.66 0.0133578
-3.3 0.72 0.0134133
-3.3 0.78 0.0133005
-3.3 0.84 0.0130224
-3.3 0.9 0.0125892
-3.3 0.96 0.0120161
-3.3 1.02 0.0113231
-3.3 1.08 0.0105335
-3.3 1.14 0.00967309
-3.3 1.2 0.00876841
-3.3 1.26 0.00784538
-3.3 1.32 0.00692826
-3.3 1.38 0.00603843
-3.3 1.44 0.00519386
-3.3 1.5 0.00440867
-3.3 1.56 0.00369276
-3.3 1.62 0.00305216
-3.3 1.68 0.00248917
-3.3 1.74 0.00200296
-3.3 1.8 0.00159021
-3.3 1.86 0.0012456
-3.3 1.92 0.000962556
-3.3 1.98 0.000733846
-3.3 2.04 0.000551928
-3.3 2.1 0.000409501
-3.3 2.16 0.000299719
-3.3 2.22 0.000216399
-3.3 2.28 0.000151704
-3.3 2.34 0.000106744
-3.3 2.4 7.40763e-05
-3.3 2.46 5.06989e-05
-3.3 2.52 3.42227e-05
-3.3 2.58 2.27831e-05
-3.3 2.64 1.4959e-05
-3.3 2.7 9.68691e-06
-3.3 2.76 6.18664e-06
-3.3 2.82 3.89683e-06
-3.3 2.88 2.42079e-06
-3.3 2.94 1.48316e-06
-3.24 -1.02 9.5508e-05
-3.24 -0.96 0.000137048
-3.24 -0.9 0.000194027
-3.24 -0.84 0.000271045
-3.24 -0.78 0.000373607
-3.24 -0.72 0.000508163
-3.24 -0.66 0.000682067
-3.24 -0.6 0.000903457
-3.24 -0.54 0.00118105
-3.24 -0.48 0.00152381
-3.24 -0.42 0.0019405
-3.24 -0.36 0.00243914
-3.24 -0.3 0.00302651
-3.24 -0.24 0.0037071
-3.24 -0.18 0.00448278
-3.24 -0.12 0.00535187
-3.24 -0.06 0.00630855
-3.24 9.71445e-15 0.00734243
-3.24 0.06 0.00843838
-3.24 0.12 0.00957658
-3.24 0.18 0.0107326
-3.24 0.24 0.0118783
-3.24 0.3 0.0129834
-3.24 0.36 0.0140151
-3.24 0.42 0.0149413
-3.24 0.48 0.0157315
-3.24 0.54 0.0163585
-3.24 0.6 0.0167998
-3.24 0.66 0.0170389
-3.24 0.72 0.0170665
-3.24 0.78 0.0168812
-3.24 0.84 0.0164893
-3.24 0.9 0.0159044
-3.24 0.96 0.0151473
-3.24 1.02 0.014244
-3.24 1.08 0.0132247
-3.24 1.14 0.012122
-3.24 1.2 0.0109693
-3.24 1.26 0.00979854
-3.24 1.32 0.00863977
-3.24 1.38 0.00751947
-3.24 1.44 0.0064592
-3.24 1.5 0.00547604
-3.24 1.56 0.00458164
-3.24 1.62 0.00378289
-3.24 1.68 0.00308215
-3.24 1.74 0.00247794
-3.24 1.8 0.00196571
-3.24 1.86 0.00153859
-3.24 1.92 0.00118819
-3.24 1.98 0.000905288
-3.24 2.04 0.000680495
-3.24 2.1 0.000504636
-3.24 2.16 0.000369182
-3.24 2.22 0.000266439
-3.24 2.28 0.000186045
-3.24 2.34 0.000130907
-3.24 2.4 9.0844e-05
-3.24 2.46 6.21758e-05
-3.24 2.52 4.19688e-05
-3.24 2.58 2.79406e-05
-3.24 2.64 1.83452e-05
-3.24 2.7 1.18797e-05
-3.24 2.76 7.587e-06
-3.24 2.82 4.77888e-06
-3.24 2.88 2.96874e-06
-3.24 2.94 1.8189e-06
-3.18 -1.02 0.00012728
-3.18 -0.96 0.000182512
-3.18 -0.9 0.000258198
-3.18 -0.84 0.000360384
-3.18 -0.78 0.000496293
-3.18 -0.72 0.000674372
-3.18 -0.66 0.000904188
-3.18 -0.6 0.00119629
-3.18 -0.54 0.00156187
-3.18 -0.48 0.00201236
-3.18 -0.42 0.00255893
-3.18 -0.36 0.00321146
-3.18 -0.3 0.00397807
-3.18 -0.24 0.00486395
-3.18 -0.18 0.00587056
-3.18 -0.12 0.00699461
-3.18 -0.06 0.00822748
-3.18 9.71445e-15 0.00955463
-3.18 0.06 0.0109554
-3.18 0.12 0.0124031
-3.18 0.18 0.0138659
-3.18 0.24 0.0153069
-3.18 0.3 0.0166869
-3.18 0.36 0.0179648
-3.18 0.42 0.0191005
-3.18 0.48 0.0200561
-3.18 0.54 0.0207988
-3.18 0.6 0.0213018
-3.18 0.66 0.0215468
-3.18 0.72 0.0215248
-3.18 0.78 0.0212356
-3.18 0.84 0.0206903
-3.18 0.9 0.0199074
-3.18 0.96 0.018915
-3.18 1.02 0.0177466
-3.18 1.08 0.016441
-3.18 1.14 0.0150389
-3.18 1.2 0.0135819
-3.18 1.26 0.0121099
-3.18 1.32 0.0106593
-3.18 1.38 0.00926189
-3.18 1.44 0.00794391
-3.18 1.5 0.00672514
-3.18 1.56 0.00561931
-3.18 1.62 0.00463398
-3.18 1.68 0.00377132
-3.18 1.74 0.00302887
-3.18 1.8 0.00240046
-3.18 1.86 0.00187722
-3.18 1.92 0.00144854
-3.18 1.98 0.00110284
-3.18 2.04 0.000828439
-3.18 2.1 0.000613968
-3.18 2.16 0.000448916
-3.18 2.22 0.000323818
-3.18 2.28 0.000230431
-3.18 2.34 0.000158333
-3.18 2.4 0.000109876
-3.18 2.46 7.52019e-05
-3.18 2.52 5.0762e-05
-3.18 2.58 3.37942e-05
-3.18 2.64 2.21886e-05
-3.18 2.7 1.43684e-05
-3.18 2.76 9.17647e-06
-3.18 2.82 5.78005e-06
-3.18 2.88 3.5907e-06
-3.18 2.94 2.19997e-06
-3.18 3 1.32935e-06
-3.12 -1.08 0.000115299
-3.12 -1.02 0.000167494
-3.12 -0.96 0.000240032
-3.12 -0.9 0.000339357
-3.12 -0.84 0.000473331
-3.12 -0.78 0.000651342
-3.12 -0.72 0.000884313
-3.12 -0.66 0.00118459
-3.12 -0.6 0.0015657
-3.12 -0.54 0.00204196
-3.12 -0.48 0.0026279
-3.12 -0.42 0.00333735
-3.12 -0.36 0.00418272
-3.12 -0.3 0.00517353
-3.12 -0.24 0.00631569
-3.12 -0.18 0.00760988
-3.12 -0.12 0.00905071
-3.12 -0.06 0.0106258
-3.12 9.71445e-15 0.0123151
-3.12 0.06 0.0140906
-3.12 0.12 0.0159172
-3.12 0.18 0.017753
-3.12 0.24 0.0195511
-3.12 0.3 0.0212606
-3.12 0.36 0.0228302
-3.12 0.42 0.0242099
-3.12 0.48 0.0253534
-3.12 0.54 0.0262212
-3.12 0.6 0.0267823
-3.12 0.66 0.0270166
-3.12 0.72 0.0269157
-3.12 0.78 0.0264831
-3.12 0.84 0.0257345
-3.12 0.9 0.0246966
-3.12 0.96 0.0234062
-3.12 1.02 0.0219066
-3.12 1.08 0.0202469
-3.12 1.14 0.0184783
-3.12 1.2 0.0166519
-3.12 1.26 0.0148164
-3.12 1.32 0.0130161
-3.12 1.38 0.0112888
-3.12 1.44 0.0096656
-3.12 1.5 0.00816932
-3.12 1.56 0.00681563
-3.12 1.62 0.00561256
-3.12 1.68 0.00456171
-3.12 1.74 0.0036592
-3.12 1.8 0.00289677
-3.12 1.86 0.002263
-3.12 1.92 0.00174455
-3.12 1.98 0.00132705
-3.12 2.04 0.000996061
-3.12 2.1 0.000737652
-3.12 2.16 0.000538988
-3.12 2.22 0.000388551
-3.12 2.28 0.000276343
-3.12 2.34 0.000188872
-3.12 2.4 0.00013107
-3.12 2.46 8.97064e-05
-3.12 2.52 6.05532e-05
-3.12 2.58 4.03123e-05
-3.12 2.64 2.64683e-05
-3.12 2.7 1.71399e-05
-3.12 2.76 1.09465e-05
-3.12 2.82 6.89494e-06
-3.12 2.88 4.28327e-06
-3.12 2.94 2.62429e-06
-3.12 3 1.58576e-06
-3.06 -1.08 0.000149857
-3.06 -1.02 0.000217598
-3.06 -0.96 0.000311687
-3.06 -0.9 0.000440427
-3.06 -0.84 0.000613937
-3.06 -0.78 0.000844289
-3.06 -0.72 0.00114547
-3.06 -0.66 0.00153323
-3.06 -0.6 0.00202483
-3.06 -0.54 0.00263836
-3.06 -0.48 0.00339201
-3.06 -0.42 0.00430312
-3.06 -0.36 0.00538674
-3.06 -0.3 0.00665436
-3.06 -0.24 0.00811239
-3.06 -0.18 0.00976039
-3.06 -0.12 0.0115901
-3.06 -0.06 0.0135841
-3.06 9.71445e-15 0.0157153
-3.06 0.06 0.017947
-3.06 0.12 0.0202327
-3.06 0.18 0.0225183
-3.06 0.24 0.0247437
-3.06 0.3 0.026845
-3.06 0.36 0.0287575
-3.06 0.42 0.0304195
-3.06 0.48 0.0317746
-3.06 0.54 0.0327759
-3.06 0.6 0.0333882
-3.06 0.66 0.0335892
-3.06 0.72 0.0333728
-3.06 0.78 0.0327469
-3.06 0.84 0.0317352
-3.06 0.9 0.0303735
-3.06 0.96 0.0287105
-3.06 1.02 0.0268014
-3.06 1.08 0.0247083
-3.06 1.14 0.0224947
-3.06 1.2 0.0202235
-3.06 1.26 0.0179534
-3.06 1.32 0.0157378
-3.06 1.38 0.0136212
-3.06 1.44 0.0116398
-3.06 1.5 0.00981978
-3.06 1.56 0.00817836
-3.06 1.62 0.00672382
-3.06 1.68 0.00545662
-3.06 1.74 0.00437087
-3.06 1.8 0.0034556
-3.06 1.86 0.0026963
-3.06 1.92 0.00207624
-3.06 1.98 0.00157773
-3.06 2.04 0.00118309
-3.06 2.1 0.000875391
-3.06 2.16 0.00063912
-3.06 2.22 0.000460399
-3.06 2.28 0.000327223
-3.06 2.34 0.000229455
-3.06 2.4 0.000154201
-3.06 2.46 0.000105538
-3.06 2.52 7.12397e-05
-3.06 2.58 4.74267e-05
-3.06 2.64 3.11395e-05
-3.06 2.7 2.01648e-05
-3.06 2.76 1.28784e-05
-3.06 2.82 8.11177e-06
-3.06 2.88 5.0392e-06
-3.06 2.94 3.08742e-06
-3.06 3 1.86562e-06
-3 -1.14 0.000130639
-3 -1.08 0.000192238
-3 -1.02 0.000279038
-3 -0.96 0.000399531
-3 -0.9 0.000564304
-3 -0.84 0.000786244
-3 -0.78 0.00108067
-3 -0.72 0.00146531
-3 -0.66 0.0019601
-3 -0.6 0.00258671
-3 -0.54 0.00336787
-3 -0.48 0.00432631
-3 -0.42 0.00548328
-3 -0.36 0.00685735
-3 -0.3 0.00846181
-3 -0.24 0.0103037
-3 -0.18 0.0123811
-3 -0.12 0.0146819
-3 -0.06 0.0171825
-3 9.71445e-15 0.019847
-3 0.06 0.022627
-3 0.12 0.025463
-3 0.18 0.0282852
-3 0.24 0.0310182
-3 0.3 0.0335808
-3 0.36 0.0358929
-3 0.42 0.0378792
-3 0.48 0.0394713
-3 0.54 0.0406137
-3 0.6 0.0412659
-3 0.66 0.0414057
-3 0.72 0.0410292
-3 0.78 0.0401512
-3 0.84 0.0388047
-3 0.9 0.0370385
-3 0.96 0.0349156
-3 1.02 0.0325066
-3 1.08 0.0298887
-3 1.14 0.0271406
-3 1.2 0.0243387
-3 1.26 0.0215539
-3 1.32 0.0188494
-3 1.38 0.0162774
-3 1.44 0.0138795
-3 1.5 0.0116852
-3 1.56 0.00971292
-3 1.62 0.00797075
-3 1.68 0.00645736
-3 1.74 0.00516409
-3 1.8 0.00407655
-3 1.86 0.0031763
-3 1.92 0.00244265
-3 1.98 0.00185392
-3 2.04 0.00138864
-3 2.1 0.00102642
-3 2.16 0.000748673
-3 2.22 0.000538849
-3 2.28 0.000382675
-3 2.34 0.000268143
-3 2.4 0.000178922
-3 2.46 0.000122457
-3 2.52 8.266e-05
-3 2.58 5.50299e-05
-3 2.64 3.61313e-05
-3 2.7 2.33974e-05
-3 2.76 1.4943e-05
-3 2.82 9.41222e-06
-3 2.88 5.84704e-06
-3 2.94 3.58239e-06
-3 3 2.16471e-06
-2.94 -1.14 0.00016543
-2.94 -1.08 0.000243366
-2.94 -1.02 0.000353146
-2.94 -0.96 0.000505475
-2.94 -0.9 0.000713684
-2.94 -0.84 0.000993975
-2.94 -0.78 0.00136557
-2.94 -0.72 0.00185072
-2.94 -0.66 0.00247433
-2.94 -0.6 0.00326344
-2.94 -0.54 0.00424622
-2.94 -0.48 0.00545071
-2.94 -0.42 0.00690318
-2.94 -0.36 0.00862567
-2.94 -0.3 0.0106341
-2.94 -0.24 0.0129358
-2.94 -0.18 0.0155271
-2.94 -0.12 0.0183909
-2.94 -0.06 0.0214957
-2.94 9.71445e-15 0.024795
-2.94 0.06 0.0282264
-2.94 0.12 0.0317135
-2.94 0.18 0.0351697
-2.94 0.24 0.038498
-2.94 0.3 0.0415989
-2.94 0.36 0.0443731
-2.94 0.42 0.0467289
-2.94 0.48 0.0485847
-2.94 0.54 0.0498749
-2.94 0.6 0.0505537
-2.94 0.66 0.0505982
-2.94 0.72 0.0500098
-2.94 0.78 0.0488107
-2.94 0.84 0.0470478
-2.94 0.9 0.0447855
-2.94 0.96 0.0421035
-2.94 1.02 0.039092
-2.94 1.08 0.0358463
-2.94 1.14 0.0324632
-2.94 1.2 0.0290348
-2.94 1.26 0.0256464
-2.94 1.32 0.0223719
-2.94 1.38 0.0192719
-2.94 1.44 0.016394
-2.94 1.5 0.0137711
-2.94 1.56 0.011422
-2.94 1.62 0.00935399
-2.94 1.68 0.00756322
-2.94 1.74 0.00603735
-2.94 1.8 0.00475764
-2.94 1.86 0.00370095
-2.94 1.92 0.00284184
-2.94 1.98 0.00215385
-2.94 2.04 0.00161118
-2.94 2.1 0.00118949
-2.94 2.16 0.000866642
-2.94 2.22 0.000623112
-2.94 2.28 0.000442098
-2.94 2.34 0.000309511
-2.94 2.4 0.00020475
-2.94 2.46 0.000140135
-2.94 2.52 9.45935e-05
-2.94 2.58 6.29742e-05
-2.94 2.64 4.13476e-05
-2.94 2.7 2.67749e-05
-2.94 2.76 1.71001e-05
-2.94 2.82 1.0771e-05
-2.94 2.88 6.69117e-06
-2.94 2.94 4.09959e-06
-2.94 3 2.47722e-06
-2.88 -1.2 0.000138618
-2.88 -1.14 0.000206701
-2.88 -1.08 0.000304012
-2.88 -1.02 0.000441042
-2.88 -0.96 0.000631118
-2.88 -0.9 0.000890801
-2.88 -0.84 0.00124025
-2.88 -0.78 0.0017033
-2.88 -0.72 0.00230747
-2.88 -0.66 0.00308362
-2.88 -0.6 0.00406507
-2.88 -0.54 0.00528646
-2.88 -0.48 0.00678206
-2.88 -0.42 0.00858376
-2.88 -0.36 0.0107178
-2.88 -0.3 0.0132034
-2.88 -0.24 0.0160476
-2.88 -0.18 0.0192444
-2.88 -0.12 0.022771
-2.88 -0.06 0.0265864
-2.88 9.71445e-15 0.0306306
-2.88 0.06 0.0348251
-2.88 0.12 0.0390739
-2.88 0.18 0.0432682
-2.88 0.24 0.0472872
-2.88 0.3 0.0510098
-2.88 0.36 0.0543142
-2.88 0.42 0.0570879
-2.88 0.48 0.0592343
-2.88 0.54 0.0606779
-2.88 0.6 0.0613672
-2.88 0.66 0.0612785
-2.88 0.72 0.060419
-2.88 0.78 0.0588229
-2.88 0.84 0.0565534
-2.88 0.9 0.0536928
-2.88 0.96 0.0503423
-2.88 1.02 0.0466147
-2.88 1.08 0.0426284
-2.88 1.14 0.0384999
-2.88 1.2 0.0343412
-2.88 1.26 0.0302522
-2.88 1.32 0.0263196
-2.88 1.38 0.0226142
-2.88 1.44 0.0191887
-2.88 1.5 0.0160792
-2.88 1.56 0.0133052
-2.88 1.62 0.0108716
-2.88 1.68 0.00877127
-2.88 1.74 0.00698727
-2.88 1.8 0.00549546
-2.88 1.86 0.00426711
-2.88 1.92 0.00327092
-2.88 1.98 0.00247504
-2.88 2.04 0.00184864
-2.88 2.1 0.00136288
-2.88 2.16 0.000991688
-2.88 2.22 0.000712157
-2.88 2.28 0.000504709
-2.88 2.34 0.00035298
-2.88 2.4 0.000243604
-2.88 2.46 0.000158162
-2.88 2.52 0.00010676
-2.88 2.58 7.10746e-05
-2.88 2.64 4.66666e-05
-2.88 2.7 3.02193e-05
-2.88 2.76 1.92996e-05
-2.88 2.82 1.21565e-05
-2.88 2.88 7.55189e-06
-2.88 2.94 4.62691e-06
-2.88 3 2.79582e-06
-2.82 -1.2 0.000170911
-2.82 -1.14 0.000254814
-2.82 -1.08 0.000374712
-2.82 -1.02 0.000543495
-2.82 -0.96 0.000777546
-2.82 -0.9 0.00109723
-2.82 -0.84 0.0015272
-2.82 -0.78 0.00209678
-2.82 -0.72 0.00283962
-2.82 -0.66 0.00379335
-2.82 -0.6 0.00499867
-2.82 -0.54 0.0064977
-2.82 -0.48 0.00833187
-2.82 -0.42 0.0105395
-2.82 -0.36 0.0131522
-2.82 -0.3 0.0161917
-2.82 -0.24 0.0196659
-2.82 -0.18 0.023565
-2.82 -0.12 0.0278596
-2.82 -0.06 0.0324975
-2.82 9.71445e-15 0.0374032
-2.82 0.06 0.0424792
-2.82 0.12 0.0476055
-2.82 0.18 0.0526474
-2.82 0.24 0.0574592
-2.82 0.3 0.06189
-2.82 0.36 0.0657949
-2.82 0.42 0.069038
-2.82 0.48 0.0715046
-2.82 0.54 0.0731063
-2.82 0.6 0.0737869
-2.82 0.66 0.0735229
-2.82 0.72 0.0723294
-2.82 0.78 0.0702555
-2.82 0.84 0.0673806
-2.82 0.9 0.0638128
-2.82 0.96 0.0596775
-2.82 1.02 0.0551138
-2.82 1.08 0.0502658
-2.82 1.14 0.0452748
-2.82 1.2 0.0402743
-2.82 1.26 0.035382
-2.82 1.32 0.0306996
-2.82 1.38 0.0263067
-2.82 1.44 0.022263
-2.82 1.5 0.0186071
-2.82 1.56 0.0153581
-2.82 1.62 0.0125184
-2.82 1.68 0.0100763
-2.82 1.74 0.00800871
-2.82 1.8 0.00628528
-2.82 1.86 0.00487039
-2.82 1.92 0.00372603
-2.82 1.98 0.0028143
-2.82 2.04 0.00209842
-2.82 2.1 0.00154452
-2.82 2.16 0.00112215
-2.82 2.22 0.00080472
-2.82 2.28 0.000569568
-2.82 2.34 0.000397864
-2.82 2.4 0.000274276
-2.82 2.46 0.000176051
-2.82 2.52 0.000118838
-2.82 2.58 7.91141e-05
-2.82 2.64 5.19452e-05
-2.82 2.7 3.36377e-05
-2.82 2.76 2.14831e-05
-2.82 2.82 1.35317e-05
-2.82 2.88 8.40617e-06
-2.82 2.94 5.15028e-06
-2.82 3 3.11214e-06
-2.76 -1.26 0.000137549
-2.76 -1.2 0.000207891
-2.76 -1.14 0.000309905
-2.76 -1.08 0.000455655
-2.76 -1.02 0.000660786
-2.76 -0.96 0.000945189
-2.76 -0.9 0.00133351
-2.76 -0.84 0.00185569
-2.76 -0.78 0.00254712
-2.76 -0.72 0.00344854
-2.76 -0.66 0.00460543
-2.76 -0.6 0.00606677
-2.76 -0.54 0.00788319
-2.76 -0.48 0.0101044
-2.76 -0.42 0.0127761
-2.76 -0.36 0.0159353
-2.76 -0.3 0.0196075
-2.76 -0.24 0.0238001
-2.76 -0.18 0.0285008
-2.76 -0.12 0.0336711
-2.76 -0.06 0.039246
-2.76 9.71445e-15 0.0451319
-2.76 0.06 0.051209
-2.76 0.12 0.0573306
-2.76 0.18 0.0633341
-2.76 0.24 0.0690398
-2.76 0.3 0.0742693
-2.76 0.36 0.0788453
-2.76 0.42 0.0826084
-2.76 0.48 0.0854238
-2.76 0.54 0.087189
-2.76 0.6 0.087841
-2.76 0.66 0.0873595
-2.76 0.72 0.0857676
-2.76 0.78 0.083129
-2.76 0.84 0.0795507
-2.76 0.9 0.0751619
-2.76 0.96 0.0701206
-2.76 1.02 0.0645965
-2.76 1.08 0.058763
-2.76 1.14 0.0527893
-2.76 1.2 0.0468332
-2.76 1.26 0.0410333
-2.76 1.32 0.0355059
-2.76 1.38 0.0303425
-2.76 1.44 0.0256089
-2.76 1.5 0.0213463
-2.76 1.56 0.0175726
-2.76 1.62 0.0142865
-2.76 1.68 0.0114704
-2.76 1.74 0.00909462
-2.76 1.8 0.00712071
-2.76 1.86 0.00550527
-2.76 1.92 0.00420277
-2.76 1.98 0.00316779
-2.76 2.04 0.00235745
-2.76 2.1 0.001732
-2.76 2.16 0.00125621
-2.76 2.22 0.000899402
-2.76 2.28 0.000635625
-2.76 2.34 0.000443384
-2.76 2.4 0.000305256
-2.76 2.46 0.000193275
-2.76 2.52 0.000130462
-2.76 2.58 8.68536e-05
-2.76 2.64 5.70265e-05
-2.76 2.7 3.69279e-05
-2.76 2.76 2.35841e-05
-2.76 2.82 1.48551e-05
-2.76 2.88 9.22839e-06
-2.76 2.94 5.65408e-06
-2.76 3 3.41653e-06
-2.7 -1.26 0.000165063
-2.7 -1.2 0.000249451
-2.7 -1.14 0.000371819
-2.7 -1.08 0.000546622
-2.7 -1.02 0.000792606
-2.7 -0.96 0.00113355
-2.7 -0.9 0.00159902
-2.7 -0.84 0.00222474
-2.7 -0.78 0.00305309
-2.7 -0.72 0.00413266
-2.7 -0.66 0.00551768
-2.7 -0.6 0.00726649
-2.7 -0.54 0.00943925
-2.7 -0.48 0.0120948
-2.7 -0.42 0.015287
-2.7 -0.36 0.0190597
-2.7 -0.3 0.0234409
-2.7 -0.24 0.0284399
-2.7 -0.18 0.0340382
-2.7 -0.12 0.040189
-2.7 -0.06 0.0468124
-2.7 9.71445e-15 0.0537952
-2.7 0.06 0.0609913
-2.7 0.12 0.0682243
-2.7 0.18 0.0752977
-2.7 0.24 0.0819997
-2.7 0.3 0.0881123
-2.7 0.36 0.0934312
-2.7 0.42 0.0977653
-2.7 0.48 0.100957
-2.7 0.54 0.102891
-2.7 0.6 0.103495
-2.7 0.66 0.102751
-2.7 0.72 0.100696
-2.7 0.78 0.0974116
-2.7 0.84 0.0930272
-2.7 0.9 0.087708
-2.7 0.96 0.0816423
-2.7 1.02 0.0750347
-2.7 1.08 0.068093
-2.7 1.14 0.0610181
-2.7 1.2 0.0539943
-2.7 1.26 0.0471824
-2.7 1.32 0.0407179
-2.7 1.38 0.0347023
-2.7 1.44 0.0292091
-2.7 1.5 0.0242807
-2.7 1.56 0.0199341
-2.7 1.62 0.016163
-2.7 1.68 0.0129428
-2.7 1.74 0.0102356
-2.7 1.8 0.00799394
-2.7 1.86 0.00616539
-2.7 1.92 0.00469561
-2.7 1.98 0.00353137
-2.7 2.04 0.00262232
-2.7 2.1 0.00192267
-2.7 2.16 0.00139179
-2.7 2.22 0.000994651
-2.7 2.28 0.000701731
-2.7 2.34 0.000488712
-2.7 2.4 0.000335962
-2.7 2.46 0.000227958
-2.7 2.52 0.000141256
-2.7 2.58 9.40377e-05
-2.7 2.64 6.17444e-05
-2.7 2.7 3.9983e-05
-2.7 2.76 2.55355e-05
-2.7 2.82 1.60843e-05
-2.7 2.88 9.99191e-06
-2.7 2.94 6.12183e-06
-2.7 3 3.6992e-06
-2.64 -1.26 0.000195392
-2.64 -1.2 0.000295261
-2.64 -1.14 0.000440059
-2.64 -1.08 0.000646874
-2.64 -1.02 0.000937884
-2.64 -0.96 0.00134116
-2.64 -0.9 0.0018916
-2.64 -0.84 0.00263147
-2.64 -0.78 0.00361065
-2.64 -0.72 0.00488645
-2.64 -0.66 0.00652274
-2.64 -0.6 0.00858813
-2.64 -0.54 0.0111533
-2.64 -0.48 0.0142874
-2.64 -0.42 0.0180528
-2.64 -0.36 0.0225003
-2.64 -0.3 0.0276626
-2.64 -0.24 0.0335475
-2.64 -0.18 0.0401331
-2.64 -0.12 0.0473622
-2.64 -0.06 0.0551384
-2.64 9.71445e-15 0.0633255
-2.64 0.06 0.0717487
-2.64 0.12 0.0802011
-2.64 0.18 0.0884472
-2.64 0.24 0.0962367
-2.64 0.3 0.103316
-2.64 0.36 0.109441
-2.64 0.42 0.114391
-2.64 0.48 0.117985
-2.64 0.54 0.12009
-2.64 0.6 0.120627
-2.64 0.66 0.119583
-2.64 0.72 0.117003
-2.64 0.78 0.112994
-2.64 0.84 0.107712
-2.64 0.9 0.101358
-2.64 0.96 0.0941555
-2.64 1.02 0.0863497
-2.64 1.08 0.0781857
-2.64 1.14 0.0698987
-2.64 1.2 0.0617026
-2.64 1.26 0.0537839
-2.64 1.32 0.0462945
-2.64 1.38 0.0393519
-2.64 1.44 0.0330337
-2.64 1.5 0.027386
-2.64 1.56 0.0224224
-2.64 1.62 0.018131
-2.64 1.68 0.0144795
-2.64 1.74 0.0114201
-2.64 1.8 0.00889552
-2.64 1.86 0.00684304
-2.64 1.92 0.00519865
-2.64 1.98 0.00390018
-2.64 2.04 0.00288938
-2.64 2.1 0.00211374
-2.64 2.16 0.00152682
-2.64 2.22 0.00108892
-2.64 2.28 0.000766757
-2.64 2.34 0.000533019
-2.64 2.4 0.000365792
-2.64 2.46 0.000247801
-2.64 2.52 0.000150839
-2.64 2.58 0.000100419
-2.64 2.64 6.59336e-05
-2.64 2.7 4.26956e-05
-2.64 2.76 2.7268e-05
-2.64 2.82 1.71756e-05
-2.64 2.88 1.06699e-05
-2.64 2.94 6.53722e-06
-2.58 -1.32 0.000148916
-2.58 -1.26 0.000228146
-2.58 -1.2 0.000344733
-2.58 -1.14 0.000513751
-2.58 -1.08 0.000755149
-2.58 -1.02 0.00109475
-2.58 -0.96 0.00156534
-2.58 -0.9 0.00220752
-2.58 -0.84 0.0030706
-2.58 -0.78 0.0042126
-2.58 -0.72 0.00570024
-2.58 -0.66 0.0076078
-2.58 -0.6 0.0100149
-2.58 -0.54 0.0130036
-2.58 -0.48 0.0166538
-2.58 -0.42 0.0210377
-2.58 -0.36 0.0262133
-2.58 -0.3 0.032218
-2.58 -0.24 0.0390588
-2.58 -0.18 0.0467094
-2.58 -0.12 0.0551007
-2.58 -0.06 0.0641185
-2.58 9.71445e-15 0.0736022
-2.58 0.06 0.0833467
-2.58 0.12 0.0931097
-2.58 0.18 0.102616
-2.58 0.24 0.111573
-2.58 0.3 0.119687
-2.58 0.36 0.126674
-2.58 0.42 0.13228
-2.58 0.48 0.136298
-2.58 0.54 0.138576
-2.58 0.6 0.139029
-2.58 0.66 0.137649
-2.58 0.72 0.134492
-2.58 0.78 0.12969
-2.58 0.84 0.123431
-2.58 0.9 0.11595
-2.58 0.96 0.107514
-2.58 1.02 0.0984117
-2.58 1.08 0.0889259
-2.58 1.14 0.0793293
-2.58 1.2 0.0698698
-2.58 1.26 0.060761
-2.58 1.32 0.0521733
-2.58 1.38 0.0442374
-2.58 1.44 0.0370393
-2.58 1.5 0.0306261
-2.58 1.56 0.0250081
-2.58 1.62 0.0201671
-2.58 1.68 0.0160616
-2.58 1.74 0.0126336
-2.58 1.8 0.00981412
-2.58 1.86 0.00752943
-2.58 1.92 0.00570504
-2.58 1.98 0.00426904
-2.58 2.04 0.00315476
-2.58 2.1 0.00230225
-2.58 2.16 0.00165909
-2.58 2.22 0.0011806
-2.58 2.28 0.00082953
-2.58 2.34 0.000575484
-2.58 2.4 0.000394166
-2.58 2.46 0.000266538
-2.58 2.52 0.000158858
-2.58 2.58 0.000105758
-2.58 2.64 6.9439e-05
-2.58 2.7 4.49656e-05
-2.58 2.76 2.87177e-05
-2.58 2.82 1.80887e-05
-2.58 2.88 1.12371e-05
-2.58 2.94 6.8848e-06
-2.52 -1.32 0.000171515
-2.52 -1.26 0.000262755
-2.52 -1.2 0.000397009
-2.52 -1.14 0.000591628
-2.52 -1.08 0.000869552
-2.52 -1.02 0.00126051
-2.52 -0.96 0.00180221
-2.52 -0.9 0.00254136
-2.52 -0.84 0.00353457
-2.52 -0.78 0.00484856
-2.52 -0.72 0.00656001
-2.52 -0.66 0.00875414
-2.52 -0.6 0.0115223
-2.52 -0.54 0.0149583
-2.52 -0.48 0.0191534
-2.52 -0.42 0.0241907
-2.52 -0.36 0.0301351
-2.52 -0.3 0.0370285
-2.52 -0.24 0.0448786
-2.52 -0.18 0.0536531
-2.52 -0.12 0.0632703
-2.52 -0.06 0.0735974
-2.52 9.71445e-15 0.0844489
-2.52 0.06 0.0955875
-2.52 0.12 0.106729
-2.52 0.18 0.117564
-2.52 0.24 0.127749
-2.52 0.3 0.136948
-2.52 0.36 0.144838
-2.52 0.42 0.15113
-2.52 0.48 0.155587
-2.52 0.54 0.15804
-2.52 0.6 0.158397
-2.52 0.66 0.156649
-2.52 0.72 0.152876
-2.52 0.78 0.147225
-2.52 0.84 0.139925
-2.52 0.9 0.131247
-2.52 0.96 0.121504
-2.52 1.02 0.111027
-2.52 1.08 0.100142
-2.52 1.14 0.0891625
-2.52 1.2 0.0783703
-2.52 1.26 0.0680065
-2.52 1.32 0.0582642
-2.52 1.38 0.0492859
-2.52 1.44 0.041166
-2.52 1.5 0.0339527
-2.52 1.56 0.0276529
-2.52 1.62 0.0222413
-2.52 1.68 0.0176663
-2.52 1.74 0.0138581
-2.52 1.8 0.0107361
-2.52 1.86 0.00821431
-2.52 1.92 0.00620718
-2.52 1.98 0.00463232
-2.52 2.04 0.00341422
-2.52 2.1 0.00248518
-2.52 2.16 0.00178642
-2.52 2.22 0.00126813
-2.52 2.28 0.000888949
-2.52 2.34 0.000615322
-2.52 2.4 0.000420552
-2.52 2.46 0.000283799
-2.52 2.52 0.000165005
-2.52 2.58 0.00010985
-2.52 2.64 7.21256e-05
-2.52 2.7 4.67052e-05
-2.52 2.76 2.98288e-05
-2.52 2.82 1.87885e-05
-2.52 2.88 1.16719e-05
-2.52 2.94 7.15118e-06
-2.46 -1.32 0.000194845
-2.46 -1.26 0.000298485
-2.46 -1.2 0.000450973
-2.46 -1.14 0.000672007
-2.46 -1.08 0.000987649
-2.46 -1.02 0.00143161
-2.46 -0.96 0.00204671
-2.46 -0.9 0.0028859
-2.46 -0.84 0.00401348
-2.46 -0.78 0.00550503
-2.46 -0.72 0.00744747
-2.46 -0.66 0.00993728
-2.46 -0.6 0.0130778
-2.46 -0.54 0.0169755
-2.46 -0.48 0.0217333
-2.46 -0.42 0.0274441
-2.46 -0.36 0.0341819
-2.46 -0.3 0.0419926
-2.46 -0.24 0.0508833
-2.46 -0.18 0.0608165
-2.46 -0.12 0.071698
-2.46 -0.06 0.0833756
-2.46 9.71445e-15 0.0956363
-2.46 0.06 0.108209
-2.46 0.12 0.120774
-2.46 0.18 0.132973
-2.46 0.24 0.144422
-2.46 0.3 0.154739
-2.46 0.36 0.163555
-2.46 0.42 0.170547
-2.46 0.48 0.175451
-2.46 0.54 0.178076
-2.46 0.6 0.178323
-2.46 0.66 0.176193
-2.46 0.72 0.171771
-2.46 0.78 0.16524
-2.46 0.84 0.156859
-2.46 0.9 0.14694
-2.46 0.96 0.135842
-2.46 1.02 0.123942
-2.46 1.08 0.111612
-2.46 1.14 0.0992046
-2.46 1.2 0.0870372
-2.46 1.26 0.0753819
-2.46 1.32 0.0644504
-2.46 1.38 0.0544017
-2.46 1.44 0.0453371
-2.46 1.5 0.0373052
-2.46 1.56 0.0303095
-2.46 1.62 0.0243166
-2.46 1.68 0.0192648
-2.46 1.74 0.0150723
-2.46 1.8 0.0116454
-2.46 1.86 0.00888595
-2.46 1.92 0.00669644
-2.46 1.98 0.00498387
-2.46 2.04 0.00366338
-2.46 2.1 0.00265942
-2.46 2.16 0.00190665
-2.46 2.22 0.00134998
-2.46 2.28 0.000943954
-2.46 2.34 0.000651814
-2.46 2.4 0.00044445
-2.46 2.46 0.000299258
-2.46 2.52 0.000198956
-2.46 2.58 0.000112532
-2.46 2.64 7.38866e-05
-2.46 2.7 4.78453e-05
-2.46 2.76 3.0557e-05
-2.46 2.82 1.92472e-05
-2.46 2.88 1.19568e-05
-2.46 2.94 7.32578e-06
-2.4 -1.38 0.000140563
-2.4 -1.32 0.000218319
-2.4 -1.26 0.000334435
-2.4 -1.2 0.000505273
-2.4 -1.14 0.000752895
-2.4 -1.08 0.00110646
-2.4 -1.02 0.00160378
-2.4 -0.96 0.0022927
-2.4 -0.9 0.0032326
-2.4 -0.84 0.00449533
-2.4 -0.78 0.0061655
-2.4 -0.72 0.00834024
-2.4 -0.66 0.0111276
-2.4 -0.6 0.0146429
-2.4 -0.54 0.0190047
-2.4 -0.48 0.0243284
-2.4 -0.42 0.030717
-2.4 -0.36 0.0382523
-2.4 -0.3 0.0469852
-2.4 -0.24 0.0569224
-2.4 -0.18 0.0680203
-2.4 -0.12 0.0801725
-2.4 -0.06 0.0932071
-2.4 9.71445e-15 0.106885
-2.4 0.06 0.120899
-2.4 0.12 0.134892
-2.4 0.18 0.148462
-2.4 0.24 0.161177
-2.4 0.3 0.172613
-2.4 0.36 0.182357
-2.4 0.42 0.190048
-2.4 0.48 0.195395
-2.4 0.54 0.198188
-2.4 0.6 0.198322
-2.4 0.66 0.195796
-2.4 0.72 0.190719
-2.4 0.78 0.183295
-2.4 0.84 0.173819
-2.4 0.9 0.162648
-2.4 0.96 0.150183
-2.4 1.02 0.136848
-2.4 1.08 0.123062
-2.4 1.14 0.109218
-2.4 1.2 0.0956689
-2.4 1.26 0.0827146
-2.4 1.32 0.0705904
-2.4 1.38 0.0594694
-2.4 1.44 0.0494585
-2.4 1.5 0.0406089
-2.4 1.56 0.0329195
-2.4 1.62 0.0263487
-2.4 1.68 0.0208238
-2.4 1.74 0.0162509
-2.4 1.8 0.0125237
-2.4 1.86 0.00953098
-2.4 1.92 0.00716331
-2.4 1.98 0.00531689
-2.4 2.04 0.00389752
-2.4 2.1 0.00282169
-2.4 2.16 0.00201753
-2.4 2.22 0.00142467
-2.4 2.28 0.000993559
-2.4 2.34 0.000684298
-2.4 2.4 0.000465436
-2.4 2.46 0.000312629
-2.4 2.52 0.000207358
-2.4 2.58 0.000113695
-2.4 2.64 7.46503e-05
-2.4 2.7 4.83402e-05
-2.4 2.76 3.08726e-05
-2.4 2.82 1.94461e-05
-2.4 2.88 1.20804e-05
-2.4 2.94 7.40145e-06
-2.34 -1.38 0.000155345
-2.34 -1.32 0.000241272
-2.34 -1.26 0.000369582
-2.34 -1.2 0.00055836
-2.34 -1.14 0.000831976
-2.34 -1.08 0.00122265
-2.34 -1.02 0.00177212
-2.34 -0.96 0.00253324
-2.34 -0.9 0.00357158
-2.34 -0.84 0.0049664
-2.34 -0.78 0.00681121
-2.34 -0.72 0.00921312
-2.34 -0.66 0.0122912
-2.34 -0.6 0.0161729
-2.34 -0.54 0.0209887
-2.34 -0.48 0.0268651
-2.34 -0.42 0.0339162
-2.34 -0.36 0.0422311
-2.34 -0.3 0.0518651
-2.34 -0.24 0.0628257
-2.34 -0.18 0.0750613
-2.34 -0.12 0.0884549
-2.34 -0.06 0.102815
-2.34 9.71445e-15 0.117874
-2.34 0.06 0.133298
-2.34 0.12 0.148684
-2.34 0.18 0.163591
-2.34 0.24 0.177542
-2.34 0.3 0.190066
-2.34 0.36 0.200714
-2.34 0.42 0.209086
-2.34 0.48 0.214859
-2.34 0.54 0.217812
-2.34 0.6 0.217828
-2.34 0.66 0.214911
-2.34 0.72 0.209186
-2.34 0.78 0.200885
-2.34 0.84 0.190334
-2.34 0.9 0.177935
-2.34 0.96 0.164131
-2.34 1.02 0.149391
-2.34 1.08 0.134179
-2.34 1.14 0.118929
-2.34 1.2 0.10403
-2.34 1.26 0.0898073
-2.34 1.32 0.0765203
-2.34 1.38 0.0643543
-2.34 1.44 0.0534229
-2.34 1.5 0.0437786
-2.34 1.56 0.0354162
-2.34 1.62 0.0282861
-2.34 1.68 0.0223047
-2.34 1.74 0.0173658
-2.34 1.8 0.0133501
-2.34 1.86 0.0101345
-2.34 1.92 0.0075971
-2.34 1.98 0.00562403
-2.34 2.04 0.00411159
-2.34 2.1 0.00296861
-2.34 2.16 0.00211679
-2.34 2.22 0.00149072
-2.34 2.28 0.00103681
-2.34 2.34 0.000712174
-2.34 2.4 0.000483129
-2.34 2.46 0.000323675
-2.34 2.52 0.000214149
-2.34 2.58 0.000113291
-2.34 2.64 7.43844e-05
-2.34 2.7 4.81687e-05
-2.34 2.76 3.07633e-05
-2.34 2.82 1.93771e-05
-2.34 2.88 1.20375e-05
-2.34 2.94 7.37512e-06
-2.28 -1.38 0.000169327
-2.28 -1.32 0.000262987
-2.28 -1.26 0.000402837
-2.28 -1.2 0.000608583
-2.28 -1.14 0.00090679
-2.28 -1.08 0.00133256
-2.28 -1.02 0.00193133
-2.28 -0.96 0.00276075
-2.28 -0.9 0.00389221
-2.28 -0.84 0.00541195
-2.28 -0.78 0.00742193
-2.28 -0.72 0.0100387
-2.28 -0.66 0.0133918
-2.28 -0.6 0.0176199
-2.28 -0.54 0.022865
-2.28 -0.48 0.0292642
-2.28 -0.42 0.0369414
-2.28 -0.36 0.0459936
-2.28 -0.3 0.0564793
-2.28 -0.24 0.0684071
-2.28 -0.18 0.081719
-2.28 -0.12 0.0962855
-2.28 -0.06 0.111897
-2.28 9.71445e-15 0.128263
-2.28 0.06 0.145017
-2.28 0.12 0.161719
-2.28 0.18 0.177886
-2.28 0.24 0.193003
-2.28 0.3 0.206554
-2.28 0.36 0.218052
-2.28 0.42 0.227063
-2.28 0.48 0.233237
-2.28 0.54 0.236333
-2.28 0.6 0.236232
-2.28 0.66 0.232939
-2.28 0.72 0.226598
-2.28 0.78 0.217461
-2.28 0.84 0.205891
-2.28 0.9 0.192325
-2.28 0.96 0.177252
-2.28 1.02 0.161182
-2.28 1.08 0.144621
-2.28 1.14 0.12804
-2.28 1.2 0.111865
-2.28 1.26 0.0964448
-2.28 1.32 0.0820613
-2.28 1.38 0.0689091
-2.28 1.44 0.0571123
-2.28 1.5 0.0467212
-2.28 1.56 0.0377272
-2.28 1.62 0.0300731
-2.28 1.68 0.0236652
-2.28 1.74 0.0183853
-2.28 1.8 0.0141021
-2.28 1.86 0.0106801
-2.28 1.92 0.00798655
-2.28 1.98 0.00589747
-2.28 2.04 0.00430038
-2.28 2.1 0.00309671
-2.28 2.16 0.0022022
-2.28 2.22 0.00154665
-2.28 2.28 0.00107279
-2.28 2.34 0.000734893
-2.28 2.4 0.00049719
-2.28 2.46 0.000332204
-2.28 2.52 0.000219219
-2.28 2.58 0.000111335
-2.28 2.64 7.31016e-05
-2.28 2.7 4.73374e-05
-2.28 2.76 3.02325e-05
-2.28 2.82 1.90429e-05
-2.28 2.88 1.18298e-05
-2.22 -1.38 0.000182038
-2.22 -1.32 0.000282722
-2.22 -1.26 0.000433063
-2.22 -1.2 0.000654234
-2.22 -1.14 0.000974789
-2.22 -1.08 0.00143245
-2.22 -1.02 0.00207605
-2.22 -0.96 0.00296756
-2.22 -0.9 0.00418358
-2.22 -0.84 0.00581697
-2.22 -0.78 0.007977
-2.22 -0.72 0.010789
-2.22 -0.66 0.0143919
-2.22 -0.6 0.0189348
-2.22 -0.54 0.0245697
-2.22 -0.48 0.0314442
-2.22 -0.42 0.0396907
-2.22 -0.36 0.0494118
-2.22 -0.3 0.0606723
-2.22 -0.24 0.0734769
-2.22 -0.18 0.0877658
-2.22 -0.12 0.103398
-2.22 -0.06 0.120147
-2.22 9.71445e-15 0.137698
-2.22 0.06 0.155656
-2.22 0.12 0.173552
-2.22 0.18 0.190864
-2.22 0.24 0.207034
-2.22 0.3 0.221517
-2.22 0.36 0.233781
-2.22 0.42 0.243364
-2.22 0.48 0.249897
-2.22 0.54 0.253118
-2.22 0.6 0.252906
-2.22 0.66 0.249269
-2.22 0.72 0.242361
-2.22 0.78 0.232459
-2.22 0.84 0.21996
-2.22 0.9 0.20533
-2.22 0.96 0.189098
-2.22 1.02 0.171818
-2.22 1.08 0.15403
-2.22 1.14 0.136242
-2.22 1.2 0.118908
-2.22 1.26 0.102404
-2.22 1.32 0.0870254
-2.22 1.38 0.0729826
-2.22 1.44 0.0604028
-2.22 1.5 0.0493389
-2.22 1.56 0.0397766
-2.22 1.62 0.0316519
-2.22 1.68 0.0248618
-2.22 1.74 0.0192774
-2.22 1.8 0.0147558
-2.22 1.86 0.011151
-2.22 1.92 0.00831993
-2.22 1.98 0.0061291
-2.22 2.04 0.0044584
-2.22 2.1 0.00320242
-2.22 2.16 0.0022715
-2.22 2.22 0.00159111
-2.22 2.28 0.00110067
-2.22 2.34 0.000751942
-2.22 2.4 0.000507335
-2.22 2.46 0.000338066
-2.22 2.52 0.00022248
-2.22 2.58 0.000107912
-2.22 2.64 7.08526e-05
-2.22 2.7 4.58814e-05
-2.22 2.76 2.93025e-05
-2.22 2.82 1.8457e-05
-2.22 2.88 1.14659e-05
-2.16 -1.38 0.000193019
-2.16 -1.32 0.000299773
-2.16 -1.26 0.000459171
-2.16 -1.2 0.000693667
-2.16 -1.14 0.00103353
-2.16 -1.08 0.00151873
-2.16 -1.02 0.00220107
-2.16 -0.96 0.00314614
-2.16 -0.9 0.0044353
-2.16 -0.84 0.0061667
-2.16 -0.78 0.00845637
-2.16 -0.72 0.011437
-2.16 -0.66 0.0152558
-2.16 -0.6 0.0200704
-2.16 -0.54 0.026042
-2.16 -0.48 0.0333263
-2.16 -0.42 0.0420636
-2.16 -0.36 0.0523632
-2.16 -0.3 0.0642904
-2.16 -0.24 0.0778534
-2.16 -0.18 0.0929846
-2.16 -0.12 0.109534
-2.16 -0.06 0.127262
-2.16 9.71445e-15 0.145835
-2.16 0.06 0.164834
-2.16 0.12 0.183756
-2.16 0.18 0.202049
-2.16 0.24 0.21913
-2.16 0.3 0.234406
-2.16 0.36 0.247329
-2.16 0.42 0.257404
-2.16 0.48 0.264239
-2.16 0.54 0.267564
-2.16 0.6 0.267247
-2.16 0.66 0.263302
-2.16 0.72 0.255899
-2.16 0.78 0.245333
-2.16 0.84 0.232023
-2.16 0.9 0.216472
-2.16 0.96 0.19924
-2.16 1.02 0.180912
-2.16 1.08 0.162064
-2.16 1.14 0.143234
-2.16 1.2 0.124902
-2.16 1.26 0.107462
-2.16 1.32 0.0912309
-2.16 1.38 0.0764236
-2.16 1.44 0.0631745
-2.16 1.5 0.0515347
-2.16 1.56 0.0414883
-2.16 1.62 0.0329641
-2.16 1.68 0.0258505
-2.16 1.74 0.0200092
-2.16 1.8 0.015288
-2.16 1.86 0.0115307
-2.16 1.92 0.00858542
-2.16 1.98 0.00631105
-2.16 2.04 0.00458035
-2.16 2.1 0.00328223
-2.16 2.16 0.00232242
-2.16 2.22 0.00162267
-2.16 2.28 0.00111959
-2.16 2.34 0.000762857
-2.16 2.4 0.000513326
-2.16 2.46 0.000341125
-2.16 2.52 0.000223886
-2.16 2.58 0.000103154
-2.16 2.64 6.77297e-05
-2.16 2.7 4.38591e-05
-2.16 2.76 2.80107e-05
-2.16 2.82 1.76434e-05
-2.16 2.88 1.09605e-05
-2.1 -1.38 0.000201854
-2.1 -1.32 0.000313488
-2.1 -1.26 0.000480175
-2.1 -1.2 0.000725389
-2.1 -1.14 0.00108077
-2.1 -1.08 0.00158812
-2.1 -1.02 0.00230162
-2.1 -0.96 0.00328981
-2.1 -0.9 0.0046377
-2.1 -0.84 0.00644805
-2.1 -0.78 0.00884192
-2.1 -0.72 0.011958
-2.1 -0.66 0.0159502
-2.1 -0.6 0.0209832
-2.1 -0.54 0.0272252
-2.1 -0.48 0.0348394
-2.1 -0.42 0.0439712
-2.1 -0.36 0.0547345
-2.1 -0.3 0.0671981
-2.1 -0.24 0.0813683
-2.1 -0.18 0.0971749
-2.1 -0.12 0.114462
-2.1 -0.06 0.132975
-2.1 9.71445e-15 0.152368
-2.1 0.06 0.172195
-2.1 0.12 0.19194
-2.1 0.18 0.211021
-2.1 0.24 0.228823
-2.1 0.3 0.244735
-2.1 0.36 0.258176
-2.1 0.42 0.268636
-2.1 0.48 0.275707
-2.1 0.54 0.279106
-2.1 0.6 0.278697
-2.1 0.66 0.274498
-2.1 0.72 0.266689
-2.1 0.78 0.255581
-2.1 0.84 0.241613
-2.1 0.9 0.225316
-2.1 0.96 0.207275
-2.1 1.02 0.188102
-2.1 1.08 0.168402
-2.1 1.14 0.148738
-2.1 1.2 0.129607
-2.1 1.26 0.111422
-2.1 1.32 0.0945087
-2.1 1.38 0.0790953
-2.1 1.44 0.0653148
-2.1 1.5 0.0532213
-2.1 1.56 0.0427943
-2.1 1.62 0.0339572
-2.1 1.68 0.0265916
-2.1 1.74 0.0205516
-2.1 1.8 0.0156768
-2.1 1.86 0.0118034
-2.1 1.92 0.00877236
-2.1 1.98 0.00643587
-2.1 2.04 0.00466124
-2.1 2.1 0.00333301
-2.1 2.16 0.00235301
-2.1 2.22 0.00164017
-2.1 2.28 0.0011289
-2.1 2.34 0.000767243
-2.1 2.4 0.000514941
-2.1 2.46 0.000341298
-2.1 2.52 0.000223395
-2.1 2.58 9.72516e-05
-2.1 2.64 6.38544e-05
-2.1 2.7 4.13491e-05
-2.1 2.76 2.6408e-05
-2.1 2.82 1.66339e-05
-2.04 -1.38 0.000208193
-2.04 -1.32 0.000323333
-2.04 -1.26 0.000495252
-2.04 -1.2 0.000748156
-2.04 -1.14 0.00111467
-2.04 -1.08 0.00163793
-2.04 -1.02 0.00237374
-2.04 -0.96 0.00339287
-2.04 -0.9 0.00478286
-2.04 -0.84 0.0066498
-2.04 -0.78 0.00911835
-2.04 -0.72 0.0123316
-2.04 -0.66 0.0164481
-2.04 -0.6 0.0216375
-2.04 -0.54 0.0280731
-2.04 -0.48 0.0359233
-2.04 -0.42 0.0453371
-2.04 -0.36 0.0564329
-2.04 -0.3 0.06928
-2.04 -0.24 0.0838835
-2.04 -0.18 0.100174
-2.04 -0.12 0.117986
-2.04 -0.06 0.13706
-2.04 9.71445e-15 0.157035
-2.04 0.06 0.177453
-2.04 0.12 0.197779
-2.04 0.18 0.217415
-2.04 0.24 0.235728
-2.04 0.3 0.252087
-2.04 0.36 0.26589
-2.04 0.42 0.276616
-2.04 0.48 0.283844
-2.04 0.54 0.287282
-2.04 0.6 0.286791
-2.04 0.66 0.282403
-2.04 0.72 0.27429
-2.04 0.78 0.262783
-2.04 0.84 0.248339
-2.04 0.9 0.231497
-2.04 0.96 0.212871
-2.04 1.02 0.193094
-2.04 1.08 0.172785
-2.04 1.14 0.152524
-2.04 1.2 0.132822
-2.04 1.26 0.114112
-2.04 1.32 0.0967187
-2.04 1.38 0.0808798
-2.04 1.44 0.0667307
-2.04 1.5 0.0543233
-2.04 1.56 0.043635
-2.04 1.62 0.0345852
-2.04 1.68 0.0270504
-2.04 1.74 0.0208787
-2.04 1.8 0.0159039
-2.04 1.86 0.011956
-2.04 1.92 0.00887141
-2.04 1.98 0.00649722
-2.04 2.04 0.00469706
-2.04 2.1 0.00335203
-2.04 2.16 0.00236155
-2.04 2.22 0.00164255
-2.04 2.28 0.00112796
-2.04 2.34 0.000764808
-2.04 2.4 0.000512042
-2.04 2.46 0.000338521
-2.04 2.52 0.000221003
-2.04 2.58 9.04269e-05
-2.04 2.64 5.93728e-05
-2.04 2.7 3.8447e-05
-2.04 2.76 2.45546e-05
-2.04 2.82 1.54665e-05
-1.98 -1.44 0.000134493
-1.98 -1.38 0.000211781
-1.98 -1.32 0.000328907
-1.98 -1.26 0.000503784
-1.98 -1.2 0.000761034
-1.98 -1.14 0.00113386
-1.98 -1.08 0.00166611
-1.98 -1.02 0.00241453
-1.98 -0.96 0.00345116
-1.98 -0.9 0.00486498
-1.98 -0.84 0.00676377
-1.98 -0.78 0.00927446
-1.98 -0.72 0.0125426
-1.98 -0.66 0.0167291
-1.98 -0.6 0.0220068
-1.98 -0.54 0.0285517
-1.98 -0.48 0.036534
-1.98 -0.42 0.046107
-1.98 -0.36 0.0573884
-1.98 -0.3 0.0704505
-1.98 -0.24 0.0852979
-1.98 -0.18 0.101858
-1.98 -0.12 0.119962
-1.98 -0.06 0.139347
-1.98 9.71445e-15 0.159643
-1.98 0.06 0.180389
-1.98 0.12 0.201034
-1.98 0.18 0.220973
-1.98 0.24 0.239559
-1.98 0.3 0.256155
-1.98 0.36 0.270147
-1.98 0.42 0.281008
-1.98 0.48 0.288305
-1.98 0.54 0.291745
-1.98 0.6 0.291196
-1.98 0.66 0.286677
-1.98 0.72 0.278379
-1.98 0.78 0.266631
-1.98 0.84 0.251904
-1.98 0.9 0.234748
-1.98 0.96 0.215788
-1.98 1.02 0.195665
-1.98 1.08 0.175011
-1.98 1.14 0.154417
-1.98 1.2 0.134404
-1.98 1.26 0.115405
-1.98 1.32 0.0977562
-1.98 1.38 0.0816911
-1.98 1.44 0.0673509
-1.98 1.5 0.0547841
-1.98 1.56 0.0439664
-1.98 1.62 0.0348145
-1.98 1.68 0.0272017
-1.98 1.74 0.020972
-1.98 1.8 0.0159553
-1.98 1.86 0.011979
-1.98 1.92 0.00887579
-1.98 1.98 0.00649052
-1.98 2.04 0.00468458
-1.98 2.1 0.00333731
-1.98 2.16 0.00234682
-1.98 2.22 0.0016291
-1.98 2.28 0.00111643
-1.98 2.34 0.000755341
-1.98 2.4 0.000504556
-1.98 2.46 0.000332781
-1.98 2.52 0.000216725
-1.98 2.58 8.2925e-05
-1.98 2.64 5.4447e-05
-1.98 2.7 3.52574e-05
-1.98 2.76 2.25176e-05
-1.98 2.82 1.41834e-05
-1.92 -1.44 0.000134935
-1.92 -1.38 0.000212476
-1.92 -1.32 0.000329983
-1.92 -1.26 0.00050543
-1.92 -1.2 0.00076352
-1.92 -1.14 0.00113755
-1.92 -1.08 0.0016715
-1.92 -1.02 0.00242236
-1.92 -0.96 0.00346225
-1.92 -0.9 0.0048806
-1.92 -0.84 0.00678544
-1.92 -0.78 0.00930404
-1.92 -0.72 0.0125823
-1.92 -0.66 0.016782
-1.92 -0.6 0.0220757
-1.92 -0.54 0.0286403
-1.92 -0.48 0.0366469
-1.92 -0.42 0.0462477
-1.92 -0.36 0.0575627
-1.92 -0.3 0.0706613
-1.92 -0.24 0.0855497
-1.92 -0.18 0.102154
-1.92 -0.12 0.120306
-1.92 -0.06 0.13974
-1.92 9.71445e-15 0.160086
-1.92 0.06 0.180877
-1.92 0.12 0.201565
-1.92 0.18 0.221539
-1.92 0.24 0.240156
-1.92 0.3 0.256767
-1.92 0.36 0.270764
-1.92 0.42 0.281617
-1.92 0.48 0.288895
-1.92 0.54 0.292304
-1.92 0.6 0.291705
-1.92 0.66 0.287129
-1.92 0.72 0.278765
-1.92 0.78 0.266947
-1.92 0.84 0.252141
-1.92 0.9 0.234907
-1.92 0.96 0.215874
-1.92 1.02 0.195681
-1.92 1.08 0.174967
-1.92 1.14 0.15432
-1.92 1.2 0.134262
-1.92 1.26 0.11523
-1.92 1.32 0.0975578
-1.92 1.38 0.0814805
-1.92 1.44 0.0671362
-1.92 1.5 0.0545725
-1.92 1.56 0.0437644
-1.92 1.62 0.0346268
-1.92 1.68 0.0270311
-1.92 1.74 0.0208203
-1.92 1.8 0.0158237
-1.92 1.86 0.0118666
-1.92 1.92 0.00878185
-1.92 1.98 0.00641337
-1.92 2.04 0.0046223
-1.92 2.1 0.00328791
-1.92 2.16 0.00230831
-1.92 2.22 0.00159958
-1.92 2.28 0.00109416
-1.92 2.34 0.000738823
-1.92 2.4 0.000492503
-1.92 2.46 0.000324124
-1.92 2.52 0.000210606
-1.92 2.58 7.49999e-05
-1.92 2.64 4.92437e-05
-1.92 2.7 3.1888e-05
-1.92 2.76 2.03657e-05
-1.86 -1.44 0.000133518
-1.86 -1.38 0.000210242
-1.86 -1.32 0.000326512
-1.86 -1.26 0.00050011
-1.86 -1.2 0.000755482
-1.86 -1.14 0.00112557
-1.86 -1.08 0.0016539
-1.86 -1.02 0.0023968
-1.86 -0.96 0.00342574
-1.86 -0.9 0.00482906
-1.86 -0.84 0.00671369
-1.86 -0.78 0.00920549
-1.86 -0.72 0.0124489
-1.86 -0.66 0.0166038
-1.86 -0.6 0.0218412
-1.86 -0.54 0.0283357
-1.86 -0.48 0.0362559
-1.86 -0.42 0.0457541
-1.86 -0.36 0.0569461
-1.86 -0.3 0.0699031
-1.86 -0.24 0.0846295
-1.86 -0.18 0.101052
-1.86 -0.12 0.119004
-1.86 -0.06 0.138221
-1.86 9.71445e-15 0.158338
-1.86 0.06 0.178894
-1.86 0.12 0.199343
-1.86 0.18 0.219086
-1.86 0.24 0.237478
-1.86 0.3 0.253885
-1.86 0.36 0.267704
-1.86 0.42 0.278408
-1.86 0.48 0.285572
-1.86 0.54 0.288909
-1.86 0.6 0.288283
-1.86 0.66 0.28372
-1.86 0.72 0.275414
-1.86 0.78 0.263689
-1.86 0.84 0.24902
-1.86 0.9 0.231952
-1.86 0.96 0.213108
-1.86 1.02 0.193125
-1.86 1.08 0.17263
-1.86 1.14 0.15221
-1.86 1.2 0.132382
-1.86 1.26 0.113572
-1.86 1.32 0.0961148
-1.86 1.38 0.0802376
-1.86 1.44 0.0660778
-1.86 1.5 0.0536823
-1.86 1.56 0.043024
-1.86 1.62 0.034018
-1.86 1.68 0.0265364
-1.86 1.74 0.020423
-1.86 1.8 0.0155078
-1.86 1.86 0.0116187
-1.86 1.92 0.00858937
-1.86 1.98 0.00626564
-1.86 2.04 0.00451033
-1.86 2.1 0.00320402
-1.86 2.16 0.00224621
-1.86 2.22 0.00155417
-1.86 2.28 0.00106136
-1.86 2.34 0.000715425
-1.86 2.4 0.000476021
-1.86 2.46 0.000312661
-1.86 2.52 0.000202738
-1.86 2.58 6.69e-05
-1.86 2.64 4.39255e-05
-1.86 2.7 2.84442e-05
-1.86 2.76 1.81661e-05
-1.8 -1.44 0.0001303
-1.8 -1.38 0.000205177
-1.8 -1.32 0.000318642
-1.8 -1.26 0.000488056
-1.8 -1.2 0.000737265
-1.8 -1.14 0.00109842
-1.8 -1.08 0.001614
-1.8 -1.02 0.00233897
-1.8 -0.96 0.00334307
-1.8 -0.9 0.00471243
-1.8 -0.84 0.00655156
-1.8 -0.78 0.0089832
-1.8 -0.72 0.0121481
-1.8 -0.66 0.0162023
-1.8 -0.6 0.0213125
-1.8 -0.54 0.0276496
-1.8 -0.48 0.0353781
-1.8 -0.42 0.0446449
-1.8 -0.36 0.0555645
-1.8 -0.3 0.0682062
-1.8 -0.24 0.0825726
-1.8 -0.18 0.0985932
-1.8 -0.12 0.116105
-1.8 -0.06 0.134851
-1.8 9.71445e-15 0.154471
-1.8 0.06 0.174516
-1.8 0.12 0.194458
-1.8 0.18 0.213705
-1.8 0.24 0.231632
-1.8 0.3 0.247623
-1.8 0.36 0.261084
-1.8 0.42 0.2715
-1.8 0.48 0.278463
-1.8 0.54 0.281689
-1.8 0.6 0.28105
-1.8 0.66 0.276574
-1.8 0.72 0.268438
-1.8 0.78 0.256977
-1.8 0.84 0.242644
-1.8 0.9 0.225974
-1.8 0.96 0.207574
-1.8 1.02 0.18807
-1.8 1.08 0.168074
-1.8 1.14 0.148154
-1.8 1.2 0.128817
-1.8 1.26 0.11048
-1.8 1.32 0.0934645
-1.8 1.38 0.0779957
-1.8 1.44 0.0642046
-1.8 1.5 0.0521364
-1.8 1.56 0.0417638
-1.8 1.62 0.033003
-1.8 1.68 0.0257285
-1.8 1.74 0.0197879
-1.8 1.8 0.0150144
-1.8 1.86 0.01124
-1.8 1.92 0.00830199
-1.8 1.98 0.00605026
-1.8 2.04 0.00435072
-1.8 2.1 0.00308714
-1.8 2.16 0.00216162
-1.8 2.22 0.00149366
-1.8 2.28 0.00101857
-1.8 2.34 0.000685534
-1.8 2.4 0.000455378
-1.8 2.46 0.000298585
-1.8 2.52 0.000193248
-1.8 2.58 5.88551e-05
-1.8 2.64 3.8643e-05
-1.8 2.7 2.50237e-05
-1.74 -1.44 0.000125413
-1.74 -1.38 0.000197482
-1.74 -1.32 0.000306691
-1.74 -1.26 0.000469745
-1.74 -1.2 0.000709602
-1.74 -1.14 0.00105719
-1.74 -1.08 0.00155343
-1.74 -1.02 0.00225121
-1.74 -0.96 0.00321756
-1.74 -0.9 0.00453553
-1.74 -0.84 0.00630555
-1.74 -0.78 0.00864587
-1.74 -0.72 0.0116918
-1.74 -0.66 0.0155936
-1.74 -0.6 0.0205116
-1.74 -0.54 0.0266101
-1.74 -0.48 0.0340478
-1.74 -0.42 0.042965
-1.74 -0.36 0.0534736
-1.74 -0.3 0.0656379
-1.74 -0.24 0.0794623
-1.74 -0.18 0.0948763
-1.74 -0.12 0.111725
-1.74 -0.06 0.12976
-1.74 9.71445e-15 0.148636
-1.74 0.06 0.167918
-1.74 0.12 0.187102
-1.74 0.18 0.205609
-1.74 0.24 0.22285
-1.74 0.3 0.238221
-1.74 0.36 0.251158
-1.74 0.42 0.261163
-1.74 0.48 0.267842
-1.74 0.54 0.270926
-1.74 0.6 0.270286
-1.74 0.66 0.265956
-1.74 0.72 0.258105
-1.74 0.78 0.24706
-1.74 0.84 0.233247
-1.74 0.9 0.217194
-1.74 0.96 0.199478
-1.74 1.02 0.180703
-1.74 1.08 0.161459
-1.74 1.14 0.142294
-1.74 1.2 0.123692
-1.74 1.26 0.106058
-1.74 1.32 0.0896965
-1.74 1.38 0.0748288
-1.74 1.44 0.061576
-1.74 1.5 0.0499823
-1.74 1.56 0.0400214
-1.74 1.62 0.0316115
-1.74 1.68 0.0246311
-1.74 1.74 0.018933
-1.74 1.8 0.014357
-1.74 1.86 0.0107406
-1.74 1.92 0.00792721
-1.74 1.98 0.00577249
-1.74 2.04 0.00414724
-1.74 2.1 0.00293993
-1.74 2.16 0.00205639
-1.74 2.22 0.00141933
-1.74 2.28 0.000966694
-1.74 2.34 0.000649751
-1.74 2.4 0.000431
-1.74 2.46 0.000282164
-1.74 2.52 0.000182321
-1.74 2.58 5.10652e-05
-1.74 2.64 3.35288e-05
-1.74 2.7 2.17117e-05
-1.68 -1.38 0.000187462
-1.68 -1.32 0.000291131
-1.68 -1.26 0.000445914
-1.68 -1.2 0.000673601
-1.68 -1.14 0.00100356
-1.68 -1.08 0.0014746
-1.68 -1.02 0.00213695
-1.68 -0.96 0.00305424
-1.68 -0.9 0.00430532
-1.68 -0.84 0.00598544
-1.68 -0.78 0.00820686
-1.68 -0.72 0.0110981
-1.68 -0.66 0.0148017
-1.68 -0.6 0.0194699
-1.68 -0.54 0.0252583
-1.68 -0.48 0.0323176
-1.68 -0.42 0.0407812
-1.68 -0.36 0.0507554
-1.68 -0.3 0.0622999
-1.68 -0.24 0.0754202
-1.68 -0.18 0.0900493
-1.68 -0.12 0.106039
-1.68 -0.06 0.123153
-1.68 9.71445e-15 0.141065
-1.68 0.06 0.159361
-1.68 0.12 0.177559
-1.68 0.18 0.195117
-1.68 0.24 0.211472
-1.68 0.3 0.226047
-1.68 0.36 0.23831
-1.68 0.42 0.247793
-1.68 0.48 0.254117
-1.68 0.54 0.257027
-1.68 0.6 0.256402
-1.68 0.66 0.252273
-1.68 0.72 0.244809
-1.68 0.78 0.234309
-1.68 0.84 0.221186
-1.68 0.9 0.205937
-1.68 0.96 0.189117
-1.68 1.02 0.171293
-1.68 1.08 0.153028
-1.68 1.14 0.134841
-1.68 1.2 0.11719
-1.68 1.26 0.100461
-1.68 1.32 0.084944
-1.68 1.38 0.0708448
-1.68 1.44 0.0582815
-1.68 1.5 0.0472931
-1.68 1.56 0.0378546
-1.68 1.62 0.0298884
-1.68 1.68 0.0232787
-1.68 1.74 0.0178851
-1.68 1.8 0.0135555
-1.68 1.86 0.0101352
-1.68 1.92 0.00747579
-1.68 1.98 0.00544005
-1.68 2.04 0.00390553
-1.68 2.1 0.00276631
-1.68 2.16 0.00193323
-1.68 2.22 0.00133304
-1.68 2.28 0.00090697
-1.68 2.34 0.000608918
-1.68 2.4 0.000403414
-1.68 2.46 0.00026375
-1.68 2.52 0.00017018
-1.68 2.58 4.36977e-05
-1.68 2.64 2.8691e-05
-1.62 -1.38 0.000175507
-1.62 -1.32 0.000272561
-1.62 -1.26 0.00041747
-1.62 -1.2 0.000630633
-1.62 -1.14 0.000939538
-1.62 -1.08 0.00138052
-1.62 -1.02 0.00200063
-1.62 -0.96 0.00285941
-1.62 -0.9 0.00403061
-1.62 -0.84 0.00560356
-1.62 -0.78 0.00768322
-1.62 -0.72 0.0103899
-1.62 -0.66 0.0138569
-1.62 -0.6 0.018227
-1.62 -0.54 0.0236458
-1.62 -0.48 0.0302545
-1.62 -0.42 0.0381774
-1.62 -0.36 0.0475138
-1.62 -0.3 0.0583211
-1.62 -0.24 0.0706022
-1.62 -0.18 0.0842949
-1.62 -0.12 0.0992618
-1.62 -0.06 0.11528
-1.62 9.71445e-15 0.132044
-1.62 0.06 0.149166
-1.62 0.12 0.166198
-1.62 0.18 0.182627
-1.62 0.24 0.197927
-1.62 0.3 0.211564
-1.62 0.36 0.223034
-1.62 0.42 0.231898
-1.62 0.48 0.237805
-1.62 0.54 0.240515
-1.62 0.6 0.239918
-1.62 0.66 0.236042
-1.62 0.72 0.22904
-1.62 0.78 0.219201
-1.62 0.84 0.206906
-1.62 0.9 0.192625
-1.62 0.96 0.176872
-1.62 1.02 0.160183
-1.62 1.08 0.143084
-1.62 1.14 0.126061
-1.62 1.2 0.109543
-1.62 1.26 0.0938898
-1.62 1.32 0.0793716
-1.62 1.38 0.0661842
-1.62 1.44 0.0544337
-1.62 1.5 0.0441596
-1.62 1.56 0.0353366
-1.62 1.62 0.0278915
-1.62 1.68 0.0217157
-1.62 1.74 0.0166778
-1.62 1.8 0.012635
-1.62 1.86 0.00944251
-1.62 1.92 0.0069613
-1.62 1.98 0.00506279
-1.62 2.04 0.0036324
-1.62 2.1 0.00257113
-1.62 2.16 0.00179549
-1.62 2.22 0.00123705
-1.62 2.28 0.000840912
-1.62 2.34 0.000564018
-1.62 2.4 0.000373274
-1.62 2.46 0.000243769
-1.62 2.52 0.000157091
-1.62 2.58 3.68789e-05
-1.62 2.64 2.42143e-05
-1.56 -1.38 0.000162054
-1.56 -1.32 0.000251672
-1.56 -1.26 0.000385474
-1.56 -1.2 0.000582297
-1.56 -1.14 0.000867523
-1.56 -1.08 0.00127471
-1.56 -1.02 0.00184726
-1.56 -0.96 0.00264021
-1.56 -0.9 0.00372162
-1.56 -0.84 0.00517395
-1.56 -0.78 0.0070941
-1.56 -0.72 0.00959327
-1.56 -0.66 0.0127945
-1.56 -0.6 0.0168294
-1.56 -0.54 0.0218326
-1.56 -0.48 0.0279339
-1.56 -0.42 0.0352493
-1.56 -0.36 0.0438692
-1.56 -0.3 0.0538467
-1.56 -0.24 0.0651851
-1.56 -0.18 0.0778271
-1.56 -0.12 0.0916439
-1.56 -0.06 0.106431
-1.56 9.71445e-15 0.121906
-1.56 0.06 0.137712
-1.56 0.12 0.153431
-1.56 0.18 0.168596
-1.56 0.24 0.182716
-1.56 0.3 0.195299
-1.56 0.36 0.205879
-1.56 0.42 0.214056
-1.56 0.48 0.219501
-1.56 0.54 0.221993
-1.56 0.6 0.221432
-1.56 0.66 0.217842
-1.56 0.72 0.211369
-1.56 0.78 0.202276
-1.56 0.84 0.190919
-1.56 0.9 0.177726
-1.56 0.96 0.163179
-1.56 1.02 0.147769
-1.56 1.08 0.131981
-1.56 1.14 0.116265
-1.56 1.2 0.101017
-1.56 1.26 0.0865697
-1.56 1.32 0.0731732
-1.56 1.38 0.0610036
-1.56 1.44 0.0501641
-1.56 1.5 0.040687
-1.56 1.56 0.0325499
-1.56 1.62 0.0256852
-1.56 1.68 0.0199921
-1.56 1.74 0.0153493
-1.56 1.8 0.0116245
-1.56 1.86 0.00868395
-1.56 1.92 0.00639931
-1.56 1.98 0.00465188
-1.56 2.04 0.0033359
-1.56 2.1 0.00235989
-1.56 2.16 0.00164695
-1.56 2.22 0.00113393
-1.56 2.28 0.000770241
-1.56 2.34 0.0005162
-1.56 2.4 0.00034132
-1.56 2.46 0.000222685
-1.56 2.52 4.61095e-05
-1.56 2.58 3.06967e-05
-1.5 -1.38 0.000147577
-1.5 -1.32 0.000229188
-1.5 -1.26 0.000351034
-1.5 -1.2 0.00053027
-1.5 -1.14 0.000790021
-1.5 -1.08 0.00116083
-1.5 -1.02 0.00168222
-1.5 -0.96 0.00240431
-1.5 -0.9 0.00338913
-1.5 -0.84 0.0047116
-1.5 -0.78 0.00646022
-1.5 -0.72 0.00873601
-1.5 -0.66 0.0116511
-1.5 -0.6 0.0153255
-1.5 -0.54 0.0198816
-1.5 -0.48 0.0254374
-1.5 -0.42 0.0320986
-1.5 -0.36 0.0399477
-1.5 -0.3 0.0490329
-1.5 -0.24 0.0593578
-1.5 -0.18 0.0708686
-1.5 -0.12 0.0834489
-1.5 -0.06 0.0969122
-1.5 9.71445e-15 0.111001
-1.5 0.06 0.125393
-1.5 0.12 0.139704
-1.5 0.18 0.153509
-1.5 0.24 0.166361
-1.5 0.3 0.177813
-1.5 0.36 0.187445
-1.5 0.42 0.194883
-1.5 0.48 0.199834
-1.5 0.54 0.202096
-1.5 0.6 0.20158
-1.5 0.66 0.198302
-1.5 0.72 0.192401
-1.5 0.78 0.184114
-1.5 0.84 0.173766
-1.5 0.9 0.161751
-1.5 0.96 0.148501
-1.5 1.02 0.134466
-1.5 1.08 0.120089
-1.5 1.14 0.105778
-1.5 1.2 0.091898
-1.5 1.26 0.0787442
-1.5 1.32 0.0665505
-1.5 1.38 0.0554746
-1.5 1.44 0.0456099
-1.5 1.5 0.0369865
-1.5 1.56 0.0295839
-1.5 1.62 0.0233398
-1.5 1.68 0.0181624
-1.5 1.74 0.0139408
-1.5 1.8 0.0105546
-1.5 1.86 0.00788235
-1.5 1.92 0.00580648
-1.5 1.98 0.00421931
-1.5 2.04 0.00302439
-1.5 2.1 0.00213851
-1.5 2.16 0.00149168
-1.5 2.22 0.00102644
-1.5 2.28 0.000696796
-1.5 2.34 0.000466657
-1.5 2.4 0.000308334
-1.5 2.46 0.000200997
-1.5 2.52 3.7852e-05
-1.44 -1.38 0.000132548
-1.44 -1.32 0.000205845
-1.44 -1.26 0.00031528
-1.44 -1.2 0.000476263
-1.44 -1.14 0.000709551
-1.44 -1.08 0.00104258
-1.44 -1.02 0.00151089
-1.44 -0.96 0.0021594
-1.44 -0.9 0.00304391
-1.44 -0.84 0.00423172
-1.44 -0.78 0.00580218
-1.44 -0.72 0.00784611
-1.44 -0.66 0.0104642
-1.44 -0.6 0.0137642
-1.44 -0.54 0.0178559
-1.44 -0.48 0.0228459
-1.44 -0.42 0.0288283
-1.44 -0.36 0.0358775
-1.44 -0.3 0.0440366
-1.44 -0.24 0.0533086
-1.44 -0.18 0.0636457
-1.44 -0.12 0.0749433
-1.44 -0.06 0.0870339
-1.44 9.71445e-15 0.0996865
-1.44 0.06 0.112609
-1.44 0.12 0.12546
-1.44 0.18 0.137856
-1.44 0.24 0.149396
-1.44 0.3 0.159677
-1.44 0.36 0.168321
-1.44 0.42 0.174996
-1.44 0.48 0.179438
-1.44 0.54 0.181466
-1.44 0.6 0.180996
-1.44 0.66 0.178047
-1.44 0.72 0.172742
-1.44 0.78 0.165296
-1.44 0.84 0.155997
-1.44 0.9 0.145203
-1.44 0.96 0.133301
-1.44 1.02 0.120695
-1.44 1.08 0.107783
-1.44 1.14 0.0949326
-1.44 1.2 0.0824679
-1.44 1.26 0.0706576
-1.44 1.32 0.0597091
-1.44 1.38 0.0497668
-1.44 1.44 0.0409115
-1.44 1.5 0.0331718
-1.44 1.56 0.0265286
-1.44 1.62 0.0209257
-1.44 1.68 0.0162807
-1.44 1.74 0.0124936
-1.44 1.8 0.00945678
-1.44 1.86 0.00706054
-1.44 1.92 0.00519967
-1.44 1.98 0.00377715
-1.44 2.04 0.00270646
-1.44 2.1 0.00191298
-1.44 2.16 0.00133379
-1.44 2.22 0.000917372
-1.44 2.28 0.000622427
-1.44 2.34 0.000416606
-1.44 2.4 0.000275095
-1.44 2.46 0.000179206
-1.44 2.52 3.06461e-05
-1.38 -1.38 0.000117411
-1.38 -1.32 0.000182338
-1.38 -1.26 0.000279277
-1.38 -1.2 0.000421875
-1.38 -1.14 0.000628521
-1.38 -1.08 0.000923525
-1.38 -1.02 0.00133834
-1.38 -0.96 0.00191281
-1.38 -0.9 0.00269627
-1.38 -0.84 0.00374843
-1.38 -0.78 0.00513954
-1.38 -0.72 0.00695001
-1.38 -0.66 0.00926906
-1.38 -0.6 0.012192
-1.38 -0.54 0.0158165
-1.38 -0.48 0.0202364
-1.38 -0.42 0.0255355
-1.38 -0.36 0.0317791
-1.38 -0.3 0.0390065
-1.38 -0.24 0.0472191
-1.38 -0.18 0.0563748
-1.38 -0.12 0.0663817
-1.38 -0.06 0.0770906
-1.38 9.71445e-15 0.0882961
-1.38 0.06 0.0997406
-1.38 0.12 0.111122
-1.38 0.18 0.1221
-1.38 0.24 0.132319
-1.38 0.3 0.141424
-1.38 0.36 0.149078
-1.38 0.42 0.154987
-1.38 0.48 0.158917
-1.38 0.54 0.160708
-1.38 0.6 0.160288
-1.38 0.66 0.157674
-1.38 0.72 0.152971
-1.38 0.78 0.146372
-1.38 0.84 0.138134
-1.38 0.9 0.12857
-1.38 0.96 0.118026
-1.38 1.02 0.106859
-1.38 1.08 0.0954214
-1.38 1.14 0.0840392
-1.38 1.2 0.0729997
-1.38 1.26 0.062541
-1.38 1.32 0.0528454
-1.38 1.38 0.0440416
-1.38 1.44 0.0362014
-1.38 1.5 0.0293495
-1.38 1.56 0.0234687
-1.38 1.62 0.0185094
-1.38 1.68 0.0143983
-1.38 1.74 0.0110473
-1.38 1.8 0.00836035
-1.38 1.86 0.00624062
-1.38 1.92 0.00459471
-1.38 1.98 0.00333683
-1.38 2.04 0.00239028
-1.38 2.1 0.00168895
-1.38 2.16 0.00117718
-1.38 2.22 0.000809331
-1.38 2.28 0.000548886
-1.38 2.34 0.000367214
-1.38 2.4 0.000242349
-1.38 2.46 0.000157786
-1.32 -1.38 0.000102574
-1.32 -1.32 0.000159296
-1.32 -1.26 0.000243985
-1.32 -1.2 0.000368564
-1.32 -1.14 0.000549097
-1.32 -1.08 0.000806811
-1.32 -1.02 0.00116921
-1.32 -0.96 0.00167107
-1.32 -0.9 0.00235554
-1.32 -0.84 0.00327473
-1.32 -0.78 0.00449002
-1.32 -0.72 0.00607167
-1.32 -0.66 0.00809765
-1.32 -0.6 0.0106512
-1.32 -0.54 0.0138175
-1.32 -0.48 0.0176788
-1.32 -0.42 0.022308
-1.32 -0.36 0.0277625
-1.32 -0.3 0.034076
-1.32 -0.24 0.0412501
-1.32 -0.18 0.0492484
-1.32 -0.12 0.0579898
-1.32 -0.06 0.0673445
-1.32 9.71445e-15 0.0771335
-1.32 0.06 0.0871308
-1.32 0.12 0.097072
-1.32 0.18 0.106661
-1.32 0.24 0.115587
-1.32 0.3 0.123538
-1.32 0.36 0.130222
-1.32 0.42 0.135382
-1.32 0.48 0.138813
-1.32 0.54 0.140376
-1.32 0.6 0.140006
-1.32 0.66 0.137719
-1.32 0.72 0.133609
-1.32 0.78 0.127841
-1.32 0.84 0.120641
-1.32 0.9 0.112285
-1.32 0.96 0.103073
-1.32 1.02 0.0933166
-1.32 1.08 0.0833247
-1.32 1.14 0.0733823
-1.32 1.2 0.0637391
-1.32 1.26 0.0546035
-1.32 1.32 0.0461352
-1.32 1.38 0.0384467
-1.32 1.44 0.0315996
-1.32 1.5 0.0256161
-1.32 1.56 0.0204812
-1.32 1.62 0.0161514
-1.32 1.68 0.0125625
-1.32 1.74 0.00963727
-1.32 1.8 0.00729213
-1.32 1.86 0.00544225
-1.32 1.92 0.00400617
-1.32 1.98 0.00290877
-1.32 2.04 0.00208313
-1.32 2.1 0.00147154
-1.32 2.16 0.00102534
-1.32 2.22 0.000704722
-1.32 2.28 0.000477771
-1.32 2.34 0.000319508
-1.32 2.4 0.000210777
-1.26 -1.32 0.000137253
-1.26 -1.26 0.000210222
-1.26 -1.2 0.00031756
-1.26 -1.14 0.000473114
-1.26 -1.08 0.000695174
-1.26 -1.02 0.00100741
-1.26 -0.96 0.00143983
-1.26 -0.9 0.00202958
-1.26 -0.84 0.00282154
-1.26 -0.78 0.00386864
-1.26 -0.72 0.00523142
-1.26 -0.66 0.00697701
-1.26 -0.6 0.00917724
-1.26 -0.54 0.0119054
-1.26 -0.48 0.0152321
-1.26 -0.42 0.0192207
-1.26 -0.36 0.0239202
-1.26 -0.3 0.0293598
-1.26 -0.24 0.0355413
-1.26 -0.18 0.0424325
-1.26 -0.12 0.0499636
-1.26 -0.06 0.058023
-1.26 9.71445e-15 0.0664559
-1.26 0.06 0.0750701
-1.26 0.12 0.0836343
-1.26 0.18 0.0918951
-1.26 0.24 0.0995839
-1.26 0.3 0.106433
-1.26 0.36 0.112192
-1.26 0.42 0.116636
-1.26 0.48 0.11959
-1.26 0.54 0.120934
-1.26 0.6 0.120614
-1.26 0.66 0.118641
-1.26 0.72 0.115097
-1.26 0.78 0.110126
-1.26 0.84 0.103922
-1.26 0.9 0.0967223
-1.26 0.96 0.0887839
-1.26 1.02 0.0803778
-1.26 1.08 0.0717686
-1.26 1.14 0.0632016
-1.26 1.2 0.0548942
-1.26 1.26 0.0470235
-1.26 1.32 0.0397291
-1.26 1.38 0.0331056
-1.26 1.44 0.0272078
-1.26 1.5 0.0220542
-1.26 1.56 0.0176318
-1.26 1.62 0.013903
-1.26 1.68 0.0108126
-1.26 1.74 0.00829393
-1.26 1.8 0.00627481
-1.26 1.86 0.00468239
-1.26 1.92 0.00344622
-1.26 1.98 0.00250176
-1.26 2.04 0.00179132
-1.26 2.1 0.00126512
-1.26 2.16 0.000881302
-1.26 2.22 0.000605558
-1.26 2.28 0.000410425
-1.26 2.34 0.000274383
-1.26 2.4 0.00017802
-1.2 -1.32 0.000116636
-1.2 -1.26 0.000178645
-1.2 -1.2 0.000269859
-1.2 -1.14 0.000402043
-1.2 -1.08 0.000590747
-1.2 -1.02 0.000856077
-1.2 -0.96 0.00122354
-1.2 -0.9 0.00172469
-1.2 -0.84 0.00239767
-1.2 -0.78 0.00328749
-1.2 -0.72 0.00444556
-1.2 -0.66 0.00592892
-1.2 -0.6 0.00779853
-1.2 -0.54 0.0101168
-1.2 -0.48 0.0129438
-1.2 -0.42 0.016333
-1.2 -0.36 0.0203266
-1.2 -0.3 0.0249488
-1.2 -0.24 0.0302016
-1.2 -0.18 0.0360574
-1.2 -0.12 0.042457
-1.2 -0.06 0.0493054
-1.2 9.71445e-15 0.0564714
-1.2 0.06 0.0637901
-1.2 0.12 0.0710673
-1.2 0.18 0.0780856
-1.2 0.24 0.0846192
-1.2 0.3 0.0904388
-1.2 0.36 0.0953306
-1.2 0.42 0.0991063
-1.2 0.48 0.101615
-1.2 0.54 0.102756
-1.2 0.6 0.102482
-1.2 0.66 0.100805
-1.2 0.72 0.0977924
-1.2 0.78 0.0935673
-1.2 0.84 0.0882947
-1.2 0.9 0.0821745
-1.2 0.96 0.0754285
-1.2 1.02 0.0682853
-1.2 1.08 0.0609696
-1.2 1.14 0.0536899
-1.2 1.2 0.0466304
-1.2 1.26 0.0399431
-1.2 1.32 0.0337456
-1.2 1.38 0.0281179
-1.2 1.44 0.0231077
-1.2 1.5 0.0187296
-1.2 1.56 0.0149726
-1.2 1.62 0.0118053
-1.2 1.68 0.00918027
-1.2 1.74 0.00704124
-1.2 1.8 0.00532658
-1.2 1.86 0.00397429
-1.2 1.92 0.00292467
-1.2 1.98 0.00212286
-1.2 2.04 0.00151978
-1.2 2.1 0.00107315
-1.2 2.16 0.000747422
-1.2 2.22 0.000513453
-1.2 2.28 0.000347916
-1.2 2.34 0.000229769
-1.2 2.4 0.000151278
-1.14 -1.32 9.77527e-05
-1.14 -1.26 0.000149723
-1.14 -1.2 0.00022617
-1.14 -1.14 0.000336952
-1.14 -1.08 0.000495103
-1.14 -1.02 0.000717475
-1.14 -0.96 0.00102545
-1.14 -0.9 0.00144544
-1.14 -0.84 0.0020095
-1.14 -0.78 0.00275523
-1.14 -0.72 0.00372579
-1.14 -0.66 0.00496899
-1.14 -0.6 0.00653589
-1.14 -0.54 0.00847877
-1.14 -0.48 0.010848
-1.14 -0.42 0.0136886
-1.14 -0.36 0.0170355
-1.14 -0.3 0.0209094
-1.14 -0.24 0.0253112
-1.14 -0.18 0.030219
-1.14 -0.12 0.0355824
-1.14 -0.06 0.0413218
-1.14 9.71445e-15 0.0473273
-1.14 0.06 0.0534603
-1.14 0.12 0.0595587
-1.14 0.18 0.0654408
-1.14 0.24 0.0709155
-1.14 0.3 0.0757928
-1.14 0.36 0.0798913
-1.14 0.42 0.0830543
-1.14 0.48 0.0851565
-1.14 0.54 0.0861117
-1.14 0.6 0.0858806
-1.14 0.66 0.0844751
-1.14 0.72 0.0819493
-1.14 0.78 0.0784071
-1.14 0.84 0.0739883
-1.14 0.9 0.0688583
-1.14 0.96 0.0632036
-1.14 1.02 0.0572171
-1.14 1.08 0.051086
-1.14 1.14 0.0449852
-1.14 1.2 0.0390688
-1.14 1.26 0.0334654
-1.14 1.32 0.0282715
-1.14 1.38 0.023556
-1.14 1.44 0.0193576
-1.14 1.5 0.0156893
-1.14 1.56 0.0125416
-1.14 1.62 0.0098878
-1.14 1.68 0.00768864
-1.14 1.74 0.00589668
-1.14 1.8 0.00446034
-1.14 1.86 0.00332761
-1.14 1.92 0.00244857
-1.14 1.98 0.00177705
-1.14 2.04 0.00127205
-1.14 2.1 0.000898096
-1.14 2.16 0.000625403
-1.14 2.22 0.000429556
-1.14 2.28 0.000291007
-1.14 2.34 0.00019257
-1.08 -1.32 8.07998e-05
-1.08 -1.26 0.000123758
-1.08 -1.2 0.000186946
-1.08 -1.14 0.000278516
-1.08 -1.08 0.000409243
-1.08 -1.02 0.000593056
-1.08 -0.96 0.000847613
-1.08 -0.9 0.00119478
-1.08 -0.84 0.001661
-1.08 -0.78 0.00227743
-1.08 -0.72 0.00307967
-1.08 -0.66 0.00410726
-1.08 -0.6 0.00540242
-1.08 -0.54 0.00700838
-1.08 -0.48 0.00896677
-1.08 -0.42 0.0113145
-1.08 -0.36 0.0140811
-1.08 -0.3 0.017283
-1.08 -0.24 0.0209216
-1.08 -0.18 0.0249779
-1.08 -0.12 0.0294109
-1.08 -0.06 0.0341547
-1.08 9.71445e-15 0.0391185
-1.08 0.06 0.0441879
-1.08 0.12 0.0492289
-1.08 0.18 0.0540899
-1.08 0.24 0.0586152
-1.08 0.3 0.0626455
-1.08 0.36 0.0660334
-1.08 0.42 0.0686476
-1.08 0.48 0.0703844
-1.08 0.54 0.0711734
-1.08 0.6 0.070982
-1.08 0.66 0.0698192
-1.08 0.72 0.0677301
-1.08 0.78 0.064803
-1.08 0.84 0.0611489
-1.08 0.9 0.0569089
-1.08 0.96 0.052235
-1.08 1.02 0.0472862
-1.08 1.08 0.0422184
-1.08 1.14 0.0371759
-1.08 1.2 0.0322859
-1.08 1.26 0.0276543
-1.08 1.32 0.0233615
-1.08 1.38 0.0194644
-1.08 1.44 0.0159947
-1.08 1.5 0.0129629
-1.08 1.56 0.0103618
-1.08 1.62 0.00816886
-1.08 1.68 0.00635164
-1.08 1.74 0.00487096
-1.08 1.8 0.00368422
-1.08 1.86 0.00274841
-1.08 1.92 0.00202216
-1.08 1.98 0.00146746
-1.08 2.04 0.00105032
-1.08 2.1 0.000741459
-1.08 2.16 0.000516261
-1.08 2.22 0.00035454
-1.08 2.28 0.000238437
-1.08 2.34 0.000159175
-1.02 -1.26 0.000100889
-1.02 -1.2 0.000152403
-1.02 -1.14 0.000227054
-1.02 -1.08 0.000333623
-1.02 -1.02 0.000483465
-1.02 -0.96 0.000690994
-1.02 -0.9 0.000974005
-1.02 -0.84 0.00135408
-1.02 -0.78 0.00185659
-1.02 -0.72 0.00251058
-1.02 -0.66 0.00334829
-1.02 -0.6 0.00440411
-1.02 -0.54 0.00571331
-1.02 -0.48 0.00730978
-1.02 -0.42 0.00922384
-1.02 -0.36 0.011479
-1.02 -0.3 0.0140894
-1.02 -0.24 0.0170554
-1.02 -0.18 0.0203623
-1.02 -0.12 0.0239762
-1.02 -0.06 0.0278433
-1.02 9.71445e-15 0.0318897
-1.02 0.06 0.0360221
-1.02 0.12 0.0401309
-1.02 0.18 0.0440941
-1.02 0.24 0.0477823
-1.02 0.3 0.0510682
-1.02 0.36 0.0538292
-1.02 0.42 0.0559597
-1.02 0.48 0.0573754
-1.02 0.54 0.058018
-1.02 0.6 0.0578617
-1.02 0.66 0.0569136
-1.02 0.72 0.055211
-1.02 0.78 0.0528232
-1.02 0.84 0.0498451
-1.02 0.9 0.0463878
-1.02 0.96 0.0425772
-1.02 1.02 0.0385431
-1.02 1.08 0.0344117
-1.02 1.14 0.0303009
-1.02 1.2 0.0263147
-1.02 1.26 0.0225393
-1.02 1.32 0.0190402
-1.02 1.38 0.0158633
-1.02 1.44 0.0130352
-1.02 1.5 0.0105642
-1.02 1.56 0.00844396
-1.02 1.62 0.00665662
-1.02 1.68 0.00517557
-1.02 1.74 0.00396888
-1.02 1.8 0.00300173
-1.02 1.86 0.00223911
-1.02 1.92 0.00164734
-1.02 1.98 0.00119535
-1.02 2.04 0.000855494
-1.02 2.1 0.000603869
-1.02 2.16 0.000418435
-1.02 2.22 0.000287174
-1.02 2.28 0.000194381
-1.02 2.34 0.000129764
-0.96 -1.26 8.1116e-05
-0.96 -1.2 0.000122533
-0.96 -1.14 0.000182556
-0.96 -1.08 0.000268238
-0.96 -1.02 0.000388715
-0.96 -0.96 0.000555565
-0.96 -0.9 0.000783122
-0.96 -0.84 0.00108869
-0.96 -0.78 0.00149271
-0.96 -0.72 0.00201854
-0.96 -0.66 0.00269206
-0.96 -0.6 0.00354099
-0.96 -0.54 0.0045936
-0.96 -0.48 0.00587713
-0.96 -0.42 0.00741602
-0.96 -0.36 0.00922922
-0.96 -0.3 0.0113278
-0.96 -0.24 0.0137127
-0.96 -0.18 0.0163714
-0.96 -0.12 0.0192769
-0.96 -0.06 0.022386
-0.96 9.71445e-15 0.0256392
-0.96 0.06 0.0289619
-0.96 0.12 0.0322653
-0.96 0.18 0.0354513
-0.96 0.24 0.0384167
-0.96 0.3 0.0410579
-0.96 0.36 0.0432779
-0.96 0.42 0.0449909
-0.96 0.48 0.0461287
-0.96 0.54 0.0466452
-0.96 0.6 0.0465197
-0.96 0.66 0.0457563
-0.96 0.72 0.0443875
-0.96 0.78 0.0424675
-0.96 0.84 0.0400726
-0.96 0.9 0.037293
-0.96 0.96 0.0342294
-0.96 1.02 0.0309857
-0.96 1.08 0.027664
-0.96 1.14 0.0243588
-0.96 1.2 0.0211542
-0.96 1.26 0.0181185
-0.96 1.32 0.0153056
-0.96 1.38 0.0127515
-0.96 1.44 0.0104779
-0.96 1.5 0.00849133
-0.96 1.56 0.0067869
-0.96 1.62 0.00535013
-0.96 1.68 0.00415965
-0.96 1.74 0.00318968
-0.96 1.8 0.00241229
-0.96 1.86 0.00179936
-0.96 1.92 0.00132372
-0.96 1.98 0.000960466
-0.96 2.04 0.000687339
-0.96 2.1 0.000483459
-0.96 2.16 0.000336424
-0.96 2.22 0.00023089
-0.96 2.28 0.000156285
-0.9 -1.26 6.43221e-05
-0.9 -1.2 9.71642e-05
-0.9 -1.14 0.000144758
-0.9 -1.08 0.000212699
-0.9 -1.02 0.000308239
-0.9 -0.96 0.00044054
-0.9 -0.9 0.000620986
-0.9 -0.84 0.000863298
-0.9 -0.78 0.00118368
-0.9 -0.72 0.00160063
-0.9 -0.66 0.00213471
-0.9 -0.6 0.00280787
-0.9 -0.54 0.00364252
-0.9 -0.48 0.00466035
-0.9 -0.42 0.0058806
-0.9 -0.36 0.00731843
-0.9 -0.3 0.0089825
-0.9 -0.24 0.0108736
-0.9 -0.18 0.0129817
-0.9 -0.12 0.0152855
-0.9 -0.06 0.0177509
-0.9 9.71445e-15 0.0203307
-0.9 0.06 0.0229653
-0.9 0.12 0.0255847
-0.9 0.18 0.0281111
-0.9 0.24 0.0304626
-0.9 0.3 0.0325566
-0.9 0.36 0.0343168
-0.9 0.42 0.0356748
-0.9 0.48 0.036577
-0.9 0.54 0.0369867
-0.9 0.6 0.0368868
-0.9 0.66 0.0362813
-0.9 0.72 0.0351955
-0.9 0.78 0.0336733
-0.9 0.84 0.0317735
-0.9 0.9 0.0295697
-0.9 0.96 0.0271403
-0.9 1.02 0.024568
-0.9 1.08 0.021934
-0.9 1.14 0.0193135
-0.9 1.2 0.0167723
-0.9 1.26 0.0143653
-0.9 1.32 0.0121347
-0.9 1.38 0.0101097
-0.9 1.44 0.0083069
-0.9 1.5 0.00673178
-0.9 1.56 0.00538047
-0.9 1.62 0.00424134
-0.9 1.68 0.00329747
-0.9 1.74 0.00252842
-0.9 1.8 0.00191214
-0.9 1.86 0.00142622
-0.9 1.92 0.00104917
-0.9 1.98 0.000761223
-0.9 2.04 0.00054334
-0.9 2.1 0.000383364
-0.9 2.16 0.000266775
-0.9 2.22 0.00018309
-0.9 2.28 0.000123929
-0.84 -1.2 7.59887e-05
-0.84 -1.14 0.000113209
-0.84 -1.08 0.000166345
-0.84 -1.02 0.000241059
-0.84 -0.96 0.000344534
-0.84 -0.9 0.000485645
-0.84 -0.84 0.000675154
-0.84 -0.78 0.00092571
-0.84 -0.72 0.00125179
-0.84 -0.66 0.00166947
-0.84 -0.6 0.00219591
-0.84 -0.54 0.00284868
-0.84 -0.48 0.00364469
-0.84 -0.42 0.00459899
-0.84 -0.36 0.00572342
-0.84 -0.3 0.00702492
-0.84 -0.24 0.00850379
-0.84 -0.18 0.0101524
-0.84 -0.12 0.0119542
-0.84 -0.06 0.0138823
-0.84 9.71445e-15 0.0158997
-0.84 0.06 0.0179599
-0.84 0.12 0.0200087
-0.84 0.18 0.0219843
-0.84 0.24 0.0238231
-0.84 0.3 0.025461
-0.84 0.36 0.0268375
-0.84 0.42 0.0278995
-0.84 0.48 0.0286048
-0.84 0.54 0.0289249
-0.84 0.6 0.0288466
-0.84 0.66 0.0283734
-0.84 0.72 0.0275238
-0.84 0.78 0.0263334
-0.84 0.84 0.0248478
-0.84 0.9 0.023124
-0.84 0.96 0.0212239
-0.84 1.02 0.0192123
-0.84 1.08 0.0171524
-0.84 1.14 0.0151029
-0.84 1.2 0.0131156
-0.84 1.26 0.0112333
-0.84 1.32 0.00948881
-0.84 1.38 0.00790527
-0.84 1.44 0.00649546
-0.84 1.5 0.00526377
-0.84 1.56 0.00420704
-0.84 1.62 0.00331626
-0.84 1.68 0.00257817
-0.84 1.74 0.00197685
-0.84 1.8 0.00149495
-0.84 1.86 0.00111501
-0.84 1.92 0.000820206
-0.84 1.98 0.000593972
-0.84 2.04 0.000424928
-0.84 2.1 0.000299819
-0.84 2.16 0.000208637
-0.84 2.22 0.000143189
-0.78 -1.2 5.86114e-05
-0.78 -1.14 8.73208e-05
-0.78 -1.08 0.000128304
-0.78 -1.02 0.000185933
-0.78 -0.96 0.00026574
-0.78 -0.9 0.000374588
-0.78 -0.84 0.000520757
-0.78 -0.78 0.000714011
-0.78 -0.72 0.000965522
-0.78 -0.66 0.00128768
-0.78 -0.6 0.00169374
-0.78 -0.54 0.00219722
-0.78 -0.48 0.00281118
-0.78 -0.42 0.00354727
-0.78 -0.36 0.00441454
-0.78 -0.3 0.00541835
-0.78 -0.24 0.00655904
-0.78 -0.18 0.00783066
-0.78 -0.12 0.00922039
-0.78 -0.06 0.0107075
-0.78 9.71445e-15 0.0122636
-0.78 0.06 0.0138527
-0.78 0.12 0.0154327
-0.78 0.18 0.0169567
-0.78 0.24 0.0183749
-0.78 0.3 0.019638
-0.78 0.36 0.0206996
-0.78 0.42 0.0215186
-0.78 0.48 0.0220626
-0.78 0.54 0.0223096
-0.78 0.6 0.0222493
-0.78 0.66 0.0218839
-0.78 0.72 0.0212289
-0.78 0.78 0.0203104
-0.78 0.84 0.0191645
-0.78 0.9 0.017835
-0.78 0.96 0.0163694
-0.78 1.02 0.0148177
-0.78 1.08 0.0132288
-0.78 1.14 0.0116482
-0.78 1.2 0.0101154
-0.78 1.26 0.00866353
-0.78 1.32 0.00731809
-0.78 1.38 0.00609675
-0.78 1.44 0.00500936
-0.78 1.5 0.0040594
-0.78 1.56 0.0032444
-0.78 1.62 0.00255741
-0.78 1.68 0.00198819
-0.78 1.74 0.00152443
-0.78 1.8 0.00115278
-0.78 1.86 0.000858735
-0.78 1.92 0.000631589
-0.78 1.98 0.000458139
-0.78 2.04 0.000327751
-0.78 2.1 0.000231253
-0.78 2.16 0.000160924
-0.78 2.22 0.000110444
-0.72 -1.14 6.64258e-05
-0.72 -1.08 9.76033e-05
-0.72 -1.02 0.000141441
-0.72 -0.96 0.000202153
-0.72 -0.9 0.000284951
-0.72 -0.84 0.00039614
-0.72 -0.78 0.000543157
-0.72 -0.72 0.000734485
-0.72 -0.66 0.000979555
-0.72 -0.6 0.00128844
-0.72 -0.54 0.00167146
-0.72 -0.48 0.0021385
-0.72 -0.42 0.00269844
-0.72 -0.36 0.00335818
-0.72 -0.3 0.00412182
-0.72 -0.24 0.00498955
-0.72 -0.18 0.00595689
-0.72 -0.12 0.00701404
-0.72 -0.06 0.00814531
-0.72 9.71445e-15 0.00932895
-0.72 0.06 0.0105378
-0.72 0.12 0.0117398
-0.72 0.18 0.012899
-0.72 0.24 0.0139778
-0.72 0.3 0.0149387
-0.72 0.36 0.0157463
-0.72 0.42 0.0163694
-0.72 0.48 0.0167831
-0.72 0.54 0.0169708
-0.72 0.6 0.0169249
-0.72 0.66 0.016647
-0.72 0.72 0.0161485
-0.72 0.78 0.0154499
-0.72 0.84 0.0145782
-0.72 0.9 0.0135668
-0.72 0.96 0.0124519
-0.72 1.02 0.0112715
-0.72 1.08 0.0100629
-0.72 1.14 0.00886034
-0.72 1.2 0.00769436
-0.72 1.26 0.00658996
-0.72 1.32 0.00556649
-0.72 1.38 0.00463739
-0.72 1.44 0.00381028
-0.72 1.5 0.00308767
-0.72 1.56 0.00246773
-0.72 1.62 0.00194516
-0.72 1.68 0.00151218
-0.72 1.74 0.00115851
-0.72 1.8 0.000875974
-0.72 1.86 0.000653254
-0.72 1.92 0.000480454
-0.72 1.98 0.000348512
-0.72 2.04 0.000249327
-0.72 2.1 0.000175918
-0.72 2.16 0.000122417
-0.66 -1.14 4.98366e-05
-0.66 -1.08 7.32277e-05
-0.66 -1.02 0.000106118
-0.66 -0.96 0.000151666
-0.66 -0.9 0.000213787
-0.66 -0.84 0.000297207
-0.66 -0.78 0.000407504
-0.66 -0.72 0.00055105
-0.66 -0.66 0.000734923
-0.66 -0.6 0.000966668
-0.66 -0.54 0.00125401
-0.66 -0.48 0.00160442
-0.66 -0.42 0.00202449
-0.66 -0.36 0.00251951
-0.66 -0.3 0.0030924
-0.66 -0.24 0.00374342
-0.66 -0.18 0.00446918
-0.66 -0.12 0.0052623
-0.66 -0.06 0.00611104
-0.66 9.71445e-15 0.00699912
-0.66 0.06 0.00790603
-0.66 0.12 0.00880781
-0.66 0.18 0.00967733
-0.66 0.24 0.0104869
-0.66 0.3 0.0112077
-0.66 0.36 0.0118136
-0.66 0.42 0.0122811
-0.66 0.48 0.0125915
-0.66 0.54 0.0127323
-0.66 0.6 0.0126977
-0.66 0.66 0.0124893
-0.66 0.72 0.0121152
-0.66 0.78 0.0115911
-0.66 0.84 0.0109371
-0.66 0.9 0.0101781
-0.66 0.96 0.00934172
-0.66 1.02 0.00845619
-0.66 1.08 0.00754941
-0.66 1.14 0.00664723
-0.66 1.2 0.00577237
-0.66 1.26 0.00494383
-0.66 1.32 0.004176
-0.66 1.38 0.00347897
-0.66 1.44 0.00285846
-0.66 1.5 0.00231632
-0.66 1.56 0.00185123
-0.66 1.62 0.00145919
-0.66 1.68 0.0011337
-0.66 1.74 0.00086917
-0.66 1.8 0.000657213
-0.66 1.86 0.000490107
-0.66 1.92 0.000360464
-0.66 1.98 0.000261475
-0.66 2.04 0.00018706
-0.66 2.1 0.000131984
-0.66 2.16 9.18442e-05
-0.6 -1.08 5.41842e-05
-0.6 -1.02 7.85211e-05
-0.6 -0.96 0.000112225
-0.6 -0.9 0.000158191
-0.6 -0.84 0.000219919
-0.6 -0.78 0.000301528
-0.6 -0.72 0.000407745
-0.6 -0.66 0.000543797
-0.6 -0.6 0.000715275
-0.6 -0.54 0.000927894
-0.6 -0.48 0.00118717
-0.6 -0.42 0.00149802
-0.6 -0.36 0.00186429
-0.6 -0.3 0.0022882
-0.6 -0.24 0.00276989
-0.6 -0.18 0.00330692
-0.6 -0.12 0.00389379
-0.6 -0.06 0.00452182
-0.6 9.71445e-15 0.00517896
-0.6 0.06 0.00585002
-0.6 0.12 0.0065172
-0.6 0.18 0.00716072
-0.6 0.24 0.00775965
-0.6 0.3 0.00829307
-0.6 0.36 0.00874125
-0.6 0.42 0.00908713
-0.6 0.48 0.00931686
-0.6 0.54 0.00942107
-0.6 0.6 0.00939543
-0.6 0.66 0.00924114
-0.6 0.72 0.0089645
-0.6 0.78 0.00857656
-0.6 0.84 0.00809264
-0.6 0.9 0.00753098
-0.6 0.96 0.0069121
-0.6 1.02 0.00625686
-0.6 1.08 0.00558592
-0.6 1.14 0.00491837
-0.6 1.2 0.00427103
-0.6 1.26 0.00365797
-0.6 1.32 0.00308983
-0.6 1.38 0.00257407
-0.6 1.44 0.00211494
-0.6 1.5 0.00171322
-0.6 1.56 0.00136916
-0.6 1.62 0.00107915
-0.6 1.68 0.000838881
-0.6 1.74 0.00064314
-0.6 1.8 0.000486303
-0.6 1.86 0.000362648
-0.6 1.92 0.000266726
-0.6 1.98 0.000193476
-0.6 2.04 0.000138414
-0.6 2.1 9.76612e-05
-0.54 -1.08 3.95419e-05
-0.54 -1.02 5.73029e-05
-0.54 -0.96 8.18984e-05
-0.54 -0.9 0.000115443
-0.54 -0.84 0.000160491
-0.54 -0.78 0.000220049
-0.54 -0.72 0.000297561
-0.54 -0.66 0.000396847
-0.54 -0.6 0.000521986
-0.54 -0.54 0.000677146
-0.54 -0.48 0.000866365
-0.54 -0.42 0.00109321
-0.54 -0.36 0.0013605
-0.54 -0.3 0.00166987
-0.54 -0.24 0.00202139
-0.54 -0.18 0.00241328
-0.54 -0.12 0.00284156
-0.54 -0.06 0.00329988
-0.54 9.71445e-15 0.00377943
-0.54 0.06 0.00426914
-0.54 0.12 0.00475607
-0.54 0.18 0.00522568
-0.54 0.24 0.00566274
-0.54 0.3 0.006052
-0.54 0.36 0.00637912
-0.54 0.42 0.00663149
-0.54 0.48 0.0067991
-0.54 0.54 0.00687515
-0.54 0.6 0.00685648
-0.54 0.66 0.00674388
-0.54 0.72 0.00654193
-0.54 0.78 0.00625885
-0.54 0.84 0.00590565
-0.54 0.9 0.00549584
-0.54 0.96 0.00504415
-0.54 1.02 0.00456594
-0.54 1.08 0.00407629
-0.54 1.14 0.00358916
-0.54 1.2 0.00311679
-0.54 1.26 0.00266938
-0.54 1.32 0.00225476
-0.54 1.38 0.00187797
-0.54 1.44 0.00154294
-0.54 1.5 0.00125026
-0.54 1.56 0.000999177
-0.54 1.62 0.00078754
-0.54 1.68 0.000612196
-0.54 1.74 0.000469347
-0.54 1.8 0.000354888
-0.54 1.86 0.000264653
-0.54 1.92 0.00019465
-0.54 1.98 0.000141194
-0.54 2.04 0.00010101
-0.48 -1.02 4.12432e-05
-0.48 -0.96 5.89458e-05
-0.48 -0.9 8.30896e-05
-0.48 -0.84 0.000115512
-0.48 -0.78 0.000158378
-0.48 -0.72 0.000214168
-0.48 -0.66 0.000285629
-0.48 -0.6 0.000375698
-0.48 -0.54 0.000487372
-0.48 -0.48 0.000623557
-0.48 -0.42 0.000786825
-0.48 -0.36 0.000979206
-0.48 -0.3 0.00120186
-0.48 -0.24 0.00145486
-0.48 -0.18 0.00173695
-0.48 -0.12 0.0020452
-0.48 -0.06 0.00237506
-0.48 9.71445e-15 0.00272022
-0.48 0.06 0.00307269
-0.48 0.12 0.00342313
-0.48 0.18 0.00376111
-0.48 0.24 0.0040757
-0.48 0.3 0.00435586
-0.48 0.36 0.00459127
-0.48 0.42 0.00477294
-0.48 0.48 0.00489358
-0.48 0.54 0.00494831
-0.48 0.6 0.00493483
-0.48 0.66 0.00485376
-0.48 0.72 0.00470845
-0.48 0.78 0.00450469
-0.48 0.84 0.00425049
-0.48 0.9 0.00395548
-0.48 0.96 0.00363042
-0.48 1.02 0.00328625
-0.48 1.08 0.00293384
-0.48 1.14 0.00258321
-0.48 1.2 0.0022429
-0.48 1.26 0.0019209
-0.48 1.32 0.00162252
-0.48 1.38 0.00135164
-0.48 1.44 0.00111053
-0.48 1.5 0.000899869
-0.48 1.56 0.000719147
-0.48 1.62 0.000566822
-0.48 1.68 0.000440621
-0.48 1.74 0.000337808
-0.48 1.8 0.00025543
-0.48 1.86 0.000190481
-0.48 1.92 0.000140098
-0.48 1.98 0.000101623
-0.42 -0.96 4.18428e-05
-0.42 -0.9 5.89808e-05
-0.42 -0.84 8.19959e-05
-0.42 -0.78 0.000112425
-0.42 -0.72 0.000152027
-0.42 -0.66 0.000202753
-0.42 -0.6 0.000266687
-0.42 -0.54 0.000345962
-0.42 -0.48 0.000442634
-0.42 -0.42 0.000558526
-0.42 -0.36 0.000695087
-0.42 -0.3 0.000853141
-0.42 -0.24 0.00103274
-0.42 -0.18 0.00123295
-0.42 -0.12 0.00145176
-0.42 -0.06 0.00168591
-0.42 9.71445e-15 0.0019309
-0.42 0.06 0.00218112
-0.42 0.12 0.00242991
-0.42 0.18 0.0026698
-0.42 0.24 0.00289312
-0.42 0.3 0.00309198
-0.42 0.36 0.00325912
-0.42 0.42 0.00338806
-0.42 0.48 0.00347368
-0.42 0.54 0.00351252
-0.42 0.6 0.00350295
-0.42 0.66 0.00344544
-0.42 0.72 0.00334222
-0.42 0.78 0.00319762
-0.42 0.84 0.00301716
-0.42 0.9 0.00280779
-0.42 0.96 0.00257683
-0.42 1.02 0.00233252
-0.42 1.08 0.00208235
-0.42 1.14 0.00183346
-0.42 1.2 0.00159212
-0.42 1.26 0.00136356
-0.42 1.32 0.00115174
-0.42 1.38 0.00095947
-0.42 1.44 0.000788304
-0.42 1.5 0.000638768
-0.42 1.56 0.000510488
-0.42 1.62 0.000402361
-0.42 1.68 0.000312775
-0.42 1.74 0.000239794
-0.42 1.8 0.000181316
-0.42 1.86 0.000135214
-0.42 1.92 9.94476e-05
-0.42 1.98 7.21376e-05
-0.36 -0.96 2.9294e-05
-0.36 -0.9 4.12918e-05
-0.36 -0.84 5.74046e-05
-0.36 -0.78 7.87075e-05
-0.36 -0.72 0.000106432
-0.36 -0.66 0.000141945
-0.36 -0.6 0.000186705
-0.36 -0.54 0.000242204
-0.36 -0.48 0.000309883
-0.36 -0.42 0.000391024
-0.36 -0.36 0.000486619
-0.36 -0.3 0.000597278
-0.36 -0.24 0.000723011
-0.36 -0.18 0.000863186
-0.36 -0.12 0.00101638
-0.36 -0.06 0.0011803
-0.36 9.71445e-15 0.00135181
-0.36 0.06 0.00152697
-0.36 0.12 0.00170112
-0.36 0.18 0.00186909
-0.36 0.24 0.00202538
-0.36 0.3 0.00216463
-0.36 0.36 0.00228163
-0.36 0.42 0.00237187
-0.36 0.48 0.0024318
-0.36 0.54 0.00245897
-0.36 0.6 0.0024523
-0.36 0.66 0.00241202
-0.36 0.72 0.00233978
-0.36 0.78 0.00223849
-0.36 0.84 0.00211218
-0.36 0.9 0.00196559
-0.36 0.96 0.00180402
-0.36 1.02 0.00163298
-0.36 1.08 0.00145784
-0.36 1.14 0.00128358
-0.36 1.2 0.00111463
-0.36 1.26 0.000954617
-0.36 1.32 0.000806329
-0.36 1.38 0.000671713
-0.36 1.44 0.000551881
-0.36 1.5 0.000447199
-0.36 1.56 0.000357389
-0.36 1.62 0.000281688
-0.36 1.68 0.000218971
-0.36 1.74 0.000167879
-0.36 1.8 0.000126937
-0.36 1.86 9.46623e-05
-0.36 1.92 6.96226e-05
-0.3 -0.9 2.8511e-05
-0.3 -0.84 3.96363e-05
-0.3 -0.78 5.43449e-05
-0.3 -0.72 7.34883e-05
-0.3 -0.66 9.80093e-05
-0.3 -0.6 0.000128915
-0.3 -0.54 0.000167235
-0.3 -0.48 0.000213963
-0.3 -0.42 0.00026999
-0.3 -0.36 0.000335999
-0.3 -0.3 0.000412399
-0.3 -0.24 0.000499213
-0.3 -0.18 0.000596004
-0.3 -0.12 0.000701774
-0.3 -0.06 0.000814953
-0.3 9.71445e-15 0.000933387
-0.3 0.06 0.00105433
-0.3 0.12 0.00117456
-0.3 0.18 0.00129055
-0.3 0.24 0.00139848
-0.3 0.3 0.00149461
-0.3 0.36 0.00157537
-0.3 0.42 0.00163769
-0.3 0.48 0.00167909
-0.3 0.54 0.00169786
-0.3 0.6 0.00169323
-0.3 0.66 0.00166541
-0.3 0.72 0.00161555
-0.3 0.78 0.00154561
-0.3 0.84 0.00145839
-0.3 0.9 0.00135717
-0.3 0.96 0.00124562
-0.3 1.02 0.00112752
-0.3 1.08 0.00100659
-0.3 1.14 0.000886279
-0.3 1.2 0.000769618
-0.3 1.26 0.00065913
-0.3 1.32 0.000556747
-0.3 1.38 0.0004638
-0.3 1.44 0.000381059
-0.3 1.5 0.000308776
-0.3 1.56 0.000246765
-0.3 1.62 0.000194497
-0.3 1.68 0.000151194
-0.3 1.74 0.000115915
-0.3 1.8 8.76469e-05
-0.3 1.86 6.53609e-05
-0.24 -0.84 2.69914e-05
-0.24 -0.78 3.70077e-05
-0.24 -0.72 5.00441e-05
-0.24 -0.66 6.67422e-05
-0.24 -0.6 8.77879e-05
-0.24 -0.54 0.000113884
-0.24 -0.48 0.000145705
-0.24 -0.42 0.000183856
-0.24 -0.36 0.000228808
-0.24 -0.3 0.000280837
-0.24 -0.24 0.000339956
-0.24 -0.18 0.000405867
-0.24 -0.12 0.000477895
-0.24 -0.06 0.00055497
-0.24 9.71445e-15 0.000635617
-0.24 0.06 0.000717973
-0.24 0.12 0.000799858
-0.24 0.18 0.000878832
-0.24 0.24 0.000952332
-0.24 0.3 0.0010178
-0.24 0.36 0.0010728
-0.24 0.42 0.00111524
-0.24 0.48 0.00114343
-0.24 0.54 0.00115621
-0.24 0.6 0.00115305
-0.24 0.66 0.00113411
-0.24 0.72 0.00110015
-0.24 0.78 0.00105253
-0.24 0.84 0.000993137
-0.24 0.9 0.000924202
-0.24 0.96 0.000848239
-0.24 1.02 0.00076782
-0.24 1.08 0.00068547
-0.24 1.14 0.000603538
-0.24 1.2 0.000524091
-0.24 1.26 0.000448855
-0.24 1.32 0.000379132
-0.24 1.38 0.000315835
-0.24 1.44 0.000259494
-0.24 1.5 0.000210271
-0.24 1.56 0.000168042
-0.24 1.62 0.000132448
-0.24 1.68 0.000102959
-0.24 1.74 7.89357e-05
-0.24 1.8 5.96857e-05
-0.18 -0.78 2.48551e-05
-0.18 -0.72 3.36105e-05
-0.18 -0.66 4.48253e-05
-0.18 -0.6 5.89603e-05
-0.18 -0.54 7.64861e-05
-0.18 -0.48 9.78578e-05
-0.18 -0.42 0.000123482
-0.18 -0.36 0.000153672
-0.18 -0.3 0.000188614
-0.18 -0.24 0.000228319
-0.18 -0.18 0.000272586
-0.18 -0.12 0.000320961
-0.18 -0.06 0.000372725
-0.18 9.71445e-15 0.000426892
-0.18 0.06 0.000482206
-0.18 0.12 0.000537195
-0.18 0.18 0.000590242
-0.18 0.24 0.000639605
-0.18 0.3 0.00068357
-0.18 0.36 0.000720509
-0.18 0.42 0.000749012
-0.18 0.48 0.000767944
-0.18 0.54 0.00077653
-0.18 0.6 0.000774413
-0.18 0.66 0.000761688
-0.18 0.72 0.000738883
-0.18 0.78 0.000706896
-0.18 0.84 0.000667003
-0.18 0.9 0.000620709
-0.18 0.96 0.000569691
-0.18 1.02 0.000515679
-0.18 1.08 0.00046037
-0.18 1.14 0.000405347
-0.18 1.2 0.00035199
-0.18 1.26 0.000301458
-0.18 1.32 0.000254632
-0.18 1.38 0.000212122
-0.18 1.44 0.00017428
-0.18 1.5 0.000141221
-0.18 1.56 0.00011286
-0.18 1.62 8.89548e-05
-0.18 1.68 6.91494e-05
-0.18 1.74 5.30145e-05
-0.12 -0.72 2.22629e-05
-0.12 -0.66 2.96913e-05
-0.12 -0.6 3.90543e-05
-0.12 -0.54 5.06633e-05
-0.12 -0.48 6.48197e-05
-0.12 -0.42 8.17928e-05
-0.12 -0.36 0.000101789
-0.12 -0.3 0.000124936
-0.12 -0.24 0.000151236
-0.12 -0.18 0.000180558
-0.12 -0.12 0.000212601
-0.12 -0.06 0.000246889
-0.12 9.71445e-15 0.000282765
-0.12 0.06 0.000319406
-0.12 0.12 0.000355832
-0.12 0.18 0.000390969
-0.12 0.24 0.000423661
-0.12 0.3 0.000452787
-0.12 0.36 0.000477259
-0.12 0.42 0.000496136
-0.12 0.48 0.000508673
-0.12 0.54 0.000514357
-0.12 0.6 0.000512961
-0.12 0.66 0.000504534
-0.12 0.72 0.000489426
-0.12 0.78 0.000468235
-0.12 0.84 0.000441817
-0.12 0.9 0.000411153
-0.12 0.96 0.000377356
-0.12 1.02 0.000341579
-0.12 1.08 0.000304943
-0.12 1.14 0.000268493
-0.12 1.2 0.000233154
-0.12 1.26 0.000199682
-0.12 1.32 0.000168665
-0.12 1.38 0.000140507
-0.12 1.44 0.00011544
-0.12 1.5 9.35428e-05
-0.12 1.56 7.47568e-05
-0.12 1.62 5.89221e-05
-0.12 1.68 4.58036e-05
-0.06 -0.72 1.45441e-05
-0.06 -0.66 1.93969e-05
-0.06 -0.6 2.55133e-05
-0.06 -0.54 3.30975e-05
-0.06 -0.48 4.23459e-05
-0.06 -0.42 5.34334e-05
-0.06 -0.36 6.64972e-05
-0.06 -0.3 8.16184e-05
-0.06 -0.24 9.88003e-05
-0.06 -0.18 0.000117955
-0.06 -0.12 0.000138888
-0.06 -0.06 0.000161288
-0.06 9.71445e-15 0.000184725
-0.06 0.06 0.000208661
-0.06 0.12 0.00023246
-0.06 0.18 0.000255412
-0.06 0.24 0.000276772
-0.06 0.3 0.000295798
-0.06 0.36 0.000311786
-0.06 0.42 0.00032412
-0.06 0.48 0.000332309
-0.06 0.54 0.000336022
-0.06 0.6 0.000335109
-0.06 0.66 0.000329605
-0.06 0.72 0.00031973
-0.06 0.78 0.000305893
-0.06 0.84 0.00028863
-0.06 0.9 0.000268599
-0.06 0.96 0.000246521
-0.06 1.02 0.000223147
-0.06 1.08 0.000199214
-0.06 1.14 0.000175403
-0.06 1.2 0.000152316
-0.06 1.26 0.000130449
-0.06 1.32 0.000110185
-0.06 1.38 9.17901e-05
-0.06 1.44 7.54152e-05
-0.06 1.5 6.11098e-05
-0.06 1.56 4.88374e-05
-0.06 1.62 3.8493e-05
9.71445e-15 -0.66 1.24975e-05
9.71445e-15 -0.6 1.64384e-05
9.71445e-15 -0.54 2.13248e-05
9.71445e-15 -0.48 2.72835e-05
9.71445e-15 -0.42 3.4427e-05
9.71445e-15 -0.36 4.28446e-05
9.71445e-15 -0.3 5.25865e-05
9.71445e-15 -0.24 6.36571e-05
9.71445e-15 -0.18 7.59987e-05
9.71445e-15 -0.12 8.94858e-05
9.71445e-15 -0.06 0.000103918
9.71445e-15 9.71445e-15 0.000119019
9.71445e-15 0.06 0.000134441
9.71445e-15 0.12 0.000149775
9.71445e-15 0.18 0.000164561
9.71445e-15 0.24 0.000178325
9.71445e-15 0.3 0.000190583
9.71445e-15 0.36 0.000200883
9.71445e-15 0.42 0.000208831
9.71445e-15 0.48 0.000214108
9.71445e-15 0.54 0.000216501
9.71445e-15 0.6 0.000215911
9.71445e-15 0.66 0.000212363
9.71445e-15 0.72 0.000206002
9.71445e-15 0.78 0.000197088
9.71445e-15 0.84 0.000185965
9.71445e-15 0.9 0.000173058
9.71445e-15 0.96 0.000158834
9.71445e-15 1.02 0.000143775
9.71445e-15 1.08 0.000128355
9.71445e-15 1.14 0.000113013
9.71445e-15 1.2 9.81368e-05
9.71445e-15 1.26 8.40479e-05
9.71445e-15 1.32 7.09927e-05
9.71445e-15 1.38 5.91404e-05
9.71445e-15 1.44 4.85904e-05
9.71445e-15 1.5 3.93732e-05
0.06 -0.54 1.35507e-05
0.06 -0.48 1.73372e-05
0.06 -0.42 2.18766e-05
0.06 -0.36 2.72251e-05
0.06 -0.3 3.34161e-05
0.06 -0.24 4.04505e-05
0.06 -0.18 4.82928e-05
0.06 -0.12 5.68634e-05
0.06 -0.06 6.60345e-05
0.06 9.71445e-15 7.56303e-05
0.06 0.06 8.54293e-05
0.06 0.12 9.51734e-05
0.06 0.18 0.00010457
0.06 0.24 0.000113315
0.06 0.3 0.000121105
0.06 0.36 0.000127651
0.06 0.42 0.0001327
0.06 0.48 0.000136053
0.06 0.54 0.000137573
0.06 0.6 0.000137199
0.06 0.66 0.000134946
0.06 0.72 0.000130903
0.06 0.78 0.000125238
0.06 0.84 0.000118171
0.06 0.9 0.000109969
0.06 0.96 0.00010093
0.06 1.02 9.13603e-05
0.06 1.08 8.15619e-05
0.06 1.14 7.1813e-05
0.06 1.2 6.23605e-05
0.06 1.26 5.34084e-05
0.06 1.32 4.51118e-05
0.06 1.38 3.75807e-05
0.06 1.44 3.08763e-05
0.12 -0.48 1.08654e-05
0.12 -0.42 1.37103e-05
0.12 -0.36 1.70624e-05
0.12 -0.3 2.09421e-05
0.12 -0.24 2.53509e-05
0.12 -0.18 3.02659e-05
0.12 -0.12 3.5637e-05
0.12 -0.06 4.13845e-05
0.12 9.71445e-15 4.73983e-05
0.12 0.06 5.354e-05
0.12 0.12 5.96462e-05
0.12 0.18 6.55351e-05
0.12 0.24 7.10162e-05
0.12 0.3 7.58978e-05
0.12 0.36 7.99998e-05
0.12 0.42 8.3165e-05
0.12 0.48 8.52665e-05
0.12 0.54 8.62192e-05
0.12 0.6 8.59846e-05
0.12 0.66 8.45716e-05
0.12 0.72 8.20389e-05
0.12 0.78 7.84881e-05
0.12 0.84 7.40589e-05
0.12 0.9 6.89186e-05
0.12 0.96 6.32542e-05
0.12 1.02 5.72571e-05
0.12 1.08 5.11161e-05
0.12 1.14 4.50063e-05
0.12 1.2 3.90822e-05
0.12 1.26 3.34713e-05
0.12 1.32 2.82722e-05
0.18 -0.42 8.47432e-06
0.18 -0.36 1.05462e-05
0.18 -0.3 1.29442e-05
0.18 -0.24 1.56693e-05
0.18 -0.18 1.87071e-05
0.18 -0.12 2.20269e-05
0.18 -0.06 2.55794e-05
0.18 9.71445e-15 2.92964e-05
0.18 0.06 3.30929e-05
0.18 0.12 3.68671e-05
0.18 0.18 4.05072e-05
0.18 0.24 4.38948e-05
0.18 0.3 4.69118e-05
0.18 0.36 4.94477e-05
0.18 0.42 5.14038e-05
0.18 0.48 5.27026e-05
0.18 0.54 5.32917e-05
0.18 0.6 5.3147e-05
0.18 0.66 5.22736e-05
0.18 0.72 5.07078e-05
0.18 0.78 4.8513e-05
0.18 0.84 4.57752e-05
0.18 0.9 4.25986e-05
0.18 0.96 3.90972e-05
0.18 1.02 3.53903e-05
0.18 1.08 3.15945e-05
0.18 1.14 2.78181e-05
0.18 1.2 2.41567e-05
0.18 1.26 2.06885e-05
0.24 -0.36 6.42895e-06
0.24 -0.3 7.89084e-06
0.24 -0.24 9.5519e-06
0.24 -0.18 1.14038e-05
0.24 -0.12 1.34276e-05
0.24 -0.06 1.55933e-05
0.24 9.71445e-15 1.78593e-05
0.24 0.06 2.01733e-05
0.24 0.12 2.24742e-05
0.24 0.18 2.46932e-05
0.24 0.24 2.67583e-05
0.24 0.3 2.85977e-05
0.24 0.36 3.01433e-05
0.24 0.42 3.13356e-05
0.24 0.48 3.21275e-05
0.24 0.54 3.24867e-05
0.24 0.6 3.23983e-05
0.24 0.66 3.1866e-05
0.24 0.72 3.09117e-05
0.24 0.78 2.95737e-05
0.24 0.84 2.79046e-05
0.24 0.9 2.5968e-05
0.24 0.96 2.38334e-05
0.24 1.02 2.15736e-05
0.24 1.08 1.92599e-05
0.24 1.14 1.69579e-05
0.3 -0.24 5.74284e-06
0.3 -0.18 6.85626e-06
0.3 -0.12 8.07303e-06
0.3 -0.06 9.37507e-06
0.3 9.71445e-15 1.07374e-05
0.3 0.06 1.21287e-05
0.3 0.12 1.35119e-05
0.3 0.18 1.48461e-05
0.3 0.24 1.60875e-05
0.3 0.3 1.71936e-05
0.3 0.36 1.81229e-05
0.3 0.42 1.88397e-05
0.3 0.48 1.93157e-05
0.3 0.54 1.95315e-05
0.3 0.6 1.94785e-05
0.3 0.66 1.91586e-05
0.3 0.72 1.85847e-05
0.3 0.78 1.77802e-05
0.3 0.84 1.6777e-05
0.3 0.9 1.56126e-05
0.3 0.96 1.43292e-05
0.3 1.02 1.29707e-05
0.36 -0.18 4.06544e-06
0.36 -0.12 4.78693e-06
0.36 -0.06 5.55898e-06
0.36 9.71445e-15 6.36683e-06
0.36 0.06 7.19179e-06
0.36 0.12 8.01197e-06
0.36 0.18 8.80311e-06
0.36 0.24 9.53928e-06
0.36 0.3 1.0195e-05
0.36 0.36 1.0746e-05
0.36 0.42 1.11711e-05
0.36 0.48 1.14534e-05
0.36 0.54 1.15814e-05
0.36 0.6 1.15499e-05
0.36 0.66 1.13602e-05
0.36 0.72 1.102e-05
0.36 0.78 1.05429e-05
0.36 0.84 9.94796e-06
0.42 -0.06 3.25094e-06
0.42 9.71445e-15 3.72333e-06
0.42 0.06 4.2058e-06
0.42 0.12 4.68547e-06
0.42 0.18 5.14813e-06
0.42 0.24 5.5786e-06
0.42 0.3 5.96212e-06
0.42 0.36 6.28437e-06
0.42 0.42 6.53295e-06
0.42 0.48 6.698e-06
0.42 0.54 6.77286e-06
0.42 0.6 6.75449e-06
0.42 0.66 6.64352e-06
0.48 0.06 2.42576e-06
0.48 0.12 2.70245e-06
0.48 0.18 2.96925e-06
0.48 0.24 3.21759e-06
0.48 0.3 3.43876e-06
0.48 0.36 3.62464e-06
0.48 0.42 3.76802e-06
