4565 0.06 0.06 1.1312 -12 -12
1.68 1.14 9.63088e-05
1.68 1.2 0.000111543
1.68 1.26 0.000127413
1.68 1.32 0.000143544
1.68 1.38 0.000159497
1.68 1.44 0.00017479
1.68 1.5 0.000188924
1.68 1.56 0.000201399
1.68 1.62 0.000211751
1.68 1.68 0.000219581
1.68 1.74 0.000224581
1.68 1.8 0.000226542
1.68 1.86 0.000225387
1.68 1.92 0.000221164
1.68 1.98 0.000214043
1.74 0.9 7.20408e-05
1.74 0.96 8.81836e-05
1.74 1.02 0.000106462
1.74 1.08 0.000126766
1.74 1.14 0.000148868
1.74 1.2 0.000172427
1.74 1.26 0.000196974
1.74 1.32 0.000221927
1.74 1.38 0.000246612
1.74 1.44 0.000270284
1.74 1.5 0.000292166
1.74 1.56 0.000311481
1.74 1.62 0.000327529
1.74 1.68 0.000339674
1.74 1.74 0.000347439
1.74 1.8 0.000350515
1.74 1.86 0.000348769
1.74 1.92 0.000342273
1.74 1.98 0.000331295
1.74 2.04 0.00031628
1.74 2.1 0.000297806
1.74 2.16 0.000276568
1.74 2.22 0.000253329
1.8 0.72 5.51004e-05
1.8 0.78 7.0307e-05
1.8 0.84 8.84787e-05
1.8 0.9 0.000109819
1.8 0.96 0.000134436
1.8 1.02 0.000162313
1.8 1.08 0.000193282
1.8 1.14 0.000227002
1.8 1.2 0.000262947
1.8 1.26 0.000300405
1.8 1.32 0.000338492
1.8 1.38 0.000376178
1.8 1.44 0.000412325
1.8 1.5 0.000445746
1.8 1.56 0.000475276
1.8 1.62 0.000499806
1.8 1.68 0.000518408
1.8 1.74 0.000530327
1.8 1.8 0.000535084
1.8 1.86 0.000532488
1.8 1.92 0.000522647
1.8 1.98 0.000505961
1.8 2.04 0.000483097
1.8 2.1 0.000454948
1.8 2.16 0.000422581
1.8 2.22 0.000387137
1.8 2.28 0.000349812
1.8 2.34 0.000311765
1.8 2.4 0.000274053
1.86 0.54 3.66962e-05
1.86 0.6 4.88086e-05
1.86 0.66 6.40278e-05
1.86 0.72 8.28406e-05
1.86 0.78 0.00010571
1.86 0.84 0.000133043
1.86 0.9 0.000165145
1.86 0.96 0.000202178
1.86 1.02 0.000244124
1.86 1.08 0.000290725
1.86 1.14 0.000341476
1.86 1.2 0.000395584
1.86 1.26 0.00045198
1.86 1.32 0.000509337
1.86 1.38 0.000566104
1.86 1.44 0.00062057
1.86 1.5 0.000670956
1.86 1.56 0.000715484
1.86 1.62 0.00075252
1.86 1.68 0.000780618
1.86 1.74 0.000798678
1.86 1.8 0.000805968
1.86 1.86 0.000802183
1.86 1.92 0.000787479
1.86 1.98 0.000762458
1.86 2.04 0.000728139
1.86 2.1 0.000685845
1.86 2.16 0.000637159
1.86 2.22 0.000583842
1.86 2.28 0.000527667
1.86 2.34 0.000470372
1.86 2.4 0.000413566
1.86 2.46 0.000358652
1.86 2.52 0.000306781
1.86 2.58 0.000258825
1.92 0.42 2.95041e-05
1.92 0.48 4.03459e-05
1.92 0.54 5.44129e-05
1.92 0.6 7.23789e-05
1.92 0.66 9.49557e-05
1.92 0.72 0.000122865
1.92 0.78 0.000156796
1.92 0.84 0.000197351
1.92 0.9 0.000244989
1.92 0.96 0.00029996
1.92 1.02 0.00036222
1.92 1.08 0.000431414
1.92 1.14 0.000506772
1.92 1.2 0.000587134
1.92 1.26 0.000670916
1.92 1.32 0.000756145
1.92 1.38 0.000840523
1.92 1.44 0.000921512
1.92 1.5 0.000996464
1.92 1.56 0.00106275
1.92 1.62 0.00111792
1.92 1.68 0.00115985
1.92 1.74 0.00118688
1.92 1.8 0.00119791
1.92 1.86 0.00119249
1.92 1.92 0.00117085
1.92 1.98 0.00113388
1.92 2.04 0.00108304
1.92 2.1 0.00102034
1.92 2.16 0.000948128
1.92 2.22 0.000868983
1.92 2.28 0.000785547
1.92 2.34 0.00070043
1.92 2.4 0.000616004
1.92 2.46 0.000534352
1.92 2.52 0.000457192
1.92 2.58 0.00038584
1.92 2.64 0.000321179
1.92 2.7 0.000263702
1.98 0.3 2.19261e-05
1.98 0.36 3.1121e-05
1.98 0.42 4.31516e-05
1.98 0.48 5.90114e-05
1.98 0.54 7.95935e-05
1.98 0.6 0.000105882
1.98 0.66 0.00013892
1.98 0.72 0.000179766
1.98 0.78 0.000229433
1.98 0.84 0.000288805
1.98 0.9 0.000358553
1.98 0.96 0.000439046
1.98 1.02 0.00053024
1.98 1.08 0.000631594
1.98 1.14 0.000742004
1.98 1.2 0.000859784
1.98 1.26 0.000982602
1.98 1.32 0.00110758
1.98 1.38 0.00123134
1.98 1.44 0.00135018
1.98 1.5 0.00146023
1.98 1.56 0.00155761
1.98 1.62 0.00163876
1.98 1.68 0.00170053
1.98 1.74 0.00174047
1.98 1.8 0.00175698
1.98 1.86 0.00174939
1.98 1.92 0.001718
1.98 1.98 0.00166412
1.98 2.04 0.00158988
1.98 2.1 0.00149819
1.98 2.16 0.00139251
1.98 2.22 0.00127659
1.98 2.28 0.00115435
1.98 2.34 0.00102956
1.98 2.4 0.000905727
1.98 2.46 0.000785913
1.98 2.52 0.000672644
1.98 2.58 0.000567843
1.98 2.64 0.000472846
1.98 2.7 0.00038837
1.98 2.76 0.000314641
1.98 2.82 0.000251433
2.04 0.24 2.21653e-05
2.04 0.3 3.19333e-05
2.04 0.36 4.48974e-05
2.04 0.42 6.22586e-05
2.04 0.48 8.51479e-05
2.04 0.54 0.000114856
2.04 0.6 0.000152805
2.04 0.66 0.000200502
2.04 0.72 0.000259481
2.04 0.78 0.000331206
2.04 0.84 0.000416962
2.04 0.9 0.000517723
2.04 0.96 0.000634015
2.04 1.02 0.000765811
2.04 1.08 0.000912305
2.04 1.14 0.00107195
2.04 1.2 0.00124228
2.04 1.26 0.00141994
2.04 1.32 0.00160079
2.04 1.38 0.00177996
2.04 1.44 0.00195208
2.04 1.5 0.00211156
2.04 1.56 0.00225282
2.04 1.62 0.00237061
2.04 1.68 0.00246046
2.04 1.74 0.00251881
2.04 1.8 0.00254327
2.04 1.86 0.00253286
2.04 1.92 0.00248802
2.04 1.98 0.00241057
2.04 2.04 0.00230364
2.04 2.1 0.00217138
2.04 2.16 0.00201878
2.04 2.22 0.00185128
2.04 2.28 0.00167452
2.04 2.34 0.00149397
2.04 2.4 0.00131471
2.04 2.46 0.00114119
2.04 2.52 0.000977072
2.04 2.58 0.000825152
2.04 2.64 0.000687363
2.04 2.7 0.000564795
2.04 2.76 0.000457759
2.04 2.82 0.000365963
2.04 2.88 0.000288598
2.1 0.12 1.48794e-05
2.1 0.18 2.1795e-05
2.1 0.24 3.18761e-05
2.1 0.3 4.5444e-05
2.1 0.36 6.38987e-05
2.1 0.42 8.86152e-05
2.1 0.48 0.000121207
2.1 0.54 0.000163512
2.1 0.6 0.000217559
2.1 0.66 0.0002855
2.1 0.72 0.000369524
2.1 0.78 0.000471723
2.1 0.84 0.000593938
2.1 0.9 0.000737565
2.1 0.96 0.000903366
2.1 1.02 0.00109131
2.1 1.08 0.00130026
2.1 1.14 0.00152804
2.1 1.2 0.00177112
2.1 1.26 0.00202477
2.1 1.32 0.00228306
2.1 1.38 0.00253907
2.1 1.44 0.00278514
2.1 1.5 0.00301328
2.1 1.56 0.00321556
2.1 1.62 0.00338444
2.1 1.68 0.00351355
2.1 1.74 0.00359774
2.1 1.8 0.00363358
2.1 1.86 0.00361966
2.1 1.92 0.00355655
2.1 1.98 0.00344683
2.1 2.04 0.00329489
2.1 2.1 0.00310669
2.1 2.16 0.00288928
2.1 2.22 0.00265045
2.1 2.28 0.00239821
2.1 2.34 0.0021404
2.1 2.4 0.00188428
2.1 2.46 0.00163622
2.1 2.52 0.00140147
2.1 2.58 0.00118406
2.1 2.64 0.000986766
2.1 2.7 0.000811173
2.1 2.76 0.000657748
2.1 2.82 0.000526103
2.1 2.88 0.000415088
2.1 2.94 0.00032305
2.1 3 0.000248007
2.16 0.06 1.40358e-05
2.16 0.12 2.08459e-05
2.16 0.18 3.05347e-05
2.16 0.24 4.47475e-05
2.16 0.3 6.38006e-05
2.16 0.36 8.97189e-05
2.16 0.42 0.000124435
2.16 0.48 0.000170221
2.16 0.54 0.000229659
2.16 0.6 0.000305607
2.16 0.66 0.000401096
2.16 0.72 0.000519211
2.16 0.78 0.0006629
2.16 0.84 0.000834765
2.16 0.9 0.00103678
2.16 0.96 0.00127006
2.16 1.02 0.00153453
2.16 1.08 0.00182867
2.16 1.14 0.00214939
2.16 1.2 0.0024918
2.16 1.26 0.00284922
2.16 1.32 0.00321335
2.16 1.38 0.00357444
2.16 1.44 0.00392172
2.16 1.5 0.00424398
2.16 1.56 0.00452996
2.16 1.62 0.0047691
2.16 1.68 0.00495231
2.16 1.74 0.00507238
2.16 1.8 0.00512439
2.16 1.86 0.00510628
2.16 1.92 0.00501881
2.16 1.98 0.00486554
2.16 2.04 0.00465262
2.16 2.1 0.00438842
2.16 2.16 0.00408276
2.16 2.22 0.0037467
2.16 2.28 0.00339144
2.16 2.34 0.00302809
2.16 2.4 0.00266687
2.16 2.46 0.00231679
2.16 2.52 0.0019853
2.16 2.58 0.0016781
2.16 2.64 0.00139916
2.16 2.7 0.00115075
2.16 2.76 0.000933583
2.16 2.82 0.000747124
2.16 2.88 0.000589795
2.16 2.94 0.000459279
2.16 3 0.000352796
2.16 3.06 0.000267329
2.22 9.71445e-15 1.28788e-05
2.22 0.06 1.93939e-05
2.22 0.12 2.88036e-05
2.22 0.18 4.28651e-05
2.22 0.24 6.19731e-05
2.22 0.3 8.83706e-05
2.22 0.36 0.000124284
2.22 0.42 0.000172396
2.22 0.48 0.000235859
2.22 0.54 0.000318261
2.22 0.6 0.000423566
2.22 0.66 0.000555996
2.22 0.72 0.000719834
2.22 0.78 0.000919193
2.22 0.84 0.00115769
2.22 0.9 0.00143811
2.22 0.96 0.00176201
2.22 1.02 0.00212932
2.22 1.08 0.00253799
2.22 1.14 0.00298372
2.22 1.2 0.00345978
2.22 1.26 0.00395694
2.22 1.32 0.00446368
2.22 1.38 0.00496648
2.22 1.44 0.00545041
2.22 1.5 0.00589989
2.22 1.56 0.00629914
2.22 1.62 0.00663366
2.22 1.68 0.00689047
2.22 1.74 0.00705977
2.22 1.8 0.0071345
2.22 1.86 0.00711169
2.22 1.92 0.00699231
2.22 1.98 0.00678122
2.22 2.04 0.00648693
2.22 2.1 0.006121
2.22 2.16 0.00569697
2.22 2.22 0.00523025
2.22 2.28 0.00473639
2.22 2.34 0.00423084
2.22 2.4 0.00372789
2.22 2.46 0.0032401
2.22 2.52 0.00277788
2.22 2.58 0.00234927
2.22 2.64 0.00195981
2.22 2.7 0.00161275
2.22 2.76 0.00130914
2.22 2.82 0.00104829
2.22 2.88 0.000828032
2.22 2.94 0.000645198
2.22 3 0.000495927
2.22 3.06 0.00037603
2.22 3.12 0.000281261
2.28 -0.12 7.4245e-06
2.28 -0.06 1.14942e-05
2.28 9.71445e-15 1.75504e-05
2.28 0.06 2.64291e-05
2.28 0.12 3.99478e-05
2.28 0.18 5.85648e-05
2.28 0.24 8.46813e-05
2.28 0.3 0.000120766
2.28 0.36 0.000169866
2.28 0.42 0.000235661
2.28 0.48 0.000322455
2.28 0.54 0.000435183
2.28 0.6 0.000579269
2.28 0.66 0.000760502
2.28 0.72 0.000984777
2.28 0.78 0.00125774
2.28 0.84 0.00158439
2.28 0.9 0.00196856
2.28 0.96 0.00241243
2.28 1.02 0.00291596
2.28 1.08 0.0034764
2.28 1.14 0.00408788
2.28 1.2 0.00474128
2.28 1.26 0.00542397
2.28 1.32 0.00612021
2.28 1.38 0.00681151
2.28 1.44 0.00747747
2.28 1.5 0.0080965
2.28 1.56 0.00864707
2.28 1.62 0.0091093
2.28 1.68 0.00946527
2.28 1.74 0.00970104
2.28 1.8 0.00980734
2.28 1.86 0.00977971
2.28 1.92 0.00961931
2.28 1.98 0.00933277
2.28 2.04 0.00893168
2.28 2.1 0.00843141
2.28 2.16 0.00785099
2.28 2.22 0.0072111
2.28 2.28 0.00653346
2.28 2.34 0.00583904
2.28 2.4 0.00514758
2.28 2.46 0.00447643
2.28 2.52 0.00383997
2.28 2.58 0.00324931
2.28 2.64 0.00271225
2.28 2.7 0.00223329
2.28 2.76 0.00181399
2.28 2.82 0.00145346
2.28 2.88 0.00114883
2.28 2.94 0.000895764
2.28 3 0.000688997
2.28 3.06 0.000522793
2.28 3.12 0.00039132
2.28 3.18 0.000288956
2.28 3.24 0.000210485
2.34 -0.18 6.35686e-06
2.34 -0.12 9.97853e-06
2.34 -0.06 1.54485e-05
2.34 9.71445e-15 2.35878e-05
2.34 0.06 3.55207e-05
2.34 0.12 5.38426e-05
2.34 0.18 7.89457e-05
2.34 0.24 0.000114166
2.34 0.3 0.000162839
2.34 0.36 0.000229086
2.34 0.42 0.000317865
2.34 0.48 0.000435014
2.34 0.54 0.000587181
2.34 0.6 0.000781749
2.34 0.66 0.00102654
2.34 0.72 0.00132953
2.34 0.78 0.00169841
2.34 0.84 0.00213996
2.34 0.9 0.00265943
2.34 0.96 0.00325987
2.34 1.02 0.00394123
2.34 1.08 0.00469997
2.34 1.14 0.00552817
2.34 1.2 0.00641356
2.34 1.26 0.00733917
2.34 1.32 0.00828378
2.34 1.38 0.00922243
2.34 1.44 0.0101274
2.34 1.5 0.0109695
2.34 1.56 0.0117197
2.34 1.62 0.0123505
2.34 1.68 0.0128382
2.34 1.74 0.0131633
2.34 1.8 0.0133129
2.34 1.86 0.013281
2.34 1.92 0.0130691
2.34 1.98 0.0126857
2.34 2.04 0.012146
2.34 2.1 0.0114713
2.34 2.16 0.0106871
2.34 2.22 0.0098212
2.34 2.28 0.00890294
2.34 2.34 0.00796118
2.34 2.4 0.00702246
2.34 2.46 0.00611045
2.34 2.52 0.00524481
2.34 2.58 0.00444084
2.34 2.64 0.00370926
2.34 2.7 0.0030562
2.34 2.76 0.00248411
2.34 2.82 0.00199177
2.34 2.88 0.00157543
2.34 2.94 0.00122928
2.34 3 0.00094623
2.34 3.06 0.000718519
2.34 3.12 0.000538243
2.34 3.18 0.000397757
2.34 3.24 0.000289972
2.34 3.3 0.000208547
2.4 -0.24 5.29416e-06
2.4 -0.18 8.42623e-06
2.4 -0.12 1.3227e-05
2.4 -0.06 2.04775e-05
2.4 9.71445e-15 3.12669e-05
2.4 0.06 4.81599e-05
2.4 0.12 7.1605e-05
2.4 0.18 0.000105006
2.4 0.24 0.000151879
2.4 0.3 0.000216668
2.4 0.36 0.000304861
2.4 0.42 0.000423088
2.4 0.48 0.000579127
2.4 0.54 0.000781876
2.4 0.6 0.00104116
2.4 0.66 0.00136746
2.4 0.72 0.00177149
2.4 0.78 0.00226353
2.4 0.84 0.00285274
2.4 0.9 0.00354621
2.4 0.96 0.00434798
2.4 1.02 0.00525831
2.4 1.08 0.00627235
2.4 1.14 0.00737998
2.4 1.2 0.00856466
2.4 1.26 0.00980394
2.4 1.32 0.0110696
2.4 1.38 0.0123283
2.4 1.44 0.013543
2.4 1.5 0.0146748
2.4 1.56 0.0156846
2.4 1.62 0.0165358
2.4 1.68 0.0171959
2.4 1.74 0.0176392
2.4 1.8 0.017848
2.4 1.86 0.0178138
2.4 1.92 0.017538
2.4 1.98 0.017032
2.4 2.04 0.0163161
2.4 2.1 0.0154183
2.4 2.16 0.014372
2.4 2.22 0.0132153
2.4 2.28 0.0119869
2.4 2.34 0.0107253
2.4 2.4 0.00946657
2.4 2.46 0.00824245
2.4 2.52 0.00707953
2.4 2.58 0.00599843
2.4 2.64 0.00501362
2.4 2.7 0.00413394
2.4 2.76 0.00336248
2.4 2.82 0.0026981
2.4 2.88 0.00213574
2.4 2.94 0.00166777
2.4 3 0.00128477
2.4 3.06 0.000976371
2.4 3.12 0.000732
2.4 3.18 0.000541386
2.4 3.24 0.000395017
2.4 3.3 0.000284335
2.4 3.36 0.00020191
2.46 -0.3 4.28873e-06
2.46 -0.24 6.92116e-06
2.46 -0.18 1.10158e-05
2.46 -0.12 1.72919e-05
2.46 -0.06 2.67707e-05
2.46 9.71445e-15 4.08756e-05
2.46 0.06 6.31889e-05
2.46 0.12 9.39663e-05
2.46 0.18 0.000137822
2.46 0.24 0.000199381
2.46 0.3 0.000284488
2.46 0.36 0.000400375
2.46 0.42 0.000555753
2.46 0.48 0.000760896
2.46 0.54 0.0010275
2.46 0.6 0.00136859
2.46 0.66 0.00179798
2.46 0.72 0.00232982
2.46 0.78 0.00297775
2.46 0.84 0.00375389
2.46 0.9 0.00466771
2.46 0.96 0.00572494
2.46 1.02 0.00692567
2.46 1.08 0.00826415
2.46 1.14 0.0097267
2.46 1.2 0.0112921
2.46 1.26 0.0129309
2.46 1.32 0.0146059
2.46 1.38 0.0162732
2.46 1.44 0.0178841
2.46 1.5 0.0193871
2.46 1.56 0.0207304
2.46 1.62 0.0218655
2.46 1.68 0.0227493
2.46 1.74 0.0233474
2.46 1.8 0.0236356
2.46 1.86 0.0236027
2.46 1.92 0.02325
2.46 1.98 0.022592
2.46 2.04 0.0216549
2.46 2.1 0.0204752
2.46 2.16 0.0190978
2.46 2.22 0.0175716
2.46 2.28 0.0159485
2.46 2.34 0.0142795
2.46 2.4 0.0126123
2.46 2.46 0.0109891
2.46 2.52 0.00944529
2.46 2.58 0.00800873
2.46 2.64 0.00669902
2.46 2.7 0.0055277
2.46 2.76 0.00449975
2.46 2.82 0.00361346
2.46 2.88 0.0028626
2.46 2.94 0.00223722
2.46 3 0.00172488
2.46 3.06 0.00131194
2.46 3.12 0.000984423
2.46 3.18 0.000728721
2.46 3.24 0.000532165
2.46 3.3 0.000383397
2.46 3.36 0.000272496
2.46 3.42 0.000191068
2.52 -0.36 3.37938e-06
2.52 -0.3 5.52965e-06
2.52 -0.24 8.92378e-06
2.52 -0.18 1.42033e-05
2.52 -0.12 2.22953e-05
2.52 -0.06 3.45168e-05
2.52 9.71445e-15 5.42538e-05
2.52 0.06 8.18145e-05
2.52 0.12 0.000121688
2.52 0.18 0.00017852
2.52 0.24 0.000258311
2.52 0.3 0.000368653
2.52 0.36 0.000518941
2.52 0.42 0.000720519
2.52 0.48 0.000986714
2.52 0.54 0.00133281
2.52 0.6 0.00177572
2.52 0.66 0.00233351
2.52 0.72 0.00302465
2.52 0.78 0.00386701
2.52 0.84 0.00487655
2.52 0.9 0.00606574
2.52 0.96 0.00744202
2.52 1.02 0.00900633
2.52 1.08 0.0107508
2.52 1.14 0.0126584
2.52 1.2 0.0147017
2.52 1.26 0.0168424
2.52 1.32 0.0190322
2.52 1.38 0.0212142
2.52 1.44 0.0233248
2.52 1.5 0.0252973
2.52 1.56 0.0270636
2.52 1.62 0.0285601
2.52 1.68 0.0297302
2.52 1.74 0.0305285
2.52 1.8 0.030923
2.52 1.86 0.0308978
2.52 1.92 0.0304543
2.52 1.98 0.0296104
2.52 2.04 0.0284002
2.52 2.1 0.0268707
2.52 2.16 0.0250795
2.52 2.22 0.0230911
2.52 2.28 0.020973
2.52 2.34 0.0187917
2.52 2.4 0.0166097
2.52 2.46 0.0144829
2.52 2.52 0.0124578
2.52 2.58 0.0105713
2.52 2.64 0.00884942
2.52 2.7 0.00730817
2.52 2.76 0.00595388
2.52 2.82 0.0047852
2.52 2.88 0.00379413
2.52 2.94 0.00296776
2.52 3 0.00229011
2.52 3.06 0.00174339
2.52 3.12 0.00130932
2.52 3.18 0.000970082
2.52 3.24 0.000709076
2.52 3.3 0.000511308
2.52 3.36 0.000363745
2.52 3.42 0.000255285
2.52 3.48 0.000176753
2.58 -0.36 4.29735e-06
2.58 -0.3 7.03166e-06
2.58 -0.24 1.13476e-05
2.58 -0.18 1.80613e-05
2.58 -0.12 2.83512e-05
2.58 -0.06 4.38926e-05
2.58 9.71445e-15 6.93098e-05
2.58 0.06 0.000104542
2.58 0.12 0.000155526
2.58 0.18 0.000228214
2.58 0.24 0.000330298
2.58 0.3 0.000471514
2.58 0.36 0.00066391
2.58 0.42 0.000922046
2.58 0.48 0.00126307
2.58 0.54 0.00170661
2.58 0.6 0.00227442
2.58 0.66 0.00298983
2.58 0.72 0.00387667
2.58 0.78 0.00495803
2.58 0.84 0.00625466
2.58 0.9 0.00778292
2.58 0.96 0.00955253
2.58 1.02 0.0115651
2.58 1.08 0.0138109
2.58 1.14 0.0162688
2.58 1.2 0.0189033
2.58 1.26 0.0216658
2.58 1.32 0.0244946
2.58 1.38 0.0273167
2.58 1.44 0.0300501
2.58 1.5 0.032608
2.58 1.56 0.0349045
2.58 1.62 0.036855
2.58 1.68 0.0383877
2.58 1.74 0.039442
2.58 1.8 0.0399762
2.58 1.86 0.039969
2.58 1.92 0.039421
2.58 1.98 0.0383545
2.58 2.04 0.0368118
2.58 2.1 0.0348538
2.58 2.16 0.0325539
2.58 2.22 0.029995
2.58 2.28 0.0272641
2.58 2.34 0.0244471
2.58 2.4 0.0216253
2.58 2.46 0.0188712
2.58 2.52 0.0162458
2.58 2.58 0.0137971
2.58 2.64 0.0115594
2.58 2.7 0.00955426
2.58 2.76 0.00779043
2.58 2.82 0.00626678
2.58 2.88 0.00497319
2.58 2.94 0.00389347
2.58 3 0.00300714
2.58 3.06 0.00229132
2.58 3.12 0.00172239
2.58 3.18 0.0012773
2.58 3.24 0.000934482
2.58 3.3 0.000674476
2.58 3.36 0.000480263
2.58 3.42 0.000337368
2.58 3.48 0.000233801
2.64 -0.42 3.24847e-06
2.64 -0.36 5.38952e-06
2.64 -0.3 8.81879e-06
2.64 -0.24 1.42315e-05
2.64 -0.18 2.26515e-05
2.64 -0.12 3.55567e-05
2.64 -0.06 5.71327e-05
2.64 9.71445e-15 8.7389e-05
2.64 0.06 0.000131844
2.64 0.12 0.000196195
2.64 0.18 0.000287966
2.64 0.24 0.00041689
2.64 0.3 0.000595299
2.64 0.36 0.000838459
2.64 0.42 0.00116482
2.64 0.48 0.00159616
2.64 0.54 0.00215739
2.64 0.6 0.00287621
2.64 0.66 0.00378229
2.64 0.72 0.00490604
2.64 0.78 0.00627702
2.64 0.84 0.00792176
2.64 0.9 0.00986152
2.64 0.96 0.0121091
2.64 1.02 0.0146669
2.64 1.08 0.0175233
2.64 1.14 0.0206519
2.64 1.2 0.0240082
2.64 1.26 0.0275309
2.64 1.32 0.0311421
2.64 1.38 0.0347492
2.64 1.44 0.0382482
2.64 1.5 0.0415282
2.64 1.56 0.0444796
2.64 1.62 0.0469943
2.64 1.68 0.0489801
2.64 1.74 0.0503581
2.64 1.8 0.0510743
2.64 1.86 0.0511002
2.64 1.92 0.0504352
2.64 1.98 0.0491062
2.64 2.04 0.0471661
2.64 2.1 0.0446907
2.64 2.16 0.041774
2.64 2.22 0.0385204
2.64 2.28 0.0350411
2.64 2.34 0.0314461
2.64 2.4 0.0278396
2.64 2.46 0.0243144
2.64 2.52 0.0209495
2.64 2.58 0.0178071
2.64 2.64 0.0149322
2.64 2.7 0.0123527
2.64 2.76 0.0100813
2.64 2.82 0.00811688
2.64 2.88 0.00644719
2.64 2.94 0.00505204
2.64 3 0.00390554
2.64 3.06 0.00297861
2.64 3.12 0.0022411
2.64 3.18 0.0016635
2.64 3.24 0.00121815
2.64 3.3 0.000880033
2.64 3.36 0.000627204
2.64 3.42 0.000440992
2.64 3.48 0.000305895
2.64 3.54 0.000209328
2.7 -0.48 2.38855e-06
2.7 -0.42 4.01806e-06
2.7 -0.36 6.66634e-06
2.7 -0.3 1.0908e-05
2.7 -0.24 1.76031e-05
2.7 -0.18 2.80178e-05
2.7 -0.12 4.39804e-05
2.7 -0.06 7.1084e-05
2.7 9.71445e-15 0.000108757
2.7 0.06 0.000164128
2.7 0.12 0.000244308
2.7 0.18 0.000358692
2.7 0.24 0.000519445
2.7 0.3 0.000741982
2.7 0.36 0.00104542
2.7 0.42 0.00145285
2.7 0.48 0.00199157
2.7 0.54 0.00269285
2.7 0.6 0.00359152
2.7 0.66 0.00472487
2.7 0.72 0.00613128
2.7 0.78 0.0078481
2.7 0.84 0.00990902
2.7 0.9 0.0123411
2.7 0.96 0.0151613
2.7 1.02 0.018373
2.7 1.08 0.0219627
2.7 1.14 0.0258977
2.7 1.2 0.0301232
2.7 1.26 0.034563
2.7 1.32 0.0391196
2.7 1.38 0.0436771
2.7 1.44 0.048105
2.7 1.5 0.0522637
2.7 1.56 0.0560148
2.7 1.62 0.0592216
2.7 1.68 0.0617667
2.7 1.74 0.0635494
2.7 1.8 0.0644999
2.7 1.86 0.0645804
2.7 1.92 0.0637882
2.7 1.98 0.0621551
2.7 2.04 0.0597465
2.7 2.1 0.0566559
2.7 2.16 0.0530017
2.7 2.22 0.0489139
2.7 2.28 0.0445331
2.7 2.34 0.0399985
2.7 2.4 0.0354417
2.7 2.46 0.030981
2.7 2.52 0.026717
2.7 2.58 0.0227298
2.7 2.64 0.0190772
2.7 2.7 0.015796
2.7 2.76 0.0129033
2.7 2.82 0.0103984
2.7 2.88 0.00826696
2.7 2.94 0.00648399
2.7 3 0.00501716
2.7 3.06 0.00382994
2.7 3.12 0.0028843
2.7 3.18 0.0021429
2.7 3.24 0.00157065
2.7 3.3 0.00113572
2.7 3.36 0.000810171
2.7 3.42 0.000570154
2.7 3.48 0.000395844
2.7 3.54 0.000271122
2.7 3.6 0.000183194
2.76 -0.48 2.9138e-06
2.76 -0.42 4.90165e-06
2.76 -0.36 8.13229e-06
2.76 -0.3 1.33067e-05
2.76 -0.24 2.14743e-05
2.76 -0.18 3.41792e-05
2.76 -0.12 5.62642e-05
2.76 -0.06 8.73032e-05
2.76 9.71445e-15 0.000133614
2.76 0.06 0.000201701
2.76 0.12 0.000300335
2.76 0.18 0.000441102
2.76 0.24 0.000639013
2.76 0.3 0.000913117
2.76 0.36 0.00128703
2.76 0.42 0.00178933
2.76 0.48 0.00245385
2.76 0.54 0.00331931
2.76 0.6 0.00442899
2.76 0.66 0.00582931
2.76 0.72 0.00756805
2.76 0.78 0.00969192
2.76 0.84 0.0122432
2.76 0.9 0.0152562
2.76 0.96 0.0187527
2.76 1.02 0.0227378
2.76 1.08 0.027196
2.76 1.14 0.0320874
2.76 1.2 0.0373456
2.76 1.26 0.0428766
2.76 1.32 0.0485605
2.76 1.38 0.0542535
2.76 1.44 0.0597938
2.76 1.5 0.0650085
2.76 1.56 0.0697236
2.76 1.62 0.0737687
2.76 1.68 0.076996
2.76 1.74 0.0792786
2.76 1.8 0.0805267
2.76 1.86 0.0806909
2.76 1.92 0.0797649
2.76 1.98 0.077786
2.76 2.04 0.0748334
2.76 2.1 0.0710227
2.76 2.16 0.0664983
2.76 2.22 0.061423
2.76 2.28 0.0559704
2.76 2.34 0.0503156
2.76 2.4 0.0446232
2.76 2.46 0.0390421
2.76 2.52 0.0336992
2.76 2.58 0.028696
2.76 2.64 0.0241069
2.76 2.7 0.019979
2.76 2.76 0.0163352
2.76 2.82 0.0131762
2.76 2.88 0.0104851
2.76 2.94 0.00823134
2.76 3 0.00637508
2.76 3.06 0.00487099
2.76 3.12 0.00367166
2.76 3.18 0.00273034
2.76 3.24 0.00200303
2.76 3.3 0.00144967
2.76 3.36 0.00103504
2.76 3.42 0.000729048
2.76 3.48 0.000506597
2.76 3.54 0.000347276
2.76 3.6 0.000234849
2.76 3.66 0.000156678
2.82 -0.48 3.5057e-06
2.82 -0.42 5.89734e-06
2.82 -0.36 9.78424e-06
2.82 -0.3 1.60098e-05
2.82 -0.24 2.58367e-05
2.82 -0.18 4.11222e-05
2.82 -0.12 6.81977e-05
2.82 -0.06 0.000105854
2.82 9.71445e-15 0.000162063
2.82 0.06 0.000244734
2.82 0.12 0.000364543
2.82 0.18 0.00053561
2.82 0.24 0.000776244
2.82 0.3 0.00110968
2.82 0.36 0.00156474
2.82 0.42 0.00217638
2.82 0.48 0.00298603
2.82 0.54 0.00404113
2.82 0.6 0.00539472
2.82 0.66 0.00710398
2.82 0.72 0.00922779
2.82 0.78 0.0118238
2.82 0.84 0.0149447
2.82 0.9 0.0186333
2.82 0.96 0.0229174
2.82 1.02 0.0278044
2.82 1.08 0.0332769
2.82 1.14 0.0392873
2.82 1.2 0.0457555
2.82 1.26 0.0525679
2.82 1.32 0.0595779
2.82 1.38 0.0666097
2.82 1.44 0.0734655
2.82 1.5 0.0799325
2.82 1.56 0.0857947
2.82 1.62 0.0908433
2.82 1.68 0.0948914
2.82 1.74 0.0977837
2.82 1.8 0.0994048
2.82 1.86 0.0996904
2.82 1.92 0.0986293
2.82 1.98 0.0962644
2.82 2.04 0.0926901
2.82 2.1 0.0880483
2.82 2.16 0.0825113
2.82 2.22 0.0762827
2.82 2.28 0.0695739
2.82 2.34 0.0626009
2.82 2.4 0.0555692
2.82 2.46 0.0486637
2.82 2.52 0.0420429
2.82 2.58 0.0358341
2.82 2.64 0.030131
2.82 2.7 0.0249947
2.82 2.76 0.020455
2.82 2.82 0.0165146
2.82 2.88 0.0131537
2.82 2.94 0.0103357
2.82 3 0.00801218
2.82 3.06 0.00612734
2.82 3.12 0.00462278
2.82 3.18 0.00344067
2.82 3.24 0.00252636
2.82 3.3 0.00183
2.82 3.36 0.00130772
2.82 3.42 0.000921889
2.82 3.48 0.000641128
2.82 3.54 0.000439856
2.82 3.6 0.000297698
2.82 3.66 0.000198766
2.88 -0.48 4.15985e-06
2.88 -0.42 6.99779e-06
2.88 -0.36 1.161e-05
2.88 -0.3 1.89974e-05
2.88 -0.24 3.06579e-05
2.88 -0.18 4.87955e-05
2.88 -0.12 8.16153e-05
2.88 -0.06 0.000126726
2.88 9.71445e-15 0.000194093
2.88 0.06 0.000293224
2.88 0.12 0.000436955
2.88 0.18 0.00064228
2.88 0.24 0.000931248
2.88 0.3 0.00133187
2.88 0.36 0.00187892
2.88 0.42 0.00261474
2.88 0.48 0.0035892
2.88 0.54 0.00486008
2.88 0.6 0.00649154
2.88 0.66 0.00855304
2.88 0.72 0.0111164
2.88 0.78 0.0142524
2.88 0.84 0.0180254
2.88 0.9 0.0224885
2.88 0.96 0.0276765
2.88 1.02 0.0336012
2.88 1.08 0.0402416
2.88 1.14 0.0475432
2.88 1.2 0.0554105
2.88 1.26 0.0637068
2.88 1.32 0.072256
2.88 1.38 0.080846
2.88 1.44 0.0892361
2.88 1.5 0.0971686
2.88 1.56 0.104379
2.88 1.62 0.110612
2.88 1.68 0.115637
2.88 1.74 0.119262
2.88 1.8 0.121343
2.88 1.86 0.121797
2.88 1.92 0.120606
2.88 1.98 0.117819
2.88 2.04 0.113548
2.88 2.1 0.107958
2.88 2.16 0.101261
2.88 2.22 0.0937016
2.88 2.28 0.0855403
2.88 2.34 0.0770384
2.88 2.4 0.068448
2.88 2.46 0.0599973
2.88 2.52 0.0518823
2.88 2.58 0.0442607
2.88 2.64 0.0372508
2.88 2.7 0.0309293
2.88 2.76 0.0253346
2.88 2.82 0.0204728
2.88 2.88 0.0163211
2.88 2.94 0.0128361
2.88 3 0.0099592
2.88 3.06 0.00762298
2.88 3.12 0.0057561
2.88 3.18 0.00428788
2.88 3.24 0.00315107
2.88 3.3 0.00228441
2.88 3.36 0.00163377
2.88 3.42 0.00115267
2.88 3.48 0.00080226
2.88 3.54 0.000550831
2.88 3.6 0.000373091
2.88 3.66 0.000249287
2.88 3.72 0.000164311
2.94 -0.48 4.86824e-06
2.94 -0.42 8.18943e-06
2.94 -0.36 1.3587e-05
2.94 -0.3 2.22324e-05
2.94 -0.24 3.58787e-05
2.94 -0.18 6.1243e-05
2.94 -0.12 9.64467e-05
2.94 -0.06 0.000149819
2.94 9.71445e-15 0.000229559
2.94 0.06 0.00034696
2.94 0.12 0.00051727
2.94 0.18 0.000760702
2.94 0.24 0.0011035
2.94 0.3 0.00157903
2.94 0.36 0.00222883
2.94 0.42 0.00310331
2.94 0.48 0.00426233
2.94 0.54 0.00577475
2.94 0.6 0.00771798
2.94 0.66 0.0101753
2.94 0.72 0.0132333
2.94 0.78 0.0169774
2.94 0.84 0.021486
2.94 0.9 0.0268239
2.94 0.96 0.033036
2.94 1.02 0.040136
2.94 1.08 0.0481039
2.94 1.14 0.056874
2.94 1.2 0.0663356
2.94 1.26 0.0763272
2.94 1.32 0.086639
2.94 1.38 0.0970178
2.94 1.44 0.107175
2.94 1.5 0.116799
2.94 1.56 0.125572
2.94 1.62 0.133186
2.94 1.68 0.139357
2.94 1.74 0.143852
2.94 1.8 0.146491
2.94 1.86 0.147171
2.94 1.92 0.145865
2.94 1.98 0.142624
2.94 2.04 0.137578
2.94 2.1 0.130924
2.94 2.16 0.122917
2.94 2.22 0.113846
2.94 2.28 0.104025
2.94 2.34 0.0937731
2.94 2.4 0.0833937
2.94 2.46 0.0731647
2.94 2.52 0.063326
2.94 2.58 0.0540732
2.94 2.64 0.0455508
2.94 2.7 0.0378543
2.94 2.76 0.0310349
2.94 2.82 0.0251011
2.94 2.88 0.0200282
2.94 2.94 0.0157653
2.94 3 0.0122423
2.94 3.06 0.00937831
2.94 3.12 0.00708754
2.94 3.18 0.005284
2.94 3.24 0.00388618
2.94 3.3 0.00281957
2.94 3.36 0.00201806
2.94 3.42 0.00142488
2.94 3.48 0.000992452
2.94 3.54 0.00068191
2.94 3.6 0.000462199
2.94 3.66 0.000309036
2.94 3.72 0.000203832
2.94 3.78 0.000132622
3 -0.48 5.61896e-06
3 -0.42 9.45234e-06
3 -0.36 1.56823e-05
3 -0.3 2.56606e-05
3 -0.24 4.14111e-05
3 -0.18 7.14436e-05
3 -0.12 0.000112561
3 -0.06 0.000174933
3 9.71445e-15 0.00026817
3 0.06 0.000405518
3 0.12 0.000604885
3 0.18 0.000890023
3 0.24 0.00129181
3 0.3 0.00184953
3 0.36 0.00261215
3 0.42 0.00363924
3 0.48 0.00500146
3 0.54 0.0067806
3 0.6 0.00906807
3 0.66 0.0119631
3 0.72 0.0155691
3 0.78 0.0199881
3 0.84 0.0253147
3 0.9 0.0316275
3 0.96 0.0389805
3 1.02 0.0473952
3 1.08 0.0568474
3 1.14 0.0672666
3 1.2 0.0785212
3 1.26 0.0904227
3 1.32 0.102725
3 1.38 0.115127
3 1.44 0.127289
3 1.5 0.13884
3 1.56 0.149401
3 1.62 0.158599
3 1.68 0.166098
3 1.74 0.17161
3 1.8 0.174919
3 1.86 0.175891
3 1.92 0.174489
3 1.98 0.170769
3 2.04 0.16488
3 2.1 0.157051
3 2.16 0.147581
3 2.22 0.136816
3 2.28 0.125129
3 2.34 0.1129
3 2.4 0.100494
3 2.46 0.0882479
3 2.52 0.0764506
3 2.58 0.0653378
3 2.64 0.0550876
3 2.7 0.0458205
3 2.76 0.0375978
3 2.82 0.0304354
3 2.88 0.0243049
3 2.94 0.0191474
3 3 0.0148807
3 3.06 0.0114088
3 3.12 0.00862868
3 3.18 0.00643781
3 3.24 0.00473843
3 3.3 0.0034404
3 3.36 0.0024642
3 3.42 0.0017411
3 3.48 0.00121354
3 3.54 0.000834378
3 3.6 0.00056591
3 3.66 0.000378626
3 3.72 0.000249887
3 3.78 0.000162682
3.06 -0.48 6.39632e-06
3.06 -0.42 1.076e-05
3.06 -0.36 1.78518e-05
3.06 -0.3 2.92108e-05
3.06 -0.24 4.71401e-05
3.06 -0.18 8.23176e-05
3.06 -0.12 0.00012976
3.06 -0.06 0.000201765
3.06 9.71445e-15 0.000309469
3.06 0.06 0.000468231
3.06 0.12 0.000698828
3.06 0.18 0.00102885
3.06 0.24 0.0014942
3.06 0.3 0.00214064
3.06 0.36 0.00302523
3.06 0.42 0.00421749
3.06 0.48 0.00580009
3.06 0.54 0.00786861
3.06 0.6 0.0105306
3.06 0.66 0.0139028
3.06 0.72 0.0181068
3.06 0.78 0.0232636
3.06 0.84 0.0294854
3.06 0.9 0.0368672
3.06 0.96 0.0454752
3.06 1.02 0.0553358
3.06 1.08 0.0664282
3.06 1.14 0.0786681
3.06 1.2 0.0919074
3.06 1.26 0.105929
3.06 1.32 0.120445
3.06 1.38 0.135108
3.06 1.44 0.149515
3.06 1.5 0.163229
3.06 1.56 0.175803
3.06 1.62 0.186798
3.06 1.68 0.195809
3.06 1.74 0.202491
3.06 1.8 0.206585
3.06 1.86 0.207925
3.06 1.92 0.20646
3.06 1.98 0.202245
3.06 2.04 0.19545
3.06 2.1 0.18634
3.06 2.16 0.175264
3.06 2.22 0.162628
3.06 2.28 0.14887
3.06 2.34 0.134442
3.06 2.4 0.119776
3.06 2.46 0.105272
3.06 2.52 0.0912771
3.06 2.58 0.0780769
3.06 2.64 0.065885
3.06 2.7 0.0548462
3.06 2.76 0.0450417
3.06 2.82 0.0364905
3.06 2.88 0.0291634
3.06 2.94 0.0229928
3.06 3 0.017883
3.06 3.06 0.0137207
3.06 3.12 0.010385
3.06 3.18 0.00775391
3.06 3.24 0.00571098
3.06 3.3 0.00414946
3.06 3.36 0.00297403
3.06 3.42 0.00210269
3.06 3.48 0.0014665
3.06 3.54 0.00100893
3.06 3.6 0.000684712
3.06 3.66 0.000458372
3.06 3.72 0.000302689
3.06 3.78 0.00019717
3.06 3.84 0.000126688
3.12 -0.48 7.18103e-06
3.12 -0.42 1.208e-05
3.12 -0.36 2.00419e-05
3.12 -0.3 3.27946e-05
3.12 -0.24 5.29241e-05
3.12 -0.18 9.36973e-05
3.12 -0.12 0.00014778
3.12 -0.06 0.000229914
3.12 9.71445e-15 0.000352857
3.12 0.06 0.000534198
3.12 0.12 0.000797777
3.12 0.18 0.00117528
3.12 0.24 0.00170799
3.12 0.3 0.00244857
3.12 0.36 0.00346278
3.12 0.42 0.0048309
3.12 0.48 0.00664848
3.12 0.54 0.00902636
3.12 0.6 0.0120892
3.12 0.66 0.0159727
3.12 0.72 0.020819
3.12 0.78 0.0267696
3.12 0.84 0.0339569
3.12 0.9 0.0424929
3.12 0.96 0.0524586
3.12 1.02 0.0638884
3.12 1.08 0.0767607
3.12 1.14 0.0909833
3.12 1.2 0.10639
3.12 1.26 0.122732
3.12 1.32 0.139676
3.12 1.38 0.156819
3.12 1.44 0.173699
3.12 1.5 0.189807
3.12 1.56 0.204615
3.12 1.62 0.217613
3.12 1.68 0.22832
3.12 1.74 0.236332
3.12 1.8 0.241333
3.12 1.86 0.243123
3.12 1.92 0.241629
3.12 1.98 0.236911
3.12 2.04 0.229161
3.12 2.1 0.218677
3.12 2.16 0.205864
3.12 2.22 0.19119
3.12 2.28 0.175171
3.12 2.34 0.15833
3.12 2.4 0.14118
3.12 2.46 0.12419
3.12 2.52 0.10777
3.12 2.58 0.0922594
3.12 2.64 0.077916
3.12 2.7 0.0649133
3.12 2.76 0.0533508
3.12 2.82 0.0432547
3.12 2.88 0.0345956
3.12 2.94 0.0272958
3.12 3 0.0212449
3.12 3.06 0.0163116
3.12 3.12 0.0123542
3.12 3.18 0.0092304
3.12 3.24 0.00680296
3.12 3.3 0.00494594
3.12 3.36 0.00354705
3.12 3.42 0.00250935
3.12 3.48 0.00175113
3.12 3.54 0.00120542
3.12 3.6 0.000818511
3.12 3.66 0.000548239
3.12 3.72 0.000362215
3.12 3.78 0.000236061
3.12 3.84 0.000151751
3.18 -0.48 7.95124e-06
3.18 -0.42 1.33757e-05
3.18 -0.36 2.21915e-05
3.18 -0.3 3.63119e-05
3.18 -0.24 6.58661e-05
3.18 -0.18 0.000105374
3.18 -0.12 0.000166296
3.18 -0.06 0.000258887
3.18 9.71445e-15 0.000397576
3.18 0.06 0.000602292
3.18 0.12 0.000900076
3.18 0.18 0.00132691
3.18 0.24 0.00192972
3.18 0.3 0.00276847
3.18 0.36 0.00391809
3.18 0.42 0.00547023
3.18 0.48 0.00753422
3.18 0.54 0.0102369
3.18 0.6 0.0137215
3.18 0.66 0.0181441
3.18 0.72 0.0236688
3.18 0.78 0.0304598
3.18 0.84 0.038671
3.18 0.9 0.0484339
3.18 0.96 0.0598449
3.18 1.02 0.0729489
3.18 1.08 0.0877246
3.18 1.14 0.104073
3.18 1.2 0.121807
3.18 1.26 0.140644
3.18 1.32 0.160209
3.18 1.38 0.180038
3.18 1.44 0.199598
3.18 1.5 0.218311
3.18 1.56 0.235561
3.18 1.62 0.250755
3.18 1.68 0.263334
3.18 1.74 0.272826
3.18 1.8 0.278854
3.18 1.86 0.281178
3.18 1.92 0.279702
3.18 1.98 0.274486
3.18 2.04 0.26574
3.18 2.1 0.253808
3.18 2.16 0.239141
3.18 2.22 0.222287
3.18 2.28 0.203833
3.18 2.34 0.184391
3.18 2.4 0.164552
3.18 2.46 0.144865
3.18 2.52 0.125813
3.18 2.58 0.10779
3.18 2.64 0.0910995
3.18 2.7 0.0759547
3.18 2.76 0.0624702
3.18 2.82 0.0506849
3.18 2.88 0.0405666
3.18 2.94 0.0320286
3.18 3 0.0249451
3.18 3.06 0.019165
3.18 3.12 0.0145246
3.18 3.18 0.0108585
3.18 3.24 0.00800774
3.18 3.3 0.00582513
3.18 3.36 0.00417999
3.18 3.42 0.00295872
3.18 3.48 0.00206581
3.18 3.54 0.00142276
3.18 3.6 0.000966564
3.18 3.66 0.000647712
3.18 3.72 0.000428139
3.18 3.78 0.000279144
3.18 3.84 0.000179527
3.18 3.9 0.000113885
3.24 -0.48 8.68311e-06
3.24 -0.42 1.46069e-05
3.24 -0.36 2.42341e-05
3.24 -0.3 3.9654e-05
3.24 -0.24 7.31531e-05
3.24 -0.18 0.000117108
3.24 -0.12 0.000184936
3.24 -0.06 0.000288101
3.24 9.71445e-15 0.000442747
3.24 0.06 0.000671199
3.24 0.12 0.00100378
3.24 0.18 0.0014809
3.24 0.24 0.00215531
3.24 0.3 0.00309452
3.24 0.36 0.004383
3.24 0.42 0.00612423
3.24 0.48 0.00844192
3.24 0.54 0.0114797
3.24 0.6 0.0154003
3.24 0.66 0.0203815
3.24 0.72 0.0266105
3.24 0.78 0.0342754
3.24 0.84 0.0435539
3.24 0.9 0.0545986
3.24 0.96 0.0675227
3.24 1.02 0.0823825
3.24 1.08 0.0991591
3.24 1.14 0.117747
3.24 1.2 0.137938
3.24 1.26 0.159416
3.24 1.32 0.181759
3.24 1.38 0.204446
3.24 1.44 0.226867
3.24 1.5 0.248363
3.24 1.56 0.268233
3.24 1.62 0.285795
3.24 1.68 0.300405
3.24 1.74 0.311513
3.24 1.8 0.31868
3.24 1.86 0.32162
3.24 1.92 0.320213
3.24 1.98 0.314514
3.24 2.04 0.304751
3.24 2.1 0.291314
3.24 2.16 0.274707
3.24 2.22 0.255556
3.24 2.28 0.23453
3.24 2.34 0.212326
3.24 2.4 0.189628
3.24 2.46 0.167069
3.24 2.52 0.145203
3.24 2.58 0.124494
3.24 2.64 0.105292
3.24 2.7 0.0878488
3.24 2.76 0.0723014
3.24 2.82 0.0587006
3.24 2.88 0.0470124
3.24 2.94 0.037141
3.24 3 0.0289444
3.24 3.06 0.0222508
3.24 3.12 0.016873
3.24 3.18 0.0126211
3.24 3.24 0.00931266
3.24 3.3 0.00677794
3.24 3.36 0.0048662
3.24 3.42 0.00344612
3.24 3.48 0.00240726
3.24 3.54 0.00165869
3.24 3.6 0.00112734
3.24 3.66 0.000755775
3.24 3.72 0.000499776
3.24 3.78 0.000325982
3.24 3.84 0.000209731
3.24 3.9 0.000133093
3.3 -0.48 9.352e-06
3.3 -0.42 1.57321e-05
3.3 -0.36 2.6101e-05
3.3 -0.3 4.27087e-05
3.3 -0.24 8.02971e-05
3.3 -0.18 0.000128634
3.3 -0.12 0.000203284
3.3 -0.06 0.000316915
3.3 9.71445e-15 0.000487392
3.3 0.06 0.000739447
3.3 0.12 0.00110671
3.3 0.18 0.00163405
3.3 0.24 0.00238012
3.3 0.3 0.00342009
3.3 0.36 0.00484816
3.3 0.42 0.00677995
3.3 0.48 0.00935376
3.3 0.54 0.0127308
3.3 0.6 0.0170935
3.3 0.66 0.0226425
3.3 0.72 0.029589
3.3 0.78 0.0381461
3.3 0.84 0.0485165
3.3 0.9 0.0608755
3.3 0.96 0.0753542
3.3 1.02 0.0920222
3.3 1.08 0.110864
3.3 1.14 0.131768
3.3 1.2 0.154505
3.3 1.26 0.178727
3.3 1.32 0.203965
3.3 1.38 0.229633
3.3 1.44 0.25505
3.3 1.5 0.279469
3.3 1.56 0.302099
3.3 1.62 0.322166
3.3 1.68 0.338935
3.3 1.74 0.351774
3.3 1.8 0.360178
3.3 1.86 0.363811
3.3 1.92 0.362525
3.3 1.98 0.356369
3.3 2.04 0.345587
3.3 2.1 0.330616
3.3 2.16 0.312013
3.3 2.22 0.290487
3.3 2.28 0.266788
3.3 2.34 0.24171
3.3 2.4 0.216027
3.3 2.46 0.190462
3.3 2.52 0.16565
3.3 2.58 0.14212
3.3 2.64 0.120279
3.3 2.7 0.100417
3.3 2.76 0.082697
3.3 2.82 0.0671816
3.3 2.88 0.0538364
3.3 2.94 0.0425565
3.3 3 0.0331833
3.3 3.06 0.025523
3.3 3.12 0.0193645
3.3 3.18 0.0144921
3.3 3.24 0.0106984
3.3 3.3 0.00779023
3.3 3.36 0.00559552
3.3 3.42 0.00396436
3.3 3.48 0.00277045
3.3 3.54 0.00190973
3.3 3.6 0.00129848
3.3 3.66 0.000870838
3.3 3.72 0.000576076
3.3 3.78 0.000375883
3.3 3.84 0.000241918
3.3 3.9 0.00015357
3.36 -0.42 1.6711e-05
3.36 -0.36 2.77252e-05
3.36 -0.3 4.53665e-05
3.36 -0.24 8.71235e-05
3.36 -0.18 0.000139674
3.36 -0.12 0.000220901
3.36 -0.06 0.000344647
3.36 9.71445e-15 0.000530464
3.36 0.06 0.000805448
3.36 0.12 0.00120649
3.36 0.18 0.00178285
3.36 0.24 0.00259907
3.36 0.3 0.00373789
3.36 0.36 0.00530324
3.36 0.42 0.00742297
3.36 0.48 0.0102499
3.36 0.54 0.013963
3.36 0.6 0.0187651
3.36 0.66 0.0248791
3.36 0.72 0.0325415
3.36 0.78 0.0419911
3.36 0.84 0.053456
3.36 0.9 0.0671351
3.36 0.96 0.083179
3.36 1.02 0.101672
3.36 1.08 0.122603
3.36 1.14 0.145854
3.36 1.2 0.171178
3.36 1.26 0.198195
3.36 1.32 0.226386
3.36 1.38 0.255105
3.36 1.44 0.283592
3.36 1.5 0.311019
3.36 1.56 0.336498
3.36 1.62 0.35916
3.36 1.68 0.378175
3.36 1.74 0.39283
3.36 1.8 0.402548
3.36 1.86 0.40694
3.36 1.92 0.405825
3.36 1.98 0.399246
3.36 2.04 0.38747
3.36 2.1 0.370961
3.36 2.16 0.35035
3.36 2.22 0.326411
3.36 2.28 0.299995
3.36 2.34 0.271984
3.36 2.4 0.243248
3.36 2.46 0.214602
3.36 2.52 0.186764
3.36 2.58 0.160335
3.36 2.64 0.135776
3.36 2.7 0.113422
3.36 2.76 0.0934606
3.36 2.82 0.0759673
3.36 2.88 0.0609098
3.36 2.94 0.0481729
3.36 3 0.0375815
3.36 3.06 0.02892
3.36 3.12 0.0219522
3.36 3.18 0.0164362
3.36 3.24 0.0121389
3.36 3.3 0.00884287
3.36 3.36 0.0063542
3.36 3.42 0.00450366
3.36 3.48 0.00314853
3.36 3.54 0.00217115
3.36 3.6 0.00147675
3.36 3.66 0.000990728
3.36 3.72 0.000655598
3.36 3.78 0.000427907
3.36 3.84 0.000275483
3.36 3.9 0.000174928
3.36 3.96 0.000109561
3.42 -0.42 1.75069e-05
3.42 -0.36 2.90456e-05
3.42 -0.3 4.7527e-05
3.42 -0.24 9.34557e-05
3.42 -0.18 0.000149946
3.42 -0.12 0.000237338
3.42 -0.06 0.000370597
3.42 9.71445e-15 0.000570882
3.42 0.06 0.000867556
3.42 0.12 0.00130064
3.42 0.18 0.00192367
3.42 0.24 0.00280681
3.42 0.3 0.00404021
3.42 0.36 0.00573739
3.42 0.42 0.00803787
3.42 0.48 0.0111091
3.42 0.54 0.0151472
3.42 0.6 0.0203754
3.42 0.66 0.0270391
3.42 0.72 0.0353994
3.42 0.78 0.0457212
3.42 0.84 0.0582579
3.42 0.9 0.0732324
3.42 0.96 0.0908179
3.42 1.02 0.11111
3.42 1.08 0.134107
3.42 1.14 0.159682
3.42 1.2 0.187576
3.42 1.26 0.217375
3.42 1.32 0.248513
3.42 1.38 0.280281
3.42 1.44 0.311851
3.42 1.5 0.342301
3.42 1.56 0.37065
3.42 1.62 0.39594
3.42 1.68 0.417244
3.42 1.74 0.433756
3.42 1.8 0.444835
3.42 1.86 0.450033
3.42 1.92 0.449138
3.42 1.98 0.442184
3.42 2.04 0.429453
3.42 2.1 0.411441
3.42 2.16 0.388852
3.42 2.22 0.362521
3.42 2.28 0.333401
3.42 2.34 0.302464
3.42 2.4 0.270676
3.42 2.46 0.238944
3.42 2.52 0.208071
3.42 2.58 0.178726
3.42 2.64 0.151435
3.42 2.7 0.12657
3.42 2.76 0.104349
3.42 2.82 0.0848592
3.42 2.88 0.0680722
3.42 2.94 0.053863
3.42 3 0.0420396
3.42 3.06 0.032365
3.42 3.12 0.0245773
3.42 3.18 0.0184093
3.42 3.24 0.0136014
3.42 3.3 0.00991211
3.42 3.36 0.00712502
3.42 3.42 0.0050518
3.42 3.48 0.00353294
3.42 3.54 0.00243701
3.42 3.6 0.00165809
3.42 3.66 0.00111273
3.42 3.72 0.000736539
3.42 3.78 0.000480872
3.42 3.84 0.000309662
3.42 3.9 0.000196684
3.42 3.96 0.000123216
3.48 -0.42 1.80886e-05
3.48 -0.36 3.00107e-05
3.48 -0.3 4.91063e-05
3.48 -0.24 9.91231e-05
3.48 -0.18 0.000159173
3.48 -0.12 0.000252157
3.48 -0.06 0.000394078
3.48 9.71445e-15 0.00060758
3.48 0.06 0.000924141
3.48 0.12 0.00138671
3.48 0.18 0.0020528
3.48 0.24 0.00299792
3.48 0.3 0.00431927
3.48 0.36 0.00613933
3.48 0.42 0.00860873
3.48 0.48 0.0119092
3.48 0.54 0.0162531
3.48 0.6 0.021883
3.48 0.66 0.0290668
3.48 0.72 0.0380892
3.48 0.78 0.0492403
3.48 0.84 0.0627987
3.48 0.9 0.0790129
3.48 0.96 0.0980757
3.48 1.02 0.120095
3.48 1.08 0.145081
3.48 1.14 0.172903
3.48 1.2 0.203282
3.48 1.26 0.235777
3.48 1.32 0.26978
3.48 1.38 0.304522
3.48 1.44 0.339105
3.48 1.5 0.372513
3.48 1.56 0.403691
3.48 1.62 0.431566
3.48 1.68 0.455139
3.48 1.74 0.473508
3.48 1.8 0.485957
3.48 1.86 0.491988
3.48 1.92 0.491355
3.48 1.98 0.484079
3.48 2.04 0.470455
3.48 2.1 0.451014
3.48 2.16 0.426525
3.48 2.22 0.397894
3.48 2.28 0.366145
3.48 2.34 0.332362
3.48 2.4 0.297602
3.48 2.46 0.262858
3.48 2.52 0.229015
3.48 2.58 0.196819
3.48 2.64 0.16685
3.48 2.7 0.139519
3.48 2.76 0.11508
3.48 2.82 0.0936286
3.48 2.88 0.0751384
3.48 2.94 0.0594788
3.48 3 0.0464416
3.48 3.06 0.035768
3.48 3.12 0.0271718
3.48 3.18 0.0203601
3.48 3.24 0.0150478
3.48 3.3 0.01097
3.48 3.36 0.00788795
3.48 3.42 0.00559439
3.48 3.48 0.00391359
3.48 3.54 0.00270036
3.48 3.6 0.00183777
3.48 3.66 0.00123364
3.48 3.72 0.000816787
3.48 3.78 0.000533393
3.48 3.84 0.000343562
3.48 3.9 0.000218265
3.48 3.96 0.000136766
3.54 -0.42 1.84326e-05
3.54 -0.36 3.05814e-05
3.54 -0.3 5.00399e-05
3.54 -0.24 0.000103968
3.54 -0.18 0.000167099
3.54 -0.12 0.000264946
3.54 -0.06 0.000414435
3.54 9.71445e-15 0.000639541
3.54 0.06 0.000973633
3.54 0.12 0.0014623
3.54 0.18 0.00216669
3.54 0.24 0.00316717
3.54 0.3 0.00456734
3.54 0.36 0.00649784
3.54 0.42 0.00912001
3.54 0.48 0.0126279
3.54 0.54 0.01725
3.54 0.6 0.0232467
3.54 0.66 0.0309061
3.54 0.72 0.040536
3.54 0.78 0.0524508
3.54 0.84 0.0669539
3.54 0.9 0.0843159
3.54 0.96 0.104747
3.54 1.02 0.12838
3.54 1.08 0.15522
3.54 1.14 0.185143
3.54 1.2 0.217855
3.54 1.26 0.252888
3.54 1.32 0.289593
3.54 1.38 0.327148
3.54 1.44 0.364577
3.54 1.5 0.400804
3.54 1.56 0.434675
3.54 1.62 0.465033
3.54 1.68 0.490776
3.54 1.74 0.510944
3.54 1.8 0.524737
3.54 1.86 0.531603
3.54 1.92 0.531265
3.54 1.98 0.523729
3.54 2.04 0.509298
3.54 2.1 0.488552
3.54 2.16 0.462283
3.54 2.22 0.431497
3.54 2.28 0.39729
3.54 2.34 0.360823
3.54 2.4 0.32325
3.54 2.46 0.285653
3.54 2.52 0.248995
3.54 2.58 0.214089
3.54 2.64 0.18157
3.54 2.7 0.151896
3.54 2.76 0.125338
3.54 2.82 0.102017
3.54 2.88 0.081903
3.54 2.94 0.064858
3.54 3 0.0506599
3.54 3.06 0.03903
3.54 3.12 0.0296596
3.54 3.18 0.0222313
3.54 3.24 0.016436
3.54 3.3 0.0119854
3.54 3.36 0.00862068
3.54 3.42 0.00611577
3.54 3.48 0.0042794
3.54 3.54 0.00295351
3.54 3.6 0.00201056
3.54 3.66 0.00134994
3.54 3.72 0.000893974
3.54 3.78 0.000583926
3.54 3.84 0.000376188
3.54 3.9 0.000239038
3.54 3.96 0.000149811
3.54 4.02 9.26049e-05
3.6 -0.42 1.85252e-05
3.6 -0.36 3.07351e-05
3.6 -0.3 5.02915e-05
3.6 -0.24 0.00010785
3.6 -0.18 0.000173494
3.6 -0.12 0.000275336
3.6 -0.06 0.00043108
3.6 9.71445e-15 0.000665834
3.6 0.06 0.0010146
3.6 0.12 0.00152524
3.6 0.18 0.00226203
3.6 0.24 0.00330958
3.6 0.3 0.00477706
3.6 0.36 0.00680254
3.6 0.42 0.00955634
3.6 0.48 0.0132443
3.6 0.54 0.0181083
3.6 0.6 0.0244253
3.6 0.66 0.0325022
3.6 0.72 0.0426673
3.6 0.78 0.055257
3.6 0.84 0.0705969
3.6 0.9 0.0889791
3.6 0.96 0.110637
3.6 1.02 0.135707
3.6 1.08 0.164217
3.6 1.14 0.196032
3.6 1.2 0.230849
3.6 1.26 0.268179
3.6 1.32 0.307337
3.6 1.38 0.347451
3.6 1.44 0.387491
3.6 1.5 0.426297
3.6 1.56 0.462642
3.6 1.62 0.495289
3.6 1.68 0.523063
3.6 1.74 0.544905
3.6 1.8 0.559964
3.6 1.86 0.567639
3.6 1.92 0.567614
3.6 1.98 0.559884
3.6 2.04 0.544767
3.6 2.1 0.522853
3.6 2.16 0.49501
3.6 2.22 0.462274
3.6 2.28 0.425831
3.6 2.34 0.386932
3.6 2.4 0.346801
3.6 2.46 0.306601
3.6 2.52 0.267371
3.6 2.58 0.229985
3.6 2.64 0.19513
3.6 2.7 0.163301
3.6 2.76 0.134802
3.6 2.82 0.109758
3.6 2.88 0.0881469
3.6 2.94 0.0698255
3.6 3 0.0545575
3.6 3.06 0.0420461
3.6 3.12 0.0319614
3.6 3.18 0.0239633
3.6 3.24 0.0177212
3.6 3.3 0.0129261
3.6 3.36 0.00929947
3.6 3.42 0.00659891
3.6 3.48 0.00461858
3.6 3.54 0.00318831
3.6 3.6 0.00217083
3.6 3.66 0.00145784
3.6 3.72 0.000965636
3.6 3.78 0.000630845
3.6 3.84 0.00040649
3.6 3.9 0.000258337
3.6 3.96 0.000161932
3.6 4.02 0.000100112
3.66 -0.36 3.04644e-05
3.66 -0.3 4.98488e-05
3.66 -0.24 0.000110655
3.66 -0.18 0.000178167
3.66 -0.12 0.000283017
3.66 -0.06 0.000443508
3.66 9.71445e-15 0.000685671
3.66 0.06 0.00104579
3.66 0.12 0.00157357
3.66 0.18 0.00233585
3.66 0.24 0.00342074
3.66 0.3 0.00494206
3.66 0.36 0.00704374
3.66 0.42 0.00990425
3.66 0.48 0.0137385
3.66 0.54 0.0188009
3.66 0.6 0.0253817
3.66 0.66 0.0338041
3.66 0.72 0.0444143
3.66 0.78 0.0575678
3.66 0.84 0.0736104
3.66 0.9 0.0928534
3.66 0.96 0.115545
3.66 1.02 0.141843
3.66 1.08 0.171773
3.66 1.14 0.205204
3.66 1.2 0.241832
3.66 1.26 0.281144
3.66 1.32 0.322424
3.66 1.38 0.36476
3.66 1.44 0.407069
3.66 1.5 0.448135
3.66 1.56 0.486652
3.66 1.62 0.521326
3.66 1.68 0.550886
3.66 1.74 0.574228
3.66 1.8 0.590441
3.66 1.86 0.598868
3.66 1.92 0.599166
3.66 1.98 0.591318
3.66 2.04 0.575642
3.66 2.1 0.552763
3.66 2.16 0.523568
3.66 2.22 0.489171
3.66 2.28 0.450816
3.66 2.34 0.409808
3.66 2.4 0.367455
3.66 2.46 0.32499
3.66 2.52 0.283514
3.66 2.58 0.24396
3.66 2.64 0.207062
3.66 2.7 0.173347
3.66 2.76 0.14314
3.66 2.82 0.116584
3.66 2.88 0.093659
3.66 2.94 0.074214
3.66 3 0.0580025
3.66 3.06 0.0447126
3.66 3.12 0.0339969
3.66 3.18 0.0254961
3.66 3.24 0.0188592
3.66 3.3 0.0137593
3.66 3.36 0.00990112
3.66 3.42 0.00702735
3.66 3.48 0.00491941
3.66 3.54 0.00339663
3.66 3.6 0.00231312
3.66 3.66 0.00155367
3.66 3.72 0.00102927
3.66 3.78 0.000672534
3.66 3.84 0.000433416
3.66 3.9 0.00027549
3.66 3.96 0.000172709
3.66 4.02 0.00010679
3.72 -0.36 2.97812e-05
3.72 -0.3 4.87306e-05
3.72 -0.24 0.000112296
3.72 -0.18 0.000180979
3.72 -0.12 0.000287744
3.72 -0.06 0.000451338
3.72 9.71445e-15 0.000698416
3.72 0.06 0.0010662
3.72 0.12 0.00160574
3.72 0.18 0.00238576
3.72 0.24 0.00349696
3.72 0.3 0.00505671
3.72 0.36 0.0072136
3.72 0.42 0.0101518
3.72 0.48 0.0140943
3.72 0.54 0.0193041
3.72 0.6 0.0260828
3.72 0.66 0.0347665
3.72 0.72 0.0457161
3.72 0.78 0.0593028
3.72 0.84 0.0758886
3.72 0.9 0.0958014
3.72 0.96 0.119304
3.72 1.02 0.146566
3.72 1.08 0.177618
3.72 1.14 0.212342
3.72 1.2 0.250418
3.72 1.26 0.291321
3.72 1.32 0.334314
3.72 1.38 0.378454
3.72 1.44 0.422614
3.72 1.5 0.465528
3.72 1.56 0.505845
3.72 1.62 0.542187
3.72 1.68 0.573253
3.72 1.74 0.597872
3.72 1.8 0.615072
3.72 1.86 0.624165
3.72 1.92 0.624776
3.72 1.98 0.616884
3.72 2.04 0.600803
3.72 2.1 0.577178
3.72 2.16 0.546927
3.72 2.22 0.51121
3.72 2.28 0.471309
3.72 2.34 0.428598
3.72 2.4 0.384445
3.72 2.46 0.340139
3.72 2.52 0.296833
3.72 2.58 0.255503
3.72 2.64 0.216927
3.72 2.7 0.18166
3.72 2.76 0.150049
3.72 2.82 0.122246
3.72 2.88 0.0982337
3.72 2.94 0.0778588
3.72 3 0.0608664
3.72 3.06 0.0469318
3.72 3.12 0.0356921
3.72 3.18 0.026773
3.72 3.24 0.0198081
3.72 3.3 0.0144543
3.72 3.36 0.0104033
3.72 3.42 0.0073851
3.72 3.48 0.00517074
3.72 3.54 0.00357076
3.72 3.6 0.00243211
3.72 3.66 0.00163386
3.72 3.72 0.00108255
3.72 3.78 0.000707442
3.72 3.84 0.000455979
3.72 3.9 0.000289869
3.72 3.96 0.000181746
3.72 4.02 0.000112391
3.78 -0.36 2.87133e-05
3.78 -0.3 4.69832e-05
3.78 -0.24 0.000112722
3.78 -0.18 0.000181834
3.78 -0.12 0.000289364
3.78 -0.06 0.000454298
3.78 9.71445e-15 0.000703629
3.78 0.06 0.00107512
3.78 0.12 0.00162062
3.78 0.18 0.00240999
3.78 0.24 0.00353557
3.78 0.3 0.00511693
3.78 0.36 0.00730577
3.78 0.42 0.01029
3.78 0.48 0.0142982
3.78 0.54 0.0195991
3.78 0.6 0.0265026
3.78 0.66 0.035354
3.78 0.72 0.0465245
3.78 0.78 0.0603969
3.78 0.84 0.0773458
3.78 0.9 0.0977111
3.78 0.96 0.12177
3.78 1.02 0.149696
3.78 1.08 0.181536
3.78 1.14 0.217168
3.78 1.2 0.256271
3.78 1.26 0.298316
3.78 1.32 0.342549
3.78 1.38 0.388003
3.78 1.44 0.433524
3.78 1.5 0.477809
3.78 1.56 0.519467
3.78 1.62 0.557077
3.78 1.68 0.589297
3.78 1.74 0.614902
3.78 1.8 0.632888
3.78 1.86 0.642537
3.78 1.92 0.643451
3.78 1.98 0.635587
3.78 2.04 0.619272
3.78 2.1 0.595156
3.78 2.16 0.56418
3.78 2.22 0.527526
3.78 2.28 0.486519
3.78 2.34 0.44258
3.78 2.4 0.397115
3.78 2.46 0.35146
3.78 2.52 0.306806
3.78 2.58 0.264166
3.78 2.64 0.224344
3.78 2.7 0.187922
3.78 2.76 0.155261
3.78 2.82 0.126523
3.78 2.88 0.101694
3.78 2.94 0.0806195
3.78 3 0.0630383
3.78 3.06 0.0486168
3.78 3.12 0.0369812
3.78 3.18 0.0277451
3.78 3.24 0.0205311
3.78 3.3 0.0149846
3.78 3.36 0.0107867
3.78 3.42 0.00765851
3.78 3.48 0.00536299
3.78 3.54 0.00370406
3.78 3.6 0.00252323
3.78 3.66 0.00169531
3.78 3.72 0.00112342
3.78 3.78 0.000734235
3.78 3.84 0.000473306
3.78 3.9 0.000300915
3.78 3.96 0.000188692
3.78 4.02 0.000116698
3.84 -0.3 4.46759e-05
3.84 -0.24 0.000111916
3.84 -0.18 0.000180697
3.84 -0.12 0.000287814
3.84 -0.06 0.000452265
3.84 9.71445e-15 0.000701098
3.84 0.06 0.00107218
3.84 0.12 0.00161759
3.84 0.18 0.00240753
3.84 0.24 0.00353492
3.84 0.3 0.00512021
3.84 0.36 0.00731638
3.84 0.42 0.0103132
3.84 0.48 0.0143416
3.84 0.54 0.0196737
3.84 0.6 0.0266233
3.84 0.66 0.0355413
3.84 0.72 0.0468048
3.84 0.78 0.0608036
3.84 0.84 0.0779201
3.84 0.9 0.0985028
3.84 0.96 0.122836
3.84 1.02 0.151103
3.84 1.08 0.183357
3.84 1.14 0.219477
3.84 1.2 0.259148
3.84 1.26 0.301835
3.84 1.32 0.346781
3.84 1.38 0.393007
3.84 1.44 0.439341
3.84 1.5 0.484463
3.84 1.56 0.526955
3.84 1.62 0.565373
3.84 1.68 0.598343
3.84 1.74 0.624613
3.84 1.8 0.643154
3.84 1.86 0.653224
3.84 1.92 0.654411
3.84 1.98 0.646659
3.84 2.04 0.630287
3.84 2.1 0.605955
3.84 2.16 0.57461
3.84 2.22 0.537451
3.84 2.28 0.495829
3.84 2.34 0.451184
3.84 2.4 0.404953
3.84 2.46 0.358493
3.84 2.52 0.31303
3.84 2.58 0.269595
3.84 2.64 0.229009
3.84 2.7 0.191875
3.84 2.76 0.158563
3.84 2.82 0.129241
3.84 2.88 0.1039
3.84 2.94 0.0823847
3.84 3 0.0644307
3.84 3.06 0.0496998
3.84 3.12 0.0378117
3.84 3.18 0.0283727
3.84 3.24 0.020999
3.84 3.3 0.0153283
3.84 3.36 0.0110358
3.84 3.42 0.00783647
3.84 3.48 0.00548834
3.84 3.54 0.00379113
3.84 3.6 0.00258286
3.84 3.66 0.00173556
3.84 3.72 0.00115023
3.84 3.78 0.000751833
3.84 3.84 0.0004847
3.84 3.9 0.000308189
3.84 3.96 0.000193271
3.84 4.02 0.000119541
3.84 4.08 7.29233e-05
3.9 -0.3 4.18978e-05
3.9 -0.24 0.000109899
3.9 -0.18 0.000177595
3.9 -0.12 0.00028312
3.9 -0.06 0.00044527
3.9 9.71445e-15 0.000690841
3.9 0.06 0.00105738
3.9 0.12 0.00159657
3.9 0.18 0.00237817
3.9 0.24 0.00349459
3.9 0.3 0.00506574
3.9 0.36 0.00724407
3.9 0.42 0.010219
3.9 0.48 0.014221
3.9 0.54 0.0195223
3.9 0.6 0.026437
3.9 0.66 0.0353165
3.9 0.72 0.0465397
3.9 0.78 0.0604986
3.9 0.84 0.0775788
3.9 0.9 0.0981318
3.9 0.96 0.122446
3.9 1.02 0.150711
3.9 1.08 0.182984
3.9 1.14 0.219152
3.9 1.2 0.258902
3.9 1.26 0.301704
3.9 1.32 0.346802
3.9 1.38 0.39322
3.9 1.44 0.439784
3.9 1.5 0.48517
3.9 1.56 0.527952
3.9 1.62 0.566682
3.9 1.68 0.59997
3.9 1.74 0.626555
3.9 1.8 0.645396
3.9 1.86 0.655739
3.9 1.92 0.657159
3.9 1.98 0.649591
3.9 2.04 0.633349
3.9 2.1 0.609089
3.9 2.16 0.577752
3.9 2.22 0.540546
3.9 2.28 0.498822
3.9 2.34 0.454028
3.9 2.4 0.407608
3.9 2.46 0.360932
3.9 2.52 0.315233
3.9 2.58 0.271552
3.9 2.64 0.23072
3.9 2.7 0.193349
3.9 2.76 0.159812
3.9 2.82 0.130284
3.9 2.88 0.104757
3.9 2.94 0.083079
3.9 3 0.0649845
3.9 3.06 0.0501348
3.9 3.12 0.0381484
3.9 3.18 0.0286295
3.9 3.24 0.021192
3.9 3.3 0.0154713
3.9 3.36 0.0111401
3.9 3.42 0.00791151
3.9 3.48 0.00554154
3.9 3.54 0.0038283
3.9 3.6 0.00260846
3.9 3.66 0.00175294
3.9 3.72 0.00116186
3.9 3.78 0.000759502
3.9 3.84 0.000489689
3.9 3.9 0.000311386
3.9 3.96 0.000195292
3.9 4.02 0.0001208
3.9 4.08 7.36969e-05
3.96 -0.3 3.87522e-05
3.96 -0.24 0.000106725
3.96 -0.18 0.000172613
3.96 -0.12 0.000275407
3.96 -0.06 0.000433494
3.96 9.71445e-15 0.000673114
3.96 0.06 0.00103107
3.96 0.12 0.00155806
3.96 0.18 0.00232258
3.96 0.24 0.00341545
3.96 0.3 0.00495461
3.96 0.36 0.00709021
3.96 0.42 0.010009
3.96 0.48 0.0139381
3.96 0.54 0.0191469
3.96 0.6 0.0259456
3.96 0.66 0.0346818
3.96 0.72 0.0457313
3.96 0.78 0.0594834
3.96 0.84 0.076321
3.96 0.9 0.0965945
3.96 0.96 0.120593
3.96 1.02 0.148511
3.96 1.08 0.180403
3.96 1.14 0.216168
3.96 1.2 0.255499
3.96 1.26 0.297877
3.96 1.32 0.342557
3.96 1.38 0.388573
3.96 1.44 0.434767
3.96 1.5 0.479832
3.96 1.56 0.522345
3.96 1.62 0.560873
3.96 1.68 0.594029
3.96 1.74 0.620568
3.96 1.8 0.639444
3.96 1.86 0.649899
3.96 1.92 0.651505
3.96 1.98 0.644191
3.96 2.04 0.628271
3.96 2.1 0.604364
3.96 2.16 0.573424
3.96 2.22 0.53663
3.96 2.28 0.495329
3.96 2.34 0.450953
3.96 2.4 0.404938
3.96 2.46 0.358645
3.96 2.52 0.313298
3.96 2.58 0.269937
3.96 2.64 0.229391
3.96 2.7 0.19227
3.96 2.76 0.158947
3.96 2.82 0.129601
3.96 2.88 0.104225
3.96 2.94 0.0826689
3.96 3 0.064673
3.96 3.06 0.0499013
3.96 3.12 0.0379755
3.96 3.18 0.0285035
3.96 3.24 0.0211012
3.96 3.3 0.0154067
3.96 3.36 0.0110948
3.96 3.42 0.0078802
3.96 3.48 0.00552018
3.96 3.54 0.0038139
3.96 3.6 0.00259888
3.96 3.66 0.00174666
3.96 3.72 0.00115779
3.96 3.78 0.000756906
3.96 3.84 0.00048805
3.96 3.9 0.000310369
3.96 3.96 0.000194666
3.96 4.02 0.000120421
3.96 4.08 7.34702e-05
4.02 -0.24 0.000102487
4.02 -0.18 0.00016589
4.02 -0.12 0.000264895
4.02 -0.06 0.000417265
4.02 9.71445e-15 0.000648411
4.02 0.06 0.000993976
4.02 0.12 0.0015031
4.02 0.18 0.00224224
4.02 0.24 0.00329959
4.02 0.3 0.00478983
4.02 0.36 0.00685895
4.02 0.42 0.0096888
4.02 0.48 0.0135006
4.02 0.54 0.0185572
4.02 0.6 0.0251617
4.02 0.66 0.0336535
4.02 0.72 0.0444002
4.02 0.78 0.0577831
4.02 0.84 0.0741778
4.02 0.9 0.09393
4.02 0.96 0.117326
4.02 1.02 0.144555
4.02 1.08 0.175679
4.02 1.14 0.210599
4.02 1.2 0.249023
4.02 1.26 0.290448
4.02 1.32 0.334146
4.02 1.38 0.379179
4.02 1.44 0.424421
4.02 1.5 0.468576
4.02 1.56 0.510267
4.02 1.62 0.548087
4.02 1.68 0.580674
4.02 1.74 0.606796
4.02 1.8 0.625438
4.02 1.86 0.635844
4.02 1.92 0.637585
4.02 1.98 0.630604
4.02 2.04 0.615171
4.02 2.1 0.591901
4.02 2.16 0.561732
4.02 2.22 0.5258
4.02 2.28 0.485439
4.02 2.34 0.44204
4.02 2.4 0.397012
4.02 2.46 0.35169
4.02 2.52 0.307275
4.02 2.58 0.264789
4.02 2.64 0.225059
4.02 2.7 0.188665
4.02 2.76 0.155992
4.02 2.82 0.127208
4.02 2.88 0.102315
4.02 2.94 0.081165
4.02 3 0.0635044
4.02 3.06 0.0490051
4.02 3.12 0.0372975
4.02 3.18 0.0279983
4.02 3.24 0.020729
4.02 3.3 0.0151367
4.02 3.36 0.0109013
4.02 3.42 0.00774342
4.02 3.48 0.00542484
4.02 3.54 0.00374835
4.02 3.6 0.00255444
4.02 3.66 0.00171691
4.02 3.72 0.00113813
4.02 3.78 0.000744125
4.02 3.84 0.000479831
4.02 3.9 0.000305166
4.02 3.96 0.000191414
4.02 4.02 0.000118415
4.02 4.08 7.22505e-05
4.08 -0.24 9.73055e-05
4.08 -0.18 0.000157624
4.08 -0.12 0.00025188
4.08 -0.06 0.000397058
4.08 9.71445e-15 0.000617438
4.08 0.06 0.00094715
4.08 0.12 0.00143326
4.08 0.18 0.00213948
4.08 0.24 0.0031504
4.08 0.3 0.00457615
4.08 0.36 0.00655692
4.08 0.42 0.00926764
4.08 0.48 0.0129213
4.08 0.54 0.0177706
4.08 0.6 0.0241081
4.08 0.66 0.0322613
4.08 0.72 0.042585
4.08 0.78 0.0554477
4.08 0.84 0.0712137
4.08 0.9 0.0902194
4.08 0.96 0.112739
4.08 1.02 0.138964
4.08 1.08 0.168955
4.08 1.14 0.202619
4.08 1.2 0.239678
4.08 1.26 0.279651
4.08 1.32 0.321841
4.08 1.38 0.365344
4.08 1.44 0.409065
4.08 1.5 0.451762
4.08 1.56 0.492113
4.08 1.62 0.528738
4.08 1.68 0.560335
4.08 1.74 0.5857
4.08 1.8 0.603847
4.08 1.86 0.614047
4.08 1.92 0.615884
4.08 1.98 0.609277
4.08 2.04 0.594485
4.08 2.1 0.572129
4.08 2.16 0.543069
4.08 2.22 0.508436
4.08 2.28 0.46949
4.08 2.34 0.427592
4.08 2.4 0.384102
4.08 2.46 0.340307
4.08 2.52 0.297374
4.08 2.58 0.256302
4.08 2.64 0.217872
4.08 2.7 0.182667
4.08 2.76 0.15105
4.08 2.82 0.123195
4.08 2.88 0.0990988
4.08 2.94 0.0786222
4.08 3 0.0615213
4.08 3.06 0.0474797
4.08 3.12 0.0361407
4.08 3.18 0.0271321
4.08 3.24 0.0200895
4.08 3.3 0.014671
4.08 3.36 0.0105669
4.08 3.42 0.00750643
4.08 3.48 0.00525919
4.08 3.54 0.00363416
4.08 3.6 0.00247677
4.08 3.66 0.00166482
4.08 3.72 0.00110368
4.08 3.78 0.000721638
4.08 3.84 0.00046536
4.08 3.9 0.000295974
4.08 3.96 0.00018566
4.08 4.02 0.000114862
4.08 4.08 7.00857e-05
4.14 -0.24 7.91652e-05
4.14 -0.18 0.000148048
4.14 -0.12 0.000236741
4.14 -0.06 0.000373443
4.14 9.71445e-15 0.000581109
4.14 0.06 0.000891992
4.14 0.12 0.00135063
4.14 0.18 0.00201736
4.14 0.24 0.00297233
4.14 0.3 0.0043199
4.14 0.36 0.00619321
4.14 0.42 0.00875829
4.14 0.48 0.0122174
4.14 0.54 0.0168113
4.14 0.6 0.0228176
4.14 0.66 0.0305487
4.14 0.72 0.0403428
4.14 0.78 0.0525519
4.14 0.84 0.0675235
4.14 0.9 0.0855775
4.14 0.96 0.106983
4.14 1.02 0.131917
4.14 1.08 0.160447
4.14 1.14 0.192483
4.14 1.2 0.227768
4.14 1.26 0.265843
4.14 1.32 0.306045
4.14 1.38 0.347513
4.14 1.44 0.389214
4.14 1.5 0.429968
4.14 1.56 0.468489
4.14 1.62 0.503492
4.14 1.68 0.533708
4.14 1.74 0.558002
4.14 1.8 0.575425
4.14 1.86 0.585272
4.14 1.92 0.58714
4.14 1.98 0.580949
4.14 2.04 0.566969
4.14 2.1 0.545739
4.14 2.16 0.518117
4.14 2.22 0.485151
4.14 2.28 0.448062
4.14 2.34 0.408141
4.14 2.4 0.366681
4.14 2.46 0.32492
4.14 2.52 0.28397
4.14 2.58 0.244777
4.14 2.64 0.208101
4.14 2.7 0.174496
4.14 2.76 0.144311
4.14 2.82 0.117709
4.14 2.88 0.0946958
4.14 2.94 0.0751366
4.14 3 0.0587996
4.14 3.06 0.0453835
4.14 3.12 0.0345477
4.14 3.18 0.0259383
4.14 3.24 0.0192073
4.14 3.3 0.0140276
4.14 3.36 0.0101042
4.14 3.42 0.00717829
4.14 3.48 0.00502963
4.14 3.54 0.00347574
4.14 3.6 0.00236894
4.14 3.66 0.00159243
4.14 3.72 0.00105574
4.14 3.78 0.000690325
4.14 3.84 0.000445192
4.14 3.9 0.000283162
4.14 3.96 0.000177628
4.14 4.02 0.000109897
4.14 4.08 6.70593e-05
4.2 -0.18 0.000137433
4.2 -0.12 0.000219907
4.2 -0.06 0.000347108
4.2 9.71445e-15 0.000540446
4.2 0.06 0.000830058
4.2 0.12 0.00125757
4.2 0.18 0.00187939
4.2 0.24 0.00277055
4.2 0.3 0.00402878
4.2 0.36 0.00577873
4.2 0.42 0.00817609
4.2 0.48 0.0114107
4.2 0.54 0.0157082
4.2 0.6 0.0213298
4.2 0.66 0.028569
4.2 0.72 0.0377438
4.2 0.78 0.0491852
4.2 0.84 0.0632216
4.2 0.9 0.0801563
4.2 0.96 0.100239
4.2 1.02 0.123645
4.2 1.08 0.150434
4.2 1.14 0.180528
4.2 1.2 0.213684
4.2 1.26 0.249476
4.2 1.32 0.287284
4.2 1.38 0.326301
4.2 1.44 0.365549
4.2 1.5 0.403917
4.2 1.56 0.440217
4.2 1.62 0.473208
4.2 1.68 0.501717
4.2 1.74 0.524663
4.2 1.8 0.541151
4.2 1.86 0.550516
4.2 1.92 0.552379
4.2 1.98 0.546657
4.2 2.04 0.533577
4.2 2.1 0.513689
4.2 2.16 0.487755
4.2 2.22 0.456796
4.2 2.28 0.421933
4.2 2.34 0.384389
4.2 2.4 0.345387
4.2 2.46 0.306087
4.2 2.52 0.267541
4.2 2.58 0.230643
4.2 2.64 0.196106
4.2 2.7 0.164454
4.2 2.76 0.136018
4.2 2.82 0.110958
4.2 2.88 0.089272
4.2 2.94 0.0708389
4.2 3 0.0554407
4.2 3.06 0.0427941
4.2 3.12 0.0325792
4.2 3.18 0.024462
4.2 3.24 0.0181152
4.2 3.3 0.013231
4.2 3.36 0.00953103
4.2 3.42 0.00677142
4.2 3.48 0.00474478
4.2 3.54 0.00327907
4.2 3.6 0.00223502
4.2 3.66 0.00150248
4.2 3.72 0.00099616
4.2 3.78 0.000651395
4.2 3.84 0.000420102
4.2 3.9 0.000267212
4.2 3.96 0.000167633
4.2 4.02 0.000103717
4.2 4.08 6.32902e-05
4.26 -0.18 0.000113565
4.26 -0.12 0.000201846
4.26 -0.06 0.000318778
4.26 9.71445e-15 0.00049661
4.26 0.06 0.000763148
4.26 0.12 0.0011568
4.26 0.18 0.00172966
4.26 0.24 0.00255102
4.26 0.3 0.00371123
4.26 0.36 0.00532574
4.26 0.42 0.00753842
4.26 0.48 0.0105252
4.26 0.54 0.014495
4.26 0.6 0.0196904
4.26 0.66 0.026383
4.26 0.72 0.0348685
4.26 0.78 0.0454544
4.26 0.84 0.0584454
4.26 0.9 0.0741237
4.26 0.96 0.0927257
4.26 1.02 0.11441
4.26 1.08 0.139238
4.26 1.14 0.16714
4.26 1.2 0.197889
4.26 1.26 0.231093
4.26 1.32 0.266179
4.26 1.38 0.3024
4.26 1.44 0.338853
4.26 1.5 0.374501
4.26 1.56 0.408238
4.26 1.62 0.438919
4.26 1.68 0.465454
4.26 1.74 0.48683
4.26 1.8 0.502214
4.26 1.86 0.51099
4.26 1.92 0.512797
4.26 1.98 0.507563
4.26 2.04 0.495499
4.26 2.1 0.477084
4.26 2.16 0.45307
4.26 2.22 0.42436
4.26 2.28 0.392019
4.26 2.34 0.357181
4.26 2.4 0.320976
4.26 2.46 0.284485
4.26 2.52 0.248683
4.26 2.58 0.214405
4.26 2.64 0.182318
4.26 2.7 0.152903
4.26 2.76 0.126478
4.26 2.82 0.103182
4.26 2.88 0.0830219
4.26 2.94 0.0658844
4.26 3 0.0515669
4.26 3.06 0.0398067
4.26 3.12 0.0303067
4.26 3.18 0.0227573
4.26 3.24 0.0168536
4.26 3.3 0.0123104
4.26 3.36 0.00886818
4.26 3.42 0.00630082
4.26 3.48 0.00441529
4.26 3.54 0.0030515
4.26 3.6 0.00208
4.26 3.66 0.00139832
4.26 3.72 0.00092714
4.26 3.78 0.000606287
4.26 3.84 0.000391022
4.26 3.9 0.000248728
4.26 3.96 0.00015604
4.26 4.02 9.65471e-05
4.26 4.08 5.89165e-05
4.32 -0.18 0.000104328
4.32 -0.12 0.000183037
4.32 -0.06 0.00028922
4.32 9.71445e-15 0.000450791
4.32 0.06 0.000693066
4.32 0.12 0.00105105
4.32 0.18 0.00157225
4.32 0.24 0.00231989
4.32 0.3 0.00337639
4.32 0.36 0.00484714
4.32 0.42 0.00686371
4.32 0.48 0.00958671
4.32 0.54 0.0132074
4.32 0.6 0.0179473
4.32 0.66 0.0240556
4.32 0.72 0.0318027
4.32 0.78 0.0414709
4.32 0.84 0.0533396
4.32 0.9 0.0676671
4.32 0.96 0.084672
4.32 1.02 0.1045
4.32 1.08 0.127211
4.32 1.14 0.152739
4.32 1.2 0.180881
4.32 1.26 0.21128
4.32 1.32 0.24341
4.32 1.38 0.276586
4.32 1.44 0.309987
4.32 1.5 0.342667
4.32 1.56 0.373597
4.32 1.62 0.401752
4.32 1.68 0.426107
4.32 1.74 0.445743
4.32 1.8 0.459901
4.32 1.86 0.468006
4.32 1.92 0.469725
4.32 1.98 0.46499
4.32 2.04 0.453998
4.32 2.1 0.437181
4.32 2.16 0.415221
4.32 2.22 0.388948
4.32 2.28 0.359348
4.32 2.34 0.327446
4.32 2.4 0.294283
4.32 2.46 0.26085
4.32 2.52 0.228044
4.32 2.58 0.196627
4.32 2.64 0.167213
4.32 2.7 0.140248
4.32 2.76 0.116017
4.32 2.82 0.0946537
4.32 2.88 0.0761653
4.32 2.94 0.0604471
4.32 3 0.047314
4.32 3.06 0.0365259
4.32 3.12 0.0278104
4.32 3.18 0.0208838
4.32 3.24 0.0154671
4.32 3.3 0.011298
4.32 3.36 0.0081393
4.32 3.42 0.00578328
4.32 3.48 0.00405278
4.32 3.54 0.00280107
4.32 3.6 0.00190936
4.32 3.66 0.00128365
4.32 3.72 0.000851136
4.32 3.78 0.000556602
4.32 3.84 0.000358993
4.32 3.9 0.000228359
4.32 3.96 0.000143265
4.32 4.02 8.86452e-05
4.32 4.08 5.40961e-05
4.38 -0.18 9.45249e-05
4.38 -0.12 0.000152019
4.38 -0.06 0.000259187
4.38 9.71445e-15 0.000404161
4.38 0.06 0.000621642
4.38 0.12 0.000943128
4.38 0.18 0.00141138
4.38 0.24 0.00208333
4.38 0.3 0.00303324
4.38 0.36 0.00435605
4.38 0.42 0.00617048
4.38 0.48 0.00862127
4.38 0.54 0.0118812
4.38 0.6 0.0161501
4.38 0.66 0.0216531
4.38 0.72 0.0286346
4.38 0.78 0.0373498
4.38 0.84 0.0480519
4.38 0.9 0.0609747
4.38 0.96 0.0763154
4.38 1.02 0.0942095
4.38 1.08 0.114709
4.38 1.14 0.137756
4.38 1.2 0.163172
4.38 1.26 0.190631
4.38 1.32 0.219663
4.38 1.38 0.249648
4.38 1.44 0.279841
4.38 1.5 0.309395
4.38 1.56 0.337374
4.38 1.62 0.362855
4.38 1.68 0.384905
4.38 1.74 0.402699
4.38 1.8 0.415545
4.38 1.86 0.422921
4.38 1.92 0.424527
4.38 1.98 0.420295
4.38 2.04 0.410402
4.38 2.1 0.395244
4.38 2.16 0.375426
4.38 2.22 0.351705
4.38 2.28 0.324971
4.38 2.34 0.296147
4.38 2.4 0.266175
4.38 2.46 0.235954
4.38 2.52 0.206294
4.38 2.58 0.177887
4.38 2.64 0.151286
4.38 2.7 0.126898
4.38 2.76 0.10498
4.38 2.82 0.0856542
4.38 2.88 0.0689283
4.38 2.94 0.0547065
4.38 3 0.0428227
4.38 3.06 0.0330602
4.38 3.12 0.0251729
4.38 3.18 0.0189041
4.38 3.24 0.0140015
4.38 3.3 0.0102278
4.38 3.36 0.00736867
4.38 3.42 0.0052359
4.38 3.48 0.00366931
4.38 3.54 0.00253613
4.38 3.6 0.00172882
4.38 3.66 0.0011623
4.38 3.72 0.0007707
4.38 3.78 0.000504017
4.38 3.84 0.000325085
4.38 3.9 0.000206794
4.38 3.96 0.000129739
4.38 4.02 8.02787e-05
4.38 4.08 4.89915e-05
4.44 -0.12 0.000135842
4.44 -0.06 0.000215461
4.44 9.71445e-15 0.000357842
4.44 0.06 0.00055061
4.44 0.12 0.000835671
4.44 0.18 0.00125102
4.44 0.24 0.00184726
4.44 0.3 0.00269042
4.44 0.36 0.00386495
4.44 0.42 0.00547651
4.44 0.48 0.00765392
4.44 0.54 0.010551
4.44 0.6 0.0143459
4.44 0.66 0.0192392
4.44 0.72 0.0254487
4.44 0.78 0.0332021
4.44 0.84 0.0427256
4.44 0.9 0.054228
4.44 0.96 0.0678856
4.44 1.02 0.0838201
4.44 1.08 0.102079
4.44 1.14 0.122611
4.44 1.2 0.145258
4.44 1.26 0.169732
4.44 1.32 0.195612
4.44 1.38 0.222349
4.44 1.44 0.249279
4.44 1.5 0.275643
4.44 1.56 0.300612
4.44 1.62 0.323358
4.44 1.68 0.343051
4.44 1.74 0.358952
4.44 1.8 0.370444
4.44 1.86 0.377061
4.44 1.92 0.378533
4.44 1.98 0.374797
4.44 2.04 0.366009
4.44 2.1 0.352523
4.44 2.16 0.334876
4.44 2.22 0.313743
4.44 2.28 0.289918
4.44 2.34 0.264222
4.44 2.4 0.237499
4.44 2.46 0.210548
4.44 2.52 0.184093
4.44 2.58 0.158754
4.44 2.64 0.135022
4.44 2.7 0.113262
4.44 2.76 0.0937041
4.44 2.82 0.0764583
4.44 2.88 0.0615311
4.44 2.94 0.0488379
4.44 3 0.0382307
4.44 3.06 0.0295163
4.44 3.12 0.0224753
4.44 3.18 0.016879
4.44 3.24 0.012502
4.44 3.3 0.00913282
4.44 3.36 0.00658
4.44 3.42 0.00467565
4.44 3.48 0.00327679
4.44 3.54 0.0022649
4.44 3.6 0.00154397
4.44 3.66 0.00103806
4.44 3.72 0.00068833
4.44 3.78 0.000450161
4.44 3.84 0.000290355
4.44 3.9 0.000184706
4.44 3.96 0.000115884
4.44 4.02 7.17068e-05
4.44 4.08 4.37612e-05
4.5 -0.12 0.000119718
4.5 -0.06 0.000189887
4.5 9.71445e-15 0.00031284
4.5 0.06 0.000481531
4.5 0.12 0.00073107
4.5 0.18 0.00109478
4.5 0.24 0.00161704
4.5 0.3 0.0023558
4.5 0.36 0.00338523
4.5 0.42 0.00479801
4.5 0.48 0.00670744
4.5 0.54 0.0092485
4.5 0.6 0.012578
4.5 0.66 0.016872
4.5 0.72 0.0223224
4.5 0.78 0.0291296
4.5 0.84 0.0374924
4.5 0.9 0.0475948
4.5 0.96 0.0595934
4.5 1.02 0.0735939
4.5 1.08 0.0896404
4.5 1.14 0.107689
4.5 1.2 0.127598
4.5 1.26 0.149119
4.5 1.32 0.17188
4.5 1.38 0.195401
4.5 1.44 0.219095
4.5 1.5 0.242297
4.5 1.56 0.264277
4.5 1.62 0.284305
4.5 1.68 0.301654
4.5 1.74 0.315669
4.5 1.8 0.325805
4.5 1.86 0.331656
4.5 1.92 0.332981
4.5 1.98 0.329724
4.5 2.04 0.322019
4.5 2.1 0.310177
4.5 2.16 0.294673
4.5 2.22 0.276097
4.5 2.28 0.255147
4.5 2.34 0.232549
4.5 2.4 0.209042
4.5 2.46 0.185331
4.5 2.52 0.162054
4.5 2.58 0.139755
4.5 2.64 0.11887
4.5 2.7 0.0997181
4.5 2.76 0.082503
4.5 2.82 0.0673217
4.5 2.88 0.0541802
4.5 2.94 0.0430052
4.5 3 0.033666
4.5 3.06 0.0259931
4.5 3.12 0.0197935
4.5 3.18 0.0148654
4.5 3.24 0.0110109
4.5 3.3 0.00804379
4.5 3.36 0.00579553
4.5 3.42 0.00411833
4.5 3.48 0.00288629
4.5 3.54 0.00199504
4.5 3.6 0.00136004
4.5 3.66 0.000914412
4.5 3.72 0.00060636
4.5 3.78 0.000396561
4.5 3.84 0.000255786
4.5 3.9 0.00016272
4.5 3.96 0.000102092
4.5 4.02 6.31733e-05
4.5 4.08 3.85538e-05
4.56 -0.12 0.000104057
4.56 -0.06 0.000165048
4.56 9.71445e-15 0.000258187
4.56 0.06 0.000415743
4.56 0.12 0.000631373
4.56 0.18 0.000945742
4.56 0.24 0.00139728
4.56 0.3 0.00203617
4.56 0.36 0.00292667
4.56 0.42 0.004149
4.56 0.48 0.00580154
4.56 0.54 0.00800113
4.56 0.6 0.0108838
4.56 0.66 0.0146024
4.56 0.72 0.0193233
4.56 0.78 0.0252205
4.56 0.84 0.0324665
4.56 0.9 0.0412219
4.56 0.96 0.0516223
4.56 1.02 0.0637595
4.56 1.08 0.0776733
4.56 1.14 0.093326
4.56 1.2 0.110596
4.56 1.26 0.129264
4.56 1.32 0.149014
4.56 1.38 0.169425
4.56 1.44 0.189991
4.56 1.5 0.210131
4.56 1.56 0.22922
4.56 1.62 0.246612
4.56 1.68 0.261687
4.56 1.74 0.273871
4.56 1.8 0.28269
4.56 1.86 0.28779
4.56 1.92 0.288961
4.56 1.98 0.286154
4.56 2.04 0.279488
4.56 2.1 0.269228
4.56 2.16 0.255787
4.56 2.22 0.23968
4.56 2.28 0.221501
4.56 2.34 0.201895
4.56 2.4 0.181496
4.56 2.46 0.160919
4.56 2.52 0.140715
4.56 2.58 0.121359
4.56 2.64 0.103227
4.56 2.7 0.0865989
4.56 2.76 0.0716519
4.56 2.82 0.0584699
4.56 2.88 0.0470576
4.56 2.94 0.0373527
4.56 3 0.0292422
4.56 3.06 0.0225785
4.56 3.12 0.0171937
4.56 3.18 0.0129132
4.56 3.24 0.00956518
4.56 3.3 0.00698787
4.56 3.36 0.00503485
4.56 3.42 0.00357784
4.56 3.48 0.00250756
4.56 3.54 0.00173329
4.56 3.6 0.00118163
4.56 3.66 0.00079448
4.56 3.72 0.000526844
4.56 3.78 0.000344559
4.56 3.84 0.000222251
4.56 3.9 0.000141388
4.56 3.96 8.87094e-05
4.56 4.02 5.48931e-05
4.56 4.08 3.34429e-05
4.62 -0.06 0.000141485
4.62 9.71445e-15 0.00022133
4.62 0.06 0.000341472
4.62 0.12 0.000538229
4.62 0.18 0.000806417
4.62 0.24 0.00119171
4.62 0.3 0.00173702
4.62 0.36 0.0024972
4.62 0.42 0.00354094
4.62 0.48 0.0049522
4.62 0.54 0.00683118
4.62 0.6 0.00929398
4.62 0.66 0.0124715
4.62 0.72 0.0165063
4.62 0.78 0.0215472
4.62 0.84 0.0277421
4.62 0.9 0.0352289
4.62 0.96 0.0441227
4.62 1.02 0.0545051
4.62 1.08 0.066406
4.62 1.14 0.0797985
4.62 1.2 0.0945765
4.62 1.26 0.110554
4.62 1.32 0.127458
4.62 1.38 0.144931
4.62 1.44 0.16254
4.62 1.5 0.179787
4.62 1.56 0.196137
4.62 1.62 0.211036
4.62 1.68 0.223952
4.62 1.74 0.2344
4.62 1.8 0.241966
4.62 1.86 0.246348
4.62 1.92 0.247366
4.62 1.98 0.244981
4.62 2.04 0.239287
4.62 2.1 0.230518
4.62 2.16 0.21902
4.62 2.22 0.205241
4.62 2.28 0.189686
4.62 2.34 0.172902
4.62 2.4 0.15544
4.62 2.46 0.137823
4.62 2.52 0.120525
4.62 2.58 0.103949
4.62 2.64 0.0884217
4.62 2.7 0.074181
4.62 2.76 0.0613791
4.62 2.82 0.0500892
4.62 2.88 0.0403143
4.62 2.94 0.0320012
4.62 3 0.0250534
4.62 3.06 0.0193445
4.62 3.12 0.0147313
4.62 3.18 0.0110641
4.62 3.24 0.00819573
4.62 3.3 0.00598752
4.62 3.36 0.00431422
4.62 3.42 0.00306581
4.62 3.48 0.00214872
4.62 3.54 0.00148528
4.62 3.6 0.00101258
4.62 3.66 0.000680835
4.62 3.72 0.000451483
4.62 3.78 0.000295278
4.62 3.84 0.000190466
4.62 3.9 0.000121169
4.62 3.96 7.60249e-05
4.62 4.02 4.69714e-05
4.68 -0.06 0.00011962
4.68 9.71445e-15 0.000187123
4.68 0.06 0.000288698
4.68 0.12 0.000439287
4.68 0.18 0.000678647
4.68 0.24 0.00100311
4.68 0.3 0.00146239
4.68 0.36 0.00210277
4.68 0.42 0.00298223
4.68 0.48 0.00417152
4.68 0.54 0.00575516
4.68 0.6 0.00783138
4.68 0.66 0.0105105
4.68 0.72 0.0139129
4.68 0.78 0.0181642
4.68 0.84 0.0233897
4.68 0.9 0.0297054
4.68 0.96 0.0372096
4.68 1.02 0.0459702
4.68 1.08 0.0560151
4.68 1.14 0.0673179
4.68 1.2 0.0797917
4.68 1.26 0.0932806
4.68 1.32 0.107554
4.68 1.38 0.12231
4.68 1.44 0.137182
4.68 1.5 0.151751
4.68 1.56 0.165563
4.68 1.62 0.178155
4.68 1.68 0.189071
4.68 1.74 0.197902
4.68 1.8 0.204302
4.68 1.86 0.208015
4.68 1.92 0.208889
4.68 1.98 0.206887
4.68 2.04 0.202088
4.68 2.1 0.194692
4.68 2.16 0.184991
4.68 2.22 0.173359
4.68 2.28 0.160228
4.68 2.34 0.146058
4.68 2.4 0.131313
4.68 2.46 0.116434
4.68 2.52 0.101822
4.68 2.58 0.0878226
4.68 2.64 0.0747072
4.68 2.7 0.0626771
4.68 2.76 0.051862
4.68 2.82 0.0423236
4.68 2.88 0.0340649
4.68 2.94 0.0270413
4.68 3 0.0211708
4.68 3.06 0.0163469
4.68 3.12 0.012449
4.68 3.18 0.00935026
4.68 3.24 0.00692625
4.68 3.3 0.00506023
4.68 3.36 0.00364611
4.68 3.42 0.0025911
4.68 3.48 0.00181605
4.68 3.54 0.00125535
4.68 3.6 0.000855832
4.68 3.66 0.000575443
4.68 3.72 0.000381601
4.68 3.78 0.000249581
4.68 3.84 0.000160989
4.68 3.9 0.000102418
4.68 3.96 6.42611e-05
4.68 4.02 3.97122e-05
4.74 9.71445e-15 0.000156032
4.74 0.06 0.000240729
4.74 0.12 0.000366295
4.74 0.18 0.000549698
4.74 0.24 0.000833235
4.74 0.3 0.00121495
4.74 0.36 0.00174728
4.74 0.42 0.0024784
4.74 0.48 0.00346733
4.74 0.54 0.00478439
4.74 0.6 0.0065112
4.74 0.66 0.0087398
4.74 0.72 0.0115704
4.74 0.78 0.0151079
4.74 0.84 0.0194564
4.74 0.9 0.0247128
4.74 0.96 0.0309589
4.74 1.02 0.0382519
4.74 1.08 0.046614
4.74 1.14 0.0560259
4.74 1.2 0.0664139
4.74 1.26 0.0776476
4.74 1.32 0.0895356
4.74 1.38 0.101826
4.74 1.44 0.114216
4.74 1.5 0.126355
4.74 1.56 0.137865
4.74 1.62 0.148358
4.74 1.68 0.157459
4.74 1.74 0.164825
4.74 1.8 0.170166
4.74 1.86 0.173267
4.74 1.92 0.174002
4.74 1.98 0.172341
4.74 2.04 0.168353
4.74 2.1 0.162197
4.74 2.16 0.154122
4.74 2.22 0.144438
4.74 2.28 0.133502
4.74 2.34 0.121699
4.74 2.4 0.109416
4.74 2.46 0.0970221
4.74 2.52 0.0848505
4.74 2.58 0.0731858
4.74 2.64 0.0622574
4.74 2.7 0.0522339
4.74 2.76 0.0432218
4.74 2.82 0.0352736
4.74 2.88 0.0283913
4.74 2.94 0.0225379
4.74 3 0.0176455
4.74 3.06 0.0136253
4.74 3.12 0.0103764
4.74 3.18 0.0077936
4.74 3.24 0.00577336
4.74 3.3 0.00421795
4.74 3.36 0.00303928
4.74 3.42 0.00215988
4.74 3.48 0.00151384
4.74 3.54 0.00104645
4.74 3.6 0.000713429
4.74 3.66 0.000479707
4.74 3.72 0.000318118
4.74 3.78 0.00020806
4.74 3.84 0.00013421
4.74 3.9 8.53823e-05
4.74 3.96 5.35076e-05
4.74 4.02 3.31135e-05
4.8 9.71445e-15 0.000128316
4.8 0.06 0.000197967
4.8 0.12 0.00030123
4.8 0.18 0.000452057
4.8 0.24 0.000669076
4.8 0.3 0.000995997
4.8 0.36 0.00143259
4.8 0.42 0.00203233
4.8 0.48 0.00284364
4.8 0.54 0.00392422
4.8 0.6 0.00534126
4.8 0.66 0.00717031
4.8 0.72 0.00949365
4.8 0.78 0.0123974
4.8 0.84 0.0159673
4.8 0.9 0.0202832
4.8 0.96 0.025412
4.8 1.02 0.0314008
4.8 1.08 0.038269
4.8 1.14 0.0459991
4.8 1.2 0.0545318
4.8 1.26 0.0637601
4.8 1.32 0.0735273
4.8 1.38 0.083627
4.8 1.44 0.0938075
4.8 1.5 0.103783
4.8 1.56 0.113244
4.8 1.62 0.12187
4.8 1.68 0.129353
4.8 1.74 0.13541
4.8 1.8 0.139804
4.8 1.86 0.142358
4.8 1.92 0.14297
4.8 1.98 0.141611
4.8 2.04 0.138338
4.8 2.1 0.133286
4.8 2.16 0.126654
4.8 2.22 0.118699
4.8 2.28 0.109716
4.8 2.34 0.100019
4.8 2.4 0.0899275
4.8 2.46 0.0797427
4.8 2.52 0.0697399
4.8 2.58 0.0601551
4.8 2.64 0.0511738
4.8 2.7 0.0429357
4.8 2.76 0.0355287
4.8 2.82 0.0289956
4.8 2.88 0.0233387
4.8 2.94 0.0185273
4.8 3 0.0145057
4.8 3.06 0.011201
4.8 3.12 0.00853046
4.8 3.18 0.00640726
4.8 3.24 0.00474639
4.8 3.3 0.00346774
4.8 3.36 0.00249875
4.8 3.42 0.00177576
4.8 3.48 0.00124463
4.8 3.54 0.000860375
4.8 3.6 0.000586574
4.8 3.66 0.000394409
4.8 3.72 0.000261558
4.8 3.78 0.00017107
4.8 3.84 0.00011035
4.8 3.9 7.01267e-05
4.8 3.96 4.40035e-05
4.8 4.02 2.72318e-05
4.86 0.06 0.000160567
4.86 0.12 0.000244321
4.86 0.18 0.000366651
4.86 0.24 0.000542668
4.86 0.3 0.000792147
4.86 0.36 0.00115892
4.86 0.42 0.00164429
4.86 0.48 0.00230092
4.86 0.54 0.00317566
4.86 0.6 0.00432285
4.86 0.66 0.00580372
4.86 0.72 0.00768499
4.86 0.78 0.0100364
4.86 0.84 0.0129275
4.86 0.9 0.016423
4.86 0.96 0.0205775
4.86 1.02 0.0254289
4.86 1.08 0.030993
4.86 1.14 0.0372557
4.86 1.2 0.0441694
4.86 1.26 0.0516476
4.86 1.32 0.0595625
4.86 1.38 0.0677481
4.86 1.44 0.0760006
4.86 1.5 0.0840864
4.86 1.56 0.0917562
4.86 1.62 0.0987506
4.86 1.68 0.104818
4.86 1.74 0.109731
4.86 1.8 0.113296
4.86 1.86 0.11537
4.86 1.92 0.11587
4.86 1.98 0.114774
4.86 2.04 0.112126
4.86 2.1 0.108033
4.86 2.16 0.102661
4.86 2.22 0.0962163
4.86 2.28 0.0889372
4.86 2.34 0.0810795
4.86 2.4 0.0729004
4.86 2.46 0.0646459
4.86 2.52 0.0565381
4.86 2.58 0.0487678
4.86 2.64 0.0414883
4.86 2.7 0.0348096
4.86 2.76 0.0288053
4.86 2.82 0.0235089
4.86 2.88 0.0189227
4.86 2.94 0.015022
4.86 3 0.0117615
4.86 3.06 0.00908209
4.86 3.12 0.00691675
4.86 3.18 0.00519534
4.86 3.24 0.00384862
4.86 3.3 0.0028119
4.86 3.36 0.00202617
4.86 3.42 0.00143995
4.86 3.48 0.00100927
4.86 3.54 0.000697682
4.86 3.6 0.000475663
4.86 3.66 0.000319837
4.86 3.72 0.000212102
4.86 3.78 0.000138727
4.86 3.84 8.93983e-05
4.86 3.9 5.68783e-05
4.86 3.96 3.56901e-05
4.86 4.02 2.20869e-05
4.92 0.06 0.000128442
4.92 0.12 0.000195439
4.92 0.18 0.000293294
4.92 0.24 0.000434094
4.92 0.3 0.000633657
4.92 0.36 0.000912251
4.92 0.42 0.00131249
4.92 0.48 0.00183681
4.92 0.54 0.00253535
4.92 0.6 0.00345153
4.92 0.66 0.0046343
4.92 0.72 0.00613701
4.92 0.78 0.00801547
4.92 0.84 0.0103252
4.92 0.9 0.0131179
4.92 0.96 0.0164374
4.92 1.02 0.0203141
4.92 1.08 0.0247604
4.92 1.14 0.0297656
4.92 1.2 0.0352916
4.92 1.26 0.0412689
4.92 1.32 0.0475957
4.92 1.38 0.0541386
4.92 1.44 0.0607364
4.92 1.5 0.0672018
4.92 1.56 0.073334
4.92 1.62 0.0789272
4.92 1.68 0.0837804
4.92 1.74 0.08771
4.92 1.8 0.0905636
4.92 1.86 0.0922251
4.92 1.92 0.0926264
4.92 1.98 0.0917528
4.92 2.04 0.0896391
4.92 2.1 0.0863695
4.92 2.16 0.0820775
4.92 2.22 0.076926
4.92 2.28 0.0711082
4.92 2.34 0.0648271
4.92 2.4 0.0582888
4.92 2.46 0.0516899
4.92 2.52 0.0452082
4.92 2.58 0.0389955
4.92 2.64 0.0331753
4.92 2.7 0.0278353
4.92 2.76 0.0230344
4.92 2.82 0.0187993
4.92 2.88 0.0151322
4.92 2.94 0.012013
4.92 3 0.00940575
4.92 3.06 0.00726313
4.92 3.12 0.00553147
4.92 3.18 0.00415488
4.92 3.24 0.00307793
4.92 3.3 0.00224882
4.92 3.36 0.00162044
4.92 3.42 0.00115162
4.92 3.48 0.000807185
4.92 3.54 0.00055799
4.92 3.6 0.000380428
4.92 3.66 0.000255804
4.92 3.72 0.000169482
4.92 3.78 0.000110857
4.92 3.84 7.15123e-05
4.92 3.9 4.54984e-05
4.92 3.96 2.85492e-05
4.98 0.12 0.000154187
4.98 0.18 0.000231388
4.98 0.24 0.000342469
4.98 0.3 0.000499908
4.98 0.36 0.0007197
4.98 0.42 0.00102188
4.98 0.48 0.00144656
4.98 0.54 0.00199685
4.98 0.6 0.00271865
4.98 0.66 0.00365054
4.98 0.72 0.0048346
4.98 0.78 0.00631485
4.98 0.84 0.00813506
4.98 0.9 0.010336
4.98 0.96 0.0129523
4.98 1.02 0.016008
4.98 1.08 0.0195128
4.98 1.14 0.0234585
4.98 1.2 0.0278149
4.98 1.26 0.0325274
4.98 1.32 0.0375158
4.98 1.38 0.0426746
4.98 1.44 0.0478773
4.98 1.5 0.052976
4.98 1.56 0.057812
4.98 1.62 0.0622236
4.98 1.68 0.066052
4.98 1.74 0.0691523
4.98 1.8 0.0714042
4.98 1.86 0.0727164
4.98 1.92 0.0730349
4.98 1.98 0.0723476
4.98 2.04 0.0706829
4.98 2.1 0.0681062
4.98 2.16 0.0647234
4.98 2.22 0.0606624
4.98 2.28 0.0560757
4.98 2.34 0.0511233
4.98 2.4 0.045968
4.98 2.46 0.0407648
4.98 2.52 0.0356537
4.98 2.58 0.0307546
4.98 2.64 0.0261646
4.98 2.7 0.0219536
4.98 2.76 0.0181673
4.98 2.82 0.0148272
4.98 2.88 0.0119351
4.98 2.94 0.00947506
4.98 3 0.00741871
4.98 3.06 0.00572881
4.98 3.12 0.00436301
4.98 3.18 0.00327723
4.98 3.24 0.0024278
4.98 3.3 0.00177383
4.98 3.36 0.00127819
4.98 3.42 0.000908393
4.98 3.48 0.000636711
4.98 3.54 0.000440148
4.98 3.6 0.000300086
4.98 3.66 0.000201614
4.98 3.72 0.000133709
4.98 3.78 8.74576e-05
4.98 3.84 5.64182e-05
4.98 3.9 3.58949e-05
4.98 3.96 2.25232e-05
5.04 0.12 0.00011997
5.04 0.18 0.000180039
5.04 0.24 0.000266469
5.04 0.3 0.00038897
5.04 0.36 0.000559988
5.04 0.42 0.000795108
5.04 0.48 0.00111343
5.04 0.54 0.00155147
5.04 0.6 0.00211242
5.04 0.66 0.0028367
5.04 0.72 0.00375702
5.04 0.78 0.00490761
5.04 0.84 0.00632254
5.04 0.9 0.00803353
5.04 0.96 0.0100676
5.04 1.02 0.0124432
5.04 1.08 0.0151683
5.04 1.14 0.0182363
5.04 1.2 0.0216237
5.04 1.26 0.0252883
5.04 1.32 0.0291676
5.04 1.38 0.0331798
5.04 1.44 0.0372263
5.04 1.5 0.041192
5.04 1.56 0.0449538
5.04 1.62 0.0483855
5.04 1.68 0.0513641
5.04 1.74 0.0537765
5.04 1.8 0.0555289
5.04 1.86 0.0565507
5.04 1.92 0.0567998
5.04 1.98 0.0562668
5.04 2.04 0.0549732
5.04 2.1 0.0529702
5.04 2.16 0.0503403
5.04 2.22 0.0471826
5.04 2.28 0.0436158
5.04 2.34 0.0397646
5.04 2.4 0.0357553
5.04 2.46 0.0317085
5.04 2.52 0.0277333
5.04 2.58 0.0239228
5.04 2.64 0.0203528
5.04 2.7 0.0170773
5.04 2.76 0.0141322
5.04 2.82 0.0115342
5.04 2.88 0.00928443
5.04 2.94 0.00737082
5.04 3 0.0057712
5.04 3.06 0.00445662
5.04 3.12 0.00339417
5.04 3.18 0.00254952
5.04 3.24 0.00188872
5.04 3.3 0.00137997
5.04 3.36 0.000994383
5.04 3.42 0.000706702
5.04 3.48 0.000495346
5.04 3.54 0.000342427
5.04 3.6 0.000233287
5.04 3.66 0.000156872
5.04 3.72 0.000104037
5.04 3.78 6.80494e-05
5.04 3.84 4.38979e-05
5.04 3.9 2.79293e-05
5.04 3.96 1.7525e-05
5.1 0.18 0.00013816
5.1 0.24 0.000204484
5.1 0.3 0.000298491
5.1 0.36 0.000429729
5.1 0.42 0.000610157
5.1 0.48 0.000854438
5.1 0.54 0.00118006
5.1 0.6 0.0016074
5.1 0.66 0.00217439
5.1 0.72 0.00287998
5.1 0.78 0.00376217
5.1 0.84 0.00484705
5.1 0.9 0.00615911
5.1 0.96 0.00771887
5.1 1.02 0.00954065
5.1 1.08 0.0116306
5.1 1.14 0.0139836
5.1 1.2 0.0165816
5.1 1.26 0.0193923
5.1 1.32 0.0223679
5.1 1.38 0.0254458
5.1 1.44 0.0285498
5.1 1.5 0.0315918
5.1 1.56 0.0344782
5.1 1.62 0.037111
5.1 1.68 0.0393964
5.1 1.74 0.0412479
5.1 1.8 0.0425929
5.1 1.86 0.0433775
5.1 1.92 0.0435696
5.1 1.98 0.0431618
5.1 2.04 0.0421699
5.1 2.1 0.0406344
5.1 2.16 0.0386173
5.1 2.22 0.0361959
5.1 2.28 0.0334598
5.1 2.34 0.0305059
5.1 2.4 0.0274305
5.1 2.46 0.0243262
5.1 2.52 0.0212766
5.1 2.58 0.0183536
5.1 2.64 0.0156149
5.1 2.7 0.0131019
5.1 2.76 0.0108426
5.1 2.82 0.00884947
5.1 2.88 0.00712341
5.1 2.94 0.00565523
5.1 3 0.00442797
5.1 3.06 0.00341939
5.1 3.12 0.00260424
5.1 3.18 0.00195618
5.1 3.24 0.00144916
5.1 3.3 0.00105883
5.1 3.36 0.000762986
5.1 3.42 0.000542246
5.1 3.48 0.000380076
5.1 3.54 0.000262566
5.1 3.6 0.000179022
5.1 3.66 0.000120382
5.1 3.72 7.98371e-05
5.1 3.78 5.22204e-05
5.1 3.84 3.36867e-05
5.1 3.9 2.14325e-05
5.16 0.24 0.000154762
5.16 0.3 0.000225912
5.16 0.36 0.000325234
5.16 0.42 0.000461792
5.16 0.48 0.000646671
5.16 0.54 0.000893124
5.16 0.6 0.00121654
5.16 0.66 0.0016343
5.16 0.72 0.00217765
5.16 0.78 0.00284481
5.16 0.84 0.00366535
5.16 0.9 0.00465775
5.16 0.96 0.00583741
5.16 1.02 0.00721554
5.16 1.08 0.00879636
5.16 1.14 0.0105763
5.16 1.2 0.0125417
5.16 1.26 0.014668
5.16 1.32 0.0169193
5.16 1.38 0.019248
5.16 1.44 0.0215963
5.16 1.5 0.023898
5.16 1.56 0.0260822
5.16 1.62 0.0280745
5.16 1.68 0.0298038
5.16 1.74 0.0312051
5.16 1.8 0.0322234
5.16 1.86 0.0328176
5.16 1.92 0.0329638
5.16 1.98 0.0326556
5.16 2.04 0.0319052
5.16 2.1 0.0307446
5.16 2.16 0.0292182
5.16 2.22 0.0273869
5.16 2.28 0.0253172
5.16 2.34 0.0230822
5.16 2.4 0.0207554
5.16 2.46 0.0184068
5.16 2.52 0.0160995
5.16 2.58 0.013888
5.16 2.64 0.0118156
5.16 2.7 0.00991432
5.16 2.76 0.00820456
5.16 2.82 0.00669648
5.16 2.88 0.00539044
5.16 2.94 0.00427947
5.16 3 0.00335078
5.16 3.06 0.00258757
5.16 3.12 0.00197074
5.16 3.18 0.00148032
5.16 3.24 0.00109666
5.16 3.3 0.000801265
5.16 3.36 0.000577398
5.16 3.42 0.00041009
5.16 3.48 0.000287452
5.16 3.54 0.00019872
5.16 3.6 0.000135491
5.16 3.66 9.111e-05
5.16 3.72 6.0424e-05
5.16 3.78 3.95223e-05
5.16 3.84 2.54956e-05
5.16 3.9 1.62208e-05
5.22 0.3 0.000168628
5.22 0.36 0.000242767
5.22 0.42 0.0003447
5.22 0.48 0.0004827
5.22 0.54 0.00066666
5.22 0.6 0.00090807
5.22 0.66 0.0012199
5.22 0.72 0.00161628
5.22 0.78 0.00211205
5.22 0.84 0.002734
5.22 0.9 0.00347429
5.22 0.96 0.00435443
5.22 1.02 0.00538253
5.22 1.08 0.00656204
5.22 1.14 0.00789003
5.22 1.2 0.00935653
5.22 1.26 0.0109432
5.22 1.32 0.012623
5.22 1.38 0.0143606
5.22 1.44 0.0161129
5.22 1.5 0.0178309
5.22 1.56 0.0194605
5.22 1.62 0.0209478
5.22 1.68 0.0222386
5.22 1.74 0.0232844
5.22 1.8 0.0240447
5.22 1.86 0.0244886
5.22 1.92 0.0245978
5.22 1.98 0.024368
5.22 2.04 0.0238089
5.22 2.1 0.0229427
5.22 2.16 0.0218044
5.22 2.22 0.0204374
5.22 2.28 0.0188933
5.22 2.34 0.0172257
5.22 2.4 0.0154895
5.22 2.46 0.0137368
5.22 2.52 0.0120151
5.22 2.58 0.0103646
5.22 2.64 0.00881805
5.22 2.7 0.00739922
5.22 2.76 0.0061233
5.22 2.82 0.00499769
5.22 2.88 0.00402302
5.22 2.94 0.00319391
5.22 3 0.00250081
5.22 3.06 0.00193122
5.22 3.12 0.00147085
5.22 3.18 0.00110484
5.22 3.24 0.000818503
5.22 3.3 0.000597669
5.22 3.36 0.000430696
5.22 3.42 0.000306107
5.22 3.48 0.000214567
5.22 3.54 0.000148333
5.22 3.6 0.000101136
5.22 3.66 6.80076e-05
5.22 3.72 4.51026e-05
5.22 3.78 2.95009e-05
5.22 3.84 1.90309e-05
5.28 0.3 0.00012414
5.28 0.36 0.000178721
5.28 0.42 0.000253758
5.28 0.48 0.000355353
5.28 0.54 0.000490781
5.28 0.6 0.0006685
5.28 0.66 0.000898066
5.28 0.72 0.00118988
5.28 0.78 0.00155484
5.28 0.84 0.0020038
5.28 0.9 0.00254695
5.28 0.96 0.00320381
5.28 1.02 0.00396038
5.28 1.08 0.00482829
5.28 1.14 0.00580563
5.28 1.2 0.00688486
5.28 1.26 0.00805251
5.28 1.32 0.00928877
5.28 1.38 0.0105677
5.28 1.44 0.0118575
5.28 1.5 0.0131217
5.28 1.56 0.0143216
5.28 1.62 0.015416
5.28 1.68 0.0163663
5.28 1.74 0.0171364
5.28 1.8 0.0176961
5.28 1.86 0.018023
5.28 1.92 0.0181036
5.28 1.98 0.0179348
5.28 2.04 0.0175233
5.28 2.1 0.0168861
5.28 2.16 0.0160483
5.28 2.22 0.0150427
5.28 2.28 0.0139061
5.28 2.34 0.0126787
5.28 2.4 0.0114009
5.28 2.46 0.010111
5.28 2.52 0.00884376
5.28 2.58 0.00762901
5.28 2.64 0.00649074
5.28 2.7 0.00544633
5.28 2.76 0.00450722
5.28 2.82 0.00367878
5.28 2.88 0.00296132
5.28 2.94 0.00235102
5.28 3 0.00184085
5.28 3.06 0.00142158
5.28 3.12 0.0010827
5.28 3.18 0.000812814
5.28 3.24 0.000602174
5.28 3.3 0.000439993
5.28 3.36 0.000317071
5.28 3.42 0.000225347
5.28 3.48 0.000157956
5.28 3.54 0.000109198
5.28 3.6 7.44531e-05
5.28 3.66 5.00659e-05
5.28 3.72 3.32036e-05
5.28 3.78 2.17179e-05
5.28 3.84 1.401e-05
5.34 0.36 0.000129761
5.34 0.42 0.000184244
5.34 0.48 0.000258007
5.34 0.54 0.000356333
5.34 0.6 0.000485369
5.34 0.66 0.000652046
5.34 0.72 0.000863917
5.34 0.78 0.0011289
5.34 0.84 0.00145489
5.34 0.9 0.00184921
5.34 0.96 0.00231815
5.34 1.02 0.002866
5.34 1.08 0.00350411
5.34 1.14 0.00421345
5.34 1.2 0.00499677
5.34 1.26 0.00584434
5.34 1.32 0.00674174
5.34 1.38 0.00767006
5.34 1.44 0.00860631
5.34 1.5 0.00952425
5.34 1.56 0.010395
5.34 1.62 0.0111898
5.34 1.68 0.0118797
5.34 1.74 0.0124387
5.34 1.8 0.0128451
5.34 1.86 0.0130826
5.34 1.92 0.0131413
5.34 1.98 0.0130189
5.34 2.04 0.0127204
5.34 2.1 0.0122578
5.34 2.16 0.0116499
5.34 2.22 0.0109198
5.34 2.28 0.0100949
5.34 2.34 0.00920408
5.34 2.4 0.00827649
5.34 2.46 0.00734007
5.34 2.52 0.00642019
5.34 2.58 0.00553838
5.34 2.64 0.00471203
5.34 2.7 0.0039539
5.34 2.76 0.00327214
5.34 2.82 0.00267068
5.34 2.88 0.00214984
5.34 2.94 0.0017068
5.34 3 0.00133643
5.34 3.06 0.00103148
5.34 3.12 0.000785632
5.34 3.18 0.000590149
5.34 3.24 0.000437214
5.34 3.3 0.000319459
5.34 3.36 0.000230209
5.34 3.42 0.000163616
5.34 3.48 0.000114687
5.34 3.54 7.92853e-05
5.34 3.6 5.40577e-05
5.34 3.66 3.63504e-05
5.34 3.72 2.41077e-05
5.34 3.78 1.57685e-05
5.4 0.42 0.000131934
5.4 0.48 0.000184751
5.4 0.54 0.000255164
5.4 0.6 0.000347565
5.4 0.66 0.000466917
5.4 0.72 0.000618633
5.4 0.78 0.00080838
5.4 0.84 0.00104181
5.4 0.9 0.00132419
5.4 0.96 0.00165995
5.4 1.02 0.0020523
5.4 1.08 0.00250246
5.4 1.14 0.00300941
5.4 1.2 0.00356934
5.4 1.26 0.00418361
5.4 1.32 0.0048261
5.4 1.38 0.00549075
5.4 1.44 0.00616103
5.4 1.5 0.00681822
5.4 1.56 0.0074418
5.4 1.62 0.00801081
5.4 1.68 0.00850468
5.4 1.74 0.00890506
5.4 1.8 0.00919617
5.4 1.86 0.00936622
5.4 1.92 0.00940839
5.4 1.98 0.00932081
5.4 2.04 0.00910716
5.4 2.1 0.00877617
5.4 2.16 0.00834083
5.4 2.22 0.00781829
5.4 2.28 0.00722775
5.4 2.34 0.00658995
5.4 2.4 0.00592585
5.4 2.46 0.00525545
5.4 2.52 0.00459681
5.4 2.58 0.00396547
5.4 2.64 0.00337382
5.4 2.7 0.00283101
5.4 2.76 0.00234285
5.4 2.82 0.00191225
5.4 2.88 0.00153934
5.4 2.94 0.00122148
5.4 3 0.000956449
5.4 3.06 0.000738626
5.4 3.12 0.000562572
5.4 3.18 0.000422593
5.4 3.24 0.000313079
5.4 3.3 0.000228757
5.4 3.36 0.000164849
5.4 3.42 0.000117162
5.4 3.48 8.21248e-05
5.4 3.54 5.67743e-05
5.4 3.6 3.87096e-05
5.4 3.66 2.603e-05
5.4 3.72 1.72629e-05
5.4 3.78 1.12915e-05
5.46 0.48 0.000130479
5.46 0.54 0.000180206
5.46 0.6 0.000245462
5.46 0.66 0.000329752
5.46 0.72 0.000436899
5.46 0.78 0.000570906
5.46 0.84 0.000735761
5.46 0.9 0.000935191
5.46 0.96 0.00117232
5.46 1.02 0.00144941
5.46 1.08 0.0017673
5.46 1.14 0.00212536
5.46 1.2 0.00252081
5.46 1.26 0.00294873
5.46 1.32 0.00340188
5.46 1.38 0.00387072
5.46 1.44 0.0043501
5.46 1.5 0.00481413
5.46 1.56 0.00525451
5.46 1.62 0.00565627
5.46 1.68 0.00600512
5.46 1.74 0.00628792
5.46 1.8 0.00649351
5.46 1.86 0.00661365
5.46 1.92 0.00664342
5.46 1.98 0.00658165
5.46 2.04 0.00643083
5.46 2.1 0.00619713
5.46 2.16 0.00588979
5.46 2.22 0.00552086
5.46 2.28 0.00510385
5.46 2.34 0.00465348
5.46 2.4 0.00418455
5.46 2.46 0.00371117
5.46 2.52 0.00324611
5.46 2.58 0.00280027
5.46 2.64 0.00238249
5.46 2.7 0.0019981
5.46 2.76 0.00165362
5.46 2.82 0.00134974
5.46 2.88 0.00108654
5.46 2.94 0.000862649
5.46 3 0.000675478
5.46 3.06 0.000521647
5.46 3.12 0.000397308
5.46 3.18 0.000298449
5.46 3.24 0.000221108
5.46 3.3 0.000161556
5.46 3.36 0.000116422
5.46 3.42 8.27434e-05
5.46 3.48 5.79988e-05
5.46 3.54 4.00956e-05
5.46 3.6 2.73379e-05
5.46 3.66 1.83833e-05
5.46 3.72 1.21917e-05
5.52 0.54 0.000125518
5.52 0.6 0.00017097
5.52 0.66 0.000229681
5.52 0.72 0.000304313
5.52 0.78 0.000397651
5.52 0.84 0.000512478
5.52 0.9 0.000651384
5.52 0.96 0.000816559
5.52 1.02 0.00100955
5.52 1.08 0.00123098
5.52 1.14 0.00148038
5.52 1.2 0.00175582
5.52 1.26 0.00205388
5.52 1.32 0.00236951
5.52 1.38 0.00269605
5.52 1.44 0.00302547
5.52 1.5 0.00334844
5.52 1.56 0.00365498
5.52 1.62 0.00393468
5.52 1.68 0.00417763
5.52 1.74 0.004379
5.52 1.8 0.00452221
5.52 1.86 0.00460591
5.52 1.92 0.00462668
5.52 1.98 0.00458367
5.52 2.04 0.00447866
5.52 2.1 0.00431592
5.52 2.16 0.00410193
5.52 2.22 0.003845
5.52 2.28 0.00355458
5.52 2.34 0.00324093
5.52 2.4 0.00291264
5.52 2.46 0.00258324
5.52 2.52 0.0022596
5.52 2.58 0.00194932
5.52 2.64 0.00165853
5.52 2.7 0.00139173
5.52 2.76 0.0011518
5.52 2.82 0.000940129
5.52 2.88 0.000756806
5.52 2.94 0.000600857
5.52 3 0.000470488
5.52 3.06 0.000363341
5.52 3.12 0.000276737
5.52 3.18 0.000207878
5.52 3.24 0.000154008
5.52 3.3 0.000112529
5.52 3.36 8.10911e-05
5.52 3.42 5.7633e-05
5.52 3.48 4.03979e-05
5.52 3.54 2.79276e-05
5.52 3.6 1.90415e-05
5.52 3.66 1.28045e-05
5.52 3.72 8.49191e-06
5.58 0.6 0.000117449
5.58 0.66 0.00015778
5.58 0.72 0.000209048
5.58 0.78 0.000273168
5.58 0.84 0.000352049
5.58 0.9 0.00044747
5.58 0.96 0.000560937
5.58 1.02 0.000693512
5.58 1.08 0.000845625
5.58 1.14 0.00101695
5.58 1.2 0.00120617
5.58 1.26 0.00141092
5.58 1.32 0.00162774
5.58 1.38 0.00185206
5.58 1.44 0.00207835
5.58 1.5 0.00230022
5.58 1.56 0.0025108
5.58 1.62 0.00270294
5.58 1.68 0.00286984
5.58 1.74 0.00300516
5.58 1.8 0.00310358
5.58 1.86 0.00316117
5.58 1.92 0.00317557
5.58 1.98 0.00314617
5.58 2.04 0.00307422
5.58 2.1 0.00296261
5.58 2.16 0.00281582
5.58 2.22 0.00263954
5.58 2.28 0.00244025
5.58 2.34 0.00222499
5.58 2.4 0.00200085
5.58 2.46 0.00177457
5.58 2.52 0.00155224
5.58 2.58 0.00133909
5.58 2.64 0.00113933
5.58 2.7 0.000956056
5.58 2.76 0.000791229
5.58 2.82 0.000645824
5.58 2.88 0.00051989
5.58 2.94 0.000412761
5.58 3 0.000323203
5.58 3.06 0.000249598
5.58 3.12 0.000190105
5.58 3.18 0.000142802
5.58 3.24 0.000105796
5.58 3.3 7.73018e-05
5.58 3.36 5.57057e-05
5.58 3.42 3.95912e-05
5.58 3.48 2.77515e-05
5.58 3.54 1.9185e-05
5.58 3.6 1.30806e-05
5.58 3.66 8.79606e-06
5.64 0.72 0.000141633
5.64 0.78 0.000185075
5.64 0.84 0.000238517
5.64 0.9 0.000303166
5.64 0.96 0.00038004
5.64 1.02 0.000469863
5.64 1.08 0.00057292
5.64 1.14 0.000688992
5.64 1.2 0.000817189
5.64 1.26 0.000955912
5.64 1.32 0.00110281
5.64 1.38 0.00125479
5.64 1.44 0.0014081
5.64 1.5 0.00155843
5.64 1.56 0.00170109
5.64 1.62 0.00183128
5.64 1.68 0.00194433
5.64 1.74 0.00203602
5.64 1.8 0.00210271
5.64 1.86 0.00214173
5.64 1.92 0.00215147
5.64 1.98 0.00213156
5.64 2.04 0.00208283
5.64 2.1 0.00200721
5.64 2.16 0.00190776
5.64 2.22 0.00178831
5.64 2.28 0.0016533
5.64 2.34 0.00150747
5.64 2.4 0.00135561
5.64 2.46 0.00120229
5.64 2.52 0.00105166
5.64 2.58 0.000907246
5.64 2.64 0.000771912
5.64 2.7 0.000647737
5.64 2.76 0.000536068
5.64 2.82 0.000437552
5.64 2.88 0.000352232
5.64 2.94 0.000279651
5.64 3 0.000218974
5.64 3.06 0.000169106
5.64 3.12 0.000128798
5.64 3.18 9.67503e-05
5.64 3.24 7.16781e-05
5.64 3.3 5.23728e-05
5.64 3.36 3.77413e-05
5.64 3.42 2.68234e-05
5.64 3.48 1.8802e-05
5.64 3.54 1.29981e-05
5.64 3.6 8.86232e-06
5.7 0.78 0.000123667
5.7 0.84 0.000159376
5.7 0.9 0.000202575
5.7 0.96 0.000253942
5.7 1.02 0.000313961
5.7 1.08 0.000382828
5.7 1.14 0.00046038
5.7 1.2 0.000546039
5.7 1.26 0.000638733
5.7 1.32 0.000736888
5.7 1.38 0.000838447
5.7 1.44 0.000940897
5.7 1.5 0.00104133
5.7 1.56 0.00113666
5.7 1.62 0.00122366
5.7 1.68 0.0012992
5.7 1.74 0.00136045
5.7 1.8 0.00140501
5.7 1.86 0.00143108
5.7 1.92 0.0014376
5.7 1.98 0.00142431
5.7 2.04 0.00139174
5.7 2.1 0.00134121
5.7 2.16 0.00127476
5.7 2.22 0.00119494
5.7 2.28 0.00110473
5.7 2.34 0.00100729
5.7 2.4 0.000905818
5.7 2.46 0.000803372
5.7 2.52 0.000702715
5.7 2.58 0.000606216
5.7 2.64 0.000515793
5.7 2.7 0.000432816
5.7 2.76 0.0003582
5.7 2.82 0.00029237
5.7 2.88 0.00023536
5.7 2.94 0.000186862
5.7 3 0.000146318
5.7 3.06 0.000112995
5.7 3.12 8.60619e-05
5.7 3.18 6.46488e-05
5.7 3.24 4.78947e-05
5.7 3.3 3.49956e-05
5.7 3.36 2.52186e-05
5.7 3.42 1.79234e-05
5.7 3.48 1.25635e-05
5.7 3.54 8.68535e-06
5.7 3.6 5.92182e-06
5.76 0.84 0.000105031
5.76 0.9 0.0001335
5.76 0.96 0.000167352
5.76 1.02 0.000206904
5.76 1.08 0.000252289
5.76 1.14 0.0003034
5.76 1.2 0.000359849
5.76 1.26 0.000420935
5.76 1.32 0.000485624
5.76 1.38 0.000552554
5.76 1.44 0.000620062
5.76 1.5 0.000686253
5.76 1.56 0.000749077
5.76 1.62 0.000806407
5.76 1.68 0.000856199
5.76 1.74 0.000896562
5.76 1.8 0.000925924
5.76 1.86 0.000943108
5.76 1.92 0.000947409
5.76 1.98 0.000938644
5.76 2.04 0.000917167
5.76 2.1 0.000883881
5.76 2.16 0.000840083
5.76 2.22 0.000787483
5.76 2.28 0.000728029
5.76 2.34 0.000663813
5.76 2.4 0.000596943
5.76 2.46 0.000529427
5.76 2.52 0.000463093
5.76 2.58 0.00039951
5.76 2.64 0.000339913
5.76 2.7 0.000285233
5.76 2.76 0.000236058
5.76 2.82 0.000192676
5.76 2.88 0.000155105
5.76 2.94 0.000123144
5.76 3 9.64246e-05
5.76 3.06 7.44651e-05
5.76 3.12 5.67168e-05
5.76 3.18 4.26043e-05
5.76 3.24 3.15635e-05
5.76 3.3 2.30624e-05
5.76 3.36 1.66195e-05
5.76 3.42 1.18118e-05
5.76 3.48 8.27948e-06
5.76 3.54 5.72376e-06
5.82 0.96 0.000108771
5.82 1.02 0.000134478
5.82 1.08 0.000163976
5.82 1.14 0.000197195
5.82 1.2 0.000233886
5.82 1.26 0.00027359
5.82 1.32 0.000315634
5.82 1.38 0.000359132
5.82 1.44 0.000403011
5.82 1.5 0.000446037
5.82 1.56 0.000486865
5.82 1.62 0.000524129
5.82 1.68 0.000556488
5.82 1.74 0.000582726
5.82 1.8 0.000601813
5.82 1.86 0.00061298
5.82 1.92 0.00061577
5.82 1.98 0.000610067
5.82 2.04 0.000596123
5.82 2.1 0.000574478
5.82 2.16 0.000546018
5.82 2.22 0.000511829
5.82 2.28 0.000473187
5.82 2.34 0.000431448
5.82 2.4 0.000387985
5.82 2.46 0.000344106
5.82 2.52 0.000300994
5.82 2.58 0.000259662
5.82 2.64 0.000220928
5.82 2.7 0.000185388
5.82 2.76 0.000153428
5.82 2.82 0.000125231
5.82 2.88 0.000100811
5.82 2.94 8.00382e-05
5.82 3 6.26721e-05
5.82 3.06 4.83994e-05
5.82 3.12 3.68631e-05
5.82 3.18 2.76908e-05
5.82 3.24 2.05149e-05
5.82 3.3 1.49896e-05
5.82 3.36 1.08018e-05
5.82 3.42 7.67713e-06
5.82 3.48 5.38131e-06
5.88 1.02 8.62035e-05
5.88 1.08 0.000105112
5.88 1.14 0.000126407
5.88 1.2 0.000149925
5.88 1.26 0.000175376
5.88 1.32 0.000202328
5.88 1.38 0.000230213
5.88 1.44 0.00025834
5.88 1.5 0.000285916
5.88 1.56 0.000312092
5.88 1.62 0.000335977
5.88 1.68 0.000356721
5.88 1.74 0.000373538
5.88 1.8 0.000385771
5.88 1.86 0.000392931
5.88 1.92 0.000394723
5.88 1.98 0.000391072
5.88 2.04 0.000382123
5.88 2.1 0.000368256
5.88 2.16 0.000350006
5.88 2.22 0.000328094
5.88 2.28 0.000303323
5.88 2.34 0.000276567
5.88 2.4 0.000248707
5.88 2.46 0.000220578
5.88 2.52 0.000192941
5.88 2.58 0.00016645
5.88 2.64 0.00014162
5.88 2.7 0.000118838
5.88 2.76 9.83494e-05
5.88 2.82 8.02759e-05
5.88 2.88 6.46224e-05
5.88 2.94 5.13061e-05
5.88 3 4.0174e-05
5.88 3.06 3.10248e-05
5.88 3.12 2.36301e-05
5.88 3.18 1.77504e-05
5.88 3.24 1.31504e-05
5.88 3.3 9.60863e-06
5.88 3.36 6.92427e-06
5.88 3.42 4.9212e-06
5.94 1.14 7.99154e-05
5.94 1.2 9.4784e-05
5.94 1.26 0.000110874
5.94 1.32 0.000127913
5.94 1.38 0.000145541
5.94 1.44 0.000163325
5.94 1.5 0.00018076
5.94 1.56 0.000197307
5.94 1.62 0.000212408
5.94 1.68 0.000225523
5.94 1.74 0.000236155
5.94 1.8 0.000243889
5.94 1.86 0.000248414
5.94 1.92 0.000249545
5.94 1.98 0.000247238
5.94 2.04 0.000241585
5.94 2.1 0.000232812
5.94 2.16 0.000221279
5.94 2.22 0.000207423
5.94 2.28 0.000191763
5.94 2.34 0.000174849
5.94 2.4 0.000157235
5.94 2.46 0.000139453
5.94 2.52 0.00012198
5.94 2.58 0.00010523
5.94 2.64 8.95337e-05
5.94 2.7 7.51298e-05
5.94 2.76 6.21782e-05
5.94 2.82 5.07511e-05
5.94 2.88 4.08547e-05
5.94 2.94 3.24362e-05
5.94 3 2.53984e-05
5.94 3.06 1.96142e-05
5.94 3.12 1.49391e-05
5.94 3.18 1.1222e-05
5.94 3.24 8.31381e-06
5.94 3.3 6.0747e-06
5.94 3.36 4.37754e-06
6 1.32 7.97569e-05
6 1.38 9.07484e-05
6 1.44 0.000101835
6 1.5 0.000112708
6 1.56 0.000123024
6 1.62 0.000132441
6 1.68 0.000140618
6 1.74 0.000147247
6 1.8 0.00015207
6 1.86 0.000154892
6 1.92 0.000155598
6 1.98 0.000154157
6 2.04 0.000150633
6 2.1 0.000145164
6 2.16 0.000137972
6 2.22 0.000129332
6 2.28 0.000119568
6 2.34 0.000109022
6 2.4 9.80392e-05
6 2.46 8.69509e-05
6 2.52 7.60573e-05
6 2.58 6.56135e-05
6 2.64 5.58255e-05
6 2.7 4.68455e-05
6 2.76 3.87692e-05
6 2.82 3.16441e-05
6 2.88 2.54737e-05
6 2.94 2.02246e-05
6 3 1.58364e-05
6 3.06 1.22299e-05
6 3.12 9.31485e-06
6 3.18 6.99708e-06
6 3.24 5.18387e-06
6.06 1.44 6.26234e-05
6.06 1.5 6.93097e-05
6.06 1.56 7.56537e-05
6.06 1.62 8.14448e-05
6.06 1.68 8.64724e-05
6.06 1.74 9.05495e-05
6.06 1.8 9.35154e-05
6.06 1.86 9.52509e-05
6.06 1.92 9.56849e-05
6.06 1.98 9.4799e-05
6.06 2.04 9.2631e-05
6.06 2.1 8.9269e-05
6.06 2.16 8.48453e-05
6.06 2.22 7.95327e-05
6.06 2.28 7.35288e-05
6.06 2.34 6.70432e-05
6.06 2.4 6.02893e-05
6.06 2.46 5.34705e-05
6.06 2.52 4.67712e-05
6.06 2.58 4.03491e-05
6.06 2.64 3.43298e-05
6.06 2.7 2.88076e-05
6.06 2.76 2.3841e-05
6.06 2.82 1.94595e-05
6.06 2.88 1.56651e-05
6.06 2.94 1.24372e-05
6.06 3 9.73859e-06
6.06 3.06 7.52075e-06
6.12 1.62 4.9396e-05
6.12 1.68 5.24452e-05
6.12 1.74 5.49179e-05
6.12 1.8 5.67166e-05
6.12 1.86 5.77692e-05
6.12 1.92 5.80325e-05
6.12 1.98 5.74953e-05
6.12 2.04 5.61802e-05
6.12 2.1 5.41413e-05
6.12 2.16 5.14583e-05
6.12 2.22 4.82364e-05
6.12 2.28 4.4595e-05
6.12 2.34 4.06615e-05
6.12 2.4 3.65653e-05
6.12 2.46 3.24297e-05
6.12 2.52 2.83665e-05
6.12 2.58 2.44716e-05
6.12 2.64 2.08209e-05
6.12 2.7 1.74717e-05
6.12 2.76 1.44594e-05
6.12 2.82 1.18022e-05
6.12 2.88 9.50085e-06
6.18 1.92 3.47127e-05
6.18 1.98 3.43913e-05
6.18 2.04 3.36049e-05
6.18 2.1 3.23851e-05
6.18 2.16 3.07804e-05
6.18 2.22 2.8853e-05
6.18 2.28 2.66749e-05
6.18 2.34 2.43221e-05
6.18 2.4 2.18719e-05
6.18 2.46 1.93982e-05
6.18 2.52 1.69677e-05
6.18 2.58 1.46379e-05
