3778 0.06 0.06 0.112596 -12 -12
1.2 1.68 7.62995e-06
1.2 1.74 9.17354e-06
1.2 1.8 1.08777e-05
1.2 1.86 1.27212e-05
1.2 1.92 1.46727e-05
1.2 1.98 1.66909e-05
1.2 2.04 1.87256e-05
1.2 2.1 2.072e-05
1.2 2.16 2.26112e-05
1.2 2.22 2.43359e-05
1.2 2.28 2.58324e-05
1.2 2.34 2.70439e-05
1.2 2.4 2.79229e-05
1.26 1.38 3.89888e-06
1.26 1.44 5.02351e-06
1.26 1.5 6.38362e-06
1.26 1.56 8.00033e-06
1.26 1.62 9.88893e-06
1.26 1.68 1.20552e-05
1.26 1.74 1.4494e-05
1.26 1.8 1.71866e-05
1.26 1.86 2.00992e-05
1.26 1.92 2.31824e-05
1.26 1.98 2.63712e-05
1.26 2.04 2.95863e-05
1.26 2.1 3.27371e-05
1.26 2.16 3.57251e-05
1.26 2.22 3.84505e-05
1.26 2.28 4.08148e-05
1.26 2.34 4.2729e-05
1.26 2.4 4.41179e-05
1.26 2.46 4.49256e-05
1.26 2.52 4.51196e-05
1.26 2.58 4.46918e-05
1.26 2.64 4.36592e-05
1.26 2.7 4.20642e-05
1.32 1.2 2.61399e-06
1.32 1.26 3.51082e-06
1.32 1.32 4.65048e-06
1.32 1.38 6.07548e-06
1.32 1.44 7.82797e-06
1.32 1.5 9.94729e-06
1.32 1.56 1.24667e-05
1.32 1.62 1.54096e-05
1.32 1.68 1.8785e-05
1.32 1.74 2.25854e-05
1.32 1.8 2.67813e-05
1.32 1.86 3.13201e-05
1.32 1.92 3.61246e-05
1.32 1.98 4.10933e-05
1.32 2.04 4.61035e-05
1.32 2.1 5.10128e-05
1.32 2.16 5.5669e-05
1.32 2.22 5.99162e-05
1.32 2.28 6.35999e-05
1.32 2.34 6.65829e-05
1.32 2.4 6.87474e-05
1.32 2.46 7.00063e-05
1.32 2.52 7.03082e-05
1.32 2.58 6.96417e-05
1.32 2.64 6.8032e-05
1.32 2.7 6.55469e-05
1.32 2.76 6.22849e-05
1.32 2.82 5.83705e-05
1.32 2.88 5.39513e-05
1.38 1.08 2.13646e-06
1.38 1.14 2.95001e-06
1.38 1.2 4.01732e-06
1.38 1.26 5.39554e-06
1.38 1.32 7.147e-06
1.38 1.38 9.337e-06
1.38 1.44 1.20303e-05
1.38 1.5 1.52874e-05
1.38 1.56 1.91594e-05
1.38 1.62 2.3682e-05
1.38 1.68 2.88699e-05
1.38 1.74 3.471e-05
1.38 1.8 4.11586e-05
1.38 1.86 4.81342e-05
1.38 1.92 5.5518e-05
1.38 1.98 6.31541e-05
1.38 2.04 7.08537e-05
1.38 2.1 7.8398e-05
1.38 2.16 8.55552e-05
1.38 2.22 9.20815e-05
1.38 2.28 9.77437e-05
1.38 2.34 0.000102327
1.38 2.4 0.000105653
1.38 2.46 0.000107588
1.38 2.52 0.000108052
1.38 2.58 0.000107028
1.38 2.64 0.000104554
1.38 2.7 0.000100736
1.38 2.76 9.57217e-05
1.38 2.82 8.9707e-05
1.38 2.88 8.29139e-05
1.38 2.94 7.55832e-05
1.38 3 6.79532e-05
1.38 3.06 6.02535e-05
1.44 0.96 1.62944e-06
1.44 1.02 2.31302e-06
1.44 1.08 3.23829e-06
1.44 1.14 4.47135e-06
1.44 1.2 6.08912e-06
1.44 1.26 8.17816e-06
1.44 1.32 1.08329e-05
1.44 1.38 1.41523e-05
1.44 1.44 1.82346e-05
1.44 1.5 2.31715e-05
1.44 1.56 2.904e-05
1.44 1.62 3.58953e-05
1.44 1.68 4.37584e-05
1.44 1.74 5.26111e-05
1.44 1.8 6.23848e-05
1.44 1.86 7.29572e-05
1.44 1.92 8.41488e-05
1.44 1.98 9.57231e-05
1.44 2.04 0.000107394
1.44 2.1 0.000118831
1.44 2.16 0.000129677
1.44 2.22 0.00013957
1.44 2.28 0.000148151
1.44 2.34 0.0001551
1.44 2.4 0.000160141
1.44 2.46 0.000163073
1.44 2.52 0.000163777
1.44 2.58 0.000162225
1.44 2.64 0.000158476
1.44 2.7 0.000152687
1.44 2.76 0.000145087
1.44 2.82 0.000135971
1.44 2.88 0.000125675
1.44 2.94 0.000114563
1.44 3 0.000102997
1.44 3.06 9.13264e-05
1.44 3.12 7.98647e-05
1.44 3.18 6.88827e-05
1.5 0.84 1.15963e-06
1.5 0.9 1.69233e-06
1.5 0.96 2.43582e-06
1.5 1.02 3.45774e-06
1.5 1.08 4.84085e-06
1.5 1.14 6.68417e-06
1.5 1.2 9.10246e-06
1.5 1.26 1.22253e-05
1.5 1.32 1.6194e-05
1.5 1.38 2.1156e-05
1.5 1.44 2.72583e-05
1.5 1.5 3.46387e-05
1.5 1.56 4.34118e-05
1.5 1.62 5.36589e-05
1.5 1.68 6.5414e-05
1.5 1.74 7.86468e-05
1.5 1.8 9.32581e-05
1.5 1.86 0.000109063
1.5 1.92 0.000125793
1.5 1.98 0.000143097
1.5 2.04 0.000160541
1.5 2.1 0.000177637
1.5 2.16 0.000193852
1.5 2.22 0.00020864
1.5 2.28 0.00022147
1.5 2.34 0.000231854
1.5 2.4 0.000239391
1.5 2.46 0.000243775
1.5 2.52 0.000244829
1.5 2.58 0.000242506
1.5 2.64 0.000236902
1.5 2.7 0.000228249
1.5 2.76 0.000216889
1.5 2.82 0.000203261
1.5 2.88 0.000187869
1.5 2.94 0.000171259
1.5 3 0.00015397
1.5 3.06 0.000136523
1.5 3.12 0.00011939
1.5 3.18 0.000102972
1.5 3.24 8.75899e-05
1.5 3.3 7.34822e-05
1.56 0.72 7.70105e-07
1.56 0.78 1.15542e-06
1.56 0.84 1.70968e-06
1.56 0.9 2.49509e-06
1.56 0.96 3.59118e-06
1.56 1.02 5.09785e-06
1.56 1.08 7.13712e-06
1.56 1.14 9.85476e-06
1.56 1.2 1.34201e-05
1.56 1.26 1.80244e-05
1.56 1.32 2.38755e-05
1.56 1.38 3.11911e-05
1.56 1.44 4.01884e-05
1.56 1.5 5.10689e-05
1.56 1.56 6.40036e-05
1.56 1.62 7.91115e-05
1.56 1.68 9.64408e-05
1.56 1.74 0.000115952
1.56 1.8 0.000137493
1.56 1.86 0.000160795
1.56 1.92 0.000185462
1.56 1.98 0.000210972
1.56 2.04 0.000236692
1.56 2.1 0.000261898
1.56 2.16 0.000285803
1.56 2.22 0.000307606
1.56 2.28 0.000326515
1.56 2.34 0.00034183
1.56 2.4 0.000352944
1.56 2.46 0.000359409
1.56 2.52 0.000360961
1.56 2.58 0.000357534
1.56 2.64 0.000349276
1.56 2.7 0.000336514
1.56 2.76 0.000319766
1.56 2.82 0.000299672
1.56 2.88 0.000276984
1.56 2.94 0.000252492
1.56 3 0.000227001
1.56 3.06 0.00020128
1.56 3.12 0.000176021
1.56 3.18 0.000151814
1.56 3.24 0.000129138
1.56 3.3 0.000108337
1.56 3.36 8.9639e-05
1.62 0.66 7.36094e-07
1.62 0.72 1.11978e-06
1.62 0.78 1.68005e-06
1.62 0.84 2.48601e-06
1.62 0.9 3.62801e-06
1.62 0.96 5.2219e-06
1.62 1.02 7.41255e-06
1.62 1.08 1.03778e-05
1.62 1.14 1.43294e-05
1.62 1.2 1.95139e-05
1.62 1.26 2.62088e-05
1.62 1.32 3.47164e-05
1.62 1.38 4.53541e-05
1.62 1.44 5.84368e-05
1.62 1.5 7.4258e-05
1.62 1.56 9.30654e-05
1.62 1.62 0.000115034
1.62 1.68 0.000140233
1.62 1.74 0.000168603
1.62 1.8 0.000199925
1.62 1.86 0.000233807
1.62 1.92 0.000269674
1.62 1.98 0.000306765
1.62 2.04 0.000344167
1.62 2.1 0.000380817
1.62 2.16 0.000415579
1.62 2.22 0.000447281
1.62 2.28 0.000474783
1.62 2.34 0.000497051
1.62 2.4 0.000513207
1.62 2.46 0.000522604
1.62 2.52 0.000524857
1.62 2.58 0.000519883
1.62 2.64 0.000507869
1.62 2.7 0.000489319
1.62 2.76 0.000464963
1.62 2.82 0.000435746
1.62 2.88 0.000402753
1.62 2.94 0.000367139
1.62 3 0.000330076
1.62 3.06 0.000292676
1.62 3.12 0.000255943
1.62 3.18 0.000220749
1.62 3.24 0.000187774
1.62 3.3 0.000157531
1.62 3.36 0.000130342
1.62 3.42 0.000106362
1.62 3.48 8.56024e-05
1.68 0.66 1.05562e-06
1.68 0.72 1.60586e-06
1.68 0.78 2.40933e-06
1.68 0.84 3.56511e-06
1.68 0.9 5.2029e-06
1.68 0.96 7.48858e-06
1.68 1.02 1.06303e-05
1.68 1.08 1.48827e-05
1.68 1.14 2.05496e-05
1.68 1.2 2.79846e-05
1.68 1.26 3.75856e-05
1.68 1.32 4.97865e-05
1.68 1.38 6.50414e-05
1.68 1.44 8.38029e-05
1.68 1.5 0.000106493
1.68 1.56 0.000133464
1.68 1.62 0.000164967
1.68 1.68 0.000201106
1.68 1.74 0.000241791
1.68 1.8 0.000286707
1.68 1.86 0.000335298
1.68 1.92 0.000386736
1.68 1.98 0.000439931
1.68 2.04 0.000493558
1.68 2.1 0.000546125
1.68 2.16 0.000595977
1.68 2.22 0.000641431
1.68 2.28 0.000680876
1.68 2.34 0.000712807
1.68 2.4 0.000735973
1.68 2.46 0.000749454
1.68 2.52 0.000752692
1.68 2.58 0.000745547
1.68 2.64 0.000728332
1.68 2.7 0.000701722
1.68 2.76 0.000666791
1.68 2.82 0.000624899
1.68 2.88 0.000577583
1.68 2.94 0.000526508
1.68 3 0.000473357
1.68 3.06 0.000419721
1.68 3.12 0.000367049
1.68 3.18 0.000316569
1.68 3.24 0.000269286
1.68 3.3 0.000225913
1.68 3.36 0.000186919
1.68 3.42 0.000152532
1.68 3.48 0.00012276
1.68 3.54 9.74407e-05
1.74 0.66 1.49303e-06
1.74 0.72 2.27126e-06
1.74 0.78 3.40768e-06
1.74 0.84 5.04242e-06
1.74 0.9 7.35876e-06
1.74 0.96 1.05917e-05
1.74 1.02 1.50352e-05
1.74 1.08 2.10495e-05
1.74 1.14 2.90648e-05
1.74 1.2 3.95806e-05
1.74 1.26 5.31596e-05
1.74 1.32 7.04161e-05
1.74 1.38 9.19928e-05
1.74 1.44 0.000118528
1.74 1.5 0.00015062
1.74 1.56 0.000188767
1.74 1.62 0.000233326
1.74 1.68 0.00028444
1.74 1.74 0.000341982
1.74 1.8 0.000405512
1.74 1.86 0.00047424
1.74 1.92 0.000546988
1.74 1.98 0.000622224
1.74 2.04 0.00069808
1.74 2.1 0.000772421
1.74 2.16 0.00084293
1.74 2.22 0.000907227
1.74 2.28 0.000963018
1.74 2.34 0.00100818
1.74 2.4 0.00104095
1.74 2.46 0.00106
1.74 2.52 0.00106458
1.74 2.58 0.00105449
1.74 2.64 0.00103013
1.74 2.7 0.0009925
1.74 2.76 0.000943094
1.74 2.82 0.00088384
1.74 2.88 0.000816915
1.74 2.94 0.000744679
1.74 3 0.000669506
1.74 3.06 0.000593644
1.74 3.12 0.00051914
1.74 3.18 0.000447749
1.74 3.24 0.000380869
1.74 3.3 0.000319524
1.74 3.36 0.000264375
1.74 3.42 0.000215739
1.74 3.48 0.00017363
1.74 3.54 0.000137818
1.74 3.6 0.000107889
1.74 3.66 8.3299e-05
1.8 0.6 1.35024e-06
1.8 0.66 2.08269e-06
1.8 0.72 3.16828e-06
1.8 0.78 4.75346e-06
1.8 0.84 7.03383e-06
1.8 0.9 1.0265e-05
1.8 0.96 1.47747e-05
1.8 1.02 2.09729e-05
1.8 1.08 2.93629e-05
1.8 1.14 4.05434e-05
1.8 1.2 5.52124e-05
1.8 1.26 7.41545e-05
1.8 1.32 9.82259e-05
1.8 1.38 0.000128323
1.8 1.44 0.00016534
1.8 1.5 0.000210103
1.8 1.56 0.000263318
1.8 1.62 0.000325474
1.8 1.68 0.000396772
1.8 1.74 0.000477039
1.8 1.8 0.000565659
1.8 1.86 0.000661529
1.8 1.92 0.000763011
1.8 1.98 0.000867956
1.8 2.04 0.000973773
1.8 2.1 0.00107747
1.8 2.16 0.00117583
1.8 2.22 0.00126552
1.8 2.28 0.00134334
1.8 2.34 0.00140634
1.8 2.4 0.00145205
1.8 2.46 0.00147864
1.8 2.52 0.00148502
1.8 2.58 0.00147094
1.8 2.64 0.00143696
1.8 2.7 0.00138447
1.8 2.76 0.00131555
1.8 2.82 0.00123288
1.8 2.88 0.00113953
1.8 2.94 0.00103877
1.8 3 0.000933909
1.8 3.06 0.000828092
1.8 3.12 0.000724164
1.8 3.18 0.00062458
1.8 3.24 0.000531285
1.8 3.3 0.000445715
1.8 3.36 0.000368785
1.8 3.42 0.000300939
1.8 3.48 0.000242201
1.8 3.54 0.000192247
1.8 3.6 0.000150498
1.8 3.66 0.000116196
1.8 3.72 8.84802e-05
1.86 0.6 1.8576e-06
1.86 0.66 2.86527e-06
1.86 0.72 4.3588e-06
1.86 0.78 6.53966e-06
1.86 0.84 9.67683e-06
1.86 0.9 1.41222e-05
1.86 0.96 2.03262e-05
1.86 1.02 2.88537e-05
1.86 1.08 4.03963e-05
1.86 1.14 5.57779e-05
1.86 1.2 7.59585e-05
1.86 1.26 0.000102019
1.86 1.32 0.000135136
1.86 1.38 0.000176542
1.86 1.44 0.000227467
1.86 1.5 0.000289051
1.86 1.56 0.00036226
1.86 1.62 0.000447773
1.86 1.68 0.000545856
1.86 1.74 0.00065629
1.86 1.8 0.00077821
1.86 1.86 0.000910098
1.86 1.92 0.00104971
1.86 1.98 0.0011941
1.86 2.04 0.00133968
1.86 2.1 0.00148235
1.86 2.16 0.00161766
1.86 2.22 0.00174105
1.86 2.28 0.00184809
1.86 2.34 0.00193477
1.86 2.4 0.00199767
1.86 2.46 0.00203426
1.86 2.52 0.00204304
1.86 2.58 0.00202365
1.86 2.64 0.00197691
1.86 2.7 0.00190468
1.86 2.76 0.00180987
1.86 2.82 0.00169615
1.86 2.88 0.00156773
1.86 2.94 0.0014291
1.86 3 0.00128482
1.86 3.06 0.00113925
1.86 3.12 0.000996276
1.86 3.18 0.00085927
1.86 3.24 0.000730922
1.86 3.3 0.000613193
1.86 3.36 0.000507359
1.86 3.42 0.000414015
1.86 3.48 0.000333208
1.86 3.54 0.000264485
1.86 3.6 0.00020705
1.86 3.66 0.000159858
1.86 3.72 0.000121727
1.86 3.78 9.14167e-05
1.92 0.54 1.61162e-06
1.92 0.6 2.52048e-06
1.92 0.66 3.88771e-06
1.92 0.72 5.91421e-06
1.92 0.78 8.87333e-06
1.92 0.84 1.31299e-05
1.92 0.9 1.91616e-05
1.92 0.96 2.75793e-05
1.92 1.02 3.91504e-05
1.92 1.08 5.48113e-05
1.92 1.14 7.56824e-05
1.92 1.2 0.000103063
1.92 1.26 0.000138423
1.92 1.32 0.000183358
1.92 1.38 0.00023954
1.92 1.44 0.000308637
1.92 1.5 0.000392196
1.92 1.56 0.000491534
1.92 1.62 0.000607557
1.92 1.68 0.000740646
1.92 1.74 0.000890482
1.92 1.8 0.00105592
1.92 1.86 0.00123487
1.92 1.92 0.00142431
1.92 1.98 0.00162022
1.92 2.04 0.00181774
1.92 2.1 0.00201131
1.92 2.16 0.00219491
1.92 2.22 0.00236234
1.92 2.28 0.00250757
1.92 2.34 0.00262517
1.92 2.4 0.00271052
1.92 2.46 0.00276018
1.92 2.52 0.0027721
1.92 2.58 0.00274578
1.92 2.64 0.00268235
1.92 2.7 0.00258436
1.92 2.76 0.00245572
1.92 2.82 0.00230142
1.92 2.88 0.00212717
1.92 2.94 0.00193908
1.92 3 0.00174332
1.92 3.06 0.00154579
1.92 3.12 0.0013518
1.92 3.18 0.0011659
1.92 3.24 0.000991746
1.92 3.3 0.00083201
1.92 3.36 0.000688406
1.92 3.42 0.000561758
1.92 3.48 0.000452107
1.92 3.54 0.000358863
1.92 3.6 0.000280934
1.92 3.66 0.000216903
1.92 3.72 0.000165164
1.92 3.78 0.000124038
1.92 3.84 9.18728e-05
1.98 0.54 2.15664e-06
1.98 0.6 3.37291e-06
1.98 0.66 5.20254e-06
1.98 0.72 7.91433e-06
1.98 0.78 1.18741e-05
1.98 0.84 1.75703e-05
1.98 0.9 2.5642e-05
1.98 0.96 3.69069e-05
1.98 1.02 5.23907e-05
1.98 1.08 7.33483e-05
1.98 1.14 0.000101278
1.98 1.2 0.00013792
1.98 1.26 0.000185237
1.98 1.32 0.000245368
1.98 1.38 0.000320549
1.98 1.44 0.000413016
1.98 1.5 0.000524838
1.98 1.56 0.000657769
1.98 1.62 0.000813027
1.98 1.68 0.000991131
1.98 1.74 0.00119164
1.98 1.8 0.00141301
1.98 1.86 0.00165249
1.98 1.92 0.001906
1.98 1.98 0.00216817
1.98 2.04 0.00243248
1.98 2.1 0.00269152
1.98 2.16 0.00293723
1.98 2.22 0.00316124
1.98 2.28 0.00335564
1.98 2.34 0.003513
1.98 2.4 0.00362719
1.98 2.46 0.00369364
1.98 2.52 0.00370958
1.98 2.58 0.00367436
1.98 2.64 0.00358952
1.98 2.7 0.00345839
1.98 2.76 0.0032862
1.98 2.82 0.00307976
1.98 2.88 0.00284656
1.98 2.94 0.00259485
1.98 3 0.00233289
1.98 3.06 0.00206857
1.98 3.12 0.00180897
1.98 3.18 0.00156019
1.98 3.24 0.00132715
1.98 3.3 0.0011134
1.98 3.36 0.000921217
1.98 3.42 0.000751743
1.98 3.48 0.000605013
1.98 3.54 0.000480229
1.98 3.6 0.000375943
1.98 3.66 0.000290257
1.98 3.72 0.000221022
1.98 3.78 0.000165988
1.98 3.84 0.000122943
1.98 3.9 8.98093e-05
2.04 0.54 2.84636e-06
2.04 0.6 4.45154e-06
2.04 0.66 6.86631e-06
2.04 0.72 1.04454e-05
2.04 0.78 1.56716e-05
2.04 0.84 2.31896e-05
2.04 0.9 3.38424e-05
2.04 0.96 4.87096e-05
2.04 1.02 6.91451e-05
2.04 1.08 9.68052e-05
2.04 1.14 0.000133667
2.04 1.2 0.000182026
2.04 1.26 0.000244477
2.04 1.32 0.000323838
2.04 1.38 0.000423064
2.04 1.44 0.000545101
2.04 1.5 0.000692675
2.04 1.56 0.000868122
2.04 1.62 0.00107304
2.04 1.68 0.00130809
2.04 1.74 0.00157273
2.04 1.8 0.00186491
2.04 1.86 0.00218097
2.04 1.92 0.00251554
2.04 1.98 0.00286154
2.04 2.04 0.00321041
2.04 2.1 0.00355228
2.04 2.16 0.00387652
2.04 2.22 0.00417226
2.04 2.28 0.00442877
2.04 2.34 0.00463648
2.04 2.4 0.00478722
2.04 2.46 0.0048749
2.04 2.52 0.00489593
2.04 2.58 0.00484949
2.04 2.64 0.00473744
2.04 2.7 0.00456437
2.04 2.76 0.00433719
2.04 2.82 0.00406461
2.04 2.88 0.00375689
2.04 2.94 0.00342469
2.04 3 0.00307897
2.04 3.06 0.0027301
2.04 3.12 0.00238748
2.04 3.18 0.00205916
2.04 3.24 0.00175157
2.04 3.3 0.00146945
2.04 3.36 0.00121584
2.04 3.42 0.000992152
2.04 3.48 0.000798496
2.04 3.54 0.000633811
2.04 3.6 0.000496173
2.04 3.66 0.000383083
2.04 3.72 0.000291706
2.04 3.78 0.000219069
2.04 3.84 0.000162261
2.04 3.9 0.000118531
2.04 3.96 8.5396e-05
2.1 0.54 3.70495e-06
2.1 0.6 5.7944e-06
2.1 0.66 8.9376e-06
2.1 0.72 1.35962e-05
2.1 0.78 2.0399e-05
2.1 0.84 3.01849e-05
2.1 0.9 4.4051e-05
2.1 0.96 6.3404e-05
2.1 1.02 9.00032e-05
2.1 1.08 0.000126007
2.1 1.14 0.000173987
2.1 1.2 0.000236937
2.1 1.26 0.000318224
2.1 1.32 0.000421523
2.1 1.38 0.000550686
2.1 1.44 0.000709535
2.1 1.5 0.000901637
2.1 1.56 0.00113
2.1 1.62 0.00139674
2.1 1.68 0.00170271
2.1 1.74 0.00204717
2.1 1.8 0.00242747
2.1 1.86 0.00283888
2.1 1.92 0.00327437
2.1 1.98 0.00372473
2.1 2.04 0.00417883
2.1 2.1 0.00462385
2.1 2.16 0.00504594
2.1 2.22 0.00543084
2.1 2.28 0.0057648
2.1 2.34 0.00603515
2.1 2.4 0.00623131
2.1 2.46 0.0063454
2.1 2.52 0.00637276
2.1 2.58 0.00631237
2.1 2.64 0.0061665
2.1 2.7 0.00594129
2.1 2.76 0.00564554
2.1 2.82 0.00529082
2.1 2.88 0.0048902
2.1 2.94 0.00445777
2.1 3 0.00400778
2.1 3.06 0.00355366
2.1 3.12 0.00310765
2.1 3.18 0.00268031
2.1 3.24 0.00227995
2.1 3.3 0.00191273
2.1 3.36 0.0015826
2.1 3.42 0.00129145
2.1 3.48 0.00103938
2.1 3.54 0.000825006
2.1 3.6 0.000645844
2.1 3.66 0.000498643
2.1 3.72 0.000379702
2.1 3.78 0.000285155
2.1 3.84 0.000211207
2.1 3.9 0.000154287
2.1 3.96 0.000111157
2.1 4.02 7.8983e-05
2.16 0.48 2.99944e-06
2.16 0.54 4.75632e-06
2.16 0.6 7.43866e-06
2.16 0.66 1.14737e-05
2.16 0.72 1.74544e-05
2.16 0.78 2.61877e-05
2.16 0.84 3.87502e-05
2.16 0.9 5.65511e-05
2.16 0.96 8.13954e-05
2.16 1.02 0.000115544
2.16 1.08 0.000161763
2.16 1.14 0.00022336
2.16 1.2 0.00030417
2.16 1.26 0.000408523
2.16 1.32 0.00054114
2.16 1.38 0.000706952
2.16 1.44 0.000910866
2.16 1.5 0.00115749
2.16 1.56 0.00145066
2.16 1.62 0.00179307
2.16 1.68 0.00218588
2.16 1.74 0.00262807
2.16 1.8 0.00311632
2.16 1.86 0.00364447
2.16 1.92 0.00420353
2.16 1.98 0.00478175
2.16 2.04 0.00536466
2.16 2.1 0.00593594
2.16 2.16 0.00647781
2.16 2.22 0.00697191
2.16 2.28 0.00740064
2.16 2.34 0.00774766
2.16 2.4 0.00799951
2.16 2.46 0.00814604
2.16 2.52 0.00818125
2.16 2.58 0.00810358
2.16 2.64 0.00791638
2.16 2.7 0.00762717
2.16 2.76 0.00724757
2.16 2.82 0.0067922
2.16 2.88 0.00627786
2.16 2.94 0.0057228
2.16 3 0.00514507
2.16 3.06 0.00456205
2.16 3.12 0.00398956
2.16 3.18 0.0034409
2.16 3.24 0.00292692
2.16 3.3 0.0024555
2.16 3.36 0.00203167
2.16 3.42 0.00165792
2.16 3.48 0.00133431
2.16 3.54 0.0010591
2.16 3.6 0.000829111
2.16 3.66 0.000640142
2.16 3.72 0.000487443
2.16 3.78 0.000366075
2.16 3.84 0.000271142
2.16 3.9 0.000198067
2.16 3.96 0.0001427
2.16 4.02 0.000101396
2.22 0.48 3.79762e-06
2.22 0.54 6.02211e-06
2.22 0.6 9.41827e-06
2.22 0.66 1.45272e-05
2.22 0.72 2.20995e-05
2.22 0.78 3.31567e-05
2.22 0.84 4.90628e-05
2.22 0.9 7.1601e-05
2.22 0.96 0.000103056
2.22 1.02 0.000146292
2.22 1.08 0.000204812
2.22 1.14 0.000282802
2.22 1.2 0.000385117
2.22 1.26 0.000517244
2.22 1.32 0.00068515
2.22 1.38 0.000895087
2.22 1.44 0.00115328
2.22 1.5 0.00146551
2.22 1.56 0.00183671
2.22 1.62 0.00227027
2.22 1.68 0.00276758
2.22 1.74 0.00332746
2.22 1.8 0.00394564
2.22 1.86 0.00461435
2.22 1.92 0.00532221
2.22 1.98 0.00605423
2.22 2.04 0.00679236
2.22 2.1 0.00751561
2.22 2.16 0.0082017
2.22 2.22 0.00882737
2.22 2.28 0.00937011
2.22 2.34 0.00980951
2.22 2.4 0.0101284
2.22 2.46 0.010314
2.22 2.52 0.0103584
2.22 2.58 0.0102602
2.22 2.64 0.0100231
2.22 2.7 0.00965699
2.22 2.76 0.00917632
2.22 2.82 0.00859965
2.22 2.88 0.00794851
2.22 2.94 0.00724572
2.22 3 0.00651428
2.22 3.06 0.00577617
2.22 3.12 0.00505125
2.22 3.18 0.00435663
2.22 3.24 0.00370583
2.22 3.3 0.00310897
2.22 3.36 0.00257237
2.22 3.42 0.00209913
2.22 3.48 0.0016894
2.22 3.54 0.00134097
2.22 3.6 0.00104976
2.22 3.66 0.000810495
2.22 3.72 0.000617168
2.22 3.78 0.000463489
2.22 3.84 0.000343301
2.22 3.9 0.000250778
2.22 3.96 0.000180675
2.22 4.02 0.000128378
2.22 4.08 8.99659e-05
2.28 0.48 4.74217e-06
2.28 0.54 7.51992e-06
2.28 0.6 1.17607e-05
2.28 0.66 1.81403e-05
2.28 0.72 2.75962e-05
2.28 0.78 4.14037e-05
2.28 0.84 6.12655e-05
2.28 0.9 8.94097e-05
2.28 0.96 0.000128688
2.28 1.02 0.000182679
2.28 1.08 0.000255754
2.28 1.14 0.000353139
2.28 1.2 0.000480899
2.28 1.26 0.000645892
2.28 1.32 0.000855564
2.28 1.38 0.00111772
2.28 1.44 0.00144012
2.28 1.5 0.00183002
2.28 1.56 0.00229353
2.28 1.62 0.00283491
2.28 1.68 0.00345592
2.28 1.74 0.00415508
2.28 1.8 0.00492701
2.28 1.86 0.005762
2.28 1.92 0.0066459
2.28 1.98 0.00756008
2.28 2.04 0.00848169
2.28 2.1 0.00938497
2.28 2.16 0.0102416
2.28 2.22 0.0110228
2.28 2.28 0.0117006
2.28 2.34 0.0122493
2.28 2.4 0.0126475
2.28 2.46 0.0128792
2.28 2.52 0.0129348
2.28 2.58 0.012812
2.28 2.64 0.0125161
2.28 2.7 0.0120587
2.28 2.76 0.0114587
2.28 2.82 0.0107386
2.28 2.88 0.00992555
2.28 2.94 0.00904793
2.28 3 0.0081345
2.28 3.06 0.00721274
2.28 3.12 0.00630761
2.28 3.18 0.00544018
2.28 3.24 0.00462757
2.28 3.3 0.00388221
2.28 3.36 0.00321215
2.28 3.42 0.00262121
2.28 3.48 0.00210957
2.28 3.54 0.00167448
2.28 3.6 0.00131086
2.28 3.66 0.00101209
2.28 3.72 0.000770664
2.28 3.78 0.000578771
2.28 3.84 0.000428684
2.28 3.9 0.00031315
2.28 3.96 0.000225612
2.28 4.02 0.000160308
2.28 4.08 0.000112342
2.28 4.14 7.76453e-05
2.34 0.48 5.84021e-06
2.34 0.54 9.26114e-06
2.34 0.6 1.44839e-05
2.34 0.66 2.23407e-05
2.34 0.72 3.39859e-05
2.34 0.78 5.09908e-05
2.34 0.84 7.54521e-05
2.34 0.9 0.000110112
2.34 0.96 0.000158487
2.34 1.02 0.000224978
2.34 1.08 0.000314972
2.34 1.14 0.000434909
2.34 1.2 0.000592255
2.34 1.26 0.000795447
2.34 1.32 0.00105367
2.34 1.38 0.00137653
2.34 1.44 0.00177359
2.34 1.5 0.00225377
2.34 1.56 0.0028246
2.34 1.62 0.00349136
2.34 1.68 0.00425617
2.34 1.74 0.00511721
2.34 1.8 0.00606789
2.34 1.86 0.00709625
2.34 1.92 0.0081848
2.34 1.98 0.00931061
2.34 2.04 0.0104457
2.34 2.1 0.011558
2.34 2.16 0.012613
2.34 2.22 0.0135753
2.34 2.28 0.01441
2.34 2.34 0.0150857
2.34 2.4 0.0155762
2.34 2.46 0.0158614
2.34 2.52 0.0159299
2.34 2.58 0.0157788
2.34 2.64 0.0154141
2.34 2.7 0.0148511
2.34 2.76 0.014112
2.34 2.82 0.0132252
2.34 2.88 0.0122238
2.34 2.94 0.011143
2.34 3 0.0100181
2.34 3.06 0.00888294
2.34 3.12 0.00776812
2.34 3.18 0.00669991
2.34 3.24 0.00569907
2.34 3.3 0.00478115
2.34 3.36 0.00395596
2.34 3.42 0.00322818
2.34 3.48 0.00259807
2.34 3.54 0.00206223
2.34 3.6 0.00161439
2.34 3.66 0.00124644
2.34 3.72 0.000949121
2.34 3.78 0.000712786
2.34 3.84 0.000527948
2.34 3.9 0.000385664
2.34 3.96 0.000277855
2.34 4.02 0.000197429
2.34 4.08 0.000138356
2.34 4.14 9.56252e-05
2.34 4.2 6.51827e-05
2.4 0.48 7.09369e-06
2.4 0.54 1.12489e-05
2.4 0.6 1.75927e-05
2.4 0.66 2.71357e-05
2.4 0.72 4.12803e-05
2.4 0.78 6.19342e-05
2.4 0.84 9.16458e-05
2.4 0.9 0.000133745
2.4 0.96 0.000192503
2.4 1.02 0.000273263
2.4 1.08 0.000382574
2.4 1.14 0.000528255
2.4 1.2 0.000719374
2.4 1.26 0.000966171
2.4 1.32 0.00127981
2.4 1.38 0.00167196
2.4 1.44 0.00215424
2.4 1.5 0.00273747
2.4 1.56 0.00343085
2.4 1.62 0.00424069
2.4 1.68 0.00516965
2.4 1.74 0.00621544
2.4 1.8 0.00737018
2.4 1.86 0.00861929
2.4 1.92 0.00994152
2.4 1.98 0.0113089
2.4 2.04 0.0126877
2.4 2.1 0.0140386
2.4 2.16 0.0153202
2.4 2.22 0.0164889
2.4 2.28 0.0175027
2.4 2.34 0.0183234
2.4 2.4 0.0189192
2.4 2.46 0.0192657
2.4 2.52 0.0193488
2.4 2.58 0.0191653
2.4 2.64 0.0187223
2.4 2.7 0.0180386
2.4 2.76 0.0171407
2.4 2.82 0.0160636
2.4 2.88 0.0148472
2.4 2.94 0.0135345
2.4 3 0.0121682
2.4 3.06 0.0107895
2.4 3.12 0.00943538
2.4 3.18 0.00813787
2.4 3.24 0.0069222
2.4 3.3 0.00580735
2.4 3.36 0.004805
2.4 3.42 0.00392104
2.4 3.48 0.00315568
2.4 3.54 0.00250483
2.4 3.6 0.00196088
2.4 3.66 0.00151394
2.4 3.72 0.00115282
2.4 3.78 0.000865767
2.4 3.84 0.000641262
2.4 3.9 0.000468435
2.4 3.96 0.000337489
2.4 4.02 0.000239802
2.4 4.08 0.00016805
2.4 4.14 0.000116149
2.4 4.2 7.91729e-05
2.46 0.48 8.4978e-06
2.46 0.54 1.34753e-05
2.46 0.6 2.10749e-05
2.46 0.66 3.25069e-05
2.46 0.72 4.94509e-05
2.46 0.78 7.41925e-05
2.46 0.84 0.000109784
2.46 0.9 0.000160218
2.46 0.96 0.000230605
2.46 1.02 0.00032735
2.46 1.08 0.0004583
2.46 1.14 0.000632811
2.46 1.2 0.000861763
2.46 1.26 0.00115741
2.46 1.32 0.00153312
2.46 1.38 0.00200287
2.46 1.44 0.00258064
2.46 1.5 0.00327932
2.46 1.56 0.00410992
2.46 1.62 0.00508003
2.46 1.68 0.00619287
2.46 1.74 0.00744567
2.46 1.8 0.00882888
2.46 1.86 0.0103253
2.46 1.92 0.0119092
2.46 1.98 0.0135473
2.46 2.04 0.0151988
2.46 2.1 0.0168173
2.46 2.16 0.0183526
2.46 2.22 0.0197524
2.46 2.28 0.0209671
2.46 2.34 0.0219503
2.46 2.4 0.0226637
2.46 2.46 0.0230789
2.46 2.52 0.0231784
2.46 2.58 0.0229585
2.46 2.64 0.0224282
2.46 2.7 0.021609
2.46 2.76 0.0205332
2.46 2.82 0.0192431
2.46 2.88 0.017786
2.46 2.94 0.0162133
2.46 3 0.0145766
2.46 3.06 0.012925
2.46 3.12 0.0113029
2.46 3.18 0.00974852
2.46 3.24 0.00829237
2.46 3.3 0.00695681
2.46 3.36 0.00575603
2.46 3.42 0.00469712
2.46 3.48 0.0037803
2.46 3.54 0.00300061
2.46 3.6 0.00234899
2.46 3.66 0.0018136
2.46 3.72 0.00138101
2.46 3.78 0.00103714
2.46 3.84 0.000768185
2.46 3.9 0.000561155
2.46 3.96 0.000404286
2.46 4.02 0.000287267
2.46 4.08 0.000201312
2.46 4.14 0.000139137
2.46 4.2 9.48432e-05
2.46 4.26 6.3761e-05
2.52 0.42 6.24426e-06
2.52 0.48 1.00398e-05
2.52 0.54 1.59207e-05
2.52 0.6 2.4899e-05
2.52 0.66 3.84058e-05
2.52 0.72 5.84248e-05
2.52 0.78 8.76566e-05
2.52 0.84 0.000129707
2.52 0.9 0.000189293
2.52 0.96 0.000272451
2.52 1.02 0.000386751
2.52 1.08 0.000541466
2.52 1.14 0.000747641
2.52 1.2 0.00101814
2.52 1.26 0.00136745
2.52 1.32 0.00181134
2.52 1.38 0.00236634
2.52 1.44 0.00304895
2.52 1.5 0.00387439
2.52 1.56 0.00485568
2.52 1.62 0.00600191
2.52 1.68 0.00731661
2.52 1.74 0.00879682
2.52 1.8 0.0104311
2.52 1.86 0.0121989
2.52 1.92 0.0140702
2.52 1.98 0.0160055
2.52 2.04 0.0179569
2.52 2.1 0.0198692
2.52 2.16 0.0216829
2.52 2.22 0.0233369
2.52 2.28 0.0247717
2.52 2.34 0.0259335
2.52 2.4 0.0267766
2.52 2.46 0.027267
2.52 2.52 0.0273846
2.52 2.58 0.0271249
2.52 2.64 0.0264982
2.52 2.7 0.0255301
2.52 2.76 0.0242594
2.52 2.82 0.0227349
2.52 2.88 0.0210136
2.52 2.94 0.0191555
2.52 3 0.0172217
2.52 3.06 0.0152703
2.52 3.12 0.013354
2.52 3.18 0.0115176
2.52 3.24 0.00979717
2.52 3.3 0.00821916
2.52 3.36 0.00680059
2.52 3.42 0.00554942
2.52 3.48 0.00446629
2.52 3.54 0.00354513
2.52 3.6 0.00277527
2.52 3.66 0.00214272
2.52 3.72 0.00163162
2.52 3.78 0.00122534
2.52 3.84 0.000907581
2.52 3.9 0.000662986
2.52 3.96 0.000477648
2.52 4.02 0.000339394
2.52 4.08 0.000237844
2.52 4.14 0.000164387
2.52 4.2 0.000112055
2.52 4.26 7.53318e-05
2.58 0.42 7.27594e-06
2.58 0.48 1.16986e-05
2.58 0.54 1.85511e-05
2.58 0.6 2.90131e-05
2.58 0.66 4.4751e-05
2.58 0.72 6.80775e-05
2.58 0.78 0.000102139
2.58 0.84 0.000151138
2.58 0.9 0.000220566
2.58 0.96 0.000317467
2.58 1.02 0.000450653
2.58 1.08 0.000630923
2.58 1.14 0.000871174
2.58 1.2 0.00118636
2.58 1.26 0.00159336
2.58 1.32 0.0021106
2.58 1.38 0.00275731
2.58 1.44 0.00355268
2.58 1.5 0.00451452
2.58 1.56 0.00565801
2.58 1.62 0.00699355
2.58 1.68 0.00852557
2.58 1.74 0.0102502
2.58 1.8 0.0121546
2.58 1.86 0.0142145
2.58 1.92 0.0163951
2.58 1.98 0.0186501
2.58 2.04 0.0209239
2.58 2.1 0.0231518
2.58 2.16 0.0252655
2.58 2.22 0.0271927
2.58 2.28 0.0288648
2.58 2.34 0.0302182
2.58 2.4 0.0312007
2.58 2.46 0.0317722
2.58 2.52 0.0319091
2.58 2.58 0.0316065
2.58 2.64 0.0308761
2.58 2.7 0.0297485
2.58 2.76 0.0282676
2.58 2.82 0.0264914
2.58 2.88 0.0244853
2.58 2.94 0.0223205
2.58 3 0.0200673
2.58 3.06 0.0177935
2.58 3.12 0.0155604
2.58 3.18 0.0134206
2.58 3.24 0.0114158
2.58 3.3 0.00957722
2.58 3.36 0.00792418
2.58 3.42 0.0064664
2.58 3.48 0.00520422
2.58 3.54 0.00413084
2.58 3.6 0.00323379
2.58 3.66 0.00249672
2.58 3.72 0.00190118
2.58 3.78 0.00142779
2.58 3.84 0.00105754
2.58 3.9 0.000772522
2.58 3.96 0.000556571
2.58 4.02 0.000395472
2.58 4.08 0.000277139
2.58 4.14 0.000191547
2.58 4.2 0.000130568
2.58 4.26 8.77782e-05
2.58 4.32 5.8201e-05
2.64 0.42 8.36164e-06
2.64 0.48 1.34441e-05
2.64 0.54 2.1319e-05
2.64 0.6 3.33418e-05
2.64 0.66 5.14284e-05
2.64 0.72 7.82352e-05
2.64 0.78 0.00011738
2.64 0.84 0.00017369
2.64 0.9 0.000253477
2.64 0.96 0.000364836
2.64 1.02 0.000517894
2.64 1.08 0.000725064
2.64 1.14 0.00100115
2.64 1.2 0.00136337
2.64 1.26 0.00183112
2.64 1.32 0.00242553
2.64 1.38 0.00316876
2.64 1.44 0.00408279
2.64 1.5 0.00518817
2.64 1.56 0.00650214
2.64 1.62 0.00803708
2.64 1.68 0.00979761
2.64 1.74 0.0117798
2.64 1.8 0.0139682
2.64 1.86 0.0163354
2.64 1.92 0.0188412
2.64 1.98 0.0214328
2.64 2.04 0.0240459
2.64 2.1 0.0266065
2.64 2.16 0.029035
2.64 2.22 0.0312501
2.64 2.28 0.0331715
2.64 2.34 0.0347273
2.64 2.4 0.0358562
2.64 2.46 0.0365127
2.64 2.52 0.0366702
2.64 2.58 0.0363226
2.64 2.64 0.0354832
2.64 2.7 0.034187
2.64 2.76 0.0324856
2.64 2.82 0.0304441
2.64 2.88 0.0281391
2.64 2.94 0.025651
2.64 3 0.0230614
2.64 3.06 0.0204483
2.64 3.12 0.017882
2.64 3.18 0.0154231
2.64 3.24 0.0131192
2.64 3.3 0.0110061
2.64 3.36 0.00910658
2.64 3.42 0.00743118
2.64 3.48 0.00598075
2.64 3.54 0.00474723
2.64 3.6 0.0037163
2.64 3.66 0.00286929
2.64 3.72 0.00218487
2.64 3.78 0.00164083
2.64 3.84 0.00121532
2.64 3.9 0.000887796
2.64 3.96 0.000639615
2.64 4.02 0.00045448
2.64 4.08 0.000318494
2.64 4.14 0.000220128
2.64 4.2 0.00015005
2.64 4.26 0.000100877
2.64 4.32 6.68852e-05
2.7 0.42 9.47711e-06
2.7 0.48 1.52379e-05
2.7 0.54 2.41631e-05
2.7 0.6 3.77901e-05
2.7 0.66 5.82894e-05
2.7 0.72 8.86727e-05
2.7 0.78 0.000133039
2.7 0.84 0.00019686
2.7 0.9 0.000287295
2.7 0.96 0.000413509
2.7 1.02 0.000586991
2.7 1.08 0.000821798
2.7 1.14 0.00113472
2.7 1.2 0.00154526
2.7 1.26 0.00207541
2.7 1.32 0.00274912
2.7 1.38 0.00359148
2.7 1.44 0.00462744
2.7 1.5 0.00588035
2.7 1.56 0.00736967
2.7 1.62 0.0091092
2.7 1.68 0.0111048
2.7 1.74 0.0133513
2.7 1.8 0.0158316
2.7 1.86 0.0185147
2.7 1.92 0.0213549
2.7 1.98 0.0242923
2.7 2.04 0.0272536
2.7 2.1 0.0301561
2.7 2.16 0.0329088
2.7 2.22 0.0354187
2.7 2.28 0.037597
2.7 2.34 0.0393601
2.7 2.4 0.0406392
2.7 2.46 0.0413836
2.7 2.52 0.0415625
2.7 2.58 0.041168
2.7 2.64 0.0402173
2.7 2.7 0.0387478
2.7 2.76 0.0368191
2.7 2.82 0.034506
2.7 2.88 0.0318932
2.7 2.94 0.029073
2.7 3 0.0261381
2.7 3.06 0.0231763
2.7 3.12 0.0202678
2.7 3.18 0.0174805
2.7 3.24 0.0148695
2.7 3.3 0.0124745
2.7 3.36 0.0103214
2.7 3.42 0.00842261
2.7 3.48 0.00677863
2.7 3.54 0.0053805
2.7 3.6 0.00421208
2.7 3.66 0.00325208
2.7 3.72 0.00247634
2.7 3.78 0.00185975
2.7 3.84 0.00137746
2.7 3.9 0.00100623
2.7 3.96 0.000724946
2.7 4.02 0.000515114
2.7 4.08 0.000360983
2.7 4.14 0.000249492
2.7 4.2 0.000170068
2.7 4.26 0.000114334
2.7 4.32 7.58082e-05
2.7 4.38 4.95734e-05
2.76 0.42 1.05938e-05
2.76 0.48 1.70333e-05
2.76 0.54 2.70105e-05
2.76 0.6 4.22432e-05
2.76 0.66 6.51577e-05
2.76 0.72 9.91212e-05
2.76 0.78 0.000148715
2.76 0.84 0.000220057
2.76 0.9 0.000321145
2.76 0.96 0.000462233
2.76 1.02 0.000656154
2.76 1.08 0.000918627
2.76 1.14 0.00126843
2.76 1.2 0.00172735
2.76 1.26 0.00231995
2.76 1.32 0.00307305
2.76 1.38 0.00401465
2.76 1.44 0.00517271
2.76 1.5 0.00657315
2.76 1.56 0.00823809
2.76 1.62 0.0101826
2.76 1.68 0.0124132
2.76 1.74 0.0149243
2.76 1.8 0.0176971
2.76 1.86 0.0206964
2.76 1.92 0.0238714
2.76 1.98 0.0271547
2.76 2.04 0.0304653
2.76 2.1 0.0337091
2.76 2.16 0.0367866
2.76 2.22 0.0395927
2.76 2.28 0.0420272
2.76 2.34 0.0439978
2.76 2.4 0.0454283
2.76 2.46 0.0462604
2.76 2.52 0.0464599
2.76 2.58 0.0460191
2.76 2.64 0.0449557
2.76 2.7 0.0433139
2.76 2.76 0.0411577
2.76 2.82 0.0385715
2.76 2.88 0.0356508
2.76 2.94 0.0324986
2.76 3 0.029218
2.76 3.06 0.0259075
2.76 3.12 0.022656
2.76 3.18 0.0195404
2.76 3.24 0.0166214
2.76 3.3 0.0139445
2.76 3.36 0.0115376
2.76 3.42 0.00941509
2.76 3.48 0.00757736
2.76 3.54 0.00601451
2.76 3.6 0.00470842
2.76 3.66 0.00363525
2.76 3.72 0.00276813
2.76 3.78 0.00207887
2.76 3.84 0.00153978
2.76 3.9 0.00112479
2.76 3.96 0.000810369
2.76 4.02 0.000575807
2.76 4.08 0.000403515
2.76 4.14 0.000278893
2.76 4.2 0.000190108
2.76 4.26 0.000127805
2.76 4.32 8.47409e-05
2.76 4.38 5.54145e-05
2.82 0.42 1.16794e-05
2.82 0.48 1.87786e-05
2.82 0.54 2.97781e-05
2.82 0.6 4.65713e-05
2.82 0.66 7.18337e-05
2.82 0.72 0.000109278
2.82 0.78 0.000163955
2.82 0.84 0.000242606
2.82 0.9 0.000354053
2.82 0.96 0.000509594
2.82 1.02 0.000723393
2.82 1.08 0.00101276
2.82 1.14 0.0013984
2.82 1.2 0.00190432
2.82 1.26 0.00255766
2.82 1.32 0.00338795
2.82 1.38 0.00442606
2.82 1.44 0.00570271
2.82 1.5 0.00724673
2.82 1.56 0.00908217
2.82 1.62 0.011226
2.82 1.68 0.0136852
2.82 1.74 0.0164537
2.82 1.8 0.0195105
2.82 1.86 0.0228171
2.82 1.92 0.0263171
2.82 1.98 0.0299373
2.82 2.04 0.0335868
2.82 2.1 0.0371636
2.82 2.16 0.0405557
2.82 2.22 0.0436495
2.82 2.28 0.0463335
2.82 2.34 0.0485061
2.82 2.4 0.0500831
2.82 2.46 0.0510003
2.82 2.52 0.0512208
2.82 2.58 0.0507346
2.82 2.64 0.0495624
2.82 2.7 0.0477517
2.82 2.76 0.0453753
2.82 2.82 0.0425241
2.82 2.88 0.0393042
2.82 2.94 0.035829
2.82 3 0.032212
2.82 3.06 0.0285619
2.82 3.12 0.0249776
2.82 3.18 0.0215427
2.82 3.24 0.0183247
2.82 3.3 0.0153732
2.82 3.36 0.0127198
2.82 3.42 0.0103798
2.82 3.48 0.00835375
2.82 3.54 0.00663079
2.82 3.6 0.00519086
2.82 3.66 0.00400778
2.82 3.72 0.00305176
2.82 3.78 0.00229189
2.82 3.84 0.00169755
2.82 3.9 0.00124005
2.82 3.96 0.000893408
2.82 4.02 0.000634809
2.82 4.08 0.000444865
2.82 4.14 0.000307469
2.82 4.2 0.000209588
2.82 4.26 0.000140903
2.82 4.32 9.34231e-05
2.82 4.38 6.10928e-05
2.82 4.44 3.94012e-05
2.88 0.42 1.26991e-05
2.88 0.48 2.04181e-05
2.88 0.54 3.23782e-05
2.88 0.6 5.06379e-05
2.88 0.66 7.81061e-05
2.88 0.72 0.000118819
2.88 0.78 0.000178269
2.88 0.84 0.00026379
2.88 0.9 0.000384966
2.88 0.96 0.00055409
2.88 1.02 0.000786549
2.88 1.08 0.00110118
2.88 1.14 0.0015205
2.88 1.2 0.00207061
2.88 1.26 0.00278099
2.88 1.32 0.00368374
2.88 1.38 0.0048125
2.88 1.44 0.00620069
2.88 1.5 0.00787942
2.88 1.56 0.00987518
2.88 1.62 0.0122062
2.88 1.68 0.0148801
2.88 1.74 0.0178903
2.88 1.8 0.021214
2.88 1.86 0.0248094
2.88 1.92 0.0286152
2.88 1.98 0.0325509
2.88 2.04 0.0365196
2.88 2.1 0.0404081
2.88 2.16 0.0440969
2.88 2.22 0.0474609
2.88 2.28 0.0503791
2.88 2.34 0.0527415
2.88 2.4 0.0544563
2.88 2.46 0.0554536
2.88 2.52 0.0556925
2.88 2.58 0.0551646
2.88 2.64 0.0538895
2.88 2.7 0.0519215
2.88 2.76 0.0493372
2.88 2.82 0.0462368
2.88 2.88 0.0427358
2.88 2.94 0.0389572
2.88 3 0.0350245
2.88 3.06 0.0310559
2.88 3.12 0.0271583
2.88 3.18 0.0234237
2.88 3.24 0.0199245
2.88 3.3 0.0167156
2.88 3.36 0.0138305
2.88 3.42 0.0112861
2.88 3.48 0.00908316
2.88 3.54 0.00720979
2.88 3.6 0.00564411
2.88 3.66 0.00435768
2.88 3.72 0.00331824
2.88 3.78 0.00249198
2.88 3.84 0.00184578
2.88 3.9 0.00134833
2.88 3.96 0.000971414
2.88 4.02 0.000690236
2.88 4.08 0.000483708
2.88 4.14 0.000334317
2.88 4.2 0.000227887
2.88 4.26 0.000153205
2.88 4.32 0.000101581
2.88 4.38 6.6427e-05
2.88 4.44 4.28411e-05
2.94 0.48 2.18959e-05
2.94 0.54 3.47214e-05
2.94 0.6 5.43026e-05
2.94 0.66 8.37586e-05
2.94 0.72 0.000127418
2.94 0.78 0.00019117
2.94 0.84 0.000282878
2.94 0.9 0.000412825
2.94 0.96 0.000594187
2.94 1.02 0.000843473
2.94 1.08 0.00118087
2.94 1.14 0.00163054
2.94 1.2 0.00222046
2.94 1.26 0.00298224
2.94 1.32 0.00395034
2.94 1.38 0.00516073
2.94 1.44 0.0066494
2.94 1.5 0.00844965
2.94 1.56 0.0105899
2.94 1.62 0.0130895
2.94 1.68 0.0159569
2.94 1.74 0.0191848
2.94 1.8 0.0227491
2.94 1.86 0.0266047
2.94 1.92 0.030686
2.94 1.98 0.0349067
2.94 2.04 0.0391623
2.94 2.1 0.0433324
2.94 2.16 0.0472883
2.94 2.22 0.0508954
2.94 2.28 0.0540247
2.94 2.34 0.0565578
2.94 2.4 0.0583968
2.94 2.46 0.0594666
2.94 2.52 0.0597232
2.94 2.58 0.0591564
2.94 2.64 0.0577895
2.94 2.7 0.0556789
2.94 2.76 0.0529071
2.94 2.82 0.0495828
2.94 2.88 0.0458284
2.94 2.94 0.0417763
2.94 3 0.0375589
2.94 3.06 0.0333033
2.94 3.12 0.0291238
2.94 3.18 0.0251187
2.94 3.24 0.0213665
2.94 3.3 0.0179253
2.94 3.36 0.0148313
2.94 3.42 0.0121028
2.94 3.48 0.00974047
2.94 3.54 0.00773151
2.94 3.6 0.00605256
2.94 3.66 0.00467304
2.94 3.72 0.00355835
2.94 3.78 0.00267234
2.94 3.84 0.00197935
2.94 3.9 0.00144589
2.94 3.96 0.00104171
2.94 4.02 0.000740183
2.94 4.08 0.000518708
2.94 4.14 0.00035851
2.94 4.2 0.00024438
2.94 4.26 0.000164291
2.94 4.32 0.000108932
2.94 4.38 7.12337e-05
2.94 4.44 4.59416e-05
3 0.48 2.31578e-05
3 0.54 3.67221e-05
3 0.6 5.74318e-05
3 0.66 8.85857e-05
3 0.72 0.000134761
3 0.78 0.000202186
3 0.84 0.000299176
3 0.9 0.000436617
3 0.96 0.000628427
3 1.02 0.00089208
3 1.08 0.00124893
3 1.14 0.0017245
3 1.2 0.00234842
3 1.26 0.00315411
3 1.32 0.00417798
3 1.38 0.00545813
3 1.44 0.00703258
3 1.5 0.00893665
3 1.56 0.0112001
3 1.62 0.0138437
3 1.68 0.0168764
3 1.74 0.0202906
3 1.8 0.02406
3 1.86 0.0281376
3 1.92 0.0324543
3 1.98 0.0369183
3 2.04 0.0414187
3 2.1 0.0458297
3 2.16 0.0500134
3 2.22 0.0538278
3 2.28 0.0571378
3 2.34 0.0598172
3 2.4 0.0617614
3 2.46 0.0628931
3 2.52 0.0631647
3 2.58 0.0625647
3 2.64 0.0611202
3 2.7 0.0588874
3 2.76 0.0559558
3 2.82 0.0524404
3 2.88 0.0484696
3 2.94 0.0441838
3 3 0.0397233
3 3.06 0.0352224
3 3.12 0.0308021
3 3.18 0.0265659
3 3.24 0.0225979
3 3.3 0.0189582
3 3.36 0.0156859
3 3.42 0.0128002
3 3.48 0.0103018
3 3.54 0.00817704
3 3.6 0.00640133
3 3.66 0.00494233
3 3.72 0.00376342
3 3.78 0.00282635
3 3.84 0.00209341
3 3.9 0.00152922
3 3.96 0.00110173
3 4.02 0.000782843
3 4.08 0.000548601
3 4.14 0.000379166
3 4.2 0.000258461
3 4.26 0.000173759
3 4.32 0.00011521
3 4.38 7.53389e-05
3 4.44 4.8589e-05
3 4.5 3.09064e-05
3.06 0.48 2.41556e-05
3.06 0.54 3.83046e-05
3.06 0.6 5.99062e-05
3.06 0.66 9.24029e-05
3.06 0.72 0.000140568
3.06 0.78 0.0002109
3.06 0.84 0.00031207
3.06 0.9 0.000455432
3.06 0.96 0.000655506
3.06 1.02 0.000930514
3.06 1.08 0.00130275
3.06 1.14 0.00179879
3.06 1.2 0.00244961
3.06 1.26 0.00329003
3.06 1.32 0.00435804
3.06 1.38 0.00569337
3.06 1.44 0.00733564
3.06 1.5 0.00932174
3.06 1.56 0.0116826
3.06 1.62 0.0144403
3.06 1.68 0.0176036
3.06 1.74 0.021165
3.06 1.8 0.0250968
3.06 1.86 0.0293499
3.06 1.92 0.0338524
3.06 1.98 0.0385089
3.06 2.04 0.0432034
3.06 2.1 0.0478048
3.06 2.16 0.0521682
3.06 2.22 0.0561474
3.06 2.28 0.0595997
3.06 2.34 0.062395
3.06 2.4 0.0644231
3.06 2.46 0.0656032
3.06 2.52 0.0658866
3.06 2.58 0.0652611
3.06 2.64 0.0637541
3.06 2.7 0.0614245
3.06 2.76 0.0583673
3.06 2.82 0.0546999
3.06 2.88 0.0505584
3.06 2.94 0.0460877
3.06 3 0.0414347
3.06 3.06 0.0367397
3.06 3.12 0.0321292
3.06 3.18 0.0277108
3.06 3.24 0.0235718
3.06 3.3 0.019775
3.06 3.36 0.0163619
3.06 3.42 0.0133517
3.06 3.48 0.0107457
3.06 3.54 0.00852941
3.06 3.6 0.0066772
3.06 3.66 0.00515533
3.06 3.72 0.00392559
3.06 3.78 0.00294814
3.06 3.84 0.0021836
3.06 3.9 0.00159511
3.06 3.96 0.0011492
3.06 4.02 0.000816575
3.06 4.08 0.000572244
3.06 4.14 0.000395507
3.06 4.2 0.0002696
3.06 4.26 0.000181247
3.06 4.32 0.000120175
3.06 4.38 7.8585e-05
3.06 4.44 5.06829e-05
3.06 4.5 3.22381e-05
3.12 0.48 2.485e-05
3.12 0.54 3.9406e-05
3.12 0.6 6.16288e-05
3.12 0.66 9.5059e-05
3.12 0.72 0.00014461
3.12 0.78 0.000216964
3.12 0.84 0.000321042
3.12 0.9 0.000468525
3.12 0.96 0.000674349
3.12 1.02 0.000957275
3.12 1.08 0.0013402
3.12 1.14 0.00185053
3.12 1.2 0.00252003
3.12 1.26 0.0033846
3.12 1.32 0.00448333
3.12 1.38 0.00585704
3.12 1.44 0.00754653
3.12 1.5 0.00958967
3.12 1.56 0.0120186
3.12 1.62 0.0148555
3.12 1.68 0.0181097
3.12 1.74 0.0217734
3.12 1.8 0.0258184
3.12 1.86 0.030194
3.12 1.92 0.034826
3.12 1.98 0.0396164
3.12 2.04 0.0444458
3.12 2.1 0.049179
3.12 2.16 0.0536682
3.12 2.22 0.0577619
3.12 2.28 0.0613133
3.12 2.34 0.0641884
3.12 2.4 0.0662755
3.12 2.46 0.0674897
3.12 2.52 0.0677812
3.12 2.58 0.0671374
3.12 2.64 0.0655866
3.12 2.7 0.0631907
3.12 2.76 0.0600454
3.12 2.82 0.0562726
3.12 2.88 0.0520118
3.12 2.94 0.047413
3.12 3 0.0426264
3.12 3.06 0.0377965
3.12 3.12 0.0330532
3.12 3.18 0.0285076
3.12 3.24 0.0242494
3.12 3.3 0.0203437
3.12 3.36 0.0168323
3.12 3.42 0.0137357
3.12 3.48 0.0110546
3.12 3.54 0.00877462
3.12 3.6 0.00686917
3.12 3.66 0.00530354
3.12 3.72 0.00403844
3.12 3.78 0.00303289
3.12 3.84 0.0022464
3.12 3.9 0.00164097
3.12 3.96 0.00118225
3.12 4.02 0.000840048
3.12 4.08 0.000588692
3.12 4.14 0.000406878
3.12 4.2 0.000277351
3.12 4.26 0.000186458
3.12 4.32 0.000123629
3.12 4.38 8.08446e-05
3.12 4.44 5.21402e-05
3.12 4.5 3.3165e-05
3.18 0.48 2.52131e-05
3.18 0.54 3.99816e-05
3.18 0.6 6.25293e-05
3.18 0.66 9.64488e-05
3.18 0.72 0.000146723
3.18 0.78 0.000220133
3.18 0.84 0.000325734
3.18 0.9 0.000475372
3.18 0.96 0.000684209
3.18 1.02 0.000971251
3.18 1.08 0.00135979
3.18 1.14 0.00187755
3.18 1.2 0.00255687
3.18 1.26 0.00343408
3.18 1.32 0.00454883
3.18 1.38 0.00594259
3.18 1.44 0.00765684
3.18 1.5 0.00972982
3.18 1.56 0.0121942
3.18 1.62 0.0150726
3.18 1.68 0.0183743
3.18 1.74 0.0220915
3.18 1.8 0.0261955
3.18 1.86 0.0306351
3.18 1.92 0.0353348
3.18 1.98 0.0401948
3.18 2.04 0.0450952
3.18 2.1 0.0498976
3.18 2.16 0.0544525
3.18 2.22 0.058606
3.18 2.28 0.0622094
3.18 2.34 0.065127
3.18 2.4 0.0672441
3.18 2.46 0.0684756
3.18 2.52 0.068771
3.18 2.58 0.0681187
3.18 2.64 0.0665453
3.18 2.7 0.0641142
3.18 2.76 0.0609225
3.18 2.82 0.0570946
3.18 2.88 0.0527717
3.18 2.94 0.0481052
3.18 3 0.0432488
3.18 3.06 0.0383486
3.18 3.12 0.0335358
3.18 3.18 0.0289241
3.18 3.24 0.0246037
3.18 3.3 0.0206409
3.18 3.36 0.0170783
3.18 3.42 0.0139364
3.18 3.48 0.0112162
3.18 3.54 0.0089029
3.18 3.6 0.00696955
3.18 3.66 0.00538102
3.18 3.72 0.00409749
3.18 3.78 0.00307721
3.18 3.84 0.0022792
3.18 3.9 0.00166496
3.18 3.96 0.00119951
3.18 4.02 0.000852324
3.18 4.08 0.000597298
3.18 4.14 0.000412825
3.18 4.2 0.000281403
3.18 4.26 0.000189181
3.18 4.32 0.000125436
3.18 4.38 8.20255e-05
3.18 4.44 5.29018e-05
3.18 4.5 3.36496e-05
3.24 0.48 2.52297e-05
3.24 0.54 4.00081e-05
3.24 0.6 6.25709e-05
3.24 0.66 9.65121e-05
3.24 0.72 0.000146819
3.24 0.78 0.000220278
3.24 0.84 0.000325951
3.24 0.9 0.000475681
3.24 0.96 0.000684666
3.24 1.02 0.000971902
3.24 1.08 0.00136068
3.24 1.14 0.00187881
3.24 1.2 0.00255856
3.24 1.26 0.00343632
3.24 1.32 0.0045518
3.24 1.38 0.00594656
3.24 1.44 0.00766185
3.24 1.5 0.00973628
3.24 1.56 0.0122023
3.24 1.62 0.0150826
3.24 1.68 0.0183867
3.24 1.74 0.0221062
3.24 1.8 0.0262131
3.24 1.86 0.0306558
3.24 1.92 0.0353584
3.24 1.98 0.0402217
3.24 2.04 0.0451254
3.24 2.1 0.0499302
3.24 2.16 0.0544886
3.24 2.22 0.0586451
3.24 2.28 0.0622512
3.24 2.34 0.0651701
3.24 2.4 0.0672888
3.24 2.46 0.0685212
3.24 2.52 0.0688165
3.24 2.58 0.068164
3.24 2.64 0.0665886
3.24 2.7 0.064157
3.24 2.76 0.0609634
3.24 2.82 0.0571328
3.24 2.88 0.0528063
3.24 2.94 0.0481375
3.24 3 0.0432782
3.24 3.06 0.0383743
3.24 3.12 0.0335582
3.24 3.18 0.0289435
3.24 3.24 0.0246198
3.24 3.3 0.0206547
3.24 3.36 0.0170897
3.24 3.42 0.0139458
3.24 3.48 0.0112237
3.24 3.54 0.00890875
3.24 3.6 0.00697413
3.24 3.66 0.00538456
3.24 3.72 0.00410019
3.24 3.78 0.00307924
3.24 3.84 0.00228074
3.24 3.9 0.00166606
3.24 3.96 0.00120033
3.24 4.02 0.000852895
3.24 4.08 0.000597693
3.24 4.14 0.000413098
3.24 4.2 0.000281589
3.24 4.26 0.000189307
3.24 4.32 0.000125519
3.24 4.38 8.20808e-05
3.24 4.44 5.29366e-05
3.24 4.5 3.36718e-05
3.24 4.56 2.11233e-05
3.3 0.54 3.94845e-05
3.3 0.6 6.17513e-05
3.3 0.66 9.52486e-05
3.3 0.72 0.000144898
3.3 0.78 0.000217397
3.3 0.84 0.000321685
3.3 0.9 0.00046946
3.3 0.96 0.000675697
3.3 1.02 0.000959185
3.3 1.08 0.00134287
3.3 1.14 0.00185421
3.3 1.2 0.00252504
3.3 1.26 0.00339136
3.3 1.32 0.00449228
3.3 1.38 0.00586876
3.3 1.44 0.00756157
3.3 1.5 0.00960884
3.3 1.56 0.0120425
3.3 1.62 0.0148852
3.3 1.68 0.0181459
3.3 1.74 0.0218169
3.3 1.8 0.0258701
3.3 1.86 0.0302544
3.3 1.92 0.0348953
3.3 1.98 0.0396954
3.3 2.04 0.0445346
3.3 2.1 0.0492773
3.3 2.16 0.0537749
3.3 2.22 0.0578772
3.3 2.28 0.0614358
3.3 2.34 0.0643171
3.3 2.4 0.0664079
3.3 2.46 0.0676241
3.3 2.52 0.0679165
3.3 2.58 0.0672718
3.3 2.64 0.0657177
3.3 2.7 0.0633163
3.3 2.76 0.0601656
3.3 2.82 0.0563848
3.3 2.88 0.0521158
3.3 2.94 0.0475077
3.3 3 0.0427116
3.3 3.06 0.0378716
3.3 3.12 0.0331191
3.3 3.18 0.0285646
3.3 3.24 0.0242978
3.3 3.3 0.0203841
3.3 3.36 0.0168659
3.3 3.42 0.0137631
3.3 3.48 0.0110767
3.3 3.54 0.00879214
3.3 3.6 0.00688287
3.3 3.66 0.00531414
3.3 3.72 0.00404651
3.3 3.78 0.00303893
3.3 3.84 0.00225087
3.3 3.9 0.00164425
3.3 3.96 0.00118462
3.3 4.02 0.000841725
3.3 4.08 0.000589872
3.3 4.14 0.00040769
3.3 4.2 0.000277904
3.3 4.26 0.000186831
3.3 4.32 0.000123875
3.3 4.38 8.1006e-05
3.3 4.44 5.22443e-05
3.3 4.5 3.32309e-05
3.3 4.56 2.08469e-05
3.36 0.54 3.84321e-05
3.36 0.6 6.01055e-05
3.36 0.66 9.27105e-05
3.36 0.72 0.000141036
3.36 0.78 0.0002116
3.36 0.84 0.000313111
3.36 0.9 0.000456947
3.36 0.96 0.00065769
3.36 1.02 0.000933607
3.36 1.08 0.00130708
3.36 1.14 0.00180479
3.36 1.2 0.00245776
3.36 1.26 0.00330098
3.36 1.32 0.00437252
3.36 1.38 0.00571231
3.36 1.44 0.00736008
3.36 1.5 0.00935267
3.36 1.56 0.0117215
3.36 1.62 0.0144885
3.36 1.68 0.0176621
3.36 1.74 0.0212354
3.36 1.8 0.0251804
3.36 1.86 0.0294479
3.36 1.92 0.0339653
3.36 1.98 0.0386369
3.36 2.04 0.0433476
3.36 2.1 0.0479635
3.36 2.16 0.0523417
3.36 2.22 0.0563348
3.36 2.28 0.0597982
3.36 2.34 0.062603
3.36 2.4 0.0646381
3.36 2.46 0.0658219
3.36 2.52 0.0661057
3.36 2.58 0.0654788
3.36 2.64 0.0639659
3.36 2.7 0.061629
3.36 2.76 0.0585617
3.36 2.82 0.0548814
3.36 2.88 0.0507262
3.36 2.94 0.0462409
3.36 3 0.0415728
3.36 3.06 0.0368623
3.36 3.12 0.0322361
3.36 3.18 0.0278032
3.36 3.24 0.0236501
3.36 3.3 0.0198408
3.36 3.36 0.0164165
3.36 3.42 0.0133962
3.36 3.48 0.0107815
3.36 3.54 0.00855786
3.36 3.6 0.00669943
3.36 3.66 0.00517245
3.36 3.72 0.00393868
3.36 3.78 0.00295792
3.36 3.84 0.00219088
3.36 3.9 0.00160043
3.36 3.96 0.00115303
3.36 4.02 0.00081929
3.36 4.08 0.00057415
3.36 4.14 0.000396826
3.36 4.2 0.000270497
3.36 4.26 0.00018185
3.36 4.32 0.000120575
3.36 4.38 7.88462e-05
3.36 4.44 5.08514e-05
3.36 4.5 3.23452e-05
3.36 4.56 2.02913e-05
3.42 0.54 3.68934e-05
3.42 0.6 5.76991e-05
3.42 0.66 8.89987e-05
3.42 0.72 0.00013539
3.42 0.78 0.000203131
3.42 0.84 0.000300574
3.42 0.9 0.000438654
3.42 0.96 0.000631358
3.42 1.02 0.000896236
3.42 1.08 0.00125476
3.42 1.14 0.00173253
3.42 1.2 0.00235936
3.42 1.26 0.00316882
3.42 1.32 0.00419749
3.42 1.38 0.00548363
3.42 1.44 0.00706538
3.42 1.5 0.00897832
3.42 1.56 0.0112522
3.42 1.62 0.0139083
3.42 1.68 0.0169551
3.42 1.74 0.0203853
3.42 1.8 0.0241723
3.42 1.86 0.0282688
3.42 1.92 0.0326052
3.42 1.98 0.0370903
3.42 2.04 0.0416119
3.42 2.1 0.0460437
3.42 2.16 0.0502462
3.42 2.22 0.054079
3.42 2.28 0.0574041
3.42 2.34 0.0600965
3.42 2.4 0.0620498
3.42 2.46 0.0631864
3.42 2.52 0.0634595
3.42 2.58 0.0628571
3.42 2.64 0.0614053
3.42 2.7 0.0591613
3.42 2.76 0.0562172
3.42 2.82 0.0526847
3.42 2.88 0.0486959
3.42 2.94 0.0443899
3.42 3 0.0399084
3.42 3.06 0.0353862
3.42 3.12 0.0309456
3.42 3.18 0.02669
3.42 3.24 0.0227034
3.42 3.3 0.0190464
3.42 3.36 0.0157591
3.42 3.42 0.0128598
3.42 3.48 0.0103498
3.42 3.54 0.00821517
3.42 3.6 0.00643121
3.42 3.66 0.00496542
3.42 3.72 0.00378097
3.42 3.78 0.00283952
3.42 3.84 0.00210316
3.42 3.9 0.00153635
3.42 3.96 0.00110687
3.42 4.02 0.000786492
3.42 4.08 0.000551163
3.42 4.14 0.000380936
3.42 4.2 0.000259668
3.42 4.26 0.00017457
3.42 4.32 0.000115747
3.42 4.38 7.56899e-05
3.42 4.44 4.88158e-05
3.42 4.5 3.10504e-05
3.42 4.56 1.94789e-05
3.48 0.54 3.49294e-05
3.48 0.6 5.46276e-05
3.48 0.66 8.4261e-05
3.48 0.72 0.000128182
3.48 0.78 0.000192318
3.48 0.84 0.000284577
3.48 0.9 0.000415301
3.48 0.96 0.000597754
3.48 1.02 0.000848529
3.48 1.08 0.00118796
3.48 1.14 0.0016403
3.48 1.2 0.00223377
3.48 1.26 0.00300013
3.48 1.32 0.00397403
3.48 1.38 0.00519175
3.48 1.44 0.00668931
3.48 1.5 0.00850039
3.48 1.56 0.0106532
3.48 1.62 0.0131681
3.48 1.68 0.0160526
3.48 1.74 0.0193002
3.48 1.8 0.0228857
3.48 1.86 0.0267642
3.48 1.92 0.0308697
3.48 1.98 0.0351159
3.48 2.04 0.0393972
3.48 2.1 0.0435926
3.48 2.16 0.0475714
3.48 2.22 0.0512008
3.48 2.28 0.0543487
3.48 2.34 0.0568979
3.48 2.4 0.0587474
3.48 2.46 0.059823
3.48 2.52 0.0600813
3.48 2.58 0.0595116
3.48 2.64 0.0581364
3.48 2.7 0.0560124
3.48 2.76 0.053225
3.48 2.82 0.0498802
3.48 2.88 0.0461037
3.48 2.94 0.0420271
3.48 3 0.0377843
3.48 3.06 0.0335028
3.48 3.12 0.0292983
3.48 3.18 0.0252694
3.48 3.24 0.0214948
3.48 3.3 0.0180326
3.48 3.36 0.0149204
3.48 3.42 0.0121754
3.48 3.48 0.00979896
3.48 3.54 0.00777794
3.48 3.6 0.00608885
3.48 3.66 0.0047011
3.48 3.72 0.00357973
3.48 3.78 0.00268836
3.48 3.84 0.00199121
3.48 3.9 0.00145458
3.48 3.96 0.00104796
3.48 4.02 0.000744629
3.48 4.08 0.000521827
3.48 4.14 0.000360662
3.48 4.2 0.000245844
3.48 4.26 0.000165278
3.48 4.32 0.000109586
3.48 4.38 7.1661e-05
3.48 4.44 4.62172e-05
3.48 4.5 2.93973e-05
3.48 4.56 1.8442e-05
3.54 0.6 5.10092e-05
3.54 0.66 7.86794e-05
3.54 0.72 0.000119691
3.54 0.78 0.000179577
3.54 0.84 0.000265725
3.54 0.9 0.000387791
3.54 0.96 0.000558154
3.54 1.02 0.000792317
3.54 1.08 0.00110927
3.54 1.14 0.00153166
3.54 1.2 0.00208579
3.54 1.26 0.0028014
3.54 1.32 0.00371077
3.54 1.38 0.00484781
3.54 1.44 0.00624619
3.54 1.5 0.00793723
3.54 1.56 0.00994761
3.54 1.62 0.0122958
3.54 1.68 0.0149892
3.54 1.74 0.0180216
3.54 1.8 0.0213697
3.54 1.86 0.0249913
3.54 1.92 0.028825
3.54 1.98 0.0327896
3.54 2.04 0.0367875
3.54 2.1 0.0407046
3.54 2.16 0.0444203
3.54 2.22 0.0478091
3.54 2.28 0.0507485
3.54 2.34 0.0531286
3.54 2.4 0.0548558
3.54 2.46 0.0558604
3.54 2.52 0.0561012
3.54 2.58 0.0555693
3.54 2.64 0.054285
3.54 2.7 0.0523022
3.54 2.76 0.0496991
3.54 2.82 0.0465757
3.54 2.88 0.0430493
3.54 2.94 0.0392429
3.54 3 0.0352814
3.54 3.06 0.0312837
3.54 3.12 0.0273575
3.54 3.18 0.0235955
3.54 3.24 0.0200708
3.54 3.3 0.0168381
3.54 3.36 0.013932
3.54 3.42 0.0113689
3.54 3.48 0.00914981
3.54 3.54 0.0072627
3.54 3.6 0.00568553
3.54 3.66 0.00438965
3.54 3.72 0.0033426
3.54 3.78 0.00251025
3.54 3.84 0.00185932
3.54 3.9 0.00135822
3.54 3.96 0.000978538
3.54 4.02 0.000695297
3.54 4.08 0.000487258
3.54 4.14 0.00033677
3.54 4.2 0.00022956
3.54 4.26 0.000154329
3.54 4.32 0.000102326
3.54 4.38 6.6914e-05
3.54 4.44 4.31554e-05
3.54 4.5 2.745e-05
3.54 4.56 1.72204e-05
3.6 0.6 4.69758e-05
3.6 0.66 7.24574e-05
3.6 0.72 0.000110226
3.6 0.78 0.000165376
3.6 0.84 0.000244711
3.6 0.9 0.000357123
3.6 0.96 0.000514018
3.6 1.02 0.000729663
3.6 1.08 0.00102154
3.6 1.14 0.00141054
3.6 1.2 0.00192086
3.6 1.26 0.00257985
3.6 1.32 0.00341732
3.6 1.38 0.00446442
3.6 1.44 0.00575222
3.6 1.5 0.00730956
3.6 1.56 0.00916101
3.6 1.62 0.0113234
3.6 1.68 0.0138039
3.6 1.74 0.0165963
3.6 1.8 0.0196797
3.6 1.86 0.0230151
3.6 1.92 0.0265457
3.6 1.98 0.0301968
3.6 2.04 0.0338783
3.6 2.1 0.0374856
3.6 2.16 0.0409079
3.6 2.22 0.0440283
3.6 2.28 0.0467355
3.6 2.34 0.0489269
3.6 2.4 0.0505176
3.6 2.46 0.051443
3.6 2.52 0.0516648
3.6 2.58 0.0511747
3.6 2.64 0.0499922
3.6 2.7 0.0481664
3.6 2.76 0.0457687
3.6 2.82 0.0428927
3.6 2.88 0.0396447
3.6 2.94 0.0361395
3.6 3 0.0324914
3.6 3.06 0.0288099
3.6 3.12 0.0251942
3.6 3.18 0.0217296
3.6 3.24 0.0184835
3.6 3.3 0.0155067
3.6 3.36 0.0128302
3.6 3.42 0.0104699
3.6 3.48 0.00842626
3.6 3.54 0.00668833
3.6 3.6 0.0052359
3.6 3.66 0.0040425
3.6 3.72 0.00307825
3.6 3.78 0.00231176
3.6 3.84 0.00171229
3.6 3.9 0.00125081
3.6 3.96 0.000901156
3.6 4.02 0.000640316
3.6 4.08 0.000448722
3.6 4.14 0.000310137
3.6 4.2 0.000211406
3.6 4.26 0.000142123
3.6 4.32 9.42345e-05
3.6 4.38 6.16227e-05
3.6 4.44 3.97428e-05
3.6 4.5 2.52795e-05
3.6 4.56 1.58586e-05
3.66 0.6 4.26663e-05
3.66 0.66 6.58108e-05
3.66 0.72 0.000100114
3.66 0.78 0.000150204
3.66 0.84 0.000222262
3.66 0.9 0.000324365
3.66 0.96 0.000466865
3.66 1.02 0.000662721
3.66 1.08 0.000927836
3.66 1.14 0.00128113
3.66 1.2 0.00174465
3.66 1.26 0.00234321
3.66 1.32 0.00310384
3.66 1.38 0.00405488
3.66 1.44 0.00522456
3.66 1.5 0.00663903
3.66 1.56 0.00832057
3.66 1.62 0.0102847
3.66 1.68 0.0125376
3.66 1.74 0.015074
3.66 1.8 0.0178743
3.66 1.86 0.0209036
3.66 1.92 0.0241103
3.66 1.98 0.0274265
3.66 2.04 0.0307702
3.66 2.1 0.034047
3.66 2.16 0.0371551
3.66 2.22 0.0399892
3.66 2.28 0.0424481
3.66 2.34 0.0444389
3.66 2.4 0.0458833
3.66 2.46 0.0467236
3.66 2.52 0.046925
3.66 2.58 0.0464802
3.66 2.64 0.0454064
3.66 2.7 0.0437477
3.66 2.76 0.04157
3.66 2.82 0.0389579
3.66 2.88 0.0360081
3.66 2.94 0.032824
3.66 3 0.0295105
3.66 3.06 0.0261668
3.66 3.12 0.0228828
3.66 3.18 0.0197361
3.66 3.24 0.0167881
3.66 3.3 0.0140841
3.66 3.36 0.0116532
3.66 3.42 0.00950936
3.66 3.48 0.0076533
3.66 3.54 0.00607481
3.66 3.6 0.00475559
3.66 3.66 0.00367167
3.66 3.72 0.00279588
3.66 3.78 0.00209969
3.66 3.84 0.00155519
3.66 3.9 0.00113607
3.66 3.96 0.00081848
3.66 4.02 0.000581577
3.66 4.08 0.000407561
3.66 4.14 0.000281687
3.66 4.2 0.000192012
3.66 4.26 0.000129086
3.66 4.32 8.55903e-05
3.66 4.38 5.59695e-05
3.66 4.44 3.60968e-05
3.66 4.5 2.29605e-05
3.66 4.56 1.44038e-05
3.72 0.66 5.89514e-05
3.72 0.72 8.96801e-05
3.72 0.78 0.000134551
3.72 0.84 0.000199098
3.72 0.9 0.000290557
3.72 0.96 0.000418205
3.72 1.02 0.000593656
3.72 1.08 0.00083113
3.72 1.14 0.00114761
3.72 1.2 0.00156281
3.72 1.26 0.00209898
3.72 1.32 0.00278034
3.72 1.38 0.00363229
3.72 1.44 0.00468004
3.72 1.5 0.00594707
3.72 1.56 0.00745339
3.72 1.62 0.00921279
3.72 1.68 0.0112309
3.72 1.74 0.0135029
3.72 1.8 0.0160115
3.72 1.86 0.0187251
3.72 1.92 0.0215976
3.72 1.98 0.0245681
3.72 2.04 0.0275635
3.72 2.1 0.0304985
3.72 2.16 0.0332826
3.72 2.22 0.0358216
3.72 2.28 0.0380241
3.72 2.34 0.0398072
3.72 2.4 0.0411014
3.72 2.46 0.0418542
3.72 2.52 0.0420345
3.72 2.58 0.0416361
3.72 2.64 0.0406737
3.72 2.7 0.0391882
3.72 2.76 0.0372377
3.72 2.82 0.0348976
3.72 2.88 0.0322553
3.72 2.94 0.0294034
3.72 3 0.0264351
3.72 3.06 0.0234398
3.72 3.12 0.020498
3.72 3.18 0.0176793
3.72 3.24 0.0150383
3.72 3.3 0.0126162
3.72 3.36 0.0104387
3.72 3.42 0.00851832
3.72 3.48 0.0068556
3.72 3.54 0.00544167
3.72 3.6 0.00425995
3.72 3.66 0.00328901
3.72 3.72 0.00250448
3.72 3.78 0.00188085
3.72 3.84 0.00139312
3.72 3.9 0.00101766
3.72 3.96 0.000733184
3.72 4.02 0.000520962
3.72 4.08 0.000365084
3.72 4.14 0.00025233
3.72 4.2 0.000172001
3.72 4.26 0.000115633
3.72 4.32 7.66692e-05
3.72 4.38 5.01364e-05
3.72 4.44 3.23348e-05
3.72 4.5 2.05673e-05
3.72 4.56 1.29026e-05
3.78 0.66 5.20816e-05
3.78 0.72 7.92292e-05
3.78 0.78 0.000118871
3.78 0.84 0.000175896
3.78 0.9 0.000256698
3.78 0.96 0.000369472
3.78 1.02 0.000524473
3.78 1.08 0.000734276
3.78 1.14 0.00101386
3.78 1.2 0.00138069
3.78 1.26 0.00185437
3.78 1.32 0.00245635
3.78 1.38 0.00320901
3.78 1.44 0.00413464
3.78 1.5 0.0052541
3.78 1.56 0.00658474
3.78 1.62 0.00813917
3.78 1.68 0.00992212
3.78 1.74 0.0119294
3.78 1.8 0.0141456
3.78 1.86 0.0165429
3.78 1.92 0.0190805
3.78 1.98 0.0217051
3.78 2.04 0.0243513
3.78 2.1 0.0269446
3.78 2.16 0.0294039
3.78 2.22 0.031647
3.78 2.28 0.033593
3.78 2.34 0.0351685
3.78 2.4 0.0363116
3.78 2.46 0.0369763
3.78 2.52 0.0371361
3.78 2.58 0.036784
3.78 2.64 0.0359341
3.78 2.7 0.0346213
3.78 2.76 0.0328982
3.78 2.82 0.0308311
3.78 2.88 0.0284967
3.78 2.94 0.0259768
3.78 3 0.0233543
3.78 3.06 0.020708
3.78 3.12 0.0181092
3.78 3.18 0.015619
3.78 3.24 0.0132859
3.78 3.3 0.0111459
3.78 3.36 0.00922225
3.78 3.42 0.00752561
3.78 3.48 0.00605674
3.78 3.54 0.00480753
3.78 3.6 0.0037635
3.78 3.66 0.00290574
3.78 3.72 0.00221263
3.78 3.78 0.00166168
3.78 3.84 0.00123075
3.78 3.9 0.000899075
3.78 3.96 0.000647738
3.78 4.02 0.000460256
3.78 4.08 0.000322541
3.78 4.14 0.000222924
3.78 4.2 0.000151956
3.78 4.26 0.000102158
3.78 4.32 6.77348e-05
3.78 4.38 4.42938e-05
3.78 4.44 2.85668e-05
3.78 4.5 1.81705e-05
3.78 4.56 1.13989e-05
3.84 0.72 6.9034e-05
3.84 0.78 0.000103575
3.84 0.84 0.00015326
3.84 0.9 0.000223666
3.84 0.96 0.000321926
3.84 1.02 0.000456989
3.84 1.08 0.000639792
3.84 1.14 0.000883412
3.84 1.2 0.00120303
3.84 1.26 0.00161576
3.84 1.32 0.00214026
3.84 1.38 0.00279605
3.84 1.44 0.00360259
3.84 1.5 0.004578
3.84 1.56 0.00573751
3.84 1.62 0.00709173
3.84 1.68 0.00864535
3.84 1.74 0.0103943
3.84 1.8 0.0123253
3.84 1.86 0.0144142
3.84 1.92 0.0166254
3.84 1.98 0.0189123
3.84 2.04 0.0212177
3.84 2.1 0.0234773
3.84 2.16 0.0256205
3.84 2.22 0.0275745
3.84 2.28 0.0292702
3.84 2.34 0.0306427
3.84 2.4 0.0316387
3.84 2.46 0.0322184
3.84 2.52 0.0323576
3.84 2.58 0.0320502
3.84 2.64 0.0313102
3.84 2.7 0.0301664
3.84 2.76 0.0286647
3.84 2.82 0.0268638
3.84 2.88 0.0248296
3.84 2.94 0.0226342
3.84 3 0.0203492
3.84 3.06 0.0180435
3.84 3.12 0.0157791
3.84 3.18 0.013609
3.84 3.24 0.0115763
3.84 3.3 0.00971178
3.84 3.36 0.00803544
3.84 3.42 0.00655721
3.84 3.48 0.00527732
3.84 3.54 0.00418886
3.84 3.6 0.00327922
3.84 3.66 0.00253182
3.84 3.72 0.00192789
3.84 3.78 0.00144786
3.84 3.84 0.0010724
3.84 3.9 0.000783373
3.84 3.96 0.00056439
3.84 4.02 0.000401029
3.84 4.08 0.000281033
3.84 4.14 0.000194236
3.84 4.2 0.000132403
3.84 4.26 8.90117e-05
3.84 4.32 5.90189e-05
3.84 4.38 3.85941e-05
3.84 4.44 2.48908e-05
3.84 4.5 1.58325e-05
3.84 4.56 9.93214e-06
3.9 0.72 5.93241e-05
3.9 0.78 8.90063e-05
3.9 0.84 0.000131705
3.9 0.9 0.000192206
3.9 0.96 0.000276647
3.9 1.02 0.000392709
3.9 1.08 0.000549799
3.9 1.14 0.000759158
3.9 1.2 0.00103382
3.9 1.26 0.00138849
3.9 1.32 0.00183922
3.9 1.38 0.00240279
3.9 1.44 0.00309588
3.9 1.5 0.00393405
3.9 1.56 0.00493049
3.9 1.62 0.00609434
3.9 1.68 0.00742935
3.9 1.74 0.00893228
3.9 1.8 0.0105918
3.9 1.86 0.0123869
3.9 1.92 0.014287
3.9 1.98 0.016252
3.9 2.04 0.0182335
3.9 2.1 0.020175
3.9 2.16 0.0220168
3.9 2.22 0.0236963
3.9 2.28 0.0251533
3.9 2.34 0.0263328
3.9 2.4 0.0271889
3.9 2.46 0.0276869
3.9 2.52 0.0278062
3.9 2.58 0.0275426
3.9 2.64 0.026906
3.9 2.7 0.0259234
3.9 2.76 0.0246331
3.9 2.82 0.0230851
3.9 2.88 0.0213371
3.9 2.94 0.0194506
3.9 3 0.0174871
3.9 3.06 0.0155056
3.9 3.12 0.0135596
3.9 3.18 0.011695
3.9 3.24 0.00994793
3.9 3.3 0.00834577
3.9 3.36 0.00690531
3.9 3.42 0.00563495
3.9 3.48 0.00453505
3.9 3.54 0.00359971
3.9 3.6 0.00281799
3.9 3.66 0.0021757
3.9 3.72 0.00165673
3.9 3.78 0.0012442
3.9 3.84 0.000921561
3.9 3.9 0.000673193
3.9 3.96 0.000485008
3.9 4.02 0.000344622
3.9 4.08 0.000241506
3.9 4.14 0.000166918
3.9 4.2 0.00011378
3.9 4.26 7.64921e-05
3.9 4.32 5.07173e-05
3.9 4.38 3.31657e-05
3.9 4.44 2.13897e-05
3.9 4.5 1.36055e-05
3.9 4.56 8.53518e-06
3.96 0.78 7.54364e-05
3.96 0.84 0.000111624
3.96 0.9 0.000162902
3.96 0.96 0.000234465
3.96 1.02 0.000332836
3.96 1.08 0.000465976
3.96 1.14 0.00064341
3.96 1.2 0.000876188
3.96 1.26 0.0011768
3.96 1.32 0.00155881
3.96 1.38 0.00203645
3.96 1.44 0.00262386
3.96 1.5 0.00333424
3.96 1.56 0.00417875
3.96 1.62 0.00516511
3.96 1.68 0.00629659
3.96 1.74 0.00757042
3.96 1.8 0.00897685
3.96 1.86 0.0104982
3.96 1.92 0.0121087
3.96 1.98 0.0137743
3.96 2.04 0.0154534
3.96 2.1 0.0170991
3.96 2.16 0.0186599
3.96 2.22 0.0200833
3.96 2.28 0.0213181
3.96 2.34 0.0223178
3.96 2.4 0.0230434
3.96 2.46 0.0234655
3.96 2.52 0.0235669
3.96 2.58 0.0233431
3.96 2.64 0.0228039
3.96 2.7 0.0219708
3.96 2.76 0.0208773
3.96 2.82 0.0195654
3.96 2.88 0.0180841
3.96 2.94 0.0164851
3.96 3 0.0148208
3.96 3.06 0.0131414
3.96 3.12 0.0114923
3.96 3.18 0.00991182
3.96 3.24 0.0084313
3.96 3.3 0.00707329
3.96 3.36 0.00585244
3.96 3.42 0.00477577
3.96 3.48 0.00384357
3.96 3.54 0.00305086
3.96 3.6 0.00238835
3.96 3.66 0.001844
3.96 3.72 0.00140413
3.96 3.78 0.00105451
3.96 3.84 0.000781052
3.96 3.9 0.000570549
3.96 3.96 0.000411059
3.96 4.02 0.000292077
3.96 4.08 0.000204684
3.96 4.14 0.000141468
3.96 4.2 9.64326e-05
3.96 4.26 6.48298e-05
3.96 4.32 4.29847e-05
3.96 4.38 2.81089e-05
3.96 4.44 1.81287e-05
3.96 4.5 1.15311e-05
3.96 4.56 7.23386e-06
4.02 0.78 6.30559e-05
4.02 0.84 9.3305e-05
4.02 0.9 0.000136166
4.02 0.96 0.000195987
4.02 1.02 0.000278211
4.02 1.08 0.000389498
4.02 1.14 0.000537814
4.02 1.2 0.000732389
4.02 1.26 0.000983659
4.02 1.32 0.00130298
4.02 1.38 0.00170224
4.02 1.44 0.00219324
4.02 1.5 0.00278704
4.02 1.56 0.00349293
4.02 1.62 0.00431746
4.02 1.68 0.00526324
4.02 1.74 0.00632801
4.02 1.8 0.00750363
4.02 1.86 0.00877532
4.02 1.92 0.0101214
4.02 1.98 0.0115136
4.02 2.04 0.0129173
4.02 2.1 0.0142928
4.02 2.16 0.0155974
4.02 2.22 0.0167874
4.02 2.28 0.0178195
4.02 2.34 0.0186552
4.02 2.4 0.0192617
4.02 2.46 0.0196144
4.02 2.52 0.0196991
4.02 2.58 0.0195123
4.02 2.64 0.0190613
4.02 2.7 0.0183651
4.02 2.76 0.0174511
4.02 2.82 0.0163544
4.02 2.88 0.0151161
4.02 2.94 0.0137796
4.02 3 0.0123885
4.02 3.06 0.0109847
4.02 3.12 0.00960617
4.02 3.18 0.00828519
4.02 3.24 0.00704756
4.02 3.3 0.00591243
4.02 3.36 0.00489199
4.02 3.42 0.00399201
4.02 3.48 0.0032128
4.02 3.54 0.00255017
4.02 3.6 0.00199637
4.02 3.66 0.00154136
4.02 3.72 0.00117369
4.02 3.78 0.000881441
4.02 3.84 0.000652866
4.02 3.9 0.000476917
4.02 3.96 0.000343599
4.02 4.02 0.000244143
4.02 4.08 0.000171093
4.02 4.14 0.000118251
4.02 4.2 8.06056e-05
4.02 4.26 5.41902e-05
4.02 4.32 3.593e-05
4.02 4.38 2.34959e-05
4.02 4.44 1.51534e-05
4.02 4.5 9.63859e-06
4.02 4.56 6.04663e-06
4.08 0.84 7.69199e-05
4.08 0.9 0.000112255
4.08 0.96 0.000161571
4.08 1.02 0.000229354
4.08 1.08 0.000321101
4.08 1.14 0.000443373
4.08 1.2 0.000603782
4.08 1.26 0.000810924
4.08 1.32 0.00107416
4.08 1.38 0.0014033
4.08 1.44 0.00180809
4.08 1.5 0.00229761
4.08 1.56 0.00287957
4.08 1.62 0.00355929
4.08 1.68 0.00433898
4.08 1.74 0.00521673
4.08 1.8 0.00618592
4.08 1.86 0.00723432
4.08 1.92 0.00834408
4.08 1.98 0.00949172
4.08 2.04 0.010649
4.08 2.1 0.0117828
4.08 2.16 0.0128585
4.08 2.22 0.0138394
4.08 2.28 0.0146903
4.08 2.34 0.0153792
4.08 2.4 0.0158792
4.08 2.46 0.0161701
4.08 2.52 0.0162397
4.08 2.58 0.0160858
4.08 2.64 0.015714
4.08 2.7 0.0151401
4.08 2.76 0.0143865
4.08 2.82 0.0134824
4.08 2.88 0.0124615
4.08 2.94 0.0113597
4.08 3 0.010213
4.08 3.06 0.00905579
4.08 3.12 0.00791927
4.08 3.18 0.00683025
4.08 3.24 0.00580992
4.08 3.3 0.0048742
4.08 3.36 0.00403292
4.08 3.42 0.00329099
4.08 3.48 0.00264862
4.08 3.54 0.00210234
4.08 3.6 0.0016458
4.08 3.66 0.00127068
4.08 3.72 0.000967585
4.08 3.78 0.000726652
4.08 3.84 0.000538222
4.08 3.9 0.000393166
4.08 3.96 0.00028326
4.08 4.02 0.00020127
4.08 4.08 0.000141047
4.08 4.14 9.74855e-05
4.08 4.2 6.64511e-05
4.08 4.26 4.46738e-05
4.08 4.32 2.96206e-05
4.08 4.38 1.93698e-05
4.08 4.44 1.24923e-05
4.08 4.5 7.94607e-06
4.08 4.56 4.98482e-06
4.14 0.9 9.12702e-05
4.14 0.96 0.000131367
4.14 1.02 0.00018648
4.14 1.08 0.000261076
4.14 1.14 0.000360489
4.14 1.2 0.000490914
4.14 1.26 0.000659334
4.14 1.32 0.000873361
4.14 1.38 0.00114096
4.14 1.44 0.00147009
4.14 1.5 0.0018681
4.14 1.56 0.00234127
4.14 1.62 0.0028939
4.14 1.68 0.00352785
4.14 1.74 0.00424152
4.14 1.8 0.0050295
4.14 1.86 0.00588193
4.14 1.92 0.00678426
4.14 1.98 0.00771738
4.14 2.04 0.00865822
4.14 2.1 0.00958019
4.14 2.16 0.0104548
4.14 2.22 0.0112522
4.14 2.28 0.0119442
4.14 2.34 0.0125042
4.14 2.4 0.0129107
4.14 2.46 0.0131472
4.14 2.52 0.0132039
4.14 2.58 0.0130786
4.14 2.64 0.0127765
4.14 2.7 0.0123099
4.14 2.76 0.011697
4.14 2.82 0.0109621
4.14 2.88 0.010132
4.14 2.94 0.00923613
4.14 3 0.00830377
4.14 3.06 0.00736291
4.14 3.12 0.00643887
4.14 3.18 0.00555338
4.14 3.24 0.00472385
4.14 3.3 0.00396304
4.14 3.36 0.00327899
4.14 3.42 0.00267577
4.14 3.48 0.0021535
4.14 3.54 0.00170933
4.14 3.6 0.00133813
4.14 3.66 0.00103314
4.14 3.72 0.000786708
4.14 3.78 0.000590818
4.14 3.84 0.000437607
4.14 3.9 0.000319669
4.14 3.96 0.000230307
4.14 4.02 0.000163645
4.14 4.08 0.00011468
4.14 4.14 7.92612e-05
4.14 4.2 5.40287e-05
4.14 4.26 3.63222e-05
4.14 4.32 2.40835e-05
4.14 4.38 1.57488e-05
4.14 4.44 1.0157e-05
4.14 4.5 6.46068e-06
4.14 4.56 4.05296e-06
4.2 0.9 7.31887e-05
4.2 0.96 0.000105341
4.2 1.02 0.000149534
4.2 1.08 0.000209354
4.2 1.14 0.000289069
4.2 1.2 0.000393657
4.2 1.26 0.000528714
4.2 1.32 0.000700342
4.2 1.38 0.000914928
4.2 1.44 0.00117885
4.2 1.5 0.00149801
4.2 1.56 0.00187742
4.2 1.62 0.00232059
4.2 1.68 0.00282892
4.2 1.74 0.00340122
4.2 1.8 0.00403308
4.2 1.86 0.0047166
4.2 1.92 0.00544016
4.2 1.98 0.00618841
4.2 2.04 0.0069429
4.2 2.1 0.00768228
4.2 2.16 0.00838354
4.2 2.22 0.00902304
4.2 2.28 0.0095778
4.2 2.34 0.010027
4.2 2.4 0.010353
4.2 2.46 0.0105426
4.2 2.52 0.0105881
4.2 2.58 0.0104876
4.2 2.64 0.0102454
4.2 2.7 0.00987106
4.2 2.76 0.0093797
4.2 2.82 0.00879032
4.2 2.88 0.00812478
4.2 2.94 0.00740633
4.2 3 0.00665861
4.2 3.06 0.00590417
4.2 3.12 0.0051632
4.2 3.18 0.00445318
4.2 3.24 0.00378801
4.2 3.3 0.00317789
4.2 3.36 0.0026294
4.2 3.42 0.00214565
4.2 3.48 0.00172686
4.2 3.54 0.0013707
4.2 3.6 0.00107304
4.2 3.66 0.000828467
4.2 3.72 0.000630853
4.2 3.78 0.000473768
4.2 3.84 0.000350909
4.2 3.9 0.000256339
4.2 3.96 0.000184678
4.2 4.02 0.000131224
4.2 4.08 9.19605e-05
4.2 4.14 6.35589e-05
4.2 4.2 4.33251e-05
4.2 4.26 2.91265e-05
4.2 4.32 1.93123e-05
4.2 4.38 1.26287e-05
4.2 4.44 8.1448e-06
4.2 4.5 5.18072e-06
4.2 4.56 3.25003e-06
4.26 0.96 8.33104e-05
4.26 1.02 0.000118262
4.26 1.08 0.000165569
4.26 1.14 0.000228616
4.26 1.2 0.000311328
4.26 1.26 0.000418138
4.26 1.32 0.000553873
4.26 1.38 0.000723584
4.26 1.44 0.000932308
4.26 1.5 0.00118471
4.26 1.56 0.00148479
4.26 1.62 0.00183527
4.26 1.68 0.0022373
4.26 1.74 0.0026899
4.26 1.8 0.00318964
4.26 1.86 0.00373022
4.26 1.92 0.00430246
4.26 1.98 0.00489423
4.26 2.04 0.00549092
4.26 2.1 0.00607559
4.26 2.16 0.00663023
4.26 2.22 0.00713601
4.26 2.28 0.00757476
4.26 2.34 0.00792996
4.26 2.4 0.00818779
4.26 2.46 0.00833777
4.26 2.52 0.00837372
4.26 2.58 0.00829429
4.26 2.64 0.00810261
4.26 2.7 0.00780668
4.26 2.76 0.00741809
4.26 2.82 0.00695192
4.26 2.88 0.00642555
4.26 2.94 0.0058574
4.26 3 0.00526612
4.26 3.06 0.00466943
4.26 3.12 0.00408342
4.26 3.18 0.00352188
4.26 3.24 0.00299578
4.26 3.3 0.00251328
4.26 3.36 0.00207949
4.26 3.42 0.00169693
4.26 3.48 0.0013657
4.26 3.54 0.00108403
4.26 3.6 0.000848625
4.26 3.66 0.000655201
4.26 3.72 0.000498916
4.26 3.78 0.000374684
4.26 3.84 0.000277523
4.26 3.9 0.000202728
4.26 3.96 0.000146057
4.26 4.02 0.00010378
4.26 4.08 7.27279e-05
4.26 4.14 5.02664e-05
4.26 4.2 3.42642e-05
4.26 4.26 2.30351e-05
4.26 4.32 1.52733e-05
4.26 4.38 9.98763e-06
4.26 4.44 6.44143e-06
4.26 4.5 4.09723e-06
4.32 1.02 9.22428e-05
4.32 1.08 0.000129143
4.32 1.14 0.000178317
4.32 1.2 0.000242834
4.32 1.26 0.000326145
4.32 1.32 0.000432015
4.32 1.38 0.000564393
4.32 1.44 0.000727196
4.32 1.5 0.000924077
4.32 1.56 0.00115812
4.32 1.62 0.0014315
4.32 1.68 0.00174508
4.32 1.74 0.00209812
4.32 1.8 0.00248789
4.32 1.86 0.00290953
4.32 1.92 0.00335586
4.32 1.98 0.00381742
4.32 2.04 0.00428286
4.32 2.1 0.00473894
4.32 2.16 0.00517153
4.32 2.22 0.00556603
4.32 2.28 0.00590827
4.32 2.34 0.00618537
4.32 2.4 0.00638642
4.32 2.46 0.00650336
4.32 2.52 0.00653139
4.32 2.58 0.0064695
4.32 2.64 0.00631999
4.32 2.7 0.00608915
4.32 2.76 0.00578607
4.32 2.82 0.00542249
4.32 2.88 0.00501191
4.32 2.94 0.00456874
4.32 3 0.00410751
4.32 3.06 0.0036421
4.32 3.12 0.00318499
4.32 3.18 0.00274703
4.32 3.24 0.00233669
4.32 3.3 0.00196034
4.32 3.36 0.00162199
4.32 3.42 0.00132359
4.32 3.48 0.00106525
4.32 3.54 0.000845541
4.32 3.6 0.000661921
4.32 3.66 0.000511054
4.32 3.72 0.000389153
4.32 3.78 0.000292252
4.32 3.84 0.000216464
4.32 3.9 0.000158128
4.32 3.96 0.000113923
4.32 4.02 8.09487e-05
4.32 4.08 5.67278e-05
4.32 4.14 3.92075e-05
4.32 4.2 2.67258e-05
4.32 4.26 1.79673e-05
4.32 4.32 1.19131e-05
4.32 4.38 7.7903e-06
4.32 4.44 5.02424e-06
4.32 4.5 3.19581e-06
4.38 1.08 9.93456e-05
4.38 1.14 0.000137174
4.38 1.2 0.000186804
4.38 1.26 0.000250892
4.38 1.32 0.000332337
4.38 1.38 0.00043417
4.38 1.44 0.000559403
4.38 1.5 0.000710867
4.38 1.56 0.00089091
4.38 1.62 0.0011012
4.38 1.68 0.00134245
4.38 1.74 0.00161402
4.38 1.8 0.00191387
4.38 1.86 0.00223823
4.38 1.92 0.00258156
4.38 1.98 0.00293668
4.38 2.04 0.00329468
4.38 2.1 0.00364552
4.38 2.16 0.00397829
4.38 2.22 0.00428176
4.38 2.28 0.00454507
4.38 2.34 0.00475819
4.38 2.4 0.00491286
4.38 2.46 0.00500282
4.38 2.52 0.00502446
4.38 2.58 0.00497677
4.38 2.64 0.00486179
4.38 2.7 0.0046842
4.38 2.76 0.00445105
4.38 2.82 0.00417139
4.38 2.88 0.00385551
4.38 2.94 0.00351462
4.38 3 0.00315982
4.38 3.06 0.00280177
4.38 3.12 0.00245016
4.38 3.18 0.00211321
4.38 3.24 0.00179755
4.38 3.3 0.00150803
4.38 3.36 0.00124774
4.38 3.42 0.0010182
4.38 3.48 0.000819461
4.38 3.54 0.000650443
4.38 3.6 0.000509191
4.38 3.66 0.000393139
4.38 3.72 0.000299361
4.38 3.78 0.000224822
4.38 3.84 0.00016652
4.38 3.9 0.000121642
4.38 3.96 8.76383e-05
4.38 4.02 6.22716e-05
4.38 4.08 4.36387e-05
4.38 4.14 3.01609e-05
4.38 4.2 2.05593e-05
4.38 4.26 1.38217e-05
4.38 4.32 9.16431e-06
4.38 4.38 5.99288e-06
4.38 4.44 3.86502e-06
4.38 4.5 2.45844e-06
4.44 1.14 0.000104075
4.44 1.2 0.000141728
4.44 1.26 0.000190353
4.44 1.32 0.000252145
4.44 1.38 0.000329403
4.44 1.44 0.000424423
4.44 1.5 0.000539328
4.44 1.56 0.000675934
4.44 1.62 0.000835486
4.44 1.68 0.0010185
4.44 1.74 0.00122455
4.44 1.8 0.00145204
4.44 1.86 0.00169813
4.44 1.92 0.00195864
4.44 1.98 0.00222805
4.44 2.04 0.00249967
4.44 2.1 0.00276586
4.44 2.16 0.00301833
4.44 2.22 0.00324858
4.44 2.28 0.0034483
4.44 2.34 0.00361002
4.44 2.4 0.00372739
4.44 2.46 0.00379567
4.44 2.52 0.00381205
4.44 2.58 0.00377587
4.44 2.64 0.00368864
4.44 2.7 0.00355389
4.44 2.76 0.00337699
4.44 2.82 0.00316479
4.44 2.88 0.00292517
4.44 2.94 0.00266653
4.44 3 0.00239733
4.44 3.06 0.0021257
4.44 3.12 0.00185893
4.44 3.18 0.00160329
4.44 3.24 0.0013638
4.44 3.3 0.00114414
4.44 3.36 0.000946665
4.44 3.42 0.000772504
4.44 3.48 0.000621717
4.44 3.54 0.000493493
4.44 3.6 0.000386327
4.44 3.66 0.000298274
4.44 3.72 0.000227126
4.44 3.78 0.000170571
4.44 3.84 0.000126339
4.44 3.9 9.22895e-05
4.44 3.96 6.64904e-05
4.44 4.02 4.72446e-05
4.44 4.08 3.31085e-05
4.44 4.14 2.28832e-05
4.44 4.2 1.55984e-05
4.44 4.26 1.04865e-05
4.44 4.32 6.95299e-06
4.44 4.38 4.54673e-06
4.44 4.44 2.9324e-06
4.44 4.5 1.86522e-06
4.5 1.2 0.00010605
4.5 1.26 0.000142434
4.5 1.32 0.000188672
4.5 1.38 0.000246484
4.5 1.44 0.000317582
4.5 1.5 0.000403565
4.5 1.56 0.000505775
4.5 1.62 0.00062517
4.5 1.68 0.000762115
4.5 1.74 0.000916299
4.5 1.8 0.00108653
4.5 1.86 0.00127066
4.5 1.92 0.00146558
4.5 1.98 0.00166717
4.5 2.04 0.00187043
4.5 2.1 0.00206961
4.5 2.16 0.0022585
4.5 2.22 0.00243082
4.5 2.28 0.00258026
4.5 2.34 0.00270129
4.5 2.4 0.0027891
4.5 2.46 0.00284017
4.5 2.52 0.00285244
4.5 2.58 0.00282538
4.5 2.64 0.00276009
4.5 2.7 0.00265925
4.5 2.76 0.00252692
4.5 2.82 0.00236811
4.5 2.88 0.00218883
4.5 2.94 0.00199529
4.5 3 0.00179386
4.5 3.06 0.00159059
4.5 3.12 0.00139097
4.5 3.18 0.0011997
4.5 3.24 0.00102049
4.5 3.3 0.000856116
4.5 3.36 0.000708362
4.5 3.42 0.000578042
4.5 3.48 0.000465216
4.5 3.54 0.000369266
4.5 3.6 0.000289075
4.5 3.66 0.00022319
4.5 3.72 0.000169952
4.5 3.78 0.000127633
4.5 3.84 9.45349e-05
4.5 3.9 6.90578e-05
4.5 3.96 4.97531e-05
4.5 4.02 3.5352e-05
4.5 4.08 2.47743e-05
4.5 4.14 1.71228e-05
4.5 4.2 1.16717e-05
4.5 4.26 7.84677e-06
4.5 4.32 5.20269e-06
4.5 4.38 3.40219e-06
4.5 4.44 2.19422e-06
4.56 1.26 0.000105115
4.56 1.32 0.000139237
4.56 1.38 0.0001819
4.56 1.44 0.000234371
4.56 1.5 0.000297823
4.56 1.56 0.000373256
4.56 1.62 0.000461365
4.56 1.68 0.000562424
4.56 1.74 0.000676208
4.56 1.8 0.000801833
4.56 1.86 0.000937726
4.56 1.92 0.00108158
4.56 1.98 0.00123034
4.56 2.04 0.00138034
4.56 2.1 0.00152734
4.56 2.16 0.00166675
4.56 2.22 0.0017939
4.56 2.28 0.00190418
4.56 2.34 0.0019935
4.56 2.4 0.00205831
4.56 2.46 0.00209601
4.56 2.52 0.00210505
4.56 2.58 0.00208508
4.56 2.64 0.00203691
4.56 2.7 0.00196249
4.56 2.76 0.00186481
4.56 2.82 0.00174762
4.56 2.88 0.00161531
4.56 2.94 0.00147248
4.56 3 0.00132383
4.56 3.06 0.00117383
4.56 3.12 0.00102652
4.56 3.18 0.000885354
4.56 3.24 0.000753105
4.56 3.3 0.000631803
4.56 3.36 0.000522759
4.56 3.42 0.000426584
4.56 3.48 0.000343321
4.56 3.54 0.000272513
4.56 3.6 0.000213334
4.56 3.66 0.00016471
4.56 3.72 0.000125422
4.56 3.78 9.41909e-05
4.56 3.84 6.97656e-05
4.56 3.9 5.09635e-05
4.56 3.96 3.67167e-05
4.56 4.02 2.60891e-05
4.56 4.08 1.8283e-05
4.56 4.14 1.26364e-05
4.56 4.2 8.61361e-06
4.56 4.26 5.79073e-06
4.56 4.32 3.83953e-06
4.56 4.38 2.51074e-06
4.56 4.44 1.6193e-06
4.62 1.32 0.000101343
4.62 1.38 0.000132395
4.62 1.44 0.000170584
4.62 1.5 0.000216768
4.62 1.56 0.00027167
4.62 1.62 0.000335797
4.62 1.68 0.000409356
4.62 1.74 0.000492173
4.62 1.8 0.000583608
4.62 1.86 0.000682512
4.62 1.92 0.000787213
4.62 1.98 0.000895497
4.62 2.04 0.00100466
4.62 2.1 0.00111166
4.62 2.16 0.00121312
4.62 2.22 0.00130566
4.62 2.28 0.00138594
4.62 2.34 0.00145094
4.62 2.4 0.00149811
4.62 2.46 0.00152555
4.62 2.52 0.00153214
4.62 2.58 0.0015176
4.62 2.64 0.00148254
4.62 2.7 0.00142837
4.62 2.76 0.00135729
4.62 2.82 0.00127199
4.62 2.88 0.00117569
4.62 2.94 0.00107174
4.62 3 0.000963537
4.62 3.06 0.000854356
4.62 3.12 0.000747142
4.62 3.18 0.000644393
4.62 3.24 0.000548141
4.62 3.3 0.000459851
4.62 3.36 0.000380482
4.62 3.42 0.000310484
4.62 3.48 0.000249881
4.62 3.54 0.000198344
4.62 3.6 0.000155273
4.62 3.66 0.000119883
4.62 3.72 9.12861e-05
4.62 3.78 6.8556e-05
4.62 3.84 5.07781e-05
4.62 3.9 3.7093e-05
4.62 3.96 2.67239e-05
4.62 4.02 1.89887e-05
4.62 4.08 1.3307e-05
4.62 4.14 9.19718e-06
4.62 4.2 6.26933e-06
4.62 4.26 4.21476e-06
4.62 4.32 2.79455e-06
4.62 4.38 1.82743e-06
4.62 4.44 1.17859e-06
4.68 1.38 9.50376e-05
4.68 1.44 0.00012245
4.68 1.5 0.000155603
4.68 1.56 0.000195014
4.68 1.62 0.000241048
4.68 1.68 0.000293852
4.68 1.74 0.000353299
4.68 1.8 0.000418935
4.68 1.86 0.000489935
4.68 1.92 0.000565088
4.68 1.98 0.00064282
4.68 2.04 0.000721186
4.68 2.1 0.000797986
4.68 2.16 0.000870821
4.68 2.22 0.000937254
4.68 2.28 0.000994884
4.68 2.34 0.00104154
4.68 2.4 0.0010754
4.68 2.46 0.00109509
4.68 2.52 0.00109983
4.68 2.58 0.00108939
4.68 2.64 0.00106422
4.68 2.7 0.00102534
4.68 2.76 0.000974311
4.68 2.82 0.000913088
4.68 2.88 0.000843951
4.68 2.94 0.000769331
4.68 3 0.000691665
4.68 3.06 0.000613288
4.68 3.12 0.000536325
4.68 3.18 0.00046257
4.68 3.24 0.000393473
4.68 3.3 0.000330097
4.68 3.36 0.000273124
4.68 3.42 0.000222878
4.68 3.48 0.000179374
4.68 3.54 0.000142378
4.68 3.6 0.000111459
4.68 3.66 8.60561e-05
4.68 3.72 6.55283e-05
4.68 3.78 4.9212e-05
4.68 3.84 3.64501e-05
4.68 3.9 2.66267e-05
4.68 3.96 1.91835e-05
4.68 4.02 1.36308e-05
4.68 4.08 9.55226e-06
4.68 4.14 6.60207e-06
4.68 4.2 4.50032e-06
4.68 4.26 3.0255e-06
4.68 4.32 2.006e-06
4.68 4.38 1.3118e-06
4.74 1.44 8.66909e-05
4.74 1.5 0.000110163
4.74 1.56 0.000138064
4.74 1.62 0.000170653
4.74 1.68 0.000208039
4.74 1.74 0.000250124
4.74 1.8 0.000296592
4.74 1.86 0.000346858
4.74 1.92 0.000400065
4.74 1.98 0.000455095
4.74 2.04 0.000510575
4.74 2.1 0.000564946
4.74 2.16 0.000616515
4.74 2.22 0.000663543
4.74 2.28 0.000704349
4.74 2.34 0.000737378
4.74 2.4 0.000761343
4.74 2.46 0.000775285
4.74 2.52 0.000778637
4.74 2.58 0.000771247
4.74 2.64 0.000753432
4.74 2.7 0.00072591
4.74 2.76 0.000689777
4.74 2.82 0.000646439
4.74 2.88 0.000597489
4.74 2.94 0.000544659
4.74 3 0.000489676
4.74 3.06 0.00043419
4.74 3.12 0.0003797
4.74 3.18 0.000327484
4.74 3.24 0.000278566
4.74 3.3 0.000233698
4.74 3.36 0.000193362
4.74 3.42 0.000157791
4.74 3.48 0.000126992
4.74 3.54 0.000100799
4.74 3.6 7.8909e-05
4.74 3.66 6.09246e-05
4.74 3.72 4.63921e-05
4.74 3.78 3.48407e-05
4.74 3.84 2.58055e-05
4.74 3.9 1.88509e-05
4.74 3.96 1.35813e-05
4.74 4.02 9.65022e-06
4.74 4.08 6.7627e-06
4.74 4.14 4.67403e-06
4.74 4.2 3.18605e-06
4.74 4.26 2.14195e-06
4.74 4.32 1.4202e-06
4.74 4.38 9.28716e-07
4.8 1.56 9.64004e-05
4.8 1.62 0.000119157
4.8 1.68 0.000145259
4.8 1.74 0.000174647
4.8 1.8 0.000207092
4.8 1.86 0.000242188
4.8 1.92 0.000279338
4.8 1.98 0.000317763
4.8 2.04 0.000356503
4.8 2.1 0.000394469
4.8 2.16 0.000430471
4.8 2.22 0.000463313
4.8 2.28 0.000491799
4.8 2.34 0.000514866
4.8 2.4 0.000531602
4.8 2.46 0.000541334
4.8 2.52 0.000543674
4.8 2.58 0.000538517
4.8 2.64 0.000526076
4.8 2.7 0.000506854
4.8 2.76 0.00048163
4.8 2.82 0.000451365
4.8 2.88 0.000417191
4.8 2.94 0.000380302
4.8 3 0.000341908
4.8 3.06 0.000303165
4.8 3.12 0.000265119
4.8 3.18 0.000228662
4.8 3.24 0.000194506
4.8 3.3 0.000163176
4.8 3.36 0.000135014
4.8 3.42 0.000110174
4.8 3.48 8.86704e-05
4.8 3.54 7.03821e-05
4.8 3.6 5.50977e-05
4.8 3.66 4.25401e-05
4.8 3.72 3.23928e-05
4.8 3.78 2.4327e-05
4.8 3.84 1.80183e-05
4.8 3.9 1.31624e-05
4.8 3.96 9.48291e-06
4.8 4.02 6.73812e-06
4.8 4.08 4.72199e-06
4.8 4.14 3.2636e-06
4.8 4.2 2.22464e-06
4.8 4.26 1.4956e-06
4.8 4.32 9.91633e-07
4.86 1.62 8.20557e-05
4.86 1.68 0.000100032
4.86 1.74 0.000120267
4.86 1.8 0.000142611
4.86 1.86 0.000166781
4.86 1.92 0.000192365
4.86 1.98 0.000218826
4.86 2.04 0.000245501
4.86 2.1 0.000271645
4.86 2.16 0.000296442
4.86 2.22 0.000319053
4.86 2.28 0.000338673
4.86 2.34 0.000354553
4.86 2.4 0.000366079
4.86 2.46 0.000372785
4.86 2.52 0.000374396
4.86 2.58 0.000370841
4.86 2.64 0.000362274
4.86 2.7 0.00034904
4.86 2.76 0.000331668
4.86 2.82 0.000310829
4.86 2.88 0.000287292
4.86 2.94 0.000261891
4.86 3 0.000235452
4.86 3.06 0.000208772
4.86 3.12 0.000182573
4.86 3.18 0.000157465
4.86 3.24 0.000133944
4.86 3.3 0.00011237
4.86 3.36 9.29748e-05
4.86 3.42 7.58709e-05
4.86 3.48 6.10616e-05
4.86 3.54 4.84672e-05
4.86 3.6 3.79424e-05
4.86 3.66 2.92946e-05
4.86 3.72 2.23067e-05
4.86 3.78 1.67526e-05
4.86 3.84 1.24082e-05
4.86 3.9 9.06407e-06
4.86 3.96 6.53032e-06
4.86 4.02 4.64013e-06
4.86 4.08 3.25171e-06
4.86 4.14 2.24742e-06
4.86 4.2 1.53197e-06
4.86 4.26 1.02992e-06
4.86 4.32 6.82877e-07
4.92 1.74 8.16827e-05
4.92 1.8 9.68573e-05
4.92 1.86 0.000113272
4.92 1.92 0.000130649
4.92 1.98 0.00014862
4.92 2.04 0.000166738
4.92 2.1 0.000184495
4.92 2.16 0.000201335
4.92 2.22 0.000216694
4.92 2.28 0.000230015
4.92 2.34 0.000240804
4.92 2.4 0.000248633
4.92 2.46 0.000253187
4.92 2.52 0.00025428
4.92 2.58 0.000251866
4.92 2.64 0.000246049
4.92 2.7 0.000237058
4.92 2.76 0.000225259
4.92 2.82 0.000211105
4.92 2.88 0.000195122
4.92 2.94 0.000177869
4.92 3 0.000159911
4.92 3.06 0.000141792
4.92 3.12 0.000123998
4.92 3.18 0.000106946
4.92 3.24 9.09716e-05
4.92 3.3 7.63186e-05
4.92 3.36 6.31466e-05
4.92 3.42 5.1529e-05
4.92 3.48 4.14713e-05
4.92 3.54 3.29181e-05
4.92 3.6 2.57697e-05
4.92 3.66 1.98962e-05
4.92 3.72 1.51503e-05
4.92 3.78 1.13778e-05
4.92 3.84 8.42733e-06
4.92 3.9 6.15611e-06
4.92 3.96 4.43518e-06
4.92 4.02 3.15143e-06
4.92 4.08 2.20848e-06
4.92 4.14 1.52641e-06
4.92 4.2 1.04048e-06
4.98 1.86 7.58744e-05
4.98 1.92 8.75138e-05
4.98 1.98 9.95503e-05
4.98 2.04 0.000111687
4.98 2.1 0.000123581
4.98 2.16 0.000134862
4.98 2.22 0.000145149
4.98 2.28 0.000154075
4.98 2.34 0.000161301
4.98 2.4 0.000166544
4.98 2.46 0.000169593
4.98 2.52 0.000170324
4.98 2.58 0.00016871
4.98 2.64 0.000164812
4.98 2.7 0.000158792
4.98 2.76 0.000150888
4.98 2.82 0.000141407
4.98 2.88 0.0001307
4.98 2.94 0.000119142
4.98 3 0.000107115
4.98 3.06 9.49783e-05
4.98 3.12 8.30579e-05
4.98 3.18 7.16364e-05
4.98 3.24 6.09357e-05
4.98 3.3 5.11214e-05
4.98 3.36 4.2298e-05
4.98 3.42 3.45164e-05
4.98 3.48 2.77794e-05
4.98 3.54 2.20498e-05
4.98 3.6 1.72614e-05
4.98 3.66 1.33271e-05
4.98 3.72 1.01483e-05
4.98 3.78 7.6213e-06
4.98 3.84 5.64492e-06
4.98 3.9 4.12362e-06
4.98 3.96 2.97087e-06
4.98 4.02 2.11097e-06
4.98 4.08 1.47933e-06
5.04 1.98 6.57668e-05
5.04 2.04 7.37838e-05
5.04 2.1 8.16415e-05
5.04 2.16 8.90942e-05
5.04 2.22 9.58893e-05
5.04 2.28 0.000101786
5.04 2.34 0.000106559
5.04 2.4 0.000110022
5.04 2.46 0.000112038
5.04 2.52 0.000112522
5.04 2.58 0.000111454
5.04 2.64 0.00010888
5.04 2.7 0.000104902
5.04 2.76 9.96807e-05
5.04 2.82 9.34181e-05
5.04 2.88 8.63442e-05
5.04 2.94 7.87097e-05
5.04 3 7.07638e-05
5.04 3.06 6.27453e-05
5.04 3.12 5.48713e-05
5.04 3.18 4.7325e-05
5.04 3.24 4.02562e-05
5.04 3.3 3.37723e-05
5.04 3.36 2.79429e-05
5.04 3.42 2.28025e-05
5.04 3.48 1.83518e-05
5.04 3.54 1.45666e-05
5.04 3.6 1.14034e-05
5.04 3.66 8.80433e-06
5.04 3.72 6.70417e-06
5.04 3.78 5.0349e-06
5.04 3.84 3.72921e-06
5.04 3.9 2.72416e-06
5.04 3.96 1.96265e-06
5.1 2.1 5.3193e-05
5.1 2.16 5.80493e-05
5.1 2.22 6.24774e-05
5.1 2.28 6.63192e-05
5.1 2.34 6.94289e-05
5.1 2.4 7.16859e-05
5.1 2.46 7.29989e-05
5.1 2.52 7.33135e-05
5.1 2.58 7.26184e-05
5.1 2.64 7.094e-05
5.1 2.7 6.83495e-05
5.1 2.76 6.49472e-05
5.1 2.82 6.08663e-05
5.1 2.88 5.62571e-05
5.1 2.94 5.12832e-05
5.1 3 4.61063e-05
5.1 3.06 4.0882e-05
5.1 3.12 3.57511e-05
5.1 3.18 3.08349e-05
5.1 3.24 2.62286e-05
5.1 3.3 2.20044e-05
5.1 3.36 1.82064e-05
5.1 3.42 1.48571e-05
5.1 3.48 1.19571e-05
5.1 3.54 9.49093e-06
5.1 3.6 7.42987e-06
5.1 3.66 5.73643e-06
5.1 3.72 4.36813e-06
5.1 3.78 3.28046e-06
5.1 3.84 2.42978e-06
5.16 2.28 4.2616e-05
5.16 2.34 4.46143e-05
5.16 2.4 4.60647e-05
5.16 2.46 4.69087e-05
5.16 2.52 4.71112e-05
5.16 2.58 4.66638e-05
5.16 2.64 4.5586e-05
5.16 2.7 4.39209e-05
5.16 2.76 4.17343e-05
5.16 2.82 3.91123e-05
5.16 2.88 3.61506e-05
5.16 2.94 3.29542e-05
5.16 3 2.96274e-05
5.16 3.06 2.62705e-05
5.16 3.12 2.29736e-05
5.16 3.18 1.98142e-05
5.16 3.24 1.68545e-05
5.16 3.3 1.41399e-05
5.16 3.36 1.16993e-05
5.16 3.42 9.54701e-06
5.16 3.48 7.68354e-06
5.16 3.54 6.0988e-06
5.16 3.6 4.7744e-06
5.22 2.58 2.95737e-05
5.22 2.64 2.88908e-05
5.22 2.7 2.78352e-05
5.22 2.76 2.64497e-05
5.22 2.82 2.4788e-05
5.22 2.88 2.2911e-05
5.22 2.94 2.08851e-05
5.22 3 1.87768e-05
5.22 3.06 1.66491e-05
5.22 3.12 1.45598e-05
5.22 3.18 1.25574e-05
5.22 3.24 1.06818e-05
5.22 3.3 8.9613e-06
5.22 3.36 7.41452e-06
