2953 0.06 0.06 0.0550323 -12 -12
-1.2 0.96 7.58606e-06
-1.2 1.02 6.67553e-06
-1.2 1.08 5.79353e-06
-1.2 1.14 4.95894e-06
-1.2 1.2 4.18623e-06
-1.2 1.26 3.48535e-06
-1.2 1.32 2.86194e-06
-1.2 1.38 2.31775e-06
-1.2 1.44 1.85121e-06
-1.2 1.5 1.45825e-06
-1.2 1.56 1.13294e-06
-1.2 1.62 8.6809e-07
-1.14 0.66 1.85034e-05
-1.14 0.72 1.74492e-05
-1.14 0.78 1.62288e-05
-1.14 0.84 1.48865e-05
-1.14 0.9 1.34673e-05
-1.14 0.96 1.2016e-05
-1.14 1.02 1.05737e-05
-1.14 1.08 9.17672e-06
-1.14 1.14 7.85475e-06
-1.14 1.2 6.63078e-06
-1.14 1.26 5.52066e-06
-1.14 1.32 4.53322e-06
-1.14 1.38 3.6712e-06
-1.14 1.44 2.93224e-06
-1.14 1.5 2.30983e-06
-1.14 1.56 1.79452e-06
-1.14 1.62 1.37502e-06
-1.08 0.48 3.17213e-05
-1.08 0.54 3.11822e-05
-1.08 0.6 3.02309e-05
-1.08 0.66 2.89058e-05
-1.08 0.72 2.72587e-05
-1.08 0.78 2.53526e-05
-1.08 0.84 2.32553e-05
-1.08 0.9 2.10384e-05
-1.08 0.96 1.87713e-05
-1.08 1.02 1.65181e-05
-1.08 1.08 1.43357e-05
-1.08 1.14 1.22706e-05
-1.08 1.2 1.03586e-05
-1.08 1.26 8.62433e-06
-1.08 1.32 7.08171e-06
-1.08 1.38 5.73512e-06
-1.08 1.44 4.58068e-06
-1.08 1.5 3.60837e-06
-1.08 1.56 2.80337e-06
-1.08 1.62 2.14804e-06
-1.08 1.68 1.62326e-06
-1.02 0.3 4.7352e-05
-1.02 0.36 4.85207e-05
-1.02 0.42 4.90345e-05
-1.02 0.48 4.8873e-05
-1.02 0.54 4.80426e-05
-1.02 0.6 4.65771e-05
-1.02 0.66 4.45358e-05
-1.02 0.72 4.19984e-05
-1.02 0.78 3.9061e-05
-1.02 0.84 3.58299e-05
-1.02 0.9 3.24141e-05
-1.02 0.96 2.8921e-05
-1.02 1.02 2.54496e-05
-1.02 1.08 2.20871e-05
-1.02 1.14 1.89054e-05
-1.02 1.2 1.59596e-05
-1.02 1.26 1.32877e-05
-1.02 1.32 1.09109e-05
-1.02 1.38 8.83612e-06
-1.02 1.44 7.05751e-06
-1.02 1.5 5.55951e-06
-1.02 1.56 4.3192e-06
-1.02 1.62 3.3095e-06
-1.02 1.68 2.50099e-06
-1.02 1.74 1.86401e-06
-0.96 0.18 6.57408e-05
-0.96 0.24 6.92545e-05
-0.96 0.3 7.1953e-05
-0.96 0.36 7.37278e-05
-0.96 0.42 7.45102e-05
-0.96 0.48 7.42647e-05
-0.96 0.54 7.30024e-05
-0.96 0.6 7.07756e-05
-0.96 0.66 6.76733e-05
-0.96 0.72 6.3818e-05
-0.96 0.78 5.93543e-05
-0.96 0.84 5.44447e-05
-0.96 0.9 4.92544e-05
-0.96 0.96 4.39463e-05
-0.96 1.02 3.86719e-05
-0.96 1.08 3.35623e-05
-0.96 1.14 2.87273e-05
-0.96 1.2 2.4251e-05
-0.96 1.26 2.01909e-05
-0.96 1.32 1.65794e-05
-0.96 1.38 1.34267e-05
-0.96 1.44 1.07242e-05
-0.96 1.5 8.44779e-06
-0.96 1.56 6.56319e-06
-0.96 1.62 5.02887e-06
-0.96 1.68 3.8003e-06
-0.96 1.74 2.83242e-06
-0.9 0.06 8.51691e-05
-0.9 0.12 9.2239e-05
-0.9 0.18 9.85224e-05
-0.9 0.24 0.000103788
-0.9 0.3 0.000107831
-0.9 0.36 0.000110493
-0.9 0.42 0.000111664
-0.9 0.48 0.000111297
-0.9 0.54 0.000109406
-0.9 0.6 0.000106068
-0.9 0.66 0.000101418
-0.9 0.72 9.56404e-05
-0.9 0.78 8.89519e-05
-0.9 0.84 8.15937e-05
-0.9 0.9 7.38145e-05
-0.9 0.96 6.58608e-05
-0.9 1.02 5.79551e-05
-0.9 1.08 5.02982e-05
-0.9 1.14 4.30526e-05
-0.9 1.2 3.63441e-05
-0.9 1.26 3.02591e-05
-0.9 1.32 2.48469e-05
-0.9 1.38 2.0122e-05
-0.9 1.44 1.60717e-05
-0.9 1.5 1.26604e-05
-0.9 1.56 9.83578e-06
-0.9 1.62 7.53652e-06
-0.9 1.68 5.69532e-06
-0.9 1.74 4.24478e-06
-0.9 1.8 3.1202e-06
-0.84 -0.06 0.00010296
-0.84 9.71445e-15 0.000114637
-0.84 0.06 0.000125883
-0.84 0.12 0.000136333
-0.84 0.18 0.00014562
-0.84 0.24 0.000153404
-0.84 0.3 0.000159381
-0.84 0.36 0.000163314
-0.84 0.42 0.000165046
-0.84 0.48 0.000164502
-0.84 0.54 0.000161706
-0.84 0.6 0.000156774
-0.84 0.66 0.000149901
-0.84 0.72 0.000141361
-0.84 0.78 0.000131474
-0.84 0.84 0.000120599
-0.84 0.9 0.000109102
-0.84 0.96 9.73447e-05
-0.84 1.02 8.56613e-05
-0.84 1.08 7.43432e-05
-0.84 1.14 6.36334e-05
-0.84 1.2 5.37179e-05
-0.84 1.26 4.4724e-05
-0.84 1.32 3.67247e-05
-0.84 1.38 2.97414e-05
-0.84 1.44 2.3755e-05
-0.84 1.5 1.87124e-05
-0.84 1.56 1.45379e-05
-0.84 1.62 1.11393e-05
-0.84 1.68 8.41791e-06
-0.84 1.74 6.27398e-06
-0.84 1.8 4.61181e-06
-0.78 -0.12 0.000132948
-0.78 -0.06 0.000150088
-0.78 9.71445e-15 0.000167109
-0.78 0.06 0.000183505
-0.78 0.12 0.000198737
-0.78 0.18 0.000212275
-0.78 0.24 0.000223621
-0.78 0.3 0.000232335
-0.78 0.36 0.000238068
-0.78 0.42 0.000240593
-0.78 0.48 0.000239799
-0.78 0.54 0.000235726
-0.78 0.6 0.000228535
-0.78 0.66 0.000218516
-0.78 0.72 0.000206068
-0.78 0.78 0.000191656
-0.78 0.84 0.000175801
-0.78 0.9 0.000159041
-0.78 0.96 0.000141903
-0.78 1.02 0.000124871
-0.78 1.08 0.000108372
-0.78 1.14 9.27609e-05
-0.78 1.2 7.83069e-05
-0.78 1.26 6.51962e-05
-0.78 1.32 5.3535e-05
-0.78 1.38 4.33545e-05
-0.78 1.44 3.46284e-05
-0.78 1.5 2.7278e-05
-0.78 1.56 2.11923e-05
-0.78 1.62 1.62381e-05
-0.78 1.68 1.22711e-05
-0.78 1.74 9.14584e-06
-0.78 1.8 6.72281e-06
-0.78 1.86 4.87376e-06
-0.72 -0.24 0.000143873
-0.72 -0.18 0.000166982
-0.72 -0.12 0.000191139
-0.72 -0.06 0.000215781
-0.72 9.71445e-15 0.000240254
-0.72 0.06 0.000263824
-0.72 0.12 0.000285723
-0.72 0.18 0.00030519
-0.72 0.24 0.000321498
-0.72 0.3 0.000334026
-0.72 0.36 0.00034227
-0.72 0.42 0.000345896
-0.72 0.48 0.000344759
-0.72 0.54 0.000338901
-0.72 0.6 0.000328561
-0.72 0.66 0.00031416
-0.72 0.72 0.000296262
-0.72 0.78 0.000275541
-0.72 0.84 0.00025275
-0.72 0.9 0.000228652
-0.72 0.96 0.000204013
-0.72 1.02 0.000179525
-0.72 1.08 0.000155806
-0.72 1.14 0.000133362
-0.72 1.2 0.000112581
-0.72 1.26 9.37328e-05
-0.72 1.32 7.69672e-05
-0.72 1.38 6.23311e-05
-0.72 1.44 4.97847e-05
-0.72 1.5 3.92175e-05
-0.72 1.56 3.04681e-05
-0.72 1.62 2.33456e-05
-0.72 1.68 1.76423e-05
-0.72 1.74 1.31489e-05
-0.72 1.8 9.66532e-06
-0.72 1.86 7.00693e-06
-0.66 -0.3 0.000173356
-0.66 -0.24 0.000204003
-0.66 -0.18 0.000236769
-0.66 -0.12 0.000271021
-0.66 -0.06 0.000305963
-0.66 9.71445e-15 0.000340663
-0.66 0.06 0.000374083
-0.66 0.12 0.000405138
-0.66 0.18 0.00043274
-0.66 0.24 0.000455863
-0.66 0.3 0.000473625
-0.66 0.36 0.000485319
-0.66 0.42 0.000490456
-0.66 0.48 0.000488844
-0.66 0.54 0.000480537
-0.66 0.6 0.000465878
-0.66 0.66 0.000445458
-0.66 0.72 0.000420078
-0.66 0.78 0.0003907
-0.66 0.84 0.000358382
-0.66 0.9 0.000324215
-0.66 0.96 0.000289277
-0.66 1.02 0.000254552
-0.66 1.08 0.000220922
-0.66 1.14 0.000189097
-0.66 1.2 0.000159633
-0.66 1.26 0.000132907
-0.66 1.32 0.000109134
-0.66 1.38 8.8382e-05
-0.66 1.44 7.05907e-05
-0.66 1.5 5.56077e-05
-0.66 1.56 4.32018e-05
-0.66 1.62 3.31027e-05
-0.66 1.68 2.50156e-05
-0.66 1.74 1.86443e-05
-0.66 1.8 1.37047e-05
-0.66 1.86 9.93539e-06
-0.66 1.92 7.10379e-06
-0.6 -0.36 0.000203177
-0.6 -0.3 0.000242426
-0.6 -0.24 0.000285287
-0.6 -0.18 0.00033111
-0.6 -0.12 0.000379007
-0.6 -0.06 0.00042787
-0.6 9.71445e-15 0.000476398
-0.6 0.06 0.000523137
-0.6 0.12 0.000566564
-0.6 0.18 0.000605156
-0.6 0.24 0.000637502
-0.6 0.3 0.000662334
-0.6 0.36 0.00067869
-0.6 0.42 0.000685878
-0.6 0.48 0.000683625
-0.6 0.54 0.000672008
-0.6 0.6 0.000651506
-0.6 0.66 0.000622946
-0.6 0.72 0.000587454
-0.6 0.78 0.000546373
-0.6 0.84 0.000501175
-0.6 0.9 0.000453396
-0.6 0.96 0.00040454
-0.6 1.02 0.00035598
-0.6 1.08 0.000308949
-0.6 1.14 0.000264444
-0.6 1.2 0.000223238
-0.6 1.26 0.000185862
-0.6 1.32 0.000152618
-0.6 1.38 0.000123597
-0.6 1.44 9.8718e-05
-0.6 1.5 7.7764e-05
-0.6 1.56 6.04149e-05
-0.6 1.62 4.62921e-05
-0.6 1.68 3.49827e-05
-0.6 1.74 2.60728e-05
-0.6 1.8 1.91653e-05
-0.6 1.86 1.38941e-05
-0.6 1.92 9.93419e-06
-0.54 -0.42 0.000231626
-0.54 -0.36 0.000280224
-0.54 -0.3 0.000334361
-0.54 -0.24 0.000393473
-0.54 -0.18 0.000456671
-0.54 -0.12 0.000522736
-0.54 -0.06 0.000590128
-0.54 9.71445e-15 0.000657058
-0.54 0.06 0.000721519
-0.54 0.12 0.000781413
-0.54 0.18 0.000834651
-0.54 0.24 0.000879246
-0.54 0.3 0.000913515
-0.54 0.36 0.000936063
-0.54 0.42 0.000945973
-0.54 0.48 0.000942861
-0.54 0.54 0.00092684
-0.54 0.6 0.000898567
-0.54 0.66 0.000859185
-0.54 0.72 0.000810234
-0.54 0.78 0.000753565
-0.54 0.84 0.000691233
-0.54 0.9 0.000625333
-0.54 0.96 0.000557945
-0.54 1.02 0.000490974
-0.54 1.08 0.000426106
-0.54 1.14 0.000364724
-0.54 1.2 0.000307893
-0.54 1.26 0.000256346
-0.54 1.32 0.000210494
-0.54 1.38 0.000170467
-0.54 1.44 0.000136154
-0.54 1.5 0.000107254
-0.54 1.56 8.33261e-05
-0.54 1.62 6.38472e-05
-0.54 1.68 4.82492e-05
-0.54 1.74 3.59605e-05
-0.54 1.8 2.64332e-05
-0.54 1.86 1.9163e-05
-0.54 1.92 1.37016e-05
-0.54 1.98 9.66181e-06
-0.48 -0.48 0.000256847
-0.48 -0.42 0.000315069
-0.48 -0.36 0.000381178
-0.48 -0.3 0.000454817
-0.48 -0.24 0.00053523
-0.48 -0.18 0.000621192
-0.48 -0.12 0.000711059
-0.48 -0.06 0.000802731
-0.48 9.71445e-15 0.000893766
-0.48 0.06 0.000981455
-0.48 0.12 0.00106293
-0.48 0.18 0.00113533
-0.48 0.24 0.00119602
-0.48 0.3 0.00124262
-0.48 0.36 0.00127328
-0.48 0.42 0.00128679
-0.48 0.48 0.00128254
-0.48 0.54 0.00126075
-0.48 0.6 0.0012223
-0.48 0.66 0.00116871
-0.48 0.72 0.00110213
-0.48 0.78 0.00102505
-0.48 0.84 0.000940252
-0.48 0.9 0.000850619
-0.48 0.96 0.000758956
-0.48 1.02 0.000667861
-0.48 1.08 0.000579615
-0.48 1.14 0.000496122
-0.48 1.2 0.000418817
-0.48 1.26 0.000348695
-0.48 1.32 0.000286327
-0.48 1.38 0.000231878
-0.48 1.44 0.000185207
-0.48 1.5 0.000145893
-0.48 1.56 0.000113345
-0.48 1.62 8.68478e-05
-0.48 1.68 6.56309e-05
-0.48 1.74 4.89155e-05
-0.48 1.8 3.59562e-05
-0.48 1.86 2.60668e-05
-0.48 1.92 1.86376e-05
-0.48 1.98 1.31426e-05
-0.42 -0.54 0.000277041
-0.42 -0.48 0.000344577
-0.42 -0.42 0.000422686
-0.42 -0.36 0.000511377
-0.42 -0.3 0.000610172
-0.42 -0.24 0.000718043
-0.42 -0.18 0.000833371
-0.42 -0.12 0.000953921
-0.42 -0.06 0.00107692
-0.42 9.71445e-15 0.00119904
-0.42 0.06 0.00131668
-0.42 0.12 0.00142599
-0.42 0.18 0.00152313
-0.42 0.24 0.00160454
-0.42 0.3 0.00166705
-0.42 0.36 0.0017082
-0.42 0.42 0.00172631
-0.42 0.48 0.00172062
-0.42 0.54 0.00169137
-0.42 0.6 0.00163978
-0.42 0.66 0.00156791
-0.42 0.72 0.00147857
-0.42 0.78 0.00137516
-0.42 0.84 0.00126141
-0.42 0.9 0.00114117
-0.42 0.96 0.00101818
-0.42 1.02 0.000895976
-0.42 1.08 0.000777595
-0.42 1.14 0.000665577
-0.42 1.2 0.000561867
-0.42 1.26 0.000467796
-0.42 1.32 0.000384123
-0.42 1.38 0.000311083
-0.42 1.44 0.000248466
-0.42 1.5 0.000195724
-0.42 1.56 0.000152061
-0.42 1.62 0.000116513
-0.42 1.68 8.80481e-05
-0.42 1.74 6.56232e-05
-0.42 1.8 4.82372e-05
-0.42 1.86 3.49702e-05
-0.42 1.92 2.50033e-05
-0.42 1.98 1.76318e-05
-0.36 -0.6 0.000290661
-0.36 -0.54 0.000366559
-0.36 -0.48 0.000455921
-0.36 -0.42 0.000559271
-0.36 -0.36 0.000676613
-0.36 -0.3 0.00080733
-0.36 -0.24 0.000950061
-0.36 -0.18 0.00110265
-0.36 -0.12 0.00126217
-0.36 -0.06 0.00142489
-0.36 9.71445e-15 0.00158649
-0.36 0.06 0.00174213
-0.36 0.12 0.00188676
-0.36 0.18 0.0020153
-0.36 0.24 0.00212299
-0.36 0.3 0.00220572
-0.36 0.36 0.00226017
-0.36 0.42 0.0022841
-0.36 0.48 0.00227659
-0.36 0.54 0.0022379
-0.36 0.6 0.00216964
-0.36 0.66 0.00207454
-0.36 0.72 0.00195634
-0.36 0.78 0.00181952
-0.36 0.84 0.00166901
-0.36 0.9 0.0015099
-0.36 0.96 0.00134719
-0.36 1.02 0.00118547
-0.36 1.08 0.00102885
-0.36 1.14 0.000880642
-0.36 1.2 0.000743425
-0.36 1.26 0.00061896
-0.36 1.32 0.000508245
-0.36 1.38 0.000411602
-0.36 1.44 0.000328748
-0.36 1.5 0.00025897
-0.36 1.56 0.000201194
-0.36 1.62 0.000154162
-0.36 1.68 0.0001165
-0.36 1.74 8.68282e-05
-0.36 1.8 6.38239e-05
-0.36 1.86 4.627e-05
-0.36 1.92 3.3083e-05
-0.36 1.98 2.3329e-05
-0.36 2.04 1.62246e-05
-0.3 -0.66 0.000296629
-0.3 -0.6 0.000379297
-0.3 -0.54 0.000478334
-0.3 -0.48 0.000594943
-0.3 -0.42 0.000729809
-0.3 -0.36 0.000882935
-0.3 -0.3 0.00105352
-0.3 -0.24 0.00123977
-0.3 -0.18 0.00143889
-0.3 -0.12 0.00164705
-0.3 -0.06 0.00185941
-0.3 9.71445e-15 0.00207028
-0.3 0.06 0.00227337
-0.3 0.12 0.00246209
-0.3 0.18 0.00262984
-0.3 0.24 0.00277037
-0.3 0.3 0.00287834
-0.3 0.36 0.00294936
-0.3 0.42 0.00298062
-0.3 0.48 0.00297079
-0.3 0.54 0.00292029
-0.3 0.6 0.00283123
-0.3 0.66 0.00270715
-0.3 0.72 0.00255291
-0.3 0.78 0.00237434
-0.3 0.84 0.00217795
-0.3 0.9 0.00197034
-0.3 0.96 0.00175798
-0.3 1.02 0.00154698
-0.3 1.08 0.00134259
-0.3 1.14 0.00114917
-0.3 1.2 0.000970113
-0.3 1.26 0.000807697
-0.3 1.32 0.000663225
-0.3 1.38 0.000537115
-0.3 1.44 0.000428999
-0.3 1.5 0.000337937
-0.3 1.56 0.000262548
-0.3 1.62 0.000201171
-0.3 1.68 0.000152024
-0.3 1.74 0.000113305
-0.3 1.8 8.32864e-05
-0.3 1.86 6.03793e-05
-0.3 1.92 4.31709e-05
-0.3 1.98 3.04428e-05
-0.3 2.04 2.11722e-05
-0.24 -0.72 0.000294453
-0.24 -0.66 0.000381761
-0.24 -0.6 0.000488151
-0.24 -0.54 0.000615618
-0.24 -0.48 0.000765698
-0.24 -0.42 0.00093927
-0.24 -0.36 0.00113633
-0.24 -0.3 0.00135588
-0.24 -0.24 0.00159559
-0.24 -0.18 0.00185185
-0.24 -0.12 0.00211976
-0.24 -0.06 0.00239305
-0.24 9.71445e-15 0.00266444
-0.24 0.06 0.00292583
-0.24 0.12 0.00316872
-0.24 0.18 0.0033846
-0.24 0.24 0.00356545
-0.24 0.3 0.00370442
-0.24 0.36 0.00379585
-0.24 0.42 0.00383606
-0.24 0.48 0.0038234
-0.24 0.54 0.00375845
-0.24 0.6 0.00364381
-0.24 0.66 0.00348411
-0.24 0.72 0.0032856
-0.24 0.78 0.00305581
-0.24 0.84 0.00280302
-0.24 0.9 0.00253582
-0.24 0.96 0.00226254
-0.24 1.02 0.00199096
-0.24 1.08 0.0017279
-0.24 1.14 0.00147899
-0.24 1.2 0.00124855
-0.24 1.26 0.00103952
-0.24 1.32 0.000853574
-0.24 1.38 0.000691263
-0.24 1.44 0.00055212
-0.24 1.5 0.000434928
-0.24 1.56 0.000337899
-0.24 1.62 0.000258907
-0.24 1.68 0.000195656
-0.24 1.74 0.000145824
-0.24 1.8 0.00010719
-0.24 1.86 7.77085e-05
-0.24 1.92 5.55614e-05
-0.24 1.98 3.91798e-05
-0.24 2.04 2.72486e-05
-0.18 -0.72 0.000373754
-0.18 -0.66 0.00048457
-0.18 -0.6 0.00061962
-0.18 -0.54 0.000781415
-0.18 -0.48 0.000971911
-0.18 -0.42 0.00119223
-0.18 -0.36 0.00144237
-0.18 -0.3 0.00172103
-0.18 -0.24 0.00202529
-0.18 -0.18 0.00235058
-0.18 -0.12 0.00269062
-0.18 -0.06 0.00303751
-0.18 9.71445e-15 0.00338201
-0.18 0.06 0.0037138
-0.18 0.12 0.00402211
-0.18 0.18 0.00429612
-0.18 0.24 0.0045257
-0.18 0.3 0.00470203
-0.18 0.36 0.00481813
-0.18 0.42 0.00486913
-0.18 0.48 0.00485313
-0.18 0.54 0.00477066
-0.18 0.6 0.00462513
-0.18 0.66 0.0044224
-0.18 0.72 0.00417042
-0.18 0.78 0.00387878
-0.18 0.84 0.00355791
-0.18 0.9 0.00321873
-0.18 0.96 0.00287188
-0.18 1.02 0.00252714
-0.18 1.08 0.00219325
-0.18 1.14 0.00187731
-0.18 1.2 0.0015848
-0.18 1.26 0.00131947
-0.18 1.32 0.00108345
-0.18 1.38 0.000877433
-0.18 1.44 0.000700809
-0.18 1.5 0.000552058
-0.18 1.56 0.000428896
-0.18 1.62 0.000328635
-0.18 1.68 0.000248348
-0.18 1.74 0.000185095
-0.18 1.8 0.000136056
-0.18 1.86 9.86362e-05
-0.18 1.92 7.05245e-05
-0.18 1.98 4.97317e-05
-0.18 2.04 3.45866e-05
-0.12 -0.78 0.000355923
-0.12 -0.72 0.00046789
-0.12 -0.66 0.000606622
-0.12 -0.6 0.000775685
-0.12 -0.54 0.000978228
-0.12 -0.48 0.0012167
-0.12 -0.42 0.00149249
-0.12 -0.36 0.00180566
-0.12 -0.3 0.00215449
-0.12 -0.24 0.00253538
-0.12 -0.18 0.00294262
-0.12 -0.12 0.00336827
-0.12 -0.06 0.00380255
-0.12 9.71445e-15 0.00423381
-0.12 0.06 0.00464919
-0.12 0.12 0.00503514
-0.12 0.18 0.00537812
-0.12 0.24 0.00566559
-0.12 0.3 0.00588624
-0.12 0.36 0.00603162
-0.12 0.42 0.00609552
-0.12 0.48 0.00607548
-0.12 0.54 0.00597222
-0.12 0.6 0.00579001
-0.12 0.66 0.0055362
-0.12 0.72 0.00522076
-0.12 0.78 0.00485569
-0.12 0.84 0.00445401
-0.12 0.9 0.00402941
-0.12 0.96 0.0035952
-0.12 1.02 0.00316366
-0.12 1.08 0.00274567
-0.12 1.14 0.00235015
-0.12 1.2 0.00198395
-0.12 1.26 0.00165178
-0.12 1.32 0.00135634
-0.12 1.38 0.00109843
-0.12 1.44 0.000877325
-0.12 1.5 0.000691098
-0.12 1.56 0.000536919
-0.12 1.62 0.000411405
-0.12 1.68 0.000310896
-0.12 1.74 0.000231712
-0.12 1.8 0.000170324
-0.12 1.86 0.000123479
-0.12 1.92 8.82863e-05
-0.12 1.98 6.22574e-05
-0.12 2.04 4.32981e-05
-0.06 -0.84 0.000329688
-0.06 -0.78 0.000439439
-0.06 -0.72 0.00057768
-0.06 -0.66 0.00074897
-0.06 -0.6 0.000957704
-0.06 -0.54 0.00120777
-0.06 -0.48 0.00150219
-0.06 -0.42 0.00184272
-0.06 -0.36 0.00222937
-0.06 -0.3 0.00266006
-0.06 -0.24 0.0031303
-0.06 -0.18 0.00363313
-0.06 -0.12 0.00415867
-0.06 -0.06 0.00469487
-0.06 9.71445e-15 0.00522733
-0.06 0.06 0.00574015
-0.06 0.12 0.00621662
-0.06 0.18 0.00664017
-0.06 0.24 0.00699503
-0.06 0.3 0.00726756
-0.06 0.36 0.00744692
-0.06 0.42 0.00752585
-0.06 0.48 0.00750111
-0.06 0.54 0.00737361
-0.06 0.6 0.00714861
-0.06 0.66 0.00683528
-0.06 0.72 0.00644587
-0.06 0.78 0.00599507
-0.06 0.84 0.0054992
-0.06 0.9 0.00497492
-0.06 0.96 0.00443881
-0.06 1.02 0.00390603
-0.06 1.08 0.00338996
-0.06 1.14 0.00290162
-0.06 1.2 0.00244947
-0.06 1.26 0.00203938
-0.06 1.32 0.00167461
-0.06 1.38 0.00135617
-0.06 1.44 0.00108319
-0.06 1.5 0.000853273
-0.06 1.56 0.000662912
-0.06 1.62 0.000507943
-0.06 1.68 0.000383849
-0.06 1.74 0.000286086
-0.06 1.8 0.000210292
-0.06 1.86 0.000152452
-0.06 1.92 0.000109004
-0.06 1.98 7.68659e-05
-0.06 2.04 5.34584e-05
-0.06 2.1 3.6668e-05
9.71445e-15 -0.84 0.000401456
9.71445e-15 -0.78 0.000535102
9.71445e-15 -0.72 0.000703434
9.71445e-15 -0.66 0.000912004
9.71445e-15 -0.6 0.00116618
9.71445e-15 -0.54 0.00147068
9.71445e-15 -0.48 0.00182921
9.71445e-15 -0.42 0.00224386
9.71445e-15 -0.36 0.00271466
9.71445e-15 -0.3 0.00323912
9.71445e-15 -0.24 0.00381175
9.71445e-15 -0.18 0.00442397
9.71445e-15 -0.12 0.00506393
9.71445e-15 -0.06 0.00571684
9.71445e-15 9.71445e-15 0.00636519
9.71445e-15 0.06 0.00698966
9.71445e-15 0.12 0.00756993
9.71445e-15 0.18 0.00808563
9.71445e-15 0.24 0.00851774
9.71445e-15 0.3 0.00884955
9.71445e-15 0.36 0.00906808
9.71445e-15 0.42 0.00916412
9.71445e-15 0.48 0.00913398
9.71445e-15 0.54 0.00897874
9.71445e-15 0.6 0.00870482
9.71445e-15 0.66 0.00832326
9.71445e-15 0.72 0.00784901
9.71445e-15 0.78 0.00730014
9.71445e-15 0.84 0.00669626
9.71445e-15 0.9 0.00605791
9.71445e-15 0.96 0.00540509
9.71445e-15 1.02 0.00475629
9.71445e-15 1.08 0.00412788
9.71445e-15 1.14 0.00353325
9.71445e-15 1.2 0.00298271
9.71445e-15 1.26 0.00248333
9.71445e-15 1.32 0.00203913
9.71445e-15 1.38 0.0016514
9.71445e-15 1.44 0.00131898
9.71445e-15 1.5 0.00103901
9.71445e-15 1.56 0.000807218
9.71445e-15 1.62 0.000618517
9.71445e-15 1.68 0.00046741
9.71445e-15 1.74 0.000348363
9.71445e-15 1.8 0.000256067
9.71445e-15 1.86 0.00018564
9.71445e-15 1.92 0.000132732
9.71445e-15 1.98 9.3599e-05
9.71445e-15 2.04 6.50948e-05
9.71445e-15 2.1 4.465e-05
0.06 -0.9 0.00035674
0.06 -0.84 0.000482129
0.06 -0.78 0.00064262
0.06 -0.72 0.000844787
0.06 -0.66 0.00109527
0.06 -0.6 0.00140052
0.06 -0.54 0.00176621
0.06 -0.48 0.00219677
0.06 -0.42 0.00269476
0.06 -0.36 0.00326017
0.06 -0.3 0.00388999
0.06 -0.24 0.0045777
0.06 -0.18 0.00531299
0.06 -0.12 0.00608157
0.06 -0.06 0.00686562
0.06 9.71445e-15 0.0076443
0.06 0.06 0.00839426
0.06 0.12 0.00909103
0.06 0.18 0.00971041
0.06 0.24 0.0102293
0.06 0.3 0.0106279
0.06 0.36 0.0108902
0.06 0.42 0.0110056
0.06 0.48 0.0109694
0.06 0.54 0.010783
0.06 0.6 0.010454
0.06 0.66 0.00999579
0.06 0.72 0.00942635
0.06 0.78 0.00876707
0.06 0.84 0.00804189
0.06 0.9 0.00727515
0.06 0.96 0.00649122
0.06 1.02 0.00571206
0.06 1.08 0.00495738
0.06 1.14 0.00424326
0.06 1.2 0.00358206
0.06 1.26 0.00298235
0.06 1.32 0.00244891
0.06 1.38 0.00198323
0.06 1.44 0.00158403
0.06 1.5 0.00124781
0.06 1.56 0.000969421
0.06 1.62 0.000742802
0.06 1.68 0.000561334
0.06 1.74 0.000418368
0.06 1.8 0.000307527
0.06 1.86 0.000222944
0.06 1.92 0.000159405
0.06 1.98 0.000112406
0.06 2.04 7.81761e-05
0.06 2.1 5.36225e-05
0.12 -0.96 0.000308349
0.12 -0.9 0.000422539
0.12 -0.84 0.000571045
0.12 -0.78 0.000761154
0.12 -0.72 0.0010006
0.12 -0.66 0.00129729
0.12 -0.6 0.00165882
0.12 -0.54 0.00209197
0.12 -0.48 0.00260195
0.12 -0.42 0.00319174
0.12 -0.36 0.00386145
0.12 -0.3 0.00460744
0.12 -0.24 0.00542206
0.12 -0.18 0.00629285
0.12 -0.12 0.00720323
0.12 -0.06 0.0081319
0.12 9.71445e-15 0.0090541
0.12 0.06 0.00994244
0.12 0.12 0.0107678
0.12 0.18 0.0115012
0.12 0.24 0.012116
0.12 0.3 0.0125881
0.12 0.36 0.0128988
0.12 0.42 0.0130356
0.12 0.48 0.0129925
0.12 0.54 0.0127718
0.12 0.6 0.0123823
0.12 0.66 0.0118395
0.12 0.72 0.0111649
0.12 0.78 0.0103841
0.12 0.84 0.00952501
0.12 0.9 0.00861708
0.12 0.96 0.00768847
0.12 1.02 0.00676564
0.12 1.08 0.00587168
0.12 1.14 0.00502587
0.12 1.2 0.00424275
0.12 1.26 0.0035324
0.12 1.32 0.00290057
0.12 1.38 0.002349
0.12 1.44 0.0018762
0.12 1.5 0.00147794
0.12 1.56 0.00114822
0.12 1.62 0.000879799
0.12 1.68 0.000664865
0.12 1.74 0.000495528
0.12 1.8 0.000364247
0.12 1.86 0.000264066
0.12 1.92 0.000188804
0.12 1.98 0.000133139
0.12 2.04 9.25952e-05
0.12 2.1 6.35118e-05
0.18 -0.96 0.000360202
0.18 -0.9 0.000493587
0.18 -0.84 0.000667076
0.18 -0.78 0.000889152
0.18 -0.72 0.00116885
0.18 -0.66 0.00151543
0.18 -0.6 0.00193777
0.18 -0.54 0.00244375
0.18 -0.48 0.00303949
0.18 -0.42 0.00372849
0.18 -0.36 0.0045108
0.18 -0.3 0.00538228
0.18 -0.24 0.00633377
0.18 -0.18 0.00735107
0.18 -0.12 0.00841445
0.18 -0.06 0.00949939
0.18 9.71445e-15 0.0105767
0.18 0.06 0.0116143
0.18 0.12 0.0125785
0.18 0.18 0.0134354
0.18 0.24 0.0141535
0.18 0.3 0.0147049
0.18 0.36 0.0150679
0.18 0.42 0.0152276
0.18 0.48 0.0151774
0.18 0.54 0.0149194
0.18 0.6 0.0144643
0.18 0.66 0.0138304
0.18 0.72 0.0130423
0.18 0.78 0.0121302
0.18 0.84 0.0111268
0.18 0.9 0.0100661
0.18 0.96 0.00898131
0.18 1.02 0.00790329
0.18 1.08 0.00685908
0.18 1.14 0.005871
0.18 1.2 0.00495618
0.18 1.26 0.0041264
0.18 1.32 0.00338831
0.18 1.38 0.00274404
0.18 1.44 0.00219169
0.18 1.5 0.00172647
0.18 1.56 0.00134132
0.18 1.62 0.00102776
0.18 1.68 0.000776666
0.18 1.74 0.000578855
0.18 1.8 0.000425494
0.18 1.86 0.000308468
0.18 1.92 0.000220553
0.18 1.98 0.000155528
0.18 2.04 0.000108165
0.18 2.1 7.41924e-05
0.24 -1.02 0.000298679
0.24 -0.96 0.00041499
0.24 -0.9 0.000568665
0.24 -0.84 0.000768542
0.24 -0.78 0.00102439
0.24 -0.72 0.00134664
0.24 -0.66 0.00174592
0.24 -0.6 0.00223249
0.24 -0.54 0.00281544
0.24 -0.48 0.00350181
0.24 -0.42 0.00429561
0.24 -0.36 0.00519687
0.24 -0.3 0.00620089
0.24 -0.24 0.00729718
0.24 -0.18 0.00846914
0.24 -0.12 0.0096944
0.24 -0.06 0.0109442
0.24 9.71445e-15 0.0121854
0.24 0.06 0.0133809
0.24 0.12 0.0144917
0.24 0.18 0.015479
0.24 0.24 0.016306
0.24 0.3 0.0169416
0.24 0.36 0.0173598
0.24 0.42 0.0175437
0.24 0.48 0.0174858
0.24 0.54 0.0171887
0.24 0.6 0.0166644
0.24 0.66 0.0159341
0.24 0.72 0.0150262
0.24 0.78 0.0139753
0.24 0.84 0.0128192
0.24 0.9 0.0115972
0.24 0.96 0.0103474
0.24 1.02 0.00910535
0.24 1.08 0.00790229
0.24 1.14 0.00676397
0.24 1.2 0.00571005
0.24 1.26 0.00475407
0.24 1.32 0.00390369
0.24 1.38 0.00316139
0.24 1.44 0.00252504
0.24 1.5 0.00198908
0.24 1.56 0.00154533
0.24 1.62 0.00118408
0.24 1.68 0.000894805
0.24 1.74 0.000666906
0.24 1.8 0.000490216
0.24 1.86 0.000355389
0.24 1.92 0.000254102
0.24 1.98 0.000179183
0.24 2.04 0.000124617
0.24 2.1 8.54774e-05
0.3 -1.02 0.000339379
0.3 -0.96 0.000471538
0.3 -0.9 0.000646149
0.3 -0.84 0.000873269
0.3 -0.78 0.00116398
0.3 -0.72 0.00153014
0.3 -0.66 0.00198383
0.3 -0.6 0.00253672
0.3 -0.54 0.00319909
0.3 -0.48 0.00397898
0.3 -0.42 0.00488095
0.3 -0.36 0.00590504
0.3 -0.3 0.00704591
0.3 -0.24 0.00829146
0.3 -0.18 0.00962325
0.3 -0.12 0.0110153
0.3 -0.06 0.0124356
0.3 9.71445e-15 0.0138459
0.3 0.06 0.0152042
0.3 0.12 0.0164664
0.3 0.18 0.0175883
0.3 0.24 0.0185281
0.3 0.3 0.0192501
0.3 0.36 0.0197253
0.3 0.42 0.0199342
0.3 0.48 0.0198686
0.3 0.54 0.0195309
0.3 0.6 0.0189351
0.3 0.66 0.0181052
0.3 0.72 0.0170736
0.3 0.78 0.0158796
0.3 0.84 0.0145661
0.3 0.9 0.0131775
0.3 0.96 0.0117574
0.3 1.02 0.0103461
0.3 1.08 0.00897916
0.3 1.14 0.00768566
0.3 1.2 0.00648811
0.3 1.26 0.00540187
0.3 1.32 0.00443563
0.3 1.38 0.00359221
0.3 1.44 0.00286911
0.3 1.5 0.00226012
0.3 1.56 0.00175591
0.3 1.62 0.00134543
0.3 1.68 0.00101673
0.3 1.74 0.000757776
0.3 1.8 0.000557012
0.3 1.86 0.000403812
0.3 1.92 0.000288726
0.3 1.98 0.000203601
0.3 2.04 0.000141598
0.3 2.1 9.71251e-05
0.36 -1.02 0.000380326
0.36 -0.96 0.00052843
0.36 -0.9 0.000724111
0.36 -0.84 0.000978617
0.36 -0.78 0.00130441
0.36 -0.72 0.00171474
0.36 -0.66 0.00222319
0.36 -0.6 0.00284276
0.36 -0.54 0.00358504
0.36 -0.48 0.00445901
0.36 -0.42 0.00546978
0.36 -0.36 0.00661745
0.36 -0.3 0.00789597
0.36 -0.24 0.00929189
0.36 -0.18 0.0107842
0.36 -0.12 0.0123443
0.36 -0.06 0.0139359
0.36 9.71445e-15 0.0155163
0.36 0.06 0.0170384
0.36 0.12 0.018453
0.36 0.18 0.0197101
0.36 0.24 0.0207635
0.36 0.3 0.0215726
0.36 0.36 0.022105
0.36 0.42 0.0223394
0.36 0.48 0.0222656
0.36 0.54 0.0218873
0.36 0.6 0.0212197
0.36 0.66 0.0202897
0.36 0.72 0.0191336
0.36 0.78 0.0177954
0.36 0.84 0.0163233
0.36 0.9 0.0147674
0.36 0.96 0.0131758
0.36 1.02 0.0115944
0.36 1.08 0.0100624
0.36 1.14 0.00861287
0.36 1.2 0.00727088
0.36 1.26 0.00605357
0.36 1.32 0.00497072
0.36 1.38 0.00402558
0.36 1.44 0.00321528
0.36 1.5 0.00253278
0.36 1.56 0.00196776
0.36 1.62 0.00150774
0.36 1.68 0.0011394
0.36 1.74 0.000849204
0.36 1.8 0.000624217
0.36 1.86 0.000452535
0.36 1.92 0.000323559
0.36 1.98 0.000228164
0.36 2.04 0.000158682
0.36 2.1 0.000108842
0.42 -1.08 0.000298381
0.42 -1.02 0.000420353
0.42 -0.96 0.000584041
0.42 -0.9 0.000800324
0.42 -0.84 0.00108161
0.42 -0.78 0.00144169
0.42 -0.72 0.00189522
0.42 -0.66 0.00245717
0.42 -0.6 0.00314194
0.42 -0.54 0.00396236
0.42 -0.48 0.00492832
0.42 -0.42 0.00604544
0.42 -0.36 0.00731391
0.42 -0.3 0.00872691
0.42 -0.24 0.0102698
0.42 -0.18 0.0119192
0.42 -0.12 0.0136435
0.42 -0.06 0.0154024
0.42 9.71445e-15 0.0171492
0.42 0.06 0.0188318
0.42 0.12 0.0203951
0.42 0.18 0.0217844
0.42 0.24 0.0229488
0.42 0.3 0.0238429
0.42 0.36 0.0244315
0.42 0.42 0.0246905
0.42 0.48 0.024609
0.42 0.54 0.0241909
0.42 0.6 0.023453
0.42 0.66 0.022425
0.42 0.72 0.0211472
0.42 0.78 0.0196684
0.42 0.84 0.0180411
0.42 0.9 0.0163215
0.42 0.96 0.0145626
0.42 1.02 0.0128147
0.42 1.08 0.0111214
0.42 1.14 0.00951942
0.42 1.2 0.00803613
0.42 1.26 0.00669068
0.42 1.32 0.00549392
0.42 1.38 0.00444922
0.42 1.44 0.00355368
0.42 1.5 0.00279933
0.42 1.56 0.00217484
0.42 1.62 0.00166642
0.42 1.68 0.00125931
0.42 1.74 0.000938575
0.42 1.8 0.000689914
0.42 1.86 0.000500163
0.42 1.92 0.000357611
0.42 1.98 0.000252176
0.42 2.04 0.000175383
0.42 2.1 0.000120297
0.48 -1.08 0.000325251
0.48 -1.02 0.000458203
0.48 -0.96 0.000636635
0.48 -0.9 0.000872394
0.48 -0.84 0.00117902
0.48 -0.78 0.0015715
0.48 -0.72 0.00206589
0.48 -0.66 0.00267845
0.48 -0.6 0.00342488
0.48 -0.54 0.00431919
0.48 -0.48 0.0053721
0.48 -0.42 0.00658987
0.48 -0.36 0.00797257
0.48 -0.3 0.00951274
0.48 -0.24 0.0111946
0.48 -0.18 0.0129926
0.48 -0.12 0.0148722
0.48 -0.06 0.0167895
0.48 9.71445e-15 0.0186937
0.48 0.06 0.0205277
0.48 0.12 0.0222317
0.48 0.18 0.0237462
0.48 0.24 0.0250152
0.48 0.3 0.0259901
0.48 0.36 0.0266314
0.48 0.42 0.0269138
0.48 0.48 0.0268251
0.48 0.54 0.0263694
0.48 0.6 0.0255649
0.48 0.66 0.0244442
0.48 0.72 0.0230517
0.48 0.78 0.0214395
0.48 0.84 0.0196659
0.48 0.9 0.0177911
0.48 0.96 0.015874
0.48 1.02 0.0139686
0.48 1.08 0.012123
0.48 1.14 0.0103767
0.48 1.2 0.00875977
0.48 1.26 0.00729316
0.48 1.32 0.00598869
0.48 1.38 0.00484984
0.48 1.44 0.00387369
0.48 1.5 0.00305144
0.48 1.56 0.00237068
0.48 1.62 0.00181647
0.48 1.68 0.00137271
0.48 1.74 0.0010231
0.48 1.8 0.000752045
0.48 1.86 0.000545201
0.48 1.92 0.000389817
0.48 1.98 0.000274884
0.48 2.04 0.000191177
0.48 2.1 0.000131131
0.54 -1.14 0.000244793
0.54 -1.08 0.000349663
0.54 -1.02 0.000492601
0.54 -0.96 0.000684428
0.54 -0.9 0.000937876
0.54 -0.84 0.00126753
0.54 -0.78 0.00168948
0.54 -0.72 0.00222096
0.54 -0.66 0.00287949
0.54 -0.6 0.00368195
0.54 -0.54 0.00464339
0.54 -0.48 0.00577539
0.54 -0.42 0.00708458
0.54 -0.36 0.00857097
0.54 -0.3 0.0102269
0.54 -0.24 0.0120349
0.54 -0.18 0.0139678
0.54 -0.12 0.0159886
0.54 -0.06 0.0180499
0.54 9.71445e-15 0.0200969
0.54 0.06 0.0220685
0.54 0.12 0.0239006
0.54 0.18 0.0255288
0.54 0.24 0.0268929
0.54 0.3 0.0279411
0.54 0.36 0.0286307
0.54 0.42 0.0289341
0.54 0.48 0.0288386
0.54 0.54 0.0283487
0.54 0.6 0.027484
0.54 0.66 0.0262794
0.54 0.72 0.0247821
0.54 0.78 0.0230489
0.54 0.84 0.0211422
0.54 0.9 0.0191268
0.54 0.96 0.0170655
0.54 1.02 0.0150171
0.54 1.08 0.0130329
0.54 1.14 0.0111555
0.54 1.2 0.00941735
0.54 1.26 0.0078407
0.54 1.32 0.0064382
0.54 1.38 0.00521395
0.54 1.44 0.00416445
0.54 1.5 0.00328051
0.54 1.56 0.00254865
0.54 1.62 0.00195285
0.54 1.68 0.00147577
0.54 1.74 0.0010999
0.54 1.8 0.000808495
0.54 1.86 0.000586128
0.54 1.92 0.00041908
0.54 1.98 0.000295519
0.54 2.04 0.000205527
0.54 2.1 0.000140974
0.6 -1.14 0.000259553
0.6 -1.08 0.000370749
0.6 -1.02 0.000522301
0.6 -0.96 0.000725689
0.6 -0.9 0.000994428
0.6 -0.84 0.00134393
0.6 -0.78 0.00179134
0.6 -0.72 0.00235487
0.6 -0.66 0.00305313
0.6 -0.6 0.00390398
0.6 -0.54 0.00492336
0.6 -0.48 0.00612356
0.6 -0.42 0.00751165
0.6 -0.36 0.00908776
0.6 -0.3 0.0108434
0.6 -0.24 0.0127606
0.6 -0.18 0.01481
0.6 -0.12 0.0169526
0.6 -0.06 0.0191382
0.6 9.71445e-15 0.0213085
0.6 0.06 0.0233991
0.6 0.12 0.0253415
0.6 0.18 0.0270677
0.6 0.24 0.0285146
0.6 0.3 0.0296256
0.6 0.36 0.0303567
0.6 0.42 0.0306787
0.6 0.48 0.0305774
0.6 0.54 0.030058
0.6 0.6 0.0291411
0.6 0.66 0.0278636
0.6 0.72 0.0262762
0.6 0.78 0.0244385
0.6 0.84 0.0224168
0.6 0.9 0.0202799
0.6 0.96 0.0180945
0.6 1.02 0.0159227
0.6 1.08 0.0138188
0.6 1.14 0.0118282
0.6 1.2 0.00998512
0.6 1.26 0.00831332
0.6 1.32 0.00682638
0.6 1.38 0.00552828
0.6 1.44 0.00441557
0.6 1.5 0.00347828
0.6 1.56 0.0027023
0.6 1.62 0.00207056
0.6 1.68 0.00156472
0.6 1.74 0.00116621
0.6 1.8 0.000857244
0.6 1.86 0.000621467
0.6 1.92 0.000444344
0.6 1.98 0.000313336
0.6 2.04 0.00021792
0.6 2.1 0.000149473
0.66 -1.14 0.000271416
0.66 -1.08 0.000387696
0.66 -1.02 0.00054618
0.66 -0.96 0.000758867
0.66 -0.9 0.00103988
0.66 -0.84 0.00140538
0.66 -0.78 0.00187325
0.66 -0.72 0.00246251
0.66 -0.66 0.00319268
0.66 -0.6 0.00408245
0.66 -0.54 0.00514843
0.66 -0.48 0.00640351
0.66 -0.42 0.00785507
0.66 -0.36 0.00950324
0.66 -0.3 0.0113393
0.66 -0.24 0.0133439
0.66 -0.18 0.0154871
0.66 -0.12 0.0177274
0.66 -0.06 0.0200131
0.66 9.71445e-15 0.0222827
0.66 0.06 0.0244687
0.66 0.12 0.0265001
0.66 0.18 0.0283054
0.66 0.24 0.0298182
0.66 0.3 0.03098
0.66 0.36 0.0317447
0.66 0.42 0.0320812
0.66 0.48 0.0319754
0.66 0.54 0.0314318
0.66 0.6 0.0304732
0.66 0.66 0.0291376
0.66 0.72 0.0274773
0.66 0.78 0.0255556
0.66 0.84 0.0234417
0.66 0.9 0.0212071
0.66 0.96 0.0189216
0.66 1.02 0.0166505
0.66 1.08 0.0144505
0.66 1.14 0.0123688
0.66 1.2 0.0104415
0.66 1.26 0.00869339
0.66 1.32 0.00713839
0.66 1.38 0.00578108
0.66 1.44 0.00461741
0.66 1.5 0.00363728
0.66 1.56 0.00282586
0.66 1.62 0.00216525
0.66 1.68 0.00163626
0.66 1.74 0.00121952
0.66 1.8 0.000896423
0.66 1.86 0.000649876
0.66 1.92 0.000464655
0.66 1.98 0.000327663
0.66 2.04 0.00022788
0.66 2.1 0.000156307
0.72 -1.14 0.000279924
0.72 -1.08 0.000399844
0.72 -1.02 0.000563291
0.72 -0.96 0.000782647
0.72 -0.9 0.00107247
0.72 -0.84 0.00144944
0.72 -0.78 0.00193194
0.72 -0.72 0.00253969
0.72 -0.66 0.00329273
0.72 -0.6 0.00421041
0.72 -0.54 0.0053098
0.72 -0.48 0.00660423
0.72 -0.42 0.00810134
0.72 -0.36 0.00980111
0.72 -0.3 0.0116946
0.72 -0.24 0.013762
0.72 -0.18 0.0159726
0.72 -0.12 0.0182832
0.72 -0.06 0.0206404
0.72 9.71445e-15 0.0229813
0.72 0.06 0.0252358
0.72 0.12 0.0273306
0.72 0.18 0.0291927
0.72 0.24 0.0307526
0.72 0.3 0.0319509
0.72 0.36 0.0327397
0.72 0.42 0.0330861
0.72 0.48 0.0329776
0.72 0.54 0.0324171
0.72 0.6 0.0314281
0.72 0.66 0.0300507
0.72 0.72 0.0283386
0.72 0.78 0.0263566
0.72 0.84 0.0241766
0.72 0.9 0.0218716
0.72 0.96 0.0195146
0.72 1.02 0.0171722
0.72 1.08 0.0149035
0.72 1.14 0.0127566
0.72 1.2 0.0107688
0.72 1.26 0.00896594
0.72 1.32 0.00736222
0.72 1.38 0.00596226
0.72 1.44 0.00476209
0.72 1.5 0.00375132
0.72 1.56 0.00291441
0.72 1.62 0.00223312
0.72 1.68 0.00168756
0.72 1.74 0.00125775
0.72 1.8 0.000924524
0.72 1.86 0.000670241
0.72 1.92 0.000479224
0.72 1.98 0.000337931
0.72 2.04 0.000235022
0.72 2.1 0.000161207
0.78 -1.2 0.000196594
0.78 -1.14 0.000284731
0.78 -1.08 0.000406713
0.78 -1.02 0.000572964
0.78 -0.96 0.000796088
0.78 -0.9 0.00109089
0.78 -0.84 0.00147431
0.78 -0.78 0.0019651
0.78 -0.72 0.0025833
0.78 -0.66 0.00334929
0.78 -0.6 0.00428268
0.78 -0.54 0.00540093
0.78 -0.48 0.00671754
0.78 -0.42 0.00824034
0.78 -0.36 0.00996932
0.78 -0.3 0.0118954
0.78 -0.24 0.0139984
0.78 -0.18 0.0162467
0.78 -0.12 0.0185971
0.78 -0.06 0.0209947
0.78 9.71445e-15 0.0233756
0.78 0.06 0.0256689
0.78 0.12 0.0277996
0.78 0.18 0.0296935
0.78 0.24 0.0312806
0.78 0.3 0.0324996
0.78 0.36 0.0333013
0.78 0.42 0.0336546
0.78 0.48 0.0335436
0.78 0.54 0.0329737
0.78 0.6 0.0319678
0.78 0.66 0.0305666
0.78 0.72 0.0288252
0.78 0.78 0.0268091
0.78 0.84 0.0245914
0.78 0.9 0.0222471
0.78 0.96 0.0198496
0.78 1.02 0.0174672
0.78 1.08 0.0151593
0.78 1.14 0.0129755
0.78 1.2 0.0109537
0.78 1.26 0.0091198
0.78 1.32 0.00748857
0.78 1.38 0.00606455
0.78 1.44 0.0048439
0.78 1.5 0.0038157
0.78 1.56 0.00296445
0.78 1.62 0.00227142
0.78 1.68 0.00171652
0.78 1.74 0.00127934
0.78 1.8 0.000940401
0.78 1.86 0.000681749
0.78 1.92 0.000487449
0.78 1.98 0.00034373
0.78 2.04 0.000239059
0.84 -1.2 0.00019722
0.84 -1.14 0.000285636
0.84 -1.08 0.000408005
0.84 -1.02 0.000574786
0.84 -0.96 0.000798615
0.84 -0.9 0.00109436
0.84 -0.84 0.00147901
0.84 -0.78 0.00197136
0.84 -0.72 0.00259153
0.84 -0.66 0.00335993
0.84 -0.6 0.00429634
0.84 -0.54 0.00541818
0.84 -0.48 0.00673898
0.84 -0.42 0.00826662
0.84 -0.36 0.0100012
0.84 -0.3 0.0119332
0.84 -0.24 0.0140429
0.84 -0.18 0.0162985
0.84 -0.12 0.0186562
0.84 -0.06 0.0210615
0.84 9.71445e-15 0.0234502
0.84 0.06 0.0257509
0.84 0.12 0.0278884
0.84 0.18 0.0297883
0.84 0.24 0.0313803
0.84 0.3 0.0326028
0.84 0.36 0.0334076
0.84 0.42 0.0337615
0.84 0.48 0.0336507
0.84 0.54 0.0330788
0.84 0.6 0.0320695
0.84 0.66 0.0306637
0.84 0.72 0.0289169
0.84 0.78 0.0268945
0.84 0.84 0.0246699
0.84 0.9 0.0223178
0.84 0.96 0.019913
0.84 1.02 0.0175227
0.84 1.08 0.0152077
0.84 1.14 0.0130169
0.84 1.2 0.0109886
0.84 1.26 0.00914885
0.84 1.32 0.00751247
0.84 1.38 0.00608388
0.84 1.44 0.00485928
0.84 1.5 0.00382786
0.84 1.56 0.00297386
0.84 1.62 0.00227867
0.84 1.68 0.00172198
0.84 1.74 0.00128341
0.84 1.8 0.000943391
0.84 1.86 0.000683919
0.84 1.92 0.000489002
0.84 1.98 0.000344828
0.84 2.04 0.000239818
0.9 -1.2 0.000195127
0.9 -1.14 0.000282608
0.9 -1.08 0.000403681
0.9 -1.02 0.000568694
0.9 -0.96 0.000790153
0.9 -0.9 0.00108275
0.9 -0.84 0.00146332
0.9 -0.78 0.00195046
0.9 -0.72 0.00256403
0.9 -0.66 0.00332432
0.9 -0.6 0.00425078
0.9 -0.54 0.00536069
0.9 -0.48 0.00666746
0.9 -0.42 0.00817892
0.9 -0.36 0.00989507
0.9 -0.3 0.0118067
0.9 -0.24 0.013894
0.9 -0.18 0.0161257
0.9 -0.12 0.0184584
0.9 -0.06 0.0208383
0.9 9.71445e-15 0.0232015
0.9 0.06 0.0254777
0.9 0.12 0.0275925
0.9 0.18 0.0294724
0.9 0.24 0.0310476
0.9 0.3 0.0322573
0.9 0.36 0.0330531
0.9 0.42 0.0334037
0.9 0.48 0.0332937
0.9 0.54 0.0327277
0.9 0.6 0.0317294
0.9 0.66 0.0303386
0.9 0.72 0.0286103
0.9 0.78 0.0266091
0.9 0.84 0.0244082
0.9 0.9 0.0220813
0.9 0.96 0.0197016
0.9 1.02 0.017337
0.9 1.08 0.0150464
0.9 1.14 0.0128788
0.9 1.2 0.010872
0.9 1.26 0.00905176
0.9 1.32 0.00743276
0.9 1.38 0.00601937
0.9 1.44 0.00480779
0.9 1.5 0.00378724
0.9 1.56 0.00294235
0.9 1.62 0.0022545
0.9 1.68 0.00170371
0.9 1.74 0.0012698
0.9 1.8 0.000933389
0.9 1.86 0.000676665
0.9 1.92 0.000483813
0.9 1.98 0.00034117
0.9 2.04 0.000237277
0.96 -1.2 0.000190405
0.96 -1.14 0.000275768
0.96 -1.08 0.000393909
0.96 -1.02 0.000554928
0.96 -0.96 0.00077103
0.96 -0.9 0.00105655
0.96 -0.84 0.0014279
0.96 -0.78 0.00190325
0.96 -0.72 0.00250197
0.96 -0.66 0.00324385
0.96 -0.6 0.00414786
0.96 -0.54 0.0052309
0.96 -0.48 0.00650611
0.96 -0.42 0.00798097
0.96 -0.36 0.00965547
0.96 -0.3 0.011521
0.96 -0.24 0.0135577
0.96 -0.18 0.0157352
0.96 -0.12 0.0180117
0.96 -0.06 0.0203339
0.96 9.71445e-15 0.0226398
0.96 0.06 0.0248609
0.96 0.12 0.0269245
0.96 0.18 0.0287589
0.96 0.24 0.0302959
0.96 0.3 0.0314766
0.96 0.36 0.0322532
0.96 0.42 0.0325951
0.96 0.48 0.0324876
0.96 0.54 0.0319356
0.96 0.6 0.0309614
0.96 0.66 0.0296045
0.96 0.72 0.0279179
0.96 0.78 0.0259651
0.96 0.84 0.0238173
0.96 0.9 0.0215469
0.96 0.96 0.0192248
0.96 1.02 0.0169174
0.96 1.08 0.0146821
0.96 1.14 0.0125671
0.96 1.2 0.0106089
0.96 1.26 0.00883276
0.96 1.32 0.00725284
0.96 1.38 0.00587367
0.96 1.44 0.00469141
0.96 1.5 0.00369559
0.96 1.56 0.00287114
0.96 1.62 0.00219993
0.96 1.68 0.00166249
0.96 1.74 0.00123907
0.96 1.8 0.000910798
0.96 1.86 0.000660288
0.96 1.92 0.000472106
0.96 1.98 0.00033291
0.96 2.04 0.000231533
1.02 -1.2 0.000183242
1.02 -1.14 0.000265393
1.02 -1.08 0.00037909
1.02 -1.02 0.000534056
1.02 -0.96 0.000742025
1.02 -0.9 0.0010168
1.02 -0.84 0.00137419
1.02 -0.78 0.00183166
1.02 -0.72 0.00240787
1.02 -0.66 0.00312181
1.02 -0.6 0.0039918
1.02 -0.54 0.00503416
1.02 -0.48 0.00626142
1.02 -0.42 0.00768077
1.02 -0.36 0.00929228
1.02 -0.3 0.0110875
1.02 -0.24 0.0130478
1.02 -0.18 0.0151432
1.02 -0.12 0.0173341
1.02 -0.06 0.0195689
1.02 9.71445e-15 0.0217881
1.02 0.06 0.0239256
1.02 0.12 0.0259119
1.02 0.18 0.0276772
1.02 0.24 0.0291561
1.02 0.3 0.0302925
1.02 0.36 0.0310402
1.02 0.42 0.0313691
1.02 0.48 0.0312655
1.02 0.54 0.0307344
1.02 0.6 0.0297969
1.02 0.66 0.0284909
1.02 0.72 0.0268676
1.02 0.78 0.0249886
1.02 0.84 0.0229214
1.02 0.9 0.0207364
1.02 0.96 0.0185017
1.02 1.02 0.0162809
1.02 1.08 0.0141297
1.02 1.14 0.0120943
1.02 1.2 0.0102099
1.02 1.26 0.00850052
1.02 1.32 0.00697999
1.02 1.38 0.00565273
1.02 1.44 0.00451491
1.02 1.5 0.00355657
1.02 1.56 0.00276313
1.02 1.62 0.00211719
1.02 1.68 0.00159996
1.02 1.74 0.00119246
1.02 1.8 0.000876531
1.02 1.86 0.000635454
1.02 1.92 0.000454347
1.02 1.98 0.000320389
1.02 2.04 0.000222822
1.08 -1.2 0.000173926
1.08 -1.14 0.0002519
1.08 -1.08 0.000359817
1.08 -1.02 0.000506901
1.08 -0.96 0.000704291
1.08 -0.9 0.00096511
1.08 -0.84 0.00130431
1.08 -0.78 0.00173853
1.08 -0.72 0.00228545
1.08 -0.66 0.0029631
1.08 -0.6 0.00378887
1.08 -0.54 0.00477822
1.08 -0.48 0.00594305
1.08 -0.42 0.00729019
1.08 -0.36 0.00881987
1.08 -0.3 0.0105237
1.08 -0.24 0.0123844
1.08 -0.18 0.0143734
1.08 -0.12 0.0164527
1.08 -0.06 0.0185738
1.08 9.71445e-15 0.0206803
1.08 0.06 0.0227093
1.08 0.12 0.0245945
1.08 0.18 0.0262697
1.08 0.24 0.0276738
1.08 0.3 0.0287521
1.08 0.36 0.0294618
1.08 0.42 0.0297742
1.08 0.48 0.029676
1.08 0.54 0.0291719
1.08 0.6 0.0282819
1.08 0.66 0.0270422
1.08 0.72 0.0255015
1.08 0.78 0.0237181
1.08 0.84 0.0217559
1.08 0.9 0.019682
1.08 0.96 0.017561
1.08 1.02 0.0154532
1.08 1.08 0.0134114
1.08 1.14 0.0114795
1.08 1.2 0.00969076
1.08 1.26 0.00806825
1.08 1.32 0.00662514
1.08 1.38 0.00536529
1.08 1.44 0.00428538
1.08 1.5 0.00337573
1.08 1.56 0.00262262
1.08 1.62 0.00200953
1.08 1.68 0.0015186
1.08 1.74 0.00113182
1.08 1.8 0.000831968
1.08 1.86 0.000603145
1.08 1.92 0.000431243
1.08 1.98 0.000304099
1.14 -1.2 0.000162813
1.14 -1.14 0.000235806
1.14 -1.08 0.000336826
1.14 -1.02 0.000474513
1.14 -0.96 0.000659298
1.14 -0.9 0.000903439
1.14 -0.84 0.00122098
1.14 -0.78 0.00162745
1.14 -0.72 0.0021394
1.14 -0.66 0.00277377
1.14 -0.6 0.00354677
1.14 -0.54 0.00447288
1.14 -0.48 0.00556332
1.14 -0.42 0.00682444
1.14 -0.36 0.00825627
1.14 -0.3 0.00985142
1.14 -0.24 0.011593
1.14 -0.18 0.013455
1.14 -0.12 0.0154016
1.14 -0.06 0.0173872
1.14 9.71445e-15 0.019359
1.14 0.06 0.0212582
1.14 0.12 0.0230229
1.14 0.18 0.0245914
1.14 0.24 0.0259055
1.14 0.3 0.0269153
1.14 0.36 0.0275794
1.14 0.42 0.0278717
1.14 0.48 0.0277796
1.14 0.54 0.0273077
1.14 0.6 0.0264748
1.14 0.66 0.0253145
1.14 0.72 0.0238722
1.14 0.78 0.0222025
1.14 0.84 0.0203659
1.14 0.9 0.0184245
1.14 0.96 0.0164389
1.14 1.02 0.0144658
1.14 1.08 0.0125544
1.14 1.14 0.0107459
1.14 1.2 0.00907154
1.14 1.26 0.0075528
1.14 1.32 0.00620182
1.14 1.38 0.0050225
1.14 1.44 0.00401155
1.14 1.5 0.00316006
1.14 1.56 0.00245508
1.14 1.62 0.00188114
1.14 1.68 0.00142158
1.14 1.74 0.00105952
1.14 1.8 0.000778811
1.14 1.86 0.000564606
1.14 1.92 0.000403692
1.14 1.98 0.000284667
1.2 -1.26 0.00010236
1.2 -1.2 0.000150315
1.2 -1.14 0.000217706
1.2 -1.08 0.000310974
1.2 -1.02 0.000438092
1.2 -0.96 0.000608687
1.2 -0.9 0.000834097
1.2 -0.84 0.00112725
1.2 -0.78 0.00150253
1.2 -0.72 0.00197519
1.2 -0.66 0.00256088
1.2 -0.6 0.00327456
1.2 -0.54 0.00412957
1.2 -0.48 0.00513625
1.2 -0.42 0.00630052
1.2 -0.36 0.00762259
1.2 -0.3 0.00909518
1.2 -0.24 0.0107032
1.2 -0.18 0.0124223
1.2 -0.12 0.0142193
1.2 -0.06 0.0160526
1.2 9.71445e-15 0.0178731
1.2 0.06 0.0196265
1.2 0.12 0.0212557
1.2 0.18 0.0227037
1.2 0.24 0.0239173
1.2 0.3 0.0248491
1.2 0.36 0.0254623
1.2 0.42 0.0257324
1.2 0.48 0.0256476
1.2 0.54 0.0252117
1.2 0.6 0.0244427
1.2 0.66 0.0233712
1.2 0.72 0.0220397
1.2 0.78 0.0204983
1.2 0.84 0.0188026
1.2 0.9 0.0170102
1.2 0.96 0.0151771
1.2 1.02 0.0133555
1.2 1.08 0.0115909
1.2 1.14 0.00992109
1.2 1.2 0.00837521
1.2 1.26 0.00697296
1.2 1.32 0.00572575
1.2 1.38 0.00463698
1.2 1.44 0.00370366
1.2 1.5 0.00291747
1.2 1.56 0.00226661
1.2 1.62 0.00173673
1.2 1.68 0.00131244
1.2 1.74 0.000978181
1.2 1.8 0.000719031
1.2 1.86 0.000521268
1.2 1.92 0.000372702
1.2 1.98 0.000262819
1.26 -1.26 9.32032e-05
1.26 -1.2 0.000136869
1.26 -1.14 0.000198229
1.26 -1.08 0.000283155
1.26 -1.02 0.000398904
1.26 -0.96 0.00055424
1.26 -0.9 0.00075948
1.26 -0.84 0.00102643
1.26 -0.78 0.00136813
1.26 -0.72 0.00179851
1.26 -0.66 0.00233179
1.26 -0.6 0.00298164
1.26 -0.54 0.0037602
1.26 -0.48 0.00467686
1.26 -0.42 0.00573701
1.26 -0.36 0.00694076
1.26 -0.3 0.00828167
1.26 -0.24 0.00974573
1.26 -0.18 0.0113111
1.26 -0.12 0.0129472
1.26 -0.06 0.0146166
1.26 9.71445e-15 0.0162743
1.26 0.06 0.0178709
1.26 0.12 0.0193545
1.26 0.18 0.0206731
1.26 0.24 0.0217779
1.26 0.3 0.0226263
1.26 0.36 0.023185
1.26 0.42 0.0234306
1.26 0.48 0.0233535
1.26 0.54 0.0229565
1.26 0.6 0.0222561
1.26 0.66 0.0212807
1.26 0.72 0.020068
1.26 0.78 0.0186647
1.26 0.84 0.0171208
1.26 0.9 0.0154887
1.26 0.96 0.0138195
1.26 1.02 0.0121607
1.26 1.08 0.010554
1.26 1.14 0.00903369
1.26 1.2 0.00762608
1.26 1.26 0.00634929
1.26 1.32 0.00521359
1.26 1.38 0.00422224
1.26 1.44 0.00337234
1.26 1.5 0.00265651
1.26 1.56 0.00206387
1.26 1.62 0.0015814
1.26 1.68 0.00119506
1.26 1.74 0.00089068
1.26 1.8 0.000654703
1.26 1.86 0.000474638
1.26 1.92 0.000339365
1.32 -1.26 8.36994e-05
1.32 -1.2 0.000122914
1.32 -1.14 0.000178019
1.32 -1.08 0.000254282
1.32 -1.02 0.000358228
1.32 -0.96 0.000497729
1.32 -0.9 0.000682041
1.32 -0.84 0.00092177
1.32 -0.78 0.00122862
1.32 -0.72 0.00161512
1.32 -0.66 0.00209402
1.32 -0.6 0.00267759
1.32 -0.54 0.00337676
1.32 -0.48 0.00419997
1.32 -0.42 0.00515205
1.32 -0.36 0.00623299
1.32 -0.3 0.00743719
1.32 -0.24 0.00875204
1.32 -0.18 0.0101577
1.32 -0.12 0.0116272
1.32 -0.06 0.0131262
1.32 9.71445e-15 0.0146149
1.32 0.06 0.0160487
1.32 0.12 0.017381
1.32 0.18 0.0185651
1.32 0.24 0.019557
1.32 0.3 0.0203193
1.32 0.36 0.0208208
1.32 0.42 0.0210414
1.32 0.48 0.020972
1.32 0.54 0.0206157
1.32 0.6 0.0199869
1.32 0.66 0.0191109
1.32 0.72 0.018022
1.32 0.78 0.0167616
1.32 0.84 0.015375
1.32 0.9 0.0139093
1.32 0.96 0.0124104
1.32 1.02 0.0109207
1.32 1.08 0.00947782
1.32 1.14 0.00811252
1.32 1.2 0.00684848
1.32 1.26 0.00570191
1.32 1.32 0.004682
1.32 1.38 0.00379169
1.32 1.44 0.00302847
1.32 1.5 0.00238565
1.32 1.56 0.00185343
1.32 1.62 0.00142015
1.32 1.68 0.00107321
1.32 1.74 0.00079987
1.32 1.8 0.000587954
1.32 1.86 0.000426243
1.32 1.92 0.000304763
1.38 -1.26 7.41325e-05
1.38 -1.2 0.000108863
1.38 -1.14 0.000157669
1.38 -1.08 0.000225216
1.38 -1.02 0.000317279
1.38 -0.96 0.000440834
1.38 -0.9 0.000604074
1.38 -0.84 0.000816402
1.38 -0.78 0.00108818
1.38 -0.72 0.00143049
1.38 -0.66 0.00185466
1.38 -0.6 0.00237154
1.38 -0.54 0.00299077
1.38 -0.48 0.00371986
1.38 -0.42 0.00456311
1.38 -0.36 0.00552053
1.38 -0.3 0.00658709
1.38 -0.24 0.00775151
1.38 -0.18 0.00899664
1.38 -0.12 0.0102981
1.38 -0.06 0.0116259
1.38 9.71445e-15 0.0129443
1.38 0.06 0.0142142
1.38 0.12 0.0153941
1.38 0.18 0.016443
1.38 0.24 0.0173216
1.38 0.3 0.0179966
1.38 0.36 0.0184408
1.38 0.42 0.0186361
1.38 0.48 0.0185748
1.38 0.54 0.018259
1.38 0.6 0.017702
1.38 0.66 0.0169262
1.38 0.72 0.0159619
1.38 0.78 0.0148454
1.38 0.84 0.0136176
1.38 0.9 0.0123194
1.38 0.96 0.0109917
1.38 1.02 0.00967244
1.38 1.08 0.00839449
1.38 1.14 0.0071852
1.38 1.2 0.00606557
1.38 1.26 0.00505009
1.38 1.32 0.0041468
1.38 1.38 0.00335828
1.38 1.44 0.0026823
1.38 1.5 0.00211294
1.38 1.56 0.00164157
1.38 1.62 0.00125781
1.38 1.68 0.000950521
1.38 1.74 0.000708433
1.38 1.8 0.000520743
1.38 1.86 0.000377515
1.44 -1.26 6.47555e-05
1.44 -1.2 9.50943e-05
1.44 -1.14 0.000137727
1.44 -1.08 0.00019673
1.44 -1.02 0.000277148
1.44 -0.96 0.000385076
1.44 -0.9 0.000527672
1.44 -0.84 0.000713139
1.44 -0.78 0.000950542
1.44 -0.72 0.00124956
1.44 -0.66 0.00162008
1.44 -0.6 0.00207156
1.44 -0.54 0.00261248
1.44 -0.48 0.00324936
1.44 -0.42 0.00398595
1.44 -0.36 0.00482224
1.44 -0.3 0.00575391
1.44 -0.24 0.00677112
1.44 -0.18 0.00785864
1.44 -0.12 0.00899559
1.44 -0.06 0.0101553
1.44 9.71445e-15 0.011307
1.44 0.06 0.0124163
1.44 0.12 0.0134469
1.44 0.18 0.0143631
1.44 0.24 0.0151307
1.44 0.3 0.0157204
1.44 0.36 0.0161083
1.44 0.42 0.016279
1.44 0.48 0.0162253
1.44 0.54 0.0159496
1.44 0.6 0.0154631
1.44 0.66 0.0147854
1.44 0.72 0.013943
1.44 0.78 0.0129678
1.44 0.84 0.0118951
1.44 0.9 0.0107612
1.44 0.96 0.00960143
1.44 1.02 0.00844904
1.44 1.08 0.00733266
1.44 1.14 0.00627638
1.44 1.2 0.0052984
1.44 1.26 0.00441136
1.44 1.32 0.0036223
1.44 1.38 0.00293349
1.44 1.44 0.00234303
1.44 1.5 0.00184569
1.44 1.56 0.00143393
1.44 1.62 0.00109871
1.44 1.68 0.0008303
1.44 1.74 0.000618832
1.44 1.8 0.00045488
1.44 1.86 0.000329768
1.5 -1.2 8.19246e-05
1.5 -1.14 0.000118653
1.5 -1.08 0.000169483
1.5 -1.02 0.000238765
1.5 -0.96 0.000331745
1.5 -0.9 0.000454592
1.5 -0.84 0.000614379
1.5 -0.78 0.000818898
1.5 -0.72 0.00107651
1.5 -0.66 0.0013957
1.5 -0.6 0.00178467
1.5 -0.54 0.00225068
1.5 -0.48 0.00279937
1.5 -0.42 0.00343394
1.5 -0.36 0.00415442
1.5 -0.3 0.00495703
1.5 -0.24 0.00583339
1.5 -0.18 0.00677032
1.5 -0.12 0.00774976
1.5 -0.06 0.00874888
1.5 9.71445e-15 0.00974114
1.5 0.06 0.0106968
1.5 0.12 0.0115848
1.5 0.18 0.012374
1.5 0.24 0.0130352
1.5 0.3 0.0135432
1.5 0.36 0.0138775
1.5 0.42 0.0140244
1.5 0.48 0.0139783
1.5 0.54 0.0137408
1.5 0.6 0.0133216
1.5 0.66 0.0127377
1.5 0.72 0.012012
1.5 0.78 0.0111719
1.5 0.84 0.0102478
1.5 0.9 0.0092708
1.5 0.96 0.00827176
1.5 1.02 0.00727885
1.5 1.08 0.00631718
1.5 1.14 0.00540716
1.5 1.2 0.00456464
1.5 1.26 0.00380043
1.5 1.32 0.00312065
1.5 1.38 0.00252725
1.5 1.44 0.00201852
1.5 1.5 0.00159008
1.5 1.56 0.00123534
1.5 1.62 0.00094656
1.5 1.68 0.000715313
1.5 1.74 0.000533128
1.5 1.8 0.000391882
1.56 -1.2 6.96082e-05
1.56 -1.14 0.000100814
1.56 -1.08 0.000144005
1.56 -1.02 0.000202872
1.56 -0.96 0.000281872
1.56 -0.9 0.000386253
1.56 -0.84 0.000522016
1.56 -0.78 0.000695796
1.56 -0.72 0.00091468
1.56 -0.66 0.00118588
1.56 -0.6 0.00151639
1.56 -0.54 0.00191234
1.56 -0.48 0.00237853
1.56 -0.42 0.0029177
1.56 -0.36 0.0035299
1.56 -0.3 0.00421184
1.56 -0.24 0.00495644
1.56 -0.18 0.00575252
1.56 -0.12 0.00658465
1.56 -0.06 0.00743364
1.56 9.71445e-15 0.0082767
1.56 0.06 0.0090887
1.56 0.12 0.00984323
1.56 0.18 0.0105138
1.56 0.24 0.0110757
1.56 0.3 0.0115071
1.56 0.36 0.0117913
1.56 0.42 0.0119162
1.56 0.48 0.011877
1.56 0.54 0.0116751
1.56 0.6 0.0113189
1.56 0.66 0.0108228
1.56 0.72 0.0102061
1.56 0.78 0.00949243
1.56 0.84 0.00870718
1.56 0.9 0.00787714
1.56 0.96 0.00702828
1.56 1.02 0.00618463
1.56 1.08 0.00536752
1.56 1.14 0.00459431
1.56 1.2 0.00387843
1.56 1.26 0.00322909
1.56 1.32 0.0026515
1.56 1.38 0.00214732
1.56 1.44 0.00171508
1.56 1.5 0.00135104
1.56 1.56 0.00104963
1.56 1.62 0.000804262
1.56 1.68 0.000607776
1.56 1.74 0.000452978
1.56 1.8 0.000332966
1.62 -1.2 5.83311e-05
1.62 -1.14 8.44817e-05
1.62 -1.08 0.000120675
1.62 -1.02 0.000170004
1.62 -0.96 0.000236205
1.62 -0.9 0.000323676
1.62 -0.84 0.000437442
1.62 -0.78 0.000583068
1.62 -0.72 0.000766491
1.62 -0.66 0.000993764
1.62 -0.6 0.00127072
1.62 -0.54 0.00160252
1.62 -0.48 0.00199318
1.62 -0.42 0.00244499
1.62 -0.36 0.00295802
1.62 -0.3 0.00352945
1.62 -0.24 0.00415343
1.62 -0.18 0.00482058
1.62 -0.12 0.00551788
1.62 -0.06 0.00622932
1.62 9.71445e-15 0.00693581
1.62 0.06 0.00761627
1.62 0.12 0.0082485
1.62 0.18 0.00881039
1.62 0.24 0.00928131
1.62 0.3 0.00964283
1.62 0.36 0.00988091
1.62 0.42 0.00998563
1.62 0.48 0.00995279
1.62 0.54 0.00978362
1.62 0.6 0.00948511
1.62 0.66 0.00906932
1.62 0.72 0.00855262
1.62 0.78 0.00795453
1.62 0.84 0.00729653
1.62 0.9 0.00660093
1.62 0.96 0.00588961
1.62 1.02 0.00518268
1.62 1.08 0.00449794
1.62 1.14 0.00384999
1.62 1.2 0.00325007
1.62 1.26 0.00270592
1.62 1.32 0.00222194
1.62 1.38 0.00179942
1.62 1.44 0.00143723
1.62 1.5 0.00113215
1.62 1.56 0.000879572
1.62 1.62 0.000673957
1.62 1.68 0.000509304
1.62 1.74 0.000379588
1.68 -1.2 4.8209e-05
1.68 -1.14 6.98214e-05
1.68 -1.08 9.97337e-05
1.68 -1.02 0.000140503
1.68 -0.96 0.000195217
1.68 -0.9 0.000267506
1.68 -0.84 0.000361534
1.68 -0.78 0.000481888
1.68 -0.72 0.000633476
1.68 -0.66 0.00082131
1.68 -0.6 0.00105021
1.68 -0.54 0.00132442
1.68 -0.48 0.0016473
1.68 -0.42 0.00202072
1.68 -0.36 0.0024447
1.68 -0.3 0.00291701
1.68 -0.24 0.00343267
1.68 -0.18 0.00398405
1.68 -0.12 0.00456037
1.68 -0.06 0.00514836
1.68 9.71445e-15 0.00573224
1.68 0.06 0.00629459
1.68 0.12 0.00681711
1.68 0.18 0.00728157
1.68 0.24 0.00767065
1.68 0.3 0.00796954
1.68 0.36 0.00816629
1.68 0.42 0.00825275
1.68 0.48 0.00822561
1.68 0.54 0.00808581
1.68 0.6 0.00783913
1.68 0.66 0.00749555
1.68 0.72 0.00706851
1.68 0.78 0.00657415
1.68 0.84 0.00603038
1.68 0.9 0.00545548
1.68 0.96 0.00486755
1.68 1.02 0.0042833
1.68 1.08 0.00371739
1.68 1.14 0.00318188
1.68 1.2 0.00268608
1.68 1.26 0.00223638
1.68 1.32 0.00183636
1.68 1.38 0.00148717
1.68 1.44 0.00118782
1.68 1.5 0.000935694
1.68 1.56 0.000726946
1.68 1.62 0.000557009
1.68 1.68 0.000420928
1.68 1.74 0.000313721
1.74 -1.2 3.92956e-05
1.74 -1.14 5.69124e-05
1.74 -1.08 8.12941e-05
1.74 -1.02 0.000114525
1.74 -0.96 0.000159122
1.74 -0.9 0.00021805
1.74 -0.84 0.000294688
1.74 -0.78 0.00039279
1.74 -0.72 0.000516359
1.74 -0.66 0.000669459
1.74 -0.6 0.000856036
1.74 -0.54 0.00107956
1.74 -0.48 0.00134273
1.74 -0.42 0.0016471
1.74 -0.36 0.00199271
1.74 -0.3 0.00237765
1.74 -0.24 0.00279803
1.74 -0.18 0.00324744
1.74 -0.12 0.00371721
1.74 -0.06 0.00419644
1.74 9.71445e-15 0.00467239
1.74 0.06 0.0051308
1.74 0.12 0.00555672
1.74 0.18 0.00593522
1.74 0.24 0.00625246
1.74 0.3 0.00649602
1.74 0.36 0.00665642
1.74 0.42 0.00672693
1.74 0.48 0.00670483
1.74 0.54 0.00659089
1.74 0.6 0.00638981
1.74 0.66 0.0061097
1.74 0.72 0.00576161
1.74 0.78 0.0053587
1.74 0.84 0.0049154
1.74 0.9 0.00444678
1.74 0.96 0.00396763
1.74 1.02 0.00349136
1.74 1.08 0.00303009
1.74 1.14 0.0025936
1.74 1.2 0.00218946
1.74 1.26 0.00182289
1.74 1.32 0.00149684
1.74 1.38 0.00121221
1.74 1.44 0.000968202
1.74 1.5 0.00076269
1.74 1.56 0.000592533
1.74 1.62 0.000454021
1.74 1.68 0.000343101
1.8 -1.2 3.15898e-05
1.8 -1.14 4.57521e-05
1.8 -1.08 6.53527e-05
1.8 -1.02 9.20679e-05
1.8 -0.96 0.000127921
1.8 -0.9 0.000175291
1.8 -0.84 0.000236902
1.8 -0.78 0.000315767
1.8 -0.72 0.000415101
1.8 -0.66 0.000538181
1.8 -0.6 0.000688162
1.8 -0.54 0.000867858
1.8 -0.48 0.00107943
1.8 -0.42 0.00132412
1.8 -0.36 0.00160193
1.8 -0.3 0.00191142
1.8 -0.24 0.00224935
1.8 -0.18 0.0026106
1.8 -0.12 0.00298829
1.8 -0.06 0.00337355
1.8 9.71445e-15 0.00375613
1.8 0.06 0.00412463
1.8 0.12 0.00446706
1.8 0.18 0.00477137
1.8 0.24 0.00502634
1.8 0.3 0.00522224
1.8 0.36 0.00535113
1.8 0.42 0.00540783
1.8 0.48 0.00538999
1.8 0.54 0.00529842
1.8 0.6 0.00513681
1.8 0.66 0.00491166
1.8 0.72 0.00463181
1.8 0.78 0.00430788
1.8 0.84 0.0039515
1.8 0.9 0.00357483
1.8 0.96 0.00318958
1.8 1.02 0.00280673
1.8 1.08 0.00243587
1.8 1.14 0.00208499
1.8 1.2 0.00176012
1.8 1.26 0.00146544
1.8 1.32 0.00120331
1.8 1.38 0.000974496
1.8 1.44 0.000778343
1.8 1.5 0.000613131
1.8 1.56 0.000476347
1.8 1.62 0.00036499
1.86 -1.2 2.50461e-05
1.86 -1.14 3.6275e-05
1.86 -1.08 5.18155e-05
1.86 -1.02 7.29963e-05
1.86 -0.96 0.000101423
1.86 -0.9 0.00013898
1.86 -0.84 0.000187829
1.86 -0.78 0.000250358
1.86 -0.72 0.000329112
1.86 -0.66 0.000426702
1.86 -0.6 0.00054562
1.86 -0.54 0.000688084
1.86 -0.48 0.000855823
1.86 -0.42 0.00104983
1.86 -0.36 0.00127011
1.86 -0.3 0.00151549
1.86 -0.24 0.00178339
1.86 -0.18 0.00206985
1.86 -0.12 0.00236928
1.86 -0.06 0.00267476
1.86 9.71445e-15 0.0029781
1.86 0.06 0.00327025
1.86 0.12 0.0035417
1.86 0.18 0.00378302
1.86 0.24 0.00398519
1.86 0.3 0.00414048
1.86 0.36 0.00424265
1.86 0.42 0.00428761
1.86 0.48 0.0042735
1.86 0.54 0.00420084
1.86 0.6 0.0040727
1.86 0.66 0.00389422
1.86 0.72 0.00367235
1.86 0.78 0.00341547
1.86 0.84 0.00313299
1.86 0.9 0.00283432
1.86 0.96 0.00252885
1.86 1.02 0.00222534
1.86 1.08 0.00193132
1.86 1.14 0.00165309
1.86 1.2 0.0013955
1.86 1.26 0.00116187
1.86 1.32 0.000954051
1.86 1.38 0.000772637
1.86 1.44 0.000617116
1.86 1.5 0.000486123
1.86 1.56 0.000377675
1.86 1.62 0.000289384
1.92 -1.14 2.83655e-05
1.92 -1.08 4.05174e-05
1.92 -1.02 5.70796e-05
1.92 -0.96 7.93076e-05
1.92 -0.9 0.000108677
1.92 -0.84 0.000146875
1.92 -0.78 0.000195766
1.92 -0.72 0.000257355
1.92 -0.66 0.000333662
1.92 -0.6 0.000426651
1.92 -0.54 0.000538057
1.92 -0.48 0.00066922
1.92 -0.42 0.000820926
1.92 -0.36 0.000993173
1.92 -0.3 0.00118504
1.92 -0.24 0.00139455
1.92 -0.18 0.00161854
1.92 -0.12 0.00185268
1.92 -0.06 0.00209153
1.92 9.71445e-15 0.00232875
1.92 0.06 0.00255721
1.92 0.12 0.00276948
1.92 0.18 0.00295816
1.92 0.24 0.00311624
1.92 0.3 0.00323767
1.92 0.36 0.00331757
1.92 0.42 0.00335273
1.92 0.48 0.0033417
1.92 0.54 0.00328492
1.92 0.6 0.0031847
1.92 0.66 0.0030451
1.92 0.72 0.00287163
1.92 0.78 0.00267079
1.92 0.84 0.00244986
1.92 0.9 0.00221629
1.92 0.96 0.00197748
1.92 1.02 0.00174011
1.92 1.08 0.00151021
1.92 1.14 0.00129266
1.92 1.2 0.00109123
1.92 1.26 0.000908537
1.92 1.32 0.000746033
1.92 1.38 0.000604165
1.92 1.44 0.000482557
1.92 1.5 0.00038013
1.92 1.56 0.000295323
1.98 -1.14 2.18757e-05
1.98 -1.08 3.12476e-05
1.98 -1.02 4.40206e-05
1.98 -0.96 6.11629e-05
1.98 -0.9 8.38122e-05
1.98 -0.84 0.00011327
1.98 -0.78 0.000150978
1.98 -0.72 0.000198473
1.98 -0.66 0.000257324
1.98 -0.6 0.000329038
1.98 -0.54 0.000414953
1.98 -0.48 0.000516106
1.98 -0.42 0.000633101
1.98 -0.36 0.000765944
1.98 -0.3 0.000913916
1.98 -0.24 0.00107548
1.98 -0.18 0.00124823
1.98 -0.12 0.0014288
1.98 -0.06 0.00161302
1.98 9.71445e-15 0.00179595
1.98 0.06 0.00197214
1.98 0.12 0.00213584
1.98 0.18 0.00228135
1.98 0.24 0.00240329
1.98 0.3 0.00249692
1.98 0.36 0.00255853
1.98 0.42 0.00258567
1.98 0.48 0.00257715
1.98 0.54 0.00253334
1.98 0.6 0.00245606
1.98 0.66 0.0023484
1.98 0.72 0.00221462
1.98 0.78 0.00205972
1.98 0.84 0.00188935
1.98 0.9 0.00170923
1.98 0.96 0.00152504
1.98 1.02 0.001342
1.98 1.08 0.00116469
1.98 1.14 0.000996906
1.98 1.2 0.000841563
1.98 1.26 0.000700665
1.98 1.32 0.000575344
1.98 1.38 0.000465938
1.98 1.44 0.000372154
1.98 1.5 0.000293157
2.04 -1.14 1.66389e-05
2.04 -1.08 2.37671e-05
2.04 -1.02 3.34824e-05
2.04 -0.96 4.65211e-05
2.04 -0.9 6.37486e-05
2.04 -0.84 8.61545e-05
2.04 -0.78 0.000114835
2.04 -0.72 0.000150961
2.04 -0.66 0.000195723
2.04 -0.6 0.000250267
2.04 -0.54 0.000315616
2.04 -0.48 0.000392555
2.04 -0.42 0.000481543
2.04 -0.36 0.000582579
2.04 -0.3 0.000695131
2.04 -0.24 0.000818024
2.04 -0.18 0.000949408
2.04 -0.12 0.00108676
2.04 -0.06 0.00122687
2.04 9.71445e-15 0.001366
2.04 0.06 0.00150002
2.04 0.12 0.00162453
2.04 0.18 0.00173521
2.04 0.24 0.00182795
2.04 0.3 0.00189918
2.04 0.36 0.00194604
2.04 0.42 0.00196668
2.04 0.48 0.00196019
2.04 0.54 0.00192689
2.04 0.6 0.00186811
2.04 0.66 0.00178622
2.04 0.72 0.00168446
2.04 0.78 0.00156665
2.04 0.84 0.00143705
2.04 0.9 0.00130006
2.04 0.96 0.00115996
2.04 1.02 0.00102073
2.04 1.08 0.000885864
2.04 1.14 0.000758255
2.04 1.2 0.000640103
2.04 1.26 0.000532936
2.04 1.32 0.000437612
2.04 1.38 0.000354394
2.04 1.44 0.000283063
2.1 -1.14 1.24817e-05
2.1 -1.08 1.78288e-05
2.1 -1.02 2.51168e-05
2.1 -0.96 3.48979e-05
2.1 -0.9 4.78209e-05
2.1 -0.84 6.46294e-05
2.1 -0.78 8.61436e-05
2.1 -0.72 0.000113243
2.1 -0.66 0.000146821
2.1 -0.6 0.000187739
2.1 -0.54 0.00023676
2.1 -0.48 0.000294478
2.1 -0.42 0.000361233
2.1 -0.36 0.000437024
2.1 -0.3 0.000521453
2.1 -0.24 0.000613641
2.1 -0.18 0.000712204
2.1 -0.12 0.000815236
2.1 -0.06 0.000920336
2.1 9.71445e-15 0.00102472
2.1 0.06 0.00112525
2.1 0.12 0.00121865
2.1 0.18 0.00130168
2.1 0.24 0.00137123
2.1 0.3 0.00142468
2.1 0.36 0.00145984
2.1 0.42 0.00147529
2.1 0.48 0.00147044
2.1 0.54 0.00144546
2.1 0.6 0.00140136
2.1 0.66 0.00133994
2.1 0.72 0.0012636
2.1 0.78 0.00117522
2.1 0.84 0.00107802
2.1 0.9 0.000975241
2.1 0.96 0.000870145
2.1 1.02 0.000765701
2.1 1.08 0.000664535
2.1 1.14 0.000568807
2.1 1.2 0.000480175
2.1 1.26 0.000399786
2.1 1.32 0.000328276
2.1 1.38 0.000265852
2.16 -1.08 1.31905e-05
2.16 -1.02 1.85825e-05
2.16 -0.96 2.58188e-05
2.16 -0.9 3.538e-05
2.16 -0.84 4.78155e-05
2.16 -0.78 6.37331e-05
2.16 -0.72 8.37826e-05
2.16 -0.66 0.000108624
2.16 -0.6 0.000138897
2.16 -0.54 0.000175166
2.16 -0.48 0.000217868
2.16 -0.42 0.000267255
2.16 -0.36 0.00032333
2.16 -0.3 0.000385794
2.16 -0.24 0.000454
2.16 -0.18 0.000526917
2.16 -0.12 0.000603141
2.16 -0.06 0.000680903
2.16 9.71445e-15 0.000758126
2.16 0.06 0.000832503
2.16 0.12 0.000901617
2.16 0.18 0.000963039
2.16 0.24 0.0010145
2.16 0.3 0.00105403
2.16 0.36 0.00108005
2.16 0.42 0.00109149
2.16 0.48 0.0010879
2.16 0.54 0.00106941
2.16 0.6 0.00103679
2.16 0.66 0.000991346
2.16 0.72 0.000934861
2.16 0.78 0.000869485
2.16 0.84 0.000797558
2.16 0.9 0.000721525
2.16 0.96 0.000643774
2.16 1.02 0.000566495
2.16 1.08 0.000491651
2.16 1.14 0.000420828
2.16 1.2 0.000355256
2.16 1.26 0.000295778
2.16 1.32 0.000242871
2.22 -1.08 9.62477e-06
2.22 -1.02 1.35591e-05
2.22 -0.96 1.88392e-05
2.22 -0.9 2.58159e-05
2.22 -0.84 3.48895e-05
2.22 -0.78 4.65041e-05
2.22 -0.72 6.1134e-05
2.22 -0.66 7.92602e-05
2.22 -0.6 0.00010135
2.22 -0.54 0.000127814
2.22 -0.48 0.000158972
2.22 -0.42 0.000195008
2.22 -0.36 0.000235926
2.22 -0.3 0.000281501
2.22 -0.24 0.000331271
2.22 -0.18 0.00038448
2.22 -0.12 0.000440097
2.22 -0.06 0.000496837
2.22 9.71445e-15 0.000553186
2.22 0.06 0.000607459
2.22 0.12 0.000657884
2.22 0.18 0.0007027
2.22 0.24 0.000740257
2.22 0.3 0.000769094
2.22 0.36 0.000788082
2.22 0.42 0.00079643
2.22 0.48 0.000793815
2.22 0.54 0.000780325
2.22 0.6 0.000756518
2.22 0.66 0.000723353
2.22 0.72 0.000682144
2.22 0.78 0.00063444
2.22 0.84 0.000581957
2.22 0.9 0.000526474
2.22 0.96 0.000469745
2.22 1.02 0.000413358
2.22 1.08 0.000358746
2.22 1.14 0.000307068
2.22 1.2 0.00025922
2.22 1.26 0.000215819
2.28 -1.02 9.75774e-06
2.28 -0.96 1.35576e-05
2.28 -0.9 1.85781e-05
2.28 -0.84 2.51081e-05
2.28 -0.78 3.34663e-05
2.28 -0.72 4.39944e-05
2.28 -0.66 5.70387e-05
2.28 -0.6 7.2935e-05
2.28 -0.54 9.19798e-05
2.28 -0.48 0.000114403
2.28 -0.42 0.000140337
2.28 -0.36 0.000169781
2.28 -0.3 0.000202581
2.28 -0.24 0.000238397
2.28 -0.18 0.000276686
2.28 -0.12 0.000316713
2.28 -0.06 0.000357544
2.28 9.71445e-15 0.000398096
2.28 0.06 0.00043715
2.28 0.12 0.000473441
2.28 0.18 0.000505695
2.28 0.24 0.000532715
2.28 0.3 0.000553477
2.28 0.36 0.00056714
2.28 0.42 0.000573145
2.28 0.48 0.000571257
2.28 0.54 0.000561551
2.28 0.6 0.000544422
2.28 0.66 0.00052056
2.28 0.72 0.000490901
2.28 0.78 0.000456569
2.28 0.84 0.000418801
2.28 0.9 0.000378875
2.28 0.96 0.000338047
2.28 1.02 0.000297469
2.28 1.08 0.000258167
2.28 1.14 0.000220977
2.28 1.2 0.000186546
2.34 -1.02 6.92559e-06
2.34 -0.96 9.62252e-06
2.34 -0.9 1.31859e-05
2.34 -0.84 1.78204e-05
2.34 -0.78 2.37528e-05
2.34 -0.72 3.12252e-05
2.34 -0.66 4.04838e-05
2.34 -0.6 5.17659e-05
2.34 -0.54 6.52829e-05
2.34 -0.48 8.11973e-05
2.34 -0.42 9.96035e-05
2.34 -0.36 0.000120502
2.34 -0.3 0.000143782
2.34 -0.24 0.000169203
2.34 -0.18 0.000196378
2.34 -0.12 0.000224788
2.34 -0.06 0.000253769
2.34 9.71445e-15 0.000282548
2.34 0.06 0.000310269
2.34 0.12 0.000336024
2.34 0.18 0.000358914
2.34 0.24 0.000378098
2.34 0.3 0.000392831
2.34 0.36 0.000402524
2.34 0.42 0.000406793
2.34 0.48 0.000405451
2.34 0.54 0.000398564
2.34 0.6 0.000386405
2.34 0.66 0.000369466
2.34 0.72 0.000348419
2.34 0.78 0.00032405
2.34 0.84 0.000297243
2.34 0.9 0.000268907
2.34 0.96 0.000239929
2.34 1.02 0.000211132
2.34 1.08 0.000183234
2.34 1.14 0.00015684
2.4 -1.02 4.84791e-06
2.4 -0.96 6.7357e-06
2.4 -0.9 9.23004e-06
2.4 -0.84 1.24741e-05
2.4 -0.78 1.6627e-05
2.4 -0.72 2.18573e-05
2.4 -0.66 2.83384e-05
2.4 -0.6 3.62361e-05
2.4 -0.54 4.56977e-05
2.4 -0.48 5.68378e-05
2.4 -0.42 6.97216e-05
2.4 -0.36 8.43513e-05
2.4 -0.3 0.000100647
2.4 -0.24 0.000118441
2.4 -0.18 0.000137464
2.4 -0.12 0.000157349
2.4 -0.06 0.000177636
2.4 9.71445e-15 0.000197782
2.4 0.06 0.000217186
2.4 0.12 0.000235216
2.4 0.18 0.000251239
2.4 0.24 0.000264668
2.4 0.3 0.000274978
2.4 0.36 0.000281766
2.4 0.42 0.000284754
2.4 0.48 0.000283815
2.4 0.54 0.00027899
2.4 0.6 0.000270481
2.4 0.66 0.000258626
2.4 0.72 0.000243888
2.4 0.78 0.000226833
2.4 0.84 0.000208068
2.4 0.9 0.000188235
2.4 0.96 0.000167949
2.4 1.02 0.000147791
2.46 -0.96 4.65014e-06
2.46 -0.9 6.37217e-06
2.46 -0.84 8.61189e-06
2.46 -0.78 1.14787e-05
2.46 -0.72 1.50898e-05
2.46 -0.66 1.95639e-05
2.46 -0.6 2.50163e-05
2.46 -0.54 3.15485e-05
2.46 -0.48 3.92395e-05
2.46 -0.42 4.81344e-05
2.46 -0.36 5.82337e-05
2.46 -0.3 6.9484e-05
2.46 -0.24 8.17684e-05
2.46 -0.18 9.4901e-05
2.46 -0.12 0.00010863
2.46 -0.06 0.000122635
2.46 9.71445e-15 0.000136544
2.46 0.06 0.000149939
2.46 0.12 0.000162387
2.46 0.18 0.00017345
2.46 0.24 0.000182718
2.46 0.3 0.000189838
2.46 0.36 0.000194525
2.46 0.42 0.000196585
2.46 0.48 0.000195938
2.46 0.54 0.000192609
2.46 0.6 0.000186733
2.46 0.66 0.000178548
2.46 0.72 0.000168375
2.46 0.78 0.0001566
2.46 0.84 0.000143646
2.46 0.9 0.000129951
2.46 0.96 0.000115948
2.52 -0.96 3.16623e-06
2.52 -0.9 4.33869e-06
2.52 -0.84 5.86366e-06
2.52 -0.78 7.81574e-06
2.52 -0.72 1.02743e-05
2.52 -0.66 1.33208e-05
2.52 -0.6 1.70331e-05
2.52 -0.54 2.14807e-05
2.52 -0.48 2.67173e-05
2.52 -0.42 3.27737e-05
2.52 -0.36 3.96502e-05
2.52 -0.3 4.73109e-05
2.52 -0.24 5.56746e-05
2.52 -0.18 6.46166e-05
2.52 -0.12 7.39645e-05
2.52 -0.06 8.35009e-05
2.52 9.71445e-15 9.29705e-05
2.52 0.06 0.000102091
2.52 0.12 0.000110566
2.52 0.18 0.000118099
2.52 0.24 0.00012441
2.52 0.3 0.000129258
2.52 0.36 0.000132448
2.52 0.42 0.000133852
2.52 0.48 0.00013341
2.52 0.54 0.000131143
2.52 0.6 0.000127143
2.52 0.66 0.000121571
2.52 0.72 0.000114644
2.52 0.78 0.000106626
2.52 0.84 9.78058e-05
2.58 -0.9 2.91355e-06
2.58 -0.84 3.93761e-06
2.58 -0.78 5.24843e-06
2.58 -0.72 6.89949e-06
2.58 -0.66 8.94521e-06
2.58 -0.6 1.14381e-05
2.58 -0.54 1.44249e-05
2.58 -0.48 1.79415e-05
2.58 -0.42 2.20085e-05
2.58 -0.36 2.66261e-05
2.58 -0.3 3.17702e-05
2.58 -0.24 3.7387e-05
2.58 -0.18 4.33916e-05
2.58 -0.12 4.96691e-05
2.58 -0.06 5.60725e-05
2.58 9.71445e-15 6.24318e-05
2.58 0.06 6.85566e-05
2.58 0.12 7.42481e-05
2.58 0.18 7.93063e-05
2.58 0.24 8.35437e-05
2.58 0.3 8.68001e-05
2.58 0.36 8.89425e-05
2.58 0.42 8.98847e-05
2.58 0.48 8.95883e-05
2.58 0.54 8.80663e-05
2.58 0.6 8.538e-05
2.58 0.66 8.16379e-05
2.58 0.72 7.69865e-05
2.64 -0.84 2.60786e-06
2.64 -0.78 3.47601e-06
2.64 -0.72 4.56951e-06
2.64 -0.66 5.92436e-06
2.64 -0.6 7.57547e-06
2.64 -0.54 9.55356e-06
2.64 -0.48 1.18826e-05
2.64 -0.42 1.45761e-05
2.64 -0.36 1.76344e-05
2.64 -0.3 2.10413e-05
2.64 -0.24 2.47611e-05
2.64 -0.18 2.87381e-05
2.64 -0.12 3.28953e-05
2.64 -0.06 3.71365e-05
2.64 9.71445e-15 4.13483e-05
2.64 0.06 4.54048e-05
2.64 0.12 4.91742e-05
2.64 0.18 5.25242e-05
2.64 0.24 5.53311e-05
2.64 0.3 5.74867e-05
2.64 0.36 5.89063e-05
2.64 0.42 5.95299e-05
2.64 0.48 5.93343e-05
2.64 0.54 5.83259e-05
2.64 0.6 5.65466e-05
2.7 -0.84 1.70341e-06
2.7 -0.78 2.27051e-06
2.7 -0.72 2.98476e-06
2.7 -0.66 3.86977e-06
2.7 -0.6 4.94825e-06
2.7 -0.54 6.24031e-06
2.7 -0.48 7.76155e-06
2.7 -0.42 9.52089e-06
2.7 -0.36 1.15187e-05
2.7 -0.3 1.37439e-05
2.7 -0.24 1.61737e-05
2.7 -0.18 1.87716e-05
2.7 -0.12 2.14868e-05
2.7 -0.06 2.42573e-05
2.7 9.71445e-15 2.70084e-05
2.7 0.06 2.96581e-05
2.7 0.12 3.21201e-05
2.7 0.18 3.43081e-05
2.7 0.24 3.6142e-05
2.7 0.3 3.75496e-05
2.7 0.36 3.84769e-05
2.7 0.42 3.88847e-05
2.7 0.48 3.87567e-05
2.76 -0.78 1.46268e-06
2.76 -0.72 1.92281e-06
2.76 -0.66 2.49296e-06
2.76 -0.6 3.18772e-06
2.76 -0.54 4.02007e-06
2.76 -0.48 5.00004e-06
2.76 -0.42 6.13351e-06
2.76 -0.36 7.42047e-06
2.76 -0.3 8.85405e-06
2.76 -0.24 1.04193e-05
2.76 -0.18 1.20929e-05
2.76 -0.12 1.38422e-05
2.76 -0.06 1.56269e-05
2.76 9.71445e-15 1.73992e-05
2.76 0.06 1.91061e-05
2.76 0.12 2.0692e-05
2.76 0.18 2.21018e-05
2.76 0.24 2.3283e-05
2.76 0.3 2.41902e-05
2.82 -0.72 1.22167e-06
2.82 -0.66 1.58391e-06
2.82 -0.6 2.02534e-06
2.82 -0.54 2.55418e-06
2.82 -0.48 3.17684e-06
2.82 -0.42 3.89697e-06
2.82 -0.36 4.71464e-06
2.82 -0.3 5.62548e-06
2.82 -0.24 6.61996e-06
2.82 -0.18 7.68326e-06
2.82 -0.12 8.79466e-06
2.82 -0.06 9.92863e-06
2.82 9.71445e-15 1.10546e-05
2.82 0.06 1.21392e-05
