3219 0.06 0.06 0.0766058 -12 -12
1.08 -0.78 1.01578e-06
1.08 -0.72 1.20222e-06
1.08 -0.66 1.40332e-06
1.08 -0.6 1.61552e-06
1.14 -0.9 1.15779e-06
1.14 -0.84 1.40875e-06
1.14 -0.78 1.69055e-06
1.14 -0.72 2.00081e-06
1.14 -0.66 2.33547e-06
1.14 -0.6 2.68866e-06
1.14 -0.54 3.05267e-06
1.14 -0.48 3.41838e-06
1.14 -0.42 3.77524e-06
1.14 -0.36 4.11205e-06
1.14 -0.3 4.41735e-06
1.14 -0.24 4.68012e-06
1.2 -0.96 1.54039e-06
1.2 -0.9 1.90038e-06
1.2 -0.84 2.31231e-06
1.2 -0.78 2.77484e-06
1.2 -0.72 3.28412e-06
1.2 -0.66 3.83342e-06
1.2 -0.6 4.41313e-06
1.2 -0.54 5.01064e-06
1.2 -0.48 5.61087e-06
1.2 -0.42 6.19662e-06
1.2 -0.36 6.74948e-06
1.2 -0.3 7.25061e-06
1.2 -0.24 7.68191e-06
1.2 -0.18 8.02695e-06
1.2 -0.12 8.27217e-06
1.2 -0.06 8.40777e-06
1.26 -1.02 1.99342e-06
1.26 -0.96 2.49362e-06
1.26 -0.9 3.07639e-06
1.26 -0.84 3.74322e-06
1.26 -0.78 4.49199e-06
1.26 -0.72 5.31642e-06
1.26 -0.66 6.20565e-06
1.26 -0.6 7.14407e-06
1.26 -0.54 8.11134e-06
1.26 -0.48 9.08301e-06
1.26 -0.42 1.00313e-05
1.26 -0.36 1.09263e-05
1.26 -0.3 1.17374e-05
1.26 -0.24 1.24357e-05
1.26 -0.18 1.29942e-05
1.26 -0.12 1.33912e-05
1.26 -0.06 1.36107e-05
1.26 9.71445e-15 1.36436e-05
1.26 0.06 1.34885e-05
1.26 0.12 1.31521e-05
1.32 -1.08 2.50933e-06
1.32 -1.02 3.18265e-06
1.32 -0.96 3.98124e-06
1.32 -0.9 4.9117e-06
1.32 -0.84 5.9763e-06
1.32 -0.78 7.17177e-06
1.32 -0.72 8.48804e-06
1.32 -0.66 9.90776e-06
1.32 -0.6 1.1406e-05
1.32 -0.54 1.29504e-05
1.32 -0.48 1.45017e-05
1.32 -0.42 1.60155e-05
1.32 -0.36 1.74446e-05
1.32 -0.3 1.87397e-05
1.32 -0.24 1.98544e-05
1.32 -0.18 2.07462e-05
1.32 -0.12 2.138e-05
1.32 -0.06 2.17304e-05
1.32 9.71445e-15 2.17829e-05
1.32 0.06 2.15355e-05
1.32 0.12 2.09982e-05
1.32 0.18 2.01929e-05
1.32 0.24 1.91515e-05
1.38 -1.08 3.95124e-06
1.38 -1.02 5.01152e-06
1.38 -0.96 6.26892e-06
1.38 -0.9 7.73412e-06
1.38 -0.84 9.4105e-06
1.38 -0.78 1.12928e-05
1.38 -0.72 1.33654e-05
1.38 -0.66 1.56008e-05
1.38 -0.6 1.79603e-05
1.38 -0.54 2.03921e-05
1.38 -0.48 2.28349e-05
1.38 -0.42 2.52186e-05
1.38 -0.36 2.74687e-05
1.38 -0.3 2.95082e-05
1.38 -0.24 3.12633e-05
1.38 -0.18 3.26673e-05
1.38 -0.12 3.36652e-05
1.38 -0.06 3.42173e-05
1.38 9.71445e-15 3.43002e-05
1.38 0.06 3.39105e-05
1.38 0.12 3.30641e-05
1.38 0.18 3.17964e-05
1.38 0.24 3.01565e-05
1.38 0.3 2.82081e-05
1.38 0.36 2.60231e-05
1.44 -1.14 4.77149e-06
1.44 -1.08 6.13625e-06
1.44 -1.02 7.78283e-06
1.44 -0.96 9.73555e-06
1.44 -0.9 1.20108e-05
1.44 -0.84 1.46143e-05
1.44 -0.78 1.75376e-05
1.44 -0.72 2.07563e-05
1.44 -0.66 2.42282e-05
1.44 -0.6 2.78921e-05
1.44 -0.54 3.16683e-05
1.44 -0.48 3.54621e-05
1.44 -0.42 3.91644e-05
1.44 -0.36 4.26581e-05
1.44 -0.3 4.58254e-05
1.44 -0.24 4.85512e-05
1.44 -0.18 5.0732e-05
1.44 -0.12 5.22824e-05
1.44 -0.06 5.31393e-05
1.44 9.71445e-15 5.32672e-05
1.44 0.06 5.26622e-05
1.44 0.12 5.13485e-05
1.44 0.18 4.93787e-05
1.44 0.24 4.68327e-05
1.44 0.3 4.38069e-05
1.44 0.36 4.04132e-05
1.44 0.42 3.67699e-05
1.44 0.48 3.29955e-05
1.5 -1.2 5.60471e-06
1.5 -1.14 7.30824e-06
1.5 -1.08 9.39839e-06
1.5 -1.02 1.19205e-05
1.5 -0.96 1.49114e-05
1.5 -0.9 1.83964e-05
1.5 -0.84 2.23837e-05
1.5 -0.78 2.68611e-05
1.5 -0.72 3.17912e-05
1.5 -0.66 3.71088e-05
1.5 -0.6 4.272e-05
1.5 -0.54 4.85048e-05
1.5 -0.48 5.43149e-05
1.5 -0.42 5.99853e-05
1.5 -0.36 6.53376e-05
1.5 -0.3 7.01885e-05
1.5 -0.24 7.43629e-05
1.5 -0.18 7.7703e-05
1.5 -0.12 8.00772e-05
1.5 -0.06 8.13889e-05
1.5 9.71445e-15 8.15867e-05
1.5 0.06 8.06597e-05
1.5 0.12 7.86471e-05
1.5 0.18 7.56311e-05
1.5 0.24 7.17299e-05
1.5 0.3 6.70957e-05
1.5 0.36 6.18985e-05
1.5 0.42 5.63188e-05
1.5 0.48 5.05377e-05
1.5 0.54 4.47262e-05
1.56 -1.26 6.40365e-06
1.56 -1.2 8.46637e-06
1.56 -1.14 1.10396e-05
1.56 -1.08 1.41973e-05
1.56 -1.02 1.80067e-05
1.56 -0.96 2.25249e-05
1.56 -0.9 2.77891e-05
1.56 -0.84 3.38128e-05
1.56 -0.78 4.05764e-05
1.56 -0.72 4.80234e-05
1.56 -0.66 5.60558e-05
1.56 -0.6 6.45331e-05
1.56 -0.54 7.327e-05
1.56 -0.48 8.20477e-05
1.56 -0.42 9.0613e-05
1.56 -0.36 9.86972e-05
1.56 -0.3 0.000106025
1.56 -0.24 0.000112332
1.56 -0.18 0.000117377
1.56 -0.12 0.000120964
1.56 -0.06 0.000122947
1.56 9.71445e-15 0.000123243
1.56 0.06 0.000121843
1.56 0.12 0.000118803
1.56 0.18 0.000114246
1.56 0.24 0.000108355
1.56 0.3 0.000101355
1.56 0.36 9.35033e-05
1.56 0.42 8.50741e-05
1.56 0.48 7.63406e-05
1.56 0.54 6.75632e-05
1.56 0.6 5.89722e-05
1.62 -1.26 9.54031e-06
1.62 -1.2 1.26134e-05
1.62 -1.14 1.64471e-05
1.62 -1.08 2.11512e-05
1.62 -1.02 2.68271e-05
1.62 -0.96 3.35581e-05
1.62 -0.9 4.1401e-05
1.62 -0.84 5.03749e-05
1.62 -0.78 6.04513e-05
1.62 -0.72 7.15462e-05
1.62 -0.66 8.35136e-05
1.62 -0.6 9.6142e-05
1.62 -0.54 0.00010916
1.62 -0.48 0.000122235
1.62 -0.42 0.000134998
1.62 -0.36 0.000147041
1.62 -0.3 0.000157959
1.62 -0.24 0.000167355
1.62 -0.18 0.000174872
1.62 -0.12 0.000180215
1.62 -0.06 0.000183167
1.62 9.71445e-15 0.000183612
1.62 0.06 0.000181524
1.62 0.12 0.000176996
1.62 0.18 0.000170207
1.62 0.24 0.000161429
1.62 0.3 0.000150999
1.62 0.36 0.000139302
1.62 0.42 0.000126745
1.62 0.48 0.000113734
1.62 0.54 0.000100656
1.62 0.6 8.78583e-05
1.62 0.66 7.56322e-05
1.62 0.72 6.42134e-05
1.68 -1.32 1.0457e-05
1.68 -1.26 1.40181e-05
1.68 -1.2 1.85334e-05
1.68 -1.14 2.41665e-05
1.68 -1.08 3.10784e-05
1.68 -1.02 3.94183e-05
1.68 -0.96 4.93079e-05
1.68 -0.9 6.08322e-05
1.68 -0.84 7.40178e-05
1.68 -0.78 8.88231e-05
1.68 -0.72 0.000105125
1.68 -0.66 0.000122709
1.68 -0.6 0.000141266
1.68 -0.54 0.000160393
1.68 -0.48 0.000179607
1.68 -0.42 0.000198358
1.68 -0.36 0.000216054
1.68 -0.3 0.000232095
1.68 -0.24 0.000245899
1.68 -0.18 0.000256944
1.68 -0.12 0.000264796
1.68 -0.06 0.000269136
1.68 9.71445e-15 0.000269786
1.68 0.06 0.000266723
1.68 0.12 0.000260066
1.68 0.18 0.000250092
1.68 0.24 0.000237195
1.68 0.3 0.00022187
1.68 0.36 0.000204683
1.68 0.42 0.000186231
1.68 0.48 0.000167115
1.68 0.54 0.000147899
1.68 0.6 0.000129093
1.68 0.66 0.000111131
1.68 0.72 9.43511e-05
1.68 0.78 7.90051e-05
1.74 -1.38 1.11488e-05
1.74 -1.32 1.51537e-05
1.74 -1.26 2.03142e-05
1.74 -1.2 2.68577e-05
1.74 -1.14 3.50205e-05
1.74 -1.08 4.50371e-05
1.74 -1.02 5.71226e-05
1.74 -0.96 7.14545e-05
1.74 -0.9 8.81552e-05
1.74 -0.84 0.000107263
1.74 -0.78 0.000128718
1.74 -0.72 0.000152342
1.74 -0.66 0.000177822
1.74 -0.6 0.000204715
1.74 -0.54 0.000232433
1.74 -0.48 0.000260277
1.74 -0.42 0.000287447
1.74 -0.36 0.000313093
1.74 -0.3 0.000336341
1.74 -0.24 0.000356345
1.74 -0.18 0.000372348
1.74 -0.12 0.000383725
1.74 -0.06 0.000390017
1.74 9.71445e-15 0.00039096
1.74 0.06 0.000386521
1.74 0.12 0.00037687
1.74 0.18 0.000362422
1.74 0.24 0.000343731
1.74 0.3 0.000321523
1.74 0.36 0.000296617
1.74 0.42 0.000269878
1.74 0.48 0.000242173
1.74 0.54 0.000214327
1.74 0.6 0.000187074
1.74 0.66 0.000161045
1.74 0.72 0.000136728
1.74 0.78 0.00011449
1.74 0.84 9.45498e-05
1.8 -1.38 1.59341e-05
1.8 -1.32 2.1658e-05
1.8 -1.26 2.90336e-05
1.8 -1.2 3.83858e-05
1.8 -1.14 5.00524e-05
1.8 -1.08 6.43682e-05
1.8 -1.02 8.16408e-05
1.8 -0.96 0.000102125
1.8 -0.9 0.000125994
1.8 -0.84 0.000153303
1.8 -0.78 0.000183967
1.8 -0.72 0.000217731
1.8 -0.66 0.000254148
1.8 -0.6 0.000292584
1.8 -0.54 0.0003322
1.8 -0.48 0.000371995
1.8 -0.42 0.000410826
1.8 -0.36 0.000447483
1.8 -0.3 0.000480708
1.8 -0.24 0.000509299
1.8 -0.18 0.000532172
1.8 -0.12 0.000548429
1.8 -0.06 0.000557422
1.8 9.71445e-15 0.000558773
1.8 0.06 0.000552424
1.8 0.12 0.000538636
1.8 0.18 0.000517984
1.8 0.24 0.000491269
1.8 0.3 0.000459529
1.8 0.36 0.000423933
1.8 0.42 0.000385718
1.8 0.48 0.000346121
1.8 0.54 0.000306322
1.8 0.6 0.000267372
1.8 0.66 0.000230169
1.8 0.72 0.000195415
1.8 0.78 0.000163632
1.8 0.84 0.000135133
1.8 0.9 0.000110064
1.86 -1.44 1.62972e-05
1.86 -1.38 2.24604e-05
1.86 -1.32 3.05287e-05
1.86 -1.26 4.09252e-05
1.86 -1.2 5.41078e-05
1.86 -1.14 7.05527e-05
1.86 -1.08 9.07326e-05
1.86 -1.02 0.000115079
1.86 -0.96 0.000143953
1.86 -0.9 0.000177598
1.86 -0.84 0.000216094
1.86 -0.78 0.000259318
1.86 -0.72 0.000306911
1.86 -0.66 0.000358244
1.86 -0.6 0.000412422
1.86 -0.54 0.000468263
1.86 -0.48 0.000524355
1.86 -0.42 0.000579094
1.86 -0.36 0.000630761
1.86 -0.3 0.000677598
1.86 -0.24 0.0007179
1.86 -0.18 0.000750143
1.86 -0.12 0.000773058
1.86 -0.06 0.000785734
1.86 9.71445e-15 0.000787636
1.86 0.06 0.000778685
1.86 0.12 0.000759254
1.86 0.18 0.00073014
1.86 0.24 0.000692486
1.86 0.3 0.000647741
1.86 0.36 0.000597566
1.86 0.42 0.000543699
1.86 0.48 0.000487884
1.86 0.54 0.000431783
1.86 0.6 0.000376884
1.86 0.66 0.000324442
1.86 0.72 0.000275453
1.86 0.78 0.000230653
1.86 0.84 0.000190482
1.86 0.9 0.000155144
1.86 0.96 0.000124625
1.92 -1.44 2.26566e-05
1.92 -1.38 3.12244e-05
1.92 -1.32 4.2441e-05
1.92 -1.26 5.68942e-05
1.92 -1.2 7.52205e-05
1.92 -1.14 9.80824e-05
1.92 -1.08 0.000126138
1.92 -1.02 0.000159984
1.92 -0.96 0.000200126
1.92 -0.9 0.000246897
1.92 -0.84 0.000300415
1.92 -0.78 0.000360506
1.92 -0.72 0.00042667
1.92 -0.66 0.000498035
1.92 -0.6 0.000573353
1.92 -0.54 0.000650979
1.92 -0.48 0.000728961
1.92 -0.42 0.000805063
1.92 -0.36 0.000876885
1.92 -0.3 0.000941996
1.92 -0.24 0.000998029
1.92 -0.18 0.00104285
1.92 -0.12 0.00107472
1.92 -0.06 0.00109234
1.92 9.71445e-15 0.00109497
1.92 0.06 0.00108253
1.92 0.12 0.00105552
1.92 0.18 0.00101504
1.92 0.24 0.0009627
1.92 0.3 0.0009005
1.92 0.36 0.000830739
1.92 0.42 0.000755849
1.92 0.48 0.000678256
1.92 0.54 0.000600272
1.92 0.6 0.000523947
1.92 0.66 0.000451039
1.92 0.72 0.00038294
1.92 0.78 0.000320652
1.92 0.84 0.000264809
1.92 0.9 0.000215683
1.92 0.96 0.000173256
1.92 1.02 0.000137262
1.98 -1.5 2.22305e-05
1.98 -1.44 3.10646e-05
1.98 -1.38 4.28122e-05
1.98 -1.32 5.81913e-05
1.98 -1.26 7.80078e-05
1.98 -1.2 0.000103135
1.98 -1.14 0.000134482
1.98 -1.08 0.000172946
1.98 -1.02 0.000219354
1.98 -0.96 0.000274391
1.98 -0.9 0.000338519
1.98 -0.84 0.000411893
1.98 -0.78 0.000494286
1.98 -0.72 0.000585002
1.98 -0.66 0.000682857
1.98 -0.6 0.000786119
1.98 -0.54 0.00089255
1.98 -0.48 0.000999482
1.98 -0.42 0.00110382
1.98 -0.36 0.0012023
1.98 -0.3 0.00129156
1.98 -0.24 0.00136838
1.98 -0.18 0.00142985
1.98 -0.12 0.00147354
1.98 -0.06 0.00149769
1.98 9.71445e-15 0.00150129
1.98 0.06 0.00148426
1.98 0.12 0.00144722
1.98 0.18 0.00139172
1.98 0.24 0.00131994
1.98 0.3 0.00123467
1.98 0.36 0.00113903
1.98 0.42 0.00103635
1.98 0.48 0.000929964
1.98 0.54 0.000823034
1.98 0.6 0.000718375
1.98 0.66 0.000618419
1.98 0.72 0.00052505
1.98 0.78 0.000439647
1.98 0.84 0.000363074
1.98 0.9 0.00029572
1.98 0.96 0.000237551
1.98 1.02 0.0001882
1.98 1.08 0.000147052
2.04 -1.5 3.00615e-05
2.04 -1.44 4.2007e-05
2.04 -1.38 5.78927e-05
2.04 -1.32 7.86893e-05
2.04 -1.26 0.000105486
2.04 -1.2 0.000139464
2.04 -1.14 0.000181853
2.04 -1.08 0.000233865
2.04 -1.02 0.000296623
2.04 -0.96 0.000371046
2.04 -0.9 0.000457764
2.04 -0.84 0.000556986
2.04 -0.78 0.000668398
2.04 -0.72 0.000791073
2.04 -0.66 0.000923395
2.04 -0.6 0.00106303
2.04 -0.54 0.00120697
2.04 -0.48 0.00135153
2.04 -0.42 0.00149265
2.04 -0.36 0.00162581
2.04 -0.3 0.00174653
2.04 -0.24 0.00185041
2.04 -0.18 0.00193353
2.04 -0.12 0.0019926
2.04 -0.06 0.00202525
2.04 9.71445e-15 0.00203016
2.04 0.06 0.00200708
2.04 0.12 0.00195701
2.04 0.18 0.00188195
2.04 0.24 0.00178489
2.04 0.3 0.00166956
2.04 0.36 0.00154023
2.04 0.42 0.0014014
2.04 0.48 0.00125754
2.04 0.54 0.00111293
2.04 0.6 0.000971433
2.04 0.66 0.000836255
2.04 0.72 0.000709997
2.04 0.78 0.000594516
2.04 0.84 0.000490974
2.04 0.9 0.00039989
2.04 0.96 0.000321228
2.04 1.02 0.000254492
2.04 1.08 0.000198849
2.04 1.14 0.000153239
2.1 -1.56 2.82965e-05
2.1 -1.5 4.00914e-05
2.1 -1.44 5.60229e-05
2.1 -1.38 7.72091e-05
2.1 -1.32 0.000104944
2.1 -1.26 0.000140683
2.1 -1.2 0.000185999
2.1 -1.14 0.00024253
2.1 -1.08 0.000311899
2.1 -1.02 0.000395591
2.1 -0.96 0.000494851
2.1 -0.9 0.000610505
2.1 -0.84 0.000742829
2.1 -0.78 0.000891421
2.1 -0.72 0.00105503
2.1 -0.66 0.00123149
2.1 -0.6 0.00141772
2.1 -0.54 0.00160967
2.1 -0.48 0.00180251
2.1 -0.42 0.00199066
2.1 -0.36 0.00216829
2.1 -0.3 0.00232927
2.1 -0.24 0.00246781
2.1 -0.18 0.00257866
2.1 -0.12 0.00265744
2.1 -0.06 0.002701
2.1 9.71445e-15 0.00270753
2.1 0.06 0.00267678
2.1 0.12 0.00260998
2.1 0.18 0.0025099
2.1 0.24 0.00238045
2.1 0.3 0.00222667
2.1 0.36 0.00205418
2.1 0.42 0.001869
2.1 0.48 0.00167714
2.1 0.54 0.00148429
2.1 0.6 0.00129556
2.1 0.66 0.00111529
2.1 0.72 0.000946891
2.1 0.78 0.000792881
2.1 0.84 0.000654789
2.1 0.9 0.00053332
2.1 0.96 0.00042841
2.1 1.02 0.000339407
2.1 1.08 0.0002652
2.1 1.14 0.000204366
2.16 -1.56 3.7219e-05
2.16 -1.5 5.27341e-05
2.16 -1.44 7.36894e-05
2.16 -1.38 0.000101556
2.16 -1.32 0.000138037
2.16 -1.26 0.000185043
2.16 -1.2 0.000244646
2.16 -1.14 0.000319008
2.16 -1.08 0.000410249
2.16 -1.02 0.000520337
2.16 -0.96 0.000650894
2.16 -0.9 0.000803007
2.16 -0.84 0.000977066
2.16 -0.78 0.00117251
2.16 -0.72 0.00138771
2.16 -0.66 0.00161983
2.16 -0.6 0.00186478
2.16 -0.54 0.00211726
2.16 -0.48 0.00237088
2.16 -0.42 0.00261842
2.16 -0.36 0.00285201
2.16 -0.3 0.00306376
2.16 -0.24 0.003246
2.16 -0.18 0.00339181
2.16 -0.12 0.00349545
2.16 -0.06 0.00355272
2.16 9.71445e-15 0.00356131
2.16 0.06 0.00352083
2.16 0.12 0.00343302
2.16 0.18 0.00330131
2.16 0.24 0.00313107
2.16 0.3 0.00292878
2.16 0.36 0.00270189
2.16 0.42 0.00245833
2.16 0.48 0.00220599
2.16 0.54 0.00195233
2.16 0.6 0.0017041
2.16 0.66 0.00146696
2.16 0.72 0.00124549
2.16 0.78 0.0010429
2.16 0.84 0.00086127
2.16 0.9 0.000701493
2.16 0.96 0.000563503
2.16 1.02 0.000446435
2.16 1.08 0.000348824
2.16 1.14 0.000268812
2.16 1.2 0.000204302
2.22 -1.56 4.82825e-05
2.22 -1.5 6.84094e-05
2.22 -1.44 9.55927e-05
2.22 -1.38 0.000131743
2.22 -1.32 0.000179069
2.22 -1.26 0.000240049
2.22 -1.2 0.000317372
2.22 -1.14 0.00041383
2.22 -1.08 0.000532198
2.22 -1.02 0.000675008
2.22 -0.96 0.000844365
2.22 -0.9 0.00104171
2.22 -0.84 0.00126751
2.22 -0.78 0.00152104
2.22 -0.72 0.0018002
2.22 -0.66 0.00210131
2.22 -0.6 0.00241909
2.22 -0.54 0.00274661
2.22 -0.48 0.00307563
2.22 -0.42 0.00339673
2.22 -0.36 0.00369974
2.22 -0.3 0.00397448
2.22 -0.24 0.00421088
2.22 -0.18 0.0044
2.22 -0.12 0.00453444
2.22 -0.06 0.00460879
2.22 9.71445e-15 0.00461991
2.22 0.06 0.00456743
2.22 0.12 0.00445344
2.22 0.18 0.00428267
2.22 0.24 0.00406182
2.22 0.3 0.00379937
2.22 0.36 0.00350505
2.22 0.42 0.00318909
2.22 0.48 0.0028617
2.22 0.54 0.00253266
2.22 0.6 0.00221063
2.22 0.66 0.00190303
2.22 0.72 0.0016157
2.22 0.78 0.0013529
2.22 0.84 0.00111728
2.22 0.9 0.000910006
2.22 0.96 0.000730995
2.22 1.02 0.000579134
2.22 1.08 0.000452515
2.22 1.14 0.000348714
2.22 1.2 0.000265034
2.22 1.26 0.000198663
2.28 -1.62 4.30003e-05
2.28 -1.56 6.17737e-05
2.28 -1.5 8.75237e-05
2.28 -1.44 0.000122303
2.28 -1.38 0.000168555
2.28 -1.32 0.000229104
2.28 -1.26 0.000307123
2.28 -1.2 0.000406053
2.28 -1.14 0.000529466
2.28 -1.08 0.000680902
2.28 -1.02 0.000863616
2.28 -0.96 0.0010803
2.28 -0.9 0.00133279
2.28 -0.84 0.00162168
2.28 -0.78 0.00194605
2.28 -0.72 0.00230321
2.28 -0.66 0.00268845
2.28 -0.6 0.00309502
2.28 -0.54 0.00351409
2.28 -0.48 0.00393503
2.28 -0.42 0.00434583
2.28 -0.36 0.00473357
2.28 -0.3 0.00508505
2.28 -0.24 0.00538749
2.28 -0.18 0.00562946
2.28 -0.12 0.00580144
2.28 -0.06 0.00589654
2.28 9.71445e-15 0.00591083
2.28 0.06 0.00584365
2.28 0.12 0.00569784
2.28 0.18 0.00547935
2.28 0.24 0.00519676
2.28 0.3 0.00486098
2.28 0.36 0.00448445
2.28 0.42 0.0040802
2.28 0.48 0.00366135
2.28 0.54 0.00324032
2.28 0.6 0.00282833
2.28 0.66 0.00243477
2.28 0.72 0.00206714
2.28 0.78 0.00173094
2.28 0.84 0.00142948
2.28 0.9 0.00116428
2.28 0.96 0.000935255
2.28 1.02 0.000740951
2.28 1.08 0.000578953
2.28 1.14 0.000446155
2.28 1.2 0.00033909
2.28 1.26 0.000254172
2.34 -1.62 5.42592e-05
2.34 -1.56 7.79478e-05
2.34 -1.5 0.000110441
2.34 -1.44 0.000154326
2.34 -1.38 0.000212689
2.34 -1.32 0.000289092
2.34 -1.26 0.000387537
2.34 -1.2 0.000512371
2.34 -1.14 0.0006681
2.34 -1.08 0.000859182
2.34 -1.02 0.00108974
2.34 -0.96 0.00136316
2.34 -0.9 0.00168176
2.34 -0.84 0.00204628
2.34 -0.78 0.00245559
2.34 -0.72 0.00290627
2.34 -0.66 0.00339239
2.34 -0.6 0.00390538
2.34 -0.54 0.00443421
2.34 -0.48 0.00496533
2.34 -0.42 0.00548373
2.34 -0.36 0.00597299
2.34 -0.3 0.00641648
2.34 -0.24 0.00679812
2.34 -0.18 0.00710345
2.34 -0.12 0.00732047
2.34 -0.06 0.00744041
2.34 9.71445e-15 0.00745849
2.34 0.06 0.00737369
2.34 0.12 0.00718973
2.34 0.18 0.00691403
2.34 0.24 0.00655743
2.34 0.3 0.00613373
2.34 0.36 0.00565861
2.34 0.42 0.00514854
2.34 0.48 0.00462003
2.34 0.54 0.00408873
2.34 0.6 0.00356889
2.34 0.66 0.00307227
2.34 0.72 0.0026084
2.34 0.78 0.00218416
2.34 0.84 0.00180376
2.34 0.9 0.00146913
2.34 0.96 0.00118014
2.34 1.02 0.000934961
2.34 1.08 0.000730539
2.34 1.14 0.000562974
2.34 1.2 0.000427873
2.34 1.26 0.000320724
2.34 1.32 0.000237106
2.4 -1.62 6.75249e-05
2.4 -1.56 9.70047e-05
2.4 -1.5 0.000137443
2.4 -1.44 0.000192058
2.4 -1.38 0.000264689
2.4 -1.32 0.000359772
2.4 -1.26 0.000482286
2.4 -1.2 0.000637638
2.4 -1.14 0.000831441
2.4 -1.08 0.00106924
2.4 -1.02 0.00135618
2.4 -0.96 0.00169644
2.4 -0.9 0.00209293
2.4 -0.84 0.00254657
2.4 -0.78 0.00305596
2.4 -0.72 0.00361683
2.4 -0.66 0.00422181
2.4 -0.6 0.00486021
2.4 -0.54 0.00551832
2.4 -0.48 0.00617927
2.4 -0.42 0.00682447
2.4 -0.36 0.0074333
2.4 -0.3 0.00798524
2.4 -0.24 0.00846019
2.4 -0.18 0.00884018
2.4 -0.12 0.00911028
2.4 -0.06 0.00925953
2.4 9.71445e-15 0.00928201
2.4 0.06 0.00917648
2.4 0.12 0.00894757
2.4 0.18 0.00860441
2.4 0.24 0.00816065
2.4 0.3 0.00763334
2.4 0.36 0.00704205
2.4 0.42 0.00640728
2.4 0.48 0.00574956
2.4 0.54 0.00508838
2.4 0.6 0.00444145
2.4 0.66 0.00382339
2.4 0.72 0.00324614
2.4 0.78 0.00271816
2.4 0.84 0.00224476
2.4 0.9 0.00182832
2.4 0.96 0.00146867
2.4 1.02 0.00116355
2.4 1.08 0.000909149
2.4 1.14 0.000700616
2.4 1.2 0.000532482
2.4 1.26 0.000399139
2.4 1.32 0.000295076
2.4 1.38 0.000215144
2.46 -1.62 8.28789e-05
2.46 -1.56 0.000119062
2.46 -1.5 0.000168695
2.46 -1.44 0.00023573
2.46 -1.38 0.000324873
2.46 -1.32 0.000441575
2.46 -1.26 0.000591947
2.46 -1.2 0.000782623
2.46 -1.14 0.0010205
2.46 -1.08 0.00131238
2.46 -1.02 0.00166454
2.46 -0.96 0.00208219
2.46 -0.9 0.00256881
2.46 -0.84 0.00312563
2.46 -0.78 0.00375085
2.46 -0.72 0.00443926
2.46 -0.66 0.00518179
2.46 -0.6 0.00596535
2.46 -0.54 0.00677308
2.46 -0.48 0.00758434
2.46 -0.42 0.00837623
2.46 -0.36 0.00912351
2.46 -0.3 0.00980093
2.46 -0.24 0.0103839
2.46 -0.18 0.0108503
2.46 -0.12 0.0111818
2.46 -0.06 0.011365
2.46 9.71445e-15 0.0113926
2.46 0.06 0.011263
2.46 0.12 0.0109821
2.46 0.18 0.0105609
2.46 0.24 0.0100163
2.46 0.3 0.0093691
2.46 0.36 0.0086433
2.46 0.42 0.00786415
2.46 0.48 0.00705689
2.46 0.54 0.00624542
2.46 0.6 0.00545137
2.46 0.66 0.00469276
2.46 0.72 0.00398427
2.46 0.78 0.00333621
2.46 0.84 0.00275519
2.46 0.9 0.00224406
2.46 0.96 0.00180263
2.46 1.02 0.00142813
2.46 1.08 0.00111588
2.46 1.14 0.000859925
2.46 1.2 0.000653558
2.46 1.26 0.000489898
2.46 1.32 0.00036217
2.46 1.38 0.000264064
2.52 -1.68 6.88754e-05
2.52 -1.62 0.000100325
2.52 -1.56 0.000144128
2.52 -1.5 0.000204204
2.52 -1.44 0.000285353
2.52 -1.38 0.000393264
2.52 -1.32 0.000534531
2.52 -1.26 0.00071656
2.52 -1.2 0.000947381
2.52 -1.14 0.00123533
2.52 -1.08 0.00158865
2.52 -1.02 0.00201493
2.52 -0.96 0.00252052
2.52 -0.9 0.00310959
2.52 -0.84 0.00378359
2.52 -0.78 0.00454044
2.52 -0.72 0.00537378
2.52 -0.66 0.0062726
2.52 -0.6 0.00722113
2.52 -0.54 0.00819884
2.52 -0.48 0.00918103
2.52 -0.42 0.0101394
2.52 -0.36 0.0110442
2.52 -0.3 0.0118641
2.52 -0.24 0.0125698
2.52 -0.18 0.0131344
2.52 -0.12 0.0135357
2.52 -0.06 0.0137575
2.52 9.71445e-15 0.0137907
2.52 0.06 0.0136341
2.52 0.12 0.013294
2.52 0.18 0.0127841
2.52 0.24 0.0121248
2.52 0.3 0.0113415
2.52 0.36 0.0104629
2.52 0.42 0.00951973
2.52 0.48 0.00854249
2.52 0.54 0.00756021
2.52 0.6 0.00659893
2.52 0.66 0.00568066
2.52 0.72 0.00482299
2.52 0.78 0.00403853
2.52 0.84 0.00333517
2.52 0.9 0.00271646
2.52 0.96 0.00218211
2.52 1.02 0.00172876
2.52 1.08 0.00135079
2.52 1.14 0.00104094
2.52 1.2 0.000791144
2.52 1.26 0.000593026
2.52 1.32 0.00043841
2.52 1.38 0.000319652
2.52 1.44 0.00022986
2.58 -1.68 8.22284e-05
2.58 -1.62 0.000119776
2.58 -1.56 0.00017207
2.58 -1.5 0.000243797
2.58 -1.44 0.000340672
2.58 -1.38 0.000469506
2.58 -1.32 0.000638166
2.58 -1.26 0.00085549
2.58 -1.2 0.00113105
2.58 -1.14 0.00147481
2.58 -1.08 0.00189664
2.58 -1.02 0.0024056
2.58 -0.96 0.00300914
2.58 -0.9 0.00371246
2.58 -0.84 0.00451715
2.58 -0.78 0.00542069
2.58 -0.72 0.00641553
2.58 -0.66 0.00748863
2.58 -0.6 0.00862115
2.58 -0.54 0.00978839
2.58 -0.48 0.010961
2.58 -0.42 0.0121053
2.58 -0.36 0.0131852
2.58 -0.3 0.0141643
2.58 -0.24 0.0150067
2.58 -0.18 0.0156807
2.58 -0.12 0.0161598
2.58 -0.06 0.0164248
2.58 9.71445e-15 0.0164645
2.58 0.06 0.0162775
2.58 0.12 0.0158711
2.58 0.18 0.0152626
2.58 0.24 0.0144755
2.58 0.3 0.0135402
2.58 0.36 0.0124914
2.58 0.42 0.0113653
2.58 0.48 0.0101986
2.58 0.54 0.00902591
2.58 0.6 0.00787823
2.58 0.66 0.00678205
2.58 0.72 0.005758
2.58 0.78 0.00482147
2.58 0.84 0.00398176
2.58 0.9 0.00324307
2.58 0.96 0.00260512
2.58 1.02 0.00206392
2.58 1.08 0.00161267
2.58 1.14 0.00124275
2.58 1.2 0.000944532
2.58 1.26 0.000707993
2.58 1.32 0.000523406
2.58 1.38 0.000381623
2.58 1.44 0.000274421
2.64 -1.68 9.68218e-05
2.64 -1.62 0.000141031
2.64 -1.56 0.000202605
2.64 -1.5 0.000287062
2.64 -1.44 0.000401135
2.64 -1.38 0.000552829
2.64 -1.32 0.000751416
2.64 -1.26 0.0010073
2.64 -1.2 0.00133176
2.64 -1.14 0.00173655
2.64 -1.08 0.00223322
2.64 -1.02 0.00283248
2.64 -0.96 0.0035432
2.64 -0.9 0.00437124
2.64 -0.84 0.00531872
2.64 -0.78 0.00638265
2.64 -0.72 0.00755412
2.64 -0.66 0.00881769
2.64 -0.6 0.0101511
2.64 -0.54 0.0115254
2.64 -0.48 0.0129061
2.64 -0.42 0.0142535
2.64 -0.36 0.0155252
2.64 -0.3 0.0166777
2.64 -0.24 0.0176698
2.64 -0.18 0.0184636
2.64 -0.12 0.0190278
2.64 -0.06 0.0193395
2.64 9.71445e-15 0.0193862
2.64 0.06 0.019166
2.64 0.12 0.0186879
2.64 0.18 0.017971
2.64 0.24 0.0170442
2.64 0.3 0.0159431
2.64 0.36 0.014708
2.64 0.42 0.0133822
2.64 0.48 0.0120085
2.64 0.54 0.0106277
2.64 0.6 0.00927637
2.64 0.66 0.00798551
2.64 0.72 0.00677992
2.64 0.78 0.00567711
2.64 0.84 0.00468838
2.64 0.9 0.00381863
2.64 0.96 0.00306748
2.64 1.02 0.00243021
2.64 1.08 0.00189886
2.64 1.14 0.0014633
2.64 1.2 0.00111214
2.64 1.26 0.000833646
2.64 1.32 0.000616289
2.64 1.38 0.000449347
2.64 1.44 0.000323122
2.64 1.5 0.000229161
2.7 -1.68 0.000112436
2.7 -1.62 0.000163778
2.7 -1.56 0.000235281
2.7 -1.5 0.000333358
2.7 -1.44 0.000465823
2.7 -1.38 0.000641981
2.7 -1.32 0.000872598
2.7 -1.26 0.00116976
2.7 -1.2 0.00154656
2.7 -1.14 0.00201659
2.7 -1.08 0.00259341
2.7 -1.02 0.0032893
2.7 -0.96 0.00411461
2.7 -0.9 0.00507627
2.7 -0.84 0.00617659
2.7 -0.78 0.00741207
2.7 -0.72 0.00877241
2.7 -0.66 0.0102397
2.7 -0.6 0.0117882
2.7 -0.54 0.0133843
2.7 -0.48 0.0149876
2.7 -0.42 0.0165522
2.7 -0.36 0.0180289
2.7 -0.3 0.0193677
2.7 -0.24 0.0205197
2.7 -0.18 0.0214413
2.7 -0.12 0.0220963
2.7 -0.06 0.0224586
2.7 9.71445e-15 0.0225129
2.7 0.06 0.022257
2.7 0.12 0.0217017
2.7 0.18 0.0208695
2.7 0.24 0.0197933
2.7 0.3 0.0185144
2.7 0.36 0.0170801
2.7 0.42 0.0155405
2.7 0.48 0.0139451
2.7 0.54 0.0123416
2.7 0.6 0.0107725
2.7 0.66 0.00927348
2.7 0.72 0.00787326
2.7 0.78 0.00659271
2.7 0.84 0.00544453
2.7 0.9 0.00443449
2.7 0.96 0.00356216
2.7 1.02 0.00282211
2.7 1.08 0.00220511
2.7 1.14 0.0016993
2.7 1.2 0.00129151
2.7 1.26 0.000968081
2.7 1.32 0.000715686
2.7 1.38 0.000521819
2.7 1.44 0.000375234
2.7 1.5 0.000266119
2.76 -1.68 0.000128775
2.76 -1.62 0.000187576
2.76 -1.56 0.000269471
2.76 -1.5 0.000381801
2.76 -1.44 0.000533518
2.76 -1.38 0.00073528
2.76 -1.32 0.00099941
2.76 -1.26 0.00133975
2.76 -1.2 0.00177129
2.76 -1.14 0.00230967
2.76 -1.08 0.00297022
2.76 -1.02 0.00376732
2.76 -0.96 0.00471254
2.76 -0.9 0.00581392
2.76 -0.84 0.00707407
2.76 -0.78 0.00848905
2.76 -0.72 0.0100471
2.76 -0.66 0.0117277
2.76 -0.6 0.0135011
2.76 -0.54 0.0153293
2.76 -0.48 0.0171655
2.76 -0.42 0.0189576
2.76 -0.36 0.020649
2.76 -0.3 0.0221821
2.76 -0.24 0.0235014
2.76 -0.18 0.0245569
2.76 -0.12 0.0253073
2.76 -0.06 0.0257219
2.76 9.71445e-15 0.0257844
2.76 0.06 0.0254914
2.76 0.12 0.0248553
2.76 0.18 0.0239021
2.76 0.24 0.0226692
2.76 0.3 0.0212047
2.76 0.36 0.0195621
2.76 0.42 0.0177988
2.76 0.48 0.0159717
2.76 0.54 0.0141351
2.76 0.6 0.0123378
2.76 0.66 0.010621
2.76 0.72 0.00901744
2.76 0.78 0.00755078
2.76 0.84 0.00623568
2.76 0.9 0.00507887
2.76 0.96 0.00407982
2.76 1.02 0.00323224
2.76 1.08 0.00252551
2.76 1.14 0.00194623
2.76 1.2 0.00147918
2.76 1.26 0.00110877
2.76 1.32 0.000819689
2.76 1.38 0.000597642
2.76 1.44 0.000429761
2.76 1.5 0.000304792
2.82 -1.68 0.000145461
2.82 -1.62 0.000211879
2.82 -1.56 0.000304389
2.82 -1.5 0.00043127
2.82 -1.44 0.000602648
2.82 -1.38 0.00083055
2.82 -1.32 0.0011289
2.82 -1.26 0.00151334
2.82 -1.2 0.00200081
2.82 -1.14 0.00260893
2.82 -1.08 0.00335513
2.82 -1.02 0.00425544
2.82 -0.96 0.00532313
2.82 -0.9 0.00656724
2.82 -0.84 0.00799066
2.82 -0.78 0.00958906
2.82 -0.72 0.011349
2.82 -0.66 0.0132473
2.82 -0.6 0.0152506
2.82 -0.54 0.0173154
2.82 -0.48 0.0193898
2.82 -0.42 0.0214139
2.82 -0.36 0.0233244
2.82 -0.3 0.0250561
2.82 -0.24 0.0265463
2.82 -0.18 0.0277388
2.82 -0.12 0.0285865
2.82 -0.06 0.029055
2.82 9.71445e-15 0.029125
2.82 0.06 0.0287945
2.82 0.12 0.0280758
2.82 0.18 0.0269991
2.82 0.24 0.0256067
2.82 0.3 0.0239525
2.82 0.36 0.022097
2.82 0.42 0.020105
2.82 0.48 0.0180412
2.82 0.54 0.0159667
2.82 0.6 0.0139363
2.82 0.66 0.0119973
2.82 0.72 0.0101859
2.82 0.78 0.00852908
2.82 0.84 0.00704357
2.82 0.9 0.00573693
2.82 0.96 0.00460845
2.82 1.02 0.00365106
2.82 1.08 0.00285278
2.82 1.14 0.00219838
2.82 1.2 0.00167085
2.82 1.26 0.00125244
2.82 1.32 0.00092589
2.82 1.38 0.000675079
2.82 1.44 0.000485447
2.82 1.5 0.000344283
2.82 1.56 0.000240812
2.88 -1.68 0.00016205
2.88 -1.62 0.000236044
2.88 -1.56 0.000339103
2.88 -1.5 0.000480452
2.88 -1.44 0.000671374
2.88 -1.38 0.000925265
2.88 -1.32 0.00125764
2.88 -1.26 0.00168593
2.88 -1.2 0.00222899
2.88 -1.14 0.00290646
2.88 -1.08 0.00373777
2.88 -1.02 0.00474073
2.88 -0.96 0.00593024
2.88 -0.9 0.00731623
2.88 -0.84 0.008902
2.88 -0.78 0.0106827
2.88 -0.72 0.0126433
2.88 -0.66 0.014758
2.88 -0.6 0.0169899
2.88 -0.54 0.0192901
2.88 -0.48 0.0216011
2.88 -0.42 0.023856
2.88 -0.36 0.0259846
2.88 -0.3 0.0279137
2.88 -0.24 0.029574
2.88 -0.18 0.0309024
2.88 -0.12 0.0318465
2.88 -0.06 0.0323686
2.88 9.71445e-15 0.0324467
2.88 0.06 0.0320783
2.88 0.12 0.0312778
2.88 0.18 0.0300784
2.88 0.24 0.0285271
2.88 0.3 0.0266842
2.88 0.36 0.0246171
2.88 0.42 0.022398
2.88 0.48 0.0200986
2.88 0.54 0.0177877
2.88 0.6 0.0155258
2.88 0.66 0.0133655
2.88 0.72 0.0113475
2.88 0.78 0.0095018
2.88 0.84 0.00784693
2.88 0.9 0.00639125
2.88 0.96 0.00513402
2.88 1.02 0.00406743
2.88 1.08 0.00317814
2.88 1.14 0.00244911
2.88 1.2 0.00186141
2.88 1.26 0.00139526
2.88 1.32 0.00103149
2.88 1.38 0.000752074
2.88 1.44 0.000540813
2.88 1.5 0.000383549
2.88 1.56 0.000268276
2.94 -1.68 0.000178049
2.94 -1.62 0.00025935
2.94 -1.56 0.000372584
2.94 -1.5 0.000527888
2.94 -1.44 0.000737662
2.94 -1.38 0.00101662
2.94 -1.32 0.00138181
2.94 -1.26 0.00185238
2.94 -1.2 0.00244907
2.94 -1.14 0.00319343
2.94 -1.08 0.00410681
2.94 -1.02 0.00520878
2.94 -0.96 0.00651576
2.94 -0.9 0.00803859
2.94 -0.84 0.00978091
2.94 -0.78 0.0117374
2.94 -0.72 0.0138917
2.94 -0.66 0.0162152
2.94 -0.6 0.0186673
2.94 -0.54 0.0211948
2.94 -0.48 0.0237339
2.94 -0.42 0.0262112
2.94 -0.36 0.0285502
2.94 -0.3 0.0306698
2.94 -0.24 0.0324939
2.94 -0.18 0.0339536
2.94 -0.12 0.0349908
2.94 -0.06 0.0355644
2.94 9.71445e-15 0.0356504
2.94 0.06 0.0352455
2.94 0.12 0.034366
2.94 0.18 0.0330482
2.94 0.24 0.0313436
2.94 0.3 0.0293188
2.94 0.36 0.0270476
2.94 0.42 0.0246094
2.94 0.48 0.0220831
2.94 0.54 0.0195439
2.94 0.6 0.0170588
2.94 0.66 0.0146851
2.94 0.72 0.0124678
2.94 0.78 0.01044
2.94 0.84 0.00862168
2.94 0.9 0.00702228
2.94 0.96 0.00564093
2.94 1.02 0.004469
2.94 1.08 0.00349192
2.94 1.14 0.00269092
2.94 1.2 0.00204519
2.94 1.26 0.00153302
2.94 1.32 0.00113333
2.94 1.38 0.000826328
2.94 1.44 0.00059421
2.94 1.5 0.000421419
2.94 1.56 0.000294764
3 -1.68 0.000192939
3 -1.62 0.000281041
3 -1.56 0.000403743
3 -1.5 0.000572038
3 -1.44 0.00079935
3 -1.38 0.00110164
3 -1.32 0.00149737
3 -1.26 0.0020073
3 -1.2 0.00265389
3 -1.14 0.00346049
3 -1.08 0.00445024
3 -1.02 0.00564441
3 -0.96 0.00706066
3 -0.9 0.00871087
3 -0.84 0.0105989
3 -0.78 0.012719
3 -0.72 0.0150534
3 -0.66 0.0175712
3 -0.6 0.0202284
3 -0.54 0.0229674
3 -0.48 0.0257187
3 -0.42 0.0284033
3 -0.36 0.0309378
3 -0.3 0.0332348
3 -0.24 0.0352115
3 -0.18 0.0367929
3 -0.12 0.0379169
3 -0.06 0.0385385
3 9.71445e-15 0.038632
3 0.06 0.0381931
3 0.12 0.0372398
3 0.18 0.035812
3 0.24 0.0339649
3 0.3 0.0317706
3 0.36 0.0293096
3 0.42 0.0266675
3 0.48 0.0239299
3 0.54 0.0211783
3 0.6 0.0184853
3 0.66 0.0159132
3 0.72 0.0135105
3 0.78 0.0113131
3 0.84 0.00934274
3 0.9 0.00760952
3 0.96 0.00611267
3 1.02 0.00484273
3 1.08 0.00378393
3 1.14 0.00291597
3 1.2 0.00221623
3 1.26 0.00166122
3 1.32 0.00122812
3 1.38 0.000895432
3 1.44 0.000643902
3 1.5 0.000456661
3 1.56 0.000319416
3 1.62 0.000220347
3.06 -1.68 0.000206202
3.06 -1.62 0.000300359
3.06 -1.56 0.000431492
3.06 -1.5 0.000611361
3.06 -1.44 0.000854292
3.06 -1.38 0.00117736
3.06 -1.32 0.0016003
3.06 -1.26 0.00214528
3.06 -1.2 0.0028363
3.06 -1.14 0.00369831
3.06 -1.08 0.00475616
3.06 -1.02 0.00603241
3.06 -0.96 0.00754595
3.06 -0.9 0.00930959
3.06 -0.84 0.0113275
3.06 -0.78 0.0135933
3.06 -0.72 0.0160881
3.06 -0.66 0.018779
3.06 -0.6 0.021619
3.06 -0.54 0.024546
3.06 -0.48 0.0274864
3.06 -0.42 0.0303559
3.06 -0.36 0.033064
3.06 -0.3 0.0355192
3.06 -0.24 0.0376319
3.06 -0.18 0.039322
3.06 -0.12 0.0405234
3.06 -0.06 0.0411878
3.06 9.71445e-15 0.0412874
3.06 0.06 0.0408182
3.06 0.12 0.0397996
3.06 0.18 0.0382735
3.06 0.24 0.0362997
3.06 0.3 0.0339543
3.06 0.36 0.031324
3.06 0.42 0.0285003
3.06 0.48 0.0255745
3.06 0.54 0.0226339
3.06 0.6 0.019756
3.06 0.66 0.0170071
3.06 0.72 0.0144392
3.06 0.78 0.0120906
3.06 0.84 0.00998495
3.06 0.9 0.00813257
3.06 0.96 0.00653278
3.06 1.02 0.0051756
3.06 1.08 0.00404404
3.06 1.14 0.0031164
3.06 1.2 0.00236856
3.06 1.26 0.00177541
3.06 1.32 0.00131253
3.06 1.38 0.000956985
3.06 1.44 0.000688157
3.06 1.5 0.000488047
3.06 1.56 0.000341368
3.06 1.62 0.000235492
3.12 -1.68 0.000217347
3.12 -1.62 0.000316588
3.12 -1.56 0.000454814
3.12 -1.5 0.000644402
3.12 -1.44 0.000900473
3.12 -1.38 0.001241
3.12 -1.32 0.00168679
3.12 -1.26 0.00226121
3.12 -1.2 0.00298957
3.12 -1.14 0.00389824
3.12 -1.08 0.00501321
3.12 -1.02 0.0063584
3.12 -0.96 0.00795379
3.12 -0.9 0.00981264
3.12 -0.84 0.0119396
3.12 -0.78 0.0143279
3.12 -0.72 0.0169575
3.12 -0.66 0.0197941
3.12 -0.6 0.0227874
3.12 -0.54 0.0258724
3.12 -0.48 0.028972
3.12 -0.42 0.0319966
3.12 -0.36 0.0348511
3.12 -0.3 0.0374383
3.12 -0.24 0.0396654
3.12 -0.18 0.0414472
3.12 -0.12 0.0427138
3.12 -0.06 0.0434139
3.12 9.71445e-15 0.0435183
3.12 0.06 0.0430243
3.12 0.12 0.0419508
3.12 0.18 0.0403416
3.12 0.24 0.0382614
3.12 0.3 0.0357896
3.12 0.36 0.033017
3.12 0.42 0.0300405
3.12 0.48 0.0269569
3.12 0.54 0.0238573
3.12 0.6 0.0208237
3.12 0.66 0.0179261
3.12 0.72 0.0152197
3.12 0.78 0.012744
3.12 0.84 0.0105245
3.12 0.9 0.00857209
3.12 0.96 0.00688591
3.12 1.02 0.00545538
3.12 1.08 0.00426261
3.12 1.14 0.00328483
3.12 1.2 0.00249656
3.12 1.26 0.00187138
3.12 1.32 0.00138345
3.12 1.38 0.0010087
3.12 1.44 0.00072535
3.12 1.5 0.000514422
3.12 1.56 0.000359819
3.12 1.62 0.000248221
3.18 -1.68 0.000225942
3.18 -1.62 0.000329115
3.18 -1.56 0.000472801
3.18 -1.5 0.000669893
3.18 -1.44 0.000936086
3.18 -1.38 0.00129009
3.18 -1.32 0.00175352
3.18 -1.26 0.00235066
3.18 -1.2 0.00310784
3.18 -1.14 0.00405244
3.18 -1.08 0.00521145
3.18 -1.02 0.00660998
3.18 -0.96 0.0082684
3.18 -0.9 0.0102009
3.18 -0.84 0.0124119
3.18 -0.78 0.0148946
3.18 -0.72 0.0176283
3.18 -0.66 0.0205769
3.18 -0.6 0.0236885
3.18 -0.54 0.0268962
3.18 -0.48 0.0301178
3.18 -0.42 0.0332622
3.18 -0.36 0.0362299
3.18 -0.3 0.0389199
3.18 -0.24 0.0412347
3.18 -0.18 0.0430867
3.18 -0.12 0.0444032
3.18 -0.06 0.0451307
3.18 9.71445e-15 0.0452403
3.18 0.06 0.0447261
3.18 0.12 0.0436101
3.18 0.18 0.0419378
3.18 0.24 0.0397747
3.18 0.3 0.0372047
3.18 0.36 0.0343229
3.18 0.42 0.031229
3.18 0.48 0.0280233
3.18 0.54 0.0248008
3.18 0.6 0.0216475
3.18 0.66 0.0186352
3.18 0.72 0.0158216
3.18 0.78 0.0132483
3.18 0.84 0.0109409
3.18 0.9 0.00891116
3.18 0.96 0.00715828
3.18 1.02 0.00567113
3.18 1.08 0.00443115
3.18 1.14 0.00341478
3.18 1.2 0.00259531
3.18 1.26 0.00194539
3.18 1.32 0.00143819
3.18 1.38 0.0010486
3.18 1.44 0.000754041
3.18 1.5 0.000534775
3.18 1.56 0.000374054
3.18 1.62 0.000258039
3.24 -1.68 0.000231653
3.24 -1.62 0.000337429
3.24 -1.56 0.000484752
3.24 -1.5 0.000686815
3.24 -1.44 0.000959739
3.24 -1.38 0.00132268
3.24 -1.32 0.00179781
3.24 -1.26 0.00241005
3.24 -1.2 0.00318637
3.24 -1.14 0.00415481
3.24 -1.08 0.0053432
3.24 -1.02 0.00677691
3.24 -0.96 0.00847737
3.24 -0.9 0.0104586
3.24 -0.84 0.0127256
3.24 -0.78 0.0152711
3.24 -0.72 0.0180738
3.24 -0.66 0.0210968
3.24 -0.6 0.0242873
3.24 -0.54 0.0275754
3.24 -0.48 0.0308791
3.24 -0.42 0.0341025
3.24 -0.36 0.0371452
3.24 -0.3 0.0399029
3.24 -0.24 0.0422766
3.24 -0.18 0.0441755
3.24 -0.12 0.0455251
3.24 -0.06 0.0462714
3.24 9.71445e-15 0.046383
3.24 0.06 0.0458563
3.24 0.12 0.044712
3.24 0.18 0.0429973
3.24 0.24 0.04078
3.24 0.3 0.0381454
3.24 0.36 0.0351904
3.24 0.42 0.0320181
3.24 0.48 0.0287312
3.24 0.54 0.0254277
3.24 0.6 0.0221944
3.24 0.66 0.0191061
3.24 0.72 0.0162214
3.24 0.78 0.0135829
3.24 0.84 0.0112173
3.24 0.9 0.00913638
3.24 0.96 0.00733915
3.24 1.02 0.00581444
3.24 1.08 0.00454319
3.24 1.14 0.00350104
3.24 1.2 0.0026609
3.24 1.26 0.00199455
3.24 1.32 0.00147452
3.24 1.38 0.0010751
3.24 1.44 0.000773099
3.24 1.5 0.000548287
3.24 1.56 0.000383503
3.24 1.62 0.000264559
3.3 -1.68 0.000234242
3.3 -1.62 0.000341201
3.3 -1.56 0.000490162
3.3 -1.5 0.000694495
3.3 -1.44 0.000970468
3.3 -1.38 0.00133746
3.3 -1.32 0.00181791
3.3 -1.26 0.00243698
3.3 -1.2 0.00322195
3.3 -1.14 0.00420125
3.3 -1.08 0.00540286
3.3 -1.02 0.00685272
3.3 -0.96 0.0085721
3.3 -0.9 0.0105755
3.3 -0.84 0.0128678
3.3 -0.78 0.0154417
3.3 -0.72 0.0182758
3.3 -0.66 0.0213328
3.3 -0.6 0.0245586
3.3 -0.54 0.0278839
3.3 -0.48 0.0312237
3.3 -0.42 0.0344839
3.3 -0.36 0.0375602
3.3 -0.3 0.0403491
3.3 -0.24 0.0427491
3.3 -0.18 0.0446693
3.3 -0.12 0.0460341
3.3 -0.06 0.0467884
3.3 9.71445e-15 0.0469017
3.3 0.06 0.0463684
3.3 0.12 0.045212
3.3 0.18 0.0434777
3.3 0.24 0.0412355
3.3 0.3 0.0385712
3.3 0.36 0.0355831
3.3 0.42 0.0323756
3.3 0.48 0.0290522
3.3 0.54 0.0257116
3.3 0.6 0.0224425
3.3 0.66 0.0193195
3.3 0.72 0.0164027
3.3 0.78 0.0137348
3.3 0.84 0.0113427
3.3 0.9 0.00923848
3.3 0.96 0.00742118
3.3 1.02 0.00587942
3.3 1.08 0.00459391
3.3 1.14 0.0035402
3.3 1.2 0.00269061
3.3 1.26 0.00201685
3.3 1.32 0.00149101
3.3 1.38 0.00108712
3.3 1.44 0.000781733
3.3 1.5 0.00055441
3.3 1.56 0.000387789
3.3 1.62 0.000267514
3.36 -1.68 0.000233603
3.36 -1.62 0.00034027
3.36 -1.56 0.000488832
3.36 -1.5 0.000692603
3.36 -1.44 0.000967815
3.36 -1.38 0.00133382
3.36 -1.32 0.00181296
3.36 -1.26 0.00243036
3.36 -1.2 0.0032132
3.36 -1.14 0.00418979
3.36 -1.08 0.00538816
3.36 -1.02 0.00683405
3.36 -0.96 0.00854861
3.36 -0.9 0.0105467
3.36 -0.84 0.0128327
3.36 -0.78 0.0153996
3.36 -0.72 0.0182258
3.36 -0.66 0.0212744
3.36 -0.6 0.0244918
3.36 -0.54 0.0278077
3.36 -0.48 0.031139
3.36 -0.42 0.0343898
3.36 -0.36 0.0374577
3.36 -0.3 0.040239
3.36 -0.24 0.0426324
3.36 -0.18 0.044547
3.36 -0.12 0.0459084
3.36 -0.06 0.046661
3.36 9.71445e-15 0.0467736
3.36 0.06 0.0462425
3.36 0.12 0.0450883
3.36 0.18 0.0433593
3.36 0.24 0.0411233
3.36 0.3 0.0384662
3.36 0.36 0.0354866
3.36 0.42 0.0322876
3.36 0.48 0.0289731
3.36 0.54 0.0256416
3.36 0.6 0.0223812
3.36 0.66 0.0192671
3.36 0.72 0.0163579
3.36 0.78 0.0136973
3.36 0.84 0.0113117
3.36 0.9 0.0092132
3.36 0.96 0.00740088
3.36 1.02 0.00586337
3.36 1.08 0.00458141
3.36 1.14 0.00353052
3.36 1.2 0.00268331
3.36 1.26 0.00201134
3.36 1.32 0.00148694
3.36 1.38 0.00108415
3.36 1.44 0.0007796
3.36 1.5 0.0005529
3.36 1.56 0.000386732
3.36 1.62 0.000266786
3.36 1.68 0.00018151
3.42 -1.68 0.000229763
3.42 -1.62 0.00033468
3.42 -1.56 0.0004808
3.42 -1.5 0.000681217
3.42 -1.44 0.00095191
3.42 -1.38 0.0013119
3.42 -1.32 0.00178316
3.42 -1.26 0.00239041
3.42 -1.2 0.00316041
3.42 -1.14 0.00412095
3.42 -1.08 0.00529961
3.42 -1.02 0.00672171
3.42 -0.96 0.00840822
3.42 -0.9 0.0103734
3.42 -0.84 0.0126219
3.42 -0.78 0.0151465
3.42 -0.72 0.0179264
3.42 -0.66 0.0209247
3.42 -0.6 0.0240892
3.42 -0.54 0.0273509
3.42 -0.48 0.0306273
3.42 -0.42 0.0338244
3.42 -0.36 0.0368425
3.42 -0.3 0.039578
3.42 -0.24 0.0419319
3.42 -0.18 0.0438152
3.42 -0.12 0.0451536
3.42 -0.06 0.0458941
3.42 9.71445e-15 0.0460052
3.42 0.06 0.0454826
3.42 0.12 0.0443473
3.42 0.18 0.042647
3.42 0.24 0.0404475
3.42 0.3 0.0378343
3.42 0.36 0.0349036
3.42 0.42 0.0317572
3.42 0.48 0.0284971
3.42 0.54 0.0252203
3.42 0.6 0.0220135
3.42 0.66 0.0189504
3.42 0.72 0.016089
3.42 0.78 0.0134723
3.42 0.84 0.0111259
3.42 0.9 0.00906184
3.42 0.96 0.0072793
3.42 1.02 0.005767
3.42 1.08 0.00450612
3.42 1.14 0.00347251
3.42 1.2 0.00263922
3.42 1.26 0.00197827
3.42 1.32 0.00146251
3.42 1.38 0.00106633
3.42 1.44 0.000766795
3.42 1.5 0.000543819
3.42 1.56 0.000380378
3.42 1.62 0.000262402
3.42 1.68 0.000178529
3.48 -1.68 0.00022288
3.48 -1.62 0.000324656
3.48 -1.56 0.000466398
3.48 -1.5 0.000660813
3.48 -1.44 0.000923402
3.48 -1.38 0.00127261
3.48 -1.32 0.00172976
3.48 -1.26 0.00231881
3.48 -1.2 0.00306574
3.48 -1.14 0.00399753
3.48 -1.08 0.00514086
3.48 -1.02 0.00652039
3.48 -0.96 0.00815639
3.48 -0.9 0.0100627
3.48 -0.84 0.0122438
3.48 -0.78 0.0146928
3.48 -0.72 0.0173895
3.48 -0.66 0.0202981
3.48 -0.6 0.0233676
3.48 -0.54 0.0265318
3.48 -0.48 0.0297099
3.48 -0.42 0.0328114
3.48 -0.36 0.035739
3.48 -0.3 0.0383926
3.48 -0.24 0.040676
3.48 -0.18 0.0425029
3.48 -0.12 0.0438014
3.48 -0.06 0.0445193
3.48 9.71445e-15 0.0446274
3.48 0.06 0.0441201
3.48 0.12 0.0430191
3.48 0.18 0.0413697
3.48 0.24 0.039236
3.48 0.3 0.036701
3.48 0.36 0.0338581
3.48 0.42 0.030806
3.48 0.48 0.0276436
3.48 0.54 0.0244648
3.48 0.6 0.0213542
3.48 0.66 0.0183828
3.48 0.72 0.0156072
3.48 0.78 0.0130688
3.48 0.84 0.0107927
3.48 0.9 0.00879044
3.48 0.96 0.00706129
3.48 1.02 0.00559428
3.48 1.08 0.00437114
3.48 1.14 0.00336851
3.48 1.2 0.00256016
3.48 1.26 0.00191903
3.48 1.32 0.00141871
3.48 1.38 0.0010344
3.48 1.44 0.000743828
3.48 1.5 0.000527531
3.48 1.56 0.000368986
3.48 1.62 0.000254541
3.48 1.68 0.000173181
3.54 -1.68 0.000213233
3.54 -1.62 0.000310603
3.54 -1.56 0.000446208
3.54 -1.5 0.00063221
3.54 -1.44 0.00088343
3.54 -1.38 0.00121752
3.54 -1.32 0.00165488
3.54 -1.26 0.00221843
3.54 -1.2 0.00293304
3.54 -1.14 0.00382449
3.54 -1.08 0.00491835
3.54 -1.02 0.00623816
3.54 -0.96 0.00780332
3.54 -0.9 0.00962713
3.54 -0.84 0.0117138
3.54 -0.78 0.0140569
3.54 -0.72 0.0166368
3.54 -0.66 0.0194195
3.54 -0.6 0.0223562
3.54 -0.54 0.0253833
3.54 -0.48 0.0284238
3.54 -0.42 0.0313913
3.54 -0.36 0.034192
3.54 -0.3 0.0367308
3.54 -0.24 0.0389154
3.54 -0.18 0.0406633
3.54 -0.12 0.0419056
3.54 -0.06 0.0425923
3.54 9.71445e-15 0.0426957
3.54 0.06 0.0422102
3.54 0.12 0.0411572
3.54 0.18 0.0395789
3.54 0.24 0.0375377
3.54 0.3 0.0351122
3.54 0.36 0.0323924
3.54 0.42 0.0294725
3.54 0.48 0.026447
3.54 0.54 0.0234057
3.54 0.6 0.0204299
3.54 0.66 0.017587
3.54 0.72 0.0149316
3.54 0.78 0.0125031
3.54 0.84 0.0103255
3.54 0.9 0.00840996
3.54 0.96 0.00675562
3.54 1.02 0.00535211
3.54 1.08 0.00418194
3.54 1.14 0.00322271
3.54 1.2 0.00244934
3.54 1.26 0.00183596
3.54 1.32 0.0013573
3.54 1.38 0.000989624
3.54 1.44 0.000711628
3.54 1.5 0.000504695
3.54 1.56 0.000353014
3.54 1.62 0.000243523
3.54 1.68 0.000165684
3.6 -1.62 0.000293074
3.6 -1.56 0.000421025
3.6 -1.5 0.00059653
3.6 -1.44 0.000833577
3.6 -1.38 0.0011488
3.6 -1.32 0.00156148
3.6 -1.26 0.00209323
3.6 -1.2 0.0027675
3.6 -1.14 0.00360863
3.6 -1.08 0.0046408
3.6 -1.02 0.00588608
3.6 -0.96 0.00736297
3.6 -0.9 0.00908377
3.6 -0.84 0.0110528
3.6 -0.78 0.0132636
3.6 -0.72 0.0156979
3.6 -0.66 0.0183236
3.6 -0.6 0.0210946
3.6 -0.54 0.0239507
3.6 -0.48 0.0268196
3.6 -0.42 0.0296197
3.6 -0.36 0.0322622
3.6 -0.3 0.0346577
3.6 -0.24 0.0367193
3.6 -0.18 0.0383685
3.6 -0.12 0.0395407
3.6 -0.06 0.0401887
3.6 9.71445e-15 0.0402861
3.6 0.06 0.0398279
3.6 0.12 0.0388346
3.6 0.18 0.0373451
3.6 0.24 0.0354193
3.6 0.3 0.0331308
3.6 0.36 0.0305642
3.6 0.42 0.027809
3.6 0.48 0.0249543
3.6 0.54 0.0220849
3.6 0.6 0.0192769
3.6 0.66 0.0165945
3.6 0.72 0.014089
3.6 0.78 0.0117974
3.6 0.84 0.0097428
3.6 0.9 0.00793537
3.6 0.96 0.00637439
3.6 1.02 0.00505007
3.6 1.08 0.00394595
3.6 1.14 0.00304083
3.6 1.2 0.0023111
3.6 1.26 0.00173235
3.6 1.32 0.00128069
3.6 1.38 0.000933776
3.6 1.44 0.000671469
3.6 1.5 0.000476209
3.6 1.56 0.000333089
3.6 1.62 0.000229778
3.6 1.68 0.000156335
3.66 -1.62 0.00027273
3.66 -1.56 0.000391807
3.66 -1.5 0.000555126
3.66 -1.44 0.00077572
3.66 -1.38 0.00106907
3.66 -1.32 0.0014531
3.66 -1.26 0.00194795
3.66 -1.2 0.00257542
3.66 -1.14 0.00335818
3.66 -1.08 0.00431871
3.66 -1.02 0.00547752
3.66 -0.96 0.00685193
3.66 -0.9 0.0084533
3.66 -0.84 0.0102856
3.66 -0.78 0.012343
3.66 -0.72 0.0146084
3.66 -0.66 0.0170518
3.66 -0.6 0.0196305
3.66 -0.54 0.0222882
3.66 -0.48 0.0249584
3.66 -0.42 0.0275637
3.66 -0.36 0.0300231
3.66 -0.3 0.032252
3.66 -0.24 0.0341705
3.66 -0.18 0.0357054
3.66 -0.12 0.0367962
3.66 -0.06 0.0373994
3.66 9.71445e-15 0.0374896
3.66 0.06 0.0370639
3.66 0.12 0.036139
3.66 0.18 0.0347531
3.66 0.24 0.0329609
3.66 0.3 0.0308315
3.66 0.36 0.0284431
3.66 0.42 0.025879
3.66 0.48 0.0232224
3.66 0.54 0.0205522
3.66 0.6 0.0179389
3.66 0.66 0.0154427
3.66 0.72 0.0131111
3.66 0.78 0.0109786
3.66 0.84 0.00906653
3.66 0.9 0.00738459
3.66 0.96 0.00593196
3.66 1.02 0.00469959
3.66 1.08 0.00367209
3.66 1.14 0.00282976
3.66 1.2 0.0021507
3.66 1.26 0.00161212
3.66 1.32 0.0011918
3.66 1.38 0.000868963
3.66 1.44 0.000624867
3.66 1.5 0.00044316
3.66 1.56 0.000309971
3.66 1.62 0.000213833
3.66 1.68 0.000145485
3.72 -1.62 0.000250313
3.72 -1.56 0.0003596
3.72 -1.5 0.000509501
3.72 -1.44 0.000711956
3.72 -1.38 0.000981201
3.72 -1.32 0.00133368
3.72 -1.26 0.00178785
3.72 -1.2 0.00236372
3.72 -1.14 0.00308215
3.72 -1.08 0.00396369
3.72 -1.02 0.00502735
3.72 -0.96 0.00628864
3.72 -0.9 0.00775844
3.72 -0.84 0.00944013
3.72 -0.78 0.0113284
3.72 -0.72 0.0134074
3.72 -0.66 0.0156502
3.72 -0.6 0.0180169
3.72 -0.54 0.0204563
3.72 -0.48 0.0229068
3.72 -0.42 0.0252982
3.72 -0.36 0.0275552
3.72 -0.3 0.029601
3.72 -0.24 0.0313616
3.72 -0.18 0.0327703
3.72 -0.12 0.0337717
3.72 -0.06 0.0343253
3.72 9.71445e-15 0.0344081
3.72 0.06 0.0340174
3.72 0.12 0.0331684
3.72 0.18 0.0318964
3.72 0.24 0.0302515
3.72 0.3 0.0282969
3.72 0.36 0.026105
3.72 0.42 0.0237517
3.72 0.48 0.0213136
3.72 0.54 0.0188628
3.72 0.6 0.0164643
3.72 0.66 0.0141734
3.72 0.72 0.0120334
3.72 0.78 0.0100762
3.72 0.84 0.00832126
3.72 0.9 0.00677752
3.72 0.96 0.00544433
3.72 1.02 0.00431329
3.72 1.08 0.00337022
3.72 1.14 0.00259717
3.72 1.2 0.00197393
3.72 1.26 0.0014796
3.72 1.32 0.00109384
3.72 1.38 0.00079753
3.72 1.44 0.000573497
3.72 1.5 0.000406729
3.72 1.56 0.000284493
3.72 1.62 0.000196257
3.72 1.68 0.000133524
3.78 -1.62 0.00022658
3.78 -1.56 0.000325504
3.78 -1.5 0.000461189
3.78 -1.44 0.00064446
3.78 -1.38 0.000888171
3.78 -1.32 0.00120722
3.78 -1.26 0.00161831
3.78 -1.2 0.00213961
3.78 -1.14 0.00278994
3.78 -1.08 0.00358789
3.78 -1.02 0.00455064
3.78 -0.96 0.00569249
3.78 -0.9 0.00702284
3.78 -0.84 0.00854507
3.78 -0.78 0.0102544
3.78 -0.72 0.0121364
3.78 -0.66 0.0141664
3.78 -0.6 0.0163085
3.78 -0.54 0.0185167
3.78 -0.48 0.0207348
3.78 -0.42 0.0228996
3.78 -0.36 0.0249428
3.78 -0.3 0.0267944
3.78 -0.24 0.0283883
3.78 -0.18 0.0296635
3.78 -0.12 0.0305698
3.78 -0.06 0.0310706
3.78 9.71445e-15 0.0311458
3.78 0.06 0.0307918
3.78 0.12 0.0300239
3.78 0.18 0.0288722
3.78 0.24 0.0273832
3.78 0.3 0.0256141
3.78 0.36 0.0236299
3.78 0.42 0.0214998
3.78 0.48 0.0192929
3.78 0.54 0.0170743
3.78 0.6 0.0149034
3.78 0.66 0.0128294
3.78 0.72 0.0108926
3.78 0.78 0.00912083
3.78 0.84 0.00753234
3.78 0.9 0.00613501
3.78 0.96 0.0049282
3.78 1.02 0.00390435
3.78 1.08 0.00305069
3.78 1.14 0.00235093
3.78 1.2 0.00178675
3.78 1.26 0.00133933
3.78 1.32 0.000990129
3.78 1.38 0.00072192
3.78 1.44 0.000519128
3.78 1.5 0.00036817
3.78 1.56 0.00025752
3.78 1.62 0.000177648
3.78 1.68 0.000120866
3.84 -1.56 0.000290592
3.84 -1.5 0.000411728
3.84 -1.44 0.000575334
3.84 -1.38 0.000792903
3.84 -1.32 0.00107774
3.84 -1.26 0.00144476
3.84 -1.2 0.00191013
3.84 -1.14 0.00249067
3.84 -1.08 0.00320308
3.84 -1.02 0.00406259
3.84 -0.96 0.00508187
3.84 -0.9 0.00626961
3.84 -0.84 0.0076286
3.84 -0.78 0.00915452
3.84 -0.72 0.0108346
3.84 -0.66 0.0126469
3.84 -0.6 0.0145595
3.84 -0.54 0.0165307
3.84 -0.48 0.0185109
3.84 -0.42 0.0204435
3.84 -0.36 0.0222671
3.84 -0.3 0.0239206
3.84 -0.24 0.0253435
3.84 -0.18 0.0264817
3.84 -0.12 0.027291
3.84 -0.06 0.0277384
3.84 9.71445e-15 0.0278052
3.84 0.06 0.0274894
3.84 0.12 0.0268035
3.84 0.18 0.0257755
3.84 0.24 0.0244464
3.84 0.3 0.0228669
3.84 0.36 0.0210954
3.84 0.42 0.0191937
3.84 0.48 0.0172234
3.84 0.54 0.015243
3.84 0.6 0.0133048
3.84 0.66 0.0114536
3.84 0.72 0.00972423
3.84 0.78 0.00814252
3.84 0.84 0.00672443
3.84 0.9 0.00547694
3.84 0.96 0.00439957
3.84 1.02 0.00348557
3.84 1.08 0.0027235
3.84 1.14 0.00209877
3.84 1.2 0.00159513
3.84 1.26 0.00119567
3.84 1.32 0.000883928
3.84 1.38 0.000644489
3.84 1.44 0.000463445
3.84 1.5 0.000328678
3.84 1.56 0.000229897
3.84 1.62 0.000158594
3.84 1.68 0.000107902
3.9 -1.56 0.000255859
3.9 -1.5 0.000362513
3.9 -1.44 0.000506565
3.9 -1.38 0.000698136
3.9 -1.32 0.000948921
3.9 -1.26 0.00127206
3.9 -1.2 0.00168182
3.9 -1.14 0.00219299
3.9 -1.08 0.0028202
3.9 -1.02 0.003577
3.9 -0.96 0.00447448
3.9 -0.9 0.00552026
3.9 -0.84 0.00671677
3.9 -0.78 0.00806028
3.9 -0.72 0.00953962
3.9 -0.66 0.0111352
3.9 -0.6 0.0128191
3.9 -0.54 0.0145549
3.9 -0.48 0.0162984
3.9 -0.42 0.0179999
3.9 -0.36 0.0196059
3.9 -0.3 0.0210616
3.9 -0.24 0.0223143
3.9 -0.18 0.0233165
3.9 -0.12 0.0240288
3.9 -0.06 0.0244226
3.9 9.71445e-15 0.0244819
3.9 0.06 0.0242036
3.9 0.12 0.0235997
3.9 0.18 0.0226948
3.9 0.24 0.0215243
3.9 0.3 0.0201336
3.9 0.36 0.018574
3.9 0.42 0.0168997
3.9 0.48 0.0151649
3.9 0.54 0.013421
3.9 0.6 0.0117146
3.9 0.66 0.0100845
3.9 0.72 0.00856188
3.9 0.78 0.00716935
3.9 0.84 0.0059207
3.9 0.9 0.00482231
3.9 0.96 0.00387372
3.9 1.02 0.00306894
3.9 1.08 0.00239794
3.9 1.14 0.00184792
3.9 1.2 0.00140447
3.9 1.26 0.00105275
3.9 1.32 0.000778283
3.9 1.38 0.000567455
3.9 1.44 0.000408053
3.9 1.5 0.000289396
3.9 1.56 0.000202421
3.9 1.62 0.000139638
3.96 -1.5 0.000314796
3.96 -1.44 0.00043989
3.96 -1.38 0.000606243
3.96 -1.32 0.000824019
3.96 -1.26 0.00110463
3.96 -1.2 0.00146043
3.96 -1.14 0.00190433
3.96 -1.08 0.00244898
3.96 -1.02 0.00310617
3.96 -0.96 0.00388552
3.96 -0.9 0.0047936
3.96 -0.84 0.00583258
3.96 -0.78 0.00699928
3.96 -0.72 0.00828394
3.96 -0.66 0.00966958
3.96 -0.6 0.0111317
3.96 -0.54 0.012639
3.96 -0.48 0.0141531
3.96 -0.42 0.0156306
3.96 -0.36 0.0170252
3.96 -0.3 0.0182892
3.96 -0.24 0.0193769
3.96 -0.18 0.0202474
3.96 -0.12 0.0208661
3.96 -0.06 0.0212079
3.96 9.71445e-15 0.0212593
3.96 0.06 0.0210178
3.96 0.12 0.0204934
3.96 0.18 0.0197074
3.96 0.24 0.0186908
3.96 0.3 0.0174834
3.96 0.36 0.0161291
3.96 0.42 0.0146752
3.96 0.48 0.0131688
3.96 0.54 0.0116545
3.96 0.6 0.0101726
3.96 0.66 0.00875709
3.96 0.72 0.00743495
3.96 0.78 0.00622565
3.96 0.84 0.00514133
3.96 0.9 0.00418756
3.96 0.96 0.00336384
3.96 1.02 0.002665
3.96 1.08 0.00208231
3.96 1.14 0.00160467
3.96 1.2 0.00121959
3.96 1.26 0.000914186
3.96 1.32 0.000675837
3.96 1.38 0.000492758
3.96 1.44 0.00035434
3.96 1.5 0.000251302
3.96 1.56 0.000175776
3.96 1.62 0.000121258
4.02 -1.5 0.000269602
4.02 -1.44 0.000376736
4.02 -1.38 0.000519206
4.02 -1.32 0.000705717
4.02 -1.26 0.000946042
4.02 -1.2 0.00125077
4.02 -1.14 0.00163094
4.02 -1.08 0.0020974
4.02 -1.02 0.00266023
4.02 -0.96 0.00332768
4.02 -0.9 0.0041054
4.02 -0.84 0.00499524
4.02 -0.78 0.00599444
4.02 -0.72 0.00709462
4.02 -0.66 0.00828135
4.02 -0.6 0.00953364
4.02 -0.54 0.0108245
4.02 -0.48 0.0121212
4.02 -0.42 0.0133865
4.02 -0.36 0.0145809
4.02 -0.3 0.0156634
4.02 -0.24 0.016595
4.02 -0.18 0.0173405
4.02 -0.12 0.0178704
4.02 -0.06 0.0181632
4.02 9.71445e-15 0.0182071
4.02 0.06 0.0180004
4.02 0.12 0.0175512
4.02 0.18 0.0168781
4.02 0.24 0.0160076
4.02 0.3 0.0149735
4.02 0.36 0.0138136
4.02 0.42 0.0125683
4.02 0.48 0.0112782
4.02 0.54 0.00998135
4.02 0.6 0.0087121
4.02 0.66 0.0074999
4.02 0.72 0.00636755
4.02 0.78 0.00533184
4.02 0.84 0.00440318
4.02 0.9 0.00358636
4.02 0.96 0.0028809
4.02 1.02 0.0022824
4.02 1.08 0.00178337
4.02 1.14 0.00137429
4.02 1.2 0.00104451
4.02 1.26 0.000782941
4.02 1.32 0.000578807
4.02 1.38 0.000422014
4.02 1.44 0.000303469
4.02 1.5 0.000215223
4.02 1.56 0.00015054
4.02 1.62 0.00010385
4.08 -1.5 0.000227723
4.08 -1.44 0.000318214
4.08 -1.38 0.000438553
4.08 -1.32 0.000596093
4.08 -1.26 0.000799087
4.08 -1.2 0.00105648
4.08 -1.14 0.00137759
4.08 -1.08 0.00177159
4.08 -1.02 0.00224699
4.08 -0.96 0.00281075
4.08 -0.9 0.00346769
4.08 -0.84 0.00421931
4.08 -0.78 0.00506328
4.08 -0.72 0.00599255
4.08 -0.66 0.00699493
4.08 -0.6 0.0080527
4.08 -0.54 0.009143
4.08 -0.48 0.0102384
4.08 -0.42 0.0113071
4.08 -0.36 0.0123159
4.08 -0.3 0.0132303
4.08 -0.24 0.0140172
4.08 -0.18 0.0146468
4.08 -0.12 0.0150944
4.08 -0.06 0.0153418
4.08 9.71445e-15 0.0153788
4.08 0.06 0.0152043
4.08 0.12 0.0148248
4.08 0.18 0.0142563
4.08 0.24 0.013521
4.08 0.3 0.0126475
4.08 0.36 0.0116678
4.08 0.42 0.010616
4.08 0.48 0.00952623
4.08 0.54 0.00843087
4.08 0.6 0.00735875
4.08 0.66 0.0063349
4.08 0.72 0.00537841
4.08 0.78 0.00450359
4.08 0.84 0.00371921
4.08 0.9 0.00302925
4.08 0.96 0.00243338
4.08 1.02 0.00192786
4.08 1.08 0.00150634
4.08 1.14 0.00116081
4.08 1.2 0.000882257
4.08 1.26 0.000661319
4.08 1.32 0.000488896
4.08 1.38 0.000356459
4.08 1.44 0.000256329
4.08 1.5 0.000181791
4.08 1.56 0.000127156
4.08 1.62 8.77182e-05
4.14 -1.44 0.000265088
4.14 -1.38 0.000365337
4.14 -1.32 0.000496577
4.14 -1.26 0.000665682
4.14 -1.2 0.000880104
4.14 -1.14 0.0011476
4.14 -1.08 0.00147583
4.14 -1.02 0.00187187
4.14 -0.96 0.00234149
4.14 -0.9 0.00288876
4.14 -0.84 0.00351491
4.14 -0.78 0.00421798
4.14 -0.72 0.00499208
4.14 -0.66 0.00582713
4.14 -0.6 0.00670836
4.14 -0.54 0.00761662
4.14 -0.48 0.00852906
4.14 -0.42 0.00941947
4.14 -0.36 0.0102598
4.14 -0.3 0.0110216
4.14 -0.24 0.0116771
4.14 -0.18 0.0122016
4.14 -0.12 0.0125744
4.14 -0.06 0.0127806
4.14 9.71445e-15 0.0128114
4.14 0.06 0.012666
4.14 0.12 0.0123498
4.14 0.18 0.0118762
4.14 0.24 0.0112638
4.14 0.3 0.010536
4.14 0.36 0.00971988
4.14 0.42 0.00884365
4.14 0.48 0.00793583
4.14 0.54 0.00702332
4.14 0.6 0.00613025
4.14 0.66 0.0052773
4.14 0.72 0.00448048
4.14 0.78 0.00375173
4.14 0.84 0.00309831
4.14 0.9 0.00252351
4.14 0.96 0.00202713
4.14 1.02 0.001606
4.14 1.08 0.00125486
4.14 1.14 0.00096702
4.14 1.2 0.000734967
4.14 1.26 0.00055091
4.14 1.32 0.000407276
4.14 1.38 0.00029695
4.14 1.44 0.000213535
4.14 1.5 0.000151441
4.14 1.56 0.000105927
4.14 1.62 7.30737e-05
4.2 -1.44 0.000217798
4.2 -1.38 0.00030016
4.2 -1.32 0.000407987
4.2 -1.26 0.000546923
4.2 -1.2 0.000723088
4.2 -1.14 0.000942868
4.2 -1.08 0.00121255
4.2 -1.02 0.00153793
4.2 -0.96 0.00192379
4.2 -0.9 0.00237339
4.2 -0.84 0.00288785
4.2 -0.78 0.0034655
4.2 -0.72 0.00410154
4.2 -0.66 0.00478762
4.2 -0.6 0.00551161
4.2 -0.54 0.00625784
4.2 -0.48 0.00700744
4.2 -0.42 0.00773908
4.2 -0.36 0.00842946
4.2 -0.3 0.00905533
4.2 -0.24 0.00959396
4.2 -0.18 0.0100249
4.2 -0.12 0.0103313
4.2 -0.06 0.0105006
4.2 9.71445e-15 0.0105259
4.2 0.06 0.0104063
4.2 0.12 0.0101467
4.2 0.18 0.00975745
4.2 0.24 0.00925434
4.2 0.3 0.00865642
4.2 0.36 0.0079858
4.2 0.42 0.00726588
4.2 0.48 0.00652007
4.2 0.54 0.00577038
4.2 0.6 0.00503667
4.2 0.66 0.00433582
4.2 0.72 0.0036812
4.2 0.78 0.00308243
4.2 0.84 0.00254559
4.2 0.9 0.00207335
4.2 0.96 0.0016655
4.2 1.02 0.0013195
4.2 1.08 0.001031
4.2 1.14 0.00079451
4.2 1.2 0.000603846
4.2 1.26 0.000452633
4.2 1.32 0.000334619
4.2 1.38 0.000243975
4.2 1.44 0.00017544
4.2 1.5 0.000124423
4.2 1.56 8.70295e-05
4.2 1.62 6.00371e-05
4.26 -1.38 0.000243224
4.26 -1.32 0.000330595
4.26 -1.26 0.000443174
4.26 -1.2 0.000585928
4.26 -1.14 0.00076402
4.26 -1.08 0.000982533
4.26 -1.02 0.00124619
4.26 -0.96 0.00155888
4.26 -0.9 0.00192319
4.26 -0.84 0.00234004
4.26 -0.78 0.00280813
4.26 -0.72 0.00332353
4.26 -0.66 0.00387945
4.26 -0.6 0.00446605
4.26 -0.54 0.00507077
4.26 -0.48 0.00567819
4.26 -0.42 0.006271
4.26 -0.36 0.00683053
4.26 -0.3 0.00733762
4.26 -0.24 0.00777407
4.26 -0.18 0.00812329
4.26 -0.12 0.00837149
4.26 -0.06 0.00850861
4.26 9.71445e-15 0.0085292
4.26 0.06 0.00843232
4.26 0.12 0.00822197
4.26 0.18 0.00790662
4.26 0.24 0.00749881
4.26 0.3 0.00701436
4.26 0.36 0.006471
4.26 0.42 0.00588769
4.26 0.48 0.00528332
4.26 0.54 0.00467578
4.26 0.6 0.00408126
4.26 0.66 0.00351332
4.26 0.72 0.00298291
4.26 0.78 0.00249773
4.26 0.84 0.00206271
4.26 0.9 0.00168006
4.26 0.96 0.00134958
4.26 1.02 0.0010692
4.26 1.08 0.000835423
4.26 1.14 0.000643795
4.26 1.2 0.000489299
4.26 1.26 0.000366772
4.26 1.32 0.000271146
4.26 1.38 0.000197696
4.26 1.44 0.000142162
4.26 1.5 0.000100823
4.26 1.56 7.05215e-05
4.32 -1.38 0.000194375
4.32 -1.32 0.0002642
4.32 -1.26 0.000354173
4.32 -1.2 0.000468258
4.32 -1.14 0.000610573
4.32 -1.08 0.000785216
4.32 -1.02 0.000995915
4.32 -0.96 0.0012458
4.32 -0.9 0.00153696
4.32 -0.84 0.00187011
4.32 -0.78 0.00224418
4.32 -0.72 0.00265606
4.32 -0.66 0.00310031
4.32 -0.6 0.00356917
4.32 -0.54 0.00405243
4.32 -0.48 0.00453785
4.32 -0.42 0.00501158
4.32 -0.36 0.0054587
4.32 -0.3 0.00586404
4.32 -0.24 0.00621283
4.32 -0.18 0.00649187
4.32 -0.12 0.00669018
4.32 -0.06 0.00679988
4.32 9.71445e-15 0.00681634
4.32 0.06 0.00673886
4.32 0.12 0.00657072
4.32 0.18 0.00631875
4.32 0.24 0.00599289
4.32 0.3 0.00560567
4.32 0.36 0.00517143
4.32 0.42 0.00470525
4.32 0.48 0.00422222
4.32 0.54 0.00373673
4.32 0.6 0.00326162
4.32 0.66 0.00280777
4.32 0.72 0.00238382
4.32 0.78 0.0019961
4.32 0.84 0.00164846
4.32 0.9 0.00134265
4.32 0.96 0.00107853
4.32 1.02 0.000854462
4.32 1.08 0.000667649
4.32 1.14 0.000514503
4.32 1.2 0.000391037
4.32 1.26 0.00029311
4.32 1.32 0.000216691
4.32 1.38 0.000157993
4.32 1.44 0.000113611
4.32 1.5 8.0574e-05
4.32 1.56 5.63582e-05
4.38 -1.32 0.000208241
4.38 -1.26 0.000279154
4.38 -1.2 0.000369072
4.38 -1.14 0.000481251
4.38 -1.08 0.000618892
4.38 -1.02 0.00078497
4.38 -0.96 0.000981922
4.38 -0.9 0.0012114
4.38 -0.84 0.00147397
4.38 -0.78 0.00176881
4.38 -0.72 0.00209346
4.38 -0.66 0.00244364
4.38 -0.6 0.00281315
4.38 -0.54 0.00319405
4.38 -0.48 0.00357668
4.38 -0.42 0.00395006
4.38 -0.36 0.0043025
4.38 -0.3 0.00462191
4.38 -0.24 0.0048968
4.38 -0.18 0.00511678
4.38 -0.12 0.00527314
4.38 -0.06 0.00535954
4.38 9.71445e-15 0.00537248
4.38 0.06 0.0053115
4.38 0.12 0.00517895
4.38 0.18 0.00498031
4.38 0.24 0.00472345
4.38 0.3 0.00441831
4.38 0.36 0.00407605
4.38 0.42 0.0037086
4.38 0.48 0.00332793
4.38 0.54 0.00294526
4.38 0.6 0.00257074
4.38 0.66 0.00221304
4.38 0.72 0.00187891
4.38 0.78 0.0015733
4.38 0.84 0.00129928
4.38 0.9 0.00105825
4.38 0.96 0.000850088
4.38 1.02 0.000673483
4.38 1.08 0.000526229
4.38 1.14 0.000405521
4.38 1.2 0.000308209
4.38 1.26 0.000231028
4.38 1.32 0.000170793
4.38 1.38 0.000124526
4.38 1.44 8.95464e-05
4.38 1.5 6.35073e-05
4.38 1.56 4.4421e-05
4.44 -1.26 0.000216999
4.44 -1.2 0.000286899
4.44 -1.14 0.000374098
4.44 -1.08 0.000481101
4.44 -1.02 0.00061019
4.44 -0.96 0.0007633
4.44 -0.9 0.000941687
4.44 -0.84 0.00114581
4.44 -0.78 0.00137501
4.44 -0.72 0.00162737
4.44 -0.66 0.00189956
4.44 -0.6 0.00218682
4.44 -0.54 0.0024829
4.44 -0.48 0.00278033
4.44 -0.42 0.00307058
4.44 -0.36 0.00334454
4.44 -0.3 0.00359286
4.44 -0.24 0.00380658
4.44 -0.18 0.00397756
4.44 -0.12 0.00409906
4.44 -0.06 0.00416627
4.44 9.71445e-15 0.00417633
4.44 0.06 0.00412887
4.44 0.12 0.00402587
4.44 0.18 0.00387145
4.44 0.24 0.00367182
4.44 0.3 0.0034346
4.44 0.36 0.00316853
4.44 0.42 0.00288289
4.44 0.48 0.00258695
4.44 0.54 0.0022895
4.44 0.6 0.00199839
4.44 0.66 0.0017203
4.44 0.72 0.00146056
4.44 0.78 0.001223
4.44 0.84 0.00101001
4.44 0.9 0.000822638
4.44 0.96 0.000660816
4.44 1.02 0.000523529
4.44 1.08 0.000409068
4.44 1.14 0.000315234
4.44 1.2 0.000239585
4.44 1.26 0.000179588
4.44 1.32 0.000132765
4.44 1.38 9.6802e-05
4.44 1.44 6.96096e-05
4.44 1.5 4.93676e-05
4.5 -1.26 0.000166366
4.5 -1.2 0.000219955
4.5 -1.14 0.000286809
4.5 -1.08 0.000368841
4.5 -1.02 0.000467818
4.5 -0.96 0.000585196
4.5 -0.9 0.000721961
4.5 -0.84 0.000878451
4.5 -0.78 0.00105417
4.5 -0.72 0.00124764
4.5 -0.66 0.00145633
4.5 -0.6 0.00167655
4.5 -0.54 0.00190356
4.5 -0.48 0.00213156
4.5 -0.42 0.00235413
4.5 -0.36 0.00256414
4.5 -0.3 0.00275453
4.5 -0.24 0.00291838
4.5 -0.18 0.00304946
4.5 -0.12 0.00314264
4.5 -0.06 0.00319412
4.5 9.71445e-15 0.00320186
4.5 0.06 0.00316545
4.5 0.12 0.00308651
4.5 0.18 0.00296812
4.5 0.24 0.00281505
4.5 0.3 0.00263316
4.5 0.36 0.00242917
4.5 0.42 0.0022102
4.5 0.48 0.00198332
4.5 0.54 0.00175527
4.5 0.6 0.0015321
4.5 0.66 0.00131889
4.5 0.72 0.00111977
4.5 0.78 0.000937638
4.5 0.84 0.00077434
4.5 0.9 0.000630689
4.5 0.96 0.000506626
4.5 1.02 0.000401373
4.5 1.08 0.000313615
4.5 1.14 0.00024168
4.5 1.2 0.000183681
4.5 1.26 0.000137685
4.5 1.32 0.000101787
4.5 1.38 7.42147e-05
4.5 1.44 5.3367e-05
4.5 1.5 3.78482e-05
4.56 -1.2 0.000166314
4.56 -1.14 0.000216864
4.56 -1.08 0.000278891
4.56 -1.02 0.000353731
4.56 -0.96 0.00044248
4.56 -0.9 0.000545892
4.56 -0.84 0.000664219
4.56 -0.78 0.00079708
4.56 -0.72 0.000943372
4.56 -0.66 0.00110117
4.56 -0.6 0.00126769
4.56 -0.54 0.00143933
4.56 -0.48 0.00161174
4.56 -0.42 0.00178002
4.56 -0.36 0.00193881
4.56 -0.3 0.00208277
4.56 -0.24 0.00220665
4.56 -0.18 0.00230577
4.56 -0.12 0.00237623
4.56 -0.06 0.00241517
4.56 9.71445e-15 0.00242101
4.56 0.06 0.0023935
4.56 0.12 0.00233379
4.56 0.18 0.00224426
4.56 0.24 0.00212854
4.56 0.3 0.00199101
4.56 0.36 0.00183677
4.56 0.42 0.00167119
4.56 0.48 0.00149965
4.56 0.54 0.00132721
4.56 0.6 0.00115846
4.56 0.66 0.000997259
4.56 0.72 0.00084669
4.56 0.78 0.000708974
4.56 0.84 0.000585497
4.56 0.9 0.000476878
4.56 0.96 0.000383072
4.56 1.02 0.000303489
4.56 1.08 0.000237134
4.56 1.14 0.000182741
4.56 1.2 0.000138888
4.56 1.26 0.000104107
4.56 1.32 7.69641e-05
4.56 1.38 5.61154e-05
4.56 1.44 4.03519e-05
4.56 1.5 2.8618e-05
4.62 -1.14 0.000161722
4.62 -1.08 0.000207979
4.62 -1.02 0.000263789
4.62 -0.96 0.000329972
4.62 -0.9 0.000407092
4.62 -0.84 0.000495333
4.62 -0.78 0.000594412
4.62 -0.72 0.000703503
4.62 -0.66 0.000821181
4.62 -0.6 0.000945365
4.62 -0.54 0.00107336
4.62 -0.48 0.00120193
4.62 -0.42 0.00132742
4.62 -0.36 0.00144583
4.62 -0.3 0.00155319
4.62 -0.24 0.00164558
4.62 -0.18 0.00171949
4.62 -0.12 0.00177204
4.62 -0.06 0.00180108
4.62 9.71445e-15 0.00180542
4.62 0.06 0.00178492
4.62 0.12 0.00174038
4.62 0.18 0.00167363
4.62 0.24 0.00158733
4.62 0.3 0.00148477
4.62 0.36 0.00136975
4.62 0.42 0.00124627
4.62 0.48 0.00111834
4.62 0.54 0.000989748
4.62 0.6 0.000863897
4.62 0.66 0.000743692
4.62 0.72 0.000631406
4.62 0.78 0.000528704
4.62 0.84 0.000436624
4.62 0.9 0.000355623
4.62 0.96 0.000285669
4.62 1.02 0.000226322
4.62 1.08 0.000176839
4.62 1.14 0.000136276
4.62 1.2 0.000103573
4.62 1.26 7.76364e-05
4.62 1.32 5.73945e-05
4.62 1.38 4.18473e-05
4.62 1.44 3.00919e-05
4.68 -1.08 0.000152966
4.68 -1.02 0.000194012
4.68 -0.96 0.00024269
4.68 -0.9 0.000299409
4.68 -0.84 0.000364309
4.68 -0.78 0.000437182
4.68 -0.72 0.000517417
4.68 -0.66 0.000603966
4.68 -0.6 0.000695301
4.68 -0.54 0.000789435
4.68 -0.48 0.000884005
4.68 -0.42 0.000976299
4.68 -0.36 0.00106339
4.68 -0.3 0.00114235
4.68 -0.24 0.0012103
4.68 -0.18 0.00126466
4.68 -0.12 0.00130331
4.68 -0.06 0.00132467
4.68 9.71445e-15 0.00132786
4.68 0.06 0.00131277
4.68 0.12 0.00128002
4.68 0.18 0.00123092
4.68 0.24 0.00116746
4.68 0.3 0.00109203
4.68 0.36 0.00100743
4.68 0.42 0.000916608
4.68 0.48 0.000822518
4.68 0.54 0.000727946
4.68 0.6 0.000635382
4.68 0.66 0.000546972
4.68 0.72 0.00046439
4.68 0.78 0.000388852
4.68 0.84 0.00032113
4.68 0.9 0.000261556
4.68 0.96 0.000210106
4.68 1.02 0.000166457
4.68 1.08 0.000130063
4.68 1.14 0.000100229
4.68 1.2 7.61763e-05
4.68 1.26 5.71005e-05
4.68 1.32 4.22126e-05
4.68 1.38 3.0778e-05
4.68 1.44 2.21322e-05
4.74 -1.02 0.000140731
4.74 -0.96 0.000176042
4.74 -0.9 0.000217183
4.74 -0.84 0.000264259
4.74 -0.78 0.000317119
4.74 -0.72 0.000375321
4.74 -0.66 0.000438103
4.74 -0.6 0.000504352
4.74 -0.54 0.000572634
4.74 -0.48 0.000641237
4.74 -0.42 0.000708181
4.74 -0.36 0.000771362
4.74 -0.3 0.000828622
4.74 -0.24 0.000877914
4.74 -0.18 0.000917352
4.74 -0.12 0.000945386
4.74 -0.06 0.000960878
4.74 9.71445e-15 0.00096319
4.74 0.06 0.000952258
4.74 0.12 0.000928499
4.74 0.18 0.00089288
4.74 0.24 0.000846839
4.74 0.3 0.00079213
4.74 0.36 0.000730766
4.74 0.42 0.000664886
4.74 0.48 0.000596638
4.74 0.54 0.000528035
4.74 0.6 0.000460891
4.74 0.66 0.000396758
4.74 0.72 0.000336857
4.74 0.78 0.000282064
4.74 0.84 0.000232939
4.74 0.9 0.000189726
4.74 0.96 0.000152406
4.74 1.02 0.000120744
4.74 1.08 9.43442e-05
4.74 1.14 7.27031e-05
4.74 1.2 5.52563e-05
4.74 1.26 4.14193e-05
4.74 1.32 3.062e-05
4.74 1.38 2.23255e-05
4.8 -0.96 0.000125941
4.8 -0.9 0.000155375
4.8 -0.84 0.000189052
4.8 -0.78 0.000226867
4.8 -0.72 0.000268506
4.8 -0.66 0.000313418
4.8 -0.6 0.000360812
4.8 -0.54 0.000409669
4.8 -0.48 0.000458742
4.8 -0.42 0.000506634
4.8 -0.36 0.000551837
4.8 -0.3 0.000592808
4.8 -0.24 0.000628065
4.8 -0.18 0.000656275
4.8 -0.12 0.000676328
4.8 -0.06 0.00068741
4.8 9.71445e-15 0.000689077
4.8 0.06 0.000681249
4.8 0.12 0.000664248
4.8 0.18 0.000638775
4.8 0.24 0.000605826
4.8 0.3 0.000566687
4.8 0.36 0.000522789
4.8 0.42 0.000475665
4.8 0.48 0.000426839
4.8 0.54 0.000377756
4.8 0.6 0.000329723
4.8 0.66 0.000283843
4.8 0.72 0.000240988
4.8 0.78 0.000201792
4.8 0.84 0.000166646
4.8 0.9 0.000135731
4.8 0.96 0.000109032
4.8 1.02 8.63803e-05
4.8 1.08 6.74934e-05
4.8 1.14 5.20122e-05
4.8 1.2 3.95306e-05
4.8 1.26 2.96314e-05
4.8 1.32 2.19059e-05
4.8 1.38 1.59717e-05
4.86 -0.9 0.000109628
4.86 -0.84 0.000133391
4.86 -0.78 0.000160073
4.86 -0.72 0.000189451
4.86 -0.66 0.00022114
4.86 -0.6 0.00025458
4.86 -0.54 0.00028905
4.86 -0.48 0.000323674
4.86 -0.42 0.000357466
4.86 -0.36 0.000389358
4.86 -0.3 0.000418268
4.86 -0.24 0.000443148
4.86 -0.18 0.000463052
4.86 -0.12 0.000477199
4.86 -0.06 0.000485019
4.86 9.71445e-15 0.000486193
4.86 0.06 0.000480663
4.86 0.12 0.000468677
4.86 0.18 0.0004507
4.86 0.24 0.000427459
4.86 0.3 0.000399841
4.86 0.36 0.000368866
4.86 0.42 0.000335614
4.86 0.48 0.000301162
4.86 0.54 0.000266533
4.86 0.6 0.000232645
4.86 0.66 0.00020027
4.86 0.72 0.000170034
4.86 0.78 0.000142377
4.86 0.84 0.000117581
4.86 0.9 9.57684e-05
4.86 0.96 7.69297e-05
4.86 1.02 6.09472e-05
4.86 1.08 4.76219e-05
4.86 1.14 3.66984e-05
4.86 1.2 2.78915e-05
4.86 1.26 2.0907e-05
4.86 1.32 1.54561e-05
4.92 -0.84 9.28223e-05
4.92 -0.78 0.000111389
4.92 -0.72 0.000131832
4.92 -0.66 0.000153884
4.92 -0.6 0.000177155
4.92 -0.54 0.00020114
4.92 -0.48 0.000225237
4.92 -0.42 0.00024875
4.92 -0.36 0.000270943
4.92 -0.3 0.000291059
4.92 -0.24 0.00030837
4.92 -0.18 0.000322219
4.92 -0.12 0.000332067
4.92 -0.06 0.00033751
4.92 9.71445e-15 0.000338325
4.92 0.06 0.000334485
4.92 0.12 0.000326135
4.92 0.18 0.00031363
4.92 0.24 0.000297455
4.92 0.3 0.000278238
4.92 0.36 0.000256685
4.92 0.42 0.000233545
4.92 0.48 0.000209571
4.92 0.54 0.000185474
4.92 0.6 0.000161888
4.92 0.66 0.000139364
4.92 0.72 0.000118321
4.92 0.78 9.90763e-05
4.92 0.84 8.18205e-05
4.92 0.9 6.66415e-05
4.92 0.96 5.35328e-05
4.92 1.02 4.24115e-05
4.92 1.08 3.31386e-05
4.92 1.14 2.55371e-05
4.92 1.2 1.94091e-05
4.92 1.26 1.45486e-05
4.92 1.32 1.07554e-05
4.98 -0.78 7.64476e-05
4.98 -0.72 9.04786e-05
4.98 -0.66 0.000105612
4.98 -0.6 0.000121582
4.98 -0.54 0.000138044
4.98 -0.48 0.000154581
4.98 -0.42 0.000170719
4.98 -0.36 0.000185951
4.98 -0.3 0.000199756
4.98 -0.24 0.000211639
4.98 -0.18 0.000221145
4.98 -0.12 0.000227902
4.98 -0.06 0.000231635
4.98 9.71445e-15 0.000232196
4.98 0.06 0.000229556
4.98 0.12 0.000223832
4.98 0.18 0.000215246
4.98 0.24 0.000204146
4.98 0.3 0.000190957
4.98 0.36 0.000176164
4.98 0.42 0.000160284
4.98 0.48 0.00014383
4.98 0.54 0.000127291
4.98 0.6 0.000111107
4.98 0.66 9.5645e-05
4.98 0.72 8.12052e-05
4.98 0.78 6.79968e-05
4.98 0.84 5.61545e-05
4.98 0.9 4.57372e-05
4.98 0.96 3.67403e-05
4.98 1.02 2.91074e-05
4.98 1.08 2.27433e-05
4.98 1.14 1.75264e-05
4.98 1.2 1.33205e-05
4.98 1.26 9.98483e-06
5.04 -0.72 6.1242e-05
5.04 -0.66 7.14862e-05
5.04 -0.6 8.22965e-05
5.04 -0.54 9.34386e-05
5.04 -0.48 0.000104632
5.04 -0.42 0.000115556
5.04 -0.36 0.000125864
5.04 -0.3 0.000135209
5.04 -0.24 0.000143252
5.04 -0.18 0.000149687
5.04 -0.12 0.000154261
5.04 -0.06 0.000156789
5.04 9.71445e-15 0.000157167
5.04 0.06 0.000155381
5.04 0.12 0.000151505
5.04 0.18 0.000145693
5.04 0.24 0.000138181
5.04 0.3 0.000129253
5.04 0.36 0.00011924
5.04 0.42 0.00010849
5.04 0.48 9.73543e-05
5.04 0.54 8.61603e-05
5.04 0.6 7.52048e-05
5.04 0.66 6.47401e-05
5.04 0.72 5.49657e-05
5.04 0.78 4.60251e-05
5.04 0.84 3.80094e-05
5.04 0.9 3.09581e-05
5.04 0.96 2.48684e-05
5.04 1.02 1.9702e-05
5.04 1.08 1.53943e-05
5.04 1.14 1.18632e-05
5.04 1.2 9.01629e-06
5.1 -0.66 4.77216e-05
5.1 -0.6 5.49386e-05
5.1 -0.54 6.23768e-05
5.1 -0.48 6.98488e-05
5.1 -0.42 7.71411e-05
5.1 -0.36 8.40227e-05
5.1 -0.3 9.02621e-05
5.1 -0.24 9.56309e-05
5.1 -0.18 9.99259e-05
5.1 -0.12 0.000102979
5.1 -0.06 0.000104667
5.1 9.71445e-15 0.00010492
5.1 0.06 0.000103728
5.1 0.12 0.00010114
5.1 0.18 9.72611e-05
5.1 0.24 9.22457e-05
5.1 0.3 8.62855e-05
5.1 0.36 7.96011e-05
5.1 0.42 7.24255e-05
5.1 0.48 6.49903e-05
5.1 0.54 5.75178e-05
5.1 0.6 5.02044e-05
5.1 0.66 4.32187e-05
5.1 0.72 3.66931e-05
5.1 0.78 3.07249e-05
5.1 0.84 2.53739e-05
5.1 0.9 2.06667e-05
5.1 0.96 1.66012e-05
5.1 1.02 1.31524e-05
5.1 1.08 1.02768e-05
5.1 1.14 7.91946e-06
5.1 1.2 6.01903e-06
5.16 -0.54 4.10686e-05
5.16 -0.48 4.59879e-05
5.16 -0.42 5.0789e-05
5.16 -0.36 5.53203e-05
5.16 -0.3 5.94281e-05
5.16 -0.24 6.29629e-05
5.16 -0.18 6.57908e-05
5.16 -0.12 6.78006e-05
5.16 -0.06 6.89121e-05
5.16 9.71445e-15 6.9079e-05
5.16 0.06 6.82936e-05
5.16 0.12 6.65899e-05
5.16 0.18 6.40362e-05
5.16 0.24 6.07339e-05
5.16 0.3 5.68096e-05
5.16 0.36 5.24089e-05
5.16 0.42 4.76845e-05
5.16 0.48 4.27894e-05
5.16 0.54 3.78692e-05
5.16 0.6 3.30543e-05
5.16 0.66 2.84548e-05
5.16 0.72 2.41584e-05
5.16 0.78 2.02292e-05
5.16 0.84 1.67061e-05
5.16 0.9 1.36068e-05
5.16 0.96 1.09302e-05
5.16 1.02 8.65938e-06
5.16 1.08 6.76616e-06
5.16 1.14 5.21414e-06
5.22 -0.48 2.98618e-05
5.22 -0.42 3.29796e-05
5.22 -0.36 3.59218e-05
5.22 -0.3 3.85892e-05
5.22 -0.24 4.08845e-05
5.22 -0.18 4.27209e-05
5.22 -0.12 4.4026e-05
5.22 -0.06 4.47476e-05
5.22 9.71445e-15 4.4856e-05
5.22 0.06 4.43458e-05
5.22 0.12 4.32398e-05
5.22 0.18 4.15814e-05
5.22 0.24 3.94371e-05
5.22 0.3 3.6889e-05
5.22 0.36 3.40312e-05
5.22 0.42 3.09636e-05
5.22 0.48 2.7785e-05
5.22 0.54 2.45901e-05
5.22 0.6 2.14636e-05
5.22 0.66 1.84769e-05
5.22 0.72 1.56872e-05
5.22 0.78 1.31357e-05
5.22 0.84 1.0848e-05
5.22 0.9 8.83552e-06
5.22 0.96 7.09747e-06
5.22 1.02 5.62293e-06
5.22 1.08 4.39356e-06
5.28 -0.36 2.30051e-05
5.28 -0.3 2.47131e-05
5.28 -0.24 2.61832e-05
5.28 -0.18 2.73592e-05
5.28 -0.12 2.8195e-05
5.28 -0.06 2.86572e-05
5.28 9.71445e-15 2.87265e-05
5.28 0.06 2.83999e-05
5.28 0.12 2.76915e-05
5.28 0.18 2.66293e-05
5.28 0.24 2.52562e-05
5.28 0.3 2.36245e-05
5.28 0.36 2.17943e-05
5.28 0.42 1.98297e-05
5.28 0.48 1.77941e-05
5.28 0.54 1.5748e-05
5.28 0.6 1.37457e-05
5.28 0.66 1.18329e-05
5.28 0.72 1.00464e-05
5.28 0.78 8.41226e-06
5.28 0.84 6.94723e-06
5.28 0.9 5.65843e-06
5.28 0.96 4.54536e-06
5.28 1.02 3.60103e-06
5.34 -0.24 1.65375e-05
5.34 -0.18 1.72804e-05
5.34 -0.12 1.78083e-05
5.34 -0.06 1.81002e-05
5.34 9.71445e-15 1.8144e-05
5.34 0.06 1.7938e-05
5.34 0.12 1.74903e-05
5.34 0.18 1.68196e-05
5.34 0.24 1.59521e-05
5.34 0.3 1.49216e-05
5.34 0.36 1.37657e-05
5.34 0.42 1.25248e-05
5.34 0.48 1.1239e-05
5.34 0.54 9.94671e-06
5.34 0.6 8.68191e-06
5.34 0.66 7.47388e-06
5.34 0.72 6.34541e-06
5.34 0.78 5.31333e-06
5.34 0.84 4.38793e-06
5.34 0.9 3.57393e-06
5.34 0.96 2.8709e-06
5.34 1.02 2.27447e-06
5.4 -0.06 1.12753e-05
5.4 9.71445e-15 1.13025e-05
5.4 0.06 1.11741e-05
5.4 0.12 1.08953e-05
5.4 0.18 1.04774e-05
5.4 0.24 9.93713e-06
5.4 0.3 9.29507e-06
5.4 0.36 8.57503e-06
5.4 0.42 7.802e-06
5.4 0.48 7.00112e-06
5.4 0.54 6.19609e-06
5.4 0.6 5.40824e-06
5.4 0.66 4.65573e-06
5.4 0.72 3.95278e-06
5.4 0.78 3.30985e-06
5.4 0.84 2.73339e-06
5.4 0.9 2.2263e-06
5.4 0.96 1.78837e-06
5.46 0.12 6.69378e-06
5.46 0.18 6.43704e-06
5.46 0.24 6.10504e-06
5.46 0.3 5.71062e-06
5.46 0.36 5.26826e-06
5.46 0.42 4.79336e-06
5.46 0.48 4.30132e-06
5.46 0.54 3.8067e-06
5.46 0.6 3.32269e-06
5.46 0.66 2.86031e-06
5.46 0.72 2.42848e-06
5.46 0.78 2.03348e-06
5.46 0.84 1.67932e-06
5.46 0.9 1.36779e-06
5.52 0.3 3.46023e-06
5.52 0.36 3.19216e-06
5.52 0.42 2.9044e-06
5.52 0.48 2.60623e-06
5.52 0.54 2.30658e-06
5.52 0.6 2.0133e-06
5.52 0.66 1.73315e-06
5.52 0.72 1.47147e-06
5.52 0.78 1.23213e-06
