3804 0.06 0.06 0.475336 -12 -12
-3.18 -0.48 1.06178e-05
-3.18 -0.42 1.28942e-05
-3.18 -0.36 1.54432e-05
-3.18 -0.3 1.8242e-05
-3.18 -0.24 2.12518e-05
-3.18 -0.18 2.4418e-05
-3.18 -0.12 2.76701e-05
-3.18 -0.06 3.09243e-05
-3.18 9.71445e-15 3.40865e-05
-3.18 0.06 3.70551e-05
-3.18 0.12 3.97288e-05
-3.18 0.18 4.20101e-05
-3.12 -0.78 5.30767e-06
-3.12 -0.72 6.90742e-06
-3.12 -0.66 8.86576e-06
-3.12 -0.6 1.12229e-05
-3.12 -0.54 1.40116e-05
-3.12 -0.48 1.72524e-05
-3.12 -0.42 2.09512e-05
-3.12 -0.36 2.5093e-05
-3.12 -0.3 2.96408e-05
-3.12 -0.24 3.45314e-05
-3.12 -0.18 3.96758e-05
-3.12 -0.12 4.49602e-05
-3.12 -0.06 5.02481e-05
-3.12 9.71445e-15 5.53858e-05
-3.12 0.06 6.02092e-05
-3.12 0.12 6.45543e-05
-3.12 0.18 6.826e-05
-3.12 0.24 7.11881e-05
-3.12 0.3 7.32203e-05
-3.12 0.36 7.42751e-05
-3.12 0.42 7.43096e-05
-3.12 0.48 7.33226e-05
-3.06 -0.96 3.55146e-06
-3.06 -0.9 4.81784e-06
-3.06 -0.84 6.44598e-06
-3.06 -0.78 8.50572e-06
-3.06 -0.72 1.10694e-05
-3.06 -0.66 1.42077e-05
-3.06 -0.6 1.79851e-05
-3.06 -0.54 2.24538e-05
-3.06 -0.48 2.76475e-05
-3.06 -0.42 3.3575e-05
-3.06 -0.36 4.02124e-05
-3.06 -0.3 4.74997e-05
-3.06 -0.24 5.53374e-05
-3.06 -0.18 6.35817e-05
-3.06 -0.12 7.205e-05
-3.06 -0.06 8.05236e-05
-3.06 9.71445e-15 8.87559e-05
-3.06 0.06 9.64876e-05
-3.06 0.12 0.00010345
-3.06 0.18 0.000109389
-3.06 0.24 0.000114079
-3.06 0.3 0.000117337
-3.06 0.36 0.000119029
-3.06 0.42 0.000119084
-3.06 0.48 0.000117502
-3.06 0.54 0.000114347
-3.06 0.6 0.000109746
-3.06 0.66 0.000103885
-3 -1.02 4.08078e-06
-3 -0.96 5.61313e-06
-3 -0.9 7.6146e-06
-3 -0.84 1.01877e-05
-3 -0.78 1.34432e-05
-3 -0.72 1.74951e-05
-3 -0.66 2.24551e-05
-3 -0.6 2.8425e-05
-3 -0.54 3.54882e-05
-3 -0.48 4.36972e-05
-3 -0.42 5.30645e-05
-3 -0.36 6.35558e-05
-3 -0.3 7.5074e-05
-3 -0.24 8.74599e-05
-3 -0.18 0.00010049
-3 -0.12 0.000113874
-3 -0.06 0.000127267
-3 9.71445e-15 0.000140281
-3 0.06 0.000152498
-3 0.12 0.000163501
-3 0.18 0.00017289
-3 0.24 0.000180304
-3 0.3 0.00018545
-3 0.36 0.000188123
-3 0.42 0.00018821
-3 0.48 0.00018571
-3 0.54 0.000180724
-3 0.6 0.000173455
-3 0.66 0.000164189
-3 0.72 0.000153283
-3 0.78 0.000141133
-3 0.84 0.000128161
-2.94 -1.08 4.56103e-06
-2.94 -1.02 6.3611e-06
-2.94 -0.96 8.74949e-06
-2.94 -0.9 1.18694e-05
-2.94 -0.84 1.58806e-05
-2.94 -0.78 2.0955e-05
-2.94 -0.72 2.72708e-05
-2.94 -0.66 3.50025e-05
-2.94 -0.6 4.43088e-05
-2.94 -0.54 5.5318e-05
-2.94 -0.48 6.81134e-05
-2.94 -0.42 8.27164e-05
-2.94 -0.36 9.90682e-05
-2.94 -0.3 0.000117022
-2.94 -0.24 0.000136331
-2.94 -0.18 0.000156642
-2.94 -0.12 0.000177504
-2.94 -0.06 0.00019838
-2.94 9.71445e-15 0.000218665
-2.94 0.06 0.000237709
-2.94 0.12 0.000254862
-2.94 0.18 0.000269495
-2.94 0.24 0.000281052
-2.94 0.3 0.000289076
-2.94 0.36 0.000293241
-2.94 0.42 0.000293378
-2.94 0.48 0.00028948
-2.94 0.54 0.000281708
-2.94 0.6 0.000270378
-2.94 0.66 0.000255933
-2.94 0.72 0.000238933
-2.94 0.78 0.000219994
-2.94 0.84 0.000199774
-2.94 0.9 0.000178918
-2.94 0.96 0.000158037
-2.88 -1.14 4.9586e-06
-2.88 -1.08 7.01187e-06
-2.88 -1.02 9.77914e-06
-2.88 -0.96 1.3451e-05
-2.88 -0.9 1.82475e-05
-2.88 -0.84 2.44138e-05
-2.88 -0.78 3.2215e-05
-2.88 -0.72 4.19247e-05
-2.88 -0.66 5.38109e-05
-2.88 -0.6 6.81177e-05
-2.88 -0.54 8.50428e-05
-2.88 -0.48 0.000104714
-2.88 -0.42 0.000127163
-2.88 -0.36 0.000152303
-2.88 -0.3 0.000179904
-2.88 -0.24 0.000209587
-2.88 -0.18 0.000240812
-2.88 -0.12 0.000272886
-2.88 -0.06 0.000304979
-2.88 9.71445e-15 0.000336162
-2.88 0.06 0.000365443
-2.88 0.12 0.00039181
-2.88 0.18 0.000414309
-2.88 0.24 0.000432072
-2.88 0.3 0.00044441
-2.88 0.36 0.000450816
-2.88 0.42 0.000451026
-2.88 0.48 0.000445034
-2.88 0.54 0.000433084
-2.88 0.6 0.00041566
-2.88 0.66 0.000393462
-2.88 0.72 0.000367319
-2.88 0.78 0.00033821
-2.88 0.84 0.000307122
-2.88 0.9 0.000275056
-2.88 0.96 0.000242954
-2.88 1.02 0.000211649
-2.88 1.08 0.000181845
-2.82 -1.2 5.24362e-06
-2.82 -1.14 7.51827e-06
-2.82 -1.08 1.06315e-05
-2.82 -1.02 1.48274e-05
-2.82 -0.96 2.03947e-05
-2.82 -0.9 2.76671e-05
-2.82 -0.84 3.70167e-05
-2.82 -0.78 4.88447e-05
-2.82 -0.72 6.35665e-05
-2.82 -0.66 8.15886e-05
-2.82 -0.6 0.000103281
-2.82 -0.54 0.000128944
-2.82 -0.48 0.000158768
-2.82 -0.42 0.000192808
-2.82 -0.36 0.000230922
-2.82 -0.3 0.000272775
-2.82 -0.24 0.000317782
-2.82 -0.18 0.000365125
-2.82 -0.12 0.000413755
-2.82 -0.06 0.000462417
-2.82 9.71445e-15 0.000509696
-2.82 0.06 0.000554085
-2.82 0.12 0.000594073
-2.82 0.18 0.000628174
-2.82 0.24 0.00065512
-2.82 0.3 0.000673825
-2.82 0.36 0.000683533
-2.82 0.42 0.000683851
-2.82 0.48 0.000674767
-2.82 0.54 0.000656652
-2.82 0.6 0.000630234
-2.82 0.66 0.000596568
-2.82 0.72 0.000556942
-2.82 0.78 0.000512798
-2.82 0.84 0.000465658
-2.82 0.9 0.000417047
-2.82 0.96 0.000368375
-2.82 1.02 0.000320909
-2.82 1.08 0.000275716
-2.82 1.14 0.000233632
-2.82 1.2 0.000195252
-2.76 -1.2 7.84119e-06
-2.76 -1.14 1.12427e-05
-2.76 -1.08 1.5898e-05
-2.76 -1.02 2.21725e-05
-2.76 -0.96 3.04977e-05
-2.76 -0.9 4.13728e-05
-2.76 -0.84 5.53535e-05
-2.76 -0.78 7.30405e-05
-2.76 -0.72 9.50551e-05
-2.76 -0.66 0.000122005
-2.76 -0.6 0.000154443
-2.76 -0.54 0.00019282
-2.76 -0.48 0.000237419
-2.76 -0.42 0.00028832
-2.76 -0.36 0.000345316
-2.76 -0.3 0.000407902
-2.76 -0.24 0.000475202
-2.76 -0.18 0.000545997
-2.76 -0.12 0.000618717
-2.76 -0.06 0.000691486
-2.76 9.71445e-15 0.00076219
-2.76 0.06 0.000828564
-2.76 0.12 0.00088836
-2.76 0.18 0.000939357
-2.76 0.24 0.000979652
-2.76 0.3 0.00100762
-2.76 0.36 0.00102213
-2.76 0.42 0.0010226
-2.76 0.48 0.00100902
-2.76 0.54 0.000981938
-2.76 0.6 0.000942439
-2.76 0.66 0.000892092
-2.76 0.72 0.000832837
-2.76 0.78 0.000766821
-2.76 0.84 0.000696336
-2.76 0.9 0.000623643
-2.76 0.96 0.000550859
-2.76 1.02 0.00047988
-2.76 1.08 0.0004123
-2.76 1.14 0.000349369
-2.76 1.2 0.000291973
-2.76 1.26 0.000240653
-2.7 -1.26 7.95462e-06
-2.7 -1.2 1.15643e-05
-2.7 -1.14 1.6581e-05
-2.7 -1.08 2.34468e-05
-2.7 -1.02 3.27003e-05
-2.7 -0.96 4.49787e-05
-2.7 -0.9 6.10174e-05
-2.7 -0.84 8.16362e-05
-2.7 -0.78 0.000107722
-2.7 -0.72 0.00014019
-2.7 -0.66 0.000179935
-2.7 -0.6 0.000227775
-2.7 -0.54 0.000284374
-2.7 -0.48 0.000350151
-2.7 -0.42 0.000425218
-2.7 -0.36 0.000509279
-2.7 -0.3 0.000601581
-2.7 -0.24 0.000700836
-2.7 -0.18 0.000805243
-2.7 -0.12 0.000912492
-2.7 -0.06 0.00101981
-2.7 9.71445e-15 0.00112409
-2.7 0.06 0.00122199
-2.7 0.12 0.00131017
-2.7 0.18 0.00138539
-2.7 0.24 0.00144481
-2.7 0.3 0.00148604
-2.7 0.36 0.00150746
-2.7 0.42 0.00150817
-2.7 0.48 0.00148813
-2.7 0.54 0.00144817
-2.7 0.6 0.00138992
-2.7 0.66 0.00131568
-2.7 0.72 0.00122828
-2.7 0.78 0.00113093
-2.7 0.84 0.00102697
-2.7 0.9 0.000919758
-2.7 0.96 0.000812414
-2.7 1.02 0.000707734
-2.7 1.08 0.000608066
-2.7 1.14 0.000515258
-2.7 1.2 0.000430608
-2.7 1.26 0.00035492
-2.7 1.32 0.000288515
-2.64 -1.26 1.15704e-05
-2.64 -1.2 1.68209e-05
-2.64 -1.14 2.41178e-05
-2.64 -1.08 3.41044e-05
-2.64 -1.02 4.75642e-05
-2.64 -0.96 6.54233e-05
-2.64 -0.9 8.87526e-05
-2.64 -0.84 0.000118744
-2.64 -0.78 0.000156688
-2.64 -0.72 0.000203914
-2.64 -0.66 0.000261726
-2.64 -0.6 0.000331311
-2.64 -0.54 0.000413634
-2.64 -0.48 0.00050931
-2.64 -0.42 0.000618499
-2.64 -0.36 0.000740773
-2.64 -0.3 0.000875024
-2.64 -0.24 0.0010194
-2.64 -0.18 0.00117126
-2.64 -0.12 0.00132726
-2.64 -0.06 0.00148336
-2.64 9.71445e-15 0.00163504
-2.64 0.06 0.00177745
-2.64 0.12 0.00190569
-2.64 0.18 0.00201512
-2.64 0.24 0.00210153
-2.64 0.3 0.00216152
-2.64 0.36 0.00219268
-2.64 0.42 0.00219371
-2.64 0.48 0.00216456
-2.64 0.54 0.00210643
-2.64 0.6 0.0020217
-2.64 0.66 0.00191373
-2.64 0.72 0.00178658
-2.64 0.78 0.00164499
-2.64 0.84 0.00149379
-2.64 0.9 0.00133783
-2.64 0.96 0.00118169
-2.64 1.02 0.00102943
-2.64 1.08 0.000884464
-2.64 1.14 0.000749468
-2.64 1.2 0.00062634
-2.64 1.26 0.000516249
-2.64 1.32 0.000419659
-2.64 1.38 0.000336454
-2.64 1.44 0.000266035
-2.58 -1.32 1.12604e-05
-2.58 -1.26 1.65983e-05
-2.58 -1.2 2.41304e-05
-2.58 -1.14 3.4598e-05
-2.58 -1.08 4.89249e-05
-2.58 -1.02 6.82333e-05
-2.58 -0.96 9.38539e-05
-2.58 -0.9 0.00012732
-2.58 -0.84 0.000170345
-2.58 -0.78 0.000224777
-2.58 -0.72 0.000292526
-2.58 -0.66 0.000375461
-2.58 -0.6 0.000475283
-2.58 -0.54 0.000593377
-2.58 -0.48 0.000730637
-2.58 -0.42 0.000887268
-2.58 -0.36 0.00106268
-2.58 -0.3 0.00125527
-2.58 -0.24 0.00146237
-2.58 -0.18 0.00168024
-2.58 -0.12 0.00190402
-2.58 -0.06 0.00212795
-2.58 9.71445e-15 0.00234555
-2.58 0.06 0.00254985
-2.58 0.12 0.0027338
-2.58 0.18 0.00289081
-2.58 0.24 0.00301476
-2.58 0.3 0.0031008
-2.58 0.36 0.00314551
-2.58 0.42 0.00314698
-2.58 0.48 0.00310516
-2.58 0.54 0.00302177
-2.58 0.6 0.00290026
-2.58 0.66 0.00274534
-2.58 0.72 0.00256296
-2.58 0.78 0.00235982
-2.58 0.84 0.00214293
-2.58 0.9 0.0019192
-2.58 0.96 0.00169521
-2.58 1.02 0.00147678
-2.58 1.08 0.00126882
-2.58 1.14 0.00107515
-2.58 1.2 0.000898512
-2.58 1.26 0.000740591
-2.58 1.32 0.000602019
-2.58 1.38 0.000482661
-2.58 1.44 0.000381644
-2.58 1.5 0.000297619
-2.52 -1.32 1.59316e-05
-2.52 -1.26 2.34838e-05
-2.52 -1.2 3.41405e-05
-2.52 -1.14 4.89508e-05
-2.52 -1.08 6.92204e-05
-2.52 -1.02 9.65388e-05
-2.52 -0.96 0.000132788
-2.52 -0.9 0.000180137
-2.52 -0.84 0.000241009
-2.52 -0.78 0.00031802
-2.52 -0.72 0.000413872
-2.52 -0.66 0.00053121
-2.52 -0.6 0.000672446
-2.52 -0.54 0.000839538
-2.52 -0.48 0.00103373
-2.52 -0.42 0.00125534
-2.52 -0.36 0.00150351
-2.52 -0.3 0.00177601
-2.52 -0.24 0.00206903
-2.52 -0.18 0.00237727
-2.52 -0.12 0.00269389
-2.52 -0.06 0.00301073
-2.52 9.71445e-15 0.00331859
-2.52 0.06 0.00360759
-2.52 0.12 0.00386792
-2.52 0.18 0.00408999
-2.52 0.24 0.00426542
-2.52 0.3 0.00438716
-2.52 0.36 0.00445035
-2.52 0.42 0.00445242
-2.52 0.48 0.00439328
-2.52 0.54 0.00427536
-2.52 0.6 0.0041034
-2.52 0.66 0.00388417
-2.52 0.72 0.00362619
-2.52 0.78 0.00333874
-2.52 0.84 0.00303187
-2.52 0.9 0.00271536
-2.52 0.96 0.00239845
-2.52 1.02 0.00208941
-2.52 1.08 0.00179516
-2.52 1.14 0.00152115
-2.52 1.2 0.00127125
-2.52 1.26 0.00104781
-2.52 1.32 0.000851762
-2.52 1.38 0.000682882
-2.52 1.44 0.000539961
-2.52 1.5 0.000421083
-2.52 1.56 0.000323863
-2.46 -1.38 1.48742e-05
-2.46 -1.32 2.22309e-05
-2.46 -1.26 3.27693e-05
-2.46 -1.2 4.76393e-05
-2.46 -1.14 6.83046e-05
-2.46 -1.08 9.65895e-05
-2.46 -1.02 0.00013471
-2.46 -0.96 0.000185289
-2.46 -0.9 0.000251361
-2.46 -0.84 0.000336305
-2.46 -0.78 0.000443767
-2.46 -0.72 0.000577518
-2.46 -0.66 0.000741253
-2.46 -0.6 0.000938333
-2.46 -0.54 0.00117148
-2.46 -0.48 0.00144244
-2.46 -0.42 0.0017517
-2.46 -0.36 0.00209798
-2.46 -0.3 0.00247819
-2.46 -0.24 0.0028871
-2.46 -0.18 0.00331723
-2.46 -0.12 0.00375904
-2.46 -0.06 0.00420114
-2.46 9.71445e-15 0.00463066
-2.46 0.06 0.005034
-2.46 0.12 0.00539725
-2.46 0.18 0.00570712
-2.46 0.24 0.00595185
-2.46 0.3 0.00612181
-2.46 0.36 0.00621003
-2.46 0.42 0.00621292
-2.46 0.48 0.00613038
-2.46 0.54 0.00596578
-2.46 0.6 0.0057258
-2.46 0.66 0.00541995
-2.46 0.72 0.0050599
-2.46 0.78 0.00465886
-2.46 0.84 0.00423063
-2.46 0.9 0.00378896
-2.46 0.96 0.00334675
-2.46 1.02 0.00291552
-2.46 1.08 0.00250495
-2.46 1.14 0.0021226
-2.46 1.2 0.00177389
-2.46 1.26 0.0014621
-2.46 1.32 0.00118854
-2.46 1.38 0.000952885
-2.46 1.44 0.000753457
-2.46 1.5 0.000587575
-2.46 1.56 0.000451915
-2.46 1.62 0.000342799
-2.4 -1.38 2.04699e-05
-2.4 -1.32 3.05939e-05
-2.4 -1.26 4.50967e-05
-2.4 -1.2 6.55612e-05
-2.4 -1.14 9.40023e-05
-2.4 -1.08 0.000132928
-2.4 -1.02 0.000185386
-2.4 -0.96 0.000254999
-2.4 -0.9 0.000345924
-2.4 -0.84 0.00046282
-2.4 -0.78 0.000610711
-2.4 -0.72 0.000794782
-2.4 -0.66 0.00102011
-2.4 -0.6 0.00129133
-2.4 -0.54 0.00161219
-2.4 -0.48 0.00198512
-2.4 -0.42 0.00241068
-2.4 -0.36 0.00288727
-2.4 -0.3 0.00341053
-2.4 -0.24 0.00397323
-2.4 -0.18 0.00456517
-2.4 -0.12 0.0051732
-2.4 -0.06 0.00578161
-2.4 9.71445e-15 0.00637279
-2.4 0.06 0.00692782
-2.4 0.12 0.00742772
-2.4 0.18 0.00785419
-2.4 0.24 0.008191
-2.4 0.3 0.00842487
-2.4 0.36 0.00854628
-2.4 0.42 0.00855026
-2.4 0.48 0.00843668
-2.4 0.54 0.00821016
-2.4 0.6 0.00787987
-2.4 0.66 0.00745898
-2.4 0.72 0.00696346
-2.4 0.78 0.00641158
-2.4 0.84 0.0058222
-2.4 0.9 0.00521437
-2.4 0.96 0.0046058
-2.4 1.02 0.00401234
-2.4 1.08 0.0034473
-2.4 1.14 0.00292114
-2.4 1.2 0.00244126
-2.4 1.26 0.00201214
-2.4 1.32 0.00163569
-2.4 1.38 0.00131137
-2.4 1.44 0.0010369
-2.4 1.5 0.000808617
-2.4 1.56 0.000621924
-2.4 1.62 0.000471756
-2.4 1.68 0.000352933
-2.34 -1.44 1.83339e-05
-2.34 -1.38 2.77836e-05
-2.34 -1.32 4.15252e-05
-2.34 -1.26 6.121e-05
-2.34 -1.2 8.89857e-05
-2.34 -1.14 0.000127588
-2.34 -1.08 0.000180421
-2.34 -1.02 0.000251625
-2.34 -0.96 0.000346105
-2.34 -0.9 0.000469519
-2.34 -0.84 0.000628185
-2.34 -0.78 0.000828915
-2.34 -0.72 0.00107875
-2.34 -0.66 0.00138459
-2.34 -0.6 0.00175272
-2.34 -0.54 0.00218821
-2.34 -0.48 0.00269437
-2.34 -0.42 0.003272
-2.34 -0.36 0.00391885
-2.34 -0.3 0.00462909
-2.34 -0.24 0.00539283
-2.34 -0.18 0.00619625
-2.34 -0.12 0.0070215
-2.34 -0.06 0.00784734
-2.34 9.71445e-15 0.00864976
-2.34 0.06 0.00940307
-2.34 0.12 0.0100816
-2.34 0.18 0.0106604
-2.34 0.24 0.0111176
-2.34 0.3 0.0114349
-2.34 0.36 0.0115997
-2.34 0.42 0.0116051
-2.34 0.48 0.0114509
-2.34 0.54 0.0111436
-2.34 0.6 0.0106954
-2.34 0.66 0.0101239
-2.34 0.72 0.00945152
-2.34 0.78 0.00870225
-2.34 0.84 0.00790248
-2.34 0.9 0.00707749
-2.34 0.96 0.00625148
-2.34 1.02 0.00544597
-2.34 1.08 0.00467904
-2.34 1.14 0.00396483
-2.34 1.2 0.00331347
-2.34 1.26 0.00273109
-2.34 1.32 0.00222009
-2.34 1.38 0.00177991
-2.34 1.44 0.00140739
-2.34 1.5 0.00109754
-2.34 1.56 0.00084414
-2.34 1.62 0.00064032
-2.34 1.68 0.000479035
-2.34 1.74 0.000353447
-2.28 -1.44 2.45424e-05
-2.28 -1.38 3.71921e-05
-2.28 -1.32 5.55868e-05
-2.28 -1.26 8.19374e-05
-2.28 -1.2 0.000119119
-2.28 -1.14 0.000170793
-2.28 -1.08 0.000241518
-2.28 -1.02 0.000336832
-2.28 -0.96 0.000463311
-2.28 -0.9 0.000628513
-2.28 -0.84 0.000840909
-2.28 -0.78 0.00110962
-2.28 -0.72 0.00144406
-2.28 -0.66 0.00185347
-2.28 -0.6 0.00234625
-2.28 -0.54 0.0029292
-2.28 -0.48 0.00360679
-2.28 -0.42 0.00438
-2.28 -0.36 0.00524595
-2.28 -0.3 0.00619661
-2.28 -0.24 0.00721898
-2.28 -0.18 0.00829452
-2.28 -0.12 0.00939924
-2.28 -0.06 0.0105046
-2.28 9.71445e-15 0.0115788
-2.28 0.06 0.0125874
-2.28 0.12 0.0134954
-2.28 0.18 0.0142705
-2.28 0.24 0.0148823
-2.28 0.3 0.0153072
-2.28 0.36 0.0155279
-2.28 0.42 0.0155351
-2.28 0.48 0.0153287
-2.28 0.54 0.014917
-2.28 0.6 0.0143171
-2.28 0.66 0.0135524
-2.28 0.72 0.012652
-2.28 0.78 0.0116493
-2.28 0.84 0.0105785
-2.28 0.9 0.00947409
-2.28 0.96 0.00836834
-2.28 1.02 0.00729009
-2.28 1.08 0.0062635
-2.28 1.14 0.00530749
-2.28 1.2 0.00443552
-2.28 1.26 0.00365591
-2.28 1.32 0.00297188
-2.28 1.38 0.00238266
-2.28 1.44 0.00188398
-2.28 1.5 0.00146919
-2.28 1.56 0.00112998
-2.28 1.62 0.000857147
-2.28 1.68 0.000641253
-2.28 1.74 0.000473139
-2.28 1.8 0.000344301
-2.22 -1.44 3.24017e-05
-2.22 -1.38 4.91023e-05
-2.22 -1.32 7.3388e-05
-2.22 -1.26 0.000108177
-2.22 -1.2 0.000157266
-2.22 -1.14 0.000225485
-2.22 -1.08 0.00031886
-2.22 -1.02 0.000444701
-2.22 -0.96 0.000611675
-2.22 -0.9 0.000829785
-2.22 -0.84 0.0011102
-2.22 -0.78 0.00146496
-2.22 -0.72 0.0019065
-2.22 -0.66 0.00244702
-2.22 -0.6 0.00309761
-2.22 -0.54 0.00386725
-2.22 -0.48 0.00476178
-2.22 -0.42 0.00578267
-2.22 -0.36 0.00692584
-2.22 -0.3 0.00818094
-2.22 -0.24 0.00953085
-2.22 -0.18 0.0109508
-2.22 -0.12 0.0124093
-2.22 -0.06 0.0138687
-2.22 9.71445e-15 0.0152866
-2.22 0.06 0.0166182
-2.22 0.12 0.0178173
-2.22 0.18 0.0188403
-2.22 0.24 0.0196481
-2.22 0.3 0.0202092
-2.22 0.36 0.0205005
-2.22 0.42 0.02051
-2.22 0.48 0.0202375
-2.22 0.54 0.0196941
-2.22 0.6 0.0189019
-2.22 0.66 0.0178923
-2.22 0.72 0.0167036
-2.22 0.78 0.0153798
-2.22 0.84 0.013966
-2.22 0.9 0.012508
-2.22 0.96 0.0110482
-2.22 1.02 0.00962466
-2.22 1.08 0.00826927
-2.22 1.14 0.00700709
-2.22 1.2 0.00585595
-2.22 1.26 0.00482666
-2.22 1.32 0.00392359
-2.22 1.38 0.00314564
-2.22 1.44 0.00248729
-2.22 1.5 0.00193969
-2.22 1.56 0.00149185
-2.22 1.62 0.00113164
-2.22 1.68 0.000846602
-2.22 1.74 0.000624653
-2.22 1.8 0.00045456
-2.22 1.86 0.000326232
-2.16 -1.5 2.74578e-05
-2.16 -1.44 4.21897e-05
-2.16 -1.38 6.39357e-05
-2.16 -1.32 9.55578e-05
-2.16 -1.26 0.000140856
-2.16 -1.2 0.000204774
-2.16 -1.14 0.000293603
-2.16 -1.08 0.000415182
-2.16 -1.02 0.00057904
-2.16 -0.96 0.00079645
-2.16 -0.9 0.00108046
-2.16 -0.84 0.00144558
-2.16 -0.78 0.00190749
-2.16 -0.72 0.00248241
-2.16 -0.66 0.00318622
-2.16 -0.6 0.00403335
-2.16 -0.54 0.00503551
-2.16 -0.48 0.00620023
-2.16 -0.42 0.00752954
-2.16 -0.36 0.00901799
-2.16 -0.3 0.0106523
-2.16 -0.24 0.01241
-2.16 -0.18 0.0142589
-2.16 -0.12 0.0161579
-2.16 -0.06 0.0180583
-2.16 9.71445e-15 0.0199046
-2.16 0.06 0.0216382
-2.16 0.12 0.0231997
-2.16 0.18 0.0245316
-2.16 0.24 0.0255836
-2.16 0.3 0.0263141
-2.16 0.36 0.0266933
-2.16 0.42 0.0267057
-2.16 0.48 0.0263509
-2.16 0.54 0.0256434
-2.16 0.6 0.024612
-2.16 0.66 0.0232972
-2.16 0.72 0.0217496
-2.16 0.78 0.0200257
-2.16 0.84 0.0181851
-2.16 0.9 0.0162866
-2.16 0.96 0.0143858
-2.16 1.02 0.0125322
-2.16 1.08 0.0107674
-2.16 1.14 0.00912385
-2.16 1.2 0.00762493
-2.16 1.26 0.00628475
-2.16 1.32 0.00510883
-2.16 1.38 0.00409592
-2.16 1.44 0.00323868
-2.16 1.5 0.00252565
-2.16 1.56 0.00194252
-2.16 1.62 0.0014735
-2.16 1.68 0.00110235
-2.16 1.74 0.000813348
-2.16 1.8 0.000591876
-2.16 1.86 0.000424783
-2.1 -1.5 3.5261e-05
-2.1 -1.44 5.41796e-05
-2.1 -1.38 8.21054e-05
-2.1 -1.32 0.000122714
-2.1 -1.26 0.000180886
-2.1 -1.2 0.000262968
-2.1 -1.14 0.000377041
-2.1 -1.08 0.000533171
-2.1 -1.02 0.000743595
-2.1 -0.96 0.0010228
-2.1 -0.9 0.00138751
-2.1 -0.84 0.00185639
-2.1 -0.78 0.00244958
-2.1 -0.72 0.00318788
-2.1 -0.66 0.00409169
-2.1 -0.6 0.00517957
-2.1 -0.54 0.00646652
-2.1 -0.48 0.00796231
-2.1 -0.42 0.00966932
-2.1 -0.36 0.0115809
-2.1 -0.3 0.0136797
-2.1 -0.24 0.0159367
-2.1 -0.18 0.018311
-2.1 -0.12 0.0207498
-2.1 -0.06 0.0231901
-2.1 9.71445e-15 0.0255614
-2.1 0.06 0.0277877
-2.1 0.12 0.0297926
-2.1 0.18 0.0315034
-2.1 0.24 0.0328543
-2.1 0.3 0.0337921
-2.1 0.36 0.034279
-2.1 0.42 0.034295
-2.1 0.48 0.0338394
-2.1 0.54 0.0329308
-2.1 0.6 0.0316065
-2.1 0.66 0.029918
-2.1 0.72 0.0279307
-2.1 0.78 0.0257167
-2.1 0.84 0.0233532
-2.1 0.9 0.0209151
-2.1 0.96 0.0184741
-2.1 1.02 0.0160937
-2.1 1.08 0.0138273
-2.1 1.14 0.0117168
-2.1 1.2 0.0097918
-2.1 1.26 0.00807082
-2.1 1.32 0.00656068
-2.1 1.38 0.00525994
-2.1 1.44 0.00415909
-2.1 1.5 0.00324341
-2.1 1.56 0.00249457
-2.1 1.62 0.00189225
-2.1 1.68 0.00141563
-2.1 1.74 0.00104449
-2.1 1.8 0.000760081
-2.1 1.86 0.000545501
-2.1 1.92 0.000386124
-2.04 -1.5 4.46594e-05
-2.04 -1.44 6.86209e-05
-2.04 -1.38 0.000103989
-2.04 -1.32 0.000155421
-2.04 -1.26 0.000229098
-2.04 -1.2 0.000333057
-2.04 -1.14 0.00047754
-2.04 -1.08 0.000675282
-2.04 -1.02 0.000941785
-2.04 -0.96 0.00129541
-2.04 -0.9 0.00175733
-2.04 -0.84 0.00235118
-2.04 -0.78 0.00310247
-2.04 -0.72 0.00403756
-2.04 -0.66 0.00518227
-2.04 -0.6 0.00656008
-2.04 -0.54 0.00819012
-2.04 -0.48 0.0100846
-2.04 -0.42 0.0122465
-2.04 -0.36 0.0146676
-2.04 -0.3 0.0173259
-2.04 -0.24 0.0201845
-2.04 -0.18 0.0231915
-2.04 -0.12 0.0262803
-2.04 -0.06 0.0293713
-2.04 9.71445e-15 0.0323746
-2.04 0.06 0.035194
-2.04 0.12 0.0377336
-2.04 0.18 0.0399001
-2.04 0.24 0.0416114
-2.04 0.3 0.042799
-2.04 0.36 0.0434154
-2.04 0.42 0.0434356
-2.04 0.48 0.0428587
-2.04 0.54 0.0417084
-2.04 0.6 0.0400309
-2.04 0.66 0.0378921
-2.04 0.72 0.0353754
-2.04 0.78 0.032571
-2.04 0.84 0.0295776
-2.04 0.9 0.0264898
-2.04 0.96 0.0233982
-2.04 1.02 0.0203833
-2.04 1.08 0.0175128
-2.04 1.14 0.0148396
-2.04 1.2 0.0124018
-2.04 1.26 0.010222
-2.04 1.32 0.0083094
-2.04 1.38 0.00666186
-2.04 1.44 0.00526763
-2.04 1.5 0.0041079
-2.04 1.56 0.00315946
-2.04 1.62 0.0023966
-2.04 1.68 0.00179294
-2.04 1.74 0.00132289
-2.04 1.8 0.000962671
-2.04 1.86 0.000690898
-2.04 1.92 0.00048904
-2.04 1.98 0.000341397
-1.98 -1.5 5.57851e-05
-1.98 -1.44 8.57162e-05
-1.98 -1.38 0.000129897
-1.98 -1.32 0.000194142
-1.98 -1.26 0.000286173
-1.98 -1.2 0.000416034
-1.98 -1.14 0.000596508
-1.98 -1.08 0.000843511
-1.98 -1.02 0.00117642
-1.98 -0.96 0.00161813
-1.98 -0.9 0.00219514
-1.98 -0.84 0.00293694
-1.98 -0.78 0.00387538
-1.98 -0.72 0.00504341
-1.98 -0.66 0.00647331
-1.98 -0.6 0.00819443
-1.98 -0.54 0.0102305
-1.98 -0.48 0.0125968
-1.98 -0.42 0.0152976
-1.98 -0.36 0.0183215
-1.98 -0.3 0.0216422
-1.98 -0.24 0.0252131
-1.98 -0.18 0.0289694
-1.98 -0.12 0.0328277
-1.98 -0.06 0.0366886
-1.98 9.71445e-15 0.0404399
-1.98 0.06 0.0439615
-1.98 0.12 0.0471343
-1.98 0.18 0.0498399
-1.98 0.24 0.0519779
-1.98 0.3 0.0534618
-1.98 0.36 0.054232
-1.98 0.42 0.0542572
-1.98 0.48 0.0535365
-1.98 0.54 0.0520993
-1.98 0.6 0.0500034
-1.98 0.66 0.0473321
-1.98 0.72 0.0441883
-1.98 0.78 0.0406857
-1.98 0.84 0.0369459
-1.98 0.9 0.0330889
-1.98 0.96 0.0292272
-1.98 1.02 0.0254612
-1.98 1.08 0.0218755
-1.98 1.14 0.0185366
-1.98 1.2 0.0154915
-1.98 1.26 0.0127685
-1.98 1.32 0.0103795
-1.98 1.38 0.00832155
-1.98 1.44 0.0065799
-1.98 1.5 0.00513126
-1.98 1.56 0.00394655
-1.98 1.62 0.00299364
-1.98 1.68 0.00223962
-1.98 1.74 0.00165246
-1.98 1.8 0.00120249
-1.98 1.86 0.000863022
-1.98 1.92 0.000610871
-1.98 1.98 0.000426448
-1.92 -1.56 4.41123e-05
-1.92 -1.5 6.87255e-05
-1.92 -1.44 0.000105598
-1.92 -1.38 0.000160026
-1.92 -1.32 0.000239174
-1.92 -1.26 0.000352553
-1.92 -1.2 0.000512534
-1.92 -1.14 0.000734863
-1.92 -1.08 0.00103918
-1.92 -1.02 0.00144929
-1.92 -0.96 0.00199348
-1.92 -0.9 0.00270429
-1.92 -0.84 0.00361819
-1.92 -0.78 0.00477435
-1.92 -0.72 0.00621335
-1.92 -0.66 0.00797492
-1.92 -0.6 0.0100952
-1.92 -0.54 0.0126035
-1.92 -0.48 0.0155189
-1.92 -0.42 0.0188459
-1.92 -0.36 0.0225716
-1.92 -0.3 0.0266621
-1.92 -0.24 0.0310613
-1.92 -0.18 0.0356889
-1.92 -0.12 0.0404422
-1.92 -0.06 0.0451984
-1.92 9.71445e-15 0.0498199
-1.92 0.06 0.0541595
-1.92 0.12 0.058067
-1.92 0.18 0.0614014
-1.92 0.24 0.0640342
-1.92 0.3 0.0658623
-1.92 0.36 0.0668117
-1.92 0.42 0.0668428
-1.92 0.48 0.0659547
-1.92 0.54 0.0641837
-1.92 0.6 0.0616021
-1.92 0.66 0.0583116
-1.92 0.72 0.054438
-1.92 0.78 0.0501232
-1.92 0.84 0.0455159
-1.92 0.9 0.0407642
-1.92 0.96 0.0360067
-1.92 1.02 0.0313672
-1.92 1.08 0.0269499
-1.92 1.14 0.0228363
-1.92 1.2 0.0190847
-1.92 1.26 0.0157303
-1.92 1.32 0.0127871
-1.92 1.38 0.0102518
-1.92 1.44 0.00810619
-1.92 1.5 0.00632153
-1.92 1.56 0.00486201
-1.92 1.62 0.00368807
-1.92 1.68 0.0027591
-1.92 1.74 0.00203576
-1.92 1.8 0.00148143
-1.92 1.86 0.0010632
-1.92 1.92 0.000752571
-1.92 1.98 0.000525368
-1.92 2.04 0.000361715
-1.86 -1.56 5.35978e-05
-1.86 -1.5 8.35025e-05
-1.86 -1.44 0.000128306
-1.86 -1.38 0.000194436
-1.86 -1.32 0.000290601
-1.86 -1.26 0.000428358
-1.86 -1.2 0.000622742
-1.86 -1.14 0.000892892
-1.86 -1.08 0.00126262
-1.86 -1.02 0.00176092
-1.86 -0.96 0.00242213
-1.86 -0.9 0.00328581
-1.86 -0.84 0.00439615
-1.86 -0.78 0.00580089
-1.86 -0.72 0.00754929
-1.86 -0.66 0.00968964
-1.86 -0.6 0.0122658
-1.86 -0.54 0.0153136
-1.86 -0.48 0.0188558
-1.86 -0.42 0.0228981
-1.86 -0.36 0.0274249
-1.86 -0.3 0.0323953
-1.86 -0.24 0.0377401
-1.86 -0.18 0.0433628
-1.86 -0.12 0.0491381
-1.86 -0.06 0.0549172
-1.86 9.71445e-15 0.0605327
-1.86 0.06 0.0658048
-1.86 0.12 0.0705528
-1.86 0.18 0.0746039
-1.86 0.24 0.0778032
-1.86 0.3 0.0800244
-1.86 0.36 0.0811778
-1.86 0.42 0.0812157
-1.86 0.48 0.0801367
-1.86 0.54 0.0779849
-1.86 0.6 0.0748478
-1.86 0.66 0.0708501
-1.86 0.72 0.0661431
-1.86 0.78 0.0609011
-1.86 0.84 0.0553029
-1.86 0.9 0.0495292
-1.86 0.96 0.0437487
-1.86 1.02 0.0381116
-1.86 1.08 0.0327445
-1.86 1.14 0.0277468
-1.86 1.2 0.0231885
-1.86 1.26 0.0191125
-1.86 1.32 0.0155367
-1.86 1.38 0.0124562
-1.86 1.44 0.00984913
-1.86 1.5 0.0076807
-1.86 1.56 0.00590738
-1.86 1.62 0.00448102
-1.86 1.68 0.00335238
-1.86 1.74 0.00247353
-1.86 1.8 0.00179995
-1.86 1.86 0.00129183
-1.86 1.92 0.000914379
-1.86 1.98 0.000638333
-1.86 2.04 0.000439496
-1.8 -1.56 6.42271e-05
-1.8 -1.5 0.000100063
-1.8 -1.44 0.000153751
-1.8 -1.38 0.000232996
-1.8 -1.32 0.000348235
-1.8 -1.26 0.000513313
-1.8 -1.2 0.000746243
-1.8 -1.14 0.00106997
-1.8 -1.08 0.00151303
-1.8 -1.02 0.00211015
-1.8 -0.96 0.00290248
-1.8 -0.9 0.00393745
-1.8 -0.84 0.00526803
-1.8 -0.78 0.00695138
-1.8 -0.72 0.00904653
-1.8 -0.66 0.0116114
-1.8 -0.6 0.0146985
-1.8 -0.54 0.0183507
-1.8 -0.48 0.0225953
-1.8 -0.42 0.0274393
-1.8 -0.36 0.0328639
-1.8 -0.3 0.0388201
-1.8 -0.24 0.045225
-1.8 -0.18 0.0519625
-1.8 -0.12 0.0588832
-1.8 -0.06 0.0658088
-1.8 9.71445e-15 0.072538
-1.8 0.06 0.0788551
-1.8 0.12 0.0845454
-1.8 0.18 0.0893995
-1.8 0.24 0.0932339
-1.8 0.3 0.095895
-1.8 0.36 0.0972762
-1.8 0.42 0.0973215
-1.8 0.48 0.0960287
-1.8 0.54 0.0934513
-1.8 0.6 0.0896927
-1.8 0.66 0.0849003
-1.8 0.72 0.0792617
-1.8 0.78 0.0729781
-1.8 0.84 0.066271
-1.8 0.9 0.0593527
-1.8 0.96 0.0524257
-1.8 1.02 0.0456706
-1.8 1.08 0.039239
-1.8 1.14 0.0332495
-1.8 1.2 0.0277873
-1.8 1.26 0.0229032
-1.8 1.32 0.018618
-1.8 1.38 0.0149265
-1.8 1.44 0.0118026
-1.8 1.5 0.00920411
-1.8 1.56 0.00707906
-1.8 1.62 0.0053698
-1.8 1.68 0.00401724
-1.8 1.74 0.00296405
-1.8 1.8 0.00215695
-1.8 1.86 0.00154801
-1.8 1.92 0.00109574
-1.8 1.98 0.00076493
-1.8 2.04 0.000526653
-1.8 2.1 0.000357618
-1.74 -1.56 7.59072e-05
-1.74 -1.5 0.00011826
-1.74 -1.44 0.00018171
-1.74 -1.38 0.000275368
-1.74 -1.32 0.000411561
-1.74 -1.26 0.000606658
-1.74 -1.2 0.00088195
-1.74 -1.14 0.00126454
-1.74 -1.08 0.00178819
-1.74 -1.02 0.00249388
-1.74 -0.96 0.00343032
-1.74 -0.9 0.00465346
-1.74 -0.84 0.00622603
-1.74 -0.78 0.00821553
-1.74 -0.72 0.0106917
-1.74 -0.66 0.013723
-1.74 -0.6 0.0173714
-1.74 -0.54 0.0216876
-1.74 -0.48 0.0267044
-1.74 -0.42 0.0324292
-1.74 -0.36 0.0388406
-1.74 -0.3 0.0458792
-1.74 -0.24 0.0534488
-1.74 -0.18 0.061412
-1.74 -0.12 0.0695913
-1.74 -0.06 0.0777754
-1.74 9.71445e-15 0.0857284
-1.74 0.06 0.093196
-1.74 0.12 0.0999192
-1.74 0.18 0.105658
-1.74 0.24 0.110187
-1.74 0.3 0.113333
-1.74 0.36 0.114967
-1.74 0.42 0.115021
-1.74 0.48 0.113493
-1.74 0.54 0.110445
-1.74 0.6 0.106003
-1.74 0.66 0.100341
-1.74 0.72 0.0936742
-1.74 0.78 0.0862505
-1.74 0.84 0.0783227
-1.74 0.9 0.0701455
-1.74 0.96 0.0619586
-1.74 1.02 0.0539752
-1.74 1.08 0.0463745
-1.74 1.14 0.0392963
-1.74 1.2 0.0328403
-1.74 1.26 0.0270681
-1.74 1.32 0.0220036
-1.74 1.38 0.017641
-1.74 1.44 0.0139488
-1.74 1.5 0.0108778
-1.74 1.56 0.00836633
-1.74 1.62 0.00634625
-1.74 1.68 0.00474779
-1.74 1.74 0.00350308
-1.74 1.8 0.00254918
-1.74 1.86 0.00182953
-1.74 1.92 0.00129499
-1.74 1.98 0.000904033
-1.74 2.04 0.000622428
-1.74 2.1 0.000422652
-1.74 2.16 0.000283053
-1.68 -1.56 8.8478e-05
-1.68 -1.5 0.000137845
-1.68 -1.44 0.000211802
-1.68 -1.38 0.000320971
-1.68 -1.32 0.000479721
-1.68 -1.26 0.00070713
-1.68 -1.2 0.00102801
-1.68 -1.14 0.00147395
-1.68 -1.08 0.00208431
-1.68 -1.02 0.00290691
-1.68 -0.96 0.00399837
-1.68 -0.9 0.00542412
-1.68 -0.84 0.00725714
-1.68 -0.78 0.00957607
-1.68 -0.72 0.0124623
-1.68 -0.66 0.0159956
-1.68 -0.6 0.0202484
-1.68 -0.54 0.0252794
-1.68 -0.48 0.0311266
-1.68 -0.42 0.0378
-1.68 -0.36 0.0452725
-1.68 -0.3 0.0534771
-1.68 -0.24 0.062301
-1.68 -0.18 0.0715828
-1.68 -0.12 0.0811167
-1.68 -0.06 0.0906566
-1.68 9.71445e-15 0.0999252
-1.68 0.06 0.108629
-1.68 0.12 0.116468
-1.68 0.18 0.123154
-1.68 0.24 0.128435
-1.68 0.3 0.132103
-1.68 0.36 0.134007
-1.68 0.42 0.134069
-1.68 0.48 0.132288
-1.68 0.54 0.128736
-1.68 0.6 0.123557
-1.68 0.66 0.116958
-1.68 0.72 0.109188
-1.68 0.78 0.100534
-1.68 0.84 0.0912929
-1.68 0.9 0.0817621
-1.68 0.96 0.0722197
-1.68 1.02 0.0629142
-1.68 1.08 0.0540544
-1.68 1.14 0.0458036
-1.68 1.2 0.038279
-1.68 1.26 0.0315508
-1.68 1.32 0.0256476
-1.68 1.38 0.0205623
-1.68 1.44 0.0162589
-1.68 1.5 0.0126793
-1.68 1.56 0.00975189
-1.68 1.62 0.00739728
-1.68 1.68 0.00553405
-1.68 1.74 0.00408321
-1.68 1.8 0.00297135
-1.68 1.86 0.0021325
-1.68 1.92 0.00150946
-1.68 1.98 0.00105374
-1.68 2.04 0.000725503
-1.68 2.1 0.000492645
-1.68 2.16 0.000329927
-1.62 -1.56 0.000101713
-1.62 -1.5 0.000158463
-1.62 -1.44 0.000243486
-1.62 -1.38 0.000368985
-1.62 -1.32 0.000551481
-1.62 -1.26 0.000812907
-1.62 -1.2 0.00118179
-1.62 -1.14 0.00169444
-1.62 -1.08 0.00239607
-1.62 -1.02 0.00334174
-1.62 -0.96 0.00459645
-1.62 -0.9 0.00623551
-1.62 -0.84 0.00834268
-1.62 -0.78 0.0110084
-1.62 -0.72 0.0143264
-1.62 -0.66 0.0183881
-1.62 -0.6 0.0232771
-1.62 -0.54 0.0290608
-1.62 -0.48 0.0357827
-1.62 -0.42 0.0434543
-1.62 -0.36 0.0520445
-1.62 -0.3 0.0614767
-1.62 -0.24 0.0716203
-1.62 -0.18 0.0822903
-1.62 -0.12 0.0932503
-1.62 -0.06 0.104217
-1.62 9.71445e-15 0.114873
-1.62 0.06 0.124878
-1.62 0.12 0.133889
-1.62 0.18 0.141577
-1.62 0.24 0.147648
-1.62 0.3 0.151863
-1.62 0.36 0.154051
-1.62 0.42 0.154123
-1.62 0.48 0.152076
-1.62 0.54 0.147993
-1.62 0.6 0.14204
-1.62 0.66 0.134452
-1.62 0.72 0.125521
-1.62 0.78 0.115572
-1.62 0.84 0.104949
-1.62 0.9 0.0939926
-1.62 0.96 0.0830226
-1.62 1.02 0.0723252
-1.62 1.08 0.0621402
-1.62 1.14 0.0526555
-1.62 1.2 0.0440048
-1.62 1.26 0.0362704
-1.62 1.32 0.0294839
-1.62 1.38 0.0236383
-1.62 1.44 0.018691
-1.62 1.5 0.0145759
-1.62 1.56 0.0112106
-1.62 1.62 0.0085038
-1.62 1.68 0.00636188
-1.62 1.74 0.004694
-1.62 1.8 0.00341581
-1.62 1.86 0.00245151
-1.62 1.92 0.00173525
-1.62 1.98 0.00121136
-1.62 2.04 0.000834026
-1.62 2.1 0.000566338
-1.62 2.16 0.000379279
-1.56 -1.56 0.000115321
-1.56 -1.5 0.000179662
-1.56 -1.44 0.00027606
-1.56 -1.38 0.000418348
-1.56 -1.32 0.000625258
-1.56 -1.26 0.000921658
-1.56 -1.2 0.00133989
-1.56 -1.14 0.00192113
-1.56 -1.08 0.00271664
-1.56 -1.02 0.0037888
-1.56 -0.96 0.00521141
-1.56 -0.9 0.00706971
-1.56 -0.84 0.00945876
-1.56 -0.78 0.0124812
-1.56 -0.72 0.016243
-1.56 -0.66 0.0208482
-1.56 -0.6 0.0263911
-1.56 -0.54 0.0329486
-1.56 -0.48 0.04057
-1.56 -0.42 0.0492676
-1.56 -0.36 0.0590075
-1.56 -0.3 0.0697011
-1.56 -0.24 0.0812016
-1.56 -0.18 0.0932989
-1.56 -0.12 0.105725
-1.56 -0.06 0.11816
-1.56 9.71445e-15 0.130241
-1.56 0.06 0.141586
-1.56 0.12 0.151801
-1.56 0.18 0.160518
-1.56 0.24 0.1674
-1.56 0.3 0.172179
-1.56 0.36 0.174661
-1.56 0.42 0.174742
-1.56 0.48 0.17242
-1.56 0.54 0.167791
-1.56 0.6 0.161043
-1.56 0.66 0.15244
-1.56 0.72 0.142313
-1.56 0.78 0.131034
-1.56 0.84 0.11899
-1.56 0.9 0.106567
-1.56 0.96 0.0941296
-1.56 1.02 0.0820011
-1.56 1.08 0.0704536
-1.56 1.14 0.0597
-1.56 1.2 0.0498917
-1.56 1.26 0.0411228
-1.56 1.32 0.0334283
-1.56 1.38 0.0268008
-1.56 1.44 0.0211915
-1.56 1.5 0.0165259
-1.56 1.56 0.0127104
-1.56 1.62 0.00964146
-1.56 1.68 0.007213
-1.56 1.74 0.00532198
-1.56 1.8 0.00387278
-1.56 1.86 0.00277948
-1.56 1.92 0.00196739
-1.56 1.98 0.00137342
-1.56 2.04 0.000945606
-1.56 2.1 0.000642105
-1.56 2.16 0.00043002
-1.56 2.22 0.000284028
-1.5 -1.56 0.000128951
-1.5 -1.5 0.000200899
-1.5 -1.44 0.00030869
-1.5 -1.38 0.000467795
-1.5 -1.32 0.000699161
-1.5 -1.26 0.00103059
-1.5 -1.2 0.00149826
-1.5 -1.14 0.0021482
-1.5 -1.08 0.00303776
-1.5 -1.02 0.00423661
-1.5 -0.96 0.00582742
-1.5 -0.9 0.00790529
-1.5 -0.84 0.0105767
-1.5 -0.78 0.0139565
-1.5 -0.72 0.018163
-1.5 -0.66 0.0233124
-1.5 -0.6 0.0295104
-1.5 -0.54 0.0368429
-1.5 -0.48 0.0453654
-1.5 -0.42 0.0550906
-1.5 -0.36 0.0659823
-1.5 -0.3 0.07794
-1.5 -0.24 0.0907989
-1.5 -0.18 0.104326
-1.5 -0.12 0.118221
-1.5 -0.06 0.132125
-1.5 9.71445e-15 0.145636
-1.5 0.06 0.158321
-1.5 0.12 0.169742
-1.5 0.18 0.179491
-1.5 0.24 0.187187
-1.5 0.3 0.192529
-1.5 0.36 0.195305
-1.5 0.42 0.195396
-1.5 0.48 0.1928
-1.5 0.54 0.187623
-1.5 0.6 0.180078
-1.5 0.66 0.170458
-1.5 0.72 0.159135
-1.5 0.78 0.146521
-1.5 0.84 0.133055
-1.5 0.9 0.119164
-1.5 0.96 0.105256
-1.5 1.02 0.0916937
-1.5 1.08 0.0787812
-1.5 1.14 0.0667563
-1.5 1.2 0.0557889
-1.5 1.26 0.0459834
-1.5 1.32 0.0373796
-1.5 1.38 0.0299685
-1.5 1.44 0.0236963
-1.5 1.5 0.0184793
-1.5 1.56 0.0142127
-1.5 1.62 0.0107811
-1.5 1.68 0.00806555
-1.5 1.74 0.00595101
-1.5 1.8 0.00433054
-1.5 1.86 0.00310799
-1.5 1.92 0.00219994
-1.5 1.98 0.00153577
-1.5 2.04 0.00105738
-1.5 2.1 0.000718002
-1.5 2.16 0.00048085
-1.5 2.22 0.000317602
-1.44 -1.56 0.000142211
-1.44 -1.5 0.000221557
-1.44 -1.44 0.000340434
-1.44 -1.38 0.000515898
-1.44 -1.32 0.000771051
-1.44 -1.26 0.00113656
-1.44 -1.2 0.00165232
-1.44 -1.14 0.00236911
-1.44 -1.08 0.00335012
-1.44 -1.02 0.00467225
-1.44 -0.96 0.00642663
-1.44 -0.9 0.00871824
-1.44 -0.84 0.0116643
-1.44 -0.78 0.0153915
-1.44 -0.72 0.0200306
-1.44 -0.66 0.0257094
-1.44 -0.6 0.0325448
-1.44 -0.54 0.0406317
-1.44 -0.48 0.0500302
-1.44 -0.42 0.0607557
-1.44 -0.36 0.0727668
-1.44 -0.3 0.0859549
-1.44 -0.24 0.100136
-1.44 -0.18 0.115054
-1.44 -0.12 0.130378
-1.44 -0.06 0.145713
-1.44 9.71445e-15 0.160612
-1.44 0.06 0.1746
-1.44 0.12 0.187198
-1.44 0.18 0.197947
-1.44 0.24 0.206437
-1.44 0.3 0.212328
-1.44 0.36 0.215387
-1.44 0.42 0.215488
-1.44 0.48 0.212625
-1.44 0.54 0.206918
-1.44 0.6 0.198595
-1.44 0.66 0.187985
-1.44 0.72 0.175499
-1.44 0.78 0.161588
-1.44 0.84 0.146736
-1.44 0.9 0.131417
-1.44 0.96 0.116079
-1.44 1.02 0.101123
-1.44 1.08 0.0868819
-1.44 1.14 0.0736203
-1.44 1.2 0.0615258
-1.44 1.26 0.0507116
-1.44 1.32 0.0412234
-1.44 1.38 0.03305
-1.44 1.44 0.0261329
-1.44 1.5 0.0203795
-1.44 1.56 0.0156742
-1.44 1.62 0.0118896
-1.44 1.68 0.00889485
-1.44 1.74 0.00656299
-1.44 1.8 0.00477584
-1.44 1.86 0.0034276
-1.44 1.92 0.00242614
-1.44 1.98 0.00169368
-1.44 2.04 0.00116611
-1.44 2.1 0.000791837
-1.44 2.16 0.000530297
-1.44 2.22 0.00035026
-1.38 -1.56 0.000154679
-1.38 -1.5 0.00024098
-1.38 -1.44 0.000370277
-1.38 -1.38 0.000561128
-1.38 -1.32 0.000838656
-1.38 -1.26 0.00123622
-1.38 -1.2 0.00179719
-1.38 -1.14 0.0025768
-1.38 -1.08 0.00364379
-1.38 -1.02 0.00508191
-1.38 -0.96 0.00698996
-1.38 -0.9 0.00948257
-1.38 -0.84 0.012687
-1.38 -0.78 0.0167409
-1.38 -0.72 0.0217866
-1.38 -0.66 0.0279635
-1.38 -0.6 0.0353984
-1.38 -0.54 0.0441939
-1.38 -0.48 0.0544158
-1.38 -0.42 0.0660826
-1.38 -0.36 0.0791457
-1.38 -0.3 0.09349
-1.38 -0.24 0.108916
-1.38 -0.18 0.125142
-1.38 -0.12 0.141809
-1.38 -0.06 0.158487
-1.38 9.71445e-15 0.174692
-1.38 0.06 0.189906
-1.38 0.12 0.203611
-1.38 0.18 0.2153
-1.38 0.24 0.224533
-1.38 0.3 0.230944
-1.38 0.36 0.234272
-1.38 0.42 0.234381
-1.38 0.48 0.231267
-1.38 0.54 0.225058
-1.38 0.6 0.216005
-1.38 0.66 0.204466
-1.38 0.72 0.190884
-1.38 0.78 0.175754
-1.38 0.84 0.1596
-1.38 0.9 0.142938
-1.38 0.96 0.126255
-1.38 1.02 0.109987
-1.38 1.08 0.0944987
-1.38 1.14 0.080075
-1.38 1.2 0.0669198
-1.38 1.26 0.0551576
-1.38 1.32 0.0448374
-1.38 1.38 0.0359476
-1.38 1.44 0.028424
-1.38 1.5 0.0221661
-1.38 1.56 0.0170484
-1.38 1.62 0.012932
-1.38 1.68 0.00967474
-1.38 1.74 0.00713833
-1.38 1.8 0.00519454
-1.38 1.86 0.00372809
-1.38 1.92 0.00263885
-1.38 1.98 0.00184216
-1.38 2.04 0.00126833
-1.38 2.1 0.000861251
-1.38 2.16 0.000576783
-1.38 2.22 0.000380963
-1.38 2.28 0.000248171
-1.32 -1.56 0.000165925
-1.32 -1.5 0.000258507
-1.32 -1.44 0.000397203
-1.32 -1.38 0.000601925
-1.32 -1.32 0.000899633
-1.32 -1.26 0.0013261
-1.32 -1.2 0.00192786
-1.32 -1.14 0.00276416
-1.32 -1.08 0.00390882
-1.32 -1.02 0.00545139
-1.32 -0.96 0.00749837
-1.32 -0.9 0.010172
-1.32 -0.84 0.0136095
-1.32 -0.78 0.0179584
-1.32 -0.72 0.0233711
-1.32 -0.66 0.0299971
-1.32 -0.6 0.0379723
-1.32 -0.54 0.0474074
-1.32 -0.48 0.0583734
-1.32 -0.42 0.0708875
-1.32 -0.36 0.0849018
-1.32 -0.3 0.100288
-1.32 -0.24 0.116835
-1.32 -0.18 0.134241
-1.32 -0.12 0.152121
-1.32 -0.06 0.170012
-1.32 9.71445e-15 0.187395
-1.32 0.06 0.203717
-1.32 0.12 0.218417
-1.32 0.18 0.230957
-1.32 0.24 0.240862
-1.32 0.3 0.247738
-1.32 0.36 0.251307
-1.32 0.42 0.251424
-1.32 0.48 0.248084
-1.32 0.54 0.241425
-1.32 0.6 0.231713
-1.32 0.66 0.219334
-1.32 0.72 0.204766
-1.32 0.78 0.188535
-1.32 0.84 0.171205
-1.32 0.9 0.153332
-1.32 0.96 0.135437
-1.32 1.02 0.117986
-1.32 1.08 0.10137
-1.32 1.14 0.0858971
-1.32 1.2 0.0717866
-1.32 1.26 0.0591684
-1.32 1.32 0.0480983
-1.32 1.38 0.0385612
-1.32 1.44 0.0304909
-1.32 1.5 0.0237781
-1.32 1.56 0.0182882
-1.32 1.62 0.0138724
-1.32 1.68 0.0103781
-1.32 1.74 0.00765744
-1.32 1.8 0.00557231
-1.32 1.86 0.00399917
-1.32 1.92 0.00283074
-1.32 1.98 0.00197615
-1.32 2.04 0.00136058
-1.32 2.1 0.000923883
-1.32 2.16 0.00061873
-1.32 2.22 0.000408673
-1.32 2.28 0.000266217
-1.26 -1.56 0.000175546
-1.26 -1.5 0.000273492
-1.26 -1.44 0.000420231
-1.26 -1.38 0.000636828
-1.26 -1.32 0.000951794
-1.26 -1.26 0.00140299
-1.26 -1.2 0.00203964
-1.26 -1.14 0.00292443
-1.26 -1.08 0.00413541
-1.26 -1.02 0.00576747
-1.26 -0.96 0.00793306
-1.26 -0.9 0.0107618
-1.26 -0.84 0.0143985
-1.26 -0.78 0.0189995
-1.26 -0.72 0.024726
-1.26 -0.66 0.0317361
-1.26 -0.6 0.0401737
-1.26 -0.54 0.0501558
-1.26 -0.48 0.0617575
-1.26 -0.42 0.074997
-1.26 -0.36 0.089824
-1.26 -0.3 0.106102
-1.26 -0.24 0.123608
-1.26 -0.18 0.142024
-1.26 -0.12 0.160939
-1.26 -0.06 0.179867
-1.26 9.71445e-15 0.198259
-1.26 0.06 0.215528
-1.26 0.12 0.231077
-1.26 0.18 0.244348
-1.26 0.24 0.254823
-1.26 0.3 0.262099
-1.26 0.36 0.265877
-1.26 0.42 0.266002
-1.26 0.48 0.262467
-1.26 0.54 0.255418
-1.26 0.6 0.245146
-1.26 0.66 0.232052
-1.26 0.72 0.216634
-1.26 0.78 0.199466
-1.26 0.84 0.181132
-1.26 0.9 0.162221
-1.26 0.96 0.143288
-1.26 1.02 0.124825
-1.26 1.08 0.107247
-1.26 1.14 0.0908781
-1.26 1.2 0.0759477
-1.26 1.26 0.0625988
-1.26 1.32 0.0508863
-1.26 1.38 0.0407973
-1.26 1.44 0.0322586
-1.26 1.5 0.0251564
-1.26 1.56 0.0193482
-1.26 1.62 0.0146766
-1.26 1.68 0.0109799
-1.26 1.74 0.00810138
-1.26 1.8 0.0058953
-1.26 1.86 0.00423105
-1.26 1.92 0.00299484
-1.26 1.98 0.00209069
-1.26 2.04 0.00143945
-1.26 2.1 0.000977444
-1.26 2.16 0.000654598
-1.26 2.22 0.000432362
-1.26 2.28 0.000281649
-1.2 -1.56 0.00018317
-1.2 -1.5 0.00028537
-1.2 -1.44 0.000438481
-1.2 -1.38 0.000664486
-1.2 -1.32 0.000993134
-1.2 -1.26 0.00146392
-1.2 -1.2 0.00212823
-1.2 -1.14 0.00305144
-1.2 -1.08 0.004315
-1.2 -1.02 0.00601798
-1.2 -0.96 0.00827757
-1.2 -0.9 0.0112292
-1.2 -0.84 0.0150239
-1.2 -0.78 0.0198246
-1.2 -0.72 0.0257997
-1.2 -0.66 0.0331143
-1.2 -0.6 0.0419187
-1.2 -0.54 0.0523344
-1.2 -0.48 0.0644391
-1.2 -0.42 0.078255
-1.2 -0.36 0.093724
-1.2 -0.3 0.110711
-1.2 -0.24 0.128978
-1.2 -0.18 0.148193
-1.2 -0.12 0.167931
-1.2 -0.06 0.187681
-1.2 9.71445e-15 0.20687
-1.2 0.06 0.224886
-1.2 0.12 0.241116
-1.2 0.18 0.254957
-1.2 0.24 0.265893
-1.2 0.3 0.273485
-1.2 0.36 0.277425
-1.2 0.42 0.277554
-1.2 0.48 0.273867
-1.2 0.54 0.266515
-1.2 0.6 0.255793
-1.2 0.66 0.242129
-1.2 0.72 0.226046
-1.2 0.78 0.208129
-1.2 0.84 0.188997
-1.2 0.9 0.169267
-1.2 0.96 0.149512
-1.2 1.02 0.130247
-1.2 1.08 0.111905
-1.2 1.14 0.0948241
-1.2 1.2 0.0792469
-1.2 1.26 0.0653172
-1.2 1.32 0.0530968
-1.2 1.38 0.0425689
-1.2 1.44 0.0336595
-1.2 1.5 0.026249
-1.2 1.56 0.0201886
-1.2 1.62 0.015314
-1.2 1.68 0.0114568
-1.2 1.74 0.00845322
-1.2 1.8 0.00615136
-1.2 1.86 0.00441479
-1.2 1.92 0.00312492
-1.2 1.98 0.0021815
-1.2 2.04 0.00150197
-1.2 2.1 0.00101989
-1.2 2.16 0.000683028
-1.2 2.22 0.000451141
-1.2 2.28 0.000293882
-1.2 2.34 0.00018881
-1.14 -1.56 0.000188498
-1.14 -1.5 0.000293671
-1.14 -1.44 0.00045124
-1.14 -1.38 0.000683815
-1.14 -1.32 0.00102202
-1.14 -1.26 0.0015065
-1.14 -1.2 0.00219013
-1.14 -1.14 0.00314022
-1.14 -1.08 0.00444054
-1.14 -1.02 0.006193
-1.14 -0.96 0.00851841
-1.14 -0.9 0.0115559
-1.14 -0.84 0.0154608
-1.14 -0.78 0.0204012
-1.14 -0.72 0.0265502
-1.14 -0.66 0.0340775
-1.14 -0.6 0.0431376
-1.14 -0.54 0.0538567
-1.14 -0.48 0.0663143
-1.14 -0.42 0.0805306
-1.14 -0.36 0.0964514
-1.14 -0.3 0.113932
-1.14 -0.24 0.132729
-1.14 -0.18 0.152502
-1.14 -0.12 0.172814
-1.14 -0.06 0.19314
-1.14 9.71445e-15 0.212889
-1.14 0.06 0.231429
-1.14 0.12 0.248128
-1.14 0.18 0.262375
-1.14 0.24 0.273628
-1.14 0.3 0.281437
-1.14 0.36 0.285493
-1.14 0.42 0.285627
-1.14 0.48 0.281832
-1.14 0.54 0.274265
-1.14 0.6 0.263235
-1.14 0.66 0.249172
-1.14 0.72 0.232621
-1.14 0.78 0.214183
-1.14 0.84 0.194496
-1.14 0.9 0.174191
-1.14 0.96 0.153861
-1.14 1.02 0.134036
-1.14 1.08 0.11516
-1.14 1.14 0.0975828
-1.14 1.2 0.0815517
-1.14 1.26 0.0672174
-1.14 1.32 0.0546411
-1.14 1.38 0.0438073
-1.14 1.44 0.0346387
-1.14 1.5 0.0270126
-1.14 1.56 0.0207759
-1.14 1.62 0.0157595
-1.14 1.68 0.01179
-1.14 1.74 0.00869916
-1.14 1.8 0.00633029
-1.14 1.86 0.00454324
-1.14 1.92 0.0032158
-1.14 1.98 0.00224496
-1.14 2.04 0.00154567
-1.14 2.1 0.00104957
-1.14 2.16 0.000702902
-1.14 2.22 0.000464265
-1.14 2.28 0.000302429
-1.14 2.34 0.000194303
-1.08 -1.56 0.000191314
-1.08 -1.5 0.000298061
-1.08 -1.44 0.000457982
-1.08 -1.38 0.000694027
-1.08 -1.32 0.00103728
-1.08 -1.26 0.001529
-1.08 -1.2 0.00222284
-1.08 -1.14 0.00318713
-1.08 -1.08 0.00450692
-1.08 -1.02 0.00628551
-1.08 -0.96 0.00864573
-1.08 -0.9 0.0117285
-1.08 -0.84 0.0156919
-1.08 -0.78 0.0207062
-1.08 -0.72 0.0269472
-1.08 -0.66 0.034587
-1.08 -0.6 0.0437824
-1.08 -0.54 0.0546611
-1.08 -0.48 0.0673054
-1.08 -0.42 0.0817341
-1.08 -0.36 0.097893
-1.08 -0.3 0.115634
-1.08 -0.24 0.134712
-1.08 -0.18 0.154782
-1.08 -0.12 0.175397
-1.08 -0.06 0.196025
-1.08 9.71445e-15 0.216069
-1.08 0.06 0.234888
-1.08 0.12 0.251837
-1.08 0.18 0.266297
-1.08 0.24 0.277715
-1.08 0.3 0.285645
-1.08 0.36 0.28976
-1.08 0.42 0.289895
-1.08 0.48 0.286045
-1.08 0.54 0.278365
-1.08 0.6 0.267167
-1.08 0.66 0.252895
-1.08 0.72 0.236097
-1.08 0.78 0.217384
-1.08 0.84 0.197402
-1.08 0.9 0.176793
-1.08 0.96 0.15616
-1.08 1.02 0.136039
-1.08 1.08 0.116881
-1.08 1.14 0.0990405
-1.08 1.2 0.0827708
-1.08 1.26 0.0682215
-1.08 1.32 0.055458
-1.08 1.38 0.0444617
-1.08 1.44 0.0351561
-1.08 1.5 0.0274163
-1.08 1.56 0.0210864
-1.08 1.62 0.015995
-1.08 1.68 0.0119661
-1.08 1.74 0.00882915
-1.08 1.8 0.00642492
-1.08 1.86 0.00461112
-1.08 1.92 0.00326386
-1.08 1.98 0.00227852
-1.08 2.04 0.00156877
-1.08 2.1 0.00106525
-1.08 2.16 0.000713406
-1.08 2.22 0.000471205
-1.08 2.28 0.000306951
-1.08 2.34 0.000197205
-1.02 -1.56 0.000191504
-1.02 -1.5 0.000298357
-1.02 -1.44 0.000458435
-1.02 -1.38 0.000694719
-1.02 -1.32 0.00103832
-1.02 -1.26 0.00153053
-1.02 -1.2 0.00222506
-1.02 -1.14 0.00319028
-1.02 -1.08 0.00451138
-1.02 -1.02 0.00629179
-1.02 -0.96 0.00865429
-1.02 -0.9 0.0117402
-1.02 -0.84 0.0157075
-1.02 -0.78 0.0207268
-1.02 -0.72 0.0269739
-1.02 -0.66 0.0346213
-1.02 -0.6 0.043826
-1.02 -0.54 0.0547157
-1.02 -0.48 0.0673719
-1.02 -0.42 0.0818156
-1.02 -0.36 0.0979898
-1.02 -0.3 0.115749
-1.02 -0.24 0.134847
-1.02 -0.18 0.154936
-1.02 -0.12 0.175572
-1.02 -0.06 0.196221
-1.02 9.71445e-15 0.216284
-1.02 0.06 0.235121
-1.02 0.12 0.252088
-1.02 0.18 0.26656
-1.02 0.24 0.277993
-1.02 0.3 0.285929
-1.02 0.36 0.290048
-1.02 0.42 0.290183
-1.02 0.48 0.286329
-1.02 0.54 0.278642
-1.02 0.6 0.267433
-1.02 0.66 0.253146
-1.02 0.72 0.236332
-1.02 0.78 0.217599
-1.02 0.84 0.197597
-1.02 0.9 0.17697
-1.02 0.96 0.156316
-1.02 1.02 0.136174
-1.02 1.08 0.116997
-1.02 1.14 0.0991385
-1.02 1.2 0.082853
-1.02 1.26 0.0682894
-1.02 1.32 0.055513
-1.02 1.38 0.0445057
-1.02 1.44 0.0351912
-1.02 1.5 0.0274436
-1.02 1.56 0.0211074
-1.02 1.62 0.0160109
-1.02 1.68 0.011978
-1.02 1.74 0.00883789
-1.02 1.8 0.00643131
-1.02 1.86 0.00461568
-1.02 1.92 0.00326711
-1.02 1.98 0.00228078
-1.02 2.04 0.00157032
-1.02 2.1 0.00106631
-1.02 2.16 0.000714112
-1.02 2.22 0.000471672
-1.02 2.28 0.000307256
-1.02 2.34 0.000197401
-0.96 -1.56 0.00018906
-0.96 -1.5 0.000294547
-0.96 -1.44 0.000452581
-0.96 -1.38 0.000685853
-0.96 -1.32 0.00102507
-0.96 -1.26 0.001511
-0.96 -1.2 0.00219666
-0.96 -1.14 0.00314956
-0.96 -1.08 0.00445377
-0.96 -1.02 0.00621149
-0.96 -0.96 0.00854377
-0.96 -0.9 0.0115903
-0.96 -0.84 0.015507
-0.96 -0.78 0.020462
-0.96 -0.72 0.0266294
-0.96 -0.66 0.0341791
-0.96 -0.6 0.0432667
-0.96 -0.54 0.0540173
-0.96 -0.48 0.0665115
-0.96 -0.42 0.0807713
-0.96 -0.36 0.0967383
-0.96 -0.3 0.114271
-0.96 -0.24 0.133126
-0.96 -0.18 0.152959
-0.96 -0.12 0.173331
-0.96 -0.06 0.193716
-0.96 9.71445e-15 0.213523
-0.96 0.06 0.232118
-0.96 0.12 0.24887
-0.96 0.18 0.263155
-0.96 0.24 0.274444
-0.96 0.3 0.282279
-0.96 0.36 0.286346
-0.96 0.42 0.286479
-0.96 0.48 0.282674
-0.96 0.54 0.275085
-0.96 0.6 0.264019
-0.96 0.66 0.249915
-0.96 0.72 0.233315
-0.96 0.78 0.214822
-0.96 0.84 0.195074
-0.96 0.9 0.17471
-0.96 0.96 0.15432
-0.96 1.02 0.134436
-0.96 1.08 0.115503
-0.96 1.14 0.0978731
-0.96 1.2 0.0817953
-0.96 1.26 0.0674175
-0.96 1.32 0.0548043
-0.96 1.38 0.0439377
-0.96 1.44 0.0347418
-0.96 1.5 0.0270932
-0.96 1.56 0.0208379
-0.96 1.62 0.0158065
-0.96 1.68 0.0118251
-0.96 1.74 0.00872506
-0.96 1.8 0.00634919
-0.96 1.86 0.00455675
-0.96 1.92 0.0032254
-0.96 1.98 0.00225166
-0.96 2.04 0.00155027
-0.96 2.1 0.00105269
-0.96 2.16 0.000704994
-0.96 2.22 0.000465649
-0.96 2.28 0.000303332
-0.96 2.34 0.000194882
-0.9 -1.56 0.000184081
-0.9 -1.5 0.000286789
-0.9 -1.44 0.000440661
-0.9 -1.38 0.000667791
-0.9 -1.32 0.000998075
-0.9 -1.26 0.00147121
-0.9 -1.2 0.00213881
-0.9 -1.14 0.00306661
-0.9 -1.08 0.00433646
-0.9 -1.02 0.00604792
-0.9 -0.96 0.00831871
-0.9 -0.9 0.0112851
-0.9 -0.84 0.0150987
-0.9 -0.78 0.0199233
-0.9 -0.72 0.0259282
-0.9 -0.66 0.0332792
-0.9 -0.6 0.0421273
-0.9 -0.54 0.0525946
-0.9 -0.48 0.0647596
-0.9 -0.42 0.0786442
-0.9 -0.36 0.0941907
-0.9 -0.3 0.111261
-0.9 -0.24 0.129619
-0.9 -0.18 0.14893
-0.9 -0.12 0.168766
-0.9 -0.06 0.188614
-0.9 9.71445e-15 0.207898
-0.9 0.06 0.226006
-0.9 0.12 0.242315
-0.9 0.18 0.256226
-0.9 0.24 0.267214
-0.9 0.3 0.274845
-0.9 0.36 0.278805
-0.9 0.42 0.278935
-0.9 0.48 0.27523
-0.9 0.54 0.26784
-0.9 0.6 0.257064
-0.9 0.66 0.243334
-0.9 0.72 0.227169
-0.9 0.78 0.209164
-0.9 0.84 0.189938
-0.9 0.9 0.170108
-0.9 0.96 0.150255
-0.9 1.02 0.130895
-0.9 1.08 0.112462
-0.9 1.14 0.0952958
-0.9 1.2 0.0796409
-0.9 1.26 0.0656423
-0.9 1.32 0.0533608
-0.9 1.38 0.0427806
-0.9 1.44 0.0338271
-0.9 1.5 0.0263796
-0.9 1.56 0.0202891
-0.9 1.62 0.0153902
-0.9 1.68 0.0115138
-0.9 1.74 0.00849526
-0.9 1.8 0.00618197
-0.9 1.86 0.00443674
-0.9 1.92 0.00314047
-0.9 1.98 0.00219234
-0.9 2.04 0.00150944
-0.9 2.1 0.00102497
-0.9 2.16 0.000686425
-0.9 2.22 0.000453383
-0.9 2.28 0.000295345
-0.9 2.34 0.000189749
-0.84 -1.5 0.0002754
-0.84 -1.44 0.000423159
-0.84 -1.38 0.00064126
-0.84 -1.32 0.000958426
-0.84 -1.26 0.00141276
-0.84 -1.2 0.00205384
-0.84 -1.14 0.00294479
-0.84 -1.08 0.00416426
-0.84 -1.02 0.00580766
-0.84 -0.96 0.00798838
-0.84 -0.9 0.0108367
-0.84 -0.84 0.014499
-0.84 -0.78 0.019132
-0.84 -0.72 0.0248984
-0.84 -0.66 0.0319575
-0.84 -0.6 0.0404539
-0.84 -0.54 0.0505051
-0.84 -0.48 0.062188
-0.84 -0.42 0.0755199
-0.84 -0.36 0.0904502
-0.84 -0.3 0.106842
-0.84 -0.24 0.12447
-0.84 -0.18 0.143014
-0.84 -0.12 0.162061
-0.84 -0.06 0.181121
-0.84 9.71445e-15 0.199641
-0.84 0.06 0.21703
-0.84 0.12 0.232689
-0.84 0.18 0.24605
-0.84 0.24 0.256601
-0.84 0.3 0.263926
-0.84 0.36 0.26773
-0.84 0.42 0.267855
-0.84 0.48 0.264296
-0.84 0.54 0.2572
-0.84 0.6 0.246855
-0.84 0.66 0.233669
-0.84 0.72 0.218147
-0.84 0.78 0.200856
-0.84 0.84 0.182393
-0.84 0.9 0.163352
-0.84 0.96 0.144288
-0.84 1.02 0.125696
-0.84 1.08 0.107995
-0.84 1.14 0.0915108
-0.84 1.2 0.0764774
-0.84 1.26 0.063035
-0.84 1.32 0.0512413
-0.84 1.38 0.0410813
-0.84 1.44 0.0324834
-0.84 1.5 0.0253319
-0.84 1.56 0.0194833
-0.84 1.62 0.014779
-0.84 1.68 0.0110564
-0.84 1.74 0.00815781
-0.84 1.8 0.00593646
-0.84 1.86 0.0042605
-0.84 1.92 0.00301573
-0.84 1.98 0.00210528
-0.84 2.04 0.00144949
-0.84 2.1 0.000984255
-0.84 2.16 0.000659162
-0.84 2.22 0.000435379
-0.84 2.28 0.000283615
-0.84 2.34 0.00018221
-0.78 -1.5 0.000260824
-0.78 -1.44 0.000400769
-0.78 -1.38 0.00060733
-0.78 -1.32 0.000907703
-0.78 -1.26 0.00133799
-0.78 -1.2 0.00194516
-0.78 -1.14 0.00278899
-0.78 -1.08 0.00394387
-0.78 -1.02 0.0055003
-0.78 -0.96 0.00756563
-0.78 -0.9 0.0102634
-0.78 -0.84 0.0137316
-0.78 -0.78 0.0181194
-0.78 -0.72 0.0235806
-0.78 -0.66 0.0302661
-0.78 -0.6 0.038313
-0.78 -0.54 0.0478327
-0.78 -0.48 0.0588969
-0.78 -0.42 0.0715235
-0.78 -0.36 0.0856631
-0.78 -0.3 0.101188
-0.78 -0.24 0.117883
-0.78 -0.18 0.135446
-0.78 -0.12 0.153486
-0.78 -0.06 0.171537
-0.78 9.71445e-15 0.189076
-0.78 0.06 0.205544
-0.78 0.12 0.220375
-0.78 0.18 0.233029
-0.78 0.24 0.243021
-0.78 0.3 0.24996
-0.78 0.36 0.253563
-0.78 0.42 0.253681
-0.78 0.48 0.250311
-0.78 0.54 0.24359
-0.78 0.6 0.23379
-0.78 0.66 0.221304
-0.78 0.72 0.206601
-0.78 0.78 0.190228
-0.78 0.84 0.172741
-0.78 0.9 0.154707
-0.78 0.96 0.136651
-0.78 1.02 0.119043
-0.78 1.08 0.102279
-0.78 1.14 0.0866685
-0.78 1.2 0.0724306
-0.78 1.26 0.0596988
-0.78 1.32 0.0485298
-0.78 1.38 0.0389076
-0.78 1.44 0.0307642
-0.78 1.5 0.0239911
-0.78 1.56 0.018452
-0.78 1.62 0.0139967
-0.78 1.68 0.0104713
-0.78 1.74 0.00772618
-0.78 1.8 0.00562224
-0.78 1.86 0.00403509
-0.78 1.92 0.0028561
-0.78 1.98 0.00199386
-0.78 2.04 0.00137279
-0.78 2.1 0.000932176
-0.78 2.16 0.000624283
-0.78 2.22 0.000412338
-0.78 2.28 0.000268603
-0.78 2.34 0.00017257
-0.72 -1.5 0.000243626
-0.72 -1.44 0.000374341
-0.72 -1.38 0.000567284
-0.72 -1.32 0.000847857
-0.72 -1.26 0.00124978
-0.72 -1.2 0.0018169
-0.72 -1.14 0.00260508
-0.72 -1.08 0.00368381
-0.72 -1.02 0.00513765
-0.72 -0.96 0.00706676
-0.72 -0.9 0.00958658
-0.72 -0.84 0.0128262
-0.72 -0.78 0.0169246
-0.72 -0.72 0.0220258
-0.72 -0.66 0.0282704
-0.72 -0.6 0.0357867
-0.72 -0.54 0.0446787
-0.72 -0.48 0.0550136
-0.72 -0.42 0.0668073
-0.72 -0.36 0.080015
-0.72 -0.3 0.0945163
-0.72 -0.24 0.11011
-0.72 -0.18 0.126514
-0.72 -0.12 0.143364
-0.72 -0.06 0.160226
-0.72 9.71445e-15 0.17661
-0.72 0.06 0.191992
-0.72 0.12 0.205844
-0.72 0.18 0.217664
-0.72 0.24 0.226999
-0.72 0.3 0.233477
-0.72 0.36 0.23684
-0.72 0.42 0.236951
-0.72 0.48 0.233803
-0.72 0.54 0.227527
-0.72 0.6 0.218377
-0.72 0.66 0.20671
-0.72 0.72 0.19298
-0.72 0.78 0.177682
-0.72 0.84 0.161352
-0.72 0.9 0.144507
-0.72 0.96 0.127642
-0.72 1.02 0.111195
-0.72 1.08 0.0955363
-0.72 1.14 0.0809537
-0.72 1.2 0.0676539
-0.72 1.26 0.0557631
-0.72 1.32 0.0453293
-0.72 1.38 0.036342
-0.72 1.44 0.0287361
-0.72 1.5 0.0224095
-0.72 1.56 0.0172355
-0.72 1.62 0.013074
-0.72 1.68 0.0097809
-0.72 1.74 0.00721666
-0.72 1.8 0.00525157
-0.72 1.86 0.00376899
-0.72 1.92 0.00266782
-0.72 1.98 0.00186239
-0.72 2.04 0.00128226
-0.72 2.1 0.000870704
-0.72 2.16 0.000583115
-0.72 2.22 0.000385147
-0.72 2.28 0.000250894
-0.72 2.34 0.00016119
-0.66 -1.44 0.000344852
-0.66 -1.38 0.000522594
-0.66 -1.32 0.000781066
-0.66 -1.26 0.00115133
-0.66 -1.2 0.00167377
-0.66 -1.14 0.00239985
-0.66 -1.08 0.00339362
-0.66 -1.02 0.00473294
-0.66 -0.96 0.00651004
-0.66 -0.9 0.00883138
-0.66 -0.84 0.0118159
-0.66 -0.78 0.0155915
-0.66 -0.72 0.0202908
-0.66 -0.66 0.0260435
-0.66 -0.6 0.0329678
-0.66 -0.54 0.0411591
-0.66 -0.48 0.0506795
-0.66 -0.42 0.0615449
-0.66 -0.36 0.0737116
-0.66 -0.3 0.0870697
-0.66 -0.24 0.101437
-0.66 -0.18 0.116549
-0.66 -0.12 0.132072
-0.66 -0.06 0.147604
-0.66 9.71445e-15 0.162695
-0.66 0.06 0.176867
-0.66 0.12 0.189629
-0.66 0.18 0.200517
-0.66 0.24 0.209114
-0.66 0.3 0.215086
-0.66 0.36 0.218186
-0.66 0.42 0.218288
-0.66 0.48 0.215388
-0.66 0.54 0.209605
-0.66 0.6 0.201171
-0.66 0.66 0.190428
-0.66 0.72 0.177776
-0.66 0.78 0.163687
-0.66 0.84 0.14864
-0.66 0.9 0.133122
-0.66 0.96 0.117586
-0.66 1.02 0.102435
-0.66 1.08 0.0880094
-0.66 1.14 0.0745765
-0.66 1.2 0.062325
-0.66 1.26 0.0513699
-0.66 1.32 0.0417588
-0.66 1.38 0.0334791
-0.66 1.44 0.0264721
-0.66 1.5 0.020644
-0.66 1.56 0.0158777
-0.66 1.62 0.012044
-0.66 1.68 0.00901034
-0.66 1.74 0.0066482
-0.66 1.8 0.00483786
-0.66 1.86 0.0034721
-0.66 1.92 0.00245765
-0.66 1.98 0.00171568
-0.66 2.04 0.00118125
-0.66 2.1 0.000802114
-0.66 2.16 0.00053718
-0.66 2.22 0.000354807
-0.66 2.28 0.00023113
-0.66 2.34 0.000148492
-0.66 2.4 9.40904e-05
-0.6 -1.44 0.00031332
-0.6 -1.38 0.000474812
-0.6 -1.32 0.000709647
-0.6 -1.26 0.00104605
-0.6 -1.2 0.00152073
-0.6 -1.14 0.00218043
-0.6 -1.08 0.00308329
-0.6 -1.02 0.00430017
-0.6 -0.96 0.00591477
-0.6 -0.9 0.00802391
-0.6 -0.84 0.0107354
-0.6 -0.78 0.0141656
-0.6 -0.72 0.0184351
-0.6 -0.66 0.0236618
-0.6 -0.6 0.0299531
-0.6 -0.54 0.0373958
-0.6 -0.48 0.0460454
-0.6 -0.42 0.0559172
-0.6 -0.36 0.066971
-0.6 -0.3 0.0791091
-0.6 -0.24 0.0921616
-0.6 -0.18 0.105892
-0.6 -0.12 0.119995
-0.6 -0.06 0.134108
-0.6 9.71445e-15 0.14782
-0.6 0.06 0.160694
-0.6 0.12 0.17229
-0.6 0.18 0.182181
-0.6 0.24 0.189995
-0.6 0.3 0.195419
-0.6 0.36 0.198233
-0.6 0.42 0.198326
-0.6 0.48 0.195691
-0.6 0.54 0.190438
-0.6 0.6 0.182778
-0.6 0.66 0.173014
-0.6 0.72 0.161522
-0.6 0.78 0.148719
-0.6 0.84 0.135049
-0.6 0.9 0.12095
-0.6 0.96 0.106834
-0.6 1.02 0.0930686
-0.6 1.08 0.0799619
-0.6 1.14 0.0677573
-0.6 1.2 0.0566257
-0.6 1.26 0.0466727
-0.6 1.32 0.0379402
-0.6 1.38 0.0304179
-0.6 1.44 0.0240515
-0.6 1.5 0.0187563
-0.6 1.56 0.0144258
-0.6 1.62 0.0109427
-0.6 1.68 0.00818649
-0.6 1.74 0.00604029
-0.6 1.8 0.00439547
-0.6 1.86 0.00315462
-0.6 1.92 0.00223292
-0.6 1.98 0.00155879
-0.6 2.04 0.00107324
-0.6 2.1 0.000728772
-0.6 2.16 0.000488062
-0.6 2.22 0.000322363
-0.6 2.28 0.000209994
-0.6 2.34 0.000134916
-0.54 -1.44 0.000280758
-0.54 -1.38 0.000425463
-0.54 -1.32 0.000635888
-0.54 -1.26 0.000937326
-0.54 -1.2 0.00136268
-0.54 -1.14 0.00195382
-0.54 -1.08 0.00276288
-0.54 -1.02 0.00385322
-0.54 -0.96 0.0053001
-0.54 -0.9 0.00718996
-0.54 -0.84 0.00961962
-0.54 -0.78 0.0126935
-0.54 -0.72 0.0165194
-0.54 -0.66 0.0212028
-0.54 -0.6 0.02684
-0.54 -0.54 0.0335091
-0.54 -0.48 0.0412603
-0.54 -0.42 0.0501056
-0.54 -0.36 0.0600113
-0.54 -0.3 0.0708872
-0.54 -0.24 0.0825828
-0.54 -0.18 0.0948862
-0.54 -0.12 0.107524
-0.54 -0.06 0.12017
-0.54 9.71445e-15 0.132457
-0.54 0.06 0.143994
-0.54 0.12 0.154384
-0.54 0.18 0.163248
-0.54 0.24 0.170248
-0.54 0.3 0.175109
-0.54 0.36 0.177633
-0.54 0.42 0.177716
-0.54 0.48 0.175355
-0.54 0.54 0.170646
-0.54 0.6 0.163782
-0.54 0.66 0.155033
-0.54 0.72 0.144734
-0.54 0.78 0.133263
-0.54 0.84 0.121013
-0.54 0.9 0.10838
-0.54 0.96 0.0957307
-0.54 1.02 0.0833956
-0.54 1.08 0.0716515
-0.54 1.14 0.0607153
-0.54 1.2 0.0507411
-0.54 1.26 0.0418219
-0.54 1.32 0.0339975
-0.54 1.38 0.0272566
-0.54 1.44 0.0215518
-0.54 1.5 0.0168069
-0.54 1.56 0.0129266
-0.54 1.62 0.00980536
-0.54 1.68 0.00733564
-0.54 1.74 0.00541256
-0.54 1.8 0.00393866
-0.54 1.86 0.00282677
-0.54 1.92 0.00200084
-0.54 1.98 0.0013968
-0.54 2.04 0.000961704
-0.54 2.1 0.000653034
-0.54 2.16 0.000437341
-0.54 2.22 0.000288863
-0.54 2.28 0.000188169
-0.54 2.34 0.000120894
-0.48 -1.38 0.000376004
-0.48 -1.32 0.000561972
-0.48 -1.26 0.000828372
-0.48 -1.2 0.00120427
-0.48 -1.14 0.00172669
-0.48 -1.08 0.00244171
-0.48 -1.02 0.00340532
-0.48 -0.96 0.00468398
-0.48 -0.9 0.00635416
-0.48 -0.84 0.00850142
-0.48 -0.78 0.011218
-0.48 -0.72 0.0145991
-0.48 -0.66 0.0187381
-0.48 -0.6 0.0237201
-0.48 -0.54 0.0296139
-0.48 -0.48 0.0364639
-0.48 -0.42 0.0442813
-0.48 -0.36 0.0530352
-0.48 -0.3 0.0626468
-0.48 -0.24 0.0729834
-0.48 -0.18 0.0838565
-0.48 -0.12 0.0950251
-0.48 -0.06 0.106201
-0.48 9.71445e-15 0.117059
-0.48 0.06 0.127255
-0.48 0.12 0.136438
-0.48 0.18 0.144271
-0.48 0.24 0.150458
-0.48 0.3 0.154754
-0.48 0.36 0.156984
-0.48 0.42 0.157057
-0.48 0.48 0.154971
-0.48 0.54 0.15081
-0.48 0.6 0.144743
-0.48 0.66 0.137011
-0.48 0.72 0.12791
-0.48 0.78 0.117772
-0.48 0.84 0.106946
-0.48 0.9 0.0957814
-0.48 0.96 0.0846031
-0.48 1.02 0.0737019
-0.48 1.08 0.0633224
-0.48 1.14 0.0536572
-0.48 1.2 0.0448428
-0.48 1.26 0.0369603
-0.48 1.32 0.0300455
-0.48 1.38 0.024088
-0.48 1.44 0.0190465
-0.48 1.5 0.0148533
-0.48 1.56 0.011424
-0.48 1.62 0.0086656
-0.48 1.68 0.00648288
-0.48 1.74 0.00478336
-0.48 1.8 0.00348083
-0.48 1.86 0.00249816
-0.48 1.92 0.00176826
-0.48 1.98 0.00123443
-0.48 2.04 0.000849909
-0.48 2.1 0.000577121
-0.48 2.16 0.000386501
-0.48 2.22 0.000255284
-0.48 2.28 0.000166296
-0.48 2.34 0.00010684
-0.42 -1.38 0.00032773
-0.42 -1.32 0.000489821
-0.42 -1.26 0.000722019
-0.42 -1.2 0.00104966
-0.42 -1.14 0.00150499
-0.42 -1.08 0.0021282
-0.42 -1.02 0.00296812
-0.42 -0.96 0.00408258
-0.42 -0.9 0.00553836
-0.42 -0.84 0.00740993
-0.42 -0.78 0.00977764
-0.42 -0.72 0.0127246
-0.42 -0.66 0.0163323
-0.42 -0.6 0.0206747
-0.42 -0.54 0.0258118
-0.42 -0.48 0.031782
-0.42 -0.42 0.038596
-0.42 -0.36 0.0462256
-0.42 -0.3 0.0546036
-0.42 -0.24 0.0636131
-0.42 -0.18 0.0730901
-0.42 -0.12 0.0828248
-0.42 -0.06 0.0925659
-0.42 9.71445e-15 0.10203
-0.42 0.06 0.110916
-0.42 0.12 0.118921
-0.42 0.18 0.125747
-0.42 0.24 0.131141
-0.42 0.3 0.134885
-0.42 0.36 0.136828
-0.42 0.42 0.136892
-0.42 0.48 0.135074
-0.42 0.54 0.131448
-0.42 0.6 0.126159
-0.42 0.66 0.11942
-0.42 0.72 0.111488
-0.42 0.78 0.102651
-0.42 0.84 0.0932147
-0.42 0.9 0.0834838
-0.42 0.96 0.0737407
-0.42 1.02 0.0642391
-0.42 1.08 0.0551923
-0.42 1.14 0.046768
-0.42 1.2 0.0390853
-0.42 1.26 0.0322149
-0.42 1.32 0.0261878
-0.42 1.38 0.0209953
-0.42 1.44 0.0166011
-0.42 1.5 0.0129463
-0.42 1.56 0.00995722
-0.42 1.62 0.00755299
-0.42 1.68 0.00565056
-0.42 1.74 0.0041692
-0.42 1.8 0.00303391
-0.42 1.86 0.00217741
-0.42 1.92 0.00154123
-0.42 1.98 0.00107594
-0.42 2.04 0.000740785
-0.42 2.1 0.000503021
-0.42 2.16 0.000336876
-0.42 2.22 0.000222507
-0.42 2.28 0.000144945
-0.42 2.34 9.31228e-05
-0.36 -1.32 0.000421065
-0.36 -1.26 0.000620669
-0.36 -1.2 0.000902316
-0.36 -1.14 0.00129373
-0.36 -1.08 0.00182945
-0.36 -1.02 0.00255148
-0.36 -0.96 0.00350947
-0.36 -0.9 0.00476092
-0.36 -0.84 0.0063698
-0.36 -0.78 0.00840517
-0.36 -0.72 0.0109385
-0.36 -0.66 0.0140397
-0.36 -0.6 0.0177726
-0.36 -0.54 0.0221885
-0.36 -0.48 0.0273206
-0.36 -0.42 0.0331782
-0.36 -0.36 0.0397368
-0.36 -0.3 0.0469386
-0.36 -0.24 0.0546835
-0.36 -0.18 0.0628303
-0.36 -0.12 0.0711985
-0.36 -0.06 0.0795721
-0.36 9.71445e-15 0.0877075
-0.36 0.06 0.0953467
-0.36 0.12 0.102227
-0.36 0.18 0.108096
-0.36 0.24 0.112732
-0.36 0.3 0.115951
-0.36 0.36 0.117621
-0.36 0.42 0.117676
-0.36 0.48 0.116113
-0.36 0.54 0.112996
-0.36 0.6 0.108449
-0.36 0.66 0.102657
-0.36 0.72 0.0958374
-0.36 0.78 0.0882416
-0.36 0.84 0.0801304
-0.36 0.9 0.0717648
-0.36 0.96 0.0633891
-0.36 1.02 0.0552214
-0.36 1.08 0.047445
-0.36 1.14 0.0402032
-0.36 1.2 0.0335986
-0.36 1.26 0.027693
-0.36 1.32 0.0225117
-0.36 1.38 0.0180482
-0.36 1.44 0.0142709
-0.36 1.5 0.011129
-0.36 1.56 0.00855949
-0.36 1.62 0.00649279
-0.36 1.68 0.0048574
-0.36 1.74 0.00358395
-0.36 1.8 0.00260803
-0.36 1.86 0.00187176
-0.36 1.92 0.00132489
-0.36 1.98 0.000924899
-0.36 2.04 0.000636796
-0.36 2.1 0.000432409
-0.36 2.16 0.000289587
-0.36 2.22 0.000191272
-0.36 2.28 0.000124599
-0.36 2.34 8.00509e-05
-0.3 -1.32 0.000356982
-0.3 -1.26 0.000526208
-0.3 -1.2 0.000764989
-0.3 -1.14 0.00109683
-0.3 -1.08 0.00155104
-0.3 -1.02 0.00216316
-0.3 -0.96 0.0029754
-0.3 -0.9 0.00403632
-0.3 -0.84 0.00540038
-0.3 -0.78 0.00712602
-0.3 -0.72 0.00927382
-0.3 -0.66 0.0119031
-0.3 -0.6 0.0150677
-0.3 -0.54 0.0188115
-0.3 -0.48 0.0231629
-0.3 -0.42 0.0281287
-0.3 -0.36 0.0336896
-0.3 -0.3 0.0397949
-0.3 -0.24 0.0463609
-0.3 -0.18 0.053268
-0.3 -0.12 0.0603625
-0.3 -0.06 0.0674615
-0.3 9.71445e-15 0.0743595
-0.3 0.06 0.0808363
-0.3 0.12 0.0866686
-0.3 0.18 0.0916453
-0.3 0.24 0.0955753
-0.3 0.3 0.0983036
-0.3 0.36 0.0997205
-0.3 0.42 0.0997671
-0.3 0.48 0.0984415
-0.3 0.54 0.0957983
-0.3 0.6 0.0919452
-0.3 0.66 0.0870336
-0.3 0.72 0.0812523
-0.3 0.78 0.074812
-0.3 0.84 0.0679354
-0.3 0.9 0.0608433
-0.3 0.96 0.0537424
-0.3 1.02 0.0468176
-0.3 1.08 0.0402245
-0.3 1.14 0.0340846
-0.3 1.2 0.0284852
-0.3 1.26 0.0234785
-0.3 1.32 0.0190856
-0.3 1.38 0.0153014
-0.3 1.44 0.012099
-0.3 1.5 0.0094353
-0.3 1.56 0.00725687
-0.3 1.62 0.00550468
-0.3 1.68 0.00411814
-0.3 1.74 0.0030385
-0.3 1.8 0.00221113
-0.3 1.86 0.00158689
-0.3 1.92 0.00112326
-0.3 1.98 0.000784146
-0.3 2.04 0.000539883
-0.3 2.1 0.0003666
-0.3 2.16 0.000245515
-0.3 2.22 0.000162163
-0.3 2.28 0.000105637
-0.3 2.34 6.78675e-05
-0.24 -1.32 0.000298491
-0.24 -1.26 0.000439989
-0.24 -1.2 0.000639649
-0.24 -1.14 0.000917135
-0.24 -1.08 0.00129691
-0.24 -1.02 0.00180874
-0.24 -0.96 0.0024879
-0.24 -0.9 0.00337501
-0.24 -0.84 0.00451553
-0.24 -0.78 0.00595843
-0.24 -0.72 0.00775433
-0.24 -0.66 0.00995277
-0.24 -0.6 0.0125989
-0.24 -0.54 0.0157294
-0.24 -0.48 0.0193678
-0.24 -0.42 0.02352
-0.24 -0.36 0.0281697
-0.24 -0.3 0.0332749
-0.24 -0.24 0.0387651
-0.24 -0.18 0.0445404
-0.24 -0.12 0.0504726
-0.24 -0.06 0.0564087
-0.24 9.71445e-15 0.0621762
-0.24 0.06 0.0675916
-0.24 0.12 0.072469
-0.24 0.18 0.0766296
-0.24 0.24 0.0799158
-0.24 0.3 0.0821978
-0.24 0.36 0.0833822
-0.24 0.42 0.083421
-0.24 0.48 0.0823129
-0.24 0.54 0.080103
-0.24 0.6 0.0768801
-0.24 0.66 0.0727738
-0.24 0.72 0.0679396
-0.24 0.78 0.0625548
-0.24 0.84 0.0568044
-0.24 0.9 0.0508742
-0.24 0.96 0.0449369
-0.24 1.02 0.0391467
-0.24 1.08 0.0336336
-0.24 1.14 0.0285002
-0.24 1.2 0.0238183
-0.24 1.26 0.0196314
-0.24 1.32 0.0159587
-0.24 1.38 0.0127944
-0.24 1.44 0.0101165
-0.24 1.5 0.00788933
-0.24 1.56 0.00606785
-0.24 1.62 0.00460273
-0.24 1.68 0.00344339
-0.24 1.74 0.00254069
-0.24 1.8 0.00184884
-0.24 1.86 0.0013269
-0.24 1.92 0.000939211
-0.24 1.98 0.000655669
-0.24 2.04 0.000451431
-0.24 2.1 0.000306539
-0.24 2.16 0.000205291
-0.24 2.22 0.000135594
-0.24 2.28 8.83283e-05
-0.24 2.34 5.67481e-05
-0.18 -1.26 0.000362846
-0.18 -1.2 0.000527499
-0.18 -1.14 0.000756325
-0.18 -1.08 0.00106952
-0.18 -1.02 0.0014916
-0.18 -0.96 0.00205168
-0.18 -0.9 0.00278326
-0.18 -0.84 0.0037238
-0.18 -0.78 0.00491372
-0.18 -0.72 0.00639473
-0.18 -0.66 0.00820772
-0.18 -0.6 0.0103899
-0.18 -0.54 0.0129715
-0.18 -0.48 0.015972
-0.18 -0.42 0.019396
-0.18 -0.36 0.0232307
-0.18 -0.3 0.0274406
-0.18 -0.24 0.031968
-0.18 -0.18 0.0367306
-0.18 -0.12 0.0416226
-0.18 -0.06 0.0465179
-0.18 9.71445e-15 0.0512746
-0.18 0.06 0.0557408
-0.18 0.12 0.059762
-0.18 0.18 0.0631942
-0.18 0.24 0.0659037
-0.18 0.3 0.0677847
-0.18 0.36 0.068762
-0.18 0.42 0.0687942
-0.18 0.48 0.0678801
-0.18 0.54 0.066057
-0.18 0.6 0.0634007
-0.18 0.66 0.0600142
-0.18 0.72 0.0560271
-0.18 0.78 0.0515866
-0.18 0.84 0.0468451
-0.18 0.9 0.0419544
-0.18 0.96 0.0370578
-0.18 1.02 0.0322829
-0.18 1.08 0.0277368
-0.18 1.14 0.0235032
-0.18 1.2 0.0196418
-0.18 1.26 0.0161896
-0.18 1.32 0.0131604
-0.18 1.38 0.0105512
-0.18 1.44 0.00834287
-0.18 1.5 0.00650606
-0.18 1.56 0.00500393
-0.18 1.62 0.00379573
-0.18 1.68 0.00283967
-0.18 1.74 0.0020952
-0.18 1.8 0.00152467
-0.18 1.86 0.00109425
-0.18 1.92 0.00077454
-0.18 1.98 0.000540703
-0.18 2.04 0.000372276
-0.18 2.1 0.000252789
-0.18 2.16 0.000169295
-0.18 2.22 0.000111819
-0.18 2.28 7.28413e-05
-0.18 2.34 4.67983e-05
-0.12 -1.2 0.000429031
-0.12 -1.14 0.000615142
-0.12 -1.08 0.000869863
-0.12 -1.02 0.00121317
-0.12 -0.96 0.00166868
-0.12 -0.9 0.00226371
-0.12 -0.84 0.00302869
-0.12 -0.78 0.00399645
-0.12 -0.72 0.00520098
-0.12 -0.66 0.00667555
-0.12 -0.6 0.00845043
-0.12 -0.54 0.0105501
-0.12 -0.48 0.0129903
-0.12 -0.42 0.0157755
-0.12 -0.36 0.0188939
-0.12 -0.3 0.0223183
-0.12 -0.24 0.0260008
-0.12 -0.18 0.0298744
-0.12 -0.12 0.0338533
-0.12 -0.06 0.0378348
-0.12 9.71445e-15 0.0417031
-0.12 0.06 0.045335
-0.12 0.12 0.0486068
-0.12 0.18 0.0513969
-0.12 0.24 0.0536016
-0.12 0.3 0.055132
-0.12 0.36 0.0559263
-0.12 0.42 0.0559523
-0.12 0.48 0.0552091
-0.12 0.54 0.0537269
-0.12 0.6 0.0515655
-0.12 0.66 0.0488109
-0.12 0.72 0.0455687
-0.12 0.78 0.0419568
-0.12 0.84 0.0381001
-0.12 0.9 0.0341226
-0.12 0.96 0.0301402
-0.12 1.02 0.0262566
-0.12 1.08 0.0225589
-0.12 1.14 0.0191157
-0.12 1.2 0.0159754
-0.12 1.26 0.0131674
-0.12 1.32 0.0107038
-0.12 1.38 0.0085815
-0.12 1.44 0.00678546
-0.12 1.5 0.00529155
-0.12 1.56 0.00406984
-0.12 1.62 0.00308717
-0.12 1.68 0.00230958
-0.12 1.74 0.00170409
-0.12 1.8 0.00124006
-0.12 1.86 0.000889981
-0.12 1.92 0.000629955
-0.12 1.98 0.00043977
-0.12 2.04 0.000302783
-0.12 2.1 0.000205601
-0.12 2.16 0.000137692
-0.12 2.22 9.09457e-05
-0.12 2.28 5.9244e-05
-0.12 2.34 3.80624e-05
-0.06 -1.2 0.000344144
-0.06 -1.14 0.000493438
-0.06 -1.08 0.000697766
-0.06 -1.02 0.000973131
-0.06 -0.96 0.00133854
-0.06 -0.9 0.00181583
-0.06 -0.84 0.00242943
-0.06 -0.78 0.00320576
-0.06 -0.72 0.00417199
-0.06 -0.66 0.00535479
-0.06 -0.6 0.00677841
-0.06 -0.54 0.00846274
-0.06 -0.48 0.0104203
-0.06 -0.42 0.0126541
-0.06 -0.36 0.0151559
-0.06 -0.3 0.0179026
-0.06 -0.24 0.0208563
-0.06 -0.18 0.0239634
-0.06 -0.12 0.027155
-0.06 -0.06 0.0303488
-0.06 9.71445e-15 0.0334522
-0.06 0.06 0.0363657
-0.06 0.12 0.0389895
-0.06 0.18 0.0412284
-0.06 0.24 0.0429964
-0.06 0.3 0.0442237
-0.06 0.36 0.044861
-0.06 0.42 0.0448819
-0.06 0.48 0.0442857
-0.06 0.54 0.0430967
-0.06 0.6 0.0413633
-0.06 0.66 0.0391536
-0.06 0.72 0.0365528
-0.06 0.78 0.0336556
-0.06 0.84 0.0305621
-0.06 0.9 0.0273715
-0.06 0.96 0.0241769
-0.06 1.02 0.0210617
-0.06 1.08 0.0180957
-0.06 1.14 0.0153336
-0.06 1.2 0.0128147
-0.06 1.26 0.0105622
-0.06 1.32 0.00858605
-0.06 1.38 0.00688364
-0.06 1.44 0.00544294
-0.06 1.5 0.00424461
-0.06 1.56 0.00326461
-0.06 1.62 0.00247636
-0.06 1.68 0.00185262
-0.06 1.74 0.00136694
-0.06 1.8 0.00099471
-0.06 1.86 0.000713901
-0.06 1.92 0.000505314
-0.06 1.98 0.000352762
-0.06 2.04 0.000242879
-0.06 2.1 0.000164924
-0.06 2.16 0.000110451
-0.06 2.22 7.29525e-05
-0.06 2.28 4.75223e-05
9.71445e-15 -1.14 0.000390365
9.71445e-15 -1.08 0.000552019
9.71445e-15 -1.02 0.000769871
9.71445e-15 -0.96 0.00105895
9.71445e-15 -0.9 0.00143654
9.71445e-15 -0.84 0.001922
9.71445e-15 -0.78 0.00253616
9.71445e-15 -0.72 0.00330057
9.71445e-15 -0.66 0.00423632
9.71445e-15 -0.6 0.00536262
9.71445e-15 -0.54 0.00669505
9.71445e-15 -0.48 0.00824372
9.71445e-15 -0.42 0.010011
9.71445e-15 -0.36 0.0119902
9.71445e-15 -0.3 0.0141631
9.71445e-15 -0.24 0.0164999
9.71445e-15 -0.18 0.0189581
9.71445e-15 -0.12 0.021483
9.71445e-15 -0.06 0.0240097
9.71445e-15 9.71445e-15 0.0264647
9.71445e-15 0.06 0.0287698
9.71445e-15 0.12 0.0308456
9.71445e-15 0.18 0.0326167
9.71445e-15 0.24 0.0340155
9.71445e-15 0.3 0.0349865
9.71445e-15 0.36 0.0354906
9.71445e-15 0.42 0.0355071
9.71445e-15 0.48 0.0350354
9.71445e-15 0.54 0.0340949
9.71445e-15 0.6 0.0327235
9.71445e-15 0.66 0.0309753
9.71445e-15 0.72 0.0289179
9.71445e-15 0.78 0.0266256
9.71445e-15 0.84 0.0241783
9.71445e-15 0.9 0.0216542
9.71445e-15 0.96 0.019127
9.71445e-15 1.02 0.0166625
9.71445e-15 1.08 0.014316
9.71445e-15 1.14 0.0121307
9.71445e-15 1.2 0.010138
9.71445e-15 1.26 0.00835602
9.71445e-15 1.32 0.00679262
9.71445e-15 1.38 0.00544577
9.71445e-15 1.44 0.00430606
9.71445e-15 1.5 0.00335804
9.71445e-15 1.56 0.00258273
9.71445e-15 1.62 0.00195912
9.71445e-15 1.68 0.00146565
9.71445e-15 1.74 0.00108141
9.71445e-15 1.8 0.000786945
9.71445e-15 1.86 0.000564777
9.71445e-15 1.92 0.00039977
9.71445e-15 1.98 0.000279079
9.71445e-15 2.04 0.000192146
9.71445e-15 2.1 0.000130474
9.71445e-15 2.16 8.73794e-05
9.71445e-15 2.22 5.77144e-05
9.71445e-15 2.28 3.75964e-05
0.06 -1.08 0.000430709
0.06 -1.02 0.000600692
0.06 -0.96 0.00082624
0.06 -0.9 0.00112086
0.06 -0.84 0.00149964
0.06 -0.78 0.00197883
0.06 -0.72 0.00257524
0.06 -0.66 0.00330537
0.06 -0.6 0.00418417
0.06 -0.54 0.00522381
0.06 -0.48 0.00643215
0.06 -0.42 0.00781109
0.06 -0.36 0.0093553
0.06 -0.3 0.0110508
0.06 -0.24 0.012874
0.06 -0.18 0.014792
0.06 -0.12 0.0167621
0.06 -0.06 0.0187335
0.06 9.71445e-15 0.0206491
0.06 0.06 0.0224475
0.06 0.12 0.0240672
0.06 0.18 0.0254492
0.06 0.24 0.0265406
0.06 0.3 0.027298
0.06 0.36 0.0276913
0.06 0.42 0.0277043
0.06 0.48 0.0273362
0.06 0.54 0.0266024
0.06 0.6 0.0255325
0.06 0.66 0.0241684
0.06 0.72 0.0225631
0.06 0.78 0.0207745
0.06 0.84 0.0188652
0.06 0.9 0.0168957
0.06 0.96 0.0149238
0.06 1.02 0.0130009
0.06 1.08 0.0111701
0.06 1.14 0.00946506
0.06 1.2 0.00791008
0.06 1.26 0.0065198
0.06 1.32 0.00529989
0.06 1.38 0.00424909
0.06 1.44 0.00335981
0.06 1.5 0.00262011
0.06 1.56 0.00201517
0.06 1.62 0.00152861
0.06 1.68 0.00114358
0.06 1.74 0.000843766
0.06 1.8 0.000614012
0.06 1.86 0.000440667
0.06 1.92 0.00031192
0.06 1.98 0.00021775
0.06 2.04 0.000149921
0.06 2.1 0.000101802
0.06 2.16 6.81774e-05
0.06 2.22 4.50312e-05
0.06 2.28 2.93345e-05
0.12 -1.08 0.000331442
0.12 -1.02 0.000462245
0.12 -0.96 0.000635815
0.12 -0.9 0.000862528
0.12 -0.84 0.001154
0.12 -0.78 0.00152275
0.12 -0.72 0.00198172
0.12 -0.66 0.00254356
0.12 -0.6 0.0032198
0.12 -0.54 0.00401985
0.12 -0.48 0.00494971
0.12 -0.42 0.00601078
0.12 -0.36 0.00719916
0.12 -0.3 0.00850386
0.12 -0.24 0.00990686
0.12 -0.18 0.0113827
0.12 -0.12 0.0128988
0.12 -0.06 0.0144159
0.12 9.71445e-15 0.01589
0.12 0.06 0.017274
0.12 0.12 0.0185202
0.12 0.18 0.0195838
0.12 0.24 0.0204236
0.12 0.3 0.0210064
0.12 0.36 0.0213091
0.12 0.42 0.0213191
0.12 0.48 0.0210358
0.12 0.54 0.0204711
0.12 0.6 0.0196479
0.12 0.66 0.0185982
0.12 0.72 0.0173628
0.12 0.78 0.0159865
0.12 0.84 0.0145172
0.12 0.9 0.0130017
0.12 0.96 0.0114842
0.12 1.02 0.0100045
0.12 1.08 0.00859561
0.12 1.14 0.0072836
0.12 1.2 0.006087
0.12 1.26 0.00501713
0.12 1.32 0.0040784
0.12 1.38 0.00326978
0.12 1.44 0.00258545
0.12 1.5 0.00201623
0.12 1.56 0.00155072
0.12 1.62 0.00117629
0.12 1.68 0.00088001
0.12 1.74 0.000649302
0.12 1.8 0.000472495
0.12 1.86 0.000339105
0.12 1.92 0.000240029
0.12 1.98 0.000167564
0.12 2.04 0.000115368
0.12 2.1 7.83395e-05
0.12 2.16 5.24644e-05
0.12 2.22 3.46527e-05
0.18 -1.02 0.000350818
0.18 -0.96 0.00048255
0.18 -0.9 0.000654614
0.18 -0.84 0.000875818
0.18 -0.78 0.00115569
0.18 -0.72 0.00150402
0.18 -0.66 0.00193042
0.18 -0.6 0.00244364
0.18 -0.54 0.00305086
0.18 -0.48 0.00375656
0.18 -0.42 0.00456187
0.18 -0.36 0.00546377
0.18 -0.3 0.00645398
0.18 -0.24 0.00751879
0.18 -0.18 0.00863889
0.18 -0.12 0.00978948
0.18 -0.06 0.0109409
0.18 9.71445e-15 0.0120597
0.18 0.06 0.01311
0.18 0.12 0.0140559
0.18 0.18 0.014863
0.18 0.24 0.0155004
0.18 0.3 0.0159428
0.18 0.36 0.0161725
0.18 0.42 0.0161801
0.18 0.48 0.0159651
0.18 0.54 0.0155365
0.18 0.6 0.0149117
0.18 0.66 0.014115
0.18 0.72 0.0131775
0.18 0.78 0.012133
0.18 0.84 0.0110178
0.18 0.9 0.00986754
0.18 0.96 0.0087159
0.18 1.02 0.00759285
0.18 1.08 0.00652359
0.18 1.14 0.00552783
0.18 1.2 0.00461973
0.18 1.26 0.00380772
0.18 1.32 0.0030953
0.18 1.38 0.00248158
0.18 1.44 0.00196221
0.18 1.5 0.0015302
0.18 1.56 0.00117691
0.18 1.62 0.000892741
0.18 1.68 0.000667876
0.18 1.74 0.000492788
0.18 1.8 0.000358597
0.18 1.86 0.000257364
0.18 1.92 0.000182168
0.18 1.98 0.000127172
0.18 2.04 8.75586e-05
0.18 2.1 5.94557e-05
0.18 2.16 3.98178e-05
0.18 2.22 2.62996e-05
0.24 -0.96 0.000361194
0.24 -0.9 0.00048999
0.24 -0.84 0.000655566
0.24 -0.78 0.000865043
0.24 -0.72 0.00112577
0.24 -0.66 0.00144494
0.24 -0.6 0.00182911
0.24 -0.54 0.00228362
0.24 -0.48 0.00281182
0.24 -0.42 0.00341464
0.24 -0.36 0.00408968
0.24 -0.3 0.00483089
0.24 -0.24 0.00562794
0.24 -0.18 0.00646637
0.24 -0.12 0.00732761
0.24 -0.06 0.00818945
0.24 9.71445e-15 0.00902682
0.24 0.06 0.00981299
0.24 0.12 0.0105211
0.24 0.18 0.0111251
0.24 0.24 0.0116023
0.24 0.3 0.0119334
0.24 0.36 0.0121054
0.24 0.42 0.0121111
0.24 0.48 0.0119502
0.24 0.54 0.0116293
0.24 0.6 0.0111615
0.24 0.66 0.0105654
0.24 0.72 0.00986349
0.24 0.78 0.00908173
0.24 0.84 0.00824694
0.24 0.9 0.00738596
0.24 0.96 0.00652395
0.24 1.02 0.00568333
0.24 1.08 0.00488297
0.24 1.14 0.00413769
0.24 1.2 0.00345793
0.24 1.26 0.00285012
0.24 1.32 0.00231687
0.24 1.38 0.00185751
0.24 1.44 0.00146874
0.24 1.5 0.00114537
0.24 1.56 0.000880928
0.24 1.62 0.000668226
0.24 1.68 0.000499918
0.24 1.74 0.000368859
0.24 1.8 0.000268413
0.24 1.86 0.000192641
0.24 1.92 0.000136356
0.24 1.98 9.51896e-05
0.24 2.04 6.55388e-05
0.24 2.1 4.45035e-05
0.24 2.16 2.98042e-05
0.24 2.22 1.96855e-05
0.3 -0.9 0.000361722
0.3 -0.84 0.000483959
0.3 -0.78 0.0006386
0.3 -0.72 0.000831075
0.3 -0.66 0.0010667
0.3 -0.6 0.00135031
0.3 -0.54 0.00168582
0.3 -0.48 0.00207576
0.3 -0.42 0.00252078
0.3 -0.36 0.00301912
0.3 -0.3 0.00356627
0.3 -0.24 0.00415468
0.3 -0.18 0.00477365
0.3 -0.12 0.00540944
0.3 -0.06 0.00604564
0.3 9.71445e-15 0.00666381
0.3 0.06 0.00724422
0.3 0.12 0.0077669
0.3 0.18 0.0082129
0.3 0.24 0.00856507
0.3 0.3 0.00880956
0.3 0.36 0.00893649
0.3 0.42 0.00894067
0.3 0.48 0.00882188
0.3 0.54 0.00858503
0.3 0.6 0.00823977
0.3 0.66 0.0077996
0.3 0.72 0.00728148
0.3 0.78 0.00670433
0.3 0.84 0.00608814
0.3 0.9 0.00545254
0.3 0.96 0.00481616
0.3 1.02 0.0041956
0.3 1.08 0.00360477
0.3 1.14 0.00305455
0.3 1.2 0.0025527
0.3 1.26 0.00210405
0.3 1.32 0.00171035
0.3 1.38 0.00137126
0.3 1.44 0.00108427
0.3 1.5 0.000845551
0.3 1.56 0.00065033
0.3 1.62 0.000493307
0.3 1.68 0.000369053
0.3 1.74 0.000272299
0.3 1.8 0.000198152
0.3 1.86 0.000142212
0.3 1.92 0.000100662
0.3 1.98 7.02713e-05
0.3 2.04 4.83819e-05
0.3 2.1 3.28532e-05
0.3 2.16 2.2002e-05
0.36 -0.84 0.000352359
0.36 -0.78 0.000464951
0.36 -0.72 0.000605088
0.36 -0.66 0.000776638
0.36 -0.6 0.000983127
0.36 -0.54 0.00122741
0.36 -0.48 0.00151131
0.36 -0.42 0.00183533
0.36 -0.36 0.00219814
0.36 -0.3 0.00259653
0.36 -0.24 0.00302495
0.36 -0.18 0.0034756
0.36 -0.12 0.00393851
0.36 -0.06 0.00440173
0.36 9.71445e-15 0.00485179
0.36 0.06 0.00527431
0.36 0.12 0.00565495
0.36 0.18 0.00597956
0.36 0.24 0.00623607
0.36 0.3 0.0064141
0.36 0.36 0.0065065
0.36 0.42 0.00650952
0.36 0.48 0.00642306
0.36 0.54 0.00625064
0.36 0.6 0.00599919
0.36 0.66 0.00567868
0.36 0.72 0.00530152
0.36 0.78 0.00488128
0.36 0.84 0.00443259
0.36 0.9 0.00396987
0.36 0.96 0.00350655
0.36 1.02 0.00305473
0.36 1.08 0.00262454
0.36 1.14 0.00222392
0.36 1.2 0.0018586
0.36 1.26 0.0015319
0.36 1.32 0.00124529
0.36 1.38 0.000998375
0.36 1.44 0.000789425
0.36 1.5 0.000615627
0.36 1.56 0.000473491
0.36 1.62 0.000359164
0.36 1.68 0.000268697
0.36 1.74 0.000198255
0.36 1.8 0.00014427
0.36 1.86 0.000103541
0.36 1.92 7.32893e-05
0.36 1.98 5.11634e-05
0.36 2.04 3.52261e-05
0.36 2.1 2.39198e-05
0.36 2.16 1.60192e-05
0.42 -0.78 0.00033387
0.42 -0.72 0.000434499
0.42 -0.66 0.000557686
0.42 -0.6 0.000705956
0.42 -0.54 0.000881355
0.42 -0.48 0.00108524
0.42 -0.42 0.00131789
0.42 -0.36 0.00157844
0.42 -0.3 0.00186448
0.42 -0.24 0.0021721
0.42 -0.18 0.00249572
0.42 -0.12 0.00282811
0.42 -0.06 0.00316071
0.42 9.71445e-15 0.0034839
0.42 0.06 0.00378738
0.42 0.12 0.0040606
0.42 0.18 0.00429381
0.42 0.24 0.00447788
0.42 0.3 0.00460574
0.42 0.36 0.00467213
0.42 0.42 0.00467432
0.42 0.48 0.00461221
0.42 0.54 0.00448834
0.42 0.6 0.00430782
0.42 0.66 0.00407774
0.42 0.72 0.00380682
0.42 0.78 0.00350512
0.42 0.84 0.00318294
0.42 0.9 0.00285063
0.42 0.96 0.00251793
0.42 1.02 0.0021935
0.42 1.08 0.0018846
0.42 1.14 0.00159695
0.42 1.2 0.00133459
0.42 1.26 0.00110002
0.42 1.32 0.000894202
0.42 1.38 0.00071691
0.42 1.44 0.000566863
0.42 1.5 0.000442062
0.42 1.56 0.000339999
0.42 1.62 0.000257905
0.42 1.68 0.000192944
0.42 1.74 0.000142361
0.42 1.8 0.000103596
0.42 1.86 7.43499e-05
0.42 1.92 5.26269e-05
0.42 1.98 3.67389e-05
0.42 2.04 2.52948e-05
0.42 2.1 1.71761e-05
0.42 2.16 1.15029e-05
0.48 -0.72 0.000307709
0.48 -0.66 0.00039495
0.48 -0.6 0.000499959
0.48 -0.54 0.000624186
0.48 -0.48 0.000768556
0.48 -0.42 0.000933335
0.48 -0.36 0.00111784
0.48 -0.3 0.00132043
0.48 -0.24 0.0015383
0.48 -0.18 0.00176748
0.48 -0.12 0.00200288
0.48 -0.06 0.00223844
0.48 9.71445e-15 0.00246731
0.48 0.06 0.0026822
0.48 0.12 0.00287575
0.48 0.18 0.00304085
0.48 0.24 0.00317127
0.48 0.3 0.0032618
0.48 0.36 0.0033088
0.48 0.42 0.00331033
0.48 0.48 0.00326636
0.48 0.54 0.00317868
0.48 0.6 0.0030508
0.48 0.66 0.00288784
0.48 0.72 0.00269601
0.48 0.78 0.00248231
0.48 0.84 0.00225416
0.48 0.9 0.00201882
0.48 0.96 0.0017832
0.48 1.02 0.00155343
0.48 1.08 0.00133468
0.48 1.14 0.00113096
0.48 1.2 0.000945161
0.48 1.26 0.000779033
0.48 1.32 0.000633274
0.48 1.38 0.000507716
0.48 1.44 0.000401454
0.48 1.5 0.000313068
0.48 1.56 0.000240787
0.48 1.62 0.000182649
0.48 1.68 0.000136644
0.48 1.74 0.00010082
0.48 1.8 7.33664e-05
0.48 1.86 5.26548e-05
0.48 1.92 3.72705e-05
0.48 1.98 2.60183e-05
0.48 2.04 1.79137e-05
0.48 2.1 1.21641e-05
0.54 -0.66 0.000275859
0.54 -0.6 0.000349202
0.54 -0.54 0.000435969
0.54 -0.48 0.000536815
0.54 -0.42 0.000651898
0.54 -0.36 0.000780776
0.54 -0.3 0.000922277
0.54 -0.24 0.00107444
0.54 -0.18 0.00123452
0.54 -0.12 0.00139894
0.54 -0.06 0.00156347
0.54 9.71445e-15 0.00172333
0.54 0.06 0.00187342
0.54 0.12 0.00200861
0.54 0.18 0.00212393
0.54 0.24 0.00221501
0.54 0.3 0.00227826
0.54 0.36 0.00231109
0.54 0.42 0.00231217
0.54 0.48 0.00228145
0.54 0.54 0.00222019
0.54 0.6 0.00213088
0.54 0.66 0.00201706
0.54 0.72 0.00188306
0.54 0.78 0.00173382
0.54 0.84 0.00157444
0.54 0.9 0.00141007
0.54 0.96 0.0012455
0.54 1.02 0.00108502
0.54 1.08 0.00093222
0.54 1.14 0.000789936
0.54 1.2 0.000660167
0.54 1.26 0.000544122
0.54 1.32 0.000442323
0.54 1.38 0.000354621
0.54 1.44 0.000280399
0.54 1.5 0.000218666
0.54 1.56 0.000168181
0.54 1.62 0.000127572
0.54 1.68 9.54402e-05
0.54 1.74 7.042e-05
0.54 1.8 5.12438e-05
0.54 1.86 3.67777e-05
0.54 1.92 2.60318e-05
0.54 1.98 1.8173e-05
0.54 2.04 1.25122e-05
0.54 2.1 8.49629e-06
0.6 -0.6 0.000240553
0.6 -0.54 0.000300325
0.6 -0.48 0.000369792
0.6 -0.42 0.000449072
0.6 -0.36 0.000537848
0.6 -0.3 0.000635324
0.6 -0.24 0.00074015
0.6 -0.18 0.000850417
0.6 -0.12 0.000963682
0.6 -0.06 0.00107702
0.6 9.71445e-15 0.00118714
0.6 0.06 0.00129053
0.6 0.12 0.00138367
0.6 0.18 0.0014631
0.6 0.24 0.00152585
0.6 0.3 0.00156941
0.6 0.36 0.00159202
0.6 0.42 0.00159276
0.6 0.48 0.00157161
0.6 0.54 0.00152942
0.6 0.6 0.00146789
0.6 0.66 0.00138947
0.6 0.72 0.00129719
0.6 0.78 0.00119436
0.6 0.84 0.00108457
0.6 0.9 0.000971355
0.6 0.96 0.000857991
0.6 1.02 0.000747438
0.6 1.08 0.000642177
0.6 1.14 0.000544153
0.6 1.2 0.000454766
0.6 1.26 0.000374829
0.6 1.32 0.000304701
0.6 1.38 0.000244284
0.6 1.44 0.000193158
0.6 1.5 0.000150633
0.6 1.56 0.000115855
0.6 1.62 8.78811e-05
0.6 1.68 6.57452e-05
0.6 1.74 4.85096e-05
0.6 1.8 3.53003e-05
0.6 1.86 2.53346e-05
0.6 1.92 1.79326e-05
0.6 1.98 1.25188e-05
0.6 2.04 8.6192e-06
0.66 -0.48 0.000251235
0.66 -0.42 0.000305097
0.66 -0.36 0.000365411
0.66 -0.3 0.000431639
0.66 -0.24 0.000502855
0.66 -0.18 0.000577769
0.66 -0.12 0.000654721
0.66 -0.06 0.000731726
0.66 9.71445e-15 0.000806544
0.66 0.06 0.000876781
0.66 0.12 0.000940056
0.66 0.18 0.000994023
0.66 0.24 0.00103666
0.66 0.3 0.00106625
0.66 0.36 0.00108161
0.66 0.42 0.00108211
0.66 0.48 0.00106774
0.66 0.54 0.00103908
0.66 0.6 0.000997284
0.66 0.66 0.000944
0.66 0.72 0.000881304
0.66 0.78 0.000811441
0.66 0.84 0.00073686
0.66 0.9 0.000659936
0.66 0.96 0.000582916
0.66 1.02 0.000507807
0.66 1.08 0.000436294
0.66 1.14 0.000369698
0.66 1.2 0.000308965
0.66 1.26 0.000254658
0.66 1.32 0.000207012
0.66 1.38 0.000165966
0.66 1.44 0.000131231
0.66 1.5 0.000102339
0.66 1.56 7.87113e-05
0.66 1.62 5.97061e-05
0.66 1.68 4.46672e-05
0.66 1.74 3.29572e-05
0.66 1.8 2.39829e-05
0.66 1.86 1.72123e-05
0.66 1.92 1.21833e-05
0.66 1.98 8.50518e-06
0.72 -0.42 0.000204433
0.72 -0.36 0.000244846
0.72 -0.3 0.000289223
0.72 -0.24 0.000336942
0.72 -0.18 0.000387139
0.72 -0.12 0.0004387
0.72 -0.06 0.000490298
0.72 9.71445e-15 0.000540431
0.72 0.06 0.000587494
0.72 0.12 0.000629891
0.72 0.18 0.000666052
0.72 0.24 0.000694622
0.72 0.3 0.000714449
0.72 0.36 0.00072474
0.72 0.42 0.000725079
0.72 0.48 0.000715446
0.72 0.54 0.000696242
0.72 0.6 0.000668237
0.72 0.66 0.000632538
0.72 0.72 0.000590523
0.72 0.78 0.000543715
0.72 0.84 0.000493737
0.72 0.9 0.000442194
0.72 0.96 0.000390586
0.72 1.02 0.000340259
0.72 1.08 0.000292341
0.72 1.14 0.00024772
0.72 1.2 0.000207023
0.72 1.26 0.000170635
0.72 1.32 0.000138709
0.72 1.38 0.000111208
0.72 1.44 8.79322e-05
0.72 1.5 6.85731e-05
0.72 1.56 5.27408e-05
0.72 1.62 4.00064e-05
0.72 1.68 2.99297e-05
0.72 1.74 2.20833e-05
0.72 1.8 1.60698e-05
0.72 1.86 1.15333e-05
0.72 1.92 8.16351e-06
0.72 1.98 5.69893e-06
0.78 -0.3 0.000191131
0.78 -0.24 0.000222667
0.78 -0.18 0.00025584
0.78 -0.12 0.000289914
0.78 -0.06 0.000324012
0.78 9.71445e-15 0.00035714
0.78 0.06 0.000388246
0.78 0.12 0.000416261
0.78 0.18 0.000440161
0.78 0.24 0.000459037
0.78 0.3 0.000472141
0.78 0.36 0.000478943
0.78 0.42 0.000479168
0.78 0.48 0.000472801
0.78 0.54 0.000460109
0.78 0.6 0.0004416
0.78 0.66 0.000418013
0.78 0.72 0.000390243
0.78 0.78 0.000359313
0.78 0.84 0.000326287
0.78 0.9 0.000292222
0.78 0.96 0.000258116
0.78 1.02 0.000224858
0.78 1.08 0.000193193
0.78 1.14 0.000163706
0.78 1.2 0.00013681
0.78 1.26 0.000112764
0.78 1.32 9.16654e-05
0.78 1.38 7.34915e-05
0.78 1.44 5.81101e-05
0.78 1.5 4.53163e-05
0.78 1.56 3.48536e-05
0.78 1.62 2.64382e-05
0.78 1.68 1.97791e-05
0.78 1.74 1.45937e-05
0.78 1.8 1.06197e-05
0.78 1.86 7.62174e-06
0.78 1.92 5.39487e-06
0.84 -0.18 0.000166747
0.84 -0.12 0.000188955
0.84 -0.06 0.000211178
0.84 9.71445e-15 0.000232772
0.84 0.06 0.000253045
0.84 0.12 0.000271302
0.84 0.18 0.000286881
0.84 0.24 0.000299184
0.84 0.3 0.000307723
0.84 0.36 0.000312157
0.84 0.42 0.000312303
0.84 0.48 0.000308154
0.84 0.54 0.000299881
0.84 0.6 0.000287821
0.84 0.66 0.000272444
0.84 0.72 0.000254348
0.84 0.78 0.000234185
0.84 0.84 0.000212662
0.84 0.9 0.000190461
0.84 0.96 0.000168232
0.84 1.02 0.000146555
0.84 1.08 0.000125917
0.84 1.14 0.000106697
0.84 1.2 8.91679e-05
0.84 1.26 7.34959e-05
0.84 1.32 5.97441e-05
0.84 1.38 4.78989e-05
0.84 1.44 3.78742e-05
0.84 1.5 2.95357e-05
0.84 1.56 2.27165e-05
0.84 1.62 1.72315e-05
0.84 1.68 1.28913e-05
0.84 1.74 9.51152e-06
0.84 1.8 6.92158e-06
0.84 1.86 4.96753e-06
0.9 -0.06 0.000135747
0.9 9.71445e-15 0.000149627
0.9 0.06 0.000162657
0.9 0.12 0.000174396
0.9 0.18 0.000184407
0.9 0.24 0.000192317
0.9 0.3 0.000197808
0.9 0.36 0.000200658
0.9 0.42 0.000200751
0.9 0.48 0.000198084
0.9 0.54 0.000192767
0.9 0.6 0.000185012
0.9 0.66 0.000175128
0.9 0.72 0.000163496
0.9 0.78 0.000150537
0.9 0.84 0.000136699
0.9 0.9 0.000122429
0.9 0.96 0.00010814
0.9 1.02 9.42063e-05
0.9 1.08 8.09393e-05
0.9 1.14 6.85848e-05
0.9 1.2 5.73182e-05
0.9 1.26 4.7243e-05
0.9 1.32 3.84042e-05
0.9 1.38 3.07894e-05
0.9 1.44 2.43454e-05
0.9 1.5 1.89856e-05
0.9 1.56 1.46022e-05
0.9 1.62 1.10764e-05
0.9 1.68 8.2865e-06
0.9 1.74 6.11411e-06
0.9 1.8 4.44921e-06
0.9 1.86 3.19315e-06
0.96 0.06 0.000103121
0.96 0.12 0.00011056
0.96 0.18 0.00011691
0.96 0.24 0.000121922
0.96 0.3 0.000125403
0.96 0.36 0.000127211
0.96 0.42 0.00012727
0.96 0.48 0.000125579
0.96 0.54 0.000122207
0.96 0.6 0.000117291
0.96 0.66 0.000111027
0.96 0.72 0.000103651
0.96 0.78 9.54358e-05
0.96 0.84 8.66637e-05
0.96 0.9 7.76156e-05
0.96 0.96 6.85572e-05
0.96 1.02 5.97235e-05
0.96 1.08 5.13131e-05
0.96 1.14 4.34811e-05
0.96 1.2 3.63377e-05
0.96 1.26 2.99507e-05
0.96 1.32 2.43469e-05
0.96 1.38 1.95197e-05
0.96 1.44 1.54343e-05
0.96 1.5 1.20363e-05
0.96 1.56 9.25734e-06
0.96 1.62 7.02212e-06
0.96 1.68 5.2534e-06
0.96 1.74 3.87614e-06
0.96 1.8 2.82067e-06
1.02 0.24 7.6233e-05
1.02 0.3 7.84092e-05
1.02 0.36 7.95387e-05
1.02 0.42 7.95758e-05
1.02 0.48 7.85187e-05
1.02 0.54 7.64109e-05
1.02 0.6 7.33371e-05
1.02 0.66 6.94198e-05
1.02 0.72 6.48083e-05
1.02 0.78 5.96715e-05
1.02 0.84 5.41868e-05
1.02 0.9 4.85296e-05
1.02 0.96 4.28658e-05
1.02 1.02 3.73425e-05
1.02 1.08 3.20838e-05
1.02 1.14 2.71868e-05
1.02 1.2 2.27203e-05
1.02 1.26 1.87269e-05
1.02 1.32 1.5223e-05
1.02 1.38 1.22048e-05
1.02 1.44 9.6504e-06
1.02 1.5 7.52571e-06
1.02 1.56 5.78816e-06
1.02 1.62 4.39062e-06
1.08 0.54 4.71197e-05
1.08 0.6 4.52239e-05
1.08 0.66 4.28084e-05
1.08 0.72 3.99648e-05
1.08 0.78 3.67972e-05
1.08 0.84 3.34146e-05
1.08 0.9 2.99262e-05
1.08 0.96 2.64337e-05
1.08 1.02 2.30277e-05
1.08 1.08 1.97847e-05
1.08 1.14 1.67649e-05
1.08 1.2 1.40109e-05
1.08 1.26 1.1548e-05
1.08 1.32 9.38752e-06
