3938 0.06 0.06 0.280467 -12 -12
-2.82 -0.72 1.73247e-06
-2.82 -0.66 2.12261e-06
-2.82 -0.6 2.56486e-06
-2.82 -0.54 3.05661e-06
-2.82 -0.48 3.59261e-06
-2.82 -0.42 4.16454e-06
-2.82 -0.36 4.76119e-06
-2.82 -0.3 5.3685e-06
-2.82 -0.24 5.97005e-06
-2.82 -0.18 6.54773e-06
-2.82 -0.12 7.08255e-06
-2.82 -0.06 7.55586e-06
-2.82 9.71445e-15 7.94999e-06
-2.76 -0.84 1.85651e-06
-2.76 -0.78 2.33841e-06
-2.76 -0.72 2.90492e-06
-2.76 -0.66 3.55908e-06
-2.76 -0.6 4.30057e-06
-2.76 -0.54 5.12516e-06
-2.76 -0.48 6.02389e-06
-2.76 -0.42 6.98284e-06
-2.76 -0.36 7.98326e-06
-2.76 -0.3 9.00157e-06
-2.76 -0.24 1.00102e-05
-2.76 -0.18 1.09788e-05
-2.76 -0.12 1.18756e-05
-2.76 -0.06 1.26693e-05
-2.76 9.71445e-15 1.333e-05
-2.76 0.06 1.38325e-05
-2.76 0.12 1.41567e-05
-2.76 0.18 1.42892e-05
-2.76 0.24 1.42247e-05
-2.7 -0.9 2.40392e-06
-2.7 -0.84 3.0701e-06
-2.7 -0.78 3.86702e-06
-2.7 -0.72 4.80386e-06
-2.7 -0.66 5.8856e-06
-2.7 -0.6 7.1119e-06
-2.7 -0.54 8.4754e-06
-2.7 -0.48 9.96172e-06
-2.7 -0.42 1.15476e-05
-2.7 -0.36 1.32018e-05
-2.7 -0.3 1.48857e-05
-2.7 -0.24 1.65537e-05
-2.7 -0.18 1.81556e-05
-2.7 -0.12 1.96388e-05
-2.7 -0.06 2.0951e-05
-2.7 9.71445e-15 2.20439e-05
-2.7 0.06 2.28747e-05
-2.7 0.12 2.34107e-05
-2.7 0.18 2.36301e-05
-2.7 0.24 2.35235e-05
-2.7 0.3 2.30955e-05
-2.7 0.36 2.23637e-05
-2.7 0.42 2.13573e-05
-2.7 0.48 2.01158e-05
-2.64 -0.96 3.02773e-06
-2.64 -0.9 3.9207e-06
-2.64 -0.84 5.00724e-06
-2.64 -0.78 6.30696e-06
-2.64 -0.72 7.83495e-06
-2.64 -0.66 9.5993e-06
-2.64 -0.6 1.15991e-05
-2.64 -0.54 1.38233e-05
-2.64 -0.48 1.6247e-05
-2.64 -0.42 1.88337e-05
-2.64 -0.36 2.15319e-05
-2.64 -0.3 2.42783e-05
-2.64 -0.24 2.69987e-05
-2.64 -0.18 2.96112e-05
-2.64 -0.12 3.20301e-05
-2.64 -0.06 3.41706e-05
-2.64 9.71445e-15 3.59524e-05
-2.64 0.06 3.73081e-05
-2.64 0.12 3.81821e-05
-2.64 0.18 3.85393e-05
-2.64 0.24 3.83657e-05
-2.64 0.3 3.76677e-05
-2.64 0.36 3.64741e-05
-2.64 0.42 3.48329e-05
-2.64 0.48 3.28081e-05
-2.64 0.54 3.04764e-05
-2.64 0.6 2.79212e-05
-2.58 -1.02 3.70932e-06
-2.58 -0.96 4.87024e-06
-2.58 -0.9 6.30665e-06
-2.58 -0.84 8.05442e-06
-2.58 -0.78 1.01451e-05
-2.58 -0.72 1.26028e-05
-2.58 -0.66 1.54407e-05
-2.58 -0.6 1.86579e-05
-2.58 -0.54 2.22351e-05
-2.58 -0.48 2.61343e-05
-2.58 -0.42 3.02947e-05
-2.58 -0.36 3.4635e-05
-2.58 -0.3 3.90528e-05
-2.58 -0.24 4.34287e-05
-2.58 -0.18 4.76312e-05
-2.58 -0.12 5.15219e-05
-2.58 -0.06 5.49644e-05
-2.58 9.71445e-15 5.78319e-05
-2.58 0.06 6.00111e-05
-2.58 0.12 6.14177e-05
-2.58 0.18 6.1993e-05
-2.58 0.24 6.17132e-05
-2.58 0.3 6.05903e-05
-2.58 0.36 5.86702e-05
-2.58 0.42 5.603e-05
-2.58 0.48 5.27737e-05
-2.58 0.54 4.90227e-05
-2.58 0.6 4.49127e-05
-2.58 0.66 4.05813e-05
-2.58 0.72 3.61642e-05
-2.52 -1.08 4.42026e-06
-2.52 -1.02 5.88462e-06
-2.52 -0.96 7.72639e-06
-2.52 -0.9 1.00051e-05
-2.52 -0.84 1.27778e-05
-2.52 -0.78 1.60946e-05
-2.52 -0.72 1.99937e-05
-2.52 -0.66 2.44959e-05
-2.52 -0.6 2.95994e-05
-2.52 -0.54 3.52748e-05
-2.52 -0.48 4.14603e-05
-2.52 -0.42 4.80608e-05
-2.52 -0.36 5.49459e-05
-2.52 -0.3 6.1954e-05
-2.52 -0.24 6.8896e-05
-2.52 -0.18 7.55633e-05
-2.52 -0.12 8.17366e-05
-2.52 -0.06 8.7198e-05
-2.52 9.71445e-15 9.17456e-05
-2.52 0.06 9.52043e-05
-2.52 0.12 9.74352e-05
-2.52 0.18 9.83477e-05
-2.52 0.24 9.79044e-05
-2.52 0.3 9.61232e-05
-2.52 0.36 9.30773e-05
-2.52 0.42 8.88886e-05
-2.52 0.48 8.37206e-05
-2.52 0.54 7.77718e-05
-2.52 0.6 7.12505e-05
-2.52 0.66 6.43802e-05
-2.52 0.72 5.73717e-05
-2.52 0.78 5.0424e-05
-2.52 0.84 4.37084e-05
-2.46 -1.14 5.12369e-06
-2.46 -1.08 6.9161e-06
-2.46 -1.02 9.20728e-06
-2.46 -0.96 1.20888e-05
-2.46 -0.9 1.56541e-05
-2.46 -0.84 1.99924e-05
-2.46 -0.78 2.51819e-05
-2.46 -0.72 3.12825e-05
-2.46 -0.66 3.8327e-05
-2.46 -0.6 4.63122e-05
-2.46 -0.54 5.51918e-05
-2.46 -0.48 6.48703e-05
-2.46 -0.42 7.51966e-05
-2.46 -0.36 8.59699e-05
-2.46 -0.3 9.69358e-05
-2.46 -0.24 0.000107798
-2.46 -0.18 0.000118228
-2.46 -0.12 0.000127886
-2.46 -0.06 0.000136433
-2.46 9.71445e-15 0.000143549
-2.46 0.06 0.000148959
-2.46 0.12 0.000152451
-2.46 0.18 0.000153878
-2.46 0.24 0.000153183
-2.46 0.3 0.000150396
-2.46 0.36 0.000145631
-2.46 0.42 0.000139078
-2.46 0.48 0.000130994
-2.46 0.54 0.000121683
-2.46 0.6 0.000111482
-2.46 0.66 0.000100731
-2.46 0.72 8.9766e-05
-2.46 0.78 7.88948e-05
-2.46 0.84 6.83871e-05
-2.46 0.9 5.84643e-05
-2.46 0.96 4.92945e-05
-2.4 -1.2 5.7769e-06
-2.4 -1.14 7.90641e-06
-2.4 -1.08 1.06724e-05
-2.4 -1.02 1.42079e-05
-2.4 -0.96 1.86546e-05
-2.4 -0.9 2.41563e-05
-2.4 -0.84 3.08507e-05
-2.4 -0.78 3.88589e-05
-2.4 -0.72 4.82731e-05
-2.4 -0.66 5.91432e-05
-2.4 -0.6 7.14651e-05
-2.4 -0.54 8.51683e-05
-2.4 -0.48 0.000100102
-2.4 -0.42 0.000116038
-2.4 -0.36 0.000132663
-2.4 -0.3 0.000149584
-2.4 -0.24 0.000166345
-2.4 -0.18 0.000182441
-2.4 -0.12 0.000197346
-2.4 -0.06 0.000210532
-2.4 9.71445e-15 0.000221513
-2.4 0.06 0.000229863
-2.4 0.12 0.00023525
-2.4 0.18 0.000237451
-2.4 0.24 0.000236379
-2.4 0.3 0.000232079
-2.4 0.36 0.000224725
-2.4 0.42 0.000214613
-2.4 0.48 0.000202139
-2.4 0.54 0.000187773
-2.4 0.6 0.000172029
-2.4 0.66 0.000155441
-2.4 0.72 0.00013852
-2.4 0.78 0.000121743
-2.4 0.84 0.000105529
-2.4 0.9 9.02169e-05
-2.4 0.96 7.60668e-05
-2.4 1.02 6.32546e-05
-2.34 -1.26 6.33553e-06
-2.34 -1.2 8.79193e-06
-2.34 -1.14 1.20329e-05
-2.34 -1.08 1.62425e-05
-2.34 -1.02 2.16231e-05
-2.34 -0.96 2.83907e-05
-2.34 -0.9 3.67639e-05
-2.34 -0.84 4.69521e-05
-2.34 -0.78 5.91399e-05
-2.34 -0.72 7.34675e-05
-2.34 -0.66 9.0011e-05
-2.34 -0.6 0.000108763
-2.34 -0.54 0.000129619
-2.34 -0.48 0.000152346
-2.34 -0.42 0.0001766
-2.34 -0.36 0.000201901
-2.34 -0.3 0.000227654
-2.34 -0.24 0.000253162
-2.34 -0.18 0.000277659
-2.34 -0.12 0.000300343
-2.34 -0.06 0.000320412
-2.34 9.71445e-15 0.000337122
-2.34 0.06 0.000349832
-2.34 0.12 0.00035803
-2.34 0.18 0.000361379
-2.34 0.24 0.00035975
-2.34 0.3 0.000353206
-2.34 0.36 0.000342014
-2.34 0.42 0.000326623
-2.34 0.48 0.000307636
-2.34 0.54 0.000285774
-2.34 0.6 0.000261812
-2.34 0.66 0.000236567
-2.34 0.72 0.000210814
-2.34 0.78 0.000185283
-2.34 0.84 0.000160607
-2.34 0.9 0.000137303
-2.34 0.96 0.000115767
-2.34 1.02 9.62675e-05
-2.34 1.08 7.89517e-05
-2.34 1.14 6.38611e-05
-2.28 -1.26 9.50957e-06
-2.28 -1.2 1.31966e-05
-2.28 -1.14 1.80614e-05
-2.28 -1.08 2.43797e-05
-2.28 -1.02 3.24562e-05
-2.28 -0.96 4.26144e-05
-2.28 -0.9 5.51825e-05
-2.28 -0.84 7.0475e-05
-2.28 -0.78 8.87687e-05
-2.28 -0.72 0.000110274
-2.28 -0.66 0.000135106
-2.28 -0.6 0.000163253
-2.28 -0.54 0.000194556
-2.28 -0.48 0.000228671
-2.28 -0.42 0.000265076
-2.28 -0.36 0.000303051
-2.28 -0.3 0.000341704
-2.28 -0.24 0.000379992
-2.28 -0.18 0.000416765
-2.28 -0.12 0.000450813
-2.28 -0.06 0.000480935
-2.28 9.71445e-15 0.000506018
-2.28 0.06 0.000525093
-2.28 0.12 0.000537399
-2.28 0.18 0.000542429
-2.28 0.24 0.000539985
-2.28 0.3 0.000530161
-2.28 0.36 0.000513361
-2.28 0.42 0.000490259
-2.28 0.48 0.000461757
-2.28 0.54 0.000428946
-2.28 0.6 0.000392977
-2.28 0.66 0.000355085
-2.28 0.72 0.000316431
-2.28 0.78 0.00027811
-2.28 0.84 0.000241071
-2.28 0.9 0.000206092
-2.28 0.96 0.000173766
-2.28 1.02 0.000144496
-2.28 1.08 0.000118506
-2.28 1.14 9.58551e-05
-2.28 1.2 7.64671e-05
-2.22 -1.32 1.0005e-05
-2.22 -1.26 1.40776e-05
-2.22 -1.2 1.95357e-05
-2.22 -1.14 2.67374e-05
-2.22 -1.08 3.60908e-05
-2.22 -1.02 4.80466e-05
-2.22 -0.96 6.30847e-05
-2.22 -0.9 8.16902e-05
-2.22 -0.84 0.000104329
-2.22 -0.78 0.00013141
-2.22 -0.72 0.000163245
-2.22 -0.66 0.000200005
-2.22 -0.6 0.000241674
-2.22 -0.54 0.000288012
-2.22 -0.48 0.000338515
-2.22 -0.42 0.00039241
-2.22 -0.36 0.000448628
-2.22 -0.3 0.000505849
-2.22 -0.24 0.00056253
-2.22 -0.18 0.000616965
-2.22 -0.12 0.000667365
-2.22 -0.06 0.000711955
-2.22 9.71445e-15 0.000749091
-2.22 0.06 0.000777329
-2.22 0.12 0.000795541
-2.22 0.18 0.00080299
-2.22 0.24 0.000799373
-2.22 0.3 0.00078483
-2.22 0.36 0.000759958
-2.22 0.42 0.000725755
-2.22 0.48 0.000683572
-2.22 0.54 0.000634993
-2.22 0.6 0.000581751
-2.22 0.66 0.000525652
-2.22 0.72 0.000468432
-2.22 0.78 0.000411704
-2.22 0.84 0.000356873
-2.22 0.9 0.000305091
-2.22 0.96 0.000257236
-2.22 1.02 0.000213905
-2.22 1.08 0.000175433
-2.22 1.14 0.000141899
-2.22 1.2 0.000113199
-2.22 1.26 8.90617e-05
-2.16 -1.38 1.02388e-05
-2.16 -1.32 1.46073e-05
-2.16 -1.26 2.05534e-05
-2.16 -1.2 2.85225e-05
-2.16 -1.14 3.90364e-05
-2.16 -1.08 5.26934e-05
-2.16 -1.02 7.01486e-05
-2.16 -0.96 9.21034e-05
-2.16 -0.9 0.000119268
-2.16 -0.84 0.000152321
-2.16 -0.78 0.000191859
-2.16 -0.72 0.000238339
-2.16 -0.66 0.00029201
-2.16 -0.6 0.000352846
-2.16 -0.54 0.000420504
-2.16 -0.48 0.000494235
-2.16 -0.42 0.00057292
-2.16 -0.36 0.000655003
-2.16 -0.3 0.000738549
-2.16 -0.24 0.000821303
-2.16 -0.18 0.000900775
-2.16 -0.12 0.000974357
-2.16 -0.06 0.00103947
-2.16 9.71445e-15 0.00109368
-2.16 0.06 0.00113491
-2.16 0.12 0.0011615
-2.16 0.18 0.00117237
-2.16 0.24 0.00116708
-2.16 0.3 0.00114585
-2.16 0.36 0.00110954
-2.16 0.42 0.00105961
-2.16 0.48 0.000998029
-2.16 0.54 0.000927092
-2.16 0.6 0.000849363
-2.16 0.66 0.00076746
-2.16 0.72 0.000683913
-2.16 0.78 0.000601088
-2.16 0.84 0.000521034
-2.16 0.9 0.000445432
-2.16 0.96 0.000375565
-2.16 1.02 0.000312308
-2.16 1.08 0.000256134
-2.16 1.14 0.000207175
-2.16 1.2 0.000165272
-2.16 1.26 0.000130031
-2.16 1.32 0.000100899
-2.1 -1.38 1.47433e-05
-2.1 -1.32 2.10339e-05
-2.1 -1.26 2.95959e-05
-2.1 -1.2 4.10702e-05
-2.1 -1.14 5.6211e-05
-2.1 -1.08 7.58746e-05
-2.1 -1.02 0.000101011
-2.1 -0.96 0.000132624
-2.1 -0.9 0.000171739
-2.1 -0.84 0.000219334
-2.1 -0.78 0.000276267
-2.1 -0.72 0.000343195
-2.1 -0.66 0.000420473
-2.1 -0.6 0.000508084
-2.1 -0.54 0.000605496
-2.1 -0.48 0.000711679
-2.1 -0.42 0.000824969
-2.1 -0.36 0.000943161
-2.1 -0.3 0.00106346
-2.1 -0.24 0.00118263
-2.1 -0.18 0.00129707
-2.1 -0.12 0.00140302
-2.1 -0.06 0.00149676
-2.1 9.71445e-15 0.00157485
-2.1 0.06 0.00163418
-2.1 0.12 0.0016725
-2.1 0.18 0.00168817
-2.1 0.24 0.00168055
-2.1 0.3 0.00164997
-2.1 0.36 0.00159768
-2.1 0.42 0.00152579
-2.1 0.48 0.0014371
-2.1 0.54 0.00133497
-2.1 0.6 0.00122303
-2.1 0.66 0.0011051
-2.1 0.72 0.000984808
-2.1 0.78 0.000865542
-2.1 0.84 0.000750263
-2.1 0.9 0.000641401
-2.1 0.96 0.000540799
-2.1 1.02 0.000449706
-2.1 1.08 0.000368818
-2.1 1.14 0.00029832
-2.1 1.2 0.000237983
-2.1 1.26 0.000187237
-2.1 1.32 0.000145288
-2.1 1.38 0.000111189
-2.04 -1.44 1.44743e-05
-2.04 -1.38 2.09378e-05
-2.04 -1.32 2.98711e-05
-2.04 -1.26 4.20302e-05
-2.04 -1.2 5.83265e-05
-2.04 -1.14 7.98276e-05
-2.04 -1.08 0.000107754
-2.04 -1.02 0.000143451
-2.04 -0.96 0.000188346
-2.04 -0.9 0.000243894
-2.04 -0.84 0.000311483
-2.04 -0.78 0.000392336
-2.04 -0.72 0.000487388
-2.04 -0.66 0.000597145
-2.04 -0.6 0.000721549
-2.04 -0.54 0.000859901
-2.04 -0.48 0.00101069
-2.04 -0.42 0.00117159
-2.04 -0.36 0.00133943
-2.04 -0.3 0.00151027
-2.04 -0.24 0.0016795
-2.04 -0.18 0.00184201
-2.04 -0.12 0.0019925
-2.04 -0.06 0.00212566
-2.04 9.71445e-15 0.00223649
-2.04 0.06 0.00232083
-2.04 0.12 0.00237519
-2.04 0.18 0.00239743
-2.04 0.24 0.00238662
-2.04 0.3 0.0023432
-2.04 0.36 0.00226895
-2.04 0.42 0.00216686
-2.04 0.48 0.0020409
-2.04 0.54 0.00189584
-2.04 0.6 0.00173691
-2.04 0.66 0.0015694
-2.04 0.72 0.00139856
-2.04 0.78 0.00122919
-2.04 0.84 0.00106549
-2.04 0.9 0.000910884
-2.04 0.96 0.000768014
-2.04 1.02 0.000638652
-2.04 1.08 0.000523774
-2.04 1.14 0.000423662
-2.04 1.2 0.000337967
-2.04 1.26 0.000265907
-2.04 1.32 0.000206333
-2.04 1.38 0.000157905
-2.04 1.44 0.000119182
-1.98 -1.5 1.38222e-05
-1.98 -1.44 2.02731e-05
-1.98 -1.38 2.93261e-05
-1.98 -1.32 4.18386e-05
-1.98 -1.26 5.88692e-05
-1.98 -1.2 8.16939e-05
-1.98 -1.14 0.000111809
-1.98 -1.08 0.000150924
-1.98 -1.02 0.000200919
-1.98 -0.96 0.000263804
-1.98 -0.9 0.000341609
-1.98 -0.84 0.000436279
-1.98 -0.78 0.000549525
-1.98 -0.72 0.00068265
-1.98 -0.66 0.000836372
-1.98 -0.6 0.00101063
-1.98 -0.54 0.0012044
-1.98 -0.48 0.0014156
-1.98 -0.42 0.00164096
-1.98 -0.36 0.00187606
-1.98 -0.3 0.00211535
-1.98 -0.24 0.00235238
-1.98 -0.18 0.00258001
-1.98 -0.12 0.00279076
-1.98 -0.06 0.00297722
-1.98 9.71445e-15 0.00313254
-1.98 0.06 0.00325061
-1.98 0.12 0.00332676
-1.98 0.18 0.00335792
-1.98 0.24 0.00334277
-1.98 0.3 0.00328196
-1.98 0.36 0.00317795
-1.98 0.42 0.00303493
-1.98 0.48 0.00285856
-1.98 0.54 0.00265539
-1.98 0.6 0.00243275
-1.98 0.66 0.00219814
-1.98 0.72 0.00195888
-1.98 0.78 0.00172165
-1.98 0.84 0.00149235
-1.98 0.9 0.00127581
-1.98 0.96 0.0010757
-1.98 1.02 0.00089451
-1.98 1.08 0.000733621
-1.98 1.14 0.000593385
-1.98 1.2 0.000473374
-1.98 1.26 0.000372436
-1.98 1.32 0.000288995
-1.98 1.38 0.000221166
-1.98 1.44 0.00016693
-1.98 1.5 0.000124263
-1.92 -1.5 1.90935e-05
-1.92 -1.44 2.80048e-05
-1.92 -1.38 4.05104e-05
-1.92 -1.32 5.77949e-05
-1.92 -1.26 8.13203e-05
-1.92 -1.2 0.000112849
-1.92 -1.14 0.000154452
-1.92 -1.08 0.000208481
-1.92 -1.02 0.000277548
-1.92 -0.96 0.000364415
-1.92 -0.9 0.00047189
-1.92 -0.84 0.000602662
-1.92 -0.78 0.000759099
-1.92 -0.72 0.000943
-1.92 -0.66 0.00115535
-1.92 -0.6 0.00139606
-1.92 -0.54 0.00166372
-1.92 -0.48 0.00195548
-1.92 -0.42 0.0022668
-1.92 -0.36 0.00259153
-1.92 -0.3 0.00292206
-1.92 -0.24 0.00324949
-1.92 -0.18 0.00356394
-1.92 -0.12 0.0038551
-1.92 -0.06 0.00411268
-1.92 9.71445e-15 0.0043272
-1.92 0.06 0.00449031
-1.92 0.12 0.0045955
-1.92 0.18 0.00463858
-1.92 0.24 0.00461767
-1.92 0.3 0.00453366
-1.92 0.36 0.00438999
-1.92 0.42 0.00419243
-1.92 0.48 0.00394872
-1.92 0.54 0.0036681
-1.92 0.6 0.00336055
-1.92 0.66 0.00303648
-1.92 0.72 0.00270595
-1.92 0.78 0.00237826
-1.92 0.84 0.00206152
-1.92 0.9 0.00176239
-1.92 0.96 0.00148596
-1.92 1.02 0.00123565
-1.92 1.08 0.0010134
-1.92 1.14 0.0008197
-1.92 1.2 0.000653903
-1.92 1.26 0.000514475
-1.92 1.32 0.000399211
-1.92 1.38 0.000305514
-1.92 1.44 0.000230593
-1.92 1.5 0.000171653
-1.92 1.56 0.000126023
-1.86 -1.56 1.74917e-05
-1.86 -1.5 2.60129e-05
-1.86 -1.44 3.81534e-05
-1.86 -1.38 5.51909e-05
-1.86 -1.32 7.87394e-05
-1.86 -1.26 0.000110791
-1.86 -1.2 0.000153744
-1.86 -1.14 0.000210423
-1.86 -1.08 0.000284033
-1.86 -1.02 0.00037813
-1.86 -0.96 0.000496472
-1.86 -0.9 0.000642897
-1.86 -0.84 0.000821064
-1.86 -0.78 0.00103419
-1.86 -0.72 0.00128473
-1.86 -0.66 0.00157402
-1.86 -0.6 0.00190199
-1.86 -0.54 0.00226664
-1.86 -0.48 0.00266414
-1.86 -0.42 0.00308823
-1.86 -0.36 0.00353067
-1.86 -0.3 0.00398101
-1.86 -0.24 0.00442709
-1.86 -0.18 0.0048555
-1.86 -0.12 0.00525214
-1.86 -0.06 0.00560307
-1.86 9.71445e-15 0.00589537
-1.86 0.06 0.0061175
-1.86 0.12 0.00626093
-1.86 0.18 0.00631957
-1.86 0.24 0.00629104
-1.86 0.3 0.00617658
-1.86 0.36 0.00598085
-1.86 0.42 0.00571173
-1.86 0.48 0.00537971
-1.86 0.54 0.00499737
-1.86 0.6 0.00457837
-1.86 0.66 0.00413687
-1.86 0.72 0.00368658
-1.86 0.78 0.00324011
-1.86 0.84 0.00280857
-1.86 0.9 0.00240106
-1.86 0.96 0.00202446
-1.86 1.02 0.00168345
-1.86 1.08 0.00138065
-1.86 1.14 0.00111675
-1.86 1.2 0.000890876
-1.86 1.26 0.000700913
-1.86 1.32 0.000543879
-1.86 1.38 0.000416229
-1.86 1.44 0.000314159
-1.86 1.5 0.000233858
-1.86 1.56 0.000171691
-1.86 1.62 0.000124319
-1.8 -1.56 2.35031e-05
-1.8 -1.5 3.49527e-05
-1.8 -1.44 5.12653e-05
-1.8 -1.38 7.41578e-05
-1.8 -1.32 0.000105799
-1.8 -1.26 0.000148866
-1.8 -1.2 0.000206582
-1.8 -1.14 0.000282737
-1.8 -1.08 0.000381646
-1.8 -1.02 0.000508077
-1.8 -0.96 0.000667094
-1.8 -0.9 0.000863841
-1.8 -0.84 0.00110324
-1.8 -0.78 0.00138961
-1.8 -0.72 0.00172626
-1.8 -0.66 0.00211496
-1.8 -0.6 0.00255562
-1.8 -0.54 0.00304562
-1.8 -0.48 0.00357969
-1.8 -0.42 0.00414956
-1.8 -0.36 0.00474404
-1.8 -0.3 0.00534914
-1.8 -0.24 0.00594853
-1.8 -0.18 0.00652417
-1.8 -0.12 0.00705714
-1.8 -0.06 0.00752861
-1.8 9.71445e-15 0.00792139
-1.8 0.06 0.00821988
-1.8 0.12 0.00841259
-1.8 0.18 0.00849134
-1.8 0.24 0.008453
-1.8 0.3 0.00829923
-1.8 0.36 0.00803624
-1.8 0.42 0.0076746
-1.8 0.48 0.00722851
-1.8 0.54 0.00671482
-1.8 0.6 0.00615176
-1.8 0.66 0.00555858
-1.8 0.72 0.00495352
-1.8 0.78 0.0043536
-1.8 0.84 0.00377376
-1.8 0.9 0.0032262
-1.8 0.96 0.00272017
-1.8 1.02 0.00226199
-1.8 1.08 0.00185513
-1.8 1.14 0.00150053
-1.8 1.2 0.00119704
-1.8 1.26 0.000941787
-1.8 1.32 0.000730793
-1.8 1.38 0.000559274
-1.8 1.44 0.000422125
-1.8 1.5 0.000314228
-1.8 1.56 0.000230696
-1.8 1.62 0.000167042
-1.8 1.68 0.000119288
-1.74 -1.56 3.11462e-05
-1.74 -1.5 4.63191e-05
-1.74 -1.44 6.79364e-05
-1.74 -1.38 9.82734e-05
-1.74 -1.32 0.000140204
-1.74 -1.26 0.000197276
-1.74 -1.2 0.000273761
-1.74 -1.14 0.000374681
-1.74 -1.08 0.000505755
-1.74 -1.02 0.000673297
-1.74 -0.96 0.000884031
-1.74 -0.9 0.00114476
-1.74 -0.84 0.001462
-1.74 -0.78 0.0018415
-1.74 -0.72 0.00228762
-1.74 -0.66 0.00280274
-1.74 -0.6 0.00338669
-1.74 -0.54 0.00403602
-1.74 -0.48 0.00474377
-1.74 -0.42 0.00549899
-1.74 -0.36 0.0062868
-1.74 -0.3 0.00708867
-1.74 -0.24 0.00788297
-1.74 -0.18 0.0086458
-1.74 -0.12 0.00935208
-1.74 -0.06 0.00997687
-1.74 9.71445e-15 0.0104974
-1.74 0.06 0.010893
-1.74 0.12 0.0111483
-1.74 0.18 0.0112526
-1.74 0.24 0.0112019
-1.74 0.3 0.0109981
-1.74 0.36 0.0106496
-1.74 0.42 0.0101703
-1.74 0.48 0.00957919
-1.74 0.54 0.00889844
-1.74 0.6 0.00815227
-1.74 0.66 0.00736619
-1.74 0.72 0.00656436
-1.74 0.78 0.00576936
-1.74 0.84 0.00500099
-1.74 0.9 0.00427535
-1.74 0.96 0.00360475
-1.74 1.02 0.00299756
-1.74 1.08 0.00245842
-1.74 1.14 0.00198849
-1.74 1.2 0.00158631
-1.74 1.26 0.00124805
-1.74 1.32 0.000968442
-1.74 1.38 0.000741145
-1.74 1.44 0.000559397
-1.74 1.5 0.000416413
-1.74 1.56 0.000305719
-1.74 1.62 0.000221362
-1.74 1.68 0.00015808
-1.68 -1.62 2.69961e-05
-1.68 -1.56 4.07074e-05
-1.68 -1.5 6.05381e-05
-1.68 -1.44 8.87917e-05
-1.68 -1.38 0.000128441
-1.68 -1.32 0.000183243
-1.68 -1.26 0.000257834
-1.68 -1.2 0.000357802
-1.68 -1.14 0.000489699
-1.68 -1.08 0.000661015
-1.68 -1.02 0.000879979
-1.68 -0.96 0.00115541
-1.68 -0.9 0.00149617
-1.68 -0.84 0.00191081
-1.68 -0.78 0.0024068
-1.68 -0.72 0.00298986
-1.68 -0.66 0.00366314
-1.68 -0.6 0.00442632
-1.68 -0.54 0.00527503
-1.68 -0.48 0.00619998
-1.68 -0.42 0.00718707
-1.68 -0.36 0.00821674
-1.68 -0.3 0.00926477
-1.68 -0.24 0.0103029
-1.68 -0.18 0.0112999
-1.68 -0.12 0.0122229
-1.68 -0.06 0.0130396
-1.68 9.71445e-15 0.0137198
-1.68 0.06 0.014237
-1.68 0.12 0.0145705
-1.68 0.18 0.0147069
-1.68 0.24 0.0146407
-1.68 0.3 0.0143743
-1.68 0.36 0.0139188
-1.68 0.42 0.0132923
-1.68 0.48 0.0125198
-1.68 0.54 0.01163
-1.68 0.6 0.0106549
-1.68 0.66 0.00962741
-1.68 0.72 0.00857945
-1.68 0.78 0.00754043
-1.68 0.84 0.00653619
-1.68 0.9 0.00558779
-1.68 0.96 0.00471132
-1.68 1.02 0.00391775
-1.68 1.08 0.0032131
-1.68 1.14 0.00259891
-1.68 1.2 0.00207327
-1.68 1.26 0.00163118
-1.68 1.32 0.00126574
-1.68 1.38 0.00096866
-1.68 1.44 0.00073112
-1.68 1.5 0.000544247
-1.68 1.56 0.000399569
-1.68 1.62 0.000289315
-1.68 1.68 0.000206608
-1.68 1.74 0.000145515
-1.62 -1.62 3.47985e-05
-1.62 -1.56 5.2472e-05
-1.62 -1.5 7.80342e-05
-1.62 -1.44 0.000114454
-1.62 -1.38 0.000165563
-1.62 -1.32 0.000236202
-1.62 -1.26 0.000332353
-1.62 -1.2 0.000461212
-1.62 -1.14 0.000631224
-1.62 -1.08 0.000852059
-1.62 -1.02 0.00113432
-1.62 -0.96 0.00148933
-1.62 -0.9 0.00192857
-1.62 -0.84 0.00246304
-1.62 -0.78 0.00310238
-1.62 -0.72 0.00385399
-1.62 -0.66 0.00472184
-1.62 -0.6 0.00570556
-1.62 -0.54 0.0067996
-1.62 -0.48 0.00799188
-1.62 -0.42 0.00926416
-1.62 -0.36 0.0105915
-1.62 -0.3 0.0119424
-1.62 -0.24 0.0132806
-1.62 -0.18 0.0145656
-1.62 -0.12 0.0157555
-1.62 -0.06 0.0168083
-1.62 9.71445e-15 0.0176849
-1.62 0.06 0.0183517
-1.62 0.12 0.0187817
-1.62 0.18 0.0189574
-1.62 0.24 0.0188718
-1.62 0.3 0.0185285
-1.62 0.36 0.0179414
-1.62 0.42 0.0171341
-1.62 0.48 0.0161383
-1.62 0.54 0.0149912
-1.62 0.6 0.0137343
-1.62 0.66 0.01241
-1.62 0.72 0.011059
-1.62 0.78 0.00971966
-1.62 0.84 0.00842515
-1.62 0.9 0.00720266
-1.62 0.96 0.00607295
-1.62 1.02 0.00505007
-1.62 1.08 0.00414171
-1.62 1.14 0.00335004
-1.62 1.2 0.00267246
-1.62 1.26 0.00210262
-1.62 1.32 0.00163156
-1.62 1.38 0.00124862
-1.62 1.44 0.000942428
-1.62 1.5 0.000701543
-1.62 1.56 0.000515047
-1.62 1.62 0.00037293
-1.62 1.68 0.000266321
-1.62 1.74 0.00018757
-1.62 1.8 0.000130292
-1.56 -1.62 4.42394e-05
-1.56 -1.56 6.67077e-05
-1.56 -1.5 9.92049e-05
-1.56 -1.44 0.000145505
-1.56 -1.38 0.00021048
-1.56 -1.32 0.000300286
-1.56 -1.26 0.000422519
-1.56 -1.2 0.000586329
-1.56 -1.14 0.000802484
-1.56 -1.08 0.00108321
-1.56 -1.02 0.00144206
-1.56 -0.96 0.00189338
-1.56 -0.9 0.0024518
-1.56 -0.84 0.00313127
-1.56 -0.78 0.00394407
-1.56 -0.72 0.00489954
-1.56 -0.66 0.00600278
-1.56 -0.6 0.00725355
-1.56 -0.54 0.00864421
-1.56 -0.48 0.0101601
-1.56 -0.42 0.0117775
-1.56 -0.36 0.0134648
-1.56 -0.3 0.0151823
-1.56 -0.24 0.0168835
-1.56 -0.18 0.0185173
-1.56 -0.12 0.0200299
-1.56 -0.06 0.0213681
-1.56 9.71445e-15 0.022483
-1.56 0.06 0.0233301
-1.56 0.12 0.0238771
-1.56 0.18 0.0241007
-1.56 0.24 0.0239919
-1.56 0.3 0.0235554
-1.56 0.36 0.0228089
-1.56 0.42 0.0217826
-1.56 0.48 0.0205165
-1.56 0.54 0.0190583
-1.56 0.6 0.0174604
-1.56 0.66 0.0157766
-1.56 0.72 0.0140594
-1.56 0.78 0.0123567
-1.56 0.84 0.010711
-1.56 0.9 0.00915682
-1.56 0.96 0.00772059
-1.56 1.02 0.00642012
-1.56 1.08 0.00526535
-1.56 1.14 0.00425889
-1.56 1.2 0.00339751
-1.56 1.26 0.00267305
-1.56 1.32 0.00207416
-1.56 1.38 0.00158736
-1.56 1.44 0.0011981
-1.56 1.5 0.000891857
-1.56 1.56 0.000654774
-1.56 1.62 0.000474109
-1.56 1.68 0.000338571
-1.56 1.74 0.000238458
-1.56 1.8 0.00016564
-1.5 -1.68 3.62798e-05
-1.5 -1.62 5.54685e-05
-1.5 -1.56 8.36388e-05
-1.5 -1.5 0.000124384
-1.5 -1.44 0.000182437
-1.5 -1.38 0.000263904
-1.5 -1.32 0.000376501
-1.5 -1.26 0.000529759
-1.5 -1.2 0.000735159
-1.5 -1.14 0.00100616
-1.5 -1.08 0.00135815
-1.5 -1.02 0.00180808
-1.5 -0.96 0.00237395
-1.5 -0.9 0.00307409
-1.5 -0.84 0.003926
-1.5 -0.78 0.00494508
-1.5 -0.72 0.00614314
-1.5 -0.66 0.00752653
-1.5 -0.6 0.00909456
-1.5 -0.54 0.0108384
-1.5 -0.48 0.0127389
-1.5 -0.42 0.0147669
-1.5 -0.36 0.0168825
-1.5 -0.3 0.0190358
-1.5 -0.24 0.0211688
-1.5 -0.18 0.0232171
-1.5 -0.12 0.0251138
-1.5 -0.06 0.0267922
-1.5 9.71445e-15 0.0281892
-1.5 0.06 0.0292522
-1.5 0.12 0.0299374
-1.5 0.18 0.0302178
-1.5 0.24 0.0300814
-1.5 0.3 0.0295341
-1.5 0.36 0.0285983
-1.5 0.42 0.0273116
-1.5 0.48 0.025724
-1.5 0.54 0.0238956
-1.5 0.6 0.0218924
-1.5 0.66 0.0197811
-1.5 0.72 0.0176277
-1.5 0.78 0.015493
-1.5 0.84 0.0134296
-1.5 0.9 0.011481
-1.5 0.96 0.00968022
-1.5 1.02 0.00804971
-1.5 1.08 0.00660174
-1.5 1.14 0.00533993
-1.5 1.2 0.00425981
-1.5 1.26 0.00335156
-1.5 1.32 0.00260067
-1.5 1.38 0.00199027
-1.5 1.44 0.0015022
-1.5 1.5 0.00111824
-1.5 1.56 0.000820974
-1.5 1.62 0.000594447
-1.5 1.68 0.000424508
-1.5 1.74 0.000298984
-1.5 1.8 0.000207681
-1.5 1.86 0.000142279
-1.44 -1.68 4.48635e-05
-1.44 -1.62 6.85908e-05
-1.44 -1.56 0.000103428
-1.44 -1.5 0.000153813
-1.44 -1.44 0.000225599
-1.44 -1.38 0.00032634
-1.44 -1.32 0.000465579
-1.44 -1.26 0.000655096
-1.44 -1.2 0.000909088
-1.44 -1.14 0.00124421
-1.44 -1.08 0.00167948
-1.44 -1.02 0.00223582
-1.44 -0.96 0.00293562
-1.44 -0.9 0.00380143
-1.44 -0.84 0.00485491
-1.44 -0.78 0.00611512
-1.44 -0.72 0.00759654
-1.44 -0.66 0.00930716
-1.44 -0.6 0.0112463
-1.44 -0.54 0.0134026
-1.44 -0.48 0.0157527
-1.44 -0.42 0.0182606
-1.44 -0.36 0.0208768
-1.44 -0.3 0.0235396
-1.44 -0.24 0.0261772
-1.44 -0.18 0.0287103
-1.44 -0.12 0.0310556
-1.44 -0.06 0.0331306
-1.44 9.71445e-15 0.0348588
-1.44 0.06 0.0361728
-1.44 0.12 0.0370202
-1.44 0.18 0.0373668
-1.44 0.24 0.0371984
-1.44 0.3 0.0365217
-1.44 0.36 0.0353643
-1.44 0.42 0.0337726
-1.44 0.48 0.0318099
-1.44 0.54 0.0295492
-1.44 0.6 0.0270715
-1.44 0.66 0.024461
-1.44 0.72 0.0217984
-1.44 0.78 0.0191584
-1.44 0.84 0.0166069
-1.44 0.9 0.0141973
-1.44 0.96 0.0119704
-1.44 1.02 0.00995407
-1.44 1.08 0.00816373
-1.44 1.14 0.0066032
-1.44 1.2 0.0052677
-1.44 1.26 0.00414444
-1.44 1.32 0.00321593
-1.44 1.38 0.00246113
-1.44 1.44 0.0018576
-1.44 1.5 0.0013828
-1.44 1.56 0.00101521
-1.44 1.62 0.000735081
-1.44 1.68 0.000524942
-1.44 1.74 0.000369719
-1.44 1.8 0.000256818
-1.44 1.86 0.000175939
-1.38 -1.68 5.47143e-05
-1.38 -1.62 8.36536e-05
-1.38 -1.56 0.000126139
-1.38 -1.5 0.000187588
-1.38 -1.44 0.000275137
-1.38 -1.38 0.000398001
-1.38 -1.32 0.000567816
-1.38 -1.26 0.000798948
-1.38 -1.2 0.0011087
-1.38 -1.14 0.00151744
-1.38 -1.08 0.00204825
-1.38 -1.02 0.00272683
-1.38 -0.96 0.00358025
-1.38 -0.9 0.00463614
-1.38 -0.84 0.00592095
-1.38 -0.78 0.00745788
-1.38 -0.72 0.00926463
-1.38 -0.66 0.0113509
-1.38 -0.6 0.0137159
-1.38 -0.54 0.0163455
-1.38 -0.48 0.019212
-1.38 -0.42 0.0222704
-1.38 -0.36 0.0254607
-1.38 -0.3 0.0287083
-1.38 -0.24 0.0319252
-1.38 -0.18 0.0350145
-1.38 -0.12 0.0378749
-1.38 -0.06 0.0404058
-1.38 9.71445e-15 0.0425134
-1.38 0.06 0.0441156
-1.38 0.12 0.0451495
-1.38 0.18 0.0455726
-1.38 0.24 0.045367
-1.38 0.3 0.0445416
-1.38 0.36 0.0431302
-1.38 0.42 0.0411893
-1.38 0.48 0.0387949
-1.38 0.54 0.0360377
-1.38 0.6 0.0330162
-1.38 0.66 0.0298323
-1.38 0.72 0.0265851
-1.38 0.78 0.0233656
-1.38 0.84 0.0202537
-1.38 0.9 0.0173149
-1.38 0.96 0.0145991
-1.38 1.02 0.01214
-1.38 1.08 0.00995628
-1.38 1.14 0.00805329
-1.38 1.2 0.00642439
-1.38 1.26 0.00505453
-1.38 1.32 0.00392212
-1.38 1.38 0.00300156
-1.38 1.44 0.0022655
-1.38 1.5 0.00168643
-1.38 1.56 0.00123813
-1.38 1.62 0.000896507
-1.38 1.68 0.000640207
-1.38 1.74 0.000450908
-1.38 1.8 0.00031321
-1.38 1.86 0.000214573
-1.38 1.92 0.000144979
-1.32 -1.68 6.58123e-05
-1.32 -1.62 0.00010062
-1.32 -1.56 0.000151723
-1.32 -1.5 0.000225635
-1.32 -1.44 0.000330941
-1.32 -1.38 0.000478723
-1.32 -1.32 0.000682982
-1.32 -1.26 0.000960999
-1.32 -1.2 0.00133359
-1.32 -1.14 0.0018252
-1.32 -1.08 0.00246372
-1.32 -1.02 0.00327988
-1.32 -0.96 0.0043064
-1.32 -0.9 0.00557649
-1.32 -0.84 0.0071219
-1.32 -0.78 0.00897058
-1.32 -0.72 0.0111438
-1.32 -0.66 0.0136531
-1.32 -0.6 0.0164977
-1.32 -0.54 0.019661
-1.32 -0.48 0.0231086
-1.32 -0.42 0.0267873
-1.32 -0.36 0.030625
-1.32 -0.3 0.0345313
-1.32 -0.24 0.0384005
-1.32 -0.18 0.0421165
-1.32 -0.12 0.0455571
-1.32 -0.06 0.0486008
-1.32 9.71445e-15 0.0511362
-1.32 0.06 0.0530634
-1.32 0.12 0.0543074
-1.32 0.18 0.0548157
-1.32 0.24 0.054568
-1.32 0.3 0.0535753
-1.32 0.36 0.0518776
-1.32 0.42 0.0495433
-1.32 0.48 0.0466635
-1.32 0.54 0.0433473
-1.32 0.6 0.0397126
-1.32 0.66 0.0358833
-1.32 0.72 0.0319773
-1.32 0.78 0.0281045
-1.32 0.84 0.0243613
-1.32 0.9 0.0208266
-1.32 0.96 0.01756
-1.32 1.02 0.0146023
-1.32 1.08 0.0119757
-1.32 1.14 0.00968663
-1.32 1.2 0.00772744
-1.32 1.26 0.00607971
-1.32 1.32 0.00471762
-1.32 1.38 0.00361038
-1.32 1.44 0.00272503
-1.32 1.5 0.0020285
-1.32 1.56 0.00148925
-1.32 1.62 0.00107833
-1.32 1.68 0.000770065
-1.32 1.74 0.00054236
-1.32 1.8 0.000376737
-1.32 1.86 0.000258094
-1.32 1.92 0.000174384
-1.26 -1.74 5.03628e-05
-1.26 -1.68 7.80726e-05
-1.26 -1.62 0.000119365
-1.26 -1.56 0.000179988
-1.26 -1.5 0.000267668
-1.26 -1.44 0.00039259
-1.26 -1.38 0.0005679
-1.26 -1.32 0.000810209
-1.26 -1.26 0.00114002
-1.26 -1.2 0.00158203
-1.26 -1.14 0.00216522
-1.26 -1.08 0.00292269
-1.26 -1.02 0.00389089
-1.26 -0.96 0.00510866
-1.26 -0.9 0.00661534
-1.26 -0.84 0.00844863
-1.26 -0.78 0.0106417
-1.26 -0.72 0.0132198
-1.26 -0.66 0.0161967
-1.26 -0.6 0.019571
-1.26 -0.54 0.0233237
-1.26 -0.48 0.0274134
-1.26 -0.42 0.0317776
-1.26 -0.36 0.0363302
-1.26 -0.3 0.0409641
-1.26 -0.24 0.0455541
-1.26 -0.18 0.0499623
-1.26 -0.12 0.0540441
-1.26 -0.06 0.0576553
-1.26 9.71445e-15 0.0606622
-1.26 0.06 0.0629491
-1.26 0.12 0.0644242
-1.26 0.18 0.0650271
-1.26 0.24 0.064734
-1.26 0.3 0.0635563
-1.26 0.36 0.0615424
-1.26 0.42 0.0587729
-1.26 0.48 0.0553563
-1.26 0.54 0.0514226
-1.26 0.6 0.0471108
-1.26 0.66 0.0425682
-1.26 0.72 0.0379342
-1.26 0.78 0.0333401
-1.26 0.84 0.0288998
-1.26 0.9 0.0247065
-1.26 0.96 0.0208313
-1.26 1.02 0.0173225
-1.26 1.08 0.0142067
-1.26 1.14 0.0114912
-1.26 1.2 0.00916697
-1.26 1.26 0.00721231
-1.26 1.32 0.00559651
-1.26 1.38 0.00428298
-1.26 1.44 0.00323268
-1.26 1.5 0.0024064
-1.26 1.56 0.00176669
-1.26 1.62 0.00127922
-1.26 1.68 0.000913519
-1.26 1.74 0.000643401
-1.26 1.8 0.000446919
-1.26 1.86 0.000306174
-1.26 1.92 0.000206872
-1.26 1.98 0.000137854
-1.2 -1.74 5.8924e-05
-1.2 -1.68 9.13433e-05
-1.2 -1.62 0.000139656
-1.2 -1.56 0.000210584
-1.2 -1.5 0.000313167
-1.2 -1.44 0.000459326
-1.2 -1.38 0.00066444
-1.2 -1.32 0.000947938
-1.2 -1.26 0.0013338
-1.2 -1.2 0.00185095
-1.2 -1.14 0.00253329
-1.2 -1.08 0.00341948
-1.2 -1.02 0.0045523
-1.2 -0.96 0.00597707
-1.2 -0.9 0.00773985
-1.2 -0.84 0.00988476
-1.2 -0.78 0.0124506
-1.2 -0.72 0.015467
-1.2 -0.66 0.0189499
-1.2 -0.6 0.0228979
-1.2 -0.54 0.0272883
-1.2 -0.48 0.0320735
-1.2 -0.42 0.0371795
-1.2 -0.36 0.0425057
-1.2 -0.3 0.0479272
-1.2 -0.24 0.0532973
-1.2 -0.18 0.058455
-1.2 -0.12 0.0632308
-1.2 -0.06 0.0674559
-1.2 9.71445e-15 0.0709737
-1.2 0.06 0.0736495
-1.2 0.12 0.0753751
-1.2 0.18 0.0760811
-1.2 0.24 0.0757381
-1.2 0.3 0.0743602
-1.2 0.36 0.0720039
-1.2 0.42 0.0687637
-1.2 0.48 0.0647659
-1.2 0.54 0.0601636
-1.2 0.6 0.055119
-1.2 0.66 0.0498041
-1.2 0.72 0.0443824
-1.2 0.78 0.0390077
-1.2 0.84 0.0338125
-1.2 0.9 0.0289064
-1.2 0.96 0.0243725
-1.2 1.02 0.0202671
-1.2 1.08 0.0166216
-1.2 1.14 0.0134446
-1.2 1.2 0.0107252
-1.2 1.26 0.00843832
-1.2 1.32 0.00654783
-1.2 1.38 0.00501101
-1.2 1.44 0.00378217
-1.2 1.5 0.00281544
-1.2 1.56 0.002067
-1.2 1.62 0.00149667
-1.2 1.68 0.0010688
-1.2 1.74 0.000752771
-1.2 1.8 0.000522887
-1.2 1.86 0.000358221
-1.2 1.92 0.000242037
-1.2 1.98 0.000161287
-1.14 -1.74 6.79927e-05
-1.14 -1.68 0.000105401
-1.14 -1.62 0.000161149
-1.14 -1.56 0.000242994
-1.14 -1.5 0.000361366
-1.14 -1.44 0.000530021
-1.14 -1.38 0.000766704
-1.14 -1.32 0.00109383
-1.14 -1.26 0.00153908
-1.14 -1.2 0.0021358
-1.14 -1.14 0.00292318
-1.14 -1.08 0.00394573
-1.14 -1.02 0.00525292
-1.14 -0.96 0.00689697
-1.14 -0.9 0.00893105
-1.14 -0.84 0.0114061
-1.14 -0.78 0.0143668
-1.14 -0.72 0.0178474
-1.14 -0.66 0.0218662
-1.14 -0.6 0.0264221
-1.14 -0.54 0.0314879
-1.14 -0.48 0.0370097
-1.14 -0.42 0.0429017
-1.14 -0.36 0.0490476
-1.14 -0.3 0.0553033
-1.14 -0.24 0.0615002
-1.14 -0.18 0.0674516
-1.14 -0.12 0.0729622
-1.14 -0.06 0.0778372
-1.14 9.71445e-15 0.0818971
-1.14 0.06 0.0849841
-1.14 0.12 0.0869752
-1.14 0.18 0.0877905
-1.14 0.24 0.0873947
-1.14 0.3 0.0858047
-1.14 0.36 0.0830856
-1.14 0.42 0.0793465
-1.14 0.48 0.0747339
-1.14 0.54 0.0694229
-1.14 0.6 0.0636022
-1.14 0.66 0.0574689
-1.14 0.72 0.0512131
-1.14 0.78 0.0450113
-1.14 0.84 0.0390165
-1.14 0.9 0.0333553
-1.14 0.96 0.0281235
-1.14 1.02 0.0233862
-1.14 1.08 0.0191798
-1.14 1.14 0.0155138
-1.14 1.2 0.0123759
-1.14 1.26 0.00973701
-1.14 1.32 0.00755553
-1.14 1.38 0.0057822
-1.14 1.44 0.00436424
-1.14 1.5 0.00324873
-1.14 1.56 0.00238513
-1.14 1.62 0.00172702
-1.14 1.68 0.00123328
-1.14 1.74 0.000868625
-1.14 1.8 0.000603363
-1.14 1.86 0.000413351
-1.14 1.92 0.000279286
-1.14 1.98 0.000186109
-1.08 -1.74 7.73782e-05
-1.08 -1.68 0.000119952
-1.08 -1.62 0.000183393
-1.08 -1.56 0.000276537
-1.08 -1.5 0.000411251
-1.08 -1.44 0.000603188
-1.08 -1.38 0.000872544
-1.08 -1.32 0.00124483
-1.08 -1.26 0.00175153
-1.08 -1.2 0.00243065
-1.08 -1.14 0.00332669
-1.08 -1.08 0.00449045
-1.08 -1.02 0.00597799
-1.08 -0.96 0.00784903
-1.08 -0.9 0.0101639
-1.08 -0.84 0.0129806
-1.08 -0.78 0.01635
-1.08 -0.72 0.0203109
-1.08 -0.66 0.0248849
-1.08 -0.6 0.0300694
-1.08 -0.54 0.0358348
-1.08 -0.48 0.0421184
-1.08 -0.42 0.048824
-1.08 -0.36 0.0558186
-1.08 -0.3 0.062938
-1.08 -0.24 0.0699902
-1.08 -0.18 0.076763
-1.08 -0.12 0.0830337
-1.08 -0.06 0.0885826
-1.08 9.71445e-15 0.0932021
-1.08 0.06 0.0967163
-1.08 0.12 0.098981
-1.08 0.18 0.0999088
-1.08 0.24 0.0994587
-1.08 0.3 0.0976492
-1.08 0.36 0.0945545
-1.08 0.42 0.0902993
-1.08 0.48 0.0850507
-1.08 0.54 0.079006
-1.08 0.6 0.0723824
-1.08 0.66 0.0654017
-1.08 0.72 0.0582824
-1.08 0.78 0.0512247
-1.08 0.84 0.0444025
-1.08 0.9 0.0379597
-1.08 0.96 0.0320056
-1.08 1.02 0.0266145
-1.08 1.08 0.0218275
-1.08 1.14 0.0176552
-1.08 1.2 0.0140843
-1.08 1.26 0.0110812
-1.08 1.32 0.00859854
-1.08 1.38 0.00658038
-1.08 1.44 0.0049667
-1.08 1.5 0.00369722
-1.08 1.56 0.00271439
-1.08 1.62 0.00196541
-1.08 1.68 0.00140354
-1.08 1.74 0.000988528
-1.08 1.8 0.000686656
-1.08 1.86 0.000470414
-1.08 1.92 0.000317841
-1.08 1.98 0.000211801
-1.08 2.04 0.000139199
-1.02 -1.74 8.68492e-05
-1.02 -1.68 0.000134634
-1.02 -1.62 0.000205842
-1.02 -1.56 0.000310384
-1.02 -1.5 0.000461586
-1.02 -1.44 0.000677012
-1.02 -1.38 0.000979332
-1.02 -1.32 0.00139718
-1.02 -1.26 0.00196593
-1.02 -1.2 0.00272817
-1.02 -1.14 0.00373385
-1.02 -1.08 0.0050401
-1.02 -1.02 0.00670973
-1.02 -0.96 0.00880973
-1.02 -0.9 0.0114079
-1.02 -0.84 0.0145694
-1.02 -0.78 0.0183513
-1.02 -0.72 0.0227972
-1.02 -0.66 0.0279308
-1.02 -0.6 0.0337495
-1.02 -0.54 0.0402211
-1.02 -0.48 0.0472736
-1.02 -0.42 0.0547995
-1.02 -0.36 0.0626507
-1.02 -0.3 0.0706417
-1.02 -0.24 0.078557
-1.02 -0.18 0.0861583
-1.02 -0.12 0.0931975
-1.02 -0.06 0.099425
-1.02 9.71445e-15 0.10461
-1.02 0.06 0.108554
-1.02 0.12 0.111098
-1.02 0.18 0.112137
-1.02 0.24 0.111632
-1.02 0.3 0.109601
-1.02 0.36 0.106128
-1.02 0.42 0.101352
-1.02 0.48 0.0954606
-1.02 0.54 0.0886766
-1.02 0.6 0.0812415
-1.02 0.66 0.0734076
-1.02 0.72 0.0654163
-1.02 0.78 0.0574939
-1.02 0.84 0.0498367
-1.02 0.9 0.0426056
-1.02 0.96 0.035923
-1.02 1.02 0.0298721
-1.02 1.08 0.024499
-1.02 1.14 0.0198163
-1.02 1.2 0.0158081
-1.02 1.26 0.0124375
-1.02 1.32 0.00965104
-1.02 1.38 0.00738588
-1.02 1.44 0.00557466
-1.02 1.5 0.00414977
-1.02 1.56 0.00304661
-1.02 1.62 0.00220598
-1.02 1.68 0.00157534
-1.02 1.74 0.00110953
-1.02 1.8 0.0007707
-1.02 1.86 0.00052799
-1.02 1.92 0.000356745
-1.02 1.98 0.000237726
-1.02 2.04 0.000156237
-0.96 -1.74 9.61396e-05
-0.96 -1.68 0.000149037
-0.96 -1.62 0.000227859
-0.96 -1.56 0.000343588
-0.96 -1.5 0.000510969
-0.96 -1.44 0.000749442
-0.96 -1.38 0.00108411
-0.96 -1.32 0.00154666
-0.96 -1.26 0.00217624
-0.96 -1.2 0.00301999
-0.96 -1.14 0.00413328
-0.96 -1.08 0.00557924
-0.96 -1.02 0.00742746
-0.96 -0.96 0.00975212
-0.96 -0.9 0.0126284
-0.96 -0.84 0.0161281
-0.96 -0.78 0.0203145
-0.96 -0.72 0.0252357
-0.96 -0.66 0.0309183
-0.96 -0.6 0.0373603
-0.96 -0.54 0.0445233
-0.96 -0.48 0.0523308
-0.96 -0.42 0.0606618
-0.96 -0.36 0.0693527
-0.96 -0.3 0.0781986
-0.96 -0.24 0.086961
-0.96 -0.18 0.0953759
-0.96 -0.12 0.103167
-0.96 -0.06 0.110059
-0.96 9.71445e-15 0.115801
-0.96 0.06 0.120166
-0.96 0.12 0.122982
-0.96 0.18 0.124133
-0.96 0.24 0.123573
-0.96 0.3 0.121325
-0.96 0.36 0.11748
-0.96 0.42 0.112193
-0.96 0.48 0.105673
-0.96 0.54 0.0981625
-0.96 0.6 0.0899321
-0.96 0.66 0.0812595
-0.96 0.72 0.0724146
-0.96 0.78 0.0636447
-0.96 0.84 0.055168
-0.96 0.9 0.0471632
-0.96 0.96 0.0397657
-0.96 1.02 0.0330675
-0.96 1.08 0.0271199
-0.96 1.14 0.0219358
-0.96 1.2 0.0174993
-0.96 1.26 0.0137679
-0.96 1.32 0.0106833
-0.96 1.38 0.00817587
-0.96 1.44 0.00617094
-0.96 1.5 0.00459366
-0.96 1.56 0.00337252
-0.96 1.62 0.00244195
-0.96 1.68 0.00174386
-0.96 1.74 0.00122821
-0.96 1.8 0.000853151
-0.96 1.86 0.000584471
-0.96 1.92 0.000394901
-0.96 1.98 0.000263152
-0.96 2.04 0.000172948
-0.9 -1.74 0.000104962
-0.9 -1.68 0.00016271
-0.9 -1.62 0.00024877
-0.9 -1.56 0.000375111
-0.9 -1.5 0.000557846
-0.9 -1.44 0.000818203
-0.9 -1.38 0.00118357
-0.9 -1.32 0.00168857
-0.9 -1.26 0.00237592
-0.9 -1.2 0.00329708
-0.9 -1.14 0.00451255
-0.9 -1.08 0.00609113
-0.9 -1.02 0.00810905
-0.9 -0.96 0.0106469
-0.9 -0.9 0.0137869
-0.9 -0.84 0.0176077
-0.9 -0.78 0.0221782
-0.9 -0.72 0.0275512
-0.9 -0.66 0.0337555
-0.9 -0.6 0.0407882
-0.9 -0.54 0.0486085
-0.9 -0.48 0.0571327
-0.9 -0.42 0.0662276
-0.9 -0.36 0.0757152
-0.9 -0.3 0.0853732
-0.9 -0.24 0.0949393
-0.9 -0.18 0.104126
-0.9 -0.12 0.112633
-0.9 -0.06 0.120159
-0.9 9.71445e-15 0.126426
-0.9 0.06 0.131192
-0.9 0.12 0.134266
-0.9 0.18 0.135524
-0.9 0.24 0.134912
-0.9 0.3 0.132458
-0.9 0.36 0.128261
-0.9 0.42 0.122489
-0.9 0.48 0.115369
-0.9 0.54 0.107169
-0.9 0.6 0.0981841
-0.9 0.66 0.0887157
-0.9 0.72 0.0790588
-0.9 0.78 0.0694845
-0.9 0.84 0.0602302
-0.9 0.9 0.0514909
-0.9 0.96 0.0434148
-0.9 1.02 0.036102
-0.9 1.08 0.0296079
-0.9 1.14 0.0239489
-0.9 1.2 0.0191048
-0.9 1.26 0.0150313
-0.9 1.32 0.0116637
-0.9 1.38 0.00892609
-0.9 1.44 0.00673716
-0.9 1.5 0.00501514
-0.9 1.56 0.00368194
-0.9 1.62 0.00266603
-0.9 1.68 0.00190386
-0.9 1.74 0.00134091
-0.9 1.8 0.00093142
-0.9 1.86 0.000638102
-0.9 1.92 0.000431142
-0.9 1.98 0.000287301
-0.9 2.04 0.000188818
-0.9 2.1 0.000122388
-0.84 -1.74 0.000113016
-0.84 -1.68 0.0001752
-0.84 -1.62 0.00026786
-0.84 -1.56 0.000403902
-0.84 -1.5 0.000600666
-0.84 -1.44 0.000881002
-0.84 -1.38 0.00127441
-0.84 -1.32 0.00181816
-0.84 -1.26 0.00255826
-0.84 -1.2 0.00355016
-0.84 -1.14 0.00485883
-0.84 -1.08 0.00655869
-0.84 -1.02 0.0087313
-0.84 -0.96 0.011464
-0.84 -0.9 0.0148452
-0.84 -0.84 0.0189592
-0.84 -0.78 0.0238805
-0.84 -0.72 0.0296658
-0.84 -0.66 0.0363462
-0.84 -0.6 0.0439184
-0.84 -0.54 0.0523397
-0.84 -0.48 0.0615167
-0.84 -0.42 0.0713109
-0.84 -0.36 0.0815275
-0.84 -0.3 0.0919263
-0.84 -0.24 0.102227
-0.84 -0.18 0.112119
-0.84 -0.12 0.121277
-0.84 -0.06 0.129381
-0.84 9.71445e-15 0.136129
-0.84 0.06 0.141261
-0.84 0.12 0.144571
-0.84 0.18 0.145923
-0.84 0.24 0.145266
-0.84 0.3 0.142623
-0.84 0.36 0.138103
-0.84 0.42 0.131889
-0.84 0.48 0.124223
-0.84 0.54 0.115394
-0.84 0.6 0.105719
-0.84 0.66 0.0955249
-0.84 0.72 0.0851259
-0.84 0.78 0.0748168
-0.84 0.84 0.0648527
-0.84 0.9 0.0554425
-0.84 0.96 0.0467461
-0.84 1.02 0.0388726
-0.84 1.08 0.0318807
-0.84 1.14 0.0257868
-0.84 1.2 0.0205712
-0.84 1.26 0.0161848
-0.84 1.32 0.0125588
-0.84 1.38 0.00961121
-0.84 1.44 0.00725429
-0.84 1.5 0.0054001
-0.84 1.56 0.00396456
-0.84 1.62 0.00287061
-0.84 1.68 0.00205
-0.84 1.74 0.00144381
-0.84 1.8 0.00100292
-0.84 1.86 0.000687073
-0.84 1.92 0.00046423
-0.84 1.98 0.000309351
-0.84 2.04 0.00020331
-0.84 2.1 0.000131781
-0.78 -1.74 0.000120018
-0.78 -1.68 0.000186052
-0.78 -1.62 0.000284454
-0.78 -1.56 0.000428923
-0.78 -1.5 0.000637875
-0.78 -1.44 0.000935583
-0.78 -1.38 0.00135337
-0.78 -1.32 0.0019308
-0.78 -1.26 0.00271673
-0.78 -1.2 0.00377007
-0.78 -1.14 0.0051599
-0.78 -1.08 0.00696491
-0.78 -1.02 0.00927224
-0.78 -0.96 0.0121743
-0.78 -0.9 0.0157648
-0.78 -0.84 0.0201336
-0.78 -0.78 0.0253597
-0.78 -0.72 0.0315033
-0.78 -0.66 0.0385978
-0.78 -0.6 0.0466395
-0.78 -0.54 0.0555816
-0.78 -0.48 0.0653283
-0.78 -0.42 0.0757287
-0.78 -0.36 0.0865774
-0.78 -0.3 0.0976204
-0.78 -0.24 0.108559
-0.78 -0.18 0.119064
-0.78 -0.12 0.12879
-0.78 -0.06 0.137397
-0.78 9.71445e-15 0.144562
-0.78 0.06 0.150012
-0.78 0.12 0.153525
-0.78 0.18 0.154965
-0.78 0.24 0.154266
-0.78 0.3 0.151459
-0.78 0.36 0.146659
-0.78 0.42 0.14006
-0.78 0.48 0.131919
-0.78 0.54 0.122542
-0.78 0.6 0.112269
-0.78 0.66 0.101441
-0.78 0.72 0.0903998
-0.78 0.78 0.0794526
-0.78 0.84 0.0688708
-0.78 0.9 0.0588777
-0.78 0.96 0.0496425
-0.78 1.02 0.0412807
-0.78 1.08 0.0338555
-0.78 1.14 0.0273843
-0.78 1.2 0.0218455
-0.78 1.26 0.0171876
-0.78 1.32 0.0133368
-0.78 1.38 0.0102065
-0.78 1.44 0.0077036
-0.78 1.5 0.00573458
-0.78 1.56 0.00421017
-0.78 1.62 0.00304847
-0.78 1.68 0.00217698
-0.78 1.74 0.00153326
-0.78 1.8 0.00106504
-0.78 1.86 0.000729641
-0.78 1.92 0.000492989
-0.78 1.98 0.000328514
-0.78 2.04 0.000215905
-0.78 2.1 0.000139946
-0.72 -1.74 0.000125701
-0.72 -1.68 0.000194863
-0.72 -1.62 0.000297923
-0.72 -1.56 0.000449235
-0.72 -1.5 0.000668083
-0.72 -1.44 0.000979885
-0.72 -1.38 0.00141745
-0.72 -1.32 0.00202224
-0.72 -1.26 0.00284539
-0.72 -1.2 0.00394858
-0.72 -1.14 0.00540422
-0.72 -1.08 0.00729476
-0.72 -1.02 0.00971131
-0.72 -0.96 0.0127507
-0.72 -0.9 0.0165113
-0.72 -0.84 0.0210871
-0.72 -0.78 0.0265608
-0.72 -0.72 0.0329952
-0.72 -0.66 0.0404251
-0.72 -0.6 0.048848
-0.72 -0.54 0.0582134
-0.72 -0.48 0.0684218
-0.72 -0.42 0.079314
-0.72 -0.36 0.0906774
-0.72 -0.3 0.102243
-0.72 -0.24 0.1137
-0.72 -0.18 0.124702
-0.72 -0.12 0.134888
-0.72 -0.06 0.143901
-0.72 9.71445e-15 0.151409
-0.72 0.06 0.157114
-0.72 0.12 0.160796
-0.72 0.18 0.162303
-0.72 0.24 0.16157
-0.72 0.3 0.15863
-0.72 0.36 0.153603
-0.72 0.42 0.146691
-0.72 0.48 0.138166
-0.72 0.54 0.128346
-0.72 0.6 0.117585
-0.72 0.66 0.106245
-0.72 0.72 0.0946809
-0.72 0.78 0.0832147
-0.72 0.84 0.0721316
-0.72 0.9 0.0616653
-0.72 0.96 0.0519931
-0.72 1.02 0.0432354
-0.72 1.08 0.0354588
-0.72 1.14 0.0286808
-0.72 1.2 0.0228801
-0.72 1.26 0.0180014
-0.72 1.32 0.0139682
-0.72 1.38 0.0106898
-0.72 1.44 0.0080684
-0.72 1.5 0.00600613
-0.72 1.56 0.0044095
-0.72 1.62 0.00319282
-0.72 1.68 0.00228007
-0.72 1.74 0.00160586
-0.72 1.8 0.00111548
-0.72 1.86 0.000764189
-0.72 1.92 0.000516328
-0.72 1.98 0.000344066
-0.72 2.04 0.000226126
-0.72 2.1 0.000146571
-0.66 -1.74 0.000129843
-0.66 -1.68 0.000201285
-0.66 -1.62 0.000307739
-0.66 -1.56 0.000464041
-0.66 -1.5 0.0006901
-0.66 -1.44 0.00101217
-0.66 -1.38 0.00146416
-0.66 -1.32 0.00208887
-0.66 -1.26 0.00293916
-0.66 -1.2 0.00407872
-0.66 -1.14 0.00558228
-0.66 -1.08 0.00753518
-0.66 -1.02 0.0100313
-0.66 -0.96 0.013171
-0.66 -0.9 0.0170555
-0.66 -0.84 0.0217821
-0.66 -0.78 0.0274361
-0.66 -0.72 0.0340827
-0.66 -0.66 0.0417575
-0.66 -0.6 0.0504576
-0.66 -0.54 0.0601321
-0.66 -0.48 0.0706764
-0.66 -0.42 0.0819283
-0.66 -0.36 0.093666
-0.66 -0.3 0.105613
-0.66 -0.24 0.117447
-0.66 -0.18 0.128812
-0.66 -0.12 0.139334
-0.66 -0.06 0.148644
-0.66 9.71445e-15 0.156398
-0.66 0.06 0.162293
-0.66 0.12 0.166095
-0.66 0.18 0.167651
-0.66 0.24 0.166895
-0.66 0.3 0.163859
-0.66 0.36 0.158666
-0.66 0.42 0.151524
-0.66 0.48 0.142719
-0.66 0.54 0.132576
-0.66 0.6 0.12146
-0.66 0.66 0.109747
-0.66 0.72 0.0978009
-0.66 0.78 0.0859566
-0.66 0.84 0.0745086
-0.66 0.9 0.0636975
-0.66 0.96 0.0537062
-0.66 1.02 0.0446601
-0.66 1.08 0.0366275
-0.66 1.14 0.0296259
-0.66 1.2 0.0236341
-0.66 1.26 0.0185945
-0.66 1.32 0.0144286
-0.66 1.38 0.0110421
-0.66 1.44 0.00833432
-0.66 1.5 0.00620408
-0.66 1.56 0.00455484
-0.66 1.62 0.00329802
-0.66 1.68 0.00235521
-0.66 1.74 0.00165878
-0.66 1.8 0.00115224
-0.66 1.86 0.000789369
-0.66 1.92 0.000533345
-0.66 1.98 0.000355408
-0.66 2.04 0.00023358
-0.66 2.1 0.000151402
-0.6 -1.74 0.000132278
-0.6 -1.68 0.000205061
-0.6 -1.62 0.000313512
-0.6 -1.56 0.000472744
-0.6 -1.5 0.000703043
-0.6 -1.44 0.00103116
-0.6 -1.38 0.00149162
-0.6 -1.32 0.00212805
-0.6 -1.26 0.00299427
-0.6 -1.2 0.00415524
-0.6 -1.14 0.00568699
-0.6 -1.08 0.00767653
-0.6 -1.02 0.0102194
-0.6 -0.96 0.013418
-0.6 -0.9 0.0173754
-0.6 -0.84 0.0221906
-0.6 -0.78 0.0279507
-0.6 -0.72 0.0347219
-0.6 -0.66 0.042541
-0.6 -0.6 0.0514038
-0.6 -0.54 0.0612602
-0.6 -0.48 0.0720016
-0.6 -0.42 0.0834651
-0.6 -0.36 0.095423
-0.6 -0.3 0.107594
-0.6 -0.24 0.11965
-0.6 -0.18 0.131228
-0.6 -0.12 0.141947
-0.6 -0.06 0.151433
-0.6 9.71445e-15 0.159331
-0.6 0.06 0.165338
-0.6 0.12 0.169211
-0.6 0.18 0.170794
-0.6 0.24 0.170025
-0.6 0.3 0.166932
-0.6 0.36 0.161641
-0.6 0.42 0.154367
-0.6 0.48 0.145396
-0.6 0.54 0.135062
-0.6 0.6 0.123738
-0.6 0.66 0.111806
-0.6 0.72 0.0996349
-0.6 0.78 0.0875687
-0.6 0.84 0.0759063
-0.6 0.9 0.0648923
-0.6 0.96 0.0547135
-0.6 1.02 0.0454978
-0.6 1.08 0.0373145
-0.6 1.14 0.0301818
-0.6 1.2 0.0240774
-0.6 1.26 0.0189433
-0.6 1.32 0.0146993
-0.6 1.38 0.0112493
-0.6 1.44 0.00849068
-0.6 1.5 0.00632047
-0.6 1.56 0.00464028
-0.6 1.62 0.00335988
-0.6 1.68 0.00239939
-0.6 1.74 0.00168989
-0.6 1.8 0.00117385
-0.6 1.86 0.000804174
-0.6 1.92 0.000543352
-0.6 1.98 0.000362076
-0.6 2.04 0.000237962
-0.6 2.1 0.000154242
-0.54 -1.74 0.000132907
-0.54 -1.68 0.000206035
-0.54 -1.62 0.000315004
-0.54 -1.56 0.000474988
-0.54 -1.5 0.000706382
-0.54 -1.44 0.00103606
-0.54 -1.38 0.00149871
-0.54 -1.32 0.00213815
-0.54 -1.26 0.00300852
-0.54 -1.2 0.004175
-0.54 -1.14 0.00571399
-0.54 -1.08 0.00771302
-0.54 -1.02 0.010268
-0.54 -0.96 0.0134817
-0.54 -0.9 0.0174579
-0.54 -0.84 0.022296
-0.54 -0.78 0.0280834
-0.54 -0.72 0.0348872
-0.54 -0.66 0.0427432
-0.54 -0.6 0.0516478
-0.54 -0.54 0.0615516
-0.54 -0.48 0.072344
-0.54 -0.42 0.0838615
-0.54 -0.36 0.0958764
-0.54 -0.3 0.108105
-0.54 -0.24 0.120219
-0.54 -0.18 0.131851
-0.54 -0.12 0.142622
-0.54 -0.06 0.152153
-0.54 9.71445e-15 0.160087
-0.54 0.06 0.166124
-0.54 0.12 0.170016
-0.54 0.18 0.171606
-0.54 0.24 0.170832
-0.54 0.3 0.167725
-0.54 0.36 0.16241
-0.54 0.42 0.155102
-0.54 0.48 0.146087
-0.54 0.54 0.135704
-0.54 0.6 0.124326
-0.54 0.66 0.112338
-0.54 0.72 0.100108
-0.54 0.78 0.0879844
-0.54 0.84 0.0762667
-0.54 0.9 0.0652003
-0.54 0.96 0.0549738
-0.54 1.02 0.0457143
-0.54 1.08 0.0374917
-0.54 1.14 0.0303254
-0.54 1.2 0.0241917
-0.54 1.26 0.0190334
-0.54 1.32 0.0147692
-0.54 1.38 0.0113028
-0.54 1.44 0.00853107
-0.54 1.5 0.00635052
-0.54 1.56 0.00466233
-0.54 1.62 0.00337585
-0.54 1.68 0.0024108
-0.54 1.74 0.00169793
-0.54 1.8 0.00117943
-0.54 1.86 0.000807998
-0.54 1.92 0.000545936
-0.54 1.98 0.000363798
-0.54 2.04 0.000239093
-0.54 2.1 0.000154975
-0.54 2.16 9.90699e-05
-0.48 -1.74 0.000131704
-0.48 -1.68 0.000204168
-0.48 -1.62 0.000312151
-0.48 -1.56 0.00047069
-0.48 -1.5 0.000699986
-0.48 -1.44 0.00102667
-0.48 -1.38 0.00148513
-0.48 -1.32 0.0021188
-0.48 -1.26 0.00298129
-0.48 -1.2 0.00413716
-0.48 -1.14 0.00566227
-0.48 -1.08 0.00764311
-0.48 -1.02 0.0101751
-0.48 -0.96 0.0133597
-0.48 -0.9 0.0172999
-0.48 -0.84 0.0220942
-0.48 -0.78 0.0278293
-0.48 -0.72 0.0345712
-0.48 -0.66 0.0423557
-0.48 -0.6 0.0511806
-0.48 -0.54 0.0609938
-0.48 -0.48 0.0716893
-0.48 -0.42 0.083102
-0.48 -0.36 0.0950075
-0.48 -0.3 0.107125
-0.48 -0.24 0.119129
-0.48 -0.18 0.130658
-0.48 -0.12 0.141331
-0.48 -0.06 0.150773
-0.48 9.71445e-15 0.158639
-0.48 0.06 0.164617
-0.48 0.12 0.168477
-0.48 0.18 0.170053
-0.48 0.24 0.169286
-0.48 0.3 0.166206
-0.48 0.36 0.160939
-0.48 0.42 0.153697
-0.48 0.48 0.144763
-0.48 0.54 0.134476
-0.48 0.6 0.123199
-0.48 0.66 0.11132
-0.48 0.72 0.0992025
-0.48 0.78 0.0871882
-0.48 0.84 0.0755759
-0.48 0.9 0.0646101
-0.48 0.96 0.054476
-0.48 1.02 0.0453002
-0.48 1.08 0.0371522
-0.48 1.14 0.0300507
-0.48 1.2 0.0239727
-0.48 1.26 0.0188609
-0.48 1.32 0.0146354
-0.48 1.38 0.0112004
-0.48 1.44 0.00845378
-0.48 1.5 0.00629296
-0.48 1.56 0.00462008
-0.48 1.62 0.00334529
-0.48 1.68 0.00238895
-0.48 1.74 0.00168256
-0.48 1.8 0.00116875
-0.48 1.86 0.000800677
-0.48 1.92 0.000540987
-0.48 1.98 0.000360501
-0.48 2.04 0.000236926
-0.48 2.1 0.00015357
-0.48 2.16 9.81737e-05
-0.42 -1.74 0.000128717
-0.42 -1.68 0.000199539
-0.42 -1.62 0.000305072
-0.42 -1.56 0.000460012
-0.42 -1.5 0.000684114
-0.42 -1.44 0.0010034
-0.42 -1.38 0.00145147
-0.42 -1.32 0.00207076
-0.42 -1.26 0.00291365
-0.42 -1.2 0.00404334
-0.42 -1.14 0.00553388
-0.42 -1.08 0.00746982
-0.42 -1.02 0.00994432
-0.42 -0.96 0.0130566
-0.42 -0.9 0.0169075
-0.42 -0.84 0.0215931
-0.42 -0.78 0.027198
-0.42 -0.72 0.0337868
-0.42 -0.66 0.0413953
-0.42 -0.6 0.05002
-0.42 -0.54 0.0596105
-0.42 -0.48 0.0700633
-0.42 -0.42 0.0812171
-0.42 -0.36 0.0928533
-0.42 -0.3 0.104697
-0.42 -0.24 0.116428
-0.42 -0.18 0.127694
-0.42 -0.12 0.138124
-0.42 -0.06 0.147355
-0.42 9.71445e-15 0.155041
-0.42 0.06 0.160885
-0.42 0.12 0.164655
-0.42 0.18 0.166197
-0.42 0.24 0.165447
-0.42 0.3 0.162436
-0.42 0.36 0.157289
-0.42 0.42 0.150212
-0.42 0.48 0.141481
-0.42 0.54 0.131425
-0.42 0.6 0.120407
-0.42 0.66 0.108795
-0.42 0.72 0.0969524
-0.42 0.78 0.0852113
-0.42 0.84 0.0738624
-0.42 0.9 0.0631449
-0.42 0.96 0.0532405
-0.42 1.02 0.044273
-0.42 1.08 0.0363097
-0.42 1.14 0.0293691
-0.42 1.2 0.0234291
-0.42 1.26 0.0184334
-0.42 1.32 0.0143034
-0.42 1.38 0.0109463
-0.42 1.44 0.00826203
-0.42 1.5 0.00615026
-0.42 1.56 0.0045153
-0.42 1.62 0.00326942
-0.42 1.68 0.00233479
-0.42 1.74 0.00164438
-0.42 1.8 0.00114225
-0.42 1.86 0.000782528
-0.42 1.92 0.000528721
-0.42 1.98 0.000352324
-0.42 2.04 0.000231553
-0.42 2.1 0.000150089
-0.42 2.16 9.59473e-05
-0.36 -1.74 0.00012407
-0.36 -1.68 0.00019233
-0.36 -1.62 0.000294058
-0.36 -1.56 0.000443402
-0.36 -1.5 0.000659402
-0.36 -1.44 0.000967156
-0.36 -1.38 0.00139904
-0.36 -1.32 0.00199597
-0.36 -1.26 0.00280844
-0.36 -1.2 0.00389731
-0.36 -1.14 0.00533407
-0.36 -1.08 0.00719998
-0.36 -1.02 0.00958528
-0.36 -0.96 0.0125852
-0.36 -0.9 0.0162969
-0.36 -0.84 0.0208132
-0.36 -0.78 0.0262158
-0.36 -0.72 0.032567
-0.36 -0.66 0.0399005
-0.36 -0.6 0.0482137
-0.36 -0.54 0.0574577
-0.36 -0.48 0.0675336
-0.36 -0.42 0.0782847
-0.36 -0.36 0.0894993
-0.36 -0.3 0.100914
-0.36 -0.24 0.112222
-0.36 -0.18 0.123082
-0.36 -0.12 0.133138
-0.36 -0.06 0.142034
-0.36 9.71445e-15 0.149442
-0.36 0.06 0.155075
-0.36 0.12 0.158708
-0.36 0.18 0.160196
-0.36 0.24 0.159473
-0.36 0.3 0.156572
-0.36 0.36 0.151611
-0.36 0.42 0.144788
-0.36 0.48 0.136371
-0.36 0.54 0.126679
-0.36 0.6 0.116058
-0.36 0.66 0.104866
-0.36 0.72 0.0934513
-0.36 0.78 0.0821343
-0.36 0.84 0.0711953
-0.36 0.9 0.060865
-0.36 0.96 0.0513184
-0.36 1.02 0.0426741
-0.36 1.08 0.0349982
-0.36 1.14 0.0283088
-0.36 1.2 0.0225828
-0.36 1.26 0.0177676
-0.36 1.32 0.013787
-0.36 1.38 0.0105511
-0.36 1.44 0.00796366
-0.36 1.5 0.00592813
-0.36 1.56 0.00435226
-0.36 1.62 0.00315138
-0.36 1.68 0.00225044
-0.36 1.74 0.00158502
-0.36 1.8 0.00110098
-0.36 1.86 0.000754264
-0.36 1.92 0.000509629
-0.36 1.98 0.000339603
-0.36 2.04 0.000223192
-0.36 2.1 0.000144669
-0.36 2.16 9.24829e-05
-0.3 -1.74 0.000117944
-0.3 -1.68 0.00018284
-0.3 -1.62 0.00027954
-0.3 -1.56 0.000421513
-0.3 -1.5 0.000626858
-0.3 -1.44 0.000919418
-0.3 -1.38 0.00132998
-0.3 -1.32 0.00189744
-0.3 -1.26 0.00266982
-0.3 -1.2 0.00370497
-0.3 -1.14 0.00507069
-0.3 -1.08 0.00684468
-0.3 -1.02 0.00911207
-0.3 -0.96 0.0119639
-0.3 -0.9 0.0154925
-0.3 -0.84 0.0197859
-0.3 -0.78 0.0249218
-0.3 -0.72 0.0309595
-0.3 -0.66 0.0379311
-0.3 -0.6 0.0458334
-0.3 -0.54 0.054622
-0.3 -0.48 0.0641995
-0.3 -0.42 0.0744201
-0.3 -0.36 0.0850825
-0.3 -0.3 0.0959348
-0.3 -0.24 0.106684
-0.3 -0.18 0.117007
-0.3 -0.12 0.126566
-0.3 -0.06 0.135023
-0.3 9.71445e-15 0.142065
-0.3 0.06 0.147421
-0.3 0.12 0.150876
-0.3 0.18 0.152287
-0.3 0.24 0.151599
-0.3 0.3 0.148842
-0.3 0.36 0.144125
-0.3 0.42 0.13764
-0.3 0.48 0.12964
-0.3 0.54 0.120426
-0.3 0.6 0.110329
-0.3 0.66 0.0996905
-0.3 0.72 0.0888381
-0.3 0.78 0.078079
-0.3 0.84 0.0676803
-0.3 0.9 0.0578598
-0.3 0.96 0.0487846
-0.3 1.02 0.0405678
-0.3 1.08 0.0332708
-0.3 1.14 0.0269113
-0.3 1.2 0.0214682
-0.3 1.26 0.0168906
-0.3 1.32 0.0131065
-0.3 1.38 0.0100303
-0.3 1.44 0.00757063
-0.3 1.5 0.00563557
-0.3 1.56 0.00413743
-0.3 1.62 0.00299579
-0.3 1.68 0.00213939
-0.3 1.74 0.00150677
-0.3 1.8 0.00104665
-0.3 1.86 0.000717034
-0.3 1.92 0.000484472
-0.3 1.98 0.000322841
-0.3 2.04 0.000212175
-0.3 2.1 0.000137527
-0.3 2.16 8.79167e-05
-0.24 -1.68 0.000171424
-0.24 -1.62 0.00026209
-0.24 -1.56 0.0003952
-0.24 -1.5 0.000587723
-0.24 -1.44 0.000862024
-0.24 -1.38 0.00124696
-0.24 -1.32 0.001779
-0.24 -1.26 0.00250312
-0.24 -1.2 0.00347366
-0.24 -1.14 0.0047542
-0.24 -1.08 0.00641732
-0.24 -1.02 0.00854323
-0.24 -0.96 0.0112171
-0.24 -0.9 0.0145253
-0.24 -0.84 0.0185506
-0.24 -0.78 0.0233658
-0.24 -0.72 0.0290264
-0.24 -0.66 0.0355632
-0.24 -0.6 0.0429725
-0.24 -0.54 0.0512117
-0.24 -0.48 0.0601918
-0.24 -0.42 0.0697747
-0.24 -0.36 0.0797705
-0.24 -0.3 0.0899452
-0.24 -0.24 0.100024
-0.24 -0.18 0.109702
-0.24 -0.12 0.118664
-0.24 -0.06 0.126594
-0.24 9.71445e-15 0.133196
-0.24 0.06 0.138218
-0.24 0.12 0.141455
-0.24 0.18 0.142781
-0.24 0.24 0.142137
-0.24 0.3 0.139551
-0.24 0.36 0.135128
-0.24 0.42 0.129048
-0.24 0.48 0.121547
-0.24 0.54 0.112908
-0.24 0.6 0.103442
-0.24 0.66 0.0934661
-0.24 0.72 0.0832922
-0.24 0.78 0.0732057
-0.24 0.84 0.0634559
-0.24 0.9 0.0542485
-0.24 0.96 0.0457394
-0.24 1.02 0.0380351
-0.24 1.08 0.0311937
-0.24 1.14 0.0252313
-0.24 1.2 0.0201279
-0.24 1.26 0.0158363
-0.24 1.32 0.0122883
-0.24 1.38 0.00940407
-0.24 1.44 0.00709794
-0.24 1.5 0.00528372
-0.24 1.56 0.00387915
-0.24 1.62 0.00280879
-0.24 1.68 0.00200582
-0.24 1.74 0.00141271
-0.24 1.8 0.000981304
-0.24 1.86 0.000672275
-0.24 1.92 0.000454229
-0.24 1.98 0.000302686
-0.24 2.04 0.00019893
-0.24 2.1 0.000128943
-0.24 2.16 8.2429e-05
-0.18 -1.68 0.000158514
-0.18 -1.62 0.000242349
-0.18 -1.56 0.000365436
-0.18 -1.5 0.000543462
-0.18 -1.44 0.000797102
-0.18 -1.38 0.00115305
-0.18 -1.32 0.00164502
-0.18 -1.26 0.00231462
-0.18 -1.2 0.00321203
-0.18 -1.14 0.00439613
-0.18 -1.08 0.00593403
-0.18 -1.02 0.00789979
-0.18 -0.96 0.0103722
-0.18 -0.9 0.0134314
-0.18 -0.84 0.0171536
-0.18 -0.78 0.0216063
-0.18 -0.72 0.0268404
-0.18 -0.66 0.0328844
-0.18 -0.6 0.0397361
-0.18 -0.54 0.0473546
-0.18 -0.48 0.0556587
-0.18 -0.42 0.0645191
-0.18 -0.36 0.0737629
-0.18 -0.3 0.0831714
-0.18 -0.24 0.092491
-0.18 -0.18 0.101441
-0.18 -0.12 0.109727
-0.18 -0.06 0.117059
-0.18 9.71445e-15 0.123165
-0.18 0.06 0.127807
-0.18 0.12 0.130802
-0.18 0.18 0.132027
-0.18 0.24 0.131432
-0.18 0.3 0.12904
-0.18 0.36 0.124951
-0.18 0.42 0.119328
-0.18 0.48 0.112393
-0.18 0.54 0.104405
-0.18 0.6 0.0956513
-0.18 0.66 0.0864266
-0.18 0.72 0.0770195
-0.18 0.78 0.0676921
-0.18 0.84 0.0586764
-0.18 0.9 0.0501625
-0.18 0.96 0.0422945
-0.18 1.02 0.0351704
-0.18 1.08 0.0288445
-0.18 1.14 0.0233308
-0.18 1.2 0.0186121
-0.18 1.26 0.0146435
-0.18 1.32 0.0113626
-0.18 1.38 0.00869577
-0.18 1.44 0.00656336
-0.18 1.5 0.00488577
-0.18 1.56 0.00358697
-0.18 1.62 0.00259724
-0.18 1.68 0.00185476
-0.18 1.74 0.00130631
-0.18 1.8 0.000907404
-0.18 1.86 0.00062164
-0.18 1.92 0.000420015
-0.18 1.98 0.000279886
-0.18 2.04 0.000183946
-0.18 2.1 0.000119231
-0.18 2.16 7.6221e-05
-0.12 -1.68 0.000144561
-0.12 -1.62 0.000221016
-0.12 -1.56 0.00033327
-0.12 -1.5 0.000495623
-0.12 -1.44 0.000726933
-0.12 -1.38 0.00105154
-0.12 -1.32 0.00150021
-0.12 -1.26 0.00211088
-0.12 -1.2 0.0029293
-0.12 -1.14 0.00400915
-0.12 -1.08 0.00541169
-0.12 -1.02 0.00720436
-0.12 -0.96 0.00945927
-0.12 -0.9 0.0122491
-0.12 -0.84 0.0156437
-0.12 -0.78 0.0197044
-0.12 -0.72 0.0244779
-0.12 -0.66 0.0299899
-0.12 -0.6 0.0362381
-0.12 -0.54 0.0431863
-0.12 -0.48 0.050759
-0.12 -0.42 0.0588402
-0.12 -0.36 0.06727
-0.12 -0.3 0.0758501
-0.12 -0.24 0.0843493
-0.12 -0.18 0.0925116
-0.12 -0.12 0.100069
-0.12 -0.06 0.106755
-0.12 9.71445e-15 0.112323
-0.12 0.06 0.116557
-0.12 0.12 0.119288
-0.12 0.18 0.120405
-0.12 0.24 0.119862
-0.12 0.3 0.117682
-0.12 0.36 0.113952
-0.12 0.42 0.108823
-0.12 0.48 0.102499
-0.12 0.54 0.0952146
-0.12 0.6 0.0872309
-0.12 0.66 0.0788192
-0.12 0.72 0.0702396
-0.12 0.78 0.0617331
-0.12 0.84 0.0535114
-0.12 0.9 0.045747
-0.12 0.96 0.0385714
-0.12 1.02 0.0320744
-0.12 1.08 0.0263055
-0.12 1.14 0.0212771
-0.12 1.2 0.0169738
-0.12 1.26 0.0133544
-0.12 1.32 0.0103625
-0.12 1.38 0.00793034
-0.12 1.44 0.00598562
-0.12 1.5 0.00445571
-0.12 1.56 0.00327125
-0.12 1.62 0.00236861
-0.12 1.68 0.00169149
-0.12 1.74 0.00119132
-0.12 1.8 0.000827529
-0.12 1.86 0.000566916
-0.12 1.92 0.000383043
-0.12 1.98 0.000255251
-0.12 2.04 0.000167755
-0.12 2.1 0.000108735
-0.12 2.16 6.95111e-05
-0.06 -1.68 0.000130024
-0.06 -1.62 0.000198791
-0.06 -1.56 0.000299755
-0.06 -1.5 0.000445781
-0.06 -1.44 0.000653829
-0.06 -1.38 0.000945799
-0.06 -1.32 0.00134934
-0.06 -1.26 0.00189859
-0.06 -1.2 0.00263473
-0.06 -1.14 0.00360599
-0.06 -1.08 0.00486748
-0.06 -1.02 0.00647989
-0.06 -0.96 0.00850803
-0.06 -0.9 0.0110173
-0.06 -0.84 0.0140705
-0.06 -0.78 0.0177228
-0.06 -0.72 0.0220163
-0.06 -0.66 0.0269742
-0.06 -0.6 0.0325939
-0.06 -0.54 0.0388435
-0.06 -0.48 0.0456545
-0.06 -0.42 0.0529232
-0.06 -0.36 0.0605052
-0.06 -0.3 0.0682225
-0.06 -0.24 0.0758668
-0.06 -0.18 0.0832083
-0.06 -0.12 0.0900054
-0.06 -0.06 0.0960198
-0.06 9.71445e-15 0.101028
-0.06 0.06 0.104836
-0.06 0.12 0.107292
-0.06 0.18 0.108297
-0.06 0.24 0.107809
-0.06 0.3 0.105848
-0.06 0.36 0.102493
-0.06 0.42 0.0978806
-0.06 0.48 0.0921914
-0.06 0.54 0.0856395
-0.06 0.6 0.0784593
-0.06 0.66 0.0708929
-0.06 0.72 0.0631759
-0.06 0.78 0.0555253
-0.06 0.84 0.0481304
-0.06 0.9 0.0411467
-0.06 0.96 0.0346927
-0.06 1.02 0.0288489
-0.06 1.08 0.0236601
-0.06 1.14 0.0191375
-0.06 1.2 0.0152668
-0.06 1.26 0.0120115
-0.06 1.32 0.00932047
-0.06 1.38 0.00713288
-0.06 1.44 0.00538371
-0.06 1.5 0.00400765
-0.06 1.56 0.00294229
-0.06 1.62 0.00213042
-0.06 1.68 0.00152139
-0.06 1.74 0.00107152
-0.06 1.8 0.00074431
-0.06 1.86 0.000509908
-0.06 1.92 0.000344526
-0.06 1.98 0.000229583
-0.06 2.04 0.000150886
-0.06 2.1 9.78013e-05
-0.06 2.16 6.2521e-05
9.71445e-15 -1.62 0.000176343
9.71445e-15 -1.56 0.000265904
9.71445e-15 -1.5 0.00039544
9.71445e-15 -1.44 0.000579996
9.71445e-15 -1.38 0.000838995
9.71445e-15 -1.32 0.00119696
9.71445e-15 -1.26 0.00168419
9.71445e-15 -1.2 0.00233721
9.71445e-15 -1.14 0.00319877
9.71445e-15 -1.08 0.00431783
9.71445e-15 -1.02 0.00574818
9.71445e-15 -0.96 0.00754723
9.71445e-15 -0.9 0.00977315
9.71445e-15 -0.84 0.0124816
9.71445e-15 -0.78 0.0157214
9.71445e-15 -0.72 0.0195302
9.71445e-15 -0.66 0.0239282
9.71445e-15 -0.6 0.0289132
9.71445e-15 -0.54 0.0344572
9.71445e-15 -0.48 0.0404989
9.71445e-15 -0.42 0.0469468
9.71445e-15 -0.36 0.0536727
9.71445e-15 -0.3 0.0605184
9.71445e-15 -0.24 0.0672995
9.71445e-15 -0.18 0.0738118
9.71445e-15 -0.12 0.0798413
9.71445e-15 -0.06 0.0851771
9.71445e-15 9.71445e-15 0.0896185
9.71445e-15 0.06 0.092998
9.71445e-15 0.12 0.0951764
9.71445e-15 0.18 0.096067
9.71445e-15 0.24 0.0956344
9.71445e-15 0.3 0.0938945
9.71445e-15 0.36 0.0909189
9.71445e-15 0.42 0.086828
9.71445e-15 0.48 0.0817807
9.71445e-15 0.54 0.0759683
9.71445e-15 0.6 0.0695995
9.71445e-15 0.66 0.0628877
9.71445e-15 0.72 0.0560414
9.71445e-15 0.78 0.0492551
9.71445e-15 0.84 0.0426952
9.71445e-15 0.9 0.0365001
9.71445e-15 0.96 0.0307749
9.71445e-15 1.02 0.0255913
9.71445e-15 1.08 0.0209883
9.71445e-15 1.14 0.0169765
9.71445e-15 1.2 0.0135428
9.71445e-15 1.26 0.0106552
9.71445e-15 1.32 0.00826799
9.71445e-15 1.38 0.00632743
9.71445e-15 1.44 0.00477578
9.71445e-15 1.5 0.00355509
9.71445e-15 1.56 0.00261003
9.71445e-15 1.62 0.00188984
9.71445e-15 1.68 0.00134959
9.71445e-15 1.74 0.00095052
9.71445e-15 1.8 0.000660257
9.71445e-15 1.86 0.000452328
9.71445e-15 1.92 0.000305622
9.71445e-15 1.98 0.000203658
9.71445e-15 2.04 0.000133847
9.71445e-15 2.1 8.67571e-05
0.06 -1.62 0.00015428
0.06 -1.56 0.000232636
0.06 -1.5 0.000345962
0.06 -1.44 0.000507424
0.06 -1.38 0.000734014
0.06 -1.32 0.0010472
0.06 -1.26 0.00147348
0.06 -1.2 0.00204478
0.06 -1.14 0.00279856
0.06 -1.08 0.00377758
0.06 -1.02 0.00502899
0.06 -0.96 0.00660297
0.06 -0.9 0.00855035
0.06 -0.84 0.0109199
0.06 -0.78 0.0137544
0.06 -0.72 0.0170867
0.06 -0.66 0.0209343
0.06 -0.6 0.0252956
0.06 -0.54 0.030146
0.06 -0.48 0.0354319
0.06 -0.42 0.0410727
0.06 -0.36 0.046957
0.06 -0.3 0.0529463
0.06 -0.24 0.0588789
0.06 -0.18 0.0645765
0.06 -0.12 0.0698523
0.06 -0.06 0.0745197
0.06 9.71445e-15 0.0784061
0.06 0.06 0.081362
0.06 0.12 0.0832686
0.06 0.18 0.0840478
0.06 0.24 0.083669
0.06 0.3 0.0821468
0.06 0.36 0.0795438
0.06 0.42 0.0759643
0.06 0.48 0.0715483
0.06 0.54 0.0664639
0.06 0.6 0.0608909
0.06 0.66 0.0550196
0.06 0.72 0.0490301
0.06 0.78 0.0430922
0.06 0.84 0.0373531
0.06 0.9 0.0319333
0.06 0.96 0.0269246
0.06 1.02 0.0223893
0.06 1.08 0.0183622
0.06 1.14 0.0148525
0.06 1.2 0.0118483
0.06 1.26 0.00932195
0.06 1.32 0.00723352
0.06 1.38 0.00553577
0.06 1.44 0.00417825
0.06 1.5 0.00311028
0.06 1.56 0.00228345
0.06 1.62 0.0016534
0.06 1.68 0.00118073
0.06 1.74 0.000831599
0.06 1.8 0.000577644
0.06 1.86 0.000395732
0.06 1.92 0.000267383
0.06 1.98 0.000178177
0.06 2.04 0.0001171
0.06 2.1 7.59017e-05
0.12 -1.62 0.00013312
0.12 -1.56 0.000200732
0.12 -1.5 0.000298519
0.12 -1.44 0.00043784
0.12 -1.38 0.000633357
0.12 -1.32 0.000903592
0.12 -1.26 0.0012714
0.12 -1.2 0.00176435
0.12 -1.14 0.00241475
0.12 -1.08 0.00325952
0.12 -1.02 0.00433928
0.12 -0.96 0.00569741
0.12 -0.9 0.00737777
0.12 -0.84 0.00942236
0.12 -0.78 0.0118682
0.12 -0.72 0.0147433
0.12 -0.66 0.0180632
0.12 -0.6 0.0218266
0.12 -0.54 0.0260115
0.12 -0.48 0.0305728
0.12 -0.42 0.03544
0.12 -0.36 0.0405174
0.12 -0.3 0.0456854
0.12 -0.24 0.0508045
0.12 -0.18 0.0557207
0.12 -0.12 0.0602724
0.12 -0.06 0.0642993
0.12 9.71445e-15 0.0676537
0.12 0.06 0.0702035
0.12 0.12 0.0718486
0.12 0.18 0.0725213
0.12 0.24 0.0721942
0.12 0.3 0.0708809
0.12 0.36 0.0686346
0.12 0.42 0.0655455
0.12 0.48 0.0617364
0.12 0.54 0.0573488
0.12 0.6 0.0525402
0.12 0.66 0.0474737
0.12 0.72 0.0423061
0.12 0.78 0.0371825
0.12 0.84 0.0322304
0.12 0.9 0.0275539
0.12 0.96 0.0232319
0.12 1.02 0.0193187
0.12 1.08 0.0158441
0.12 1.14 0.0128154
0.12 1.2 0.0102235
0.12 1.26 0.0080435
0.12 1.32 0.00624143
0.12 1.38 0.00477653
0.12 1.44 0.0036052
0.12 1.5 0.00268372
0.12 1.56 0.0019703
0.12 1.62 0.00142664
0.12 1.68 0.0010188
0.12 1.74 0.000717547
0.12 1.8 0.00049843
0.12 1.86 0.00034146
0.12 1.92 0.00023071
0.12 1.98 0.00015374
0.12 2.04 0.00010104
0.12 2.1 6.54924e-05
0.18 -1.56 0.00017082
0.18 -1.5 0.000254037
0.18 -1.44 0.0003726
0.18 -1.38 0.000538984
0.18 -1.32 0.00076895
0.18 -1.26 0.00108196
0.18 -1.2 0.00150145
0.18 -1.14 0.00205495
0.18 -1.08 0.00277383
0.18 -1.02 0.00369275
0.18 -0.96 0.00484843
0.18 -0.9 0.00627837
0.18 -0.84 0.00801831
0.18 -0.78 0.0100997
0.18 -0.72 0.0125465
0.18 -0.66 0.0153717
0.18 -0.6 0.0185743
0.18 -0.54 0.0221357
0.18 -0.48 0.0260174
0.18 -0.42 0.0301589
0.18 -0.36 0.0344799
0.18 -0.3 0.038878
0.18 -0.24 0.0432343
0.18 -0.18 0.0474176
0.18 -0.12 0.0512913
0.18 -0.06 0.0547189
0.18 9.71445e-15 0.0575728
0.18 0.06 0.0597429
0.18 0.12 0.0611432
0.18 0.18 0.0617156
0.18 0.24 0.0614369
0.18 0.3 0.060319
0.18 0.36 0.0584078
0.18 0.42 0.0557798
0.18 0.48 0.0525375
0.18 0.54 0.0488033
0.18 0.6 0.0447118
0.18 0.66 0.0403999
0.18 0.72 0.0360023
0.18 0.78 0.0316422
0.18 0.84 0.0274278
0.18 0.9 0.0234481
0.18 0.96 0.0197704
0.18 1.02 0.0164404
0.18 1.08 0.0134831
0.18 1.14 0.010906
0.18 1.2 0.00870008
0.18 1.26 0.00684504
0.18 1.32 0.00531145
0.18 1.38 0.00406482
0.18 1.44 0.00306803
0.18 1.5 0.00228383
0.18 1.56 0.0016767
0.18 1.62 0.00121407
0.18 1.68 0.000866998
0.18 1.74 0.000610629
0.18 1.8 0.000424158
0.18 1.86 0.000290583
0.18 1.92 0.000196335
0.18 1.98 0.000130832
0.18 2.04 8.59849e-05
0.18 2.1 5.57337e-05
0.24 -1.56 0.00014337
0.24 -1.5 0.000213213
0.24 -1.44 0.000312723
0.24 -1.38 0.00045237
0.24 -1.32 0.00064538
0.24 -1.26 0.000908078
0.24 -1.2 0.00126017
0.24 -1.14 0.00172472
0.24 -1.08 0.00232807
0.24 -1.02 0.00309929
0.24 -0.96 0.00406932
0.24 -0.9 0.00526948
0.24 -0.84 0.00672979
0.24 -0.78 0.00847666
0.24 -0.72 0.0105302
0.24 -0.66 0.0129015
0.24 -0.6 0.0155895
0.24 -0.54 0.0185785
0.24 -0.48 0.0218363
0.24 -0.42 0.0253128
0.24 -0.36 0.0289391
0.24 -0.3 0.0326301
0.24 -0.24 0.0362864
0.24 -0.18 0.0397977
0.24 -0.12 0.0430488
0.24 -0.06 0.0459256
0.24 9.71445e-15 0.0483206
0.24 0.06 0.0501425
0.24 0.12 0.0513166
0.24 0.18 0.0517977
0.24 0.24 0.0515643
0.24 0.3 0.0506262
0.24 0.36 0.0490217
0.24 0.42 0.0468156
0.24 0.48 0.0440945
0.24 0.54 0.0409606
0.24 0.6 0.0375266
0.24 0.66 0.0339075
0.24 0.72 0.0302165
0.24 0.78 0.0265574
0.24 0.84 0.0230204
0.24 0.9 0.0196802
0.24 0.96 0.0165933
0.24 1.02 0.0137983
0.24 1.08 0.0113164
0.24 1.14 0.00915334
0.24 1.2 0.00730199
0.24 1.26 0.00574504
0.24 1.32 0.00445791
0.24 1.38 0.00341159
0.24 1.44 0.00257498
0.24 1.5 0.00191682
0.24 1.56 0.00140727
0.24 1.62 0.00101897
0.24 1.68 0.000727665
0.24 1.74 0.000512502
0.24 1.8 0.000355996
0.24 1.86 0.000243886
0.24 1.92 0.000164784
0.24 1.98 0.000109808
0.24 2.04 7.21674e-05
0.24 2.1 4.67776e-05
0.3 -1.5 0.000176491
0.3 -1.44 0.00025886
0.3 -1.38 0.000374454
0.3 -1.32 0.000534224
0.3 -1.26 0.000751684
0.3 -1.2 0.00104311
0.3 -1.14 0.00142766
0.3 -1.08 0.00192708
0.3 -1.02 0.00256549
0.3 -0.96 0.00336842
0.3 -0.9 0.00436188
0.3 -0.84 0.00557069
0.3 -0.78 0.00701671
0.3 -0.72 0.00871655
0.3 -0.66 0.0106792
0.3 -0.6 0.0129044
0.3 -0.54 0.0153785
0.3 -0.48 0.0180754
0.3 -0.42 0.0209528
0.3 -0.36 0.0239546
0.3 -0.3 0.02701
0.3 -0.24 0.0300366
0.3 -0.18 0.0329432
0.3 -0.12 0.0356343
0.3 -0.06 0.038015
0.3 9.71445e-15 0.0399984
0.3 0.06 0.0415054
0.3 0.12 0.0424786
0.3 0.18 0.0428764
0.3 0.24 0.0426828
0.3 0.3 0.0419061
0.3 0.36 0.0405782
0.3 0.42 0.0387523
0.3 0.48 0.0364998
0.3 0.54 0.0339058
0.3 0.6 0.0310629
0.3 0.66 0.0280675
0.3 0.72 0.0250124
0.3 0.78 0.0219832
0.3 0.84 0.0190553
0.3 0.9 0.0162904
0.3 0.96 0.0137353
0.3 1.02 0.0114217
0.3 1.08 0.00936732
0.3 1.14 0.00757678
0.3 1.2 0.00604435
0.3 1.26 0.00475549
0.3 1.32 0.00369005
0.3 1.38 0.00282399
0.3 1.44 0.00213148
0.3 1.5 0.00158666
0.3 1.56 0.00116488
0.3 1.62 0.000843463
0.3 1.68 0.000602334
0.3 1.74 0.000424227
0.3 1.8 0.000294682
0.3 1.86 0.000201878
0.3 1.92 0.000136401
0.3 1.98 9.08939e-05
0.3 2.04 5.97366e-05
0.3 2.1 3.87203e-05
0.36 -1.5 0.000144083
0.36 -1.44 0.000211327
0.36 -1.38 0.000305696
0.36 -1.32 0.000436127
0.36 -1.26 0.00061366
0.36 -1.2 0.000851587
0.36 -1.14 0.00116552
0.36 -1.08 0.00157324
0.36 -1.02 0.00209443
0.36 -0.96 0.00274994
0.36 -0.9 0.00356096
0.36 -0.84 0.0045478
0.36 -0.78 0.00572831
0.36 -0.72 0.00711608
0.36 -0.66 0.00871848
0.36 -0.6 0.0105349
0.36 -0.54 0.0125549
0.36 -0.48 0.0147564
0.36 -0.42 0.0171056
0.36 -0.36 0.0195561
0.36 -0.3 0.0220505
0.36 -0.24 0.0245212
0.36 -0.18 0.0268941
0.36 -0.12 0.0290913
0.36 -0.06 0.0310352
0.36 9.71445e-15 0.0326537
0.36 0.06 0.0338848
0.36 0.12 0.0346788
0.36 0.18 0.0350034
0.36 0.24 0.0348457
0.36 0.3 0.0342117
0.36 0.36 0.0331276
0.36 0.42 0.0316369
0.36 0.48 0.0297975
0.36 0.54 0.0276802
0.36 0.6 0.0253592
0.36 0.66 0.022914
0.36 0.72 0.0204195
0.36 0.78 0.0179467
0.36 0.84 0.0155565
0.36 0.9 0.0132993
0.36 0.96 0.0112133
0.36 1.02 0.00932447
0.36 1.08 0.0076473
0.36 1.14 0.00618561
0.36 1.2 0.00493448
0.36 1.26 0.00388231
0.36 1.32 0.00301254
0.36 1.38 0.00230548
0.36 1.44 0.00174011
0.36 1.5 0.00129533
0.36 1.56 0.000950989
0.36 1.62 0.000688591
0.36 1.68 0.000491735
0.36 1.74 0.000346336
0.36 1.8 0.000240571
0.36 1.86 0.00016481
0.36 1.92 0.000111357
0.36 1.98 7.42053e-05
0.36 2.04 4.87687e-05
0.42 -1.44 0.000170154
0.42 -1.38 0.000246136
0.42 -1.32 0.000351155
0.42 -1.26 0.000494096
0.42 -1.2 0.000685663
0.42 -1.14 0.000938432
0.42 -1.08 0.00126671
0.42 -1.02 0.00168636
0.42 -0.96 0.00221414
0.42 -0.9 0.00286713
0.42 -0.84 0.0036617
0.42 -0.78 0.00461219
0.42 -0.72 0.00572956
0.42 -0.66 0.0070198
0.42 -0.6 0.00848233
0.42 -0.54 0.0101087
0.42 -0.48 0.0118813
0.42 -0.42 0.0137727
0.42 -0.36 0.0157458
0.42 -0.3 0.0177542
0.42 -0.24 0.0197436
0.42 -0.18 0.0216541
0.42 -0.12 0.0234231
0.42 -0.06 0.0249884
0.42 9.71445e-15 0.0262917
0.42 0.06 0.0272827
0.42 0.12 0.027922
0.42 0.18 0.0281836
0.42 0.24 0.0280564
0.42 0.3 0.027546
0.42 0.36 0.0266731
0.42 0.42 0.0254729
0.42 0.48 0.0239921
0.42 0.54 0.0222869
0.42 0.6 0.0204184
0.42 0.66 0.0184493
0.42 0.72 0.0164411
0.42 0.78 0.01445
0.42 0.84 0.0125255
0.42 0.9 0.0107081
0.42 0.96 0.00902855
0.42 1.02 0.00750778
0.42 1.08 0.00615726
0.42 1.14 0.00498043
0.42 1.2 0.00397304
0.42 1.26 0.00312591
0.42 1.32 0.00242558
0.42 1.38 0.00185627
0.42 1.44 0.00140106
0.42 1.5 0.00104295
0.42 1.56 0.000765697
0.42 1.62 0.000554429
0.42 1.68 0.000395928
0.42 1.74 0.000278856
0.42 1.8 0.000193698
0.42 1.86 0.0001327
0.42 1.92 8.96604e-05
0.42 1.98 5.97472e-05
0.42 2.04 3.92667e-05
0.48 -1.44 0.000135118
0.48 -1.38 0.000195456
0.48 -1.32 0.000278851
0.48 -1.26 0.000392361
0.48 -1.2 0.000544481
0.48 -1.14 0.000745204
0.48 -1.08 0.00100589
0.48 -1.02 0.00133913
0.48 -0.96 0.00175823
0.48 -0.9 0.00227679
0.48 -0.84 0.00290776
0.48 -0.78 0.00366254
0.48 -0.72 0.00454983
0.48 -0.66 0.00557436
0.48 -0.6 0.00673579
0.48 -0.54 0.00802724
0.48 -0.48 0.00943492
0.48 -0.42 0.0109368
0.48 -0.36 0.0125037
0.48 -0.3 0.0140986
0.48 -0.24 0.0156783
0.48 -0.18 0.0171955
0.48 -0.12 0.0186002
0.48 -0.06 0.0198431
0.48 9.71445e-15 0.0208782
0.48 0.06 0.021665
0.48 0.12 0.0221728
0.48 0.18 0.0223805
0.48 0.24 0.0222794
0.48 0.3 0.021874
0.48 0.36 0.0211809
0.48 0.42 0.0202279
0.48 0.48 0.019052
0.48 0.54 0.017698
0.48 0.6 0.0162141
0.48 0.66 0.0146506
0.48 0.72 0.0130558
0.48 0.78 0.0114747
0.48 0.84 0.00994642
0.48 0.9 0.00850322
0.48 0.96 0.00716952
0.48 1.02 0.0059619
0.48 1.08 0.00488949
0.48 1.14 0.00395492
0.48 1.2 0.00315499
0.48 1.26 0.00248226
0.48 1.32 0.00192613
0.48 1.38 0.00147406
0.48 1.44 0.00111258
0.48 1.5 0.000828203
0.48 1.56 0.000608034
0.48 1.62 0.000440269
0.48 1.68 0.000314405
0.48 1.74 0.000221438
0.48 1.8 0.000153816
0.48 1.86 0.000105376
0.48 1.92 7.11986e-05
0.48 1.98 4.74447e-05
0.48 2.04 3.11813e-05
0.54 -1.38 0.000153077
0.54 -1.32 0.000218391
0.54 -1.26 0.00030729
0.54 -1.2 0.000426426
0.54 -1.14 0.000583629
0.54 -1.08 0.000787794
0.54 -1.02 0.00104878
0.54 -0.96 0.00137701
0.54 -0.9 0.00178314
0.54 -0.84 0.00227731
0.54 -0.78 0.00286844
0.54 -0.72 0.00356334
0.54 -0.66 0.0043657
0.54 -0.6 0.00527535
0.54 -0.54 0.00628677
0.54 -0.48 0.00738924
0.54 -0.42 0.00856551
0.54 -0.36 0.00979267
0.54 -0.3 0.0110417
0.54 -0.24 0.012279
0.54 -0.18 0.0134672
0.54 -0.12 0.0145673
0.54 -0.06 0.0155406
0.54 9.71445e-15 0.0163514
0.54 0.06 0.0169674
0.54 0.12 0.0173653
0.54 0.18 0.0175279
0.54 0.24 0.0174488
0.54 0.3 0.0171313
0.54 0.36 0.0165885
0.54 0.42 0.015842
0.54 0.48 0.0149212
0.54 0.54 0.0138607
0.54 0.6 0.0126985
0.54 0.66 0.011474
0.54 0.72 0.0102251
0.54 0.78 0.00898677
0.54 0.84 0.00778985
0.54 0.9 0.00665955
0.54 0.96 0.00561502
0.54 1.02 0.00466922
0.54 1.08 0.00382937
0.54 1.14 0.00309741
0.54 1.2 0.00247094
0.54 1.26 0.00194405
0.54 1.32 0.0015085
0.54 1.38 0.00115445
0.54 1.44 0.000871352
0.54 1.5 0.00064863
0.54 1.56 0.000476203
0.54 1.62 0.00034481
0.54 1.68 0.000246235
0.54 1.74 0.000173425
0.54 1.8 0.000120466
0.54 1.86 8.25282e-05
0.54 1.92 5.5761e-05
0.54 1.98 3.71576e-05
0.6 -1.32 0.000168689
0.6 -1.26 0.000237354
0.6 -1.2 0.000329379
0.6 -1.14 0.000450804
0.6 -1.08 0.000608507
0.6 -1.02 0.000810088
0.6 -0.96 0.00106362
0.6 -0.9 0.00137733
0.6 -0.84 0.00175903
0.6 -0.78 0.00221562
0.6 -0.72 0.00275236
0.6 -0.66 0.00337215
0.6 -0.6 0.00407476
0.6 -0.54 0.00485599
0.6 -0.48 0.00570755
0.6 -0.42 0.00661614
0.6 -0.36 0.00756404
0.6 -0.3 0.00852885
0.6 -0.24 0.00948453
0.6 -0.18 0.0104023
0.6 -0.12 0.011252
0.6 -0.06 0.0120038
0.6 9.71445e-15 0.0126301
0.6 0.06 0.013106
0.6 0.12 0.0134132
0.6 0.18 0.0135388
0.6 0.24 0.0134777
0.6 0.3 0.0132325
0.6 0.36 0.0128131
0.6 0.42 0.0122365
0.6 0.48 0.0115254
0.6 0.54 0.0107062
0.6 0.6 0.00980861
0.6 0.66 0.00886265
0.6 0.72 0.007898
0.6 0.78 0.00694152
0.6 0.84 0.00601701
0.6 0.9 0.00514394
0.6 0.96 0.00433711
0.6 1.02 0.00360657
0.6 1.08 0.00295787
0.6 1.14 0.00239247
0.6 1.2 0.00190859
0.6 1.26 0.00150162
0.6 1.32 0.00116519
0.6 1.38 0.000891711
0.6 1.44 0.000673042
0.6 1.5 0.000501013
0.6 1.56 0.000367827
0.6 1.62 0.000266335
0.6 1.68 0.000190197
0.6 1.74 0.000133956
0.6 1.8 9.30501e-05
0.6 1.86 6.37464e-05
0.6 1.92 4.30706e-05
0.6 1.98 2.8701e-05
0.66 -1.32 0.000128506
0.66 -1.26 0.000180816
0.66 -1.2 0.00025092
0.66 -1.14 0.000343419
0.66 -1.08 0.00046356
0.66 -1.02 0.000617127
0.66 -0.96 0.000810263
0.66 -0.9 0.00104923
0.66 -0.84 0.00134001
0.66 -0.78 0.00168784
0.66 -0.72 0.00209674
0.66 -0.66 0.00256891
0.66 -0.6 0.00310412
0.66 -0.54 0.00369929
0.66 -0.48 0.00434799
0.66 -0.42 0.00504016
0.66 -0.36 0.00576225
0.66 -0.3 0.00649725
0.66 -0.24 0.00722527
0.66 -0.18 0.00792439
0.66 -0.12 0.00857169
0.66 -0.06 0.00914457
0.66 9.71445e-15 0.00962145
0.66 0.06 0.00998419
0.66 0.12 0.0102181
0.66 0.18 0.0103138
0.66 0.24 0.0102672
0.66 0.3 0.0100804
0.66 0.36 0.00976103
0.66 0.42 0.00932186
0.66 0.48 0.00878002
0.66 0.54 0.0081559
0.66 0.6 0.0074722
0.66 0.66 0.00675156
0.66 0.72 0.00601664
0.66 0.78 0.00528801
0.66 0.84 0.00458373
0.66 0.9 0.00391862
0.66 0.96 0.003304
0.66 1.02 0.00274749
0.66 1.08 0.00225328
0.66 1.14 0.0018226
0.66 1.2 0.00145395
0.66 1.26 0.00114394
0.66 1.32 0.000887645
0.66 1.38 0.000679306
0.66 1.44 0.000512724
0.66 1.5 0.000381671
0.66 1.56 0.00028021
0.66 1.62 0.000202894
0.66 1.68 0.000144892
0.66 1.74 0.000102048
0.66 1.8 7.0885e-05
0.66 1.86 4.8562e-05
0.66 1.92 3.28114e-05
0.66 1.98 2.18646e-05
0.72 -1.26 0.000135851
0.72 -1.2 0.000188522
0.72 -1.14 0.000258022
0.72 -1.08 0.000348281
0.72 -1.02 0.000463663
0.72 -0.96 0.00060878
0.72 -0.9 0.000788324
0.72 -0.84 0.00100679
0.72 -0.78 0.00126813
0.72 -0.72 0.00157535
0.72 -0.66 0.00193008
0.72 -0.6 0.00233222
0.72 -0.54 0.00277936
0.72 -0.48 0.00326677
0.72 -0.42 0.00378683
0.72 -0.36 0.00432932
0.72 -0.3 0.0048815
0.72 -0.24 0.00542849
0.72 -0.18 0.0059538
0.72 -0.12 0.0064402
0.72 -0.06 0.00687051
0.72 9.71445e-15 0.00722888
0.72 0.06 0.00750136
0.72 0.12 0.0076771
0.72 0.18 0.00774907
0.72 0.24 0.00771413
0.72 0.3 0.00757379
0.72 0.36 0.00733378
0.72 0.42 0.00700374
0.72 0.48 0.00659661
0.72 0.54 0.0061278
0.72 0.6 0.00561403
0.72 0.66 0.00507265
0.72 0.72 0.00452047
0.72 0.78 0.00397305
0.72 0.84 0.0034439
0.72 0.9 0.0029442
0.72 0.96 0.0024824
0.72 1.02 0.00206425
0.72 1.08 0.00169295
0.72 1.14 0.00136936
0.72 1.2 0.00109239
0.72 1.26 0.000859465
0.72 1.32 0.00066691
0.72 1.38 0.000510381
0.72 1.44 0.000385222
0.72 1.5 0.000286758
0.72 1.56 0.00021053
0.72 1.62 0.00015244
0.72 1.68 0.000108859
0.72 1.74 7.66716e-05
0.72 1.8 5.32575e-05
0.72 1.86 3.64856e-05
0.72 1.92 2.4652e-05
0.78 -1.2 0.000139696
0.78 -1.14 0.000191191
0.78 -1.08 0.00025808
0.78 -1.02 0.000343571
0.78 -0.96 0.000451102
0.78 -0.9 0.000584145
0.78 -0.84 0.000746028
0.78 -0.78 0.000939679
0.78 -0.72 0.00116733
0.78 -0.66 0.0014302
0.78 -0.6 0.00172815
0.78 -0.54 0.00205953
0.78 -0.48 0.00242065
0.78 -0.42 0.00280602
0.78 -0.36 0.00320805
0.78 -0.3 0.00361723
0.78 -0.24 0.00402254
0.78 -0.18 0.00441177
0.78 -0.12 0.00477218
0.78 -0.06 0.00509107
0.78 9.71445e-15 0.00535657
0.78 0.06 0.00555853
0.78 0.12 0.00568878
0.78 0.18 0.00574199
0.78 0.24 0.00571609
0.78 0.3 0.00561211
0.78 0.36 0.00543428
0.78 0.42 0.00518974
0.78 0.48 0.0048881
0.78 0.54 0.00454069
0.78 0.6 0.00415997
0.78 0.66 0.00375885
0.78 0.72 0.00334965
0.78 0.78 0.00294398
0.78 0.84 0.0025519
0.78 0.9 0.00218162
0.78 0.96 0.00183944
0.78 1.02 0.00152961
0.78 1.08 0.00125448
0.78 1.14 0.0010147
0.78 1.2 0.000809459
0.78 1.26 0.000636861
0.78 1.32 0.000494182
0.78 1.38 0.000378195
0.78 1.44 0.000285452
0.78 1.5 0.00021249
0.78 1.56 0.000156002
0.78 1.62 0.000112957
0.78 1.68 8.06658e-05
0.78 1.74 5.68132e-05
0.78 1.8 3.9464e-05
0.78 1.86 2.70358e-05
0.78 1.92 1.82671e-05
0.84 -1.14 0.000139727
0.84 -1.08 0.000188607
0.84 -1.02 0.000251087
0.84 -0.96 0.000329672
0.84 -0.9 0.000426901
0.84 -0.84 0.000545209
0.84 -0.78 0.000686731
0.84 -0.72 0.00085309
0.84 -0.66 0.00104521
0.84 -0.6 0.00126297
0.84 -0.54 0.00150511
0.84 -0.48 0.00176906
0.84 -0.42 0.00205069
0.84 -0.36 0.00234447
0.84 -0.3 0.00264352
0.84 -0.24 0.00293973
0.84 -0.18 0.00322419
0.84 -0.12 0.00348754
0.84 -0.06 0.00372062
0.84 9.71445e-15 0.00391469
0.84 0.06 0.00406224
0.84 0.12 0.0041574
0.84 0.18 0.00419636
0.84 0.24 0.00417744
0.84 0.3 0.00410143
0.84 0.36 0.00397145
0.84 0.42 0.00379274
0.84 0.48 0.0035723
0.84 0.54 0.00331837
0.84 0.6 0.00304019
0.84 0.66 0.00274697
0.84 0.72 0.00244799
0.84 0.78 0.00215153
0.84 0.84 0.00186498
0.84 0.9 0.00159437
0.84 0.96 0.00134429
0.84 1.02 0.00111786
0.84 1.08 0.000916791
0.84 1.14 0.00074155
0.84 1.2 0.000591567
0.84 1.26 0.000465431
0.84 1.32 0.000361153
0.84 1.38 0.000276386
0.84 1.44 0.000208609
0.84 1.5 0.000155289
0.84 1.56 0.000114009
0.84 1.62 8.25509e-05
0.84 1.68 5.89516e-05
0.84 1.74 4.15198e-05
0.84 1.8 2.88409e-05
0.84 1.86 1.97583e-05
0.9 -1.14 0.00010071
0.9 -1.08 0.000135942
0.9 -1.02 0.000180975
0.9 -0.96 0.000237618
0.9 -0.9 0.000307699
0.9 -0.84 0.000392972
0.9 -0.78 0.000494977
0.9 -0.72 0.00061489
0.9 -0.66 0.000753347
0.9 -0.6 0.000910307
0.9 -0.54 0.00108484
0.9 -0.48 0.00127508
0.9 -0.42 0.00147807
0.9 -0.36 0.00168983
0.9 -0.3 0.00190536
0.9 -0.24 0.00211886
0.9 -0.18 0.0023239
0.9 -0.12 0.00251374
0.9 -0.06 0.00268168
0.9 9.71445e-15 0.00282158
0.9 0.06 0.00292792
0.9 0.12 0.00299655
0.9 0.18 0.00302459
0.9 0.24 0.00301096
0.9 0.3 0.00295619
0.9 0.36 0.0028625
0.9 0.42 0.00273367
0.9 0.48 0.00257479
0.9 0.54 0.00239181
0.9 0.6 0.00219125
0.9 0.66 0.00197996
0.9 0.72 0.00176443
0.9 0.78 0.00155074
0.9 0.84 0.00134421
0.9 0.9 0.00114917
0.9 0.96 0.000968921
0.9 1.02 0.000805713
0.9 1.08 0.000660797
0.9 1.14 0.000534487
0.9 1.2 0.000426384
0.9 1.26 0.000335463
0.9 1.32 0.000260307
0.9 1.38 0.000199212
0.9 1.44 0.00015036
0.9 1.5 0.000111928
0.9 1.56 8.2174e-05
0.9 1.62 5.94999e-05
0.9 1.68 4.24902e-05
0.9 1.74 2.99263e-05
0.9 1.8 2.07876e-05
0.9 1.86 1.4241e-05
0.96 -1.08 9.6635e-05
0.96 -1.02 0.000128649
0.96 -0.96 0.000168914
0.96 -0.9 0.00021873
0.96 -0.84 0.000279346
0.96 -0.78 0.000351858
0.96 -0.72 0.0004371
0.96 -0.66 0.000535527
0.96 -0.6 0.000647104
0.96 -0.54 0.000771172
0.96 -0.48 0.000906407
0.96 -0.42 0.0010507
0.96 -0.36 0.00120122
0.96 -0.3 0.00135443
0.96 -0.24 0.0015062
0.96 -0.18 0.00165196
0.96 -0.12 0.00178692
0.96 -0.06 0.00190632
0.96 9.71445e-15 0.00200574
0.96 0.06 0.00208135
0.96 0.12 0.00213011
0.96 0.18 0.00215008
0.96 0.24 0.00214038
0.96 0.3 0.00210144
0.96 0.36 0.00203485
0.96 0.42 0.00194328
0.96 0.48 0.00183031
0.96 0.54 0.00170024
0.96 0.6 0.00155768
0.96 0.66 0.00140747
0.96 0.72 0.00125426
0.96 0.78 0.00110237
0.96 0.84 0.000955553
0.96 0.9 0.000816904
0.96 0.96 0.000688773
0.96 1.02 0.000572753
0.96 1.08 0.000469731
0.96 1.14 0.000379948
0.96 1.2 0.000303097
0.96 1.26 0.000238469
0.96 1.32 0.000185043
0.96 1.38 0.000141612
0.96 1.44 0.000106885
0.96 1.5 7.95648e-05
0.96 1.56 5.84142e-05
0.96 1.62 4.22965e-05
0.96 1.68 3.02044e-05
0.96 1.74 2.12735e-05
0.96 1.8 1.4777e-05
1.02 -1.02 9.01949e-05
1.02 -0.96 0.000118423
1.02 -0.9 0.000153349
1.02 -0.84 0.000195847
1.02 -0.78 0.000246684
1.02 -0.72 0.000306445
1.02 -0.66 0.000375451
1.02 -0.6 0.000453679
1.02 -0.54 0.000540658
1.02 -0.48 0.000635474
1.02 -0.42 0.000736635
1.02 -0.36 0.000842164
1.02 -0.3 0.000949584
1.02 -0.24 0.00105599
1.02 -0.18 0.00115817
1.02 -0.12 0.00125278
1.02 -0.06 0.0013365
1.02 9.71445e-15 0.00140621
1.02 0.06 0.00145921
1.02 0.12 0.00149341
1.02 0.18 0.0015074
1.02 0.24 0.0015006
1.02 0.3 0.0014733
1.02 0.36 0.00142661
1.02 0.42 0.00136241
1.02 0.48 0.00128322
1.02 0.54 0.00119201
1.02 0.6 0.00109207
1.02 0.66 0.000986759
1.02 0.72 0.000879355
1.02 0.78 0.000772862
1.02 0.84 0.000669927
1.02 0.9 0.000572722
1.02 0.96 0.000482892
1.02 1.02 0.000401553
1.02 1.08 0.000329324
1.02 1.14 0.000266377
1.02 1.2 0.000212499
1.02 1.26 0.000167188
1.02 1.32 0.000129731
1.02 1.38 9.92823e-05
1.02 1.44 7.49358e-05
1.02 1.5 5.57818e-05
1.02 1.56 4.09534e-05
1.02 1.62 2.96536e-05
1.02 1.68 2.11761e-05
1.02 1.74 1.49146e-05
1.02 1.8 1.036e-05
1.08 -0.96 8.18838e-05
1.08 -0.9 0.000106034
1.08 -0.84 0.00013542
1.08 -0.78 0.000170571
1.08 -0.72 0.000211893
1.08 -0.66 0.000259606
1.08 -0.6 0.000313698
1.08 -0.54 0.00037384
1.08 -0.48 0.0004394
1.08 -0.42 0.000509347
1.08 -0.36 0.00058232
1.08 -0.3 0.000656596
1.08 -0.24 0.00073017
1.08 -0.18 0.000800827
1.08 -0.12 0.000866243
1.08 -0.06 0.000924119
1.08 9.71445e-15 0.000972333
1.08 0.06 0.00100897
1.08 0.12 0.00103262
1.08 0.18 0.0010423
1.08 0.24 0.00103759
1.08 0.3 0.00101871
1.08 0.36 0.00098643
1.08 0.42 0.000942042
1.08 0.48 0.000887286
1.08 0.54 0.000824225
1.08 0.6 0.000755119
1.08 0.66 0.000682299
1.08 0.72 0.000608033
1.08 0.78 0.000534397
1.08 0.84 0.000463223
1.08 0.9 0.00039601
1.08 0.96 0.000333896
1.08 1.02 0.000277654
1.08 1.08 0.000227713
1.08 1.14 0.000184187
1.08 1.2 0.000146934
1.08 1.26 0.000115603
1.08 1.32 8.97024e-05
1.08 1.38 6.86491e-05
1.08 1.44 5.18146e-05
1.08 1.5 3.85706e-05
1.08 1.56 2.83173e-05
1.08 1.62 2.05041e-05
1.08 1.68 1.46423e-05
1.08 1.74 1.03127e-05
1.14 -0.84 9.23493e-05
1.14 -0.78 0.000116321
1.14 -0.72 0.000144499
1.14 -0.66 0.000177039
1.14 -0.6 0.000213926
1.14 -0.54 0.000254941
1.14 -0.48 0.000299647
1.14 -0.42 0.000347349
1.14 -0.36 0.000397114
1.14 -0.3 0.000447767
1.14 -0.24 0.00049794
1.14 -0.18 0.000546123
1.14 -0.12 0.000590732
1.14 -0.06 0.000630205
1.14 9.71445e-15 0.00066308
1.14 0.06 0.000688069
1.14 0.12 0.000704192
1.14 0.18 0.00071079
1.14 0.24 0.000707583
1.14 0.3 0.000694708
1.14 0.36 0.000672692
1.14 0.42 0.000642421
1.14 0.48 0.000605086
1.14 0.54 0.000562077
1.14 0.6 0.000514955
1.14 0.66 0.00046529
1.14 0.72 0.000414646
1.14 0.78 0.000364431
1.14 0.84 0.000315894
1.14 0.9 0.000270058
1.14 0.96 0.000227699
1.14 1.02 0.000189346
1.14 1.08 0.000155289
1.14 1.14 0.000125605
1.14 1.2 0.000100201
1.14 1.26 7.88357e-05
1.14 1.32 6.11726e-05
1.14 1.38 4.68151e-05
1.14 1.44 3.53349e-05
1.14 1.5 2.63033e-05
1.14 1.56 1.9311e-05
1.14 1.62 1.39827e-05
1.14 1.68 9.98538e-06
1.2 -0.78 7.82336e-05
1.2 -0.72 9.71868e-05
1.2 -0.66 0.000119072
1.2 -0.6 0.00014388
1.2 -0.54 0.000171467
1.2 -0.48 0.000201535
1.2 -0.42 0.000233618
1.2 -0.36 0.000267088
1.2 -0.3 0.000301156
1.2 -0.24 0.000334901
1.2 -0.18 0.000367306
1.2 -0.12 0.00039731
1.2 -0.06 0.000423863
1.2 9.71445e-15 0.000445967
1.2 0.06 0.00046278
1.2 0.12 0.000473625
1.2 0.18 0.000478058
1.2 0.24 0.0004759
1.2 0.3 0.00046724
1.2 0.36 0.000452436
1.2 0.42 0.00043208
1.2 0.48 0.000406966
1.2 0.54 0.000378037
1.2 0.6 0.000346346
1.2 0.66 0.000312944
1.2 0.72 0.000278879
1.2 0.78 0.000245106
1.2 0.84 0.000212462
1.2 0.9 0.000181633
1.2 0.96 0.000153145
1.2 1.02 0.00012735
1.2 1.08 0.000104443
1.2 1.14 8.44797e-05
1.2 1.2 6.73924e-05
1.2 1.26 5.3023e-05
1.2 1.32 4.11435e-05
1.2 1.38 3.14868e-05
1.2 1.44 2.37655e-05
1.2 1.5 1.7691e-05
1.2 1.56 1.29881e-05
1.2 1.62 9.40439e-06
1.2 1.68 6.71592e-06
1.26 -0.72 6.44671e-05
1.26 -0.66 7.8984e-05
1.26 -0.6 9.54406e-05
1.26 -0.54 0.000113739
1.26 -0.48 0.000133685
1.26 -0.42 0.000154967
1.26 -0.36 0.000177166
1.26 -0.3 0.000199764
1.26 -0.24 0.000222148
1.26 -0.18 0.000243645
1.26 -0.12 0.000263549
1.26 -0.06 0.00028116
1.26 9.71445e-15 0.000295825
1.26 0.06 0.000306974
1.26 0.12 0.000314168
1.26 0.18 0.000317113
1.26 0.24 0.000315682
1.26 0.3 0.000309939
1.26 0.36 0.000300117
1.26 0.42 0.000286612
1.26 0.48 0.00026995
1.26 0.54 0.000250765
1.26 0.6 0.00022974
1.26 0.66 0.000207586
1.26 0.72 0.00018499
1.26 0.78 0.000162587
1.26 0.84 0.000140933
1.26 0.9 0.000120484
1.26 0.96 0.000101586
1.26 1.02 8.44746e-05
1.26 1.08 6.92798e-05
1.26 1.14 5.6038e-05
1.26 1.2 4.47035e-05
1.26 1.26 3.51715e-05
1.26 1.32 2.72917e-05
1.26 1.38 2.08861e-05
1.26 1.44 1.57642e-05
1.26 1.5 1.17349e-05
1.26 1.56 8.61542e-06
1.26 1.62 6.23825e-06
1.32 -0.66 5.16727e-05
1.32 -0.6 6.24376e-05
1.32 -0.54 7.44101e-05
1.32 -0.48 8.74571e-05
1.32 -0.42 0.000101381
1.32 -0.36 0.000115906
1.32 -0.3 0.000130689
1.32 -0.24 0.000145333
1.32 -0.18 0.000159396
1.32 -0.12 0.000172417
1.32 -0.06 0.000183939
1.32 9.71445e-15 0.000193531
1.32 0.06 0.000200829
1.32 0.12 0.000205533
1.32 0.18 0.000207456
1.32 0.24 0.000206521
1.32 0.3 0.000202764
1.32 0.36 0.000196339
1.32 0.42 0.000187504
1.32 0.48 0.000176605
1.32 0.54 0.000164053
1.32 0.6 0.000150299
1.32 0.66 0.000135806
1.32 0.72 0.000121021
1.32 0.78 0.000106366
1.32 0.84 9.21998e-05
1.32 0.9 7.88216e-05
1.32 0.96 6.64583e-05
1.32 1.02 5.52641e-05
1.32 1.08 4.5324e-05
1.32 1.14 3.66607e-05
1.32 1.2 2.92455e-05
1.32 1.26 2.30097e-05
1.32 1.32 1.78547e-05
1.32 1.38 1.3664e-05
1.32 1.44 1.03133e-05
1.32 1.5 7.6772e-06
1.32 1.56 5.63634e-06
1.38 -0.54 4.80104e-05
1.38 -0.48 5.64297e-05
1.38 -0.42 6.54128e-05
1.38 -0.36 7.47845e-05
1.38 -0.3 8.43234e-05
1.38 -0.24 9.3772e-05
1.38 -0.18 0.000102846
1.38 -0.12 0.000111247
1.38 -0.06 0.00011868
1.38 9.71445e-15 0.000124872
1.38 0.06 0.000129577
1.38 0.12 0.000132614
1.38 0.18 0.000133856
1.38 0.24 0.000133252
1.38 0.3 0.000130828
1.38 0.36 0.000126682
1.38 0.42 0.000120981
1.38 0.48 0.00011395
1.38 0.54 0.000105851
1.38 0.6 9.69761e-05
1.38 0.66 8.76239e-05
1.38 0.72 7.80864e-05
1.38 0.78 6.86298e-05
1.38 0.84 5.94892e-05
1.38 0.9 5.08574e-05
1.38 0.96 4.28804e-05
1.38 1.02 3.56575e-05
1.38 1.08 2.9244e-05
1.38 1.14 2.3654e-05
1.38 1.2 1.887e-05
1.38 1.26 1.48463e-05
1.38 1.32 1.152e-05
1.38 1.38 8.81623e-06
1.38 1.44 6.65426e-06
1.38 1.5 4.95344e-06
1.44 -0.42 4.16257e-05
1.44 -0.36 4.75889e-05
1.44 -0.3 5.36587e-05
1.44 -0.24 5.96711e-05
1.44 -0.18 6.54457e-05
1.44 -0.12 7.07925e-05
1.44 -0.06 7.55227e-05
1.44 9.71445e-15 7.94613e-05
1.44 0.06 8.2457e-05
1.44 0.12 8.43891e-05
1.44 0.18 8.51794e-05
1.44 0.24 8.47955e-05
1.44 0.3 8.32528e-05
1.44 0.36 8.06147e-05
1.44 0.42 7.69869e-05
1.44 0.48 7.25109e-05
1.44 0.54 6.73585e-05
1.44 0.6 6.17105e-05
1.44 0.66 5.576e-05
1.44 0.72 4.96899e-05
1.44 0.78 4.36725e-05
1.44 0.84 3.78561e-05
1.44 0.9 3.23633e-05
1.44 0.96 2.72871e-05
1.44 1.02 2.26907e-05
1.44 1.08 1.86094e-05
1.44 1.14 1.50524e-05
1.44 1.2 1.20078e-05
1.44 1.26 9.44742e-06
1.44 1.32 7.33087e-06
1.44 1.38 5.61027e-06
1.44 1.44 4.23448e-06
1.5 -0.3 3.36767e-05
1.5 -0.24 3.74502e-05
1.5 -0.18 4.10739e-05
1.5 -0.12 4.44293e-05
1.5 -0.06 4.73984e-05
1.5 9.71445e-15 4.98705e-05
1.5 0.06 5.17502e-05
1.5 0.12 5.29631e-05
1.5 0.18 5.34591e-05
1.5 0.24 5.32177e-05
1.5 0.3 5.22494e-05
1.5 0.36 5.05939e-05
1.5 0.42 4.83174e-05
1.5 0.48 4.55087e-05
1.5 0.54 4.22741e-05
1.5 0.6 3.873e-05
1.5 0.66 3.4995e-05
1.5 0.72 3.11858e-05
1.5 0.78 2.7409e-05
1.5 0.84 2.37585e-05
1.5 0.9 2.03112e-05
1.5 0.96 1.71255e-05
1.5 1.02 1.42409e-05
1.5 1.08 1.16792e-05
1.5 1.14 9.44695e-06
1.5 1.2 7.53615e-06
1.5 1.26 5.92928e-06
1.5 1.32 4.60086e-06
1.5 1.38 3.52101e-06
1.56 -0.18 2.54238e-05
1.56 -0.12 2.75009e-05
1.56 -0.06 2.93384e-05
1.56 9.71445e-15 3.08687e-05
1.56 0.06 3.20323e-05
1.56 0.12 3.2783e-05
1.56 0.18 3.30898e-05
1.56 0.24 3.29403e-05
1.56 0.3 3.23411e-05
1.56 0.36 3.13163e-05
1.56 0.42 2.99072e-05
1.56 0.48 2.81689e-05
1.56 0.54 2.61669e-05
1.56 0.6 2.39729e-05
1.56 0.66 2.16613e-05
1.56 0.72 1.93033e-05
1.56 0.78 1.69654e-05
1.56 0.84 1.47058e-05
1.56 0.9 1.25721e-05
1.56 0.96 1.06002e-05
1.56 1.02 8.81478e-06
1.56 1.08 7.22923e-06
1.56 1.14 5.84741e-06
1.56 1.2 4.66471e-06
1.56 1.26 3.67007e-06
1.56 1.32 2.84784e-06
1.62 9.71445e-15 1.88443e-05
1.62 0.06 1.95548e-05
1.62 0.12 2.0013e-05
1.62 0.18 2.02002e-05
1.62 0.24 2.01092e-05
1.62 0.3 1.97434e-05
1.62 0.36 1.91177e-05
1.62 0.42 1.82574e-05
1.62 0.48 1.71961e-05
1.62 0.54 1.59741e-05
1.62 0.6 1.46347e-05
1.62 0.66 1.32235e-05
1.62 0.72 1.1784e-05
1.62 0.78 1.03569e-05
1.62 0.84 8.97752e-06
1.62 0.9 7.67492e-06
1.62 0.96 6.47112e-06
1.62 1.02 5.38113e-06
1.62 1.08 4.41321e-06
1.62 1.14 3.56968e-06
1.62 1.2 2.84766e-06
1.62 1.26 2.24046e-06
1.68 0.18 1.21622e-05
1.68 0.24 1.21073e-05
1.68 0.3 1.18871e-05
1.68 0.36 1.15104e-05
1.68 0.42 1.09924e-05
1.68 0.48 1.03533e-05
1.68 0.54 9.61767e-06
1.68 0.6 8.81119e-06
1.68 0.66 7.9616e-06
1.68 0.72 7.0949e-06
1.68 0.78 6.23568e-06
1.68 0.84 5.4052e-06
1.68 0.9 4.62092e-06
1.68 0.96 3.89613e-06
1.68 1.02 3.23984e-06
1.68 1.08 2.65711e-06
1.68 1.14 2.14923e-06
1.68 1.2 1.71452e-06
1.74 0.54 5.71098e-06
1.74 0.6 5.23213e-06
1.74 0.66 4.72759e-06
1.74 0.72 4.21297e-06
1.74 0.78 3.70277e-06
1.74 0.84 3.20963e-06
1.74 0.9 2.74391e-06
1.74 0.96 2.31352e-06
