4512 0.06 0.06 0.153356 -12 -12
-0.6 0.66 6.35905e-07
-0.6 0.72 7.13818e-07
-0.6 0.78 7.90256e-07
-0.6 0.84 8.62851e-07
-0.6 0.9 9.2917e-07
-0.6 0.96 9.86835e-07
-0.6 1.02 1.03367e-06
-0.6 1.08 1.06784e-06
-0.6 1.14 1.08799e-06
-0.6 1.2 1.09327e-06
-0.6 1.26 1.08347e-06
-0.6 1.32 1.05901e-06
-0.54 0.54 8.42391e-07
-0.54 0.6 9.72136e-07
-0.54 0.66 1.10644e-06
-0.54 0.72 1.242e-06
-0.54 0.78 1.375e-06
-0.54 0.84 1.50132e-06
-0.54 0.9 1.6167e-06
-0.54 0.96 1.71704e-06
-0.54 1.02 1.79853e-06
-0.54 1.08 1.85799e-06
-0.54 1.14 1.89304e-06
-0.54 1.2 1.90223e-06
-0.54 1.26 1.88519e-06
-0.54 1.32 1.8426e-06
-0.54 1.38 1.77627e-06
-0.54 1.44 1.68874e-06
-0.54 1.5 1.58349e-06
-0.48 0.42 1.0413e-06
-0.48 0.48 1.23541e-06
-0.48 0.54 1.44556e-06
-0.48 0.6 1.6682e-06
-0.48 0.66 1.89868e-06
-0.48 0.72 2.13131e-06
-0.48 0.78 2.35954e-06
-0.48 0.84 2.5763e-06
-0.48 0.9 2.7743e-06
-0.48 0.96 2.94649e-06
-0.48 1.02 3.08632e-06
-0.48 1.08 3.18834e-06
-0.48 1.14 3.24848e-06
-0.48 1.2 3.26426e-06
-0.48 1.26 3.23503e-06
-0.48 1.32 3.16198e-06
-0.48 1.38 3.0481e-06
-0.48 1.44 2.89794e-06
-0.48 1.5 2.71731e-06
-0.48 1.56 2.51291e-06
-0.48 1.62 2.29195e-06
-0.48 1.68 2.06168e-06
-0.42 0.3 1.20112e-06
-0.42 0.36 1.46502e-06
-0.42 0.42 1.76232e-06
-0.42 0.48 2.09084e-06
-0.42 0.54 2.44651e-06
-0.42 0.6 2.82332e-06
-0.42 0.66 3.21339e-06
-0.42 0.72 3.60711e-06
-0.42 0.78 3.99337e-06
-0.42 0.84 4.36021e-06
-0.42 0.9 4.69534e-06
-0.42 0.96 4.98674e-06
-0.42 1.02 5.22338e-06
-0.42 1.08 5.39608e-06
-0.42 1.14 5.49786e-06
-0.42 1.2 5.52454e-06
-0.42 1.26 5.47507e-06
-0.42 1.32 5.35147e-06
-0.42 1.38 5.15874e-06
-0.42 1.44 4.9046e-06
-0.42 1.5 4.59884e-06
-0.42 1.56 4.25296e-06
-0.42 1.62 3.879e-06
-0.42 1.68 3.48928e-06
-0.42 1.74 3.09557e-06
-0.42 1.8 2.70852e-06
-0.36 0.24 1.62113e-06
-0.36 0.3 2.00487e-06
-0.36 0.36 2.44538e-06
-0.36 0.42 2.94163e-06
-0.36 0.48 3.48999e-06
-0.36 0.54 4.08366e-06
-0.36 0.6 4.71264e-06
-0.36 0.66 5.36373e-06
-0.36 0.72 6.02089e-06
-0.36 0.78 6.66561e-06
-0.36 0.84 7.27797e-06
-0.36 0.9 7.83737e-06
-0.36 0.96 8.3237e-06
-0.36 1.02 8.71873e-06
-0.36 1.08 9.00702e-06
-0.36 1.14 9.17691e-06
-0.36 1.2 9.22143e-06
-0.36 1.26 9.13877e-06
-0.36 1.32 8.93257e-06
-0.36 1.38 8.61082e-06
-0.36 1.44 8.18666e-06
-0.36 1.5 7.67628e-06
-0.36 1.56 7.09892e-06
-0.36 1.62 6.47471e-06
-0.36 1.68 5.8242e-06
-0.36 1.74 5.16702e-06
-0.36 1.8 4.52098e-06
-0.36 1.86 3.90137e-06
-0.36 1.92 3.32039e-06
-0.3 0.12 1.67393e-06
-0.3 0.18 2.12827e-06
-0.3 0.24 2.66876e-06
-0.3 0.3 3.30047e-06
-0.3 0.36 4.02565e-06
-0.3 0.42 4.84263e-06
-0.3 0.48 5.74537e-06
-0.3 0.54 6.72269e-06
-0.3 0.6 7.75813e-06
-0.3 0.66 8.82995e-06
-0.3 0.72 9.91171e-06
-0.3 0.78 1.09732e-05
-0.3 0.84 1.19812e-05
-0.3 0.9 1.29022e-05
-0.3 0.96 1.37027e-05
-0.3 1.02 1.43529e-05
-0.3 1.08 1.48275e-05
-0.3 1.14 1.51072e-05
-0.3 1.2 1.51805e-05
-0.3 1.26 1.50447e-05
-0.3 1.32 1.47051e-05
-0.3 1.38 1.41754e-05
-0.3 1.44 1.34771e-05
-0.3 1.5 1.2637e-05
-0.3 1.56 1.16865e-05
-0.3 1.62 1.06588e-05
-0.3 1.68 9.58792e-06
-0.3 1.74 8.50611e-06
-0.3 1.8 7.44263e-06
-0.3 1.86 6.42256e-06
-0.3 1.92 5.46609e-06
-0.3 1.98 4.5882e-06
-0.3 2.04 3.79831e-06
-0.24 0.06 2.10821e-06
-0.24 0.12 2.7178e-06
-0.24 0.18 3.45546e-06
-0.24 0.24 4.33298e-06
-0.24 0.3 5.35867e-06
-0.24 0.36 6.53606e-06
-0.24 0.42 7.86247e-06
-0.24 0.48 9.32812e-06
-0.24 0.54 1.09149e-05
-0.24 0.6 1.2596e-05
-0.24 0.66 1.43362e-05
-0.24 0.72 1.60928e-05
-0.24 0.78 1.78161e-05
-0.24 0.84 1.94527e-05
-0.24 0.9 2.09479e-05
-0.24 0.96 2.2248e-05
-0.24 1.02 2.33037e-05
-0.24 1.08 2.40741e-05
-0.24 1.14 2.45282e-05
-0.24 1.2 2.46473e-05
-0.24 1.26 2.44266e-05
-0.24 1.32 2.38751e-05
-0.24 1.38 2.30153e-05
-0.24 1.44 2.18814e-05
-0.24 1.5 2.05174e-05
-0.24 1.56 1.89742e-05
-0.24 1.62 1.73058e-05
-0.24 1.68 1.55671e-05
-0.24 1.74 1.38106e-05
-0.24 1.8 1.20839e-05
-0.24 1.86 1.04276e-05
-0.24 1.92 8.87486e-06
-0.24 1.98 7.44934e-06
-0.24 2.04 6.16698e-06
-0.24 2.1 5.0351e-06
-0.24 2.16 4.05449e-06
-0.18 9.71445e-15 2.5827e-06
-0.18 0.06 3.37587e-06
-0.18 0.12 4.35196e-06
-0.18 0.18 5.53319e-06
-0.18 0.24 6.9384e-06
-0.18 0.3 8.58069e-06
-0.18 0.36 1.04661e-05
-0.18 0.42 1.25902e-05
-0.18 0.48 1.49371e-05
-0.18 0.54 1.7478e-05
-0.18 0.6 2.017e-05
-0.18 0.66 2.29567e-05
-0.18 0.72 2.57692e-05
-0.18 0.78 2.85286e-05
-0.18 0.84 3.11495e-05
-0.18 0.9 3.35436e-05
-0.18 0.96 3.56252e-05
-0.18 1.02 3.73158e-05
-0.18 1.08 3.85495e-05
-0.18 1.14 3.92765e-05
-0.18 1.2 3.94672e-05
-0.18 1.26 3.91141e-05
-0.18 1.32 3.8231e-05
-0.18 1.38 3.68538e-05
-0.18 1.44 3.50386e-05
-0.18 1.5 3.28545e-05
-0.18 1.56 3.03828e-05
-0.18 1.62 2.77112e-05
-0.18 1.68 2.49271e-05
-0.18 1.74 2.21145e-05
-0.18 1.8 1.93496e-05
-0.18 1.86 1.66977e-05
-0.18 1.92 1.42111e-05
-0.18 1.98 1.19285e-05
-0.18 2.04 9.87505e-06
-0.18 2.1 8.06264e-06
-0.18 2.16 6.49239e-06
-0.18 2.22 5.15611e-06
-0.12 -0.06 3.07752e-06
-0.12 9.71445e-15 4.07872e-06
-0.12 0.06 5.33138e-06
-0.12 0.12 6.87299e-06
-0.12 0.18 8.7385e-06
-0.12 0.24 1.09575e-05
-0.12 0.3 1.35514e-05
-0.12 0.36 1.65287e-05
-0.12 0.42 1.98832e-05
-0.12 0.48 2.35897e-05
-0.12 0.54 2.76025e-05
-0.12 0.6 3.18538e-05
-0.12 0.66 3.62549e-05
-0.12 0.72 4.06966e-05
-0.12 0.78 4.50544e-05
-0.12 0.84 4.91938e-05
-0.12 0.9 5.29742e-05
-0.12 0.96 5.6262e-05
-0.12 1.02 5.89325e-05
-0.12 1.08 6.08809e-05
-0.12 1.14 6.20291e-05
-0.12 1.2 6.23303e-05
-0.12 1.26 6.17716e-05
-0.12 1.32 6.03768e-05
-0.12 1.38 5.82029e-05
-0.12 1.44 5.53351e-05
-0.12 1.5 5.18861e-05
-0.12 1.56 4.79834e-05
-0.12 1.62 4.3764e-05
-0.12 1.68 3.93669e-05
-0.12 1.74 3.4925e-05
-0.12 1.8 3.05584e-05
-0.12 1.86 2.63703e-05
-0.12 1.92 2.24433e-05
-0.12 1.98 1.88385e-05
-0.12 2.04 1.55954e-05
-0.12 2.1 1.27332e-05
-0.12 2.16 1.02534e-05
-0.12 2.22 8.14295e-06
-0.12 2.28 6.37805e-06
-0.12 2.34 4.92702e-06
-0.06 -0.18 2.61799e-06
-0.06 -0.12 3.56712e-06
-0.06 -0.06 4.79352e-06
-0.06 9.71445e-15 6.35299e-06
-0.06 0.06 8.30404e-06
-0.06 0.12 1.07051e-05
-0.06 0.18 1.36107e-05
-0.06 0.24 1.70672e-05
-0.06 0.3 2.11072e-05
-0.06 0.36 2.57447e-05
-0.06 0.42 3.09695e-05
-0.06 0.48 3.67425e-05
-0.06 0.54 4.29928e-05
-0.06 0.6 4.96145e-05
-0.06 0.66 5.64688e-05
-0.06 0.72 6.33877e-05
-0.06 0.78 7.01758e-05
-0.06 0.84 7.66219e-05
-0.06 0.9 8.25117e-05
-0.06 0.96 8.76323e-05
-0.06 1.02 9.17905e-05
-0.06 1.08 9.4825e-05
-0.06 1.14 9.66137e-05
-0.06 1.2 9.70827e-05
-0.06 1.26 9.62138e-05
-0.06 1.32 9.4041e-05
-0.06 1.38 9.06545e-05
-0.06 1.44 8.61882e-05
-0.06 1.5 8.08159e-05
-0.06 1.56 7.47374e-05
-0.06 1.62 6.81656e-05
-0.06 1.68 6.13171e-05
-0.06 1.74 5.43985e-05
-0.06 1.8 4.7597e-05
-0.06 1.86 4.10731e-05
-0.06 1.92 3.4957e-05
-0.06 1.98 2.93422e-05
-0.06 2.04 2.4291e-05
-0.06 2.1 1.98326e-05
-0.06 2.16 1.59701e-05
-0.06 2.22 1.26831e-05
-0.06 2.28 9.9342e-06
-0.06 2.34 7.67412e-06
-0.06 2.4 5.84671e-06
9.71445e-15 -0.24 2.91105e-06
9.71445e-15 -0.18 4.02169e-06
9.71445e-15 -0.12 5.47967e-06
9.71445e-15 -0.06 7.36355e-06
9.71445e-15 9.71445e-15 9.75912e-06
9.71445e-15 0.06 1.27563e-05
9.71445e-15 0.12 1.64447e-05
9.71445e-15 0.18 2.09083e-05
9.71445e-15 0.24 2.62178e-05
9.71445e-15 0.3 3.24241e-05
9.71445e-15 0.36 3.95476e-05
9.71445e-15 0.42 4.75743e-05
9.71445e-15 0.48 5.64429e-05
9.71445e-15 0.54 6.60442e-05
9.71445e-15 0.6 7.62164e-05
9.71445e-15 0.66 8.67461e-05
9.71445e-15 0.72 9.73729e-05
9.71445e-15 0.78 0.000107801
9.71445e-15 0.84 0.000117704
9.71445e-15 0.9 0.000126751
9.71445e-15 0.96 0.000134616
9.71445e-15 1.02 0.000141005
9.71445e-15 1.08 0.000145667
9.71445e-15 1.14 0.000148414
9.71445e-15 1.2 0.000149136
9.71445e-15 1.26 0.0001478
9.71445e-15 1.32 0.000144461
9.71445e-15 1.38 0.00013926
9.71445e-15 1.44 0.000132398
9.71445e-15 1.5 0.000124147
9.71445e-15 1.56 0.000114808
9.71445e-15 1.62 0.000104712
9.71445e-15 1.68 9.41917e-05
9.71445e-15 1.74 8.35639e-05
9.71445e-15 1.8 7.31165e-05
9.71445e-15 1.86 6.30955e-05
9.71445e-15 1.92 5.36992e-05
9.71445e-15 1.98 4.50745e-05
9.71445e-15 2.04 3.73147e-05
9.71445e-15 2.1 3.04662e-05
9.71445e-15 2.16 2.45328e-05
9.71445e-15 2.22 1.94833e-05
9.71445e-15 2.28 1.52605e-05
9.71445e-15 2.34 1.17886e-05
9.71445e-15 2.4 8.98154e-06
9.71445e-15 2.46 6.74872e-06
0.06 -0.24 4.41038e-06
0.06 -0.18 6.093e-06
0.06 -0.12 8.30193e-06
0.06 -0.06 1.11562e-05
0.06 9.71445e-15 1.47856e-05
0.06 0.06 1.93264e-05
0.06 0.12 2.49143e-05
0.06 0.18 3.16769e-05
0.06 0.24 3.97214e-05
0.06 0.3 4.91235e-05
0.06 0.36 5.99169e-05
0.06 0.42 7.20772e-05
0.06 0.48 8.55131e-05
0.06 0.54 0.000100059
0.06 0.6 0.00011547
0.06 0.66 0.000131424
0.06 0.72 0.000147525
0.06 0.78 0.000163323
0.06 0.84 0.000178326
0.06 0.9 0.000192033
0.06 0.96 0.00020395
0.06 1.02 0.000213628
0.06 1.08 0.00022069
0.06 1.14 0.000224852
0.06 1.2 0.000225946
0.06 1.26 0.000223924
0.06 1.32 0.000218867
0.06 1.38 0.000210984
0.06 1.44 0.000200591
0.06 1.5 0.000188088
0.06 1.56 0.000173938
0.06 1.62 0.000158644
0.06 1.68 0.000142705
0.06 1.74 0.000126603
0.06 1.8 0.000110774
0.06 1.86 9.5592e-05
0.06 1.92 8.13569e-05
0.06 1.98 6.82894e-05
0.06 2.04 5.65336e-05
0.06 2.1 4.61574e-05
0.06 2.16 3.71679e-05
0.06 2.22 2.9518e-05
0.06 2.28 2.31203e-05
0.06 2.34 1.78601e-05
0.06 2.4 1.36074e-05
0.06 2.46 1.02247e-05
0.06 2.52 7.57715e-06
0.12 -0.3 4.70461e-06
0.12 -0.24 6.59005e-06
0.12 -0.18 9.10427e-06
0.12 -0.12 1.24049e-05
0.12 -0.06 1.66698e-05
0.12 9.71445e-15 2.20929e-05
0.12 0.06 2.88779e-05
0.12 0.12 3.72276e-05
0.12 0.18 4.7332e-05
0.12 0.24 5.93523e-05
0.12 0.3 7.34015e-05
0.12 0.36 8.95288e-05
0.12 0.42 0.000107699
0.12 0.48 0.000127775
0.12 0.54 0.00014951
0.12 0.6 0.000172538
0.12 0.66 0.000196374
0.12 0.72 0.000220434
0.12 0.78 0.000244041
0.12 0.84 0.000266456
0.12 0.9 0.00028694
0.12 0.96 0.000304746
0.12 1.02 0.000319205
0.12 1.08 0.000329759
0.12 1.14 0.000335979
0.12 1.2 0.000337611
0.12 1.26 0.000334589
0.12 1.32 0.000327035
0.12 1.38 0.000315257
0.12 1.44 0.000299726
0.12 1.5 0.000281043
0.12 1.56 0.000259904
0.12 1.62 0.000237049
0.12 1.68 0.000213233
0.12 1.74 0.000189174
0.12 1.8 0.000165522
0.12 1.86 0.000142835
0.12 1.92 0.000121565
0.12 1.98 0.00010204
0.12 2.04 8.44734e-05
0.12 2.1 6.89689e-05
0.12 2.16 5.55373e-05
0.12 2.22 4.41065e-05
0.12 2.28 3.45468e-05
0.12 2.34 2.66871e-05
0.12 2.4 2.03323e-05
0.12 2.46 1.52778e-05
0.12 2.52 1.1322e-05
0.12 2.58 8.27511e-06
0.18 -0.36 4.8814e-06
0.18 -0.3 6.93309e-06
0.18 -0.24 9.71161e-06
0.18 -0.18 1.34167e-05
0.18 -0.12 1.82808e-05
0.18 -0.06 2.45658e-05
0.18 9.71445e-15 3.25578e-05
0.18 0.06 4.25566e-05
0.18 0.12 5.48616e-05
0.18 0.18 6.97526e-05
0.18 0.24 8.74657e-05
0.18 0.3 0.000108171
0.18 0.36 0.000131936
0.18 0.42 0.000158712
0.18 0.48 0.0001883
0.18 0.54 0.000220331
0.18 0.6 0.000254266
0.18 0.66 0.000289393
0.18 0.72 0.000324849
0.18 0.78 0.000359638
0.18 0.84 0.000392673
0.18 0.9 0.000422857
0.18 0.96 0.000449097
0.18 1.02 0.00047041
0.18 1.08 0.000485963
0.18 1.14 0.000495129
0.18 1.2 0.000497533
0.18 1.26 0.000493075
0.18 1.32 0.000481942
0.18 1.38 0.000464589
0.18 1.44 0.000441697
0.18 1.5 0.000414168
0.18 1.56 0.000383016
0.18 1.62 0.000349336
0.18 1.68 0.000314238
0.18 1.74 0.000278782
0.18 1.8 0.000243926
0.18 1.86 0.000210493
0.18 1.92 0.000179147
0.18 1.98 0.000150374
0.18 2.04 0.000124487
0.18 2.1 0.000101639
0.18 2.16 8.18442e-05
0.18 2.22 6.49986e-05
0.18 2.28 5.09109e-05
0.18 2.34 3.93285e-05
0.18 2.4 2.99634e-05
0.18 2.46 2.25145e-05
0.18 2.52 1.66851e-05
0.18 2.58 1.21948e-05
0.18 2.64 8.7906e-06
0.24 -0.42 4.9266e-06
0.24 -0.36 7.09475e-06
0.24 -0.3 1.00766e-05
0.24 -0.24 1.41151e-05
0.24 -0.18 1.95004e-05
0.24 -0.12 2.65697e-05
0.24 -0.06 3.57042e-05
0.24 9.71445e-15 4.73198e-05
0.24 0.06 6.18527e-05
0.24 0.12 7.97375e-05
0.24 0.18 0.00010138
0.24 0.24 0.000127125
0.24 0.3 0.000157218
0.24 0.36 0.00019176
0.24 0.42 0.000230675
0.24 0.48 0.000273677
0.24 0.54 0.000320232
0.24 0.6 0.000369554
0.24 0.66 0.000420612
0.24 0.72 0.000472143
0.24 0.78 0.000522703
0.24 0.84 0.000570723
0.24 0.9 0.000614585
0.24 0.96 0.000652726
0.24 1.02 0.000683706
0.24 1.08 0.000706312
0.24 1.14 0.000719634
0.24 1.2 0.000723127
0.24 1.26 0.000716643
0.24 1.32 0.000700469
0.24 1.38 0.000675244
0.24 1.44 0.000641977
0.24 1.5 0.000601958
0.24 1.56 0.000556683
0.24 1.62 0.000507733
0.24 1.68 0.000456721
0.24 1.74 0.000405187
0.24 1.8 0.000354526
0.24 1.86 0.000305936
0.24 1.92 0.000260377
0.24 1.98 0.000218557
0.24 2.04 0.000180931
0.24 2.1 0.000147725
0.24 2.16 0.000118955
0.24 2.22 9.44712e-05
0.24 2.28 7.39956e-05
0.24 2.34 5.71612e-05
0.24 2.4 4.35495e-05
0.24 2.46 3.2723e-05
0.24 2.52 2.42505e-05
0.24 2.58 1.77242e-05
0.24 2.64 1.27764e-05
0.24 2.7 9.08321e-06
0.3 -0.48 4.83648e-06
0.3 -0.42 7.06204e-06
0.3 -0.36 1.01699e-05
0.3 -0.3 1.44444e-05
0.3 -0.24 2.02331e-05
0.3 -0.18 2.79527e-05
0.3 -0.12 3.80865e-05
0.3 -0.06 5.11805e-05
0.3 9.71445e-15 6.78311e-05
0.3 0.06 8.86629e-05
0.3 0.12 0.000114299
0.3 0.18 0.000145321
0.3 0.24 0.000182227
0.3 0.3 0.000225361
0.3 0.36 0.000274878
0.3 0.42 0.000330662
0.3 0.48 0.000392303
0.3 0.54 0.000459037
0.3 0.6 0.000529738
0.3 0.66 0.000602925
0.3 0.72 0.000676789
0.3 0.78 0.000749269
0.3 0.84 0.000818096
0.3 0.9 0.000880982
0.3 0.96 0.000935644
0.3 1.02 0.000980046
0.3 1.08 0.00101245
0.3 1.14 0.00103155
0.3 1.2 0.00103655
0.3 1.26 0.00102727
0.3 1.32 0.00100409
0.3 1.38 0.000967918
0.3 1.44 0.000920241
0.3 1.5 0.000862877
0.3 1.56 0.00079797
0.3 1.62 0.000727801
0.3 1.68 0.000654679
0.3 1.74 0.00058081
0.3 1.8 0.000508195
0.3 1.86 0.000438544
0.3 1.92 0.000373233
0.3 1.98 0.00031329
0.3 2.04 0.000259354
0.3 2.1 0.000211754
0.3 2.16 0.000170515
0.3 2.22 0.000135419
0.3 2.28 0.000106068
0.3 2.34 8.19369e-05
0.3 2.4 6.24254e-05
0.3 2.46 4.69069e-05
0.3 2.52 3.47614e-05
0.3 2.58 2.54068e-05
0.3 2.64 1.83143e-05
0.3 2.7 1.30202e-05
0.3 2.76 9.12926e-06
0.36 -0.48 6.83752e-06
0.36 -0.42 9.98375e-06
0.36 -0.36 1.43777e-05
0.36 -0.3 2.04205e-05
0.36 -0.24 2.86047e-05
0.36 -0.18 3.95175e-05
0.36 -0.12 5.3844e-05
0.36 -0.06 7.23558e-05
0.36 9.71445e-15 9.58953e-05
0.36 0.06 0.000125345
0.36 0.12 0.000161589
0.36 0.18 0.000205448
0.36 0.24 0.000257621
0.36 0.3 0.000318604
0.36 0.36 0.000388606
0.36 0.42 0.00046747
0.36 0.48 0.000554611
0.36 0.54 0.000648955
0.36 0.6 0.000748906
0.36 0.66 0.000852373
0.36 0.72 0.000956812
0.36 0.78 0.00105927
0.36 0.84 0.00115658
0.36 0.9 0.00124547
0.36 0.96 0.00132277
0.36 1.02 0.00138554
0.36 1.08 0.00143134
0.36 1.14 0.00145834
0.36 1.2 0.00146542
0.36 1.26 0.0014523
0.36 1.32 0.00141951
0.36 1.38 0.00136839
0.36 1.44 0.00130098
0.36 1.5 0.00121988
0.36 1.56 0.00112813
0.36 1.62 0.00102893
0.36 1.68 0.000925555
0.36 1.74 0.000821121
0.36 1.8 0.000718455
0.36 1.86 0.000619979
0.36 1.92 0.000527662
0.36 1.98 0.000442906
0.36 2.04 0.000366663
0.36 2.1 0.000299366
0.36 2.16 0.000241063
0.36 2.22 0.000191447
0.36 2.28 0.000149953
0.36 2.34 0.000115838
0.36 2.4 8.82535e-05
0.36 2.46 6.6314e-05
0.36 2.52 4.91439e-05
0.36 2.58 3.59184e-05
0.36 2.64 2.58916e-05
0.36 2.7 1.84073e-05
0.36 2.76 1.29065e-05
0.36 2.82 8.92516e-06
0.42 -0.54 6.43935e-06
0.42 -0.48 9.53357e-06
0.42 -0.42 1.39207e-05
0.42 -0.36 2.00469e-05
0.42 -0.3 2.84725e-05
0.42 -0.24 3.98834e-05
0.42 -0.18 5.51e-05
0.42 -0.12 7.50751e-05
0.42 -0.06 0.000100886
0.42 9.71445e-15 0.000133708
0.42 0.06 0.000174771
0.42 0.12 0.000225303
0.42 0.18 0.000286458
0.42 0.24 0.000359206
0.42 0.3 0.000444231
0.42 0.36 0.000541836
0.42 0.42 0.000651804
0.42 0.48 0.000773308
0.42 0.54 0.00090485
0.42 0.6 0.00104422
0.42 0.66 0.00118849
0.42 0.72 0.00133408
0.42 0.78 0.00147694
0.42 0.84 0.00161263
0.42 0.9 0.00173657
0.42 0.96 0.00184434
0.42 1.02 0.00193187
0.42 1.08 0.00199574
0.42 1.14 0.00203338
0.42 1.2 0.00204325
0.42 1.26 0.00202497
0.42 1.32 0.00197924
0.42 1.38 0.00190795
0.42 1.44 0.00181397
0.42 1.5 0.0017009
0.42 1.56 0.00157294
0.42 1.62 0.00143463
0.42 1.68 0.00129049
0.42 1.74 0.00114488
0.42 1.8 0.00100174
0.42 1.86 0.000864454
0.42 1.92 0.000735718
0.42 1.98 0.000617551
0.42 2.04 0.000511239
0.42 2.1 0.000417409
0.42 2.16 0.000336116
0.42 2.22 0.000266935
0.42 2.28 0.000209079
0.42 2.34 0.000161512
0.42 2.4 0.000123053
0.42 2.46 9.24629e-05
0.42 2.52 6.85208e-05
0.42 2.58 5.00819e-05
0.42 2.64 3.6101e-05
0.42 2.7 2.56651e-05
0.42 2.76 1.79954e-05
0.42 2.82 1.24443e-05
0.48 -0.6 5.89891e-06
0.48 -0.54 8.85511e-06
0.48 -0.48 1.311e-05
0.48 -0.42 1.91429e-05
0.48 -0.36 2.75673e-05
0.48 -0.3 3.91538e-05
0.48 -0.24 5.48454e-05
0.48 -0.18 7.57707e-05
0.48 -0.12 0.000103239
0.48 -0.06 0.000138733
0.48 9.71445e-15 0.000183866
0.48 0.06 0.000240335
0.48 0.12 0.000309828
0.48 0.18 0.000393921
0.48 0.24 0.000493955
0.48 0.3 0.000610884
0.48 0.36 0.000745104
0.48 0.42 0.000896316
0.48 0.48 0.0010634
0.48 0.54 0.00124429
0.48 0.6 0.00143594
0.48 0.66 0.00163433
0.48 0.72 0.00183455
0.48 0.78 0.00203101
0.48 0.84 0.0022176
0.48 0.9 0.00238804
0.48 0.96 0.00253622
0.48 1.02 0.00265661
0.48 1.08 0.00274444
0.48 1.14 0.00279621
0.48 1.2 0.00280978
0.48 1.26 0.00278458
0.48 1.32 0.00272174
0.48 1.38 0.00262372
0.48 1.44 0.00249446
0.48 1.5 0.00233897
0.48 1.56 0.00216304
0.48 1.62 0.00197284
0.48 1.68 0.00177463
0.48 1.74 0.00157439
0.48 1.8 0.00137754
0.48 1.86 0.00118875
0.48 1.92 0.00101172
0.48 1.98 0.000849225
0.48 2.04 0.000703021
0.48 2.1 0.000574
0.48 2.16 0.000462212
0.48 2.22 0.000367077
0.48 2.28 0.000287517
0.48 2.34 0.000222105
0.48 2.4 0.000169215
0.48 2.46 0.000127148
0.48 2.52 9.42274e-05
0.48 2.58 6.88691e-05
0.48 2.64 4.96438e-05
0.48 2.7 3.52936e-05
0.48 2.76 2.47465e-05
0.48 2.82 1.71128e-05
0.48 2.88 1.16712e-05
0.54 -0.6 8.00033e-06
0.54 -0.54 1.20097e-05
0.54 -0.48 1.77803e-05
0.54 -0.42 2.59621e-05
0.54 -0.36 3.73882e-05
0.54 -0.3 5.31017e-05
0.54 -0.24 7.43844e-05
0.54 -0.18 0.000102762
0.54 -0.12 0.000140016
0.54 -0.06 0.000188155
0.54 9.71445e-15 0.000249367
0.54 0.06 0.00032595
0.54 0.12 0.000420198
0.54 0.18 0.000534253
0.54 0.24 0.000669923
0.54 0.3 0.000828503
0.54 0.36 0.00101054
0.54 0.42 0.00121562
0.54 0.48 0.00144223
0.54 0.54 0.00168756
0.54 0.6 0.00194747
0.54 0.66 0.00221654
0.54 0.72 0.00248812
0.54 0.78 0.00275454
0.54 0.84 0.00300761
0.54 0.9 0.00323874
0.54 0.96 0.00343977
0.54 1.02 0.00360301
0.54 1.08 0.00372211
0.54 1.14 0.00379231
0.54 1.2 0.00381074
0.54 1.26 0.00377661
0.54 1.32 0.00369133
0.54 1.38 0.00355839
0.54 1.44 0.0033831
0.54 1.5 0.00317221
0.54 1.56 0.00293359
0.54 1.62 0.00267565
0.54 1.68 0.00240683
0.54 1.74 0.00213526
0.54 1.8 0.00186828
0.54 1.86 0.00161222
0.54 1.92 0.00137215
0.54 1.98 0.00115174
0.54 2.04 0.000953477
0.54 2.1 0.000778482
0.54 2.16 0.000626863
0.54 2.22 0.000497841
0.54 2.28 0.000389939
0.54 2.34 0.000301225
0.54 2.4 0.000229497
0.54 2.46 0.000172444
0.54 2.52 0.000127794
0.54 2.58 9.34035e-05
0.54 2.64 6.7329e-05
0.54 2.7 4.78666e-05
0.54 2.76 3.35623e-05
0.54 2.82 2.32092e-05
0.54 2.88 1.58291e-05
0.54 2.94 1.06472e-05
0.6 -0.66 7.03076e-06
0.6 -0.6 1.07013e-05
0.6 -0.54 1.60642e-05
0.6 -0.48 2.37832e-05
0.6 -0.42 3.4727e-05
0.6 -0.36 5.00101e-05
0.6 -0.3 7.10295e-05
0.6 -0.24 9.94957e-05
0.6 -0.18 0.000137455
0.6 -0.12 0.000187287
0.6 -0.06 0.000251677
0.6 9.71445e-15 0.000333554
0.6 0.06 0.000435992
0.6 0.12 0.000562059
0.6 0.18 0.000714617
0.6 0.24 0.000896086
0.6 0.3 0.00110821
0.6 0.36 0.00135169
0.6 0.42 0.001626
0.6 0.48 0.00192913
0.6 0.54 0.00225729
0.6 0.6 0.00260495
0.6 0.66 0.00296483
0.6 0.72 0.00332808
0.6 0.78 0.00368449
0.6 0.84 0.00402295
0.6 0.9 0.00433217
0.6 0.96 0.004601
0.6 1.02 0.00481936
0.6 1.08 0.0049787
0.6 1.14 0.00507261
0.6 1.2 0.00509724
0.6 1.26 0.00505155
0.6 1.32 0.00493751
0.6 1.38 0.00475972
0.6 1.44 0.0045252
0.6 1.5 0.00424315
0.6 1.56 0.003924
0.6 1.62 0.00357895
0.6 1.68 0.00321937
0.6 1.74 0.00285612
0.6 1.8 0.00249902
0.6 1.86 0.0021565
0.6 1.92 0.00183537
0.6 1.98 0.00154058
0.6 2.04 0.00127537
0.6 2.1 0.00104129
0.6 2.16 0.000838497
0.6 2.22 0.000665914
0.6 2.28 0.000521584
0.6 2.34 0.000402922
0.6 2.4 0.000306976
0.6 2.46 0.000230661
0.6 2.52 0.000170939
0.6 2.58 0.000124935
0.6 2.64 9.00597e-05
0.6 2.7 6.40266e-05
0.6 2.76 4.48929e-05
0.6 2.82 3.10445e-05
0.6 2.88 2.11729e-05
0.6 2.94 1.42418e-05
0.66 -0.66 9.27505e-06
0.66 -0.6 1.41172e-05
0.66 -0.54 2.1192e-05
0.66 -0.48 3.1375e-05
0.66 -0.42 4.58124e-05
0.66 -0.36 6.59742e-05
0.66 -0.3 9.37027e-05
0.66 -0.24 0.000131257
0.66 -0.18 0.000181333
0.66 -0.12 0.000247071
0.66 -0.06 0.000332013
0.66 9.71445e-15 0.000440026
0.66 0.06 0.000575162
0.66 0.12 0.000741474
0.66 0.18 0.000942735
0.66 0.24 0.00118212
0.66 0.3 0.00146197
0.66 0.36 0.00178316
0.66 0.42 0.00214506
0.66 0.48 0.00254494
0.66 0.54 0.00297785
0.66 0.6 0.0034365
0.66 0.66 0.00391126
0.66 0.72 0.00439046
0.66 0.78 0.00486061
0.66 0.84 0.00530715
0.66 0.9 0.00571503
0.66 0.96 0.00606971
0.66 1.02 0.00635779
0.66 1.08 0.00656798
0.66 1.14 0.00669187
0.66 1.2 0.00672437
0.66 1.26 0.00666412
0.66 1.32 0.00651357
0.66 1.38 0.0062791
0.66 1.44 0.00596968
0.66 1.5 0.00559764
0.66 1.56 0.00517658
0.66 1.62 0.00472137
0.66 1.68 0.00424701
0.66 1.74 0.00376781
0.66 1.8 0.00329673
0.66 1.86 0.00284489
0.66 1.92 0.00242125
0.66 1.98 0.00203235
0.66 2.04 0.00168248
0.66 2.1 0.00137369
0.66 2.16 0.00110616
0.66 2.22 0.00087848
0.66 2.28 0.000688079
0.66 2.34 0.00053154
0.66 2.4 0.000404968
0.66 2.46 0.000304291
0.66 2.52 0.000225504
0.66 2.58 0.000164817
0.66 2.64 0.000118808
0.66 2.7 8.44644e-05
0.66 2.76 5.92229e-05
0.66 2.82 4.09541e-05
0.66 2.88 2.79314e-05
0.66 2.94 1.87879e-05
0.66 3 1.24639e-05
0.72 -0.72 7.81942e-06
0.72 -0.66 1.20675e-05
0.72 -0.6 1.83675e-05
0.72 -0.54 2.75723e-05
0.72 -0.48 4.08212e-05
0.72 -0.42 5.96055e-05
0.72 -0.36 8.5838e-05
0.72 -0.3 0.000121914
0.72 -0.24 0.000170776
0.72 -0.18 0.000235929
0.72 -0.12 0.000321456
0.72 -0.06 0.000431975
0.72 9.71445e-15 0.00057251
0.72 0.06 0.000748334
0.72 0.12 0.000964714
0.72 0.18 0.00122657
0.72 0.24 0.00153805
0.72 0.3 0.00190213
0.72 0.36 0.00232005
0.72 0.42 0.00279089
0.72 0.48 0.00331116
0.72 0.54 0.0038744
0.72 0.6 0.00447113
0.72 0.66 0.00508888
0.72 0.72 0.00571237
0.72 0.78 0.006324
0.72 0.84 0.00690505
0.72 0.9 0.00743565
0.72 0.96 0.0078972
0.72 1.02 0.008272
0.72 1.08 0.00854547
0.72 1.14 0.00870664
0.72 1.2 0.00874893
0.72 1.26 0.00867055
0.72 1.32 0.00847475
0.72 1.38 0.00816958
0.72 1.44 0.0077671
0.72 1.5 0.00728295
0.72 1.56 0.00673511
0.72 1.62 0.00614288
0.72 1.68 0.00552572
0.72 1.74 0.00490222
0.72 1.8 0.00428928
0.72 1.86 0.00370143
0.72 1.92 0.00315025
0.72 1.98 0.00264424
0.72 2.04 0.00218904
0.72 2.1 0.00178729
0.72 2.16 0.0014392
0.72 2.22 0.00114297
0.72 2.28 0.000895243
0.72 2.34 0.000691573
0.72 2.4 0.000526895
0.72 2.46 0.000395908
0.72 2.52 0.000293398
0.72 2.58 0.000214441
0.72 2.64 0.000154578
0.72 2.7 0.000109894
0.72 2.76 7.70541e-05
0.72 2.82 5.32848e-05
0.72 2.88 3.63412e-05
0.72 2.94 2.44444e-05
0.72 3 1.62165e-05
0.78 -0.72 1.00338e-05
0.78 -0.66 1.54849e-05
0.78 -0.6 2.35692e-05
0.78 -0.54 3.53807e-05
0.78 -0.48 5.2381e-05
0.78 -0.42 7.64859e-05
0.78 -0.36 0.000110147
0.78 -0.3 0.000156439
0.78 -0.24 0.000219139
0.78 -0.18 0.000302743
0.78 -0.12 0.000412495
0.78 -0.06 0.000554311
0.78 9.71445e-15 0.000734646
0.78 0.06 0.000960266
0.78 0.12 0.00123792
0.78 0.18 0.00157392
0.78 0.24 0.00197363
0.78 0.3 0.00244079
0.78 0.36 0.00297709
0.78 0.42 0.00358129
0.78 0.48 0.00424886
0.78 0.54 0.0049716
0.78 0.6 0.00573735
0.78 0.66 0.00653005
0.78 0.72 0.00733008
0.78 0.78 0.00811492
0.78 0.84 0.00886053
0.78 0.9 0.00954145
0.78 0.96 0.0101336
0.78 1.02 0.0106146
0.78 1.08 0.0109655
0.78 1.14 0.0111723
0.78 1.2 0.0112265
0.78 1.26 0.011126
0.78 1.32 0.0108748
0.78 1.38 0.0104831
0.78 1.44 0.00996675
0.78 1.5 0.00934544
0.78 1.56 0.00864241
0.78 1.62 0.00788252
0.78 1.68 0.00709058
0.78 1.74 0.0062905
0.78 1.8 0.00550397
0.78 1.86 0.00474968
0.78 1.92 0.00404237
0.78 1.98 0.00339308
0.78 2.04 0.00280896
0.78 2.1 0.00229344
0.78 2.16 0.00184677
0.78 2.22 0.00146666
0.78 2.28 0.00114878
0.78 2.34 0.000887422
0.78 2.4 0.000676105
0.78 2.46 0.00050803
0.78 2.52 0.000376485
0.78 2.58 0.000275171
0.78 2.64 0.000198353
0.78 2.7 0.000141016
0.78 2.76 9.88755e-05
0.78 2.82 6.83748e-05
0.78 2.88 4.66327e-05
0.78 2.94 3.1367e-05
0.78 3 2.0809e-05
0.78 3.06 1.36149e-05
0.84 -0.72 1.26984e-05
0.84 -0.66 1.9597e-05
0.84 -0.6 2.9828e-05
0.84 -0.54 4.47762e-05
0.84 -0.48 6.62919e-05
0.84 -0.42 9.67975e-05
0.84 -0.36 0.000139396
0.84 -0.3 0.000197984
0.84 -0.24 0.000277331
0.84 -0.18 0.000383139
0.84 -0.12 0.000522037
0.84 -0.06 0.000701516
0.84 9.71445e-15 0.000929741
0.84 0.06 0.00121527
0.84 0.12 0.00156665
0.84 0.18 0.00199189
0.84 0.24 0.00249774
0.84 0.3 0.00308897
0.84 0.36 0.00376766
0.84 0.42 0.00453233
0.84 0.48 0.00537721
0.84 0.54 0.00629189
0.84 0.6 0.00726098
0.84 0.66 0.00826416
0.84 0.72 0.00927657
0.84 0.78 0.01027
0.84 0.84 0.0112135
0.84 0.9 0.0120753
0.84 0.96 0.0128247
0.84 1.02 0.0134333
0.84 1.08 0.0138774
0.84 1.14 0.0141391
0.84 1.2 0.0142078
0.84 1.26 0.0140807
0.84 1.32 0.0137627
0.84 1.38 0.013267
0.84 1.44 0.0126135
0.84 1.5 0.0118273
0.84 1.56 0.0109375
0.84 1.62 0.00997573
0.84 1.68 0.00897349
0.84 1.74 0.00796099
0.84 1.8 0.00696563
0.84 1.86 0.00601099
0.84 1.92 0.00511584
0.84 1.98 0.00429415
0.84 2.04 0.00355492
0.84 2.1 0.00290245
0.84 2.16 0.00233719
0.84 2.22 0.00185613
0.84 2.28 0.00145383
0.84 2.34 0.00112308
0.84 2.4 0.000855653
0.84 2.46 0.000642943
0.84 2.52 0.000476462
0.84 2.58 0.000348245
0.84 2.64 0.000251029
0.84 2.7 0.000178463
0.84 2.76 0.000125132
0.84 2.82 8.65317e-05
0.84 2.88 5.90164e-05
0.84 2.94 3.96969e-05
0.84 3 2.6335e-05
0.84 3.06 1.72304e-05
0.9 -0.78 1.01289e-05
0.9 -0.72 1.58497e-05
0.9 -0.66 2.44605e-05
0.9 -0.6 3.72304e-05
0.9 -0.54 5.58882e-05
0.9 -0.48 8.27432e-05
0.9 -0.42 0.000120818
0.9 -0.36 0.00017399
0.9 -0.3 0.000247116
0.9 -0.24 0.000346156
0.9 -0.18 0.00047822
0.9 -0.12 0.000651581
0.9 -0.06 0.000875597
0.9 9.71445e-15 0.00116045
0.9 0.06 0.00151684
0.9 0.12 0.00195545
0.9 0.18 0.00248622
0.9 0.24 0.00311756
0.9 0.3 0.00385556
0.9 0.36 0.00470265
0.9 0.42 0.00565703
0.9 0.48 0.0067116
0.9 0.54 0.00785328
0.9 0.6 0.00906283
0.9 0.66 0.010315
0.9 0.72 0.0115787
0.9 0.78 0.0128185
0.9 0.84 0.0139963
0.9 0.9 0.0150718
0.9 0.96 0.0160073
0.9 1.02 0.0167671
0.9 1.08 0.0173214
0.9 1.14 0.0176481
0.9 1.2 0.0177338
0.9 1.26 0.0175749
0.9 1.32 0.017178
0.9 1.38 0.0165595
0.9 1.44 0.0157436
0.9 1.5 0.0147623
0.9 1.56 0.0136519
0.9 1.62 0.0124514
0.9 1.68 0.0112004
0.9 1.74 0.0099366
0.9 1.8 0.00869425
0.9 1.86 0.00750267
0.9 1.92 0.00638543
0.9 1.98 0.00535978
0.9 2.04 0.00443711
0.9 2.1 0.00362277
0.9 2.16 0.0029172
0.9 2.22 0.00231676
0.9 2.28 0.00181463
0.9 2.34 0.0014018
0.9 2.4 0.001068
0.9 2.46 0.000802489
0.9 2.52 0.000594708
0.9 2.58 0.000434663
0.9 2.64 0.000313325
0.9 2.7 0.000222752
0.9 2.76 0.000156186
0.9 2.82 0.000108006
0.9 2.88 7.3662e-05
0.9 2.94 4.95481e-05
0.9 3 3.28703e-05
0.9 3.06 2.15064e-05
0.9 3.12 1.38777e-05
0.96 -0.78 1.24688e-05
0.96 -0.72 1.95111e-05
0.96 -0.66 3.01109e-05
0.96 -0.6 4.58307e-05
0.96 -0.54 6.87987e-05
0.96 -0.48 0.000101858
0.96 -0.42 0.000148729
0.96 -0.36 0.00021418
0.96 -0.3 0.000304204
0.96 -0.24 0.000426114
0.96 -0.18 0.000588692
0.96 -0.12 0.000802111
0.96 -0.06 0.00107787
0.96 9.71445e-15 0.00142854
0.96 0.06 0.00186726
0.96 0.12 0.00240717
0.96 0.18 0.00306053
0.96 0.24 0.00383774
0.96 0.3 0.0047462
0.96 0.36 0.00578899
0.96 0.42 0.00696387
0.96 0.48 0.00826206
0.96 0.54 0.00966748
0.96 0.6 0.0111565
0.96 0.66 0.0126978
0.96 0.72 0.0142533
0.96 0.78 0.0157798
0.96 0.84 0.0172294
0.96 0.9 0.0185537
0.96 0.96 0.0197049
0.96 1.02 0.0206401
0.96 1.08 0.0213226
0.96 1.14 0.0217247
0.96 1.2 0.0218302
0.96 1.26 0.0216347
0.96 1.32 0.0211463
0.96 1.38 0.0203847
0.96 1.44 0.0193804
0.96 1.5 0.0181725
0.96 1.56 0.0168055
0.96 1.62 0.0153277
0.96 1.68 0.0137877
0.96 1.74 0.012232
0.96 1.8 0.0107027
0.96 1.86 0.00923588
0.96 1.92 0.00786038
0.96 1.98 0.00659799
0.96 2.04 0.00546206
0.96 2.1 0.00445961
0.96 2.16 0.0035911
0.96 2.22 0.00285197
0.96 2.28 0.00223383
0.96 2.34 0.00172561
0.96 2.4 0.00131471
0.96 2.46 0.000987869
0.96 2.52 0.000732086
0.96 2.58 0.000535073
0.96 2.64 0.000385706
0.96 2.7 0.000274209
0.96 2.76 0.000192264
0.96 2.82 0.000132955
0.96 2.88 9.06781e-05
0.96 2.94 6.09945e-05
0.96 3 4.04636e-05
0.96 3.06 2.64742e-05
0.96 3.12 1.70836e-05
1.02 -0.84 9.54131e-06
1.02 -0.78 1.51381e-05
1.02 -0.72 2.36878e-05
1.02 -0.66 3.65573e-05
1.02 -0.6 5.56428e-05
1.02 -0.54 8.35278e-05
1.02 -0.48 0.000123663
1.02 -0.42 0.000180568
1.02 -0.36 0.000260036
1.02 -0.3 0.000369326
1.02 -0.24 0.000517345
1.02 -0.18 0.000714719
1.02 -0.12 0.000973827
1.02 -0.06 0.00130863
1.02 9.71445e-15 0.00173436
1.02 0.06 0.00226702
1.02 0.12 0.00292251
1.02 0.18 0.00371572
1.02 0.24 0.00465937
1.02 0.3 0.00576227
1.02 0.36 0.00702838
1.02 0.42 0.00845471
1.02 0.48 0.0100307
1.02 0.54 0.011737
1.02 0.6 0.0135447
1.02 0.66 0.0154161
1.02 0.72 0.017305
1.02 0.78 0.0191579
1.02 0.84 0.020918
1.02 0.9 0.0225257
1.02 0.96 0.0239236
1.02 1.02 0.0250589
1.02 1.08 0.0258874
1.02 1.14 0.0263756
1.02 1.2 0.0265036
1.02 1.26 0.0262662
1.02 1.32 0.0256735
1.02 1.38 0.0247487
1.02 1.44 0.0235297
1.02 1.5 0.0220627
1.02 1.56 0.0204033
1.02 1.62 0.0186093
1.02 1.68 0.0167396
1.02 1.74 0.0148508
1.02 1.8 0.0129939
1.02 1.86 0.011213
1.02 1.92 0.0095433
1.02 1.98 0.00801047
1.02 2.04 0.00663145
1.02 2.1 0.00541435
1.02 2.16 0.00435989
1.02 2.22 0.00346253
1.02 2.28 0.00271206
1.02 2.34 0.00209505
1.02 2.4 0.00159615
1.02 2.46 0.00119936
1.02 2.52 0.000888818
1.02 2.58 0.000649627
1.02 2.64 0.000468273
1.02 2.7 0.000332915
1.02 2.76 0.000233428
1.02 2.82 0.000161421
1.02 2.88 0.000110092
1.02 2.94 7.40519e-05
1.02 3 4.91259e-05
1.02 3.06 3.21422e-05
1.02 3.12 2.07409e-05
1.02 3.18 1.31998e-05
1.08 -0.84 1.14247e-05
1.08 -0.78 1.81263e-05
1.08 -0.72 2.83641e-05
1.08 -0.66 4.37736e-05
1.08 -0.6 6.66262e-05
1.08 -0.54 0.000100016
1.08 -0.48 0.000148075
1.08 -0.42 0.000216212
1.08 -0.36 0.000311366
1.08 -0.3 0.00044223
1.08 -0.24 0.000619468
1.08 -0.18 0.000855803
1.08 -0.12 0.00116605
1.08 -0.06 0.00156694
1.08 9.71445e-15 0.00207671
1.08 0.06 0.00271447
1.08 0.12 0.00349939
1.08 0.18 0.00444925
1.08 0.24 0.00557905
1.08 0.3 0.00689977
1.08 0.36 0.00841566
1.08 0.42 0.0101236
1.08 0.48 0.0120109
1.08 0.54 0.014054
1.08 0.6 0.0162186
1.08 0.66 0.0184592
1.08 0.72 0.0207209
1.08 0.78 0.0229396
1.08 0.84 0.0250472
1.08 0.9 0.0269721
1.08 0.96 0.0286461
1.08 1.02 0.0300057
1.08 1.08 0.0309977
1.08 1.14 0.0315823
1.08 1.2 0.0317357
1.08 1.26 0.0314514
1.08 1.32 0.0307409
1.08 1.38 0.0296342
1.08 1.44 0.028174
1.08 1.5 0.0264181
1.08 1.56 0.0244309
1.08 1.62 0.0222825
1.08 1.68 0.0200438
1.08 1.74 0.0177822
1.08 1.8 0.0155589
1.08 1.86 0.0134265
1.08 1.92 0.0114271
1.08 1.98 0.00959166
1.08 2.04 0.00794048
1.08 2.1 0.00648317
1.08 2.16 0.00522051
1.08 2.22 0.00414599
1.08 2.28 0.00324739
1.08 2.34 0.0025086
1.08 2.4 0.00191125
1.08 2.46 0.0014361
1.08 2.52 0.00106427
1.08 2.58 0.000777855
1.08 2.64 0.000560715
1.08 2.7 0.00039863
1.08 2.76 0.000279503
1.08 2.82 0.000193283
1.08 2.88 0.000131823
1.08 2.94 8.86697e-05
1.08 3 5.88233e-05
1.08 3.06 3.8487e-05
1.08 3.12 2.48349e-05
1.08 3.18 1.58054e-05
1.14 -0.84 1.34918e-05
1.14 -0.78 2.14061e-05
1.14 -0.72 3.3496e-05
1.14 -0.66 5.16939e-05
1.14 -0.6 7.86817e-05
1.14 -0.54 0.000118113
1.14 -0.48 0.000174867
1.14 -0.42 0.000255331
1.14 -0.36 0.000367704
1.14 -0.3 0.000522248
1.14 -0.24 0.000731552
1.14 -0.18 0.00101064
1.14 -0.12 0.00137704
1.14 -0.06 0.00185048
1.14 9.71445e-15 0.00245249
1.14 0.06 0.00320567
1.14 0.12 0.00413255
1.14 0.18 0.00525423
1.14 0.24 0.00658857
1.14 0.3 0.00814815
1.14 0.36 0.0099384
1.14 0.42 0.0119554
1.14 0.48 0.014184
1.14 0.54 0.0165968
1.14 0.6 0.019153
1.14 0.66 0.0217991
1.14 0.72 0.02447
1.14 0.78 0.0270905
1.14 0.84 0.0295789
1.14 0.9 0.0318526
1.14 0.96 0.0338293
1.14 1.02 0.0354346
1.14 1.08 0.0366059
1.14 1.14 0.0372964
1.14 1.2 0.0374776
1.14 1.26 0.0371421
1.14 1.32 0.0363034
1.14 1.38 0.034996
1.14 1.44 0.0332719
1.14 1.5 0.031198
1.14 1.56 0.0288514
1.14 1.62 0.0263144
1.14 1.68 0.0236706
1.14 1.74 0.0209998
1.14 1.8 0.0183742
1.14 1.86 0.0158557
1.14 1.92 0.0134947
1.14 1.98 0.0113272
1.14 2.04 0.00937725
1.14 2.1 0.00765614
1.14 2.16 0.00616506
1.14 2.22 0.00489615
1.14 2.28 0.00383496
1.14 2.34 0.00296249
1.14 2.4 0.00225705
1.14 2.46 0.00169596
1.14 2.52 0.00125683
1.14 2.58 0.000918602
1.14 2.64 0.000662167
1.14 2.7 0.000470759
1.14 2.76 0.000330078
1.14 2.82 0.000228257
1.14 2.88 0.000155676
1.14 2.94 0.000104714
1.14 3 6.94661e-05
1.14 3.06 4.54508e-05
1.14 3.12 2.93285e-05
1.14 3.18 1.86653e-05
1.2 -0.84 1.5714e-05
1.2 -0.78 2.49317e-05
1.2 -0.72 3.90132e-05
1.2 -0.66 6.02083e-05
1.2 -0.6 9.16409e-05
1.2 -0.54 0.000137566
1.2 -0.48 0.000203669
1.2 -0.42 0.000297389
1.2 -0.36 0.000428262
1.2 -0.3 0.000608267
1.2 -0.24 0.000852036
1.2 -0.18 0.00117711
1.2 -0.12 0.00160385
1.2 -0.06 0.00215525
1.2 9.71445e-15 0.00285642
1.2 0.06 0.00373365
1.2 0.12 0.00481321
1.2 0.18 0.00611968
1.2 0.24 0.0076737
1.2 0.3 0.00949025
1.2 0.36 0.0115752
1.2 0.42 0.0139245
1.2 0.48 0.0165203
1.2 0.54 0.0193305
1.2 0.6 0.0223078
1.2 0.66 0.0253897
1.2 0.72 0.0285001
1.2 0.78 0.0315524
1.2 0.84 0.0344507
1.2 0.9 0.0370989
1.2 0.96 0.0394008
1.2 1.02 0.0412709
1.2 1.08 0.0426354
1.2 1.14 0.0434396
1.2 1.2 0.0436506
1.2 1.26 0.0432595
1.2 1.32 0.0422826
1.2 1.38 0.0407602
1.2 1.44 0.0387517
1.2 1.5 0.0363367
1.2 1.56 0.0336034
1.2 1.62 0.0306485
1.2 1.68 0.0275692
1.2 1.74 0.0244585
1.2 1.8 0.0214006
1.2 1.86 0.0184674
1.2 1.92 0.0157172
1.2 1.98 0.0131929
1.2 2.04 0.0109216
1.2 2.1 0.00891719
1.2 2.16 0.00718049
1.2 2.22 0.00570259
1.2 2.28 0.0044666
1.2 2.34 0.00345044
1.2 2.4 0.00262881
1.2 2.46 0.00197528
1.2 2.52 0.00146384
1.2 2.58 0.00106989
1.2 2.64 0.000771234
1.2 2.7 0.000548295
1.2 2.76 0.000384442
1.2 2.82 0.00026585
1.2 2.88 0.000181315
1.2 2.94 0.000121961
1.2 3 8.09082e-05
1.2 3.06 5.29363e-05
1.2 3.12 3.41593e-05
1.2 3.18 2.17395e-05
1.26 -0.9 1.12206e-05
1.26 -0.84 1.80505e-05
1.26 -0.78 2.86391e-05
1.26 -0.72 4.48143e-05
1.26 -0.66 6.91608e-05
1.26 -0.6 0.000105267
1.26 -0.54 0.000158021
1.26 -0.48 0.000233953
1.26 -0.42 0.000341609
1.26 -0.36 0.000491947
1.26 -0.3 0.000698711
1.26 -0.24 0.000978737
1.26 -0.18 0.00135213
1.26 -0.12 0.00184232
1.26 -0.06 0.00247571
1.26 9.71445e-15 0.00328114
1.26 0.06 0.0042888
1.26 0.12 0.0055289
1.26 0.18 0.00702966
1.26 0.24 0.00881475
1.26 0.3 0.0109014
1.26 0.36 0.0132964
1.26 0.42 0.015995
1.26 0.48 0.0189768
1.26 0.54 0.0222048
1.26 0.6 0.0256248
1.26 0.66 0.029165
1.26 0.72 0.0327382
1.26 0.78 0.0362439
1.26 0.84 0.0395736
1.26 0.9 0.0426151
1.26 0.96 0.0452599
1.26 1.02 0.0474079
1.26 1.08 0.0489752
1.26 1.14 0.0498989
1.26 1.2 0.0501414
1.26 1.26 0.0496922
1.26 1.32 0.0485695
1.26 1.38 0.0468211
1.26 1.44 0.0445139
1.26 1.5 0.0417398
1.26 1.56 0.0386
1.26 1.62 0.0352056
1.26 1.68 0.0316685
1.26 1.74 0.0280952
1.26 1.8 0.0245826
1.26 1.86 0.0212134
1.26 1.92 0.0180544
1.26 1.98 0.0151546
1.26 2.04 0.0125457
1.26 2.1 0.0102432
1.26 2.16 0.00824821
1.26 2.22 0.0065505
1.26 2.28 0.00513076
1.26 2.34 0.0039635
1.26 2.4 0.00301971
1.26 2.46 0.002269
1.26 2.52 0.00168151
1.26 2.58 0.00122899
1.26 2.64 0.000885913
1.26 2.7 0.000629822
1.26 2.76 0.000441605
1.26 2.82 0.000305381
1.26 2.88 0.000208275
1.26 2.94 0.000140095
1.26 3 9.29387e-05
1.26 3.06 6.08082e-05
1.26 3.12 3.92384e-05
1.26 3.18 2.49721e-05
1.26 3.24 1.56742e-05
1.32 -0.9 1.27119e-05
1.32 -0.84 2.04496e-05
1.32 -0.78 3.24453e-05
1.32 -0.72 5.07703e-05
1.32 -0.66 7.83525e-05
1.32 -0.6 0.000119258
1.32 -0.54 0.000179023
1.32 -0.48 0.000265046
1.32 -0.42 0.000387009
1.32 -0.36 0.000557333
1.32 -0.3 0.000791568
1.32 -0.24 0.00110882
1.32 -0.18 0.00153185
1.32 -0.12 0.00208716
1.32 -0.06 0.00280475
1.32 9.71445e-15 0.00371722
1.32 0.06 0.00485881
1.32 0.12 0.00626374
1.32 0.18 0.00796394
1.32 0.24 0.00998628
1.32 0.3 0.0123502
1.32 0.36 0.0150637
1.32 0.42 0.0181208
1.32 0.48 0.0214988
1.32 0.54 0.0251559
1.32 0.6 0.0290304
1.32 0.66 0.0330413
1.32 0.72 0.0370895
1.32 0.78 0.0410607
1.32 0.84 0.0448334
1.32 0.9 0.0482785
1.32 0.96 0.0512753
1.32 1.02 0.0537088
1.32 1.08 0.0554844
1.32 1.14 0.0565308
1.32 1.2 0.0568055
1.32 1.26 0.0562965
1.32 1.32 0.0550252
1.32 1.38 0.0530438
1.32 1.44 0.0504305
1.32 1.5 0.0472871
1.32 1.56 0.04373
1.32 1.62 0.0398848
1.32 1.68 0.0358776
1.32 1.74 0.0318294
1.32 1.8 0.0278497
1.32 1.86 0.0240328
1.32 1.92 0.020454
1.32 1.98 0.0171686
1.32 2.04 0.0142131
1.32 2.1 0.0116046
1.32 2.16 0.00934446
1.32 2.22 0.00742112
1.32 2.28 0.00581267
1.32 2.34 0.00449028
1.32 2.4 0.00342104
1.32 2.46 0.00257056
1.32 2.52 0.00190499
1.32 2.58 0.00139233
1.32 2.64 0.00100365
1.32 2.7 0.000713527
1.32 2.76 0.0005003
1.32 2.82 0.00034597
1.32 2.88 0.000235957
1.32 2.94 0.000158714
1.32 3 0.000105291
1.32 3.06 6.88902e-05
1.32 3.12 4.44534e-05
1.32 3.18 2.8291e-05
1.32 3.24 1.77574e-05
1.38 -0.9 1.42033e-05
1.38 -0.84 2.2849e-05
1.38 -0.78 3.62524e-05
1.38 -0.72 5.67269e-05
1.38 -0.66 8.75454e-05
1.38 -0.6 0.00013325
1.38 -0.54 0.000200027
1.38 -0.48 0.000296142
1.38 -0.42 0.000432421
1.38 -0.36 0.000622726
1.38 -0.3 0.000884447
1.38 -0.24 0.00123892
1.38 -0.18 0.00171159
1.38 -0.12 0.00233207
1.38 -0.06 0.00313385
1.38 9.71445e-15 0.00415339
1.38 0.06 0.00542895
1.38 0.12 0.0069987
1.38 0.18 0.00889833
1.38 0.24 0.0111581
1.38 0.3 0.0137993
1.38 0.36 0.0168312
1.38 0.42 0.0202472
1.38 0.48 0.0240214
1.38 0.54 0.0281075
1.38 0.6 0.0324367
1.38 0.66 0.0369183
1.38 0.72 0.0414413
1.38 0.78 0.0458784
1.38 0.84 0.0500939
1.38 0.9 0.0539434
1.38 0.96 0.0572913
1.38 1.02 0.0600106
1.38 1.08 0.0619945
1.38 1.14 0.0631637
1.38 1.2 0.0634704
1.38 1.26 0.0629019
1.38 1.32 0.0614818
1.38 1.38 0.0592673
1.38 1.44 0.0563479
1.38 1.5 0.0528355
1.38 1.56 0.0488608
1.38 1.62 0.0445645
1.38 1.68 0.0400872
1.38 1.74 0.0355639
1.38 1.8 0.0311172
1.38 1.86 0.0268528
1.38 1.92 0.0228539
1.38 1.98 0.0191832
1.38 2.04 0.0158807
1.38 2.1 0.0129662
1.38 2.16 0.0104409
1.38 2.22 0.00829189
1.38 2.28 0.00649471
1.38 2.34 0.00501713
1.38 2.4 0.00382242
1.38 2.46 0.0028722
1.38 2.52 0.0021285
1.38 2.58 0.00155571
1.38 2.64 0.00112141
1.38 2.7 0.000797245
1.38 2.76 0.000559001
1.38 2.82 0.000386563
1.38 2.88 0.000263642
1.38 2.94 0.000177336
1.38 3 0.000117646
1.38 3.06 7.6973e-05
1.38 3.12 4.96695e-05
1.38 3.18 3.16103e-05
1.38 3.24 1.98409e-05
1.44 -0.9 1.56518e-05
1.44 -0.84 2.51789e-05
1.44 -0.78 3.99493e-05
1.44 -0.72 6.25123e-05
1.44 -0.66 9.64734e-05
1.44 -0.6 0.000146838
1.44 -0.54 0.000220426
1.44 -0.48 0.000326345
1.44 -0.42 0.000476518
1.44 -0.36 0.000686224
1.44 -0.3 0.000974645
1.44 -0.24 0.00136526
1.44 -0.18 0.00188613
1.44 -0.12 0.0025699
1.44 -0.06 0.00345343
1.44 9.71445e-15 0.00457694
1.44 0.06 0.00598255
1.44 0.12 0.00771236
1.44 0.18 0.00980579
1.44 0.24 0.0122959
1.44 0.3 0.0152065
1.44 0.36 0.0185475
1.44 0.42 0.0223119
1.44 0.48 0.0264711
1.44 0.54 0.030974
1.44 0.6 0.0357446
1.44 0.66 0.040683
1.44 0.72 0.045667
1.44 0.78 0.0505573
1.44 0.84 0.0552018
1.44 0.9 0.0594446
1.44 0.96 0.0631338
1.44 1.02 0.06613
1.44 1.08 0.0683161
1.44 1.14 0.0696046
1.44 1.2 0.069943
1.44 1.26 0.0693167
1.44 1.32 0.067751
1.44 1.38 0.0653115
1.44 1.44 0.0620936
1.44 1.5 0.0582237
1.44 1.56 0.0538438
1.44 1.62 0.0491088
1.44 1.68 0.0441749
1.44 1.74 0.0391905
1.44 1.8 0.0342908
1.44 1.86 0.0295911
1.44 1.92 0.0251844
1.44 1.98 0.0211394
1.44 2.04 0.0175002
1.44 2.1 0.0142883
1.44 2.16 0.0115056
1.44 2.22 0.00913745
1.44 2.28 0.00715699
1.44 2.34 0.00552874
1.44 2.4 0.00421225
1.44 2.46 0.00316509
1.44 2.52 0.00234556
1.44 2.58 0.00171435
1.44 2.64 0.00123578
1.44 2.7 0.000878547
1.44 2.76 0.000616003
1.44 2.82 0.000425981
1.44 2.88 0.000290527
1.44 2.94 0.000195422
1.44 3 0.000129643
1.44 3.06 8.48224e-05
1.44 3.12 5.47346e-05
1.44 3.18 3.48341e-05
1.44 3.24 2.18642e-05
1.5 -0.9 1.70107e-05
1.5 -0.84 2.73655e-05
1.5 -0.78 4.34177e-05
1.5 -0.72 6.79398e-05
1.5 -0.66 0.000104851
1.5 -0.6 0.000159589
1.5 -0.54 0.000239567
1.5 -0.48 0.00035468
1.5 -0.42 0.000517892
1.5 -0.36 0.000745809
1.5 -0.3 0.00105927
1.5 -0.24 0.0014838
1.5 -0.18 0.00204991
1.5 -0.12 0.00279304
1.5 -0.06 0.00375327
1.5 9.71445e-15 0.00497431
1.5 0.06 0.00650202
1.5 0.12 0.0083821
1.5 0.18 0.0106572
1.5 0.24 0.0133635
1.5 0.3 0.0165269
1.5 0.36 0.020158
1.5 0.42 0.024249
1.5 0.48 0.0287693
1.5 0.54 0.0336631
1.5 0.6 0.0388481
1.5 0.66 0.0442154
1.5 0.72 0.0496323
1.5 0.78 0.0549469
1.5 0.84 0.0599953
1.5 0.9 0.064606
1.5 0.96 0.0686152
1.5 1.02 0.0718722
1.5 1.08 0.0742485
1.5 1.14 0.0756489
1.5 1.2 0.0760161
1.5 1.26 0.0753345
1.5 1.32 0.073634
1.5 1.38 0.0709824
1.5 1.44 0.0674851
1.5 1.5 0.0632786
1.5 1.56 0.0585191
1.5 1.62 0.0533733
1.5 1.68 0.0480108
1.5 1.74 0.0425936
1.5 1.8 0.037268
1.5 1.86 0.0321605
1.5 1.92 0.0273711
1.5 1.98 0.022975
1.5 2.04 0.0190196
1.5 2.1 0.0155291
1.5 2.16 0.0125047
1.5 2.22 0.00993092
1.5 2.28 0.0077785
1.5 2.34 0.00600885
1.5 2.4 0.00457798
1.5 2.46 0.00343988
1.5 2.52 0.00254923
1.5 2.58 0.00186319
1.5 2.64 0.00134307
1.5 2.7 0.000954836
1.5 2.76 0.000669492
1.5 2.82 0.000462969
1.5 2.88 0.000315753
1.5 2.94 0.000212389
1.5 3 0.0001409
1.5 3.06 9.2187e-05
1.5 3.12 5.94873e-05
1.5 3.18 3.78582e-05
1.5 3.24 2.37627e-05
1.5 3.3 1.47101e-05
1.56 -0.9 1.82337e-05
1.56 -0.84 2.93327e-05
1.56 -0.78 4.65392e-05
1.56 -0.72 7.28241e-05
1.56 -0.66 0.000112388
1.56 -0.6 0.000171063
1.56 -0.54 0.00025679
1.56 -0.48 0.00038018
1.56 -0.42 0.00055512
1.56 -0.36 0.000799425
1.56 -0.3 0.00113543
1.56 -0.24 0.00159047
1.56 -0.18 0.00219725
1.56 -0.12 0.00299384
1.56 -0.06 0.00402313
1.56 9.71445e-15 0.00533198
1.56 0.06 0.00696948
1.56 0.12 0.00898462
1.56 0.18 0.0114233
1.56 0.24 0.0143243
1.56 0.3 0.017715
1.56 0.36 0.0216071
1.56 0.42 0.0259923
1.56 0.48 0.0308376
1.56 0.54 0.0360833
1.56 0.6 0.0416409
1.56 0.66 0.0473935
1.56 0.72 0.0532003
1.56 0.78 0.0588977
1.56 0.84 0.0643074
1.56 0.9 0.069251
1.56 0.96 0.0735484
1.56 1.02 0.0770382
1.56 1.08 0.0795854
1.56 1.14 0.0810865
1.56 1.2 0.0814803
1.56 1.26 0.0807508
1.56 1.32 0.0789275
1.56 1.38 0.0760852
1.56 1.44 0.0723366
1.56 1.5 0.0678277
1.56 1.56 0.0627261
1.56 1.62 0.0572104
1.56 1.68 0.0514625
1.56 1.74 0.0456559
1.56 1.8 0.0399476
1.56 1.86 0.0344722
1.56 1.92 0.0293389
1.56 1.98 0.0246266
1.56 2.04 0.0203871
1.56 2.1 0.0166452
1.56 2.16 0.0134035
1.56 2.22 0.0106448
1.56 2.28 0.00833762
1.56 2.34 0.00644078
1.56 2.4 0.00490707
1.56 2.46 0.00368719
1.56 2.52 0.00273249
1.56 2.58 0.00199714
1.56 2.64 0.00143963
1.56 2.7 0.00102348
1.56 2.76 0.000717624
1.56 2.82 0.000496254
1.56 2.88 0.000338455
1.56 2.94 0.00022766
1.56 3 0.000151027
1.56 3.06 9.88148e-05
1.56 3.12 6.37636e-05
1.56 3.18 4.05804e-05
1.56 3.24 2.54707e-05
1.56 3.3 1.57675e-05
1.62 -0.9 1.92759e-05
1.62 -0.84 3.1009e-05
1.62 -0.78 4.91994e-05
1.62 -0.72 7.69863e-05
1.62 -0.66 0.00011881
1.62 -0.6 0.000180837
1.62 -0.54 0.000271463
1.62 -0.48 0.000401907
1.62 -0.42 0.000586853
1.62 -0.36 0.000845118
1.62 -0.3 0.00120031
1.62 -0.24 0.00168137
1.62 -0.18 0.00232285
1.62 -0.12 0.00316494
1.62 -0.06 0.00425306
1.62 9.71445e-15 0.00563671
1.62 0.06 0.00736781
1.62 0.12 0.00949813
1.62 0.18 0.0120762
1.62 0.24 0.015143
1.62 0.3 0.0187274
1.62 0.36 0.0228422
1.62 0.42 0.0274781
1.62 0.48 0.0326003
1.62 0.54 0.0381457
1.62 0.6 0.0440211
1.62 0.66 0.050103
1.62 0.72 0.0562411
1.62 0.78 0.0622633
1.62 0.84 0.0679838
1.62 0.9 0.0732086
1.62 0.96 0.0777519
1.62 1.02 0.0814418
1.62 1.08 0.0841344
1.62 1.14 0.0857212
1.62 1.2 0.0861373
1.62 1.26 0.0853665
1.62 1.32 0.0834388
1.62 1.38 0.0804335
1.62 1.44 0.0764715
1.62 1.5 0.071705
1.62 1.56 0.0663105
1.62 1.62 0.0604795
1.62 1.68 0.0544033
1.62 1.74 0.0482648
1.62 1.8 0.0422304
1.62 1.86 0.0364428
1.62 1.92 0.0310156
1.62 1.98 0.0260341
1.62 2.04 0.0215523
1.62 2.1 0.0175967
1.62 2.16 0.0141697
1.62 2.22 0.0112532
1.62 2.28 0.00881416
1.62 2.34 0.00680888
1.62 2.4 0.00518754
1.62 2.46 0.00389796
1.62 2.52 0.00288863
1.62 2.58 0.0021113
1.62 2.64 0.00152191
1.62 2.7 0.00108196
1.62 2.76 0.000758634
1.62 2.82 0.000524614
1.62 2.88 0.000357796
1.62 2.94 0.000240669
1.62 3 0.000159661
1.62 3.06 0.000104462
1.62 3.12 6.74081e-05
1.62 3.18 4.28996e-05
1.62 3.24 2.69266e-05
1.62 3.3 1.66687e-05
1.68 -0.9 2.00973e-05
1.68 -0.84 3.23312e-05
1.68 -0.78 5.12961e-05
1.68 -0.72 8.02673e-05
1.68 -0.66 0.000123876
1.68 -0.6 0.000188548
1.68 -0.54 0.000283037
1.68 -0.48 0.000419038
1.68 -0.42 0.000611865
1.68 -0.36 0.000881141
1.68 -0.3 0.00125148
1.68 -0.24 0.00175304
1.68 -0.18 0.00242187
1.68 -0.12 0.00329987
1.68 -0.06 0.00443435
1.68 9.71445e-15 0.00587698
1.68 0.06 0.00768189
1.68 0.12 0.00990308
1.68 0.18 0.0125909
1.68 0.24 0.0157885
1.68 0.3 0.0195257
1.68 0.36 0.0238159
1.68 0.42 0.0286491
1.68 0.48 0.0339897
1.68 0.54 0.0397715
1.68 0.6 0.0458973
1.68 0.66 0.0522383
1.68 0.72 0.0586383
1.68 0.78 0.0649176
1.68 0.84 0.0708813
1.68 0.9 0.0763295
1.68 0.96 0.0810657
1.68 1.02 0.0849131
1.68 1.08 0.0877208
1.68 1.14 0.0893753
1.68 1.2 0.0898089
1.68 1.26 0.0890041
1.68 1.32 0.0869957
1.68 1.38 0.0838621
1.68 1.44 0.0797312
1.68 1.5 0.0747607
1.68 1.56 0.0691374
1.68 1.62 0.0630582
1.68 1.68 0.0567227
1.68 1.74 0.0503224
1.68 1.8 0.0440306
1.68 1.86 0.0379961
1.68 1.92 0.0323377
1.68 1.98 0.0271439
1.68 2.04 0.0224708
1.68 2.1 0.0183468
1.68 2.16 0.0147737
1.68 2.22 0.011733
1.68 2.28 0.00918996
1.68 2.34 0.00709917
1.68 2.4 0.00540863
1.68 2.46 0.00406409
1.68 2.52 0.0030118
1.68 2.58 0.00220128
1.68 2.64 0.00158677
1.68 2.7 0.00112809
1.68 2.76 0.000790977
1.68 2.82 0.000546979
1.68 2.88 0.000373049
1.68 2.94 0.000250929
1.68 3 0.000166466
1.68 3.06 0.000108915
1.68 3.12 7.02817e-05
1.68 3.18 4.47279e-05
1.68 3.24 2.80743e-05
1.68 3.3 1.73793e-05
1.74 -0.9 2.0666e-05
1.74 -0.84 3.32458e-05
1.74 -0.78 5.27476e-05
1.74 -0.72 8.25388e-05
1.74 -0.66 0.000127381
1.74 -0.6 0.000193881
1.74 -0.54 0.000291044
1.74 -0.48 0.000430893
1.74 -0.42 0.000629178
1.74 -0.36 0.000906074
1.74 -0.3 0.00128688
1.74 -0.24 0.00180264
1.74 -0.18 0.00249039
1.74 -0.12 0.00339321
1.74 -0.06 0.00455976
1.74 9.71445e-15 0.0060432
1.74 0.06 0.00789916
1.74 0.12 0.0101832
1.74 0.18 0.0129472
1.74 0.24 0.0162351
1.74 0.3 0.0200782
1.74 0.36 0.0244896
1.74 0.42 0.0294598
1.74 0.48 0.0349514
1.74 0.54 0.0408968
1.74 0.6 0.0471959
1.74 0.66 0.0537166
1.74 0.72 0.0602976
1.74 0.78 0.0667537
1.74 0.84 0.0728873
1.74 0.9 0.0784885
1.74 0.96 0.0833596
1.74 1.02 0.0873163
1.74 1.08 0.0902031
1.74 1.14 0.0919044
1.74 1.2 0.0923505
1.74 1.26 0.0915227
1.74 1.32 0.0894564
1.74 1.38 0.0862351
1.74 1.44 0.0819867
1.74 1.5 0.0768762
1.74 1.56 0.0710935
1.74 1.62 0.0648419
1.74 1.68 0.0583272
1.74 1.74 0.0517459
1.74 1.8 0.0452761
1.74 1.86 0.0390712
1.74 1.92 0.0332528
1.74 1.98 0.0279118
1.74 2.04 0.0231066
1.74 2.1 0.018866
1.74 2.16 0.0151917
1.74 2.22 0.0120649
1.74 2.28 0.00944993
1.74 2.34 0.00730003
1.74 2.4 0.0055617
1.74 2.46 0.00417907
1.74 2.52 0.00309701
1.74 2.58 0.00226357
1.74 2.64 0.00163167
1.74 2.7 0.00116001
1.74 2.76 0.000813352
1.74 2.82 0.000562453
1.74 2.88 0.000383602
1.74 2.94 0.000258026
1.74 3 0.000171176
1.74 3.06 0.000111997
1.74 3.12 7.227e-05
1.74 3.18 4.59934e-05
1.74 3.24 2.88689e-05
1.74 3.3 1.7871e-05
1.8 -0.9 2.09586e-05
1.8 -0.84 3.37165e-05
1.8 -0.78 5.34946e-05
1.8 -0.72 8.3707e-05
1.8 -0.66 0.000129184
1.8 -0.6 0.000196627
1.8 -0.54 0.000295165
1.8 -0.48 0.000436992
1.8 -0.42 0.000638085
1.8 -0.36 0.000918905
1.8 -0.3 0.0013051
1.8 -0.24 0.00182817
1.8 -0.18 0.00252564
1.8 -0.12 0.00344125
1.8 -0.06 0.00462436
1.8 9.71445e-15 0.00612881
1.8 0.06 0.00801106
1.8 0.12 0.0103274
1.8 0.18 0.0131305
1.8 0.24 0.0164651
1.8 0.3 0.0203624
1.8 0.36 0.0248365
1.8 0.42 0.029877
1.8 0.48 0.0354462
1.8 0.54 0.0414756
1.8 0.6 0.0478639
1.8 0.66 0.0544771
1.8 0.72 0.0611515
1.8 0.78 0.067699
1.8 0.84 0.0739192
1.8 0.9 0.0796
1.8 0.96 0.0845401
1.8 1.02 0.0885524
1.8 1.08 0.0914798
1.8 1.14 0.0932051
1.8 1.2 0.0936578
1.8 1.26 0.0928187
1.8 1.32 0.0907236
1.8 1.38 0.0874556
1.8 1.44 0.083148
1.8 1.5 0.0779645
1.8 1.56 0.0720997
1.8 1.62 0.0657603
1.8 1.68 0.0591535
1.8 1.74 0.0524788
1.8 1.8 0.0459171
1.8 1.86 0.0396243
1.8 1.92 0.0337237
1.8 1.98 0.0283069
1.8 2.04 0.0234339
1.8 2.1 0.019133
1.8 2.16 0.0154067
1.8 2.22 0.0122357
1.8 2.28 0.00958372
1.8 2.34 0.00740333
1.8 2.4 0.00564042
1.8 2.46 0.00423826
1.8 2.52 0.00314084
1.8 2.58 0.00229563
1.8 2.64 0.00165476
1.8 2.7 0.00117643
1.8 2.76 0.000824874
1.8 2.82 0.00057042
1.8 2.88 0.000389036
1.8 2.94 0.00026168
1.8 3 0.000173599
1.8 3.06 0.000113583
1.8 3.12 7.32928e-05
1.8 3.18 4.66448e-05
1.8 3.24 2.92776e-05
1.8 3.3 1.81239e-05
1.86 -0.9 2.09632e-05
1.86 -0.84 3.37239e-05
1.86 -0.78 5.35063e-05
1.86 -0.72 8.3725e-05
1.86 -0.66 0.000129212
1.86 -0.6 0.00019667
1.86 -0.54 0.00029523
1.86 -0.48 0.000437091
1.86 -0.42 0.000638222
1.86 -0.36 0.000919103
1.86 -0.3 0.0013054
1.86 -0.24 0.00182856
1.86 -0.18 0.00252619
1.86 -0.12 0.00344203
1.86 -0.06 0.0046254
1.86 9.71445e-15 0.00613018
1.86 0.06 0.00801284
1.86 0.12 0.0103297
1.86 0.18 0.0131332
1.86 0.24 0.0164687
1.86 0.3 0.0203668
1.86 0.36 0.024842
1.86 0.42 0.0298835
1.86 0.48 0.0354539
1.86 0.54 0.0414848
1.86 0.6 0.0478744
1.86 0.66 0.0544889
1.86 0.72 0.0611647
1.86 0.78 0.0677144
1.86 0.84 0.073935
1.86 0.9 0.0796179
1.86 0.96 0.0845581
1.86 1.02 0.0885712
1.86 1.08 0.0914993
1.86 1.14 0.0932251
1.86 1.2 0.0936775
1.86 1.26 0.0928392
1.86 1.32 0.0907437
1.86 1.38 0.0874743
1.86 1.44 0.0831663
1.86 1.5 0.0779815
1.86 1.56 0.0721155
1.86 1.62 0.0657747
1.86 1.68 0.0591664
1.86 1.74 0.0524902
1.86 1.8 0.0459275
1.86 1.86 0.0396328
1.86 1.92 0.0337309
1.86 1.98 0.0283133
1.86 2.04 0.0234389
1.86 2.1 0.0191371
1.86 2.16 0.0154101
1.86 2.22 0.0122384
1.86 2.28 0.00958585
1.86 2.34 0.00740498
1.86 2.4 0.00564161
1.86 2.46 0.00423919
1.86 2.52 0.00314154
1.86 2.58 0.00229613
1.86 2.64 0.00165513
1.86 2.7 0.00117669
1.86 2.76 0.000825053
1.86 2.82 0.000570543
1.86 2.88 0.00038912
1.86 2.94 0.000261739
1.86 3 0.000173637
1.86 3.06 0.000113607
1.86 3.12 7.33093e-05
1.86 3.18 4.66551e-05
1.86 3.24 2.92838e-05
1.86 3.3 1.81279e-05
1.92 -0.9 2.06797e-05
1.92 -0.84 3.32675e-05
1.92 -0.78 5.27824e-05
1.92 -0.72 8.25929e-05
1.92 -0.66 0.000127464
1.92 -0.6 0.000194009
1.92 -0.54 0.000291236
1.92 -0.48 0.00043118
1.92 -0.42 0.000629588
1.92 -0.36 0.000906661
1.92 -0.3 0.00128774
1.92 -0.24 0.00180382
1.92 -0.18 0.00249201
1.92 -0.12 0.00339546
1.92 -0.06 0.00456283
1.92 9.71445e-15 0.00604725
1.92 0.06 0.00790443
1.92 0.12 0.0101899
1.92 0.18 0.0129556
1.92 0.24 0.0162459
1.92 0.3 0.0200913
1.92 0.36 0.0245058
1.92 0.42 0.0294791
1.92 0.48 0.0349743
1.92 0.54 0.0409237
1.92 0.6 0.0472268
1.92 0.66 0.0537514
1.92 0.72 0.0603367
1.92 0.78 0.0667985
1.92 0.84 0.0729342
1.92 0.9 0.0785409
1.92 0.96 0.0834146
1.92 1.02 0.0873723
1.92 1.08 0.090261
1.92 1.14 0.0919634
1.92 1.2 0.0924101
1.92 1.26 0.0915834
1.92 1.32 0.0895157
1.92 1.38 0.0862914
1.92 1.44 0.0820408
1.92 1.5 0.0769265
1.92 1.56 0.0711404
1.92 1.62 0.0648847
1.92 1.68 0.0583658
1.92 1.74 0.0517803
1.92 1.8 0.0453064
1.92 1.86 0.0390966
1.92 1.92 0.0332745
1.92 1.98 0.0279302
1.92 2.04 0.0231219
1.92 2.1 0.018878
1.92 2.16 0.0152016
1.92 2.22 0.0120728
1.92 2.28 0.00945613
1.92 2.34 0.00730475
1.92 2.4 0.00556531
1.92 2.46 0.00418183
1.92 2.52 0.00309903
1.92 2.58 0.00226506
1.92 2.64 0.00163274
1.92 2.7 0.00116077
1.92 2.76 0.000813888
1.92 2.82 0.000562822
1.92 2.88 0.000383857
1.92 2.94 0.000258199
1.92 3 0.000171288
1.92 3.06 0.00011207
1.92 3.12 7.23174e-05
1.92 3.18 4.60241e-05
1.92 3.24 2.88875e-05
1.92 3.3 1.78826e-05
1.98 -0.9 2.01195e-05
1.98 -0.84 3.23665e-05
1.98 -0.78 5.13523e-05
1.98 -0.72 8.03554e-05
1.98 -0.66 0.000124012
1.98 -0.6 0.000188755
1.98 -0.54 0.000283348
1.98 -0.48 0.000419499
1.98 -0.42 0.000612527
1.98 -0.36 0.000882109
1.98 -0.3 0.00125285
1.98 -0.24 0.00175497
1.98 -0.18 0.00242449
1.98 -0.12 0.00330346
1.98 -0.06 0.00443921
1.98 9.71445e-15 0.00588341
1.98 0.06 0.00769024
1.98 0.12 0.00991387
1.98 0.18 0.0126047
1.98 0.24 0.0158056
1.98 0.3 0.0195471
1.98 0.36 0.0238419
1.98 0.42 0.0286804
1.98 0.48 0.0340267
1.98 0.54 0.039815
1.98 0.6 0.0459472
1.98 0.66 0.0522951
1.98 0.72 0.0587028
1.98 0.78 0.0649889
1.98 0.84 0.0709588
1.98 0.9 0.0764129
1.98 0.96 0.0811552
1.98 1.02 0.0850063
1.98 1.08 0.0878164
1.98 1.14 0.0894728
1.98 1.2 0.0899073
1.98 1.26 0.0891024
1.98 1.32 0.0870905
1.98 1.38 0.083954
1.98 1.44 0.0798182
1.98 1.5 0.0748425
1.98 1.56 0.0692134
1.98 1.62 0.0631274
1.98 1.68 0.056785
1.98 1.74 0.0503778
1.98 1.8 0.0440789
1.98 1.86 0.0380372
1.98 1.92 0.0323733
1.98 1.98 0.0271734
1.98 2.04 0.0224956
1.98 2.1 0.0183668
1.98 2.16 0.0147898
1.98 2.22 0.0117457
1.98 2.28 0.00919996
1.98 2.34 0.00710692
1.98 2.4 0.00541457
1.98 2.46 0.00406852
1.98 2.52 0.0030151
1.98 2.58 0.00220368
1.98 2.64 0.00158851
1.98 2.7 0.00112933
1.98 2.76 0.000791846
1.98 2.82 0.00054758
1.98 2.88 0.00037346
1.98 2.94 0.000251204
1.98 3 0.000166647
1.98 3.06 0.000109035
1.98 3.12 7.03579e-05
1.98 3.18 4.47773e-05
1.98 3.24 2.81052e-05
1.98 3.3 1.73982e-05
2.04 -0.9 1.93054e-05
2.04 -0.84 3.10567e-05
2.04 -0.78 4.92748e-05
2.04 -0.72 7.71038e-05
2.04 -0.66 0.000118993
2.04 -0.6 0.000181115
2.04 -0.54 0.00027188
2.04 -0.48 0.000402522
2.04 -0.42 0.000587751
2.04 -0.36 0.000846416
2.04 -0.3 0.00120215
2.04 -0.24 0.00168395
2.04 -0.18 0.00232641
2.04 -0.12 0.0031698
2.04 -0.06 0.00425959
2.04 9.71445e-15 0.00564537
2.04 0.06 0.00737913
2.04 0.12 0.00951272
2.04 0.18 0.0120946
2.04 0.24 0.0151663
2.04 0.3 0.018756
2.04 0.36 0.0228773
2.04 0.42 0.0275202
2.04 0.48 0.0326501
2.04 0.54 0.038204
2.04 0.6 0.0440883
2.04 0.66 0.0501797
2.04 0.72 0.0563274
2.04 0.78 0.062359
2.04 0.84 0.068088
2.04 0.9 0.0733211
2.04 0.96 0.0778709
2.04 1.02 0.0815667
2.04 1.08 0.0842632
2.04 1.14 0.0858524
2.04 1.2 0.0862692
2.04 1.26 0.0854972
2.04 1.32 0.083567
2.04 1.38 0.0805562
2.04 1.44 0.076589
2.04 1.5 0.0718146
2.04 1.56 0.0664119
2.04 1.62 0.0605726
2.04 1.68 0.054487
2.04 1.74 0.0483388
2.04 1.8 0.0422952
2.04 1.86 0.0364985
2.04 1.92 0.0310633
2.04 1.98 0.026074
2.04 2.04 0.0215853
2.04 2.1 0.0176237
2.04 2.16 0.0141913
2.04 2.22 0.0112705
2.04 2.28 0.00882771
2.04 2.34 0.00681931
2.04 2.4 0.00519547
2.04 2.46 0.00390394
2.04 2.52 0.00289307
2.04 2.58 0.00211454
2.04 2.64 0.00152423
2.04 2.7 0.00108363
2.04 2.76 0.000759802
2.04 2.82 0.000525421
2.04 2.88 0.000358345
2.04 2.94 0.000241039
2.04 3 0.000159905
2.04 3.06 0.000104622
2.04 3.12 6.75113e-05
2.04 3.18 4.29654e-05
2.04 3.24 2.69679e-05
2.04 3.3 1.66942e-05
2.1 -0.9 1.82697e-05
2.1 -0.84 2.93904e-05
2.1 -0.78 4.66308e-05
2.1 -0.72 7.29679e-05
2.1 -0.66 0.00011261
2.1 -0.6 0.000171399
2.1 -0.54 0.000257295
2.1 -0.48 0.000380928
2.1 -0.42 0.000556215
2.1 -0.36 0.000801004
2.1 -0.3 0.00113766
2.1 -0.24 0.00159361
2.1 -0.18 0.00220159
2.1 -0.12 0.00299971
2.1 -0.06 0.00403102
2.1 9.71445e-15 0.00534243
2.1 0.06 0.00698312
2.1 0.12 0.00900234
2.1 0.18 0.0114459
2.1 0.24 0.0143524
2.1 0.3 0.01775
2.1 0.36 0.0216497
2.1 0.42 0.0260435
2.1 0.48 0.0308985
2.1 0.54 0.0361545
2.1 0.6 0.041723
2.1 0.66 0.0474873
2.1 0.72 0.0533054
2.1 0.78 0.0590132
2.1 0.84 0.0644351
2.1 0.9 0.0693868
2.1 0.96 0.0736935
2.1 1.02 0.077191
2.1 1.08 0.0797429
2.1 1.14 0.081247
2.1 1.2 0.0816416
2.1 1.26 0.0809102
2.1 1.32 0.0790825
2.1 1.38 0.0762354
2.1 1.44 0.0724791
2.1 1.5 0.0679618
2.1 1.56 0.0628496
2.1 1.62 0.0573228
2.1 1.68 0.0515637
2.1 1.74 0.0457455
2.1 1.8 0.0400261
2.1 1.86 0.0345402
2.1 1.92 0.0293968
2.1 1.98 0.024675
2.1 2.04 0.0204273
2.1 2.1 0.0166782
2.1 2.16 0.01343
2.1 2.22 0.0106657
2.1 2.28 0.00835406
2.1 2.34 0.0064535
2.1 2.4 0.00491678
2.1 2.46 0.00369444
2.1 2.52 0.00273788
2.1 2.58 0.00200107
2.1 2.64 0.00144247
2.1 2.7 0.00102549
2.1 2.76 0.000719036
2.1 2.82 0.000497231
2.1 2.88 0.00033912
2.1 2.94 0.000228107
2.1 3 0.000151326
2.1 3.06 9.90097e-05
2.1 3.12 6.3889e-05
2.1 3.18 4.06602e-05
2.1 3.24 2.55212e-05
2.1 3.3 1.57986e-05
2.16 -0.9 1.70517e-05
2.16 -0.84 2.74313e-05
2.16 -0.78 4.35224e-05
2.16 -0.72 6.81037e-05
2.16 -0.66 0.000105103
2.16 -0.6 0.000159974
2.16 -0.54 0.000240144
2.16 -0.48 0.000355537
2.16 -0.42 0.000519141
2.16 -0.36 0.0007476
2.16 -0.3 0.00106183
2.16 -0.24 0.00148736
2.16 -0.18 0.00205484
2.16 -0.12 0.00279979
2.16 -0.06 0.00376235
2.16 9.71445e-15 0.00498636
2.16 0.06 0.00651773
2.16 0.12 0.00840227
2.16 0.18 0.0106828
2.16 0.24 0.0133958
2.16 0.3 0.0165667
2.16 0.36 0.0202066
2.16 0.42 0.0243074
2.16 0.48 0.0288388
2.16 0.54 0.0337445
2.16 0.6 0.0389419
2.16 0.66 0.0443218
2.16 0.72 0.0497514
2.16 0.78 0.0550799
2.16 0.84 0.0601392
2.16 0.9 0.0647623
2.16 0.96 0.0687806
2.16 1.02 0.0720446
2.16 1.08 0.0744266
2.16 1.14 0.0758304
2.16 1.2 0.0761988
2.16 1.26 0.0755162
2.16 1.32 0.0738116
2.16 1.38 0.0711534
2.16 1.44 0.067648
2.16 1.5 0.0634314
2.16 1.56 0.0586601
2.16 1.62 0.0535018
2.16 1.68 0.0481265
2.16 1.74 0.0426963
2.16 1.8 0.0373582
2.16 1.86 0.0322379
2.16 1.92 0.027437
2.16 1.98 0.0230304
2.16 2.04 0.0190655
2.16 2.1 0.0155663
2.16 2.16 0.0125348
2.16 2.22 0.00995484
2.16 2.28 0.00779722
2.16 2.34 0.00602327
2.16 2.4 0.004589
2.16 2.46 0.00344819
2.16 2.52 0.00255537
2.16 2.58 0.00186768
2.16 2.64 0.00134631
2.16 2.7 0.000957137
2.16 2.76 0.000671104
2.16 2.82 0.000464084
2.16 2.88 0.000316515
2.16 2.94 0.000212903
2.16 3 0.000141239
2.16 3.06 9.2409e-05
2.16 3.12 5.96307e-05
2.16 3.18 3.79498e-05
2.16 3.24 2.38197e-05
2.16 3.3 1.47454e-05
2.22 -0.9 1.56964e-05
2.22 -0.84 2.52508e-05
2.22 -0.78 4.00632e-05
2.22 -0.72 6.26898e-05
2.22 -0.66 9.67473e-05
2.22 -0.6 0.000147257
2.22 -0.54 0.000221053
2.22 -0.48 0.000327272
2.22 -0.42 0.000477875
2.22 -0.36 0.000688183
2.22 -0.3 0.000977415
2.22 -0.24 0.00136915
2.22 -0.18 0.0018915
2.22 -0.12 0.00257722
2.22 -0.06 0.00346328
2.22 9.71445e-15 0.00458999
2.22 0.06 0.00599963
2.22 0.12 0.00773435
2.22 0.18 0.00983363
2.22 0.24 0.012331
2.22 0.3 0.0152497
2.22 0.36 0.0186005
2.22 0.42 0.0223755
2.22 0.48 0.0265464
2.22 0.54 0.031062
2.22 0.6 0.0358463
2.22 0.66 0.040799
2.22 0.72 0.0457973
2.22 0.78 0.0507012
2.22 0.84 0.0553594
2.22 0.9 0.0596139
2.22 0.96 0.0633133
2.22 1.02 0.0663184
2.22 1.08 0.0685109
2.22 1.14 0.069803
2.22 1.2 0.0701418
2.22 1.26 0.0695139
2.22 1.32 0.0679445
2.22 1.38 0.0654969
2.22 1.44 0.062271
2.22 1.5 0.0583893
2.22 1.56 0.0539964
2.22 1.62 0.0492488
2.22 1.68 0.0443009
2.22 1.74 0.0393021
2.22 1.8 0.0343882
2.22 1.86 0.0296754
2.22 1.92 0.0252562
2.22 1.98 0.0211996
2.22 2.04 0.01755
2.22 2.1 0.0143291
2.22 2.16 0.0115384
2.22 2.22 0.0091635
2.22 2.28 0.0071774
2.22 2.34 0.00554449
2.22 2.4 0.00422421
2.22 2.46 0.00317411
2.22 2.52 0.00235222
2.22 2.58 0.00171924
2.22 2.64 0.00123929
2.22 2.7 0.000881046
2.22 2.76 0.00061776
2.22 2.82 0.000427196
2.22 2.88 0.000291354
2.22 2.94 0.000195977
2.22 3 0.000130012
2.22 3.06 8.50638e-05
2.22 3.12 5.48904e-05
2.22 3.18 3.49332e-05
2.22 3.24 2.19265e-05
2.22 3.3 1.35734e-05
2.28 -0.9 1.42499e-05
2.28 -0.84 2.29243e-05
2.28 -0.78 3.63714e-05
2.28 -0.72 5.69134e-05
2.28 -0.66 8.7834e-05
2.28 -0.6 0.000133689
2.28 -0.54 0.000200687
2.28 -0.48 0.000297118
2.28 -0.42 0.000433841
2.28 -0.36 0.000624771
2.28 -0.3 0.00088736
2.28 -0.24 0.00124299
2.28 -0.18 0.00171722
2.28 -0.12 0.00233976
2.28 -0.06 0.00314416
2.28 9.71445e-15 0.00416705
2.28 0.06 0.00544682
2.28 0.12 0.00702176
2.28 0.18 0.00892756
2.28 0.24 0.0111948
2.28 0.3 0.0138447
2.28 0.36 0.0168866
2.28 0.42 0.0203135
2.28 0.48 0.0241003
2.28 0.54 0.0281999
2.28 0.6 0.0325433
2.28 0.66 0.0370395
2.28 0.72 0.0415774
2.28 0.78 0.0460296
2.28 0.84 0.0502582
2.28 0.9 0.0541212
2.28 0.96 0.0574795
2.28 1.02 0.0602075
2.28 1.08 0.0621983
2.28 1.14 0.0633714
2.28 1.2 0.0636789
2.28 1.26 0.0631081
2.28 1.32 0.0616841
2.28 1.38 0.0594623
2.28 1.44 0.0565332
2.28 1.5 0.0530088
2.28 1.56 0.0490218
2.28 1.62 0.0447113
2.28 1.68 0.0402192
2.28 1.74 0.035681
2.28 1.8 0.0312198
2.28 1.86 0.026941
2.28 1.92 0.022929
2.28 1.98 0.0192463
2.28 2.04 0.0159329
2.28 2.1 0.0130087
2.28 2.16 0.0104753
2.28 2.22 0.00831922
2.28 2.28 0.00651612
2.28 2.34 0.00503365
2.28 2.4 0.00383498
2.28 2.46 0.00288163
2.28 2.52 0.00213551
2.28 2.58 0.00156081
2.28 2.64 0.00112509
2.28 2.7 0.000799873
2.28 2.76 0.000560841
2.28 2.82 0.000387834
2.28 2.88 0.00026451
2.28 2.94 0.00017792
2.28 3 0.000118032
2.28 3.06 7.72258e-05
2.28 3.12 4.9833e-05
2.28 3.18 3.17142e-05
2.28 3.24 1.99061e-05
2.28 3.3 1.23227e-05
2.34 -0.84 2.05259e-05
2.34 -0.78 3.25663e-05
2.34 -0.72 5.09593e-05
2.34 -0.66 7.86446e-05
2.34 -0.6 0.000119702
2.34 -0.54 0.00017969
2.34 -0.48 0.000266033
2.34 -0.42 0.000388454
2.34 -0.36 0.000559408
2.34 -0.3 0.000794522
2.34 -0.24 0.00111295
2.34 -0.18 0.00153757
2.34 -0.12 0.00209496
2.34 -0.06 0.0028152
2.34 9.71445e-15 0.00373106
2.34 0.06 0.00487694
2.34 0.12 0.00628712
2.34 0.18 0.00799359
2.34 0.24 0.0100235
2.34 0.3 0.0123963
2.34 0.36 0.0151198
2.34 0.42 0.0181884
2.34 0.48 0.021579
2.34 0.54 0.0252496
2.34 0.6 0.0291387
2.34 0.66 0.0331646
2.34 0.72 0.0372276
2.34 0.78 0.0412137
2.34 0.84 0.0450005
2.34 0.9 0.0484588
2.34 0.96 0.051466
2.34 1.02 0.0539089
2.34 1.08 0.0556912
2.34 1.14 0.0567416
2.34 1.2 0.057017
2.34 1.26 0.0565059
2.34 1.32 0.0552302
2.34 1.38 0.0532414
2.34 1.44 0.0506184
2.34 1.5 0.0474632
2.34 1.56 0.043893
2.34 1.62 0.0400333
2.34 1.68 0.0360111
2.34 1.74 0.0319478
2.34 1.8 0.0279534
2.34 1.86 0.0241225
2.34 1.92 0.0205302
2.34 1.98 0.0172327
2.34 2.04 0.014266
2.34 2.1 0.0116478
2.34 2.16 0.00937935
2.34 2.22 0.00744884
2.34 2.28 0.00583438
2.34 2.34 0.00450703
2.34 2.4 0.00343378
2.34 2.46 0.00258015
2.34 2.52 0.00191209
2.34 2.58 0.00139752
2.34 2.64 0.00100739
2.34 2.7 0.000716187
2.34 2.76 0.000502161
2.34 2.82 0.000347257
2.34 2.88 0.000236835
2.34 2.94 0.000159305
2.34 3 0.000105684
2.34 3.06 6.91464e-05
2.34 3.12 4.46194e-05
2.34 3.18 2.83962e-05
2.34 3.24 1.78236e-05
2.4 -0.84 1.81257e-05
2.4 -0.78 2.87585e-05
2.4 -0.72 4.50005e-05
2.4 -0.66 6.94483e-05
2.4 -0.6 0.000105705
2.4 -0.54 0.000158678
2.4 -0.48 0.000234925
2.4 -0.42 0.000343033
2.4 -0.36 0.000493998
2.4 -0.3 0.000701617
2.4 -0.24 0.000982814
2.4 -0.18 0.00135778
2.4 -0.12 0.00185
2.4 -0.06 0.00248604
2.4 9.71445e-15 0.00329482
2.4 0.06 0.0043067
2.4 0.12 0.00555195
2.4 0.18 0.00705889
2.4 0.24 0.00885154
2.4 0.3 0.0109467
2.4 0.36 0.013352
2.4 0.42 0.0160618
2.4 0.48 0.0190558
2.4 0.54 0.0222972
2.4 0.6 0.0257315
2.4 0.66 0.0292867
2.4 0.72 0.0328747
2.4 0.78 0.0363946
2.4 0.84 0.0397387
2.4 0.9 0.0427925
2.4 0.96 0.0454482
2.4 1.02 0.0476054
2.4 1.08 0.0491792
2.4 1.14 0.0501067
2.4 1.2 0.05035
2.4 1.26 0.0498991
2.4 1.32 0.0487725
2.4 1.38 0.0470157
2.4 1.44 0.0446999
2.4 1.5 0.0419135
2.4 1.56 0.0387604
2.4 1.62 0.0353523
2.4 1.68 0.0318005
2.4 1.74 0.0282122
2.4 1.8 0.0246848
2.4 1.86 0.0213019
2.4 1.92 0.0181296
2.4 1.98 0.0152177
2.4 2.04 0.0125979
2.4 2.1 0.0102858
2.4 2.16 0.0082826
2.4 2.22 0.00657782
2.4 2.28 0.00515214
2.4 2.34 0.00398001
2.4 2.4 0.00303226
2.4 2.46 0.00227847
2.4 2.52 0.0016885
2.4 2.58 0.00123412
2.4 2.64 0.000889596
2.4 2.7 0.000632441
2.4 2.76 0.000443446
2.4 2.82 0.000306654
2.4 2.88 0.000209143
2.4 2.94 0.000140678
2.4 3 9.33265e-05
2.4 3.06 6.10614e-05
2.4 3.12 3.9402e-05
2.4 3.18 2.5076e-05
2.4 3.24 1.57395e-05
2.46 -0.84 1.57863e-05
2.46 -0.78 2.50468e-05
2.46 -0.72 3.91926e-05
2.46 -0.66 6.04848e-05
2.46 -0.6 9.2062e-05
2.46 -0.54 0.000138199
2.46 -0.48 0.000204605
2.46 -0.42 0.000298758
2.46 -0.36 0.000430238
2.46 -0.3 0.000611064
2.46 -0.24 0.000855961
2.46 -0.18 0.00118253
2.46 -0.12 0.00161123
2.46 -0.06 0.00216518
2.46 9.71445e-15 0.00286958
2.46 0.06 0.00375086
2.46 0.12 0.00483537
2.46 0.18 0.00614782
2.46 0.24 0.00770912
2.46 0.3 0.00953385
2.46 0.36 0.0116287
2.46 0.42 0.0139887
2.46 0.48 0.0165964
2.46 0.54 0.0194194
2.46 0.6 0.0224105
2.46 0.66 0.0255067
2.46 0.72 0.0286316
2.46 0.78 0.0316976
2.46 0.84 0.0346096
2.46 0.9 0.0372696
2.46 0.96 0.0395825
2.46 1.02 0.0414608
2.46 1.08 0.0428315
2.46 1.14 0.0436393
2.46 1.2 0.0438513
2.46 1.26 0.0434589
2.46 1.32 0.0424777
2.46 1.38 0.0409475
2.46 1.44 0.0389307
2.46 1.5 0.036504
2.46 1.56 0.0337578
2.46 1.62 0.0307894
2.46 1.68 0.027696
2.46 1.74 0.024571
2.46 1.8 0.021499
2.46 1.86 0.0185525
2.46 1.92 0.0157896
2.46 1.98 0.0132536
2.46 2.04 0.010972
2.46 2.1 0.00895823
2.46 2.16 0.00721355
2.46 2.22 0.00572885
2.46 2.28 0.00448718
2.46 2.34 0.00346629
2.46 2.4 0.00264091
2.46 2.46 0.0019844
2.46 2.52 0.00147056
2.46 2.58 0.00107484
2.46 2.64 0.000774781
2.46 2.7 0.000550815
2.46 2.76 0.000386211
2.46 2.82 0.000267074
2.46 2.88 0.00018215
2.46 2.94 0.000122522
2.46 3 8.12809e-05
2.46 3.06 5.31803e-05
2.46 3.12 3.43164e-05
2.46 3.18 2.18397e-05
2.46 3.24 1.37079e-05
2.52 -0.84 1.35598e-05
2.52 -0.78 2.15142e-05
2.52 -0.72 3.36651e-05
2.52 -0.66 5.19545e-05
2.52 -0.6 7.90784e-05
2.52 -0.54 0.000118708
2.52 -0.48 0.000175748
2.52 -0.42 0.000256621
2.52 -0.36 0.000369559
2.52 -0.3 0.00052488
2.52 -0.24 0.000735244
2.52 -0.18 0.00101574
2.52 -0.12 0.00138398
2.52 -0.06 0.00185981
2.52 9.71445e-15 0.00246486
2.52 0.06 0.00322183
2.52 0.12 0.00415338
2.52 0.18 0.00528077
2.52 0.24 0.00662181
2.52 0.3 0.00818926
2.52 0.36 0.00998853
2.52 0.42 0.0120157
2.52 0.48 0.0142556
2.52 0.54 0.0166806
2.52 0.6 0.0192497
2.52 0.66 0.0219092
2.52 0.72 0.0245935
2.52 0.78 0.027227
2.52 0.84 0.0297283
2.52 0.9 0.0320132
2.52 0.96 0.034
2.52 1.02 0.0356135
2.52 1.08 0.0367908
2.52 1.14 0.0374847
2.52 1.2 0.0376669
2.52 1.26 0.0373296
2.52 1.32 0.0364865
2.52 1.38 0.0351726
2.52 1.44 0.0334397
2.52 1.5 0.0313555
2.52 1.56 0.0289968
2.52 1.62 0.0264471
2.52 1.68 0.02379
2.52 1.74 0.0211057
2.52 1.8 0.0184668
2.52 1.86 0.0159358
2.52 1.92 0.0135628
2.52 1.98 0.0113843
2.52 2.04 0.00942456
2.52 2.1 0.00769481
2.52 2.16 0.00619614
2.52 2.22 0.00492083
2.52 2.28 0.00385429
2.52 2.34 0.00297742
2.52 2.4 0.00226845
2.52 2.46 0.00170452
2.52 2.52 0.00126317
2.52 2.58 0.000923238
2.52 2.64 0.000665508
2.52 2.7 0.000473132
2.52 2.76 0.000331743
2.52 2.82 0.000229408
2.52 2.88 0.000156461
2.52 2.94 0.000105242
2.52 3 6.98168e-05
2.52 3.06 4.56802e-05
2.52 3.12 2.94763e-05
2.52 3.18 1.87595e-05
2.52 3.24 1.17747e-05
2.58 -0.78 1.82258e-05
2.58 -0.72 2.85194e-05
2.58 -0.66 4.40134e-05
2.58 -0.6 6.69914e-05
2.58 -0.54 0.000100564
2.58 -0.48 0.000148885
2.58 -0.42 0.000217399
2.58 -0.36 0.000313075
2.58 -0.3 0.000444653
2.58 -0.24 0.000622866
2.58 -0.18 0.0008605
2.58 -0.12 0.00117244
2.58 -0.06 0.00157554
2.58 9.71445e-15 0.00208811
2.58 0.06 0.00272939
2.58 0.12 0.00351858
2.58 0.18 0.00447363
2.58 0.24 0.00560971
2.58 0.3 0.00693758
2.58 0.36 0.00846189
2.58 0.42 0.0101792
2.58 0.48 0.0120767
2.58 0.54 0.014131
2.58 0.6 0.0163075
2.58 0.66 0.0185606
2.58 0.72 0.0208346
2.58 0.78 0.0230652
2.58 0.84 0.0251846
2.58 0.9 0.0271199
2.58 0.96 0.0288032
2.58 1.02 0.0301702
2.58 1.08 0.0311677
2.58 1.14 0.0317555
2.58 1.2 0.0319097
2.58 1.26 0.0316237
2.58 1.32 0.0309099
2.58 1.38 0.0297966
2.58 1.44 0.0283288
2.58 1.5 0.0265629
2.58 1.56 0.0245647
2.58 1.62 0.0224048
2.58 1.68 0.0201538
2.58 1.74 0.0178797
2.58 1.8 0.0156441
2.58 1.86 0.0135002
2.58 1.92 0.0114898
2.58 1.98 0.0096443
2.58 2.04 0.00798402
2.58 2.1 0.00651873
2.58 2.16 0.00524915
2.58 2.22 0.00416873
2.58 2.28 0.0032652
2.58 2.34 0.00252236
2.58 2.4 0.00192172
2.58 2.46 0.00144399
2.58 2.52 0.0010701
2.58 2.58 0.000782129
2.58 2.64 0.000563786
2.58 2.7 0.000400814
2.58 2.76 0.000281037
2.58 2.82 0.000194344
2.58 2.88 0.000132546
2.58 2.94 8.91551e-05
2.58 3 5.91462e-05
2.58 3.06 3.86981e-05
2.58 3.12 2.49712e-05
2.58 3.18 1.58921e-05
2.58 3.24 9.97502e-06
2.64 -0.78 1.52279e-05
2.64 -0.72 2.38285e-05
2.64 -0.66 3.67739e-05
2.64 -0.6 5.59722e-05
2.64 -0.54 8.40225e-05
2.64 -0.48 0.000124397
2.64 -0.42 0.000181639
2.64 -0.36 0.000261575
2.64 -0.3 0.000371517
2.64 -0.24 0.000520408
2.64 -0.18 0.000718955
2.64 -0.12 0.000979598
2.64 -0.06 0.00131638
2.64 9.71445e-15 0.00174463
2.64 0.06 0.00228043
2.64 0.12 0.0029398
2.64 0.18 0.00373778
2.64 0.24 0.00468695
2.64 0.3 0.00579645
2.64 0.36 0.0070699
2.64 0.42 0.00850484
2.64 0.48 0.0100903
2.64 0.54 0.0118067
2.64 0.6 0.0136252
2.64 0.66 0.0155075
2.64 0.72 0.0174074
2.64 0.78 0.0192715
2.64 0.84 0.0210418
2.64 0.9 0.0226592
2.64 0.96 0.0240654
2.64 1.02 0.0252075
2.64 1.08 0.0260408
2.64 1.14 0.026532
2.64 1.2 0.0266609
2.64 1.26 0.0264222
2.64 1.32 0.0258253
2.64 1.38 0.0248955
2.64 1.44 0.0236688
2.64 1.5 0.0221938
2.64 1.56 0.0205243
2.64 1.62 0.0187194
2.64 1.68 0.0168386
2.64 1.74 0.0149387
2.64 1.8 0.013071
2.64 1.86 0.0112796
2.64 1.92 0.0095998
2.64 1.98 0.00805795
2.64 2.04 0.00667074
2.64 2.1 0.00544644
2.64 2.16 0.00438571
2.64 2.22 0.00348302
2.64 2.28 0.00272811
2.64 2.34 0.00210746
2.64 2.4 0.00160563
2.64 2.46 0.00120647
2.64 2.52 0.000894084
2.64 2.58 0.000653474
2.64 2.64 0.000471055
2.64 2.7 0.000334887
2.64 2.76 0.000234808
2.64 2.82 0.000162375
2.64 2.88 0.000110743
2.64 2.94 7.44912e-05
2.64 3 4.94172e-05
2.64 3.06 3.23326e-05
2.64 3.12 2.08638e-05
2.64 3.18 1.3278e-05
2.7 -0.72 1.96351e-05
2.7 -0.66 3.03026e-05
2.7 -0.6 4.61227e-05
2.7 -0.54 6.92367e-05
2.7 -0.48 0.000102506
2.7 -0.42 0.000149675
2.7 -0.36 0.000215545
2.7 -0.3 0.000306139
2.7 -0.24 0.000428829
2.7 -0.18 0.00059244
2.7 -0.12 0.000807218
2.7 -0.06 0.00108474
2.7 9.71445e-15 0.00143763
2.7 0.06 0.00187915
2.7 0.12 0.0024225
2.7 0.18 0.00307999
2.7 0.24 0.00386219
2.7 0.3 0.00477639
2.7 0.36 0.00582588
2.7 0.42 0.00700817
2.7 0.48 0.0083146
2.7 0.54 0.00972896
2.7 0.6 0.0112274
2.7 0.66 0.0127786
2.7 0.72 0.0143442
2.7 0.78 0.0158802
2.7 0.84 0.017339
2.7 0.9 0.0186718
2.7 0.96 0.0198303
2.7 1.02 0.0207715
2.7 1.08 0.0214583
2.7 1.14 0.0218631
2.7 1.2 0.0219691
2.7 1.26 0.0217723
2.7 1.32 0.021281
2.7 1.38 0.0205144
2.7 1.44 0.0195039
2.7 1.5 0.0182881
2.7 1.56 0.0169124
2.7 1.62 0.0154253
2.7 1.68 0.0138756
2.7 1.74 0.0123099
2.7 1.8 0.0107708
2.7 1.86 0.00929465
2.7 1.92 0.00791048
2.7 1.98 0.00663998
2.7 2.04 0.00549682
2.7 2.1 0.004488
2.7 2.16 0.00361396
2.7 2.22 0.00287013
2.7 2.28 0.00224806
2.7 2.34 0.00173661
2.7 2.4 0.00132306
2.7 2.46 0.000994162
2.7 2.52 0.000736749
2.7 2.58 0.00053848
2.7 2.64 0.000388158
2.7 2.7 0.000275955
2.7 2.76 0.00019349
2.7 2.82 0.000133802
2.7 2.88 9.12555e-05
2.7 2.94 6.13826e-05
2.7 3 4.07212e-05
2.7 3.06 2.66428e-05
2.7 3.12 1.71924e-05
2.7 3.18 1.09414e-05
2.76 -0.72 1.59575e-05
2.76 -0.66 2.46268e-05
2.76 -0.6 3.74838e-05
2.76 -0.54 5.62686e-05
2.76 -0.48 8.3306e-05
2.76 -0.42 0.00012164
2.76 -0.36 0.000175175
2.76 -0.3 0.000248796
2.76 -0.24 0.000348513
2.76 -0.18 0.000481474
2.76 -0.12 0.000656016
2.76 -0.06 0.000881558
2.76 9.71445e-15 0.00116836
2.76 0.06 0.00152717
2.76 0.12 0.00196875
2.76 0.18 0.00250313
2.76 0.24 0.00313879
2.76 0.3 0.00388179
2.76 0.36 0.00473468
2.76 0.42 0.00569555
2.76 0.48 0.00675726
2.76 0.54 0.0079067
2.76 0.6 0.00912448
2.76 0.66 0.0103852
2.76 0.72 0.0116576
2.76 0.78 0.0129058
2.76 0.84 0.0140915
2.76 0.9 0.0151744
2.76 0.96 0.0161163
2.76 1.02 0.0168812
2.76 1.08 0.0174392
2.76 1.14 0.0177681
2.76 1.2 0.0178545
2.76 1.26 0.0176945
2.76 1.32 0.017295
2.76 1.38 0.0166721
2.76 1.44 0.0158508
2.76 1.5 0.0148627
2.76 1.56 0.0137447
2.76 1.62 0.0125362
2.76 1.68 0.0112767
2.76 1.74 0.0100043
2.76 1.8 0.00875338
2.76 1.86 0.00755373
2.76 1.92 0.0064289
2.76 1.98 0.00539625
2.76 2.04 0.00446731
2.76 2.1 0.00364742
2.76 2.16 0.00293705
2.76 2.22 0.00233253
2.76 2.28 0.00182698
2.76 2.34 0.00141133
2.76 2.4 0.00107526
2.76 2.46 0.000807954
2.76 2.52 0.000598753
2.76 2.58 0.000437623
2.76 2.64 0.000315456
2.76 2.7 0.000224268
2.76 2.76 0.000157249
2.76 2.82 0.000108742
2.76 2.88 7.41636e-05
2.76 2.94 4.98852e-05
2.76 3 3.30939e-05
2.76 3.06 2.16528e-05
2.76 3.12 1.39721e-05
2.76 3.18 8.89213e-06
2.82 -0.72 1.27905e-05
2.82 -0.66 1.97393e-05
2.82 -0.6 3.00445e-05
2.82 -0.54 4.51012e-05
2.82 -0.48 6.67729e-05
2.82 -0.42 9.74983e-05
2.82 -0.36 0.000140407
2.82 -0.3 0.00019942
2.82 -0.24 0.000279341
2.82 -0.18 0.000385914
2.82 -0.12 0.000525821
2.82 -0.06 0.000706599
2.82 9.71445e-15 0.000936476
2.82 0.06 0.00122408
2.82 0.12 0.00157802
2.82 0.18 0.00200633
2.82 0.24 0.00251582
2.82 0.3 0.00311138
2.82 0.36 0.00379497
2.82 0.42 0.00456511
2.82 0.48 0.00541615
2.82 0.54 0.00633748
2.82 0.6 0.00731358
2.82 0.66 0.00832394
2.82 0.72 0.00934381
2.82 0.78 0.0103445
2.82 0.84 0.0112947
2.82 0.9 0.0121629
2.82 0.96 0.0129176
2.82 1.02 0.0135307
2.82 1.08 0.013978
2.82 1.14 0.0142417
2.82 1.2 0.0143108
2.82 1.26 0.0141826
2.82 1.32 0.0138624
2.82 1.38 0.0133632
2.82 1.44 0.0127048
2.82 1.5 0.0119129
2.82 1.56 0.0110169
2.82 1.62 0.0100481
2.82 1.68 0.0090386
2.82 1.74 0.00801875
2.82 1.8 0.00701617
2.82 1.86 0.0060545
2.82 1.92 0.00515292
2.82 1.98 0.00432527
2.82 2.04 0.00358067
2.82 2.1 0.0029235
2.82 2.16 0.00235413
2.82 2.22 0.00186959
2.82 2.28 0.00146438
2.82 2.34 0.00113123
2.82 2.4 0.000861854
2.82 2.46 0.000647595
2.82 2.52 0.000479922
2.82 2.58 0.000350764
2.82 2.64 0.000252848
2.82 2.7 0.000179759
2.82 2.76 0.00012604
2.82 2.82 8.71594e-05
2.82 2.88 5.94444e-05
2.82 2.94 3.99849e-05
2.82 3 2.65256e-05
2.82 3.06 1.73553e-05
2.82 3.12 1.11991e-05
2.88 -0.66 1.56041e-05
2.88 -0.6 2.37504e-05
2.88 -0.54 3.56528e-05
2.88 -0.48 5.27846e-05
2.88 -0.42 7.70739e-05
2.88 -0.36 0.000110993
2.88 -0.3 0.000157643
2.88 -0.24 0.000220823
2.88 -0.18 0.000305069
2.88 -0.12 0.000415666
2.88 -0.06 0.000558571
2.88 9.71445e-15 0.000740292
2.88 0.06 0.000967639
2.88 0.12 0.00124743
2.88 0.18 0.00158603
2.88 0.24 0.00198879
2.88 0.3 0.00245958
2.88 0.36 0.00299994
2.88 0.42 0.00360881
2.88 0.48 0.00428155
2.88 0.54 0.00500986
2.88 0.6 0.00578148
2.88 0.66 0.00658022
2.88 0.72 0.0073864
2.88 0.78 0.00817736
2.88 0.84 0.00892861
2.88 0.9 0.00961483
2.88 0.96 0.0102116
2.88 1.02 0.0106962
2.88 1.08 0.0110498
2.88 1.14 0.0112582
2.88 1.2 0.0113129
2.88 1.26 0.0112116
2.88 1.32 0.0109583
2.88 1.38 0.0105638
2.88 1.44 0.0100432
2.88 1.5 0.00941735
2.88 1.56 0.00870895
2.88 1.62 0.0079431
2.88 1.68 0.00714506
2.88 1.74 0.00633886
2.88 1.8 0.00554634
2.88 1.86 0.00478618
2.88 1.92 0.00407345
2.88 1.98 0.00341918
2.88 2.04 0.00283057
2.88 2.1 0.00231107
2.88 2.16 0.00186096
2.88 2.22 0.00147793
2.88 2.28 0.0011576
2.88 2.34 0.000894247
2.88 2.4 0.000681308
2.88 2.46 0.000511933
2.88 2.52 0.000379382
2.88 2.58 0.000277285
2.88 2.64 0.00019988
2.88 2.7 0.000142101
2.88 2.76 9.96352e-05
2.88 2.82 6.89002e-05
2.88 2.88 4.69912e-05
2.88 2.94 3.16084e-05
2.88 3 2.09689e-05
2.88 3.06 1.37196e-05
2.88 3.12 8.85298e-06
2.94 -0.66 1.21656e-05
2.94 -0.6 1.85169e-05
2.94 -0.54 2.77966e-05
2.94 -0.48 4.1153e-05
2.94 -0.42 6.009e-05
2.94 -0.36 8.65357e-05
2.94 -0.3 0.000122905
2.94 -0.24 0.000172164
2.94 -0.18 0.000237845
2.94 -0.12 0.000324072
2.94 -0.06 0.00043549
2.94 9.71445e-15 0.000577168
2.94 0.06 0.00075442
2.94 0.12 0.000972554
2.94 0.18 0.00123654
2.94 0.24 0.00155055
2.94 0.3 0.00191759
2.94 0.36 0.00233891
2.94 0.42 0.00281359
2.94 0.48 0.00333808
2.94 0.54 0.0039059
2.94 0.6 0.00450748
2.94 0.66 0.00513022
2.94 0.72 0.00575879
2.94 0.78 0.00637545
2.94 0.84 0.00696115
2.94 0.9 0.00749616
2.94 0.96 0.00796141
2.94 1.02 0.00833922
2.94 1.08 0.00861489
2.94 1.14 0.00877737
2.94 1.2 0.00882003
2.94 1.26 0.00874106
2.94 1.32 0.00854362
2.94 1.38 0.00823597
2.94 1.44 0.00783021
2.94 1.5 0.00734217
2.94 1.56 0.00678986
2.94 1.62 0.00619284
2.94 1.68 0.00557065
2.94 1.74 0.00494209
2.94 1.8 0.00432417
2.94 1.86 0.0037315
2.94 1.92 0.00317586
2.94 1.98 0.00266572
2.94 2.04 0.00220685
2.94 2.1 0.00180181
2.94 2.16 0.00145088
2.94 2.22 0.00115226
2.94 2.28 0.000902519
2.94 2.34 0.000697191
2.94 2.4 0.000531177
2.94 2.46 0.000399127
2.94 2.52 0.000295782
2.94 2.58 0.000216184
2.94 2.64 0.000155835
2.94 2.7 0.000110788
2.94 2.76 7.76806e-05
2.94 2.82 5.3718e-05
2.94 2.88 3.66367e-05
2.94 2.94 2.46433e-05
2.94 3 1.63482e-05
2.94 3.06 1.06964e-05
3 -0.6 1.42382e-05
3 -0.54 2.13737e-05
3 -0.48 3.16438e-05
3 -0.42 4.62046e-05
3 -0.36 6.65398e-05
3 -0.3 9.45055e-05
3 -0.24 0.000132382
3 -0.18 0.000182886
3 -0.12 0.000249188
3 -0.06 0.00033486
3 9.71445e-15 0.0004438
3 0.06 0.000580096
3 0.12 0.00074783
3 0.18 0.000950807
3 0.24 0.00119226
3 0.3 0.00147449
3 0.36 0.00179846
3 0.42 0.00216344
3 0.48 0.00256672
3 0.54 0.00300334
3 0.6 0.0034659
3 0.66 0.00394477
3 0.72 0.00442811
3 0.78 0.00490227
3 0.84 0.00535262
3 0.9 0.00576401
3 0.96 0.00612175
3 1.02 0.00641225
3 1.08 0.00662422
3 1.14 0.00674916
3 1.2 0.00678195
3 1.26 0.00672122
3 1.32 0.00656948
3 1.38 0.00633286
3 1.44 0.00602091
3 1.5 0.00564556
3 1.56 0.00522094
3 1.62 0.00476186
3 1.68 0.00428344
3 1.74 0.00380012
3 1.8 0.00332498
3 1.86 0.00286925
3 1.92 0.00244201
3 1.98 0.00204976
3 2.04 0.0016969
3 2.1 0.00138546
3 2.16 0.00111563
3 2.22 0.000886011
3 2.28 0.000693978
3 2.34 0.000536094
3 2.4 0.000408435
3 2.46 0.000306899
3 2.52 0.000227437
3 2.58 0.00016623
3 2.64 0.000119825
3 2.7 8.51885e-05
3 2.76 5.9731e-05
3 2.82 4.13054e-05
3 2.88 2.8171e-05
3 2.94 1.8949e-05
3 3 1.25706e-05
3 3.06 8.22478e-06
3.06 -0.6 1.07977e-05
3.06 -0.54 1.62089e-05
3.06 -0.48 2.39973e-05
3.06 -0.42 3.50399e-05
3.06 -0.36 5.0461e-05
3.06 -0.3 7.16693e-05
3.06 -0.24 0.000100393
3.06 -0.18 0.000138694
3.06 -0.12 0.000188975
3.06 -0.06 0.000253945
3.06 9.71445e-15 0.000336561
3.06 0.06 0.000439924
3.06 0.12 0.000567125
3.06 0.18 0.000721049
3.06 0.24 0.00090417
3.06 0.3 0.00111819
3.06 0.36 0.00136388
3.06 0.42 0.00164067
3.06 0.48 0.0019465
3.06 0.54 0.00227761
3.06 0.6 0.00262842
3.06 0.66 0.00299157
3.06 0.72 0.00335809
3.06 0.78 0.00371767
3.06 0.84 0.00405921
3.06 0.9 0.00437121
3.06 0.96 0.00464246
3.06 1.02 0.00486278
3.06 1.08 0.00502354
3.06 1.14 0.00511829
3.06 1.2 0.00514313
3.06 1.26 0.00509708
3.06 1.32 0.00498205
3.06 1.38 0.00480257
3.06 1.44 0.00456603
3.06 1.5 0.00428136
3.06 1.56 0.00395933
3.06 1.62 0.0036112
3.06 1.68 0.00324838
3.06 1.74 0.00288185
3.06 1.8 0.00252153
3.06 1.86 0.00217594
3.06 1.92 0.00185191
3.06 1.98 0.00155447
3.06 2.04 0.00128685
3.06 2.1 0.00105067
3.06 2.16 0.000846054
3.06 2.22 0.000671918
3.06 2.28 0.000526287
3.06 2.34 0.000406552
3.06 2.4 0.000309738
3.06 2.46 0.000232741
3.06 2.52 0.000172478
3.06 2.58 0.000126063
3.06 2.64 9.08702e-05
3.06 2.7 6.46033e-05
3.06 2.76 4.52975e-05
3.06 2.82 3.13243e-05
3.06 2.88 2.13637e-05
3.06 2.94 1.43701e-05
3.06 3 9.53309e-06
3.12 -0.54 1.21232e-05
3.12 -0.48 1.79485e-05
3.12 -0.42 2.62076e-05
3.12 -0.36 3.77414e-05
3.12 -0.3 5.36042e-05
3.12 -0.24 7.50871e-05
3.12 -0.18 0.000103734
3.12 -0.12 0.000141341
3.12 -0.06 0.000189935
3.12 9.71445e-15 0.000251727
3.12 0.06 0.000329035
3.12 0.12 0.00042417
3.12 0.18 0.0005393
3.12 0.24 0.000676261
3.12 0.3 0.000836332
3.12 0.36 0.00102009
3.12 0.42 0.00122712
3.12 0.48 0.00145587
3.12 0.54 0.00170351
3.12 0.6 0.00196589
3.12 0.66 0.0022375
3.12 0.72 0.00251162
3.12 0.78 0.0027806
3.12 0.84 0.00303601
3.12 0.9 0.00326939
3.12 0.96 0.00347228
3.12 1.02 0.00363703
3.12 1.08 0.00375725
3.12 1.14 0.00382812
3.12 1.2 0.00384674
3.12 1.26 0.00381232
3.12 1.32 0.00372624
3.12 1.38 0.00359201
3.12 1.44 0.00341508
3.12 1.5 0.0032022
3.12 1.56 0.00296133
3.12 1.62 0.00270093
3.12 1.68 0.00242957
3.12 1.74 0.00215544
3.12 1.8 0.00188595
3.12 1.86 0.00162746
3.12 1.92 0.00138511
3.12 1.98 0.00116264
3.12 2.04 0.00096249
3.12 2.1 0.000785832
3.12 2.16 0.00063279
3.12 2.22 0.000502549
3.12 2.28 0.000393626
3.12 2.34 0.000304072
3.12 2.4 0.000231666
3.12 2.46 0.000174076
3.12 2.52 0.000129002
3.12 2.58 9.42868e-05
3.12 2.64 6.79654e-05
3.12 2.7 4.83191e-05
3.12 2.76 3.38794e-05
3.12 2.82 2.34284e-05
3.12 2.88 1.59787e-05
3.12 2.94 1.0748e-05
3.12 3 7.1301e-06
3.18 -0.48 1.32397e-05
3.18 -0.42 1.93322e-05
3.18 -0.36 2.78403e-05
3.18 -0.3 3.95408e-05
3.18 -0.24 5.53887e-05
3.18 -0.18 7.652e-05
3.18 -0.12 0.00010426
3.18 -0.06 0.000140105
3.18 9.71445e-15 0.000185685
3.18 0.06 0.000242712
3.18 0.12 0.000312891
3.18 0.18 0.00039782
3.18 0.24 0.000498845
3.18 0.3 0.000616927
3.18 0.36 0.000752477
3.18 0.42 0.000905188
3.18 0.48 0.00107392
3.18 0.54 0.0012566
3.18 0.6 0.00145014
3.18 0.66 0.00165051
3.18 0.72 0.00185272
3.18 0.78 0.0020511
3.18 0.84 0.00223955
3.18 0.9 0.00241165
3.18 0.96 0.00256134
3.18 1.02 0.0026829
3.18 1.08 0.00277159
3.18 1.14 0.00282387
3.18 1.2 0.00283758
3.18 1.26 0.00281216
3.18 1.32 0.00274867
3.18 1.38 0.00264968
3.18 1.44 0.00251915
3.18 1.5 0.00236211
3.18 1.56 0.00218443
3.18 1.62 0.00199236
3.18 1.68 0.00179219
3.18 1.74 0.00158997
3.18 1.8 0.00139116
3.18 1.86 0.00120051
3.18 1.92 0.00102174
3.18 1.98 0.000857619
3.18 2.04 0.000709985
3.18 2.1 0.00057968
3.18 2.16 0.000466781
3.18 2.22 0.000370706
3.18 2.28 0.00029036
3.18 2.34 0.000224301
3.18 2.4 0.00017089
3.18 2.46 0.000128407
3.18 2.52 9.5159e-05
3.18 2.58 6.9551e-05
3.18 2.64 5.0135e-05
3.18 2.7 3.56428e-05
3.18 2.76 2.49914e-05
3.18 2.82 1.72822e-05
3.18 2.88 1.17867e-05
3.18 2.94 7.9282e-06
3.24 -0.48 9.63219e-06
3.24 -0.42 1.40646e-05
3.24 -0.36 2.0254e-05
3.24 -0.3 2.8767e-05
3.24 -0.24 4.02958e-05
3.24 -0.18 5.56696e-05
3.24 -0.12 7.58514e-05
3.24 -0.06 0.000101929
3.24 9.71445e-15 0.000135089
3.24 0.06 0.000176577
3.24 0.12 0.000227633
3.24 0.18 0.000289421
3.24 0.24 0.000362916
3.24 0.3 0.000448826
3.24 0.36 0.000547431
3.24 0.42 0.00065854
3.24 0.48 0.000781303
3.24 0.54 0.000914207
3.24 0.6 0.00105501
3.24 0.66 0.00120077
3.24 0.72 0.00134787
3.24 0.78 0.00149222
3.24 0.84 0.0016293
3.24 0.9 0.00175453
3.24 0.96 0.00186341
3.24 1.02 0.00195184
3.24 1.08 0.00201637
3.24 1.14 0.0020544
3.24 1.2 0.00206439
3.24 1.26 0.0020459
3.24 1.32 0.00199968
3.24 1.38 0.00192769
3.24 1.44 0.00183271
3.24 1.5 0.00171849
3.24 1.56 0.00158922
3.24 1.62 0.00144946
3.24 1.68 0.00130383
3.24 1.74 0.00115672
3.24 1.8 0.0010121
3.24 1.86 0.00087339
3.24 1.92 0.000743324
3.24 1.98 0.000623937
3.24 2.04 0.000516523
3.24 2.1 0.000421724
3.24 2.16 0.000339591
3.24 2.22 0.000269695
3.24 2.28 0.000211241
3.24 2.34 0.000163182
3.24 2.4 0.000124326
3.24 2.46 9.34182e-05
3.24 2.52 6.92299e-05
3.24 2.58 5.05993e-05
3.24 2.64 3.64743e-05
3.24 2.7 2.59306e-05
3.24 2.76 1.81814e-05
3.24 2.82 1.25729e-05
3.24 2.88 8.57496e-06
3.24 2.94 5.76794e-06
3.3 -0.42 1.00915e-05
3.3 -0.36 1.45327e-05
3.3 -0.3 2.06407e-05
3.3 -0.24 2.89128e-05
3.3 -0.18 3.99438e-05
3.3 -0.12 5.44248e-05
3.3 -0.06 7.31359e-05
3.3 9.71445e-15 9.69292e-05
3.3 0.06 0.000126698
3.3 0.12 0.000163332
3.3 0.18 0.000207661
3.3 0.24 0.0002604
3.3 0.3 0.000322037
3.3 0.36 0.000392796
3.3 0.42 0.000472511
3.3 0.48 0.000560592
3.3 0.54 0.000655952
3.3 0.6 0.000756984
3.3 0.66 0.000861566
3.3 0.72 0.000967123
3.3 0.78 0.00107069
3.3 0.84 0.00116904
3.3 0.9 0.0012589
3.3 0.96 0.00133702
3.3 1.02 0.00140047
3.3 1.08 0.00144678
3.3 1.14 0.00147406
3.3 1.2 0.00148121
3.3 1.26 0.00146795
3.3 1.32 0.00143482
3.3 1.38 0.00138313
3.3 1.44 0.00131501
3.3 1.5 0.00123303
3.3 1.56 0.00114028
3.3 1.62 0.00104002
3.3 1.68 0.000935528
3.3 1.74 0.000829966
3.3 1.8 0.000726199
3.3 1.86 0.000626669
3.3 1.92 0.000533346
3.3 1.98 0.000447685
3.3 2.04 0.000370611
3.3 2.1 0.000302593
3.3 2.16 0.000243663
3.3 2.22 0.000193512
3.3 2.28 0.00015157
3.3 2.34 0.000117086
3.3 2.4 8.92042e-05
3.3 2.46 6.70292e-05
3.3 2.52 4.96735e-05
3.3 2.58 3.63058e-05
3.3 2.64 2.61706e-05
3.3 2.7 1.86056e-05
3.3 2.76 1.30456e-05
3.3 2.82 9.02132e-06
3.3 2.88 6.15269e-06
3.36 -0.36 1.02841e-05
3.36 -0.3 1.46063e-05
3.36 -0.24 2.04604e-05
3.36 -0.18 2.82664e-05
3.36 -0.12 3.85133e-05
3.36 -0.06 5.17542e-05
3.36 9.71445e-15 6.85915e-05
3.36 0.06 8.96569e-05
3.36 0.12 0.000115581
3.36 0.18 0.000146954
3.36 0.24 0.000184272
3.36 0.3 0.000227892
3.36 0.36 0.000277962
3.36 0.42 0.000334374
3.36 0.48 0.000396704
3.36 0.54 0.000464185
3.36 0.6 0.00053568
3.36 0.66 0.000609693
3.36 0.72 0.00068439
3.36 0.78 0.000757667
3.36 0.84 0.000827285
3.36 0.9 0.000890854
3.36 0.96 0.00094615
3.36 1.02 0.000991057
3.36 1.08 0.00102382
3.36 1.14 0.00104313
3.36 1.2 0.0010482
3.36 1.26 0.0010388
3.36 1.32 0.00101535
3.36 1.38 0.000978786
3.36 1.44 0.000930566
3.36 1.5 0.000872558
3.36 1.56 0.000806924
3.36 1.62 0.000735968
3.36 1.68 0.000662027
3.36 1.74 0.000587327
3.36 1.8 0.000513892
3.36 1.86 0.000443465
3.36 1.92 0.000377426
3.36 1.98 0.000316804
3.36 2.04 0.000262266
3.36 2.1 0.000214132
3.36 2.16 0.000172428
3.36 2.22 0.000136938
3.36 2.28 0.000107258
3.36 2.34 8.28566e-05
3.36 2.4 6.31264e-05
3.36 2.46 4.74332e-05
3.36 2.52 3.51516e-05
3.36 2.58 2.56919e-05
3.36 2.64 1.85197e-05
3.36 2.7 1.31663e-05
3.36 2.76 9.23173e-06
3.36 2.82 6.38397e-06
3.42 -0.3 1.01942e-05
3.42 -0.24 1.42798e-05
3.42 -0.18 1.97277e-05
3.42 -0.12 2.68795e-05
3.42 -0.06 3.61209e-05
3.42 9.71445e-15 4.7872e-05
3.42 0.06 6.25741e-05
3.42 0.12 8.06674e-05
3.42 0.18 0.000102562
3.42 0.24 0.000128608
3.42 0.3 0.000159051
3.42 0.36 0.000193998
3.42 0.42 0.000233366
3.42 0.48 0.000276868
3.42 0.54 0.000323966
3.42 0.6 0.000373863
3.42 0.66 0.000425516
3.42 0.72 0.000477653
3.42 0.78 0.000528801
3.42 0.84 0.000577379
3.42 0.9 0.000621755
3.42 0.96 0.000660343
3.42 1.02 0.000691679
3.42 1.08 0.000714546
3.42 1.14 0.000728024
3.42 1.2 0.000731557
3.42 1.26 0.000725007
3.42 1.32 0.00070864
3.42 1.38 0.000683118
3.42 1.44 0.000649466
3.42 1.5 0.000608977
3.42 1.56 0.000563176
3.42 1.62 0.000513656
3.42 1.68 0.000462049
3.42 1.74 0.000409914
3.42 1.8 0.000358661
3.42 1.86 0.000309503
3.42 1.92 0.000263415
3.42 1.98 0.000221105
3.42 2.04 0.000183042
3.42 2.1 0.000149447
3.42 2.16 0.000120342
3.42 2.22 9.55729e-05
3.42 2.28 7.48585e-05
3.42 2.34 5.78277e-05
3.42 2.4 4.40572e-05
3.42 2.46 3.31048e-05
3.42 2.52 2.45333e-05
3.42 2.58 1.7931e-05
3.42 2.64 1.29254e-05
3.42 2.7 9.18917e-06
3.42 2.76 6.4431e-06
3.42 2.82 4.45555e-06
3.48 -0.24 9.82921e-06
3.48 -0.18 1.35793e-05
3.48 -0.12 1.85021e-05
3.48 -0.06 2.48631e-05
3.48 9.71445e-15 3.29517e-05
3.48 0.06 4.30716e-05
3.48 0.12 5.55261e-05
3.48 0.18 7.05973e-05
3.48 0.24 8.85242e-05
3.48 0.3 0.000109481
3.48 0.36 0.000133534
3.48 0.42 0.000160633
3.48 0.48 0.000190579
3.48 0.54 0.000222998
3.48 0.6 0.000257343
3.48 0.66 0.000292898
3.48 0.72 0.000328782
3.48 0.78 0.000363991
3.48 0.84 0.00039743
3.48 0.9 0.000427974
3.48 0.96 0.000454532
3.48 1.02 0.000476107
3.48 1.08 0.000491849
3.48 1.14 0.000501126
3.48 1.2 0.000503559
3.48 1.26 0.000499045
3.48 1.32 0.000487778
3.48 1.38 0.000470215
3.48 1.44 0.000447046
3.48 1.5 0.000419182
3.48 1.56 0.000387653
3.48 1.62 0.000353565
3.48 1.68 0.000318042
3.48 1.74 0.000282156
3.48 1.8 0.000246878
3.48 1.86 0.000213042
3.48 1.92 0.000181316
3.48 1.98 0.000152194
3.48 2.04 0.000125993
3.48 2.1 0.00010287
3.48 2.16 8.28356e-05
3.48 2.22 6.57859e-05
3.48 2.28 5.15276e-05
3.48 2.34 3.98048e-05
3.48 2.4 3.03262e-05
3.48 2.46 2.27869e-05
3.48 2.52 1.68871e-05
3.48 2.58 1.23424e-05
3.48 2.64 8.89701e-06
3.48 2.7 6.3252e-06
3.48 2.76 4.43497e-06
3.54 -0.18 9.2186e-06
3.54 -0.12 1.25605e-05
3.54 -0.06 1.68787e-05
3.54 9.71445e-15 2.23698e-05
3.54 0.06 2.924e-05
3.54 0.12 3.7695e-05
3.54 0.18 4.79264e-05
3.54 0.24 6.00968e-05
3.54 0.3 7.4323e-05
3.54 0.36 9.06522e-05
3.54 0.42 0.00010905
3.54 0.48 0.000129378
3.54 0.54 0.000151386
3.54 0.6 0.000174703
3.54 0.66 0.000198841
3.54 0.72 0.000223202
3.54 0.78 0.000247101
3.54 0.84 0.000269805
3.54 0.9 0.000290538
3.54 0.96 0.00030857
3.54 1.02 0.000323216
3.54 1.08 0.000333902
3.54 1.14 0.0003402
3.54 1.2 0.000341851
3.54 1.26 0.000338787
3.54 1.32 0.000331137
3.54 1.38 0.000319214
3.54 1.44 0.000303487
3.54 1.5 0.00028457
3.54 1.56 0.000263165
3.54 1.62 0.000240024
3.54 1.68 0.000215908
3.54 1.74 0.000191546
3.54 1.8 0.000167598
3.54 1.86 0.000144628
3.54 1.92 0.000123091
3.54 1.98 0.00010332
3.54 2.04 8.55332e-05
3.54 2.1 6.98356e-05
3.54 2.16 5.62347e-05
3.54 2.22 4.46601e-05
3.54 2.28 3.49805e-05
3.54 2.34 2.70223e-05
3.54 2.4 2.05876e-05
3.54 2.46 1.54695e-05
3.54 2.52 1.14641e-05
3.54 2.58 8.37896e-06
3.54 2.64 6.0399e-06
3.54 2.7 4.29397e-06
3.6 -0.12 8.40977e-06
3.6 -0.06 1.1301e-05
3.6 9.71445e-15 1.49776e-05
3.6 0.06 1.95774e-05
3.6 0.12 2.52382e-05
3.6 0.18 3.20884e-05
3.6 0.24 4.02374e-05
3.6 0.3 4.97619e-05
3.6 0.36 6.06954e-05
3.6 0.42 7.30138e-05
3.6 0.48 8.66243e-05
3.6 0.54 0.000101359
3.6 0.6 0.000116971
3.6 0.66 0.000133132
3.6 0.72 0.000149442
3.6 0.78 0.000165444
3.6 0.84 0.000180645
3.6 0.9 0.000194527
3.6 0.96 0.000206599
3.6 1.02 0.000216405
3.6 1.08 0.00022356
3.6 1.14 0.000227776
3.6 1.2 0.000228882
3.6 1.26 0.000226832
3.6 1.32 0.00022171
3.6 1.38 0.000213725
3.6 1.44 0.000203197
3.6 1.5 0.000190532
3.6 1.56 0.000176198
3.6 1.62 0.000160704
3.6 1.68 0.000144559
3.6 1.74 0.000128247
3.6 1.8 0.000112213
3.6 1.86 9.68347e-05
3.6 1.92 8.24139e-05
3.6 1.98 6.91771e-05
3.6 2.04 5.72676e-05
3.6 2.1 4.67576e-05
3.6 2.16 3.76513e-05
3.6 2.22 2.99017e-05
3.6 2.28 2.34208e-05
3.6 2.34 1.80924e-05
3.6 2.4 1.37841e-05
3.6 2.46 1.03575e-05
3.6 2.52 7.67563e-06
3.6 2.58 5.61007e-06
3.6 2.64 4.04395e-06
3.66 -0.06 7.4625e-06
3.66 9.71445e-15 9.89029e-06
3.66 0.06 1.29277e-05
3.66 0.12 1.66656e-05
3.66 0.18 2.11893e-05
3.66 0.24 2.65702e-05
3.66 0.3 3.28597e-05
3.66 0.36 4.00791e-05
3.66 0.42 4.82136e-05
3.66 0.48 5.72014e-05
3.66 0.54 6.69315e-05
3.66 0.6 7.72404e-05
3.66 0.66 8.79118e-05
3.66 0.72 9.86815e-05
3.66 0.78 0.000109249
3.66 0.84 0.000119285
3.66 0.9 0.000128454
3.66 0.96 0.000136426
3.66 1.02 0.0001429
3.66 1.08 0.000147624
3.66 1.14 0.000150408
3.66 1.2 0.000151139
3.66 1.26 0.000149786
3.66 1.32 0.000146403
3.66 1.38 0.000141131
3.66 1.44 0.000134178
3.66 1.5 0.000125815
3.66 1.56 0.000116351
3.66 1.62 0.000106119
3.66 1.68 9.54573e-05
3.66 1.74 8.46866e-05
3.66 1.8 7.40988e-05
3.66 1.86 6.39433e-05
3.66 1.92 5.44209e-05
3.66 1.98 4.56801e-05
3.66 2.04 3.78162e-05
3.66 2.1 3.08756e-05
3.66 2.16 2.48624e-05
3.66 2.22 1.97451e-05
3.66 2.28 1.54655e-05
3.66 2.34 1.1947e-05
3.66 2.4 9.10222e-06
3.66 2.46 6.83943e-06
3.66 2.52 5.0685e-06
3.66 2.58 3.70453e-06
3.72 9.71445e-15 6.44107e-06
3.72 0.06 8.41924e-06
3.72 0.12 1.08537e-05
3.72 0.18 1.37997e-05
3.72 0.24 1.7304e-05
3.72 0.3 2.14003e-05
3.72 0.36 2.6102e-05
3.72 0.42 3.13994e-05
3.72 0.48 3.72527e-05
3.72 0.54 4.35896e-05
3.72 0.6 5.03032e-05
3.72 0.66 5.72533e-05
3.72 0.72 6.42676e-05
3.72 0.78 7.11494e-05
3.72 0.84 7.76863e-05
3.72 0.9 8.36562e-05
3.72 0.96 8.88483e-05
3.72 1.02 9.30654e-05
3.72 1.08 9.61423e-05
3.72 1.14 9.79556e-05
3.72 1.2 9.84313e-05
3.72 1.26 9.7549e-05
3.72 1.32 9.53462e-05
3.72 1.38 9.19133e-05
3.72 1.44 8.73845e-05
3.72 1.5 8.19379e-05
3.72 1.56 7.57748e-05
3.72 1.62 6.91115e-05
3.72 1.68 6.21678e-05
3.72 1.74 5.51532e-05
3.72 1.8 4.82574e-05
3.72 1.86 4.16436e-05
3.72 1.92 3.54422e-05
3.72 1.98 2.97496e-05
3.72 2.04 2.4628e-05
3.72 2.1 2.01082e-05
3.72 2.16 1.6192e-05
3.72 2.22 1.28592e-05
3.72 2.28 1.00721e-05
3.72 2.34 7.78069e-06
3.72 2.4 5.92791e-06
3.72 2.46 4.45421e-06
3.72 2.52 3.30093e-06
3.78 0.06 5.4078e-06
3.78 0.12 6.97142e-06
3.78 0.18 8.86363e-06
3.78 0.24 1.11146e-05
3.78 0.3 1.37455e-05
3.78 0.36 1.67656e-05
3.78 0.42 2.01681e-05
3.78 0.48 2.39278e-05
3.78 0.54 2.79981e-05
3.78 0.6 3.23104e-05
3.78 0.66 3.67741e-05
3.78 0.72 4.12791e-05
3.78 0.78 4.57002e-05
3.78 0.84 4.9898e-05
3.78 0.9 5.37337e-05
3.78 0.96 5.70677e-05
3.78 1.02 5.97759e-05
3.78 1.08 6.17523e-05
3.78 1.14 6.2917e-05
3.78 1.2 6.32227e-05
3.78 1.26 6.26564e-05
3.78 1.32 6.1242e-05
3.78 1.38 5.90364e-05
3.78 1.44 5.6128e-05
3.78 1.5 5.26295e-05
3.78 1.56 4.86707e-05
3.78 1.62 4.43908e-05
3.78 1.68 3.99308e-05
3.78 1.74 3.54254e-05
3.78 1.8 3.09964e-05
3.78 1.86 2.67481e-05
3.78 1.92 2.27646e-05
3.78 1.98 1.91085e-05
3.78 2.04 1.58188e-05
3.78 2.1 1.29155e-05
3.78 2.16 1.04002e-05
3.78 2.22 8.2596e-06
3.78 2.28 6.46941e-06
3.78 2.34 4.99755e-06
3.78 2.4 3.80753e-06
3.78 2.46 2.86098e-06
3.84 0.12 4.41625e-06
3.84 0.18 5.6149e-06
3.84 0.24 7.04086e-06
3.84 0.3 8.70742e-06
3.84 0.36 1.06207e-05
3.84 0.42 1.27761e-05
3.84 0.48 1.51576e-05
3.84 0.54 1.77359e-05
3.84 0.6 2.04677e-05
3.84 0.66 2.32957e-05
3.84 0.72 2.61498e-05
3.84 0.78 2.89498e-05
3.84 0.84 3.16096e-05
3.84 0.9 3.40389e-05
3.84 0.96 3.61514e-05
3.84 1.02 3.78671e-05
3.84 1.08 3.91189e-05
3.84 1.14 3.98567e-05
3.84 1.2 4.00502e-05
3.84 1.26 3.96915e-05
3.84 1.32 3.87956e-05
3.84 1.38 3.7398e-05
3.84 1.44 3.55561e-05
3.84 1.5 3.33394e-05
3.84 1.56 3.08316e-05
3.84 1.62 2.81207e-05
3.84 1.68 2.52955e-05
3.84 1.74 2.24412e-05
3.84 1.8 1.96353e-05
3.84 1.86 1.69442e-05
3.84 1.92 1.4421e-05
3.84 1.98 1.21047e-05
3.84 2.04 1.00209e-05
3.84 2.1 8.18173e-06
3.84 2.16 6.58829e-06
3.84 2.22 5.23228e-06
3.84 2.28 4.09824e-06
3.84 2.34 3.16585e-06
3.84 2.4 2.41197e-06
3.9 0.24 4.39886e-06
3.9 0.3 5.44022e-06
3.9 0.36 6.63543e-06
3.9 0.42 7.98208e-06
3.9 0.48 9.47011e-06
3.9 0.54 1.1081e-05
3.9 0.6 1.27877e-05
3.9 0.66 1.45544e-05
3.9 0.72 1.63376e-05
3.9 0.78 1.80871e-05
3.9 0.84 1.97488e-05
3.9 0.9 2.12665e-05
3.9 0.96 2.25863e-05
3.9 1.02 2.36584e-05
3.9 1.08 2.44405e-05
3.9 1.14 2.49015e-05
3.9 1.2 2.50224e-05
3.9 1.26 2.47982e-05
3.9 1.32 2.42381e-05
3.9 1.38 2.33655e-05
3.9 1.44 2.22141e-05
3.9 1.5 2.08297e-05
3.9 1.56 1.92629e-05
3.9 1.62 1.7569e-05
3.9 1.68 1.58038e-05
3.9 1.74 1.40206e-05
3.9 1.8 1.22677e-05
3.9 1.86 1.05863e-05
3.9 1.92 9.00983e-06
3.9 1.98 7.56268e-06
3.9 2.04 6.26076e-06
3.9 2.1 5.11174e-06
3.9 2.16 4.11619e-06
3.9 2.22 3.26897e-06
3.9 2.28 2.56046e-06
3.9 2.34 1.97794e-06
3.96 0.3 3.35214e-06
3.96 0.36 4.08866e-06
3.96 0.42 4.91846e-06
3.96 0.48 5.83531e-06
3.96 0.54 6.82791e-06
3.96 0.6 7.87955e-06
3.96 0.66 8.96817e-06
3.96 0.72 1.0067e-05
3.96 0.78 1.1145e-05
3.96 0.84 1.21688e-05
3.96 0.9 1.31041e-05
3.96 0.96 1.39174e-05
3.96 1.02 1.45778e-05
3.96 1.08 1.50597e-05
3.96 1.14 1.53437e-05
3.96 1.2 1.54183e-05
3.96 1.26 1.52803e-05
3.96 1.32 1.49352e-05
3.96 1.38 1.43973e-05
3.96 1.44 1.3688e-05
3.96 1.5 1.28349e-05
3.96 1.56 1.18694e-05
3.96 1.62 1.08258e-05
3.96 1.68 9.73811e-06
3.96 1.74 8.63932e-06
3.96 1.8 7.55914e-06
3.96 1.86 6.52305e-06
3.96 1.92 5.55173e-06
3.96 1.98 4.65999e-06
3.96 2.04 3.8578e-06
3.96 2.1 3.14975e-06
3.96 2.16 2.5363e-06
3.96 2.22 2.01427e-06
4.02 0.42 2.989e-06
4.02 0.48 3.54621e-06
4.02 0.54 4.14945e-06
4.02 0.6 4.78855e-06
4.02 0.66 5.45009e-06
4.02 0.72 6.11779e-06
4.02 0.78 6.77299e-06
4.02 0.84 7.39512e-06
4.02 0.9 7.96359e-06
4.02 0.96 8.45774e-06
4.02 1.02 8.85913e-06
4.02 1.08 9.15203e-06
4.02 1.14 9.32466e-06
4.02 1.2 9.36995e-06
4.02 1.26 9.28599e-06
4.02 1.32 9.07632e-06
4.02 1.38 8.74952e-06
4.02 1.44 8.3184e-06
4.02 1.5 7.79995e-06
4.02 1.56 7.21326e-06
4.02 1.62 6.57896e-06
4.02 1.68 5.91797e-06
4.02 1.74 5.25023e-06
4.02 1.8 4.59381e-06
4.02 1.86 3.96418e-06
4.02 1.92 3.37384e-06
4.02 1.98 2.83196e-06
4.02 2.04 2.34443e-06
4.02 2.1 1.91415e-06
4.02 2.16 1.54135e-06
4.08 0.54 2.48702e-06
4.08 0.6 2.87007e-06
4.08 0.66 3.26658e-06
4.08 0.72 3.66678e-06
4.08 0.78 4.05945e-06
4.08 0.84 4.43237e-06
4.08 0.9 4.77304e-06
4.08 0.96 5.06925e-06
4.08 1.02 5.30984e-06
4.08 1.08 5.48538e-06
4.08 1.14 5.58885e-06
4.08 1.2 5.616e-06
4.08 1.26 5.56569e-06
4.08 1.32 5.43994e-06
4.08 1.38 5.24412e-06
4.08 1.44 4.98569e-06
4.08 1.5 4.675e-06
4.08 1.56 4.32334e-06
4.08 1.62 3.94315e-06
4.08 1.68 3.54698e-06
4.08 1.74 3.14677e-06
4.08 1.8 2.75334e-06
4.08 1.86 2.37597e-06
4.08 1.92 2.02215e-06
4.08 1.98 1.69736e-06
4.08 2.04 1.40516e-06
4.14 0.66 1.93095e-06
4.14 0.72 2.16753e-06
4.14 0.78 2.39961e-06
4.14 0.84 2.62008e-06
4.14 0.9 2.82143e-06
4.14 0.96 2.99655e-06
4.14 1.02 3.13877e-06
4.14 1.08 3.24254e-06
4.14 1.14 3.30369e-06
4.14 1.2 3.31974e-06
4.14 1.26 3.29e-06
4.14 1.32 3.21569e-06
4.14 1.38 3.09991e-06
4.14 1.44 2.94718e-06
4.14 1.5 2.76348e-06
4.14 1.56 2.55561e-06
4.14 1.62 2.33088e-06
4.14 1.68 2.0967e-06
4.14 1.74 1.86012e-06
4.14 1.8 1.62755e-06
4.14 1.86 1.40449e-06
4.14 1.92 1.19534e-06
4.14 1.98 1.00334e-06
4.2 0.84 1.5275e-06
4.2 0.9 1.64488e-06
4.2 0.96 1.74697e-06
4.2 1.02 1.82989e-06
4.2 1.08 1.89039e-06
4.2 1.14 1.92604e-06
4.2 1.2 1.93539e-06
4.2 1.26 1.91805e-06
4.2 1.32 1.87475e-06
4.2 1.38 1.80723e-06
4.2 1.44 1.7182e-06
4.2 1.5 1.6111e-06
4.2 1.56 1.4899e-06
4.2 1.62 1.35889e-06
4.2 1.68 1.22237e-06
4.2 1.74 1.08444e-06
4.2 1.8 9.48852e-07
4.2 1.86 8.18817e-07
4.26 1.08 1.08693e-06
4.26 1.14 1.10743e-06
4.26 1.2 1.11282e-06
4.26 1.26 1.10285e-06
4.26 1.32 1.07794e-06
4.26 1.38 1.03913e-06
4.26 1.44 9.87933e-07
4.26 1.5 9.26361e-07
4.26 1.56 8.56675e-07
4.26 1.62 7.81339e-07
4.26 1.68 7.02838e-07
