4157 0.06 0.06 0.444945 -12 -12
-0.06 -1.14 2.35295e-06
-0.06 -1.08 2.58935e-06
-0.06 -1.02 2.81032e-06
-0.06 -0.96 3.00826e-06
-0.06 -0.9 3.17585e-06
-0.06 -0.84 3.30671e-06
-0.06 -0.78 3.39561e-06
9.71445e-15 -1.26 3.23652e-06
9.71445e-15 -1.2 3.66167e-06
9.71445e-15 -1.14 4.08568e-06
9.71445e-15 -1.08 4.4962e-06
9.71445e-15 -1.02 4.87993e-06
9.71445e-15 -0.96 5.22361e-06
9.71445e-15 -0.9 5.51465e-06
9.71445e-15 -0.84 5.74185e-06
9.71445e-15 -0.78 5.89627e-06
9.71445e-15 -0.72 5.97158e-06
9.71445e-15 -0.66 5.96468e-06
9.71445e-15 -0.6 5.876e-06
9.71445e-15 -0.54 5.70901e-06
0.06 -1.38 4.15424e-06
0.06 -1.32 4.83186e-06
0.06 -1.26 5.54275e-06
0.06 -1.2 6.2708e-06
0.06 -1.14 6.99707e-06
0.06 -1.08 7.70002e-06
0.06 -1.02 8.35719e-06
0.06 -0.96 8.94577e-06
0.06 -0.9 9.4441e-06
0.06 -0.84 9.83322e-06
0.06 -0.78 1.00976e-05
0.06 -0.72 1.02266e-05
0.06 -0.66 1.02149e-05
0.06 -0.6 1.00629e-05
0.06 -0.54 9.77697e-06
0.06 -0.48 9.3686e-06
0.06 -0.42 8.85389e-06
0.06 -0.36 8.25237e-06
0.12 -1.5 4.97559e-06
0.12 -1.44 5.94962e-06
0.12 -1.38 7.01654e-06
0.12 -1.32 8.16103e-06
0.12 -1.26 9.36174e-06
0.12 -1.2 1.05915e-05
0.12 -1.14 1.1818e-05
0.12 -1.08 1.30056e-05
0.12 -1.02 1.41155e-05
0.12 -0.96 1.51095e-05
0.12 -0.9 1.59514e-05
0.12 -0.84 1.66086e-05
0.12 -0.78 1.70552e-05
0.12 -0.72 1.72731e-05
0.12 -0.66 1.72532e-05
0.12 -0.6 1.69966e-05
0.12 -0.54 1.65135e-05
0.12 -0.48 1.58237e-05
0.12 -0.42 1.49543e-05
0.12 -0.36 1.39384e-05
0.12 -0.3 1.2813e-05
0.12 -0.24 1.16164e-05
0.12 -0.18 1.03869e-05
0.18 -1.56 6.83619e-06
0.18 -1.5 8.28834e-06
0.18 -1.44 9.91098e-06
0.18 -1.38 1.16882e-05
0.18 -1.32 1.35947e-05
0.18 -1.26 1.55948e-05
0.18 -1.2 1.76435e-05
0.18 -1.14 1.96867e-05
0.18 -1.08 2.16645e-05
0.18 -1.02 2.35137e-05
0.18 -0.96 2.51697e-05
0.18 -0.9 2.65719e-05
0.18 -0.84 2.76666e-05
0.18 -0.78 2.84107e-05
0.18 -0.72 2.87736e-05
0.18 -0.66 2.87406e-05
0.18 -0.6 2.83128e-05
0.18 -0.54 2.75085e-05
0.18 -0.48 2.63591e-05
0.18 -0.42 2.4911e-05
0.18 -0.36 2.32188e-05
0.18 -0.3 2.13439e-05
0.18 -0.24 1.93508e-05
0.18 -0.18 1.73027e-05
0.18 -0.12 1.52587e-05
0.18 -0.06 1.3271e-05
0.24 -1.68 7.32967e-06
0.24 -1.62 9.13604e-06
0.24 -1.56 1.12312e-05
0.24 -1.5 1.36171e-05
0.24 -1.44 1.62828e-05
0.24 -1.38 1.92026e-05
0.24 -1.32 2.2335e-05
0.24 -1.26 2.56211e-05
0.24 -1.2 2.89864e-05
0.24 -1.14 3.23435e-05
0.24 -1.08 3.55927e-05
0.24 -1.02 3.86308e-05
0.24 -0.96 4.13514e-05
0.24 -0.9 4.36548e-05
0.24 -0.84 4.54534e-05
0.24 -0.78 4.66758e-05
0.24 -0.72 4.72722e-05
0.24 -0.66 4.72181e-05
0.24 -0.6 4.65155e-05
0.24 -0.54 4.51938e-05
0.24 -0.48 4.33059e-05
0.24 -0.42 4.09263e-05
0.24 -0.36 3.81463e-05
0.24 -0.3 3.50658e-05
0.24 -0.24 3.17915e-05
0.24 -0.18 2.84267e-05
0.24 -0.12 2.50686e-05
0.24 -0.06 2.18032e-05
0.24 9.71445e-15 1.87026e-05
0.3 -1.74 9.39714e-06
0.3 -1.68 1.18765e-05
0.3 -1.62 1.48033e-05
0.3 -1.56 1.81983e-05
0.3 -1.5 2.20641e-05
0.3 -1.44 2.63834e-05
0.3 -1.38 3.11144e-05
0.3 -1.32 3.61899e-05
0.3 -1.26 4.15145e-05
0.3 -1.2 4.69676e-05
0.3 -1.14 5.2407e-05
0.3 -1.08 5.7672e-05
0.3 -1.02 6.25943e-05
0.3 -0.96 6.70025e-05
0.3 -0.9 7.07348e-05
0.3 -0.84 7.36496e-05
0.3 -0.78 7.563e-05
0.3 -0.72 7.6596e-05
0.3 -0.66 7.65085e-05
0.3 -0.6 7.53704e-05
0.3 -0.54 7.32284e-05
0.3 -0.48 7.01697e-05
0.3 -0.42 6.63138e-05
0.3 -0.36 6.18092e-05
0.3 -0.3 5.68177e-05
0.3 -0.24 5.15123e-05
0.3 -0.18 4.60603e-05
0.3 -0.12 4.06192e-05
0.3 -0.06 3.53283e-05
0.3 9.71445e-15 3.03041e-05
0.3 0.06 2.56374e-05
0.3 0.12 2.13908e-05
0.36 -1.8 1.1719e-05
0.36 -1.74 1.50171e-05
0.36 -1.68 1.89791e-05
0.36 -1.62 2.36565e-05
0.36 -1.56 2.90819e-05
0.36 -1.5 3.52595e-05
0.36 -1.44 4.21622e-05
0.36 -1.38 4.97226e-05
0.36 -1.32 5.78332e-05
0.36 -1.26 6.63423e-05
0.36 -1.2 7.50566e-05
0.36 -1.14 8.37489e-05
0.36 -1.08 9.21626e-05
0.36 -1.02 0.000100029
0.36 -0.96 0.000107073
0.36 -0.9 0.000113038
0.36 -0.84 0.000117696
0.36 -0.78 0.000120861
0.36 -0.72 0.000122404
0.36 -0.66 0.000122265
0.36 -0.6 0.000120446
0.36 -0.54 0.000117023
0.36 -0.48 0.000112135
0.36 -0.42 0.000105973
0.36 -0.36 9.87743e-05
0.36 -0.3 9.07978e-05
0.36 -0.24 8.23192e-05
0.36 -0.18 7.36068e-05
0.36 -0.12 6.49116e-05
0.36 -0.06 5.64565e-05
0.36 9.71445e-15 4.84275e-05
0.36 0.06 4.09698e-05
0.36 0.12 3.41837e-05
0.36 0.18 2.81299e-05
0.36 0.24 2.28298e-05
0.42 -1.86 1.42153e-05
0.42 -1.8 1.847e-05
0.42 -1.74 2.36682e-05
0.42 -1.68 2.99127e-05
0.42 -1.62 3.72849e-05
0.42 -1.56 4.58355e-05
0.42 -1.5 5.5572e-05
0.42 -1.44 6.64512e-05
0.42 -1.38 7.83675e-05
0.42 -1.32 9.11499e-05
0.42 -1.26 0.000104561
0.42 -1.2 0.000118295
0.42 -1.14 0.000131995
0.42 -1.08 0.000145257
0.42 -1.02 0.000157655
0.42 -0.96 0.000168756
0.42 -0.9 0.000178158
0.42 -0.84 0.000185497
0.42 -0.78 0.000190486
0.42 -0.72 0.000192921
0.42 -0.66 0.0001927
0.42 -0.6 0.000189833
0.42 -0.54 0.000184438
0.42 -0.48 0.000176733
0.42 -0.42 0.000167024
0.42 -0.36 0.000155677
0.42 -0.3 0.000143106
0.42 -0.24 0.000129742
0.42 -0.18 0.000116011
0.42 -0.12 0.000102306
0.42 -0.06 8.89802e-05
0.42 9.71445e-15 7.63259e-05
0.42 0.06 6.45715e-05
0.42 0.12 5.38769e-05
0.42 0.18 4.4335e-05
0.42 0.24 3.59819e-05
0.42 0.3 2.88012e-05
0.48 -1.92 1.67729e-05
0.48 -1.86 2.20967e-05
0.48 -1.8 2.87101e-05
0.48 -1.74 3.67906e-05
0.48 -1.68 4.64972e-05
0.48 -1.62 5.79569e-05
0.48 -1.56 7.12468e-05
0.48 -1.5 8.63827e-05
0.48 -1.44 0.000103293
0.48 -1.38 0.000121816
0.48 -1.32 0.000141686
0.48 -1.26 0.000162531
0.48 -1.2 0.000183881
0.48 -1.14 0.000205177
0.48 -1.08 0.000225791
0.48 -1.02 0.000245061
0.48 -0.96 0.00026232
0.48 -0.9 0.000276935
0.48 -0.84 0.000288344
0.48 -0.78 0.000296096
0.48 -0.72 0.00029988
0.48 -0.66 0.000299537
0.48 -0.6 0.000295078
0.48 -0.54 0.000286694
0.48 -0.48 0.000274717
0.48 -0.42 0.000259626
0.48 -0.36 0.000241987
0.48 -0.3 0.000222449
0.48 -0.24 0.000201676
0.48 -0.18 0.000180329
0.48 -0.12 0.000159026
0.48 -0.06 0.000138311
0.48 9.71445e-15 0.000118643
0.48 0.06 0.000100372
0.48 0.12 8.37477e-05
0.48 0.18 6.89152e-05
0.48 0.24 5.59312e-05
0.48 0.3 4.4769e-05
0.48 0.36 3.53421e-05
0.54 -1.98 1.92499e-05
0.54 -1.92 2.57134e-05
0.54 -1.86 3.38753e-05
0.54 -1.8 4.40146e-05
0.54 -1.74 5.64023e-05
0.54 -1.68 7.12823e-05
0.54 -1.62 8.88503e-05
0.54 -1.56 0.000109227
0.54 -1.5 0.000132428
0.54 -1.44 0.000158353
0.54 -1.38 0.000186749
0.54 -1.32 0.000217211
0.54 -1.26 0.00024917
0.54 -1.2 0.000281902
0.54 -1.14 0.000314547
0.54 -1.08 0.00034615
0.54 -1.02 0.00037569
0.54 -0.96 0.000402152
0.54 -0.9 0.000424555
0.54 -0.84 0.00044205
0.54 -0.78 0.000453937
0.54 -0.72 0.000459734
0.54 -0.66 0.000459204
0.54 -0.6 0.000452374
0.54 -0.54 0.000439521
0.54 -0.48 0.00042116
0.54 -0.42 0.000398015
0.54 -0.36 0.000370982
0.54 -0.3 0.000341024
0.54 -0.24 0.000309181
0.54 -0.18 0.000276456
0.54 -0.12 0.000243796
0.54 -0.06 0.000212041
0.54 9.71445e-15 0.000181887
0.54 0.06 0.000153876
0.54 0.12 0.000128388
0.54 0.18 0.000105652
0.54 0.24 8.57456e-05
0.54 0.3 6.86342e-05
0.54 0.36 5.4182e-05
0.54 0.42 4.21849e-05
0.6 -2.04 2.14898e-05
0.6 -1.98 2.91057e-05
0.6 -1.92 3.88787e-05
0.6 -1.86 5.12192e-05
0.6 -1.8 6.6549e-05
0.6 -1.74 8.52782e-05
0.6 -1.68 0.000107778
0.6 -1.62 0.00013434
0.6 -1.56 0.000165148
0.6 -1.5 0.000200231
0.6 -1.44 0.000239428
0.6 -1.38 0.000282365
0.6 -1.32 0.000328422
0.6 -1.26 0.000376741
0.6 -1.2 0.000426227
0.6 -1.14 0.00047559
0.6 -1.08 0.000523375
0.6 -1.02 0.000568043
0.6 -0.96 0.000608041
0.6 -0.9 0.00064192
0.6 -0.84 0.000668368
0.6 -0.78 0.000686336
0.6 -0.72 0.000695105
0.6 -0.66 0.000694313
0.6 -0.6 0.000683984
0.6 -0.54 0.000664541
0.6 -0.48 0.000636785
0.6 -0.42 0.000601801
0.6 -0.36 0.000560911
0.6 -0.3 0.000515622
0.6 -0.24 0.000467471
0.6 -0.18 0.000417992
0.6 -0.12 0.000368616
0.6 -0.06 0.000320602
0.6 9.71445e-15 0.000275006
0.6 0.06 0.000232658
0.6 0.12 0.000194123
0.6 0.18 0.000159742
0.6 0.24 0.000129647
0.6 0.3 0.000103773
0.6 0.36 8.19219e-05
0.6 0.42 6.37827e-05
0.6 0.48 4.89776e-05
0.66 -2.1 2.33353e-05
0.66 -2.04 3.20456e-05
0.66 -1.98 4.34024e-05
0.66 -1.92 5.79753e-05
0.66 -1.86 7.63774e-05
0.66 -1.8 9.9238e-05
0.66 -1.74 0.000127168
0.66 -1.68 0.000160717
0.66 -1.62 0.000200329
0.66 -1.56 0.00024627
0.66 -1.5 0.000298581
0.66 -1.44 0.000357036
0.66 -1.38 0.000421059
0.66 -1.32 0.000489739
0.66 -1.26 0.000561794
0.66 -1.2 0.000635595
0.66 -1.14 0.0007092
0.66 -1.08 0.00078045
0.66 -1.02 0.000847061
0.66 -0.96 0.000906721
0.66 -0.9 0.000957235
0.66 -0.84 0.000996673
0.66 -0.78 0.00102348
0.66 -0.72 0.00103655
0.66 -0.66 0.00103536
0.66 -0.6 0.00101996
0.66 -0.54 0.000990976
0.66 -0.48 0.000949574
0.66 -0.42 0.000897397
0.66 -0.36 0.000836442
0.66 -0.3 0.0007689
0.66 -0.24 0.0006971
0.66 -0.18 0.000623318
0.66 -0.12 0.000549682
0.66 -0.06 0.000478082
0.66 9.71445e-15 0.000410096
0.66 0.06 0.000346937
0.66 0.12 0.000289475
0.66 0.18 0.000238211
0.66 0.24 0.000193328
0.66 0.3 0.000154747
0.66 0.36 0.000122162
0.66 0.42 9.51134e-05
0.66 0.48 7.30354e-05
0.66 0.54 5.53112e-05
0.72 -2.16 2.46475e-05
0.72 -2.1 3.43193e-05
0.72 -2.04 4.713e-05
0.72 -1.98 6.38318e-05
0.72 -1.92 8.52653e-05
0.72 -1.86 0.00011233
0.72 -1.8 0.00014595
0.72 -1.74 0.000187027
0.72 -1.68 0.000236371
0.72 -1.62 0.000294623
0.72 -1.56 0.000362189
0.72 -1.5 0.00043913
0.72 -1.44 0.000525094
0.72 -1.38 0.000619255
0.72 -1.32 0.000720268
0.72 -1.26 0.000826239
0.72 -1.2 0.000934766
0.72 -1.14 0.00104303
0.72 -1.08 0.00114781
0.72 -1.02 0.00124577
0.72 -0.96 0.00133352
0.72 -0.9 0.00140779
0.72 -0.84 0.0014658
0.72 -0.78 0.00150522
0.72 -0.72 0.00152444
0.72 -0.66 0.0015227
0.72 -0.6 0.00150005
0.72 -0.54 0.00145742
0.72 -0.48 0.00139655
0.72 -0.42 0.00131981
0.72 -0.36 0.00123015
0.72 -0.3 0.00113082
0.72 -0.24 0.00102523
0.72 -0.18 0.000916713
0.72 -0.12 0.000808419
0.72 -0.06 0.000703116
0.72 9.71445e-15 0.000603126
0.72 0.06 0.000510246
0.72 0.12 0.000425732
0.72 0.18 0.000350334
0.72 0.24 0.000284328
0.72 0.3 0.000227587
0.72 0.36 0.000179663
0.72 0.42 0.000139881
0.72 0.48 0.000107413
0.72 0.54 8.13462e-05
0.72 0.6 6.07588e-05
0.78 -2.22 2.53227e-05
0.78 -2.16 3.57512e-05
0.78 -2.1 4.97801e-05
0.78 -2.04 6.83611e-05
0.78 -1.98 9.25871e-05
0.78 -1.92 0.000123676
0.78 -1.86 0.000162933
0.78 -1.8 0.000211699
0.78 -1.74 0.000271279
0.78 -1.68 0.000342853
0.78 -1.62 0.000427349
0.78 -1.56 0.00052535
0.78 -1.5 0.000636953
0.78 -1.44 0.000761635
0.78 -1.38 0.000898221
0.78 -1.32 0.00104474
0.78 -1.26 0.00119845
0.78 -1.2 0.00135587
0.78 -1.14 0.00151289
0.78 -1.08 0.0016649
0.78 -1.02 0.00180698
0.78 -0.96 0.00193424
0.78 -0.9 0.002042
0.78 -0.84 0.00212615
0.78 -0.78 0.0021833
0.78 -0.72 0.00221118
0.78 -0.66 0.00220865
0.78 -0.6 0.0021758
0.78 -0.54 0.00211395
0.78 -0.48 0.00202568
0.78 -0.42 0.00191437
0.78 -0.36 0.0017843
0.78 -0.3 0.00164024
0.78 -0.24 0.00148708
0.78 -0.18 0.00132967
0.78 -0.12 0.00117259
0.78 -0.06 0.00101986
0.78 9.71445e-15 0.000874822
0.78 0.06 0.000740106
0.78 0.12 0.000617517
0.78 0.18 0.000508155
0.78 0.24 0.000412417
0.78 0.3 0.000330112
0.78 0.36 0.000260599
0.78 0.42 0.000202898
0.78 0.48 0.000155801
0.78 0.54 0.000117992
0.78 0.6 8.81292e-05
0.78 0.66 6.49211e-05
0.84 -2.22 3.62252e-05
0.84 -2.16 5.11439e-05
0.84 -2.1 7.12128e-05
0.84 -2.04 9.77935e-05
0.84 -1.98 0.00013245
0.84 -1.92 0.000176924
0.84 -1.86 0.000233082
0.84 -1.8 0.000302846
0.84 -1.74 0.000388079
0.84 -1.68 0.000490466
0.84 -1.62 0.000611347
0.84 -1.56 0.000751538
0.84 -1.5 0.000911189
0.84 -1.44 0.00108955
0.84 -1.38 0.00128495
0.84 -1.32 0.00149454
0.84 -1.26 0.00171444
0.84 -1.2 0.00193965
0.84 -1.14 0.00216426
0.84 -1.08 0.00238173
0.84 -1.02 0.00258497
0.84 -0.96 0.00276703
0.84 -0.9 0.0029212
0.84 -0.84 0.00304156
0.84 -0.78 0.00312332
0.84 -0.72 0.00316322
0.84 -0.66 0.00315958
0.84 -0.6 0.0031126
0.84 -0.54 0.00302412
0.84 -0.48 0.00289783
0.84 -0.42 0.00273859
0.84 -0.36 0.00255255
0.84 -0.3 0.00234646
0.84 -0.24 0.00212734
0.84 -0.18 0.00190217
0.84 -0.12 0.00167744
0.84 -0.06 0.00145896
0.84 9.71445e-15 0.00125148
0.84 0.06 0.00105875
0.84 0.12 0.000883392
0.84 0.18 0.000726942
0.84 0.24 0.000589984
0.84 0.3 0.000472242
0.84 0.36 0.000372802
0.84 0.42 0.000290257
0.84 0.48 0.000222881
0.84 0.54 0.000168794
0.84 0.6 0.000126074
0.84 0.66 9.28726e-05
0.84 0.72 6.74737e-05
0.9 -2.28 3.57042e-05
0.9 -2.22 5.11098e-05
0.9 -2.16 7.21582e-05
0.9 -2.1 0.000100473
0.9 -2.04 0.000137975
0.9 -1.98 0.000186872
0.9 -1.92 0.00024962
0.9 -1.86 0.000328852
0.9 -1.8 0.000427281
0.9 -1.74 0.000547537
0.9 -1.68 0.00069199
0.9 -1.62 0.000862541
0.9 -1.56 0.00106033
0.9 -1.5 0.00128558
0.9 -1.44 0.00153723
0.9 -1.38 0.00181292
0.9 -1.32 0.00210863
0.9 -1.26 0.00241887
0.9 -1.2 0.00273662
0.9 -1.14 0.00305354
0.9 -1.08 0.00336035
0.9 -1.02 0.00364708
0.9 -0.96 0.00390397
0.9 -0.9 0.00412148
0.9 -0.84 0.0042913
0.9 -0.78 0.00440666
0.9 -0.72 0.00446295
0.9 -0.66 0.00445781
0.9 -0.6 0.00439151
0.9 -0.54 0.00426671
0.9 -0.48 0.0040885
0.9 -0.42 0.00386384
0.9 -0.36 0.00360136
0.9 -0.3 0.00331059
0.9 -0.24 0.00300144
0.9 -0.18 0.00268375
0.9 -0.12 0.00236668
0.9 -0.06 0.00205842
0.9 9.71445e-15 0.0017657
0.9 0.06 0.00149378
0.9 0.12 0.00124637
0.9 0.18 0.00102563
0.9 0.24 0.0008324
0.9 0.3 0.000666279
0.9 0.36 0.00052598
0.9 0.42 0.00040952
0.9 0.48 0.000314461
0.9 0.54 0.000238148
0.9 0.6 0.000177876
0.9 0.66 0.000131033
0.9 0.72 9.51977e-05
0.9 0.78 6.82126e-05
0.96 -2.34 3.42292e-05
0.96 -2.28 4.96821e-05
0.96 -2.22 7.11191e-05
0.96 -2.16 0.000100408
0.96 -2.1 0.000139807
0.96 -2.04 0.000191992
0.96 -1.98 0.00026003
0.96 -1.92 0.000347343
0.96 -1.86 0.000457596
0.96 -1.8 0.000594559
0.96 -1.74 0.000761894
0.96 -1.68 0.000962901
0.96 -1.62 0.00120022
0.96 -1.56 0.00147545
0.96 -1.5 0.00178888
0.96 -1.44 0.00213906
0.96 -1.38 0.00252265
0.96 -1.32 0.00293414
0.96 -1.26 0.00336585
0.96 -1.2 0.003808
0.96 -1.14 0.00424897
0.96 -1.08 0.00467589
0.96 -1.02 0.00507487
0.96 -0.96 0.00543236
0.96 -0.9 0.00573498
0.96 -0.84 0.00597131
0.96 -0.78 0.00613186
0.96 -0.72 0.00621016
0.96 -0.66 0.00620298
0.96 -0.6 0.00611075
0.96 -0.54 0.00593712
0.96 -0.48 0.00568914
0.96 -0.42 0.00537649
0.96 -0.36 0.00501128
0.96 -0.3 0.00460664
0.96 -0.24 0.00417649
0.96 -0.18 0.00373442
0.96 -0.12 0.00329323
0.96 -0.06 0.00286429
0.96 9.71445e-15 0.00245697
0.96 0.06 0.00207859
0.96 0.12 0.0017343
0.96 0.18 0.00142717
0.96 0.24 0.00115828
0.96 0.3 0.000927126
0.96 0.36 0.000731899
0.96 0.42 0.000569841
0.96 0.48 0.000437568
0.96 0.54 0.000331381
0.96 0.6 0.000247514
0.96 0.66 0.000182332
0.96 0.72 0.000132466
0.96 0.78 9.49176e-05
0.96 0.84 6.70769e-05
1.02 -2.34 4.69756e-05
1.02 -2.28 6.81824e-05
1.02 -2.22 9.76018e-05
1.02 -2.16 0.000137796
1.02 -2.1 0.000191867
1.02 -2.04 0.000263485
1.02 -1.98 0.00035686
1.02 -1.92 0.000476681
1.02 -1.86 0.00062799
1.02 -1.8 0.000815953
1.02 -1.74 0.00104559
1.02 -1.68 0.00132145
1.02 -1.62 0.00164713
1.02 -1.56 0.00202487
1.02 -1.5 0.002455
1.02 -1.44 0.00293559
1.02 -1.38 0.00346199
1.02 -1.32 0.00402672
1.02 -1.26 0.00461919
1.02 -1.2 0.00522596
1.02 -1.14 0.00583112
1.02 -1.08 0.00641699
1.02 -1.02 0.00696467
1.02 -0.96 0.00745515
1.02 -0.9 0.0078705
1.02 -0.84 0.0081948
1.02 -0.78 0.00841517
1.02 -0.72 0.00852263
1.02 -0.66 0.00851283
1.02 -0.6 0.00838625
1.02 -0.54 0.00814789
1.02 -0.48 0.00780758
1.02 -0.42 0.00737852
1.02 -0.36 0.0068773
1.02 -0.3 0.00632197
1.02 -0.24 0.00573164
1.02 -0.18 0.00512498
1.02 -0.12 0.00451955
1.02 -0.06 0.00393088
1.02 9.71445e-15 0.00337185
1.02 0.06 0.00285259
1.02 0.12 0.00238008
1.02 0.18 0.0019586
1.02 0.24 0.00158957
1.02 0.3 0.00127236
1.02 0.36 0.00100444
1.02 0.42 0.000782033
1.02 0.48 0.000600502
1.02 0.54 0.000454779
1.02 0.6 0.00033968
1.02 0.66 0.000250226
1.02 0.72 0.000181792
1.02 0.78 0.000130261
1.02 0.84 9.20537e-05
1.08 -2.4 4.32038e-05
1.08 -2.34 6.35819e-05
1.08 -2.28 9.22846e-05
1.08 -2.22 0.000132104
1.08 -2.16 0.000186505
1.08 -2.1 0.000259694
1.08 -2.04 0.000356626
1.08 -1.98 0.000483014
1.08 -1.92 0.000645196
1.08 -1.86 0.000849986
1.08 -1.8 0.00110438
1.08 -1.74 0.0014152
1.08 -1.68 0.00178859
1.08 -1.62 0.0022294
1.08 -1.56 0.00274066
1.08 -1.5 0.00332286
1.08 -1.44 0.00397334
1.08 -1.38 0.00468588
1.08 -1.32 0.0054502
1.08 -1.26 0.00625204
1.08 -1.2 0.00707326
1.08 -1.14 0.00789247
1.08 -1.08 0.00868544
1.08 -1.02 0.00942674
1.08 -0.96 0.0100905
1.08 -0.9 0.0106527
1.08 -0.84 0.0110916
1.08 -0.78 0.0113898
1.08 -0.72 0.0115354
1.08 -0.66 0.0115222
1.08 -0.6 0.0113508
1.08 -0.54 0.0110282
1.08 -0.48 0.0105675
1.08 -0.42 0.00998696
1.08 -0.36 0.00930842
1.08 -0.3 0.00855683
1.08 -0.24 0.00775774
1.08 -0.18 0.00693665
1.08 -0.12 0.00611724
1.08 -0.06 0.00532043
1.08 9.71445e-15 0.00456377
1.08 0.06 0.00386097
1.08 0.12 0.00322149
1.08 0.18 0.00265094
1.08 0.24 0.00215149
1.08 0.3 0.00172212
1.08 0.36 0.0013595
1.08 0.42 0.00105848
1.08 0.48 0.00081279
1.08 0.54 0.000615546
1.08 0.6 0.000459757
1.08 0.66 0.000338678
1.08 0.72 0.000246059
1.08 0.78 0.000176309
1.08 0.84 0.000124595
1.08 0.9 8.68393e-05
1.14 -2.4 5.76726e-05
1.14 -2.34 8.48745e-05
1.14 -2.28 0.00012319
1.14 -2.22 0.000176346
1.14 -2.16 0.000248968
1.14 -2.1 0.000346658
1.14 -2.04 0.000476061
1.14 -1.98 0.000644769
1.14 -1.92 0.000861268
1.14 -1.86 0.00113464
1.14 -1.8 0.00147425
1.14 -1.74 0.00188918
1.14 -1.68 0.00238758
1.14 -1.62 0.00297602
1.14 -1.56 0.00365849
1.14 -1.5 0.00443566
1.14 -1.44 0.005304
1.14 -1.38 0.00625512
1.14 -1.32 0.00727545
1.14 -1.26 0.00834583
1.14 -1.2 0.0094422
1.14 -1.14 0.0105357
1.14 -1.08 0.0115942
1.14 -1.02 0.0125836
1.14 -0.96 0.01347
1.14 -0.9 0.0142203
1.14 -0.84 0.0148063
1.14 -0.78 0.0152044
1.14 -0.72 0.0153986
1.14 -0.66 0.0153809
1.14 -0.6 0.015152
1.14 -0.54 0.0147216
1.14 -0.48 0.0141066
1.14 -0.42 0.0133315
1.14 -0.36 0.0124259
1.14 -0.3 0.0114225
1.14 -0.24 0.0103559
1.14 -0.18 0.00925981
1.14 -0.12 0.00816589
1.14 -0.06 0.00710219
1.14 9.71445e-15 0.00609224
1.14 0.06 0.00515398
1.14 0.12 0.00430034
1.14 0.18 0.00353877
1.14 0.24 0.00287202
1.14 0.3 0.00229887
1.14 0.36 0.0018148
1.14 0.42 0.00141296
1.14 0.48 0.00108498
1.14 0.54 0.000821678
1.14 0.6 0.000613732
1.14 0.66 0.000452102
1.14 0.72 0.000328462
1.14 0.78 0.000235356
1.14 0.84 0.000166322
1.14 0.9 0.000115923
1.14 0.96 7.96844e-05
1.2 -2.46 5.08844e-05
1.2 -2.4 7.59285e-05
1.2 -2.34 0.000111742
1.2 -2.28 0.000162187
1.2 -2.22 0.000232167
1.2 -2.16 0.000327777
1.2 -2.1 0.000456401
1.2 -2.04 0.000626755
1.2 -1.98 0.000848874
1.2 -1.92 0.0011339
1.2 -1.86 0.00149382
1.2 -1.8 0.00194092
1.2 -1.74 0.00248716
1.2 -1.68 0.00314338
1.2 -1.62 0.00391808
1.2 -1.56 0.0048166
1.2 -1.5 0.00583978
1.2 -1.44 0.00698296
1.2 -1.38 0.00823521
1.2 -1.32 0.00957848
1.2 -1.26 0.0109877
1.2 -1.2 0.012431
1.2 -1.14 0.0138707
1.2 -1.08 0.0152644
1.2 -1.02 0.0165671
1.2 -0.96 0.0177336
1.2 -0.9 0.0187218
1.2 -0.84 0.0194931
1.2 -0.78 0.0200172
1.2 -0.72 0.0202729
1.2 -0.66 0.0202498
1.2 -0.6 0.0199486
1.2 -0.54 0.0193814
1.2 -0.48 0.018572
1.2 -0.42 0.0175516
1.2 -0.36 0.0163591
1.2 -0.3 0.0150383
1.2 -0.24 0.0136339
1.2 -0.18 0.0121908
1.2 -0.12 0.0107507
1.2 -0.06 0.00935044
1.2 9.71445e-15 0.00802062
1.2 0.06 0.00678551
1.2 0.12 0.00566161
1.2 0.18 0.00465893
1.2 0.24 0.00378118
1.2 0.3 0.00302656
1.2 0.36 0.00238928
1.2 0.42 0.00186024
1.2 0.48 0.00142844
1.2 0.54 0.0010818
1.2 0.6 0.000808001
1.2 0.66 0.000595214
1.2 0.72 0.000432438
1.2 0.78 0.000309854
1.2 0.84 0.000218971
1.2 0.9 0.000152616
1.2 0.96 0.000104907
1.26 -2.46 6.60716e-05
1.26 -2.4 9.85904e-05
1.26 -2.34 0.000145092
1.26 -2.28 0.000210592
1.26 -2.22 0.00030146
1.26 -2.16 0.000425603
1.26 -2.1 0.000592609
1.26 -2.04 0.000813813
1.26 -1.98 0.00110222
1.26 -1.92 0.00147231
1.26 -1.86 0.00193964
1.26 -1.8 0.00252019
1.26 -1.74 0.00322949
1.26 -1.68 0.00408148
1.26 -1.62 0.00508745
1.26 -1.56 0.00625412
1.26 -1.5 0.00758259
1.26 -1.44 0.00906708
1.26 -1.38 0.010693
1.26 -1.32 0.0124371
1.26 -1.26 0.014267
1.26 -1.2 0.0161412
1.26 -1.14 0.0180104
1.26 -1.08 0.0198199
1.26 -1.02 0.0215115
1.26 -0.96 0.0230265
1.26 -0.9 0.0243094
1.26 -0.84 0.0253109
1.26 -0.78 0.0259916
1.26 -0.72 0.0263237
1.26 -0.66 0.0262934
1.26 -0.6 0.0259022
1.26 -0.54 0.0251662
1.26 -0.48 0.0241148
1.26 -0.42 0.0227898
1.26 -0.36 0.0212418
1.26 -0.3 0.0195265
1.26 -0.24 0.0177031
1.26 -0.18 0.0158294
1.26 -0.12 0.0139594
1.26 -0.06 0.0121411
1.26 9.71445e-15 0.0104145
1.26 0.06 0.00881059
1.26 0.12 0.00735134
1.26 0.18 0.00604946
1.26 0.24 0.00490964
1.26 0.3 0.00392986
1.26 0.36 0.00310236
1.26 0.42 0.00241544
1.26 0.48 0.00185477
1.26 0.54 0.00140465
1.26 0.6 0.00104916
1.26 0.66 0.000772857
1.26 0.72 0.000561497
1.26 0.78 0.000402336
1.26 0.84 0.000284325
1.26 0.9 0.000198166
1.26 0.96 0.000136218
1.26 1.02 9.23481e-05
1.32 -2.52 5.59235e-05
1.32 -2.46 8.46109e-05
1.32 -2.4 0.000126255
1.32 -2.34 0.000185805
1.32 -2.28 0.000269683
1.32 -2.22 0.000386052
1.32 -2.16 0.000545027
1.32 -2.1 0.000758898
1.32 -2.04 0.00104218
1.32 -1.98 0.00141151
1.32 -1.92 0.00188546
1.32 -1.86 0.00248393
1.32 -1.8 0.00322737
1.32 -1.74 0.0041357
1.32 -1.68 0.00522683
1.32 -1.62 0.00651496
1.32 -1.56 0.00800905
1.32 -1.5 0.00971042
1.32 -1.44 0.0116114
1.32 -1.38 0.0136935
1.32 -1.32 0.0159272
1.32 -1.26 0.0182705
1.32 -1.2 0.0206704
1.32 -1.14 0.0230644
1.32 -1.08 0.0253814
1.32 -1.02 0.0275477
1.32 -0.96 0.0294879
1.32 -0.9 0.0311303
1.32 -0.84 0.0324131
1.32 -0.78 0.0332847
1.32 -0.72 0.03371
1.32 -0.66 0.0336714
1.32 -0.6 0.0331704
1.32 -0.54 0.0322279
1.32 -0.48 0.0308816
1.32 -0.42 0.0291848
1.32 -0.36 0.0272023
1.32 -0.3 0.0250056
1.32 -0.24 0.0226707
1.32 -0.18 0.0202712
1.32 -0.12 0.0178765
1.32 -0.06 0.015548
1.32 9.71445e-15 0.0133369
1.32 0.06 0.011283
1.32 0.12 0.00941414
1.32 0.18 0.00774691
1.32 0.24 0.00628729
1.32 0.3 0.0050326
1.32 0.36 0.00397288
1.32 0.42 0.00309319
1.32 0.48 0.00237521
1.32 0.54 0.0017988
1.32 0.6 0.00134356
1.32 0.66 0.000989729
1.32 0.72 0.000719058
1.32 0.78 0.000515233
1.32 0.84 0.000364104
1.32 0.9 0.000253773
1.32 0.96 0.000174442
1.32 1.02 0.000118262
1.38 -2.52 7.06318e-05
1.38 -2.46 0.000106864
1.38 -2.4 0.000159459
1.38 -2.34 0.000234671
1.38 -2.28 0.000340611
1.38 -2.22 0.000487582
1.38 -2.16 0.000688375
1.38 -2.1 0.000958493
1.38 -2.04 0.00131627
1.38 -1.98 0.00178273
1.38 -1.92 0.00238134
1.38 -1.86 0.00313721
1.38 -1.8 0.00407619
1.38 -1.74 0.00522338
1.38 -1.68 0.00660151
1.38 -1.62 0.0082284
1.38 -1.56 0.0101155
1.38 -1.5 0.0122643
1.38 -1.44 0.0146651
1.38 -1.38 0.0172949
1.38 -1.32 0.0201161
1.38 -1.26 0.0230757
1.38 -1.2 0.0261069
1.38 -1.14 0.0291303
1.38 -1.08 0.032057
1.38 -1.02 0.0347927
1.38 -0.96 0.037243
1.38 -0.9 0.0393178
1.38 -0.84 0.0409381
1.38 -0.78 0.0420388
1.38 -0.72 0.0425754
1.38 -0.66 0.0425267
1.38 -0.6 0.0418943
1.38 -0.54 0.0407036
1.38 -0.48 0.0390037
1.38 -0.42 0.0368605
1.38 -0.36 0.0343563
1.38 -0.3 0.0315821
1.38 -0.24 0.0286331
1.38 -0.18 0.0256024
1.38 -0.12 0.022578
1.38 -0.06 0.0196371
1.38 9.71445e-15 0.0168444
1.38 0.06 0.0142505
1.38 0.12 0.0118901
1.38 0.18 0.00978436
1.38 0.24 0.00794092
1.38 0.3 0.0063562
1.38 0.36 0.00501776
1.38 0.42 0.0039067
1.38 0.48 0.00299988
1.38 0.54 0.00227189
1.38 0.6 0.0016969
1.38 0.66 0.00125003
1.38 0.72 0.000908172
1.38 0.78 0.000650735
1.38 0.84 0.000459864
1.38 0.9 0.000320514
1.38 0.96 0.000220319
1.38 1.02 0.000149365
1.38 1.08 9.98691e-05
1.44 -2.52 8.79821e-05
1.44 -2.46 0.000133114
1.44 -2.4 0.000198628
1.44 -2.34 0.000292316
1.44 -2.28 0.00042428
1.44 -2.22 0.000607351
1.44 -2.16 0.00085747
1.44 -2.1 0.00119394
1.44 -2.04 0.0016396
1.44 -1.98 0.00222063
1.44 -1.92 0.00296629
1.44 -1.86 0.00390784
1.44 -1.8 0.00507748
1.44 -1.74 0.00650647
1.44 -1.68 0.0082231
1.44 -1.62 0.0102497
1.44 -1.56 0.0126002
1.44 -1.5 0.0152769
1.44 -1.44 0.0182674
1.44 -1.38 0.0215432
1.44 -1.32 0.0250574
1.44 -1.26 0.0287441
1.44 -1.2 0.0325199
1.44 -1.14 0.0362857
1.44 -1.08 0.0399316
1.44 -1.02 0.0433391
1.44 -0.96 0.0463916
1.44 -0.9 0.048976
1.44 -0.84 0.0509943
1.44 -0.78 0.0523654
1.44 -0.72 0.0530339
1.44 -0.66 0.0529729
1.44 -0.6 0.0521853
1.44 -0.54 0.0507021
1.44 -0.48 0.0485847
1.44 -0.42 0.0459149
1.44 -0.36 0.0427956
1.44 -0.3 0.0393401
1.44 -0.24 0.0356666
1.44 -0.18 0.0318914
1.44 -0.12 0.028124
1.44 -0.06 0.0244608
1.44 9.71445e-15 0.0209821
1.44 0.06 0.017751
1.44 0.12 0.0148107
1.44 0.18 0.0121878
1.44 0.24 0.00989155
1.44 0.3 0.00791756
1.44 0.36 0.00625034
1.44 0.42 0.00486637
1.44 0.48 0.00373676
1.44 0.54 0.00282996
1.44 0.6 0.00211374
1.44 0.66 0.00155709
1.44 0.72 0.00113125
1.44 0.78 0.000810582
1.44 0.84 0.000572827
1.44 0.9 0.000399247
1.44 0.96 0.000274438
1.44 1.02 0.000186054
1.44 1.08 0.000124401
1.5 -2.58 7.0458e-05
1.5 -2.52 0.000108088
1.5 -2.46 0.000163534
1.5 -2.4 0.000244019
1.5 -2.34 0.000359117
1.5 -2.28 0.000521238
1.5 -2.22 0.000746143
1.5 -2.16 0.00105342
1.5 -2.1 0.00146677
1.5 -2.04 0.00201428
1.5 -1.98 0.0027281
1.5 -1.92 0.00364413
1.5 -1.86 0.00480085
1.5 -1.8 0.00623778
1.5 -1.74 0.00799333
1.5 -1.68 0.0101022
1.5 -1.62 0.0125919
1.5 -1.56 0.0154797
1.5 -1.5 0.0187679
1.5 -1.44 0.0224419
1.5 -1.38 0.0264661
1.5 -1.32 0.0307834
1.5 -1.26 0.0353127
1.5 -1.2 0.0399513
1.5 -1.14 0.0445777
1.5 -1.08 0.0490566
1.5 -1.02 0.0532431
1.5 -0.96 0.0569929
1.5 -0.9 0.0601679
1.5 -0.84 0.0626475
1.5 -0.78 0.064332
1.5 -0.72 0.0651534
1.5 -0.66 0.0650785
1.5 -0.6 0.0641108
1.5 -0.54 0.0622887
1.5 -0.48 0.0596872
1.5 -0.42 0.0564071
1.5 -0.36 0.0525753
1.5 -0.3 0.0483299
1.5 -0.24 0.0438171
1.5 -0.18 0.0391793
1.5 -0.12 0.0345509
1.5 -0.06 0.0300506
1.5 9.71445e-15 0.025777
1.5 0.06 0.0218074
1.5 0.12 0.0181952
1.5 0.18 0.014973
1.5 0.24 0.0121519
1.5 0.3 0.00972688
1.5 0.36 0.00767869
1.5 0.42 0.00597844
1.5 0.48 0.00459068
1.5 0.54 0.00347667
1.5 0.6 0.00259677
1.5 0.66 0.00191292
1.5 0.72 0.00138976
1.5 0.78 0.000995818
1.5 0.84 0.000703727
1.5 0.9 0.000490482
1.5 0.96 0.000337153
1.5 1.02 0.000228572
1.5 1.08 0.000152829
1.5 1.14 0.00010078
1.56 -2.58 8.53692e-05
1.56 -2.52 0.000130962
1.56 -2.46 0.000198142
1.56 -2.4 0.000295663
1.56 -2.34 0.00043512
1.56 -2.28 0.00063155
1.56 -2.22 0.000904054
1.56 -2.16 0.00127635
1.56 -2.1 0.0017772
1.56 -2.04 0.00244057
1.56 -1.98 0.00330548
1.56 -1.92 0.00441534
1.56 -1.86 0.00581686
1.56 -1.8 0.00755788
1.56 -1.74 0.00968492
1.56 -1.68 0.0122401
1.56 -1.62 0.0152567
1.56 -1.56 0.0187557
1.56 -1.5 0.0227398
1.56 -1.44 0.0271915
1.56 -1.38 0.0320674
1.56 -1.32 0.0372981
1.56 -1.26 0.0427859
1.56 -1.2 0.0484061
1.56 -1.14 0.0540117
1.56 -1.08 0.0594383
1.56 -1.02 0.0645115
1.56 -0.96 0.0690542
1.56 -0.9 0.0729017
1.56 -0.84 0.0759053
1.56 -0.78 0.0779466
1.56 -0.72 0.078942
1.56 -0.66 0.0788518
1.56 -0.6 0.077679
1.56 -0.54 0.075471
1.56 -0.48 0.0723187
1.56 -0.42 0.068345
1.56 -0.36 0.063702
1.56 -0.3 0.0585582
1.56 -0.24 0.0530899
1.56 -0.18 0.0474708
1.56 -0.12 0.0418632
1.56 -0.06 0.0364104
1.56 9.71445e-15 0.0312322
1.56 0.06 0.0264225
1.56 0.12 0.022046
1.56 0.18 0.0181418
1.56 0.24 0.0147236
1.56 0.3 0.0117854
1.56 0.36 0.00930376
1.56 0.42 0.0072437
1.56 0.48 0.00556227
1.56 0.54 0.00421247
1.56 0.6 0.00314633
1.56 0.66 0.00231775
1.56 0.72 0.00168389
1.56 0.78 0.00120657
1.56 0.84 0.00085266
1.56 0.9 0.00059428
1.56 0.96 0.000408506
1.56 1.02 0.000276946
1.56 1.08 0.000185173
1.56 1.14 0.000122109
1.62 -2.58 0.000102015
1.62 -2.52 0.000156496
1.62 -2.46 0.000236775
1.62 -2.4 0.000353312
1.62 -2.34 0.00051996
1.62 -2.28 0.000754683
1.62 -2.22 0.00108032
1.62 -2.16 0.0015252
1.62 -2.1 0.00212372
1.62 -2.04 0.00291642
1.62 -1.98 0.00394999
1.62 -1.92 0.00527629
1.62 -1.86 0.00695102
1.62 -1.8 0.00903144
1.62 -1.74 0.0115733
1.62 -1.68 0.0146268
1.62 -1.62 0.0182316
1.62 -1.56 0.0224125
1.62 -1.5 0.0271737
1.62 -1.44 0.0324932
1.62 -1.38 0.0383202
1.62 -1.32 0.0445707
1.62 -1.26 0.051128
1.62 -1.2 0.0578436
1.62 -1.14 0.0645432
1.62 -1.08 0.0710277
1.62 -1.02 0.07709
1.62 -0.96 0.0825184
1.62 -0.9 0.0871159
1.62 -0.84 0.0907047
1.62 -0.78 0.0931435
1.62 -0.72 0.0943342
1.62 -0.66 0.0942265
1.62 -0.6 0.0928244
1.62 -0.54 0.0901863
1.62 -0.48 0.0864188
1.62 -0.42 0.0816714
1.62 -0.36 0.0761225
1.62 -0.3 0.0699762
1.62 -0.24 0.0634415
1.62 -0.18 0.0567265
1.62 -0.12 0.0500255
1.62 -0.06 0.0435093
1.62 9.71445e-15 0.0373217
1.62 0.06 0.0315742
1.62 0.12 0.0263447
1.62 0.18 0.0216789
1.62 0.24 0.0175945
1.62 0.3 0.0140831
1.62 0.36 0.0111177
1.62 0.42 0.00865605
1.62 0.48 0.00664684
1.62 0.54 0.00503381
1.62 0.6 0.00375981
1.62 0.66 0.00276964
1.62 0.72 0.00201223
1.62 0.78 0.00144182
1.62 0.84 0.00101892
1.62 0.9 0.000710156
1.62 0.96 0.000488154
1.62 1.02 0.000330943
1.62 1.08 0.000221276
1.62 1.14 0.000145917
1.68 -2.58 0.00012023
1.68 -2.52 0.000184441
1.68 -2.46 0.000279054
1.68 -2.4 0.000416397
1.68 -2.34 0.000612793
1.68 -2.28 0.000889436
1.68 -2.22 0.00127322
1.68 -2.16 0.00179755
1.68 -2.1 0.00250288
1.68 -2.04 0.00343716
1.68 -1.98 0.00465523
1.68 -1.92 0.00621836
1.68 -1.86 0.00819213
1.68 -1.8 0.0106441
1.68 -1.74 0.0136399
1.68 -1.68 0.0172383
1.68 -1.62 0.0214869
1.68 -1.56 0.0264143
1.68 -1.5 0.0320255
1.68 -1.44 0.0382949
1.68 -1.38 0.045162
1.68 -1.32 0.0525288
1.68 -1.26 0.0602569
1.68 -1.2 0.0681728
1.68 -1.14 0.0760677
1.68 -1.08 0.08371
1.68 -1.02 0.0908537
1.68 -0.96 0.0972533
1.68 -0.9 0.10267
1.68 -0.84 0.106901
1.68 -0.78 0.109776
1.68 -0.72 0.111178
1.68 -0.66 0.11105
1.68 -0.6 0.109398
1.68 -0.54 0.10629
1.68 -0.48 0.10185
1.68 -0.42 0.0962532
1.68 -0.36 0.0897151
1.68 -0.3 0.0824705
1.68 -0.24 0.0747698
1.68 -0.18 0.0668559
1.68 -0.12 0.0589577
1.68 -0.06 0.0512779
1.68 9.71445e-15 0.043986
1.68 0.06 0.0372118
1.68 0.12 0.0310485
1.68 0.18 0.02555
1.68 0.24 0.020736
1.68 0.3 0.0165979
1.68 0.36 0.0131028
1.68 0.42 0.0102016
1.68 0.48 0.00783358
1.68 0.54 0.00593252
1.68 0.6 0.00443115
1.68 0.66 0.00326418
1.68 0.72 0.0023715
1.68 0.78 0.00169927
1.68 0.84 0.00120085
1.68 0.9 0.000836962
1.68 0.96 0.000575322
1.68 1.02 0.000390034
1.68 1.08 0.000260787
1.68 1.14 0.000171973
1.68 1.2 0.000111845
1.74 -2.64 8.98449e-05
1.74 -2.58 0.00013975
1.74 -2.52 0.000214383
1.74 -2.46 0.000324357
1.74 -2.4 0.000483997
1.74 -2.34 0.000712289
1.74 -2.28 0.00103384
1.74 -2.22 0.00147992
1.74 -2.16 0.00208938
1.74 -2.1 0.00290928
1.74 -2.04 0.00399517
1.74 -1.98 0.00541105
1.74 -1.92 0.00722793
1.74 -1.86 0.00952215
1.74 -1.8 0.0123721
1.74 -1.74 0.0158541
1.74 -1.68 0.0200371
1.74 -1.62 0.0249754
1.74 -1.56 0.0307029
1.74 -1.5 0.037225
1.74 -1.44 0.0445121
1.74 -1.38 0.0524944
1.74 -1.32 0.0610569
1.74 -1.26 0.0700399
1.74 -1.2 0.0792402
1.74 -1.14 0.0884168
1.74 -1.08 0.097301
1.74 -1.02 0.105605
1.74 -0.96 0.113041
1.74 -0.9 0.11934
1.74 -0.84 0.124257
1.74 -0.78 0.127598
1.74 -0.72 0.129228
1.74 -0.66 0.12908
1.74 -0.6 0.12716
1.74 -0.54 0.123545
1.74 -0.48 0.118385
1.74 -0.42 0.111881
1.74 -0.36 0.104279
1.74 -0.3 0.0958599
1.74 -0.24 0.086908
1.74 -0.18 0.077709
1.74 -0.12 0.0685295
1.74 -0.06 0.0596034
1.74 9.71445e-15 0.0511267
1.74 0.06 0.0432534
1.74 0.12 0.0360893
1.74 0.18 0.0296979
1.74 0.24 0.0241027
1.74 0.3 0.0192925
1.74 0.36 0.0152302
1.74 0.42 0.0118579
1.74 0.48 0.00910542
1.74 0.54 0.0068958
1.74 0.6 0.00515052
1.74 0.66 0.00379412
1.74 0.72 0.00275653
1.74 0.78 0.00197513
1.74 0.84 0.00139581
1.74 0.9 0.000972835
1.74 0.96 0.000668716
1.74 1.02 0.000453356
1.74 1.08 0.000303126
1.74 1.14 0.000199889
1.74 1.2 0.000130004
1.8 -2.64 0.000102997
1.8 -2.58 0.000160205
1.8 -2.52 0.000245766
1.8 -2.46 0.000371838
1.8 -2.4 0.000554848
1.8 -2.34 0.000816548
1.8 -2.28 0.00118517
1.8 -2.22 0.00169656
1.8 -2.16 0.00239522
1.8 -2.1 0.00333508
1.8 -2.04 0.00458
1.8 -1.98 0.0062031
1.8 -1.92 0.00828589
1.8 -1.86 0.010916
1.8 -1.8 0.0141831
1.8 -1.74 0.018175
1.8 -1.68 0.0229699
1.8 -1.62 0.0286311
1.8 -1.56 0.0351969
1.8 -1.5 0.0426736
1.8 -1.44 0.0510279
1.8 -1.38 0.060178
1.8 -1.32 0.0699941
1.8 -1.26 0.0802919
1.8 -1.2 0.0908396
1.8 -1.14 0.10136
1.8 -1.08 0.111542
1.8 -1.02 0.121063
1.8 -0.96 0.129589
1.8 -0.9 0.136808
1.8 -0.84 0.142445
1.8 -0.78 0.146276
1.8 -0.72 0.148144
1.8 -0.66 0.147974
1.8 -0.6 0.145772
1.8 -0.54 0.141631
1.8 -0.48 0.135713
1.8 -0.42 0.128257
1.8 -0.36 0.119545
1.8 -0.3 0.109891
1.8 -0.24 0.09963
1.8 -0.18 0.0890851
1.8 -0.12 0.078561
1.8 -0.06 0.0683275
1.8 9.71445e-15 0.0586111
1.8 0.06 0.0495844
1.8 0.12 0.0413719
1.8 0.18 0.0340452
1.8 0.24 0.0276304
1.8 0.3 0.0221165
1.8 0.36 0.0174595
1.8 0.42 0.0135936
1.8 0.48 0.0104383
1.8 0.54 0.00790509
1.8 0.6 0.00590449
1.8 0.66 0.00434949
1.8 0.72 0.00315999
1.8 0.78 0.00226427
1.8 0.84 0.00160012
1.8 0.9 0.00111524
1.8 0.96 0.000766613
1.8 1.02 0.000519719
1.8 1.08 0.000347496
1.8 1.14 0.000229152
1.8 1.2 0.000149032
1.86 -2.64 0.00011645
1.86 -2.58 0.00018113
1.86 -2.52 0.000277866
1.86 -2.46 0.000420402
1.86 -2.4 0.000627314
1.86 -2.34 0.000923201
1.86 -2.28 0.00133997
1.86 -2.22 0.00191816
1.86 -2.16 0.00270807
1.86 -2.1 0.00377073
1.86 -2.04 0.00517825
1.86 -1.98 0.0070133
1.86 -1.92 0.00936825
1.86 -1.86 0.0123419
1.86 -1.8 0.0160358
1.86 -1.74 0.0205489
1.86 -1.68 0.0259705
1.86 -1.62 0.0323707
1.86 -1.56 0.0397943
1.86 -1.5 0.048248
1.86 -1.44 0.0576928
1.86 -1.38 0.0680387
1.86 -1.32 0.0791371
1.86 -1.26 0.0907804
1.86 -1.2 0.102705
1.86 -1.14 0.114599
1.86 -1.08 0.126113
1.86 -1.02 0.136875
1.86 -0.96 0.146515
1.86 -0.9 0.154677
1.86 -0.84 0.161051
1.86 -0.78 0.165381
1.86 -0.72 0.167493
1.86 -0.66 0.167301
1.86 -0.6 0.164813
1.86 -0.54 0.160129
1.86 -0.48 0.153441
1.86 -0.42 0.14501
1.86 -0.36 0.135159
1.86 -0.3 0.124245
1.86 -0.24 0.112643
1.86 -0.18 0.100721
1.86 -0.12 0.0888223
1.86 -0.06 0.0772527
1.86 9.71445e-15 0.0662663
1.86 0.06 0.0560617
1.86 0.12 0.0467759
1.86 0.18 0.0384917
1.86 0.24 0.0312397
1.86 0.3 0.0250054
1.86 0.36 0.0197399
1.86 0.42 0.015369
1.86 0.48 0.0118016
1.86 0.54 0.00893767
1.86 0.6 0.00667565
1.86 0.66 0.00491765
1.86 0.72 0.00357278
1.86 0.78 0.00256001
1.86 0.84 0.00180912
1.86 0.9 0.00126091
1.86 0.96 0.000866743
1.86 1.02 0.000587604
1.86 1.08 0.000392886
1.86 1.14 0.000259083
1.86 1.2 0.0001685
1.92 -2.64 0.00012985
1.92 -2.58 0.000201976
1.92 -2.52 0.000309844
1.92 -2.46 0.000468782
1.92 -2.4 0.000699505
1.92 -2.34 0.00102944
1.92 -2.28 0.00149417
1.92 -2.22 0.00213888
1.92 -2.16 0.00301973
1.92 -2.1 0.00420467
1.92 -2.04 0.00577411
1.92 -1.98 0.00782037
1.92 -1.92 0.0104463
1.92 -1.86 0.0137621
1.92 -1.8 0.0178812
1.92 -1.74 0.0229136
1.92 -1.68 0.028959
1.92 -1.62 0.0360961
1.92 -1.56 0.0443736
1.92 -1.5 0.0538001
1.92 -1.44 0.0643313
1.92 -1.38 0.0758681
1.92 -1.32 0.0882437
1.92 -1.26 0.101227
1.92 -1.2 0.114524
1.92 -1.14 0.127786
1.92 -1.08 0.140626
1.92 -1.02 0.152626
1.92 -0.96 0.163376
1.92 -0.9 0.172478
1.92 -0.84 0.179585
1.92 -0.78 0.184413
1.92 -0.72 0.186768
1.92 -0.66 0.186554
1.92 -0.6 0.183779
1.92 -0.54 0.178555
1.92 -0.48 0.171099
1.92 -0.42 0.161697
1.92 -0.36 0.150712
1.92 -0.3 0.138543
1.92 -0.24 0.125606
1.92 -0.18 0.112311
1.92 -0.12 0.0990427
1.92 -0.06 0.0861423
1.92 9.71445e-15 0.073892
1.92 0.06 0.062513
1.92 0.12 0.0521586
1.92 0.18 0.0429214
1.92 0.24 0.0348349
1.92 0.3 0.027883
1.92 0.36 0.0220116
1.92 0.42 0.0171378
1.92 0.48 0.0131597
1.92 0.54 0.00996623
1.92 0.6 0.00744386
1.92 0.66 0.00548356
1.92 0.72 0.00398391
1.92 0.78 0.00285459
1.92 0.84 0.00201732
1.92 0.9 0.00140602
1.92 0.96 0.000966479
1.92 1.02 0.000655219
1.92 1.08 0.000438098
1.92 1.14 0.000288896
1.92 1.2 0.000187891
1.92 1.26 0.000120518
1.98 -2.64 0.000142803
1.98 -2.58 0.000222124
1.98 -2.52 0.000340751
1.98 -2.46 0.000515544
1.98 -2.4 0.000769285
1.98 -2.34 0.00113212
1.98 -2.28 0.00164322
1.98 -2.22 0.00235223
1.98 -2.16 0.00332095
1.98 -2.1 0.00462408
1.98 -2.04 0.00635005
1.98 -1.98 0.00860046
1.98 -1.92 0.0114883
1.98 -1.86 0.0151348
1.98 -1.8 0.0196648
1.98 -1.74 0.0251993
1.98 -1.68 0.0318475
1.98 -1.62 0.0396969
1.98 -1.56 0.0487999
1.98 -1.5 0.0591665
1.98 -1.44 0.0707484
1.98 -1.38 0.0834361
1.98 -1.32 0.0970455
1.98 -1.26 0.111324
1.98 -1.2 0.125948
1.98 -1.14 0.140533
1.98 -1.08 0.154654
1.98 -1.02 0.16785
1.98 -0.96 0.179673
1.98 -0.9 0.189683
1.98 -0.84 0.197499
1.98 -0.78 0.202808
1.98 -0.72 0.205399
1.98 -0.66 0.205163
1.98 -0.6 0.202111
1.98 -0.54 0.196367
1.98 -0.48 0.188166
1.98 -0.42 0.177826
1.98 -0.36 0.165746
1.98 -0.3 0.152364
1.98 -0.24 0.138136
1.98 -0.18 0.123514
1.98 -0.12 0.108922
1.98 -0.06 0.0947349
1.98 9.71445e-15 0.0812628
1.98 0.06 0.0687484
1.98 0.12 0.0573617
1.98 0.18 0.0472028
1.98 0.24 0.0383097
1.98 0.3 0.0306642
1.98 0.36 0.0242073
1.98 0.42 0.0188474
1.98 0.48 0.0144725
1.98 0.54 0.0109604
1.98 0.6 0.00818642
1.98 0.66 0.00603052
1.98 0.72 0.0043813
1.98 0.78 0.00313935
1.98 0.84 0.00221855
1.98 0.9 0.00154627
1.98 0.96 0.00106289
1.98 1.02 0.000720572
1.98 1.08 0.000481797
1.98 1.14 0.000317714
1.98 1.2 0.000206633
1.98 1.26 0.00013254
2.04 -2.64 0.00015489
2.04 -2.58 0.000240923
2.04 -2.52 0.00036959
2.04 -2.46 0.000559177
2.04 -2.4 0.000834391
2.04 -2.34 0.00122794
2.04 -2.28 0.00178229
2.04 -2.22 0.00255131
2.04 -2.16 0.00360201
2.04 -2.1 0.00501543
2.04 -2.04 0.00688749
2.04 -1.98 0.00932834
2.04 -1.92 0.0124606
2.04 -1.86 0.0164157
2.04 -1.8 0.0213291
2.04 -1.74 0.0273321
2.04 -1.68 0.0345429
2.04 -1.62 0.0430565
2.04 -1.56 0.0529299
2.04 -1.5 0.0641738
2.04 -1.44 0.0767362
2.04 -1.38 0.0904977
2.04 -1.32 0.105259
2.04 -1.26 0.120746
2.04 -1.2 0.136607
2.04 -1.14 0.152427
2.04 -1.08 0.167742
2.04 -1.02 0.182056
2.04 -0.96 0.19488
2.04 -0.9 0.205737
2.04 -0.84 0.214214
2.04 -0.78 0.219973
2.04 -0.72 0.222782
2.04 -0.66 0.222526
2.04 -0.6 0.219216
2.04 -0.54 0.212987
2.04 -0.48 0.204091
2.04 -0.42 0.192876
2.04 -0.36 0.179774
2.04 -0.3 0.165259
2.04 -0.24 0.149827
2.04 -0.18 0.133968
2.04 -0.12 0.118141
2.04 -0.06 0.102753
2.04 9.71445e-15 0.0881406
2.04 0.06 0.0745668
2.04 0.12 0.0622165
2.04 0.18 0.0511979
2.04 0.24 0.0415519
2.04 0.3 0.0332595
2.04 0.36 0.026256
2.04 0.42 0.0204425
2.04 0.48 0.0156973
2.04 0.54 0.0118879
2.04 0.6 0.00887926
2.04 0.66 0.00654091
2.04 0.72 0.00475211
2.04 0.78 0.00340505
2.04 0.84 0.00240632
2.04 0.9 0.00167714
2.04 0.96 0.00115285
2.04 1.02 0.000781559
2.04 1.08 0.000522574
2.04 1.14 0.000344604
2.04 1.2 0.000224121
2.04 1.26 0.000143757
2.1 -2.7 0.000105057
2.1 -2.64 0.00016569
2.1 -2.58 0.00025772
2.1 -2.52 0.00039536
2.1 -2.46 0.000598168
2.1 -2.4 0.000892567
2.1 -2.34 0.00131355
2.1 -2.28 0.00190656
2.1 -2.22 0.00272921
2.1 -2.16 0.00385316
2.1 -2.1 0.00536511
2.1 -2.04 0.00736773
2.1 -1.98 0.0099787
2.1 -1.92 0.0133294
2.1 -1.86 0.0175603
2.1 -1.8 0.0228163
2.1 -1.74 0.0292378
2.1 -1.68 0.0369514
2.1 -1.62 0.0460585
2.1 -1.56 0.0566208
2.1 -1.5 0.0686485
2.1 -1.44 0.0820868
2.1 -1.38 0.0968071
2.1 -1.32 0.112598
2.1 -1.26 0.129165
2.1 -1.2 0.146133
2.1 -1.14 0.163055
2.1 -1.08 0.179438
2.1 -1.02 0.194749
2.1 -0.96 0.208468
2.1 -0.9 0.220081
2.1 -0.84 0.22915
2.1 -0.78 0.235311
2.1 -0.72 0.238316
2.1 -0.66 0.238041
2.1 -0.6 0.234501
2.1 -0.54 0.227838
2.1 -0.48 0.218322
2.1 -0.42 0.206324
2.1 -0.36 0.192309
2.1 -0.3 0.176781
2.1 -0.24 0.160273
2.1 -0.18 0.143309
2.1 -0.12 0.126379
2.1 -0.06 0.109918
2.1 9.71445e-15 0.0942865
2.1 0.06 0.0797662
2.1 0.12 0.0665542
2.1 0.18 0.0547679
2.1 0.24 0.044449
2.1 0.3 0.0355786
2.1 0.36 0.0280868
2.1 0.42 0.0218677
2.1 0.48 0.0167917
2.1 0.54 0.0127168
2.1 0.6 0.0094984
2.1 0.66 0.006997
2.1 0.72 0.00508342
2.1 0.78 0.00364248
2.1 0.84 0.00257409
2.1 0.9 0.00179408
2.1 0.96 0.00123323
2.1 1.02 0.000836056
2.1 1.08 0.000559013
2.1 1.14 0.000368632
2.1 1.2 0.000239748
2.1 1.26 0.000153779
2.16 -2.7 0.000110838
2.16 -2.64 0.000174806
2.16 -2.58 0.000271899
2.16 -2.52 0.000417112
2.16 -2.46 0.00063108
2.16 -2.4 0.000941679
2.16 -2.34 0.00138584
2.16 -2.28 0.00201147
2.16 -2.22 0.00287938
2.16 -2.16 0.00406515
2.16 -2.1 0.00566034
2.16 -2.04 0.00777314
2.16 -1.98 0.0105278
2.16 -1.92 0.0140627
2.16 -1.86 0.0185265
2.16 -1.8 0.0240717
2.16 -1.74 0.0308464
2.16 -1.68 0.0389845
2.16 -1.62 0.0485924
2.16 -1.56 0.0597365
2.16 -1.5 0.0724255
2.16 -1.44 0.0866039
2.16 -1.38 0.102133
2.16 -1.32 0.118793
2.16 -1.26 0.136272
2.16 -1.2 0.154173
2.16 -1.14 0.172026
2.16 -1.08 0.189309
2.16 -1.02 0.205467
2.16 -0.96 0.219937
2.16 -0.9 0.23219
2.16 -0.84 0.241757
2.16 -0.78 0.248259
2.16 -0.72 0.251429
2.16 -0.66 0.25114
2.16 -0.6 0.247406
2.16 -0.54 0.240374
2.16 -0.48 0.230334
2.16 -0.42 0.217676
2.16 -0.36 0.202889
2.16 -0.3 0.186507
2.16 -0.24 0.169091
2.16 -0.18 0.151194
2.16 -0.12 0.133333
2.16 -0.06 0.115966
2.16 9.71445e-15 0.099474
2.16 0.06 0.084155
2.16 0.12 0.0702156
2.16 0.18 0.0577813
2.16 0.24 0.0468944
2.16 0.3 0.0375362
2.16 0.36 0.0296323
2.16 0.42 0.023071
2.16 0.48 0.0177156
2.16 0.54 0.0134166
2.16 0.6 0.010021
2.16 0.66 0.00738199
2.16 0.72 0.00536312
2.16 0.78 0.00384288
2.16 0.84 0.00271571
2.16 0.9 0.00189278
2.16 0.96 0.00130108
2.16 1.02 0.000882063
2.16 1.08 0.000589772
2.16 1.14 0.000388913
2.16 1.2 0.000252938
2.16 1.26 0.000162242
2.22 -2.7 0.00011533
2.22 -2.64 0.000181888
2.22 -2.58 0.000282916
2.22 -2.52 0.000434008
2.22 -2.46 0.000656644
2.22 -2.4 0.000979838
2.22 -2.34 0.001442
2.22 -2.28 0.00209296
2.22 -2.22 0.00299605
2.22 -2.16 0.00422984
2.22 -2.1 0.00588971
2.22 -2.04 0.00808809
2.22 -1.98 0.0109545
2.22 -1.92 0.0146327
2.22 -1.86 0.0192772
2.22 -1.8 0.0250469
2.22 -1.74 0.0320961
2.22 -1.68 0.0405643
2.22 -1.62 0.0505615
2.22 -1.56 0.0621565
2.22 -1.5 0.0753606
2.22 -1.44 0.0901131
2.22 -1.38 0.106273
2.22 -1.32 0.123608
2.22 -1.26 0.141793
2.22 -1.2 0.160418
2.22 -1.14 0.178997
2.22 -1.08 0.196981
2.22 -1.02 0.213793
2.22 -0.96 0.228847
2.22 -0.9 0.241597
2.22 -0.84 0.251551
2.22 -0.78 0.258314
2.22 -0.72 0.261616
2.22 -0.66 0.261317
2.22 -0.6 0.25743
2.22 -0.54 0.250113
2.22 -0.48 0.239665
2.22 -0.42 0.226499
2.22 -0.36 0.21111
2.22 -0.3 0.194064
2.22 -0.24 0.175942
2.22 -0.18 0.157319
2.22 -0.12 0.138735
2.22 -0.06 0.120664
2.22 9.71445e-15 0.103504
2.22 0.06 0.0875648
2.22 0.12 0.0730616
2.22 0.18 0.0601217
2.22 0.24 0.0487947
2.22 0.3 0.0390567
2.22 0.36 0.0308327
2.22 0.42 0.0240057
2.22 0.48 0.0184336
2.22 0.54 0.0139602
2.22 0.6 0.010427
2.22 0.66 0.00768104
2.22 0.72 0.00558049
2.22 0.78 0.00399858
2.22 0.84 0.00282576
2.22 0.9 0.00196947
2.22 0.96 0.00135379
2.22 1.02 0.000917801
2.22 1.08 0.000613663
2.22 1.14 0.00040467
2.22 1.2 0.000263187
2.22 1.26 0.000168817
2.28 -2.7 0.000118352
2.28 -2.64 0.000186658
2.28 -2.58 0.000290333
2.28 -2.52 0.000445392
2.28 -2.46 0.000673867
2.28 -2.4 0.00100553
2.28 -2.34 0.00147979
2.28 -2.28 0.00214784
2.28 -2.22 0.00307461
2.28 -2.16 0.00434077
2.28 -2.1 0.00604403
2.28 -2.04 0.00830015
2.28 -1.98 0.0112416
2.28 -1.92 0.0150162
2.28 -1.86 0.0197826
2.28 -1.8 0.0257036
2.28 -1.74 0.0329379
2.28 -1.68 0.0416275
2.28 -1.62 0.051887
2.28 -1.56 0.0637861
2.28 -1.5 0.0773358
2.28 -1.44 0.0924756
2.28 -1.38 0.109058
2.28 -1.32 0.126848
2.28 -1.26 0.14551
2.28 -1.2 0.164625
2.28 -1.14 0.18369
2.28 -1.08 0.202145
2.28 -1.02 0.219397
2.28 -0.96 0.23485
2.28 -0.9 0.247932
2.28 -0.84 0.258148
2.28 -0.78 0.26509
2.28 -0.72 0.268476
2.28 -0.66 0.268167
2.28 -0.6 0.264177
2.28 -0.54 0.256672
2.28 -0.48 0.245949
2.28 -0.42 0.232434
2.28 -0.36 0.216647
2.28 -0.3 0.199151
2.28 -0.24 0.180556
2.28 -0.18 0.161445
2.28 -0.12 0.142373
2.28 -0.06 0.123827
2.28 9.71445e-15 0.106219
2.28 0.06 0.08986
2.28 0.12 0.0749766
2.28 0.18 0.0616988
2.28 0.24 0.0500737
2.28 0.3 0.0400809
2.28 0.36 0.0316412
2.28 0.42 0.0246352
2.28 0.48 0.0189168
2.28 0.54 0.0143261
2.28 0.6 0.0107005
2.28 0.66 0.00788243
2.28 0.72 0.00572674
2.28 0.78 0.00410345
2.28 0.84 0.00289983
2.28 0.9 0.00202112
2.28 0.96 0.0013893
2.28 1.02 0.000941865
2.28 1.08 0.000629755
2.28 1.14 0.000415284
2.28 1.2 0.000270086
2.28 1.26 0.000173241
2.34 -2.7 0.000119787
2.34 -2.64 0.000188915
2.34 -2.58 0.000293851
2.34 -2.52 0.000450784
2.34 -2.46 0.00068202
2.34 -2.4 0.0010177
2.34 -2.34 0.00149772
2.34 -2.28 0.00217385
2.34 -2.22 0.00311182
2.34 -2.16 0.00439333
2.34 -2.1 0.00611732
2.34 -2.04 0.00840066
2.34 -1.98 0.0113778
2.34 -1.92 0.0151982
2.34 -1.86 0.0200222
2.34 -1.8 0.0260149
2.34 -1.74 0.0333364
2.34 -1.68 0.042132
2.34 -1.62 0.0525154
2.34 -1.56 0.0645586
2.34 -1.5 0.078273
2.34 -1.44 0.0935951
2.34 -1.38 0.11038
2.34 -1.32 0.128384
2.34 -1.26 0.147273
2.34 -1.2 0.166618
2.34 -1.14 0.185914
2.34 -1.08 0.204594
2.34 -1.02 0.222055
2.34 -0.96 0.237691
2.34 -0.9 0.250935
2.34 -0.84 0.261274
2.34 -0.78 0.268297
2.34 -0.72 0.271725
2.34 -0.66 0.271415
2.34 -0.6 0.267378
2.34 -0.54 0.259777
2.34 -0.48 0.248928
2.34 -0.42 0.235252
2.34 -0.36 0.219267
2.34 -0.3 0.201564
2.34 -0.24 0.182741
2.34 -0.18 0.163398
2.34 -0.12 0.144096
2.34 -0.06 0.125327
2.34 9.71445e-15 0.107503
2.34 0.06 0.090949
2.34 0.12 0.0758849
2.34 0.18 0.0624452
2.34 0.24 0.0506806
2.34 0.3 0.0405663
2.34 0.36 0.0320243
2.34 0.42 0.0249335
2.34 0.48 0.0191459
2.34 0.54 0.0144997
2.34 0.6 0.0108299
2.34 0.66 0.00797791
2.34 0.72 0.00579614
2.34 0.78 0.00415308
2.34 0.84 0.00293495
2.34 0.9 0.00204558
2.34 0.96 0.00140611
2.34 1.02 0.000953266
2.34 1.08 0.000637378
2.34 1.14 0.000420308
2.34 1.2 0.000273359
2.34 1.26 0.000175341
2.4 -2.7 0.000119571
2.4 -2.64 0.000188578
2.4 -2.58 0.000293322
2.4 -2.52 0.000449972
2.4 -2.46 0.000680801
2.4 -2.4 0.00101588
2.4 -2.34 0.00149502
2.4 -2.28 0.00216994
2.4 -2.22 0.00310623
2.4 -2.16 0.0043854
2.4 -2.1 0.00610627
2.4 -2.04 0.00838549
2.4 -1.98 0.0113573
2.4 -1.92 0.0151707
2.4 -1.86 0.0199859
2.4 -1.8 0.025968
2.4 -1.74 0.0332766
2.4 -1.68 0.0420554
2.4 -1.62 0.0524211
2.4 -1.56 0.0644425
2.4 -1.5 0.0781309
2.4 -1.44 0.0934269
2.4 -1.38 0.110181
2.4 -1.32 0.128152
2.4 -1.26 0.147006
2.4 -1.2 0.166318
2.4 -1.14 0.185578
2.4 -1.08 0.204225
2.4 -1.02 0.221654
2.4 -0.96 0.237265
2.4 -0.9 0.250484
2.4 -0.84 0.260802
2.4 -0.78 0.267817
2.4 -0.72 0.271239
2.4 -0.66 0.270927
2.4 -0.6 0.266896
2.4 -0.54 0.259312
2.4 -0.48 0.248478
2.4 -0.42 0.234826
2.4 -0.36 0.218875
2.4 -0.3 0.201202
2.4 -0.24 0.182412
2.4 -0.18 0.163106
2.4 -0.12 0.143837
2.4 -0.06 0.125102
2.4 9.71445e-15 0.107311
2.4 0.06 0.0907841
2.4 0.12 0.0757483
2.4 0.18 0.0623336
2.4 0.24 0.0505891
2.4 0.3 0.0404932
2.4 0.36 0.0319668
2.4 0.42 0.0248888
2.4 0.48 0.0191115
2.4 0.54 0.0144736
2.4 0.6 0.0108106
2.4 0.66 0.00796351
2.4 0.72 0.00578567
2.4 0.78 0.00414566
2.4 0.84 0.00292968
2.4 0.9 0.00204189
2.4 0.96 0.00140359
2.4 1.02 0.000951552
2.4 1.08 0.000636234
2.4 1.14 0.000419554
2.4 1.2 0.000272864
2.4 1.26 0.000175024
2.4 1.32 0.000110723
2.46 -2.7 0.000117715
2.46 -2.64 0.000185651
2.46 -2.58 0.000288767
2.46 -2.52 0.000442988
2.46 -2.46 0.000670231
2.46 -2.4 0.00100011
2.46 -2.34 0.00147182
2.46 -2.28 0.00213624
2.46 -2.22 0.00305804
2.46 -2.16 0.00431733
2.46 -2.1 0.00601148
2.46 -2.04 0.00825541
2.46 -1.98 0.011181
2.46 -1.92 0.0149352
2.46 -1.86 0.0196759
2.46 -1.8 0.0255649
2.46 -1.74 0.0327601
2.46 -1.68 0.0414032
2.46 -1.62 0.0516071
2.46 -1.56 0.0634421
2.46 -1.5 0.0769189
2.46 -1.44 0.0919772
2.46 -1.38 0.10847
2.46 -1.32 0.126164
2.46 -1.26 0.144726
2.46 -1.2 0.163736
2.46 -1.14 0.182699
2.46 -1.08 0.201053
2.46 -1.02 0.218215
2.46 -0.96 0.233583
2.46 -0.9 0.246594
2.46 -0.84 0.256754
2.46 -0.78 0.263659
2.46 -0.72 0.267028
2.46 -0.66 0.266722
2.46 -0.6 0.262753
2.46 -0.54 0.255288
2.46 -0.48 0.244622
2.46 -0.42 0.231182
2.46 -0.36 0.215478
2.46 -0.3 0.198077
2.46 -0.24 0.179581
2.46 -0.18 0.160575
2.46 -0.12 0.141605
2.46 -0.06 0.12316
2.46 9.71445e-15 0.105646
2.46 0.06 0.0893758
2.46 0.12 0.0745723
2.46 0.18 0.0613658
2.46 0.24 0.0498032
2.46 0.3 0.0398646
2.46 0.36 0.0314703
2.46 0.42 0.0245023
2.46 0.48 0.0188148
2.46 0.54 0.0142489
2.46 0.6 0.0106427
2.46 0.66 0.00783992
2.46 0.72 0.00569586
2.46 0.78 0.00408132
2.46 0.84 0.00288419
2.46 0.9 0.00201021
2.46 0.96 0.00138181
2.46 1.02 0.000936789
2.46 1.08 0.000626356
2.46 1.14 0.000413044
2.46 1.2 0.000268629
2.46 1.26 0.000172308
2.46 1.32 0.000109005
2.52 -2.7 0.000114294
2.52 -2.64 0.000180257
2.52 -2.58 0.000280376
2.52 -2.52 0.000430117
2.52 -2.46 0.000650754
2.52 -2.4 0.000971043
2.52 -2.34 0.00142906
2.52 -2.28 0.00207418
2.52 -2.22 0.00296918
2.52 -2.16 0.0041919
2.52 -2.1 0.00583682
2.52 -2.04 0.00801557
2.52 -1.98 0.0108561
2.52 -1.92 0.0145013
2.52 -1.86 0.0191043
2.52 -1.8 0.0248223
2.52 -1.74 0.0318082
2.52 -1.68 0.0402004
2.52 -1.62 0.0501073
2.52 -1.56 0.0615991
2.52 -1.5 0.0746844
2.52 -1.44 0.0893047
2.52 -1.38 0.105318
2.52 -1.32 0.122498
2.52 -1.26 0.140522
2.52 -1.2 0.15898
2.52 -1.14 0.177391
2.52 -1.08 0.195213
2.52 -1.02 0.211874
2.52 -0.96 0.226795
2.52 -0.9 0.239429
2.52 -0.84 0.249295
2.52 -0.78 0.255999
2.52 -0.72 0.259268
2.52 -0.66 0.258972
2.52 -0.6 0.25512
2.52 -0.54 0.247869
2.52 -0.48 0.237516
2.52 -0.42 0.224464
2.52 -0.36 0.209217
2.52 -0.3 0.192321
2.52 -0.24 0.174363
2.52 -0.18 0.155909
2.52 -0.12 0.137491
2.52 -0.06 0.119582
2.52 9.71445e-15 0.102576
2.52 0.06 0.0867794
2.52 0.12 0.0724054
2.52 0.18 0.0595827
2.52 0.24 0.0483566
2.52 0.3 0.0387066
2.52 0.36 0.0305561
2.52 0.42 0.0237902
2.52 0.48 0.0182681
2.52 0.54 0.0138349
2.52 0.6 0.0103335
2.52 0.66 0.00761218
2.52 0.72 0.00553038
2.52 0.78 0.00396273
2.52 0.84 0.00280037
2.52 0.9 0.0019518
2.52 0.96 0.00134166
2.52 1.02 0.000909572
2.52 1.08 0.000608161
2.52 1.14 0.000401042
2.52 1.2 0.000260826
2.52 1.26 0.000167301
2.58 -2.64 0.000172613
2.58 -2.58 0.000268488
2.58 -2.52 0.000411881
2.58 -2.46 0.000623165
2.58 -2.4 0.000929869
2.58 -2.34 0.00136846
2.58 -2.28 0.00198624
2.58 -2.22 0.00284329
2.58 -2.16 0.00401417
2.58 -2.1 0.00558935
2.58 -2.04 0.0076757
2.58 -1.98 0.0103958
2.58 -1.92 0.0138865
2.58 -1.86 0.0182943
2.58 -1.8 0.0237699
2.58 -1.74 0.0304595
2.58 -1.68 0.0384958
2.58 -1.62 0.0479827
2.58 -1.56 0.0589873
2.58 -1.5 0.0715177
2.58 -1.44 0.0855181
2.58 -1.38 0.100853
2.58 -1.32 0.117304
2.58 -1.26 0.134563
2.58 -1.2 0.152239
2.58 -1.14 0.16987
2.58 -1.08 0.186936
2.58 -1.02 0.202891
2.58 -0.96 0.217179
2.58 -0.9 0.229278
2.58 -0.84 0.238726
2.58 -0.78 0.245145
2.58 -0.72 0.248275
2.58 -0.66 0.247991
2.58 -0.6 0.244303
2.58 -0.54 0.237359
2.58 -0.48 0.227446
2.58 -0.42 0.214947
2.58 -0.36 0.200345
2.58 -0.3 0.184167
2.58 -0.24 0.16697
2.58 -0.18 0.149298
2.58 -0.12 0.131661
2.58 -0.06 0.114512
2.58 9.71445e-15 0.0982263
2.58 0.06 0.0831
2.58 0.12 0.0693352
2.58 0.18 0.0570565
2.58 0.24 0.0463064
2.58 0.3 0.0370655
2.58 0.36 0.0292606
2.58 0.42 0.0227816
2.58 0.48 0.0174935
2.58 0.54 0.0132483
2.58 0.6 0.00989531
2.58 0.66 0.00728943
2.58 0.72 0.00529588
2.58 0.78 0.0037947
2.58 0.84 0.00268163
2.58 0.9 0.00186904
2.58 0.96 0.00128477
2.58 1.02 0.000871005
2.58 1.08 0.000582376
2.58 1.14 0.000384037
2.58 1.2 0.000249767
2.58 1.26 0.000160208
2.64 -2.64 0.000163022
2.64 -2.58 0.000253571
2.64 -2.52 0.000388995
2.64 -2.46 0.00058854
2.64 -2.4 0.000878205
2.64 -2.34 0.00129243
2.64 -2.28 0.00187588
2.64 -2.22 0.00268531
2.64 -2.16 0.00379112
2.64 -2.1 0.00527881
2.64 -2.04 0.00724921
2.64 -1.98 0.00981824
2.64 -1.92 0.0131148
2.64 -1.86 0.0172778
2.64 -1.8 0.0224491
2.64 -1.74 0.028767
2.64 -1.68 0.0363568
2.64 -1.62 0.0453169
2.64 -1.56 0.0557099
2.64 -1.5 0.0675437
2.64 -1.44 0.0807666
2.64 -1.38 0.0952495
2.64 -1.32 0.110786
2.64 -1.26 0.127087
2.64 -1.2 0.14378
2.64 -1.14 0.160431
2.64 -1.08 0.176549
2.64 -1.02 0.191618
2.64 -0.96 0.205111
2.64 -0.9 0.216539
2.64 -0.84 0.225461
2.64 -0.78 0.231524
2.64 -0.72 0.23448
2.64 -0.66 0.234213
2.64 -0.6 0.230729
2.64 -0.54 0.224171
2.64 -0.48 0.214808
2.64 -0.42 0.203004
2.64 -0.36 0.189214
2.64 -0.3 0.173934
2.64 -0.24 0.157692
2.64 -0.18 0.141002
2.64 -0.12 0.124346
2.64 -0.06 0.108149
2.64 9.71445e-15 0.0927685
2.64 0.06 0.0784825
2.64 0.12 0.065483
2.64 0.18 0.0538863
2.64 0.24 0.0437334
2.64 0.3 0.035006
2.64 0.36 0.0276349
2.64 0.42 0.0215158
2.64 0.48 0.0165216
2.64 0.54 0.0125123
2.64 0.6 0.00934551
2.64 0.66 0.0068844
2.64 0.72 0.00500163
2.64 0.78 0.00358385
2.64 0.84 0.00253264
2.64 0.9 0.00176518
2.64 0.96 0.00121338
2.64 1.02 0.00082261
2.64 1.08 0.000550018
2.64 1.14 0.000362698
2.64 1.2 0.000235888
2.64 1.26 0.000151306
2.7 -2.64 0.000151848
2.7 -2.58 0.00023619
2.7 -2.52 0.000362328
2.7 -2.46 0.000548196
2.7 -2.4 0.000818012
2.7 -2.34 0.00120385
2.7 -2.28 0.0017473
2.7 -2.22 0.00250124
2.7 -2.16 0.00353124
2.7 -2.1 0.00491698
2.7 -2.04 0.00675228
2.7 -1.98 0.00914528
2.7 -1.92 0.012216
2.7 -1.86 0.0160934
2.7 -1.8 0.0209102
2.7 -1.74 0.0267951
2.7 -1.68 0.0338648
2.7 -1.62 0.0422109
2.7 -1.56 0.0518911
2.7 -1.5 0.0629141
2.7 -1.44 0.0752305
2.7 -1.38 0.0887213
2.7 -1.32 0.103193
2.7 -1.26 0.118375
2.7 -1.2 0.133923
2.7 -1.14 0.149434
2.7 -1.08 0.164448
2.7 -1.02 0.178484
2.7 -0.96 0.191052
2.7 -0.9 0.201696
2.7 -0.84 0.210005
2.7 -0.78 0.215653
2.7 -0.72 0.218409
2.7 -0.66 0.218159
2.7 -0.6 0.214914
2.7 -0.54 0.208806
2.7 -0.48 0.200082
2.7 -0.42 0.189091
2.7 -0.36 0.176244
2.7 -0.3 0.162013
2.7 -0.24 0.146883
2.7 -0.18 0.131337
2.7 -0.12 0.115823
2.7 -0.06 0.100736
2.7 9.71445e-15 0.0864097
2.7 0.06 0.0731025
2.7 0.12 0.060995
2.7 0.18 0.0501924
2.7 0.24 0.0407359
2.7 0.3 0.0326063
2.7 0.36 0.0257406
2.7 0.42 0.020041
2.7 0.48 0.0153892
2.7 0.54 0.0116546
2.7 0.6 0.00870495
2.7 0.66 0.00641247
2.7 0.72 0.00465883
2.7 0.78 0.0033382
2.7 0.84 0.00235906
2.7 0.9 0.00164419
2.7 0.96 0.00113021
2.7 1.02 0.000766223
2.7 1.08 0.000512314
2.7 1.14 0.000337837
2.7 1.2 0.000219719
2.7 1.26 0.000140936
2.76 -2.64 0.000139496
2.76 -2.58 0.000216978
2.76 -2.52 0.000332857
2.76 -2.46 0.000503602
2.76 -2.4 0.000751466
2.76 -2.34 0.00110591
2.76 -2.28 0.00160515
2.76 -2.22 0.00229777
2.76 -2.16 0.00324402
2.76 -2.1 0.00451697
2.76 -2.04 0.00620303
2.76 -1.98 0.00840129
2.76 -1.92 0.0112223
2.76 -1.86 0.0147843
2.76 -1.8 0.0192092
2.76 -1.74 0.0246157
2.76 -1.68 0.03111
2.76 -1.62 0.0387773
2.76 -1.56 0.0476692
2.76 -1.5 0.0577964
2.76 -1.44 0.0691102
2.76 -1.38 0.081504
2.76 -1.32 0.0947986
2.76 -1.26 0.108745
2.76 -1.2 0.12303
2.76 -1.14 0.137279
2.76 -1.08 0.15107
2.76 -1.02 0.163964
2.76 -0.96 0.175512
2.76 -0.9 0.185289
2.76 -0.84 0.192924
2.76 -0.78 0.19811
2.76 -0.72 0.200641
2.76 -0.66 0.200412
2.76 -0.6 0.197429
2.76 -0.54 0.191819
2.76 -0.48 0.183806
2.76 -0.42 0.173709
2.76 -0.36 0.161907
2.76 -0.3 0.148834
2.76 -0.24 0.134936
2.76 -0.18 0.120654
2.76 -0.12 0.1064
2.76 -0.06 0.0925403
2.76 9.71445e-15 0.0793808
2.76 0.06 0.0671561
2.76 0.12 0.0560333
2.76 0.18 0.0461095
2.76 0.24 0.0374221
2.76 0.3 0.0299538
2.76 0.36 0.0236464
2.76 0.42 0.0184108
2.76 0.48 0.0141373
2.76 0.54 0.0107064
2.76 0.6 0.00799679
2.76 0.66 0.00589082
2.76 0.72 0.00427985
2.76 0.78 0.00306665
2.76 0.84 0.00216717
2.76 0.9 0.00151046
2.76 0.96 0.00103828
2.76 1.02 0.00070389
2.76 1.08 0.000470635
2.76 1.14 0.000310357
2.76 1.2 0.000201845
2.76 1.26 0.000129471
2.82 -2.64 0.000126387
2.82 -2.58 0.000196587
2.82 -2.52 0.000301578
2.82 -2.46 0.000456281
2.82 -2.4 0.00068085
2.82 -2.34 0.00100198
2.82 -2.28 0.00145432
2.82 -2.22 0.00208183
2.82 -2.16 0.00293916
2.82 -2.1 0.00409249
2.82 -2.04 0.00562005
2.82 -1.98 0.00761176
2.82 -1.92 0.0101675
2.82 -1.86 0.0133949
2.82 -1.8 0.0174041
2.82 -1.74 0.0223024
2.82 -1.68 0.0281862
2.82 -1.62 0.0351331
2.82 -1.56 0.0431902
2.82 -1.5 0.0523643
2.82 -1.44 0.0626156
2.82 -1.38 0.0738439
2.82 -1.32 0.0858886
2.82 -1.26 0.0985261
2.82 -1.2 0.111469
2.82 -1.14 0.124377
2.82 -1.08 0.136873
2.82 -1.02 0.148555
2.82 -0.96 0.159018
2.82 -0.9 0.167877
2.82 -0.84 0.174794
2.82 -0.78 0.179495
2.82 -0.72 0.181787
2.82 -0.66 0.181578
2.82 -0.6 0.178877
2.82 -0.54 0.173794
2.82 -0.48 0.166534
2.82 -0.42 0.157382
2.82 -0.36 0.146692
2.82 -0.3 0.134847
2.82 -0.24 0.122255
2.82 -0.18 0.109316
2.82 -0.12 0.0964012
2.82 -0.06 0.0838449
2.82 9.71445e-15 0.0719213
2.82 0.06 0.060845
2.82 0.12 0.0507671
2.82 0.18 0.0417767
2.82 0.24 0.0339053
2.82 0.3 0.0271391
2.82 0.36 0.0214245
2.82 0.42 0.0166807
2.82 0.48 0.0128087
2.82 0.54 0.00970035
2.82 0.6 0.00724536
2.82 0.66 0.00533726
2.82 0.72 0.00387759
2.82 0.78 0.00277847
2.82 0.84 0.0019635
2.82 0.9 0.00136851
2.82 0.96 0.000940702
2.82 1.02 0.00063774
2.82 1.08 0.000426413
2.82 1.14 0.00028119
2.82 1.2 0.000182877
2.82 1.26 0.000117303
2.88 -2.64 0.000112935
2.88 -2.58 0.000175664
2.88 -2.52 0.000269479
2.88 -2.46 0.000407712
2.88 -2.4 0.000608384
2.88 -2.34 0.000895343
2.88 -2.28 0.00129953
2.88 -2.22 0.00186026
2.88 -2.16 0.00262634
2.88 -2.1 0.00365694
2.88 -2.04 0.00502196
2.88 -1.98 0.00680167
2.88 -1.92 0.00908553
2.88 -1.86 0.0119694
2.88 -1.8 0.0155518
2.88 -1.74 0.0199287
2.88 -1.68 0.0251867
2.88 -1.62 0.0313939
2.88 -1.56 0.0385931
2.88 -1.5 0.0467919
2.88 -1.44 0.0559514
2.88 -1.38 0.0659854
2.88 -1.32 0.0767488
2.88 -1.26 0.0880405
2.88 -1.2 0.0996048
2.88 -1.14 0.111141
2.88 -1.08 0.122307
2.88 -1.02 0.132745
2.88 -0.96 0.142093
2.88 -0.9 0.150009
2.88 -0.84 0.15619
2.88 -0.78 0.160389
2.88 -0.72 0.162438
2.88 -0.66 0.162253
2.88 -0.6 0.159839
2.88 -0.54 0.155296
2.88 -0.48 0.14881
2.88 -0.42 0.140634
2.88 -0.36 0.131079
2.88 -0.3 0.120495
2.88 -0.24 0.109243
2.88 -0.18 0.0976806
2.88 -0.12 0.0861412
2.88 -0.06 0.0749208
2.88 9.71445e-15 0.0642662
2.88 0.06 0.0543696
2.88 0.12 0.0453643
2.88 0.18 0.0373299
2.88 0.24 0.0302969
2.88 0.3 0.0242506
2.88 0.36 0.0191441
2.88 0.42 0.0149052
2.88 0.48 0.0114455
2.88 0.54 0.00866796
2.88 0.6 0.00647416
2.88 0.66 0.00476922
2.88 0.72 0.00346496
2.88 0.78 0.00248274
2.88 0.84 0.00175452
2.88 0.9 0.00122286
2.88 0.96 0.000840583
2.88 1.02 0.000569868
2.88 1.08 0.000381027
2.88 1.14 0.000251263
2.88 1.2 0.000163415
2.88 1.26 0.000104819
2.94 -2.58 0.000154812
2.94 -2.52 0.00023749
2.94 -2.46 0.000359318
2.94 -2.4 0.000536166
2.94 -2.34 0.000789052
2.94 -2.28 0.00114527
2.94 -2.22 0.00163943
2.94 -2.16 0.00231456
2.94 -2.1 0.00322282
2.94 -2.04 0.00442574
2.94 -1.98 0.00599423
2.94 -1.92 0.00800689
2.94 -1.86 0.0105483
2.94 -1.8 0.0137056
2.94 -1.74 0.0175629
2.94 -1.68 0.0221964
2.94 -1.62 0.0276672
2.94 -1.56 0.034012
2.94 -1.5 0.0412366
2.94 -1.44 0.0493094
2.94 -1.38 0.0581519
2.94 -1.32 0.0676368
2.94 -1.26 0.0775882
2.94 -1.2 0.0877806
2.94 -1.14 0.0979457
2.94 -1.08 0.107788
2.94 -1.02 0.116986
2.94 -0.96 0.125225
2.94 -0.9 0.132203
2.94 -0.84 0.137648
2.94 -0.78 0.141351
2.94 -0.72 0.143156
2.94 -0.66 0.142992
2.94 -0.6 0.140865
2.94 -0.54 0.136862
2.94 -0.48 0.131144
2.94 -0.42 0.123938
2.94 -0.36 0.115519
2.94 -0.3 0.106192
2.94 -0.24 0.0962748
2.94 -0.18 0.0860851
2.94 -0.12 0.0759153
2.94 -0.06 0.0660272
2.94 9.71445e-15 0.0566374
2.94 0.06 0.0479148
2.94 0.12 0.039979
2.94 0.18 0.0328989
2.94 0.24 0.0267004
2.94 0.3 0.0213718
2.94 0.36 0.0168717
2.94 0.42 0.013136
2.94 0.48 0.0100868
2.94 0.54 0.00763898
2.94 0.6 0.00570567
2.94 0.66 0.00420304
2.94 0.72 0.0030536
2.94 0.78 0.00218802
2.94 0.84 0.00154625
2.94 0.9 0.00107769
2.94 0.96 0.000740795
2.94 1.02 0.000502215
2.94 1.08 0.000335797
2.94 1.14 0.000221435
2.94 1.2 0.000144015
2.94 1.26 9.23755e-05
3 -2.58 0.000134557
3 -2.52 0.00020642
3 -2.46 0.00031231
3 -2.4 0.000466022
3 -2.34 0.000685828
3 -2.28 0.000995432
3 -2.22 0.00142496
3 -2.16 0.00201176
3 -2.1 0.00280118
3 -2.04 0.00384679
3 -1.98 0.00521005
3 -1.92 0.0069594
3 -1.86 0.00916844
3 -1.8 0.0119125
3 -1.74 0.0152653
3 -1.68 0.0192927
3 -1.62 0.0240475
3 -1.56 0.0295622
3 -1.5 0.0358421
3 -1.44 0.0428588
3 -1.38 0.0505442
3 -1.32 0.0587888
3 -1.26 0.0674382
3 -1.2 0.0762968
3 -1.14 0.0851329
3 -1.08 0.093685
3 -1.02 0.101682
3 -0.96 0.108843
3 -0.9 0.114906
3 -0.84 0.11964
3 -0.78 0.122858
3 -0.72 0.124428
3 -0.66 0.124285
3 -0.6 0.122436
3 -0.54 0.118957
3 -0.48 0.113987
3 -0.42 0.107724
3 -0.36 0.100407
3 -0.3 0.0922987
3 -0.24 0.08368
3 -0.18 0.0748234
3 -0.12 0.0659842
3 -0.06 0.0573891
3 9.71445e-15 0.049228
3 0.06 0.0416466
3 0.12 0.0347487
3 0.18 0.0285948
3 0.24 0.0232069
3 0.3 0.0185758
3 0.36 0.0146643
3 0.42 0.0114174
3 0.48 0.0087672
3 0.54 0.00663959
3 0.6 0.00495923
3 0.66 0.00365318
3 0.72 0.00265412
3 0.78 0.00190178
3 0.84 0.00134396
3 0.9 0.000936702
3 0.96 0.000643885
3 1.02 0.000436518
3 1.08 0.000291864
3 1.14 0.000192467
3 1.2 0.000125173
3.06 -2.58 0.000115346
3.06 -2.52 0.000176949
3.06 -2.46 0.000267718
3.06 -2.4 0.000399484
3.06 -2.34 0.00058791
3.06 -2.28 0.000853313
3.06 -2.22 0.00122151
3.06 -2.16 0.00172454
3.06 -2.1 0.00240125
3.06 -2.04 0.00329758
3.06 -1.98 0.00446618
3.06 -1.92 0.00596581
3.06 -1.86 0.00785947
3.06 -1.8 0.0102118
3.06 -1.74 0.0130858
3.06 -1.68 0.0165383
3.06 -1.62 0.020614
3.06 -1.56 0.0253417
3.06 -1.5 0.030725
3.06 -1.44 0.0367397
3.06 -1.38 0.0433278
3.06 -1.32 0.0503955
3.06 -1.26 0.0578102
3.06 -1.2 0.0654038
3.06 -1.14 0.0729783
3.06 -1.08 0.0803101
3.06 -1.02 0.0871643
3.06 -0.96 0.093303
3.06 -0.9 0.0985001
3.06 -0.84 0.102559
3.06 -0.78 0.105317
3.06 -0.72 0.106662
3.06 -0.66 0.10654
3.06 -0.6 0.104955
3.06 -0.54 0.101973
3.06 -0.48 0.0977135
3.06 -0.42 0.0923442
3.06 -0.36 0.0860711
3.06 -0.3 0.0791203
3.06 -0.24 0.0717325
3.06 -0.18 0.0641403
3.06 -0.12 0.0565634
3.06 -0.06 0.0491957
3.06 9.71445e-15 0.0421993
3.06 0.06 0.0357008
3.06 0.12 0.0297874
3.06 0.18 0.0245121
3.06 0.24 0.0198938
3.06 0.3 0.0159238
3.06 0.36 0.0125707
3.06 0.42 0.00978722
3.06 0.48 0.00751543
3.06 0.54 0.00569164
3.06 0.6 0.00425116
3.06 0.66 0.00313163
3.06 0.72 0.00227518
3.06 0.78 0.00163025
3.06 0.84 0.00115207
3.06 0.9 0.000802965
3.06 0.96 0.000551954
3.06 1.02 0.000374195
3.06 1.08 0.000250196
3.06 1.14 0.000164988
3.06 1.2 0.000107303
3.12 -2.52 0.000149601
3.12 -2.46 0.000226342
3.12 -2.4 0.00033774
3.12 -2.34 0.000497044
3.12 -2.28 0.00072143
3.12 -2.22 0.00103272
3.12 -2.16 0.00145801
3.12 -2.1 0.00203012
3.12 -2.04 0.00278792
3.12 -1.98 0.0037759
3.12 -1.92 0.00504376
3.12 -1.86 0.00664474
3.12 -1.8 0.00863355
3.12 -1.74 0.0110633
3.12 -1.68 0.0139822
3.12 -1.62 0.0174281
3.12 -1.56 0.021425
3.12 -1.5 0.0259762
3.12 -1.44 0.0310613
3.12 -1.38 0.0366312
3.12 -1.32 0.0426066
3.12 -1.26 0.0488753
3.12 -1.2 0.0552955
3.12 -1.14 0.0616989
3.12 -1.08 0.067898
3.12 -1.02 0.0736924
3.12 -0.96 0.0788822
3.12 -0.9 0.0832766
3.12 -0.84 0.0867086
3.12 -0.78 0.08904
3.12 -0.72 0.0901768
3.12 -0.66 0.0900735
3.12 -0.6 0.088734
3.12 -0.54 0.0862119
3.12 -0.48 0.0826115
3.12 -0.42 0.0780718
3.12 -0.36 0.072768
3.12 -0.3 0.066892
3.12 -0.24 0.060646
3.12 -0.18 0.0542269
3.12 -0.12 0.0478211
3.12 -0.06 0.0415923
3.12 9.71445e-15 0.0356772
3.12 0.06 0.0301831
3.12 0.12 0.0251835
3.12 0.18 0.0207237
3.12 0.24 0.0168192
3.12 0.3 0.0134627
3.12 0.36 0.0106279
3.12 0.42 0.00827458
3.12 0.48 0.00635385
3.12 0.54 0.00481196
3.12 0.6 0.00359411
3.12 0.66 0.00264762
3.12 0.72 0.00192354
3.12 0.78 0.00137828
3.12 0.84 0.000974009
3.12 0.9 0.000678862
3.12 0.96 0.000466645
3.12 1.02 0.000316361
3.12 1.08 0.000211527
3.12 1.14 0.000139487
3.12 1.2 9.0719e-05
3.18 -2.52 0.000124741
3.18 -2.46 0.00018873
3.18 -2.4 0.000281616
3.18 -2.34 0.000414448
3.18 -2.28 0.000601547
3.18 -2.22 0.000861105
3.18 -2.16 0.00121572
3.18 -2.1 0.00169277
3.18 -2.04 0.00232463
3.18 -1.98 0.00314844
3.18 -1.92 0.00420559
3.18 -1.86 0.00554053
3.18 -1.8 0.00719885
3.18 -1.74 0.00922487
3.18 -1.68 0.0116587
3.18 -1.62 0.0145319
3.18 -1.56 0.0178647
3.18 -1.5 0.0216596
3.18 -1.44 0.0258996
3.18 -1.38 0.0305438
3.18 -1.32 0.0355263
3.18 -1.26 0.0407534
3.18 -1.2 0.0461067
3.18 -1.14 0.0514459
3.18 -1.08 0.0566148
3.18 -1.02 0.0614466
3.18 -0.96 0.0657739
3.18 -0.9 0.0694383
3.18 -0.84 0.0722996
3.18 -0.78 0.0742438
3.18 -0.72 0.0751918
3.18 -0.66 0.0751055
3.18 -0.6 0.0739886
3.18 -0.54 0.0718856
3.18 -0.48 0.0688834
3.18 -0.42 0.0650979
3.18 -0.36 0.0606757
3.18 -0.3 0.0557761
3.18 -0.24 0.0505681
3.18 -0.18 0.0452157
3.18 -0.12 0.0398743
3.18 -0.06 0.0346806
3.18 9.71445e-15 0.0297485
3.18 0.06 0.0251673
3.18 0.12 0.0209985
3.18 0.18 0.01728
3.18 0.24 0.0140242
3.18 0.3 0.0112255
3.18 0.36 0.00886177
3.18 0.42 0.00689956
3.18 0.48 0.005298
3.18 0.54 0.00401234
3.18 0.6 0.00299686
3.18 0.66 0.00220765
3.18 0.72 0.00160389
3.18 0.78 0.00114924
3.18 0.84 0.000812151
3.18 0.9 0.000566051
3.18 0.96 0.000389099
3.18 1.02 0.000263789
3.18 1.08 0.000176376
3.18 1.14 0.000116308
3.18 1.2 7.56435e-05
3.24 -2.52 0.000102582
3.24 -2.46 0.000155204
3.24 -2.4 0.000231591
3.24 -2.34 0.000340828
3.24 -2.28 0.00049469
3.24 -2.22 0.000708141
3.24 -2.16 0.000999756
3.24 -2.1 0.00139208
3.24 -2.04 0.00191169
3.24 -1.98 0.00258917
3.24 -1.92 0.00345852
3.24 -1.86 0.00455631
3.24 -1.8 0.00592004
3.24 -1.74 0.00758614
3.24 -1.68 0.00958763
3.24 -1.62 0.0119505
3.24 -1.56 0.0146913
3.24 -1.5 0.0178119
3.24 -1.44 0.021299
3.24 -1.38 0.0251183
3.24 -1.32 0.0292154
3.24 -1.26 0.0335139
3.24 -1.2 0.0379162
3.24 -1.14 0.0423071
3.24 -1.08 0.0465578
3.24 -1.02 0.0505316
3.24 -0.96 0.0540898
3.24 -0.9 0.0571036
3.24 -0.84 0.0594561
3.24 -0.78 0.0610552
3.24 -0.72 0.0618348
3.24 -0.66 0.0617642
3.24 -0.6 0.0608456
3.24 -0.54 0.059116
3.24 -0.48 0.0566469
3.24 -0.42 0.0535344
3.24 -0.36 0.0498975
3.24 -0.3 0.0458683
3.24 -0.24 0.041585
3.24 -0.18 0.0371837
3.24 -0.12 0.0327912
3.24 -0.06 0.0285201
3.24 9.71445e-15 0.024464
3.24 0.06 0.0206966
3.24 0.12 0.0172685
3.24 0.18 0.0142104
3.24 0.24 0.011533
3.24 0.3 0.00923142
3.24 0.36 0.00728759
3.24 0.42 0.00567395
3.24 0.48 0.00435691
3.24 0.54 0.00329961
3.24 0.6 0.0024645
3.24 0.66 0.00181548
3.24 0.72 0.00131898
3.24 0.78 0.000945097
3.24 0.84 0.000667885
3.24 0.9 0.000465496
3.24 0.96 0.000319981
3.24 1.02 0.00021693
3.24 1.08 0.000145045
3.24 1.14 9.56471e-05
3.3 -2.46 0.000125879
3.3 -2.4 0.000187835
3.3 -2.34 0.000276431
3.3 -2.28 0.00040122
3.3 -2.22 0.000574342
3.3 -2.16 0.000810857
3.3 -2.1 0.00112906
3.3 -2.04 0.00155048
3.3 -1.98 0.00209997
3.3 -1.92 0.00280509
3.3 -1.86 0.00369544
3.3 -1.8 0.00480147
3.3 -1.74 0.00615281
3.3 -1.68 0.00777617
3.3 -1.62 0.00969265
3.3 -1.56 0.0119154
3.3 -1.5 0.0144466
3.3 -1.44 0.0172747
3.3 -1.38 0.0203725
3.3 -1.32 0.0236955
3.3 -1.26 0.0271817
3.3 -1.2 0.030752
3.3 -1.14 0.0343137
3.3 -1.08 0.0377612
3.3 -1.02 0.0409841
3.3 -0.96 0.04387
3.3 -0.9 0.0463142
3.3 -0.84 0.0482223
3.3 -0.78 0.0495187
3.3 -0.72 0.0501518
3.3 -0.66 0.0500945
3.3 -0.6 0.0493492
3.3 -0.54 0.0479466
3.3 -0.48 0.0459437
3.3 -0.42 0.0434198
3.3 -0.36 0.0404697
3.3 -0.3 0.0372021
3.3 -0.24 0.033728
3.3 -0.18 0.0301581
3.3 -0.12 0.0265956
3.3 -0.06 0.0231313
3.3 9.71445e-15 0.0198417
3.3 0.06 0.0167861
3.3 0.12 0.0140059
3.3 0.18 0.0115253
3.3 0.24 0.00935392
3.3 0.3 0.00748715
3.3 0.36 0.00591062
3.3 0.42 0.0046019
3.3 0.48 0.00353372
3.3 0.54 0.00267617
3.3 0.6 0.00199886
3.3 0.66 0.00147245
3.3 0.72 0.00106978
3.3 0.78 0.000766528
3.3 0.84 0.000541697
3.3 0.9 0.000377547
3.3 0.96 0.000259522
3.3 1.02 0.000175942
3.3 1.08 0.000117639
3.3 1.14 7.75752e-05
3.36 -2.46 0.000100693
3.36 -2.4 0.000150251
3.36 -2.34 0.000221118
3.36 -2.28 0.00032094
3.36 -2.22 0.000459424
3.36 -2.16 0.00064862
3.36 -2.1 0.000903128
3.36 -2.04 0.00124025
3.36 -1.98 0.00167977
3.36 -1.92 0.00224381
3.36 -1.86 0.00295602
3.36 -1.8 0.00384076
3.36 -1.74 0.00492175
3.36 -1.68 0.00622022
3.36 -1.62 0.00775324
3.36 -1.56 0.00953121
3.36 -1.5 0.0115559
3.36 -1.44 0.0138182
3.36 -1.38 0.0162961
3.36 -1.32 0.0189543
3.36 -1.26 0.0217429
3.36 -1.2 0.0245992
3.36 -1.14 0.027448
3.36 -1.08 0.0302055
3.36 -1.02 0.0327833
3.36 -0.96 0.0350925
3.36 -0.9 0.0370472
3.36 -0.84 0.0385738
3.36 -0.78 0.0396111
3.36 -0.72 0.040117
3.36 -0.66 0.0400708
3.36 -0.6 0.0394745
3.36 -0.54 0.0383532
3.36 -0.48 0.0367509
3.36 -0.42 0.0347317
3.36 -0.36 0.0323724
3.36 -0.3 0.0297583
3.36 -0.24 0.0269796
3.36 -0.18 0.024124
3.36 -0.12 0.0212741
3.36 -0.06 0.0185029
3.36 9.71445e-15 0.0158717
3.36 0.06 0.0134274
3.36 0.12 0.0112034
3.36 0.18 0.00921933
3.36 0.24 0.00748229
3.36 0.3 0.00598909
3.36 0.36 0.00472797
3.36 0.42 0.0036811
3.36 0.48 0.00282664
3.36 0.54 0.00214066
3.36 0.6 0.00159891
3.36 0.66 0.00117783
3.36 0.72 0.000855722
3.36 0.78 0.000613158
3.36 0.84 0.000433309
3.36 0.9 0.000302006
3.36 0.96 0.000207597
3.36 1.02 0.000140738
3.36 1.08 9.4101e-05
3.36 1.14 6.20539e-05
3.42 -2.4 0.000118535
3.42 -2.34 0.000174445
3.42 -2.28 0.000253196
3.42 -2.22 0.000362444
3.42 -2.16 0.000511703
3.42 -2.1 0.000712503
3.42 -2.04 0.000978445
3.42 -1.98 0.0013252
3.42 -1.92 0.00177017
3.42 -1.86 0.00233204
3.42 -1.8 0.00303002
3.42 -1.74 0.00388279
3.42 -1.68 0.00490722
3.42 -1.62 0.00611665
3.42 -1.56 0.00751938
3.42 -1.5 0.00911665
3.42 -1.44 0.0109013
3.42 -1.38 0.0128562
3.42 -1.32 0.0149532
3.42 -1.26 0.0171532
3.42 -1.2 0.0194065
3.42 -1.14 0.0216538
3.42 -1.08 0.0238297
3.42 -1.02 0.0258634
3.42 -0.96 0.0276846
3.42 -0.9 0.0292273
3.42 -0.84 0.0304313
3.42 -0.78 0.0312497
3.42 -0.72 0.0316489
3.42 -0.66 0.0316125
3.42 -0.6 0.0311424
3.42 -0.54 0.0302572
3.42 -0.48 0.0289933
3.42 -0.42 0.0274004
3.42 -0.36 0.0255388
3.42 -0.3 0.0234768
3.42 -0.24 0.0212844
3.42 -0.18 0.0190316
3.42 -0.12 0.0167834
3.42 -0.06 0.0145973
3.42 9.71445e-15 0.0125213
3.42 0.06 0.010593
3.42 0.12 0.0088385
3.42 0.18 0.00727325
3.42 0.24 0.00590292
3.42 0.3 0.00472487
3.42 0.36 0.00372999
3.42 0.42 0.0029041
3.42 0.48 0.00222998
3.42 0.54 0.00168883
3.42 0.6 0.0012614
3.42 0.66 0.000929209
3.42 0.72 0.000675092
3.42 0.78 0.000483725
3.42 0.84 0.000341844
3.42 0.9 0.000238254
3.42 0.96 0.000163774
3.42 1.02 0.00011103
3.42 1.08 7.42379e-05
3.48 -2.4 9.22289e-05
3.48 -2.34 0.00013573
3.48 -2.28 0.000197003
3.48 -2.22 0.00028201
3.48 -2.16 0.000398142
3.48 -2.1 0.000554371
3.48 -2.04 0.000761308
3.48 -1.98 0.0010311
3.48 -1.92 0.00137732
3.48 -1.86 0.0018145
3.48 -1.8 0.00235757
3.48 -1.74 0.00302112
3.48 -1.68 0.00381817
3.48 -1.62 0.00475916
3.48 -1.56 0.00585056
3.48 -1.5 0.00709341
3.48 -1.44 0.00848206
3.48 -1.38 0.010003
3.48 -1.32 0.0116347
3.48 -1.26 0.0133465
3.48 -1.2 0.0150997
3.48 -1.14 0.0168484
3.48 -1.08 0.018541
3.48 -1.02 0.0201235
3.48 -0.96 0.0215409
3.48 -0.9 0.0227407
3.48 -0.84 0.0236778
3.48 -0.78 0.0243145
3.48 -0.72 0.0246251
3.48 -0.66 0.0245969
3.48 -0.6 0.0242308
3.48 -0.54 0.0235424
3.48 -0.48 0.0225588
3.48 -0.42 0.0213194
3.48 -0.36 0.0198712
3.48 -0.3 0.0182665
3.48 -0.24 0.0165609
3.48 -0.18 0.0148081
3.48 -0.12 0.0130587
3.48 -0.06 0.0113577
3.48 9.71445e-15 0.00974257
3.48 0.06 0.00824216
3.48 0.12 0.006877
3.48 0.18 0.00565912
3.48 0.24 0.00459284
3.48 0.3 0.00367628
3.48 0.36 0.00290218
3.48 0.42 0.00225958
3.48 0.48 0.00173509
3.48 0.54 0.00131402
3.48 0.6 0.000981466
3.48 0.66 0.000722991
3.48 0.72 0.000525268
3.48 0.78 0.000376376
3.48 0.84 0.000265977
3.48 0.9 0.000185381
3.48 0.96 0.000127429
3.48 1.02 8.63899e-05
3.48 1.08 5.7762e-05
3.54 -2.34 0.000104156
3.54 -2.28 0.000151175
3.54 -2.22 0.000216406
3.54 -2.16 0.000305525
3.54 -2.1 0.000425415
3.54 -2.04 0.000584208
3.54 -1.98 0.000791241
3.54 -1.92 0.00105692
3.54 -1.86 0.00139241
3.54 -1.8 0.00180916
3.54 -1.74 0.00231832
3.54 -1.68 0.00292999
3.54 -1.62 0.00365207
3.54 -1.56 0.00448959
3.54 -1.5 0.00544334
3.54 -1.44 0.00650887
3.54 -1.38 0.00767612
3.54 -1.32 0.00892824
3.54 -1.26 0.0102418
3.54 -1.2 0.0115872
3.54 -1.14 0.012929
3.54 -1.08 0.0142281
3.54 -1.02 0.0154423
3.54 -0.96 0.0165298
3.54 -0.9 0.0174507
3.54 -0.84 0.0181698
3.54 -0.78 0.0186583
3.54 -0.72 0.0188965
3.54 -0.66 0.0188749
3.54 -0.6 0.0185942
3.54 -0.54 0.0180656
3.54 -0.48 0.0173112
3.54 -0.42 0.0163601
3.54 -0.36 0.0152485
3.54 -0.3 0.0140173
3.54 -0.24 0.0127084
3.54 -0.18 0.0113632
3.54 -0.12 0.0100209
3.54 -0.06 0.00871562
3.54 9.71445e-15 0.00747613
3.54 0.06 0.00632487
3.54 0.12 0.00527725
3.54 0.18 0.00434264
3.54 0.24 0.00352447
3.54 0.3 0.00282111
3.54 0.36 0.00222705
3.54 0.42 0.00173394
3.54 0.48 0.00133146
3.54 0.54 0.00100835
3.54 0.6 0.000753142
3.54 0.66 0.000554809
3.54 0.72 0.00040308
3.54 0.78 0.000288819
3.54 0.84 0.000204105
3.54 0.9 0.000142256
3.54 0.96 9.77853e-05
3.54 1.02 6.62932e-05
3.6 -2.34 7.88277e-05
3.6 -2.28 0.000114414
3.6 -2.22 0.000163781
3.6 -2.16 0.00023123
3.6 -2.1 0.000321966
3.6 -2.04 0.00044214
3.6 -1.98 0.000598834
3.6 -1.92 0.000799906
3.6 -1.86 0.0010538
3.6 -1.8 0.00136922
3.6 -1.74 0.00175458
3.6 -1.68 0.00221748
3.6 -1.62 0.00276401
3.6 -1.56 0.00339785
3.6 -1.5 0.00411964
3.6 -1.44 0.00492609
3.6 -1.38 0.00580949
3.6 -1.32 0.00675707
3.6 -1.26 0.00775125
3.6 -1.2 0.00876948
3.6 -1.14 0.00978502
3.6 -1.08 0.0107682
3.6 -1.02 0.0116871
3.6 -0.96 0.0125102
3.6 -0.9 0.0132073
3.6 -0.84 0.0137514
3.6 -0.78 0.0141211
3.6 -0.72 0.0143016
3.6 -0.66 0.0142851
3.6 -0.6 0.0140726
3.6 -0.54 0.0136727
3.6 -0.48 0.0131016
3.6 -0.42 0.0123817
3.6 -0.36 0.0115405
3.6 -0.3 0.0106088
3.6 -0.24 0.00961809
3.6 -0.18 0.00860001
3.6 -0.12 0.00758405
3.6 -0.06 0.00659622
3.6 9.71445e-15 0.00565816
3.6 0.06 0.00478681
3.6 0.12 0.00399398
3.6 0.18 0.00328664
3.6 0.24 0.00266742
3.6 0.3 0.00213508
3.6 0.36 0.00168551
3.6 0.42 0.00131231
3.6 0.48 0.00100769
3.6 0.54 0.000763148
3.6 0.6 0.000570006
3.6 0.66 0.000419892
3.6 0.72 0.000305061
3.6 0.78 0.000218586
3.6 0.84 0.000154474
3.6 0.9 0.000107664
3.6 0.96 7.40066e-05
3.6 1.02 5.0172e-05
3.66 -2.28 8.54017e-05
3.66 -2.22 0.000122251
3.66 -2.16 0.000172596
3.66 -2.1 0.000240322
3.66 -2.04 0.000330025
3.66 -1.98 0.000446987
3.66 -1.92 0.000597072
3.66 -1.86 0.000786585
3.66 -1.8 0.00102201
3.66 -1.74 0.00130966
3.66 -1.68 0.00165518
3.66 -1.62 0.00206313
3.66 -1.56 0.00253624
3.66 -1.5 0.003075
3.66 -1.44 0.00367698
3.66 -1.38 0.00433637
3.66 -1.32 0.00504367
3.66 -1.26 0.00578568
3.66 -1.2 0.00654573
3.66 -1.14 0.0073038
3.66 -1.08 0.00803764
3.66 -1.02 0.00872361
3.66 -0.96 0.00933794
3.66 -0.9 0.00985825
3.66 -0.84 0.0102644
3.66 -0.78 0.0105404
3.66 -0.72 0.0106751
3.66 -0.66 0.0106628
3.66 -0.6 0.0105041
3.66 -0.54 0.0102057
3.66 -0.48 0.00977927
3.66 -0.42 0.00924205
3.66 -0.36 0.00861417
3.66 -0.3 0.00791867
3.66 -0.24 0.00717918
3.66 -0.18 0.0064193
3.66 -0.12 0.00566096
3.66 -0.06 0.00492357
3.66 9.71445e-15 0.00422341
3.66 0.06 0.00357296
3.66 0.12 0.00298122
3.66 0.18 0.00245324
3.66 0.24 0.00199103
3.66 0.3 0.00159367
3.66 0.36 0.0012581
3.66 0.42 0.00097954
3.66 0.48 0.000752168
3.66 0.54 0.00056963
3.66 0.6 0.000425468
3.66 0.66 0.000313416
3.66 0.72 0.000227706
3.66 0.78 0.000163159
3.66 0.84 0.000115303
3.66 0.9 8.03628e-05
3.66 0.96 5.52405e-05
3.72 -2.22 8.9997e-05
3.72 -2.16 0.000127059
3.72 -2.1 0.000176917
3.72 -2.04 0.000242954
3.72 -1.98 0.000329056
3.72 -1.92 0.000439545
3.72 -1.86 0.000579058
3.72 -1.8 0.000752367
3.72 -1.74 0.000964124
3.72 -1.68 0.00121849
3.72 -1.62 0.0015188
3.72 -1.56 0.00186708
3.72 -1.5 0.00226371
3.72 -1.44 0.00270686
3.72 -1.38 0.00319229
3.72 -1.32 0.00371298
3.72 -1.26 0.00425923
3.72 -1.2 0.00481874
3.72 -1.14 0.00537681
3.72 -1.08 0.00591702
3.72 -1.02 0.00642202
3.72 -0.96 0.00687427
3.72 -0.9 0.00725729
3.72 -0.84 0.00755627
3.72 -0.78 0.00775943
3.72 -0.72 0.0078586
3.72 -0.66 0.0078496
3.72 -0.6 0.00773275
3.72 -0.54 0.00751305
3.72 -0.48 0.00719915
3.72 -0.42 0.00680368
3.72 -0.36 0.00634145
3.72 -0.3 0.00582944
3.72 -0.24 0.00528506
3.72 -0.18 0.00472566
3.72 -0.12 0.00416741
3.72 -0.06 0.00362455
3.72 9.71445e-15 0.00310912
3.72 0.06 0.0026303
3.72 0.12 0.00219467
3.72 0.18 0.00180598
3.72 0.24 0.00146572
3.72 0.3 0.0011732
3.72 0.36 0.00092617
3.72 0.42 0.000721103
3.72 0.48 0.00055372
3.72 0.54 0.000419342
3.72 0.6 0.000313214
3.72 0.66 0.000230726
3.72 0.72 0.00016763
3.72 0.78 0.000120112
3.72 0.84 8.48821e-05
3.72 0.9 5.91603e-05
3.72 0.96 4.06661e-05
3.78 -2.22 6.53418e-05
3.78 -2.16 9.22509e-05
3.78 -2.1 0.00012845
3.78 -2.04 0.000176396
3.78 -1.98 0.000238909
3.78 -1.92 0.00031913
3.78 -1.86 0.000420424
3.78 -1.8 0.000546256
3.78 -1.74 0.000700001
3.78 -1.68 0.00088468
3.78 -1.62 0.00110272
3.78 -1.56 0.00135558
3.78 -1.5 0.00164356
3.78 -1.44 0.0019653
3.78 -1.38 0.00231775
3.78 -1.32 0.0026958
3.78 -1.26 0.0030924
3.78 -1.2 0.00349864
3.78 -1.14 0.00390382
3.78 -1.08 0.00429604
3.78 -1.02 0.00466267
3.78 -0.96 0.00499106
3.78 -0.9 0.00526912
3.78 -0.84 0.00548622
3.78 -0.78 0.0056337
3.78 -0.72 0.00570569
3.78 -0.66 0.00569915
3.78 -0.6 0.00561432
3.78 -0.54 0.0054548
3.78 -0.48 0.00522694
3.78 -0.42 0.00493978
3.78 -0.36 0.00460418
3.78 -0.3 0.00423244
3.78 -0.24 0.00383721
3.78 -0.18 0.00343105
3.78 -0.12 0.00302571
3.78 -0.06 0.00263158
3.78 9.71445e-15 0.00225737
3.78 0.06 0.00190972
3.78 0.12 0.00159343
3.78 0.18 0.00131122
3.78 0.24 0.00106418
3.78 0.3 0.000851804
3.78 0.36 0.00067244
3.78 0.42 0.000523553
3.78 0.48 0.000402026
3.78 0.54 0.000304461
3.78 0.6 0.000227407
3.78 0.66 0.000167518
3.78 0.72 0.000121707
3.78 0.78 8.72068e-05
3.78 0.84 6.16283e-05
3.78 0.9 4.29532e-05
3.84 -2.16 6.60579e-05
3.84 -2.1 9.19781e-05
3.84 -2.04 0.000126311
3.84 -1.98 0.000171074
3.84 -1.92 0.000228517
3.84 -1.86 0.00030105
3.84 -1.8 0.000391158
3.84 -1.74 0.000501249
3.84 -1.68 0.000633486
3.84 -1.62 0.000789618
3.84 -1.56 0.000970696
3.84 -1.5 0.00117689
3.84 -1.44 0.00140729
3.84 -1.38 0.00165965
3.84 -1.32 0.00193036
3.84 -1.26 0.00221438
3.84 -1.2 0.00250527
3.84 -1.14 0.00279539
3.84 -1.08 0.00307625
3.84 -1.02 0.00333875
3.84 -0.96 0.00357394
3.84 -0.9 0.00377302
3.84 -0.84 0.00392851
3.84 -0.78 0.00403414
3.84 -0.72 0.00408565
3.84 -0.66 0.00408094
3.84 -0.6 0.00402024
3.84 -0.54 0.00390602
3.84 -0.48 0.00374286
3.84 -0.42 0.00353718
3.84 -0.36 0.00329692
3.84 -0.3 0.00303069
3.84 -0.24 0.0027477
3.84 -0.18 0.00245687
3.84 -0.12 0.00216662
3.84 -0.06 0.00188441
3.84 9.71445e-15 0.00161643
3.84 0.06 0.00136749
3.84 0.12 0.00114099
3.84 0.18 0.000938931
3.84 0.24 0.000762025
3.84 0.3 0.000609952
3.84 0.36 0.000481514
3.84 0.42 0.000374896
3.84 0.48 0.000287875
3.84 0.54 0.000218013
3.84 0.6 0.000162839
3.84 0.66 0.000119955
3.84 0.72 8.71495e-05
3.84 0.78 6.24461e-05
3.84 0.84 4.41297e-05
3.84 0.9 3.07574e-05
3.9 -2.1 6.49579e-05
3.9 -2.04 8.92039e-05
3.9 -1.98 0.000120817
3.9 -1.92 0.000161383
3.9 -1.86 0.000212609
3.9 -1.8 0.000276245
3.9 -1.74 0.000353991
3.9 -1.68 0.000447382
3.9 -1.62 0.000557646
3.9 -1.56 0.000685533
3.9 -1.5 0.000831148
3.9 -1.44 0.000993861
3.9 -1.38 0.00117208
3.9 -1.32 0.00136326
3.9 -1.26 0.00156385
3.9 -1.2 0.00176927
3.9 -1.14 0.00197415
3.9 -1.08 0.00217251
3.9 -1.02 0.00235793
3.9 -0.96 0.00252398
3.9 -0.9 0.00266461
3.9 -0.84 0.00277438
3.9 -0.78 0.002849
3.9 -0.72 0.00288539
3.9 -0.66 0.00288207
3.9 -0.6 0.00283922
3.9 -0.54 0.00275852
3.9 -0.48 0.00264329
3.9 -0.42 0.00249805
3.9 -0.36 0.00232835
3.9 -0.3 0.00214035
3.9 -0.24 0.00194047
3.9 -0.18 0.00173509
3.9 -0.12 0.00153012
3.9 -0.06 0.00133082
3.9 9.71445e-15 0.00114156
3.9 0.06 0.000965756
3.9 0.12 0.000805793
3.9 0.18 0.000663095
3.9 0.24 0.00053816
3.9 0.3 0.000430762
3.9 0.36 0.000340059
3.9 0.42 0.000264762
3.9 0.48 0.000203304
3.9 0.54 0.000153968
3.9 0.6 0.000115001
3.9 0.66 8.47151e-05
3.9 0.72 6.1547e-05
3.9 0.78 4.41007e-05
3.9 0.84 3.11654e-05
3.96 -2.04 6.21323e-05
3.96 -1.98 8.41511e-05
3.96 -1.92 0.000112407
3.96 -1.86 0.000148087
3.96 -1.8 0.000192409
3.96 -1.74 0.000246561
3.96 -1.68 0.000311613
3.96 -1.62 0.00038841
3.96 -1.56 0.000477478
3.96 -1.5 0.000578915
3.96 -1.44 0.000692238
3.96 -1.38 0.000816381
3.96 -1.32 0.000949546
3.96 -1.26 0.00108925
3.96 -1.2 0.00123232
3.96 -1.14 0.00137505
3.96 -1.08 0.00151319
3.96 -1.02 0.00164234
3.96 -0.96 0.001758
3.96 -0.9 0.00185593
3.96 -0.84 0.0019324
3.96 -0.78 0.00198435
3.96 -0.72 0.0020097
3.96 -0.66 0.00200741
3.96 -0.6 0.00197754
3.96 -0.54 0.00192134
3.96 -0.48 0.00184109
3.96 -0.42 0.00173994
3.96 -0.36 0.00162173
3.96 -0.3 0.00149079
3.96 -0.24 0.00135158
3.96 -0.18 0.00120852
3.96 -0.12 0.00106575
3.96 -0.06 0.000926928
3.96 9.71445e-15 0.000795111
3.96 0.06 0.000672667
3.96 0.12 0.000561254
3.96 0.18 0.000461851
3.96 0.24 0.000374836
3.96 0.3 0.000300032
3.96 0.36 0.000236853
3.96 0.42 0.00018441
3.96 0.48 0.000141605
3.96 0.54 0.000107241
3.96 0.6 8.00992e-05
3.96 0.66 5.90054e-05
3.96 0.72 4.28689e-05
3.96 0.78 3.07169e-05
4.02 -1.98 5.78069e-05
4.02 -1.92 7.72164e-05
4.02 -1.86 0.000101725
4.02 -1.8 0.000132173
4.02 -1.74 0.000169373
4.02 -1.68 0.000214056
4.02 -1.62 0.000266816
4.02 -1.56 0.000328004
4.02 -1.5 0.000397674
4.02 -1.44 0.000475529
4.02 -1.38 0.000560802
4.02 -1.32 0.000652271
4.02 -1.26 0.000748244
4.02 -1.2 0.000846538
4.02 -1.14 0.000944567
4.02 -1.08 0.00103947
4.02 -1.02 0.00112819
4.02 -0.96 0.00120764
4.02 -0.9 0.00127493
4.02 -0.84 0.00132745
4.02 -0.78 0.00136315
4.02 -0.72 0.00138057
4.02 -0.66 0.00137898
4.02 -0.6 0.00135847
4.02 -0.54 0.00131986
4.02 -0.48 0.00126472
4.02 -0.42 0.00119523
4.02 -0.36 0.00111404
4.02 -0.3 0.00102409
4.02 -0.24 0.000928452
4.02 -0.18 0.000830186
4.02 -0.12 0.00073211
4.02 -0.06 0.000636751
4.02 9.71445e-15 0.000546199
4.02 0.06 0.000462079
4.02 0.12 0.000385547
4.02 0.18 0.000317269
4.02 0.24 0.000257491
4.02 0.3 0.000206105
4.02 0.36 0.000162706
4.02 0.42 0.00012668
4.02 0.48 9.72747e-05
4.02 0.54 7.36684e-05
4.02 0.6 5.50242e-05
4.02 0.66 4.05332e-05
4.02 0.72 2.94482e-05
4.08 -1.92 5.23146e-05
4.08 -1.86 6.892e-05
4.08 -1.8 8.95477e-05
4.08 -1.74 0.00011475
4.08 -1.68 0.000145025
4.08 -1.62 0.000180766
4.08 -1.56 0.000222221
4.08 -1.5 0.000269429
4.08 -1.44 0.000322172
4.08 -1.38 0.000379944
4.08 -1.32 0.000441921
4.08 -1.26 0.00050694
4.08 -1.2 0.000573526
4.08 -1.14 0.000639951
4.08 -1.08 0.000704241
4.08 -1.02 0.000764347
4.08 -0.96 0.00081818
4.08 -0.9 0.000863751
4.08 -0.84 0.000899344
4.08 -0.78 0.000923528
4.08 -0.72 0.000935327
4.08 -0.66 0.000934256
4.08 -0.6 0.000920355
4.08 -0.54 0.000894205
4.08 -0.48 0.000856852
4.08 -0.42 0.000809772
4.08 -0.36 0.000754763
4.08 -0.3 0.000693813
4.08 -0.24 0.000629028
4.08 -0.18 0.000562451
4.08 -0.12 0.000496007
4.08 -0.06 0.000431398
4.08 9.71445e-15 0.000370049
4.08 0.06 0.000313062
4.08 0.12 0.000261208
4.08 0.18 0.000214948
4.08 0.24 0.000174449
4.08 0.3 0.000139636
4.08 0.36 0.000110233
4.08 0.42 8.58246e-05
4.08 0.48 6.59032e-05
4.08 0.54 4.99101e-05
4.08 0.6 3.72787e-05
4.08 0.66 2.74613e-05
4.08 0.72 1.99512e-05
4.14 -1.86 4.60514e-05
4.14 -1.8 5.98348e-05
4.14 -1.74 7.66746e-05
4.14 -1.68 9.69041e-05
4.14 -1.62 0.000120786
4.14 -1.56 0.000148485
4.14 -1.5 0.000180029
4.14 -1.44 0.000215269
4.14 -1.38 0.000253874
4.14 -1.32 0.000295285
4.14 -1.26 0.000338731
4.14 -1.2 0.000383226
4.14 -1.14 0.000427604
4.14 -1.08 0.00047057
4.14 -1.02 0.000510726
4.14 -0.96 0.000546694
4.14 -0.9 0.000577154
4.14 -0.84 0.000600936
4.14 -0.78 0.000617091
4.14 -0.72 0.000624971
4.14 -0.66 0.000624254
4.14 -0.6 0.000614971
4.14 -0.54 0.00059749
4.14 -0.48 0.000572539
4.14 -0.42 0.000541079
4.14 -0.36 0.000504318
4.14 -0.3 0.0004636
4.14 -0.24 0.000420309
4.14 -0.18 0.000375819
4.14 -0.12 0.000331422
4.14 -0.06 0.000288254
4.14 9.71445e-15 0.000247261
4.14 0.06 0.000209184
4.14 0.12 0.000174535
4.14 0.18 0.000143626
4.14 0.24 0.000116566
4.14 0.3 9.33033e-05
4.14 0.36 7.36561e-05
4.14 0.42 5.73474e-05
4.14 0.48 4.40356e-05
4.14 0.54 3.33495e-05
4.14 0.6 2.49089e-05
4.14 0.66 1.83493e-05
4.2 -1.8 3.94311e-05
4.2 -1.74 5.05289e-05
4.2 -1.68 6.38596e-05
4.2 -1.62 7.9599e-05
4.2 -1.56 9.78522e-05
4.2 -1.5 0.000118639
4.2 -1.44 0.000141863
4.2 -1.38 0.000167304
4.2 -1.32 0.000194593
4.2 -1.26 0.000223223
4.2 -1.2 0.000252546
4.2 -1.14 0.000281793
4.2 -1.08 0.000310107
4.2 -1.02 0.000336569
4.2 -0.96 0.000360274
4.2 -0.9 0.000380348
4.2 -0.84 0.000396018
4.2 -0.78 0.000406664
4.2 -0.72 0.000411861
4.2 -0.66 0.000411387
4.2 -0.6 0.000405268
4.2 -0.54 0.00039375
4.2 -0.48 0.000377303
4.2 -0.42 0.000356572
4.2 -0.36 0.000332348
4.2 -0.3 0.000305515
4.2 -0.24 0.000276985
4.2 -0.18 0.000247667
4.2 -0.12 0.000218408
4.2 -0.06 0.00018996
4.2 9.71445e-15 0.000162946
4.2 0.06 0.000137852
4.2 0.12 0.00011502
4.2 0.18 9.46496e-05
4.2 0.24 7.68173e-05
4.2 0.3 6.14869e-05
4.2 0.36 4.85397e-05
4.2 0.42 3.77923e-05
4.2 0.48 2.90198e-05
4.2 0.54 2.19774e-05
4.2 0.6 1.64152e-05
4.26 -1.74 3.2841e-05
4.26 -1.68 4.15052e-05
4.26 -1.62 5.17349e-05
4.26 -1.56 6.35983e-05
4.26 -1.5 7.71086e-05
4.26 -1.44 9.22033e-05
4.26 -1.38 0.000108738
4.26 -1.32 0.000126475
4.26 -1.26 0.000145082
4.26 -1.2 0.000164141
4.26 -1.14 0.00018315
4.26 -1.08 0.000201552
4.26 -1.02 0.000218752
4.26 -0.96 0.000234158
4.26 -0.9 0.000247205
4.26 -0.84 0.000257389
4.26 -0.78 0.000264309
4.26 -0.72 0.000267687
4.26 -0.66 0.000267379
4.26 -0.6 0.000263401
4.26 -0.54 0.000255916
4.26 -0.48 0.000245225
4.26 -0.42 0.000231753
4.26 -0.36 0.000216008
4.26 -0.3 0.000198568
4.26 -0.24 0.000180025
4.26 -0.18 0.00016097
4.26 -0.12 0.000141953
4.26 -0.06 0.000123463
4.26 9.71445e-15 0.000105906
4.26 0.06 8.95958e-05
4.26 0.12 7.47568e-05
4.26 0.18 6.1517e-05
4.26 0.24 4.99269e-05
4.26 0.3 3.99629e-05
4.26 0.36 3.15481e-05
4.26 0.42 2.45629e-05
4.26 0.48 1.88613e-05
4.26 0.54 1.4284e-05
4.32 -1.68 2.66053e-05
4.32 -1.62 3.31626e-05
4.32 -1.56 4.07671e-05
4.32 -1.5 4.94275e-05
4.32 -1.44 5.91031e-05
4.32 -1.38 6.97025e-05
4.32 -1.32 8.10719e-05
4.32 -1.26 9.29992e-05
4.32 -1.2 0.000105216
4.32 -1.14 0.000117401
4.32 -1.08 0.000129197
4.32 -1.02 0.000140222
4.32 -0.96 0.000150098
4.32 -0.9 0.000158461
4.32 -0.84 0.00016499
4.32 -0.78 0.000169425
4.32 -0.72 0.00017159
4.32 -0.66 0.000171393
4.32 -0.6 0.000168842
4.32 -0.54 0.000164045
4.32 -0.48 0.000157192
4.32 -0.42 0.000148556
4.32 -0.36 0.000138464
4.32 -0.3 0.000127284
4.32 -0.24 0.000115398
4.32 -0.18 0.000103184
4.32 -0.12 9.09935e-05
4.32 -0.06 7.91408e-05
4.32 9.71445e-15 6.78868e-05
4.32 0.06 5.74319e-05
4.32 0.12 4.79199e-05
4.32 0.18 3.94331e-05
4.32 0.24 3.20037e-05
4.32 0.3 2.56167e-05
4.32 0.36 2.02226e-05
4.32 0.42 1.5745e-05
4.32 0.48 1.20903e-05
4.38 -1.56 2.57731e-05
4.38 -1.5 3.12479e-05
4.38 -1.44 3.73651e-05
4.38 -1.38 4.40656e-05
4.38 -1.32 5.12535e-05
4.38 -1.26 5.87944e-05
4.38 -1.2 6.65179e-05
4.38 -1.14 7.4221e-05
4.38 -1.08 8.16781e-05
4.38 -1.02 8.86478e-05
4.38 -0.96 9.48923e-05
4.38 -0.9 0.000100178
4.38 -0.84 0.000104307
4.38 -0.78 0.000107111
4.38 -0.72 0.000108479
4.38 -0.66 0.000108354
4.38 -0.6 0.000106742
4.38 -0.54 0.000103709
4.38 -0.48 9.93774e-05
4.38 -0.42 9.39164e-05
4.38 -0.36 8.7537e-05
4.38 -0.3 8.04686e-05
4.38 -0.24 7.29547e-05
4.38 -0.18 6.52328e-05
4.38 -0.12 5.75263e-05
4.38 -0.06 5.00332e-05
4.38 9.71445e-15 4.29182e-05
4.38 0.06 3.63086e-05
4.38 0.12 3.02948e-05
4.38 0.18 2.49297e-05
4.38 0.24 2.02327e-05
4.38 0.3 1.6195e-05
4.38 0.36 1.27848e-05
4.38 0.42 9.95394e-06
4.44 -1.5 1.94834e-05
4.44 -1.44 2.32976e-05
4.44 -1.38 2.74753e-05
4.44 -1.32 3.19569e-05
4.44 -1.26 3.66589e-05
4.44 -1.2 4.14744e-05
4.44 -1.14 4.6277e-05
4.44 -1.08 5.09269e-05
4.44 -1.02 5.52733e-05
4.44 -0.96 5.91659e-05
4.44 -0.9 6.24624e-05
4.44 -0.84 6.50358e-05
4.44 -0.78 6.67849e-05
4.44 -0.72 6.76378e-05
4.44 -0.66 6.75599e-05
4.44 -0.6 6.65554e-05
4.44 -0.54 6.46638e-05
4.44 -0.48 6.19627e-05
4.44 -0.42 5.85578e-05
4.44 -0.36 5.458e-05
4.44 -0.3 5.01729e-05
4.44 -0.24 4.54876e-05
4.44 -0.18 4.06731e-05
4.44 -0.12 3.58682e-05
4.44 -0.06 3.11964e-05
4.44 9.71445e-15 2.67599e-05
4.44 0.06 2.26388e-05
4.44 0.12 1.8889e-05
4.44 0.18 1.55439e-05
4.44 0.24 1.26152e-05
4.44 0.3 1.00977e-05
4.5 -1.38 1.68958e-05
4.5 -1.32 1.96518e-05
4.5 -1.26 2.2543e-05
4.5 -1.2 2.55041e-05
4.5 -1.14 2.84579e-05
4.5 -1.08 3.1317e-05
4.5 -1.02 3.39898e-05
4.5 -0.96 3.63834e-05
4.5 -0.9 3.84103e-05
4.5 -0.84 3.9993e-05
4.5 -0.78 4.1068e-05
4.5 -0.72 4.15929e-05
4.5 -0.66 4.15455e-05
4.5 -0.6 4.09273e-05
4.5 -0.54 3.9764e-05
4.5 -0.48 3.81032e-05
4.5 -0.42 3.60099e-05
4.5 -0.36 3.35632e-05
4.5 -0.3 3.08533e-05
4.5 -0.24 2.79721e-05
4.5 -0.18 2.50114e-05
4.5 -0.12 2.20568e-05
4.5 -0.06 1.91837e-05
4.5 9.71445e-15 1.64555e-05
4.5 0.06 1.39215e-05
4.5 0.12 1.16157e-05
4.5 0.18 9.55841e-06
4.5 0.24 7.75762e-06
4.56 -1.26 1.36719e-05
4.56 -1.2 1.5468e-05
4.56 -1.14 1.72593e-05
4.56 -1.08 1.89932e-05
4.56 -1.02 2.06143e-05
4.56 -0.96 2.20662e-05
4.56 -0.9 2.32955e-05
4.56 -0.84 2.42553e-05
4.56 -0.78 2.49076e-05
4.56 -0.72 2.52258e-05
4.56 -0.66 2.51967e-05
4.56 -0.6 2.48218e-05
4.56 -0.54 2.41166e-05
4.56 -0.48 2.31091e-05
4.56 -0.42 2.18393e-05
4.56 -0.36 2.03559e-05
4.56 -0.3 1.87121e-05
4.56 -0.24 1.69648e-05
4.56 -0.18 1.51692e-05
4.56 -0.12 1.33772e-05
4.56 -0.06 1.16347e-05
4.56 9.71445e-15 9.98019e-06
4.56 0.06 8.44314e-06
4.56 0.12 7.04472e-06
4.56 0.18 5.79716e-06
4.62 -1.14 1.03237e-05
4.62 -1.08 1.13609e-05
4.62 -1.02 1.23304e-05
4.62 -0.96 1.31988e-05
4.62 -0.9 1.39341e-05
4.62 -0.84 1.45083e-05
4.62 -0.78 1.48983e-05
4.62 -0.72 1.50885e-05
4.62 -0.66 1.50714e-05
4.62 -0.6 1.48472e-05
4.62 -0.54 1.44252e-05
4.62 -0.48 1.38228e-05
4.62 -0.42 1.30633e-05
4.62 -0.36 1.21758e-05
4.62 -0.3 1.11926e-05
4.62 -0.24 1.01474e-05
4.62 -0.18 9.0734e-06
4.62 -0.12 8.00154e-06
4.62 -0.06 6.9593e-06
4.62 9.71445e-15 5.96958e-06
4.62 0.06 5.05032e-06
4.68 -1.02 7.27405e-06
4.68 -0.96 7.78634e-06
4.68 -0.9 8.22022e-06
4.68 -0.84 8.55886e-06
4.68 -0.78 8.78899e-06
4.68 -0.72 8.90129e-06
4.68 -0.66 8.89105e-06
4.68 -0.6 8.75881e-06
4.68 -0.54 8.50988e-06
4.68 -0.48 8.15438e-06
4.68 -0.42 7.70635e-06
4.68 -0.36 7.18283e-06
4.68 -0.3 6.6029e-06
4.68 -0.24 5.98628e-06
4.68 -0.18 5.35266e-06
4.68 -0.12 4.72032e-06
4.68 -0.06 4.10549e-06
4.74 -0.84 4.97967e-06
4.74 -0.78 5.11361e-06
4.74 -0.72 5.17896e-06
4.74 -0.66 5.17302e-06
4.74 -0.6 5.09602e-06
4.74 -0.54 4.95124e-06
4.74 -0.48 4.74435e-06
4.74 -0.42 4.48373e-06
4.74 -0.36 4.17914e-06
4.74 -0.3 3.84169e-06
4.74 -0.24 3.48292e-06
4.74 -0.18 3.1143e-06
4.8 -0.54 2.84113e-06
4.8 -0.48 2.72243e-06
4.8 -0.42 2.57286e-06
4.8 -0.36 2.39808e-06
4.8 -0.3 2.20444e-06
