2961 0.06 0.06 0.120543 -12 -12
-6.9 -0.3 2.77858e-06
-6.9 -0.24 2.93913e-06
-6.9 -0.18 3.06619e-06
-6.9 -0.12 3.15473e-06
-6.9 -0.06 3.20129e-06
-6.84 -0.42 4.00896e-06
-6.84 -0.36 4.35959e-06
-6.84 -0.3 4.67565e-06
-6.84 -0.24 4.94585e-06
-6.84 -0.18 5.15962e-06
-6.84 -0.12 5.30867e-06
-6.84 -0.06 5.38701e-06
-6.84 9.71445e-15 5.39133e-06
-6.84 0.06 5.32148e-06
-6.78 -0.48 6.03412e-06
-6.78 -0.42 6.65337e-06
-6.78 -0.36 7.23528e-06
-6.78 -0.3 7.75983e-06
-6.78 -0.24 8.20824e-06
-6.78 -0.18 8.56304e-06
-6.78 -0.12 8.8104e-06
-6.78 -0.06 8.9404e-06
-6.78 9.71445e-15 8.94758e-06
-6.78 0.06 8.83164e-06
-6.78 0.12 8.59739e-06
-6.78 0.18 8.25432e-06
-6.72 -0.54 8.83442e-06
-6.72 -0.48 9.87677e-06
-6.72 -0.42 1.08903e-05
-6.72 -0.36 1.18427e-05
-6.72 -0.3 1.27015e-05
-6.72 -0.24 1.34353e-05
-6.72 -0.18 1.40161e-05
-6.72 -0.12 1.4421e-05
-6.72 -0.06 1.46337e-05
-6.72 9.71445e-15 1.46454e-05
-6.72 0.06 1.44557e-05
-6.72 0.12 1.40724e-05
-6.72 0.18 1.35108e-05
-6.72 0.24 1.27933e-05
-6.72 0.3 1.19476e-05
-6.66 -0.66 1.09462e-05
-6.66 -0.6 1.25812e-05
-6.66 -0.54 1.42616e-05
-6.66 -0.48 1.59443e-05
-6.66 -0.42 1.75803e-05
-6.66 -0.36 1.91179e-05
-6.66 -0.3 2.05043e-05
-6.66 -0.24 2.16887e-05
-6.66 -0.18 2.26265e-05
-6.66 -0.12 2.32801e-05
-6.66 -0.06 2.36235e-05
-6.66 9.71445e-15 2.36425e-05
-6.66 0.06 2.33362e-05
-6.66 0.12 2.27172e-05
-6.66 0.18 2.18106e-05
-6.66 0.24 2.06526e-05
-6.66 0.3 1.9287e-05
-6.66 0.36 1.77643e-05
-6.6 -0.72 1.49544e-05
-6.6 -0.66 1.74275e-05
-6.6 -0.6 2.00307e-05
-6.6 -0.54 2.27061e-05
-6.6 -0.48 2.5385e-05
-6.6 -0.42 2.799e-05
-6.6 -0.36 3.04381e-05
-6.6 -0.3 3.26452e-05
-6.6 -0.24 3.45311e-05
-6.6 -0.18 3.60241e-05
-6.6 -0.12 3.70648e-05
-6.6 -0.06 3.76114e-05
-6.6 9.71445e-15 3.76415e-05
-6.6 0.06 3.71538e-05
-6.6 0.12 3.61683e-05
-6.6 0.18 3.47254e-05
-6.6 0.24 3.28815e-05
-6.6 0.3 3.07072e-05
-6.6 0.36 2.8283e-05
-6.6 0.42 2.5692e-05
-6.6 0.48 2.30173e-05
-6.54 -0.78 1.98726e-05
-6.54 -0.72 2.34822e-05
-6.54 -0.66 2.73656e-05
-6.54 -0.6 3.14529e-05
-6.54 -0.54 3.5654e-05
-6.54 -0.48 3.98606e-05
-6.54 -0.42 4.39511e-05
-6.54 -0.36 4.7795e-05
-6.54 -0.3 5.12609e-05
-6.54 -0.24 5.42221e-05
-6.54 -0.18 5.65662e-05
-6.54 -0.12 5.8201e-05
-6.54 -0.06 5.90594e-05
-6.54 9.71445e-15 5.91066e-05
-6.54 0.06 5.83409e-05
-6.54 0.12 5.67937e-05
-6.54 0.18 5.45271e-05
-6.54 0.24 5.16313e-05
-6.54 0.3 4.82182e-05
-6.54 0.36 4.44108e-05
-6.54 0.42 4.03422e-05
-6.54 0.48 3.61429e-05
-6.54 0.54 3.19353e-05
-6.48 -0.84 2.56874e-05
-6.48 -0.78 3.0776e-05
-6.48 -0.72 3.63656e-05
-6.48 -0.66 4.23799e-05
-6.48 -0.6 4.87098e-05
-6.48 -0.54 5.52158e-05
-6.48 -0.48 6.17306e-05
-6.48 -0.42 6.80654e-05
-6.48 -0.36 7.40179e-05
-6.48 -0.3 7.93854e-05
-6.48 -0.24 8.39718e-05
-6.48 -0.18 8.76023e-05
-6.48 -0.12 9.01321e-05
-6.48 -0.06 9.14617e-05
-6.48 9.71445e-15 9.15353e-05
-6.48 0.06 9.03492e-05
-6.48 0.12 8.79524e-05
-6.48 0.18 8.44438e-05
-6.48 0.24 7.99599e-05
-6.48 0.3 7.46725e-05
-6.48 0.36 6.87774e-05
-6.48 0.42 6.24766e-05
-6.48 0.48 5.59724e-05
-6.48 0.54 4.94566e-05
-6.48 0.6 4.30985e-05
-6.42 -0.9 3.22971e-05
-6.42 -0.84 3.92342e-05
-6.42 -0.78 4.70063e-05
-6.42 -0.72 5.55437e-05
-6.42 -0.66 6.47296e-05
-6.42 -0.6 7.43978e-05
-6.42 -0.54 8.43347e-05
-6.42 -0.48 9.42848e-05
-6.42 -0.42 0.00010396
-6.42 -0.36 0.000113054
-6.42 -0.3 0.00012125
-6.42 -0.24 0.000128256
-6.42 -0.18 0.000133799
-6.42 -0.12 0.000137666
-6.42 -0.06 0.000139697
-6.42 9.71445e-15 0.000139809
-6.42 0.06 0.000137998
-6.42 0.12 0.000134338
-6.42 0.18 0.000128976
-6.42 0.24 0.000122128
-6.42 0.3 0.000114053
-6.42 0.36 0.000105048
-6.42 0.42 9.54245e-05
-6.42 0.48 8.54907e-05
-6.42 0.54 7.55383e-05
-6.42 0.6 6.58271e-05
-6.42 0.66 5.65761e-05
-6.36 -0.96 3.94988e-05
-6.36 -0.9 4.86515e-05
-6.36 -0.84 5.91012e-05
-6.36 -0.78 7.08092e-05
-6.36 -0.72 8.36693e-05
-6.36 -0.66 9.75071e-05
-6.36 -0.6 0.000112072
-6.36 -0.54 0.000127041
-6.36 -0.48 0.000142029
-6.36 -0.42 0.000156602
-6.36 -0.36 0.0001703
-6.36 -0.3 0.00018265
-6.36 -0.24 0.0001932
-6.36 -0.18 0.000201554
-6.36 -0.12 0.000207378
-6.36 -0.06 0.000210436
-6.36 9.71445e-15 0.000210604
-6.36 0.06 0.000207876
-6.36 0.12 0.000202363
-6.36 0.18 0.000194287
-6.36 0.24 0.00018397
-6.36 0.3 0.000171807
-6.36 0.36 0.000158242
-6.36 0.42 0.000143745
-6.36 0.48 0.000128781
-6.36 0.54 0.000113789
-6.36 0.6 9.91602e-05
-6.36 0.66 8.52243e-05
-6.36 0.72 7.22407e-05
-6.3 -1.02 4.69875e-05
-6.3 -0.96 5.86818e-05
-6.3 -0.9 7.22799e-05
-6.3 -0.84 8.78054e-05
-6.3 -0.78 0.000105199
-6.3 -0.72 0.000124305
-6.3 -0.66 0.000144864
-6.3 -0.6 0.000166502
-6.3 -0.54 0.000188741
-6.3 -0.48 0.000211009
-6.3 -0.42 0.000232661
-6.3 -0.36 0.000253008
-6.3 -0.3 0.000271358
-6.3 -0.24 0.000287031
-6.3 -0.18 0.000299443
-6.3 -0.12 0.000308094
-6.3 -0.06 0.000312636
-6.3 9.71445e-15 0.000312887
-6.3 0.06 0.000308834
-6.3 0.12 0.000300643
-6.3 0.18 0.000288646
-6.3 0.24 0.000273319
-6.3 0.3 0.000255247
-6.3 0.36 0.000235096
-6.3 0.42 0.000213556
-6.3 0.48 0.000191325
-6.3 0.54 0.000169053
-6.3 0.6 0.00014732
-6.3 0.66 0.000126615
-6.3 0.72 0.000107325
-6.3 0.78 8.97245e-05
-6.24 -1.02 6.88485e-05
-6.24 -0.96 8.59835e-05
-6.24 -0.9 0.000105908
-6.24 -0.84 0.000128657
-6.24 -0.78 0.000154142
-6.24 -0.72 0.000182138
-6.24 -0.66 0.000212262
-6.24 -0.6 0.000243966
-6.24 -0.54 0.000276552
-6.24 -0.48 0.000309181
-6.24 -0.42 0.000340906
-6.24 -0.36 0.00037072
-6.24 -0.3 0.000397606
-6.24 -0.24 0.000420574
-6.24 -0.18 0.000438757
-6.24 -0.12 0.000451433
-6.24 -0.06 0.000458091
-6.24 9.71445e-15 0.000458459
-6.24 0.06 0.000452519
-6.24 0.12 0.000440515
-6.24 0.18 0.000422937
-6.24 0.24 0.000400481
-6.24 0.3 0.000374
-6.24 0.36 0.000344475
-6.24 0.42 0.000312913
-6.24 0.48 0.000280339
-6.24 0.54 0.000247705
-6.24 0.6 0.00021586
-6.24 0.66 0.000185523
-6.24 0.72 0.000157258
-6.24 0.78 0.000131469
-6.24 0.84 0.000108396
-6.18 -1.08 7.85707e-05
-6.18 -1.02 9.94934e-05
-6.18 -0.96 0.000124255
-6.18 -0.9 0.000153049
-6.18 -0.84 0.000185923
-6.18 -0.78 0.000222752
-6.18 -0.72 0.000263207
-6.18 -0.66 0.00030674
-6.18 -0.6 0.000352557
-6.18 -0.54 0.000399647
-6.18 -0.48 0.000446798
-6.18 -0.42 0.000492644
-6.18 -0.36 0.000535732
-6.18 -0.3 0.000574582
-6.18 -0.24 0.000607776
-6.18 -0.18 0.000634049
-6.18 -0.12 0.000652368
-6.18 -0.06 0.000661991
-6.18 9.71445e-15 0.000662523
-6.18 0.06 0.000653939
-6.18 0.12 0.000636591
-6.18 0.18 0.000611187
-6.18 0.24 0.000578739
-6.18 0.3 0.000540468
-6.18 0.36 0.000497803
-6.18 0.42 0.000452194
-6.18 0.48 0.000405117
-6.18 0.54 0.000357959
-6.18 0.6 0.00031194
-6.18 0.66 0.000268099
-6.18 0.72 0.000227255
-6.18 0.78 0.000189986
-6.18 0.84 0.000156643
-6.18 0.9 0.000127379
-6.12 -1.14 8.72173e-05
-6.12 -1.08 0.000111982
-6.12 -1.02 0.000141801
-6.12 -0.96 0.000177093
-6.12 -0.9 0.000218133
-6.12 -0.84 0.000264982
-6.12 -0.78 0.000317477
-6.12 -0.72 0.000375135
-6.12 -0.66 0.000437177
-6.12 -0.6 0.000502477
-6.12 -0.54 0.00056959
-6.12 -0.48 0.000636793
-6.12 -0.42 0.000702141
-6.12 -0.36 0.000763548
-6.12 -0.3 0.000818914
-6.12 -0.24 0.000866227
-6.12 -0.18 0.000903677
-6.12 -0.12 0.00092978
-6.12 -0.06 0.000943492
-6.12 9.71445e-15 0.000944251
-6.12 0.06 0.000932015
-6.12 0.12 0.000907292
-6.12 0.18 0.000871098
-6.12 0.24 0.000824844
-6.12 0.3 0.0007703
-6.12 0.36 0.000709489
-6.12 0.42 0.000644491
-6.12 0.48 0.000577395
-6.12 0.54 0.000510177
-6.12 0.6 0.000444589
-6.12 0.66 0.000382108
-6.12 0.72 0.000323895
-6.12 0.78 0.000270775
-6.12 0.84 0.000223255
-6.12 0.9 0.000181545
-6.12 0.96 0.000145598
-6.06 -1.2 9.41714e-05
-6.06 -1.14 0.000122596
-6.06 -1.08 0.000157406
-6.06 -1.02 0.000199323
-6.06 -0.96 0.000248935
-6.06 -0.9 0.000306617
-6.06 -0.84 0.000372474
-6.06 -0.78 0.00044626
-6.06 -0.72 0.000527314
-6.06 -0.66 0.00061452
-6.06 -0.6 0.00070631
-6.06 -0.54 0.000800649
-6.06 -0.48 0.000895113
-6.06 -0.42 0.000986961
-6.06 -0.36 0.00107328
-6.06 -0.3 0.00115112
-6.06 -0.24 0.00121761
-6.06 -0.18 0.00127026
-6.06 -0.12 0.00130696
-6.06 -0.06 0.00132623
-6.06 9.71445e-15 0.00132729
-6.06 0.06 0.00131009
-6.06 0.12 0.00127535
-6.06 0.18 0.00122446
-6.06 0.24 0.00115943
-6.06 0.3 0.00108279
-6.06 0.36 0.000997286
-6.06 0.42 0.000905929
-6.06 0.48 0.000811623
-6.06 0.54 0.000717137
-6.06 0.6 0.000624942
-6.06 0.66 0.000537114
-6.06 0.72 0.000455283
-6.06 0.78 0.000380616
-6.06 0.84 0.000313819
-6.06 0.9 0.00025519
-6.06 0.96 0.00020466
-6.06 1.02 0.000161881
-6 -1.2 0.000130555
-6 -1.14 0.000169961
-6 -1.08 0.00021822
-6 -1.02 0.00027633
-6 -0.96 0.000345104
-6 -0.9 0.000425072
-6 -0.84 0.000516375
-6 -0.78 0.000618665
-6 -0.72 0.000731029
-6 -0.66 0.000851929
-6 -0.6 0.000979176
-6 -0.54 0.00110996
-6 -0.48 0.00124092
-6 -0.42 0.00136826
-6 -0.36 0.00148794
-6 -0.3 0.00159581
-6 -0.24 0.00168803
-6 -0.18 0.00176097
-6 -0.12 0.00181187
-6 -0.06 0.0018386
-6 9.71445e-15 0.00184008
-6 0.06 0.00181624
-6 0.12 0.00176806
-6 0.18 0.00169749
-6 0.24 0.00160737
-6 0.3 0.00150109
-6 0.36 0.00138258
-6 0.42 0.00125591
-6 0.48 0.00112517
-6 0.54 0.000994186
-6 0.6 0.000866373
-6 0.66 0.000744617
-6 0.72 0.000631176
-6 0.78 0.000527657
-6 0.84 0.000435058
-6 0.9 0.000353777
-6 0.96 0.000283729
-6 1.02 0.00022442
-6 1.08 0.000175069
-5.94 -1.26 0.000135231
-5.94 -1.2 0.000178503
-5.94 -1.14 0.000232381
-5.94 -1.08 0.000298365
-5.94 -1.02 0.000377818
-5.94 -0.96 0.000471851
-5.94 -0.9 0.000581191
-5.94 -0.84 0.000706028
-5.94 -0.78 0.000845883
-5.94 -0.72 0.000999517
-5.94 -0.66 0.00116483
-5.94 -0.6 0.00133881
-5.94 -0.54 0.00151763
-5.94 -0.48 0.00169669
-5.94 -0.42 0.00187079
-5.94 -0.36 0.00203439
-5.94 -0.3 0.00218194
-5.94 -0.24 0.00230797
-5.94 -0.18 0.00240778
-5.94 -0.12 0.00247733
-5.94 -0.06 0.00251385
-5.94 9.71445e-15 0.00251586
-5.94 0.06 0.00248327
-5.94 0.12 0.00241741
-5.94 0.18 0.00232096
-5.94 0.24 0.0021977
-5.94 0.3 0.0020524
-5.94 0.36 0.00189036
-5.94 0.42 0.00171718
-5.94 0.48 0.00153842
-5.94 0.54 0.00135933
-5.94 0.6 0.00118457
-5.94 0.66 0.00101809
-5.94 0.72 0.000862983
-5.94 0.78 0.000721458
-5.94 0.84 0.000594844
-5.94 0.9 0.000483712
-5.94 0.96 0.000387931
-5.94 1.02 0.000306846
-5.94 1.08 0.000239371
-5.88 -1.26 0.000182357
-5.88 -1.2 0.000240709
-5.88 -1.14 0.000313363
-5.88 -1.08 0.00040234
-5.88 -1.02 0.00050948
-5.88 -0.96 0.000636286
-5.88 -0.9 0.000783726
-5.88 -0.84 0.00095206
-5.88 -0.78 0.00114066
-5.88 -0.72 0.00134784
-5.88 -0.66 0.00157074
-5.88 -0.6 0.00180534
-5.88 -0.54 0.00204646
-5.88 -0.48 0.00228793
-5.88 -0.42 0.00252273
-5.88 -0.36 0.00274338
-5.88 -0.3 0.00294227
-5.88 -0.24 0.00311229
-5.88 -0.18 0.0032468
-5.88 -0.12 0.00334061
-5.88 -0.06 0.00338991
-5.88 9.71445e-15 0.00339262
-5.88 0.06 0.00334867
-5.88 0.12 0.00325984
-5.88 0.18 0.00312977
-5.88 0.24 0.00296357
-5.88 0.3 0.00276764
-5.88 0.36 0.00254912
-5.88 0.42 0.00231559
-5.88 0.48 0.00207454
-5.88 0.54 0.00183303
-5.88 0.6 0.00159738
-5.88 0.66 0.00137289
-5.88 0.72 0.00116373
-5.88 0.78 0.00097286
-5.88 0.84 0.00080214
-5.88 0.9 0.000652271
-5.88 0.96 0.000523125
-5.88 1.02 0.000413775
-5.88 1.08 0.000322783
-5.88 1.14 0.000248342
-5.82 -1.32 0.000181208
-5.82 -1.26 0.000242525
-5.82 -1.2 0.000320128
-5.82 -1.14 0.000416756
-5.82 -1.08 0.000535091
-5.82 -1.02 0.000677578
-5.82 -0.96 0.000846219
-5.82 -0.9 0.00104232
-5.82 -0.84 0.00126619
-5.82 -0.78 0.00151703
-5.82 -0.72 0.00179253
-5.82 -0.66 0.00208899
-5.82 -0.6 0.00240103
-5.82 -0.54 0.00272172
-5.82 -0.48 0.00304283
-5.82 -0.42 0.00335506
-5.82 -0.36 0.00364853
-5.82 -0.3 0.0039131
-5.82 -0.24 0.00413915
-5.82 -0.18 0.00431808
-5.82 -0.12 0.00444287
-5.82 -0.06 0.00450839
-5.82 9.71445e-15 0.00451199
-5.82 0.06 0.00445354
-5.82 0.12 0.00433542
-5.82 0.18 0.00416242
-5.82 0.24 0.0039414
-5.82 0.3 0.00368078
-5.82 0.36 0.0033902
-5.82 0.42 0.00307962
-5.82 0.48 0.00275901
-5.82 0.54 0.00243781
-5.82 0.6 0.0021244
-5.82 0.66 0.00182585
-5.82 0.72 0.0015477
-5.82 0.78 0.00129387
-5.82 0.84 0.00106679
-5.82 0.9 0.000867495
-5.82 0.96 0.000695724
-5.82 1.02 0.000550295
-5.82 1.08 0.000429285
-5.82 1.14 0.000330282
-5.76 -1.32 0.000237684
-5.76 -1.26 0.000318111
-5.76 -1.2 0.000419904
-5.76 -1.14 0.000546647
-5.76 -1.08 0.000701863
-5.76 -1.02 0.000888764
-5.76 -0.96 0.00110995
-5.76 -0.9 0.00136717
-5.76 -0.84 0.00166083
-5.76 -0.78 0.00198982
-5.76 -0.72 0.0023512
-5.76 -0.66 0.00274008
-5.76 -0.6 0.00314936
-5.76 -0.54 0.00357
-5.76 -0.48 0.0039912
-5.76 -0.42 0.00440073
-5.76 -0.36 0.00478563
-5.76 -0.3 0.00513268
-5.76 -0.24 0.00542919
-5.76 -0.18 0.0056639
-5.76 -0.12 0.00582754
-5.76 -0.06 0.00591349
-5.76 9.71445e-15 0.00591824
-5.76 0.06 0.00584156
-5.76 0.12 0.0056866
-5.76 0.18 0.00545967
-5.76 0.24 0.00516982
-5.76 0.3 0.00482794
-5.76 0.36 0.00444682
-5.76 0.42 0.0040394
-5.76 0.48 0.00361887
-5.76 0.54 0.00319761
-5.76 0.6 0.00278652
-5.76 0.66 0.0023949
-5.76 0.72 0.00203004
-5.76 0.78 0.00169713
-5.76 0.84 0.00139928
-5.76 0.9 0.00113786
-5.76 0.96 0.000912555
-5.76 1.02 0.000721804
-5.76 1.08 0.000563081
-5.76 1.14 0.000433221
-5.76 1.2 0.000328728
-5.7 -1.38 0.000226582
-5.7 -1.32 0.000307476
-5.7 -1.26 0.000411522
-5.7 -1.2 0.000543203
-5.7 -1.14 0.000707162
-5.7 -1.08 0.000907956
-5.7 -1.02 0.00114974
-5.7 -0.96 0.00143588
-5.7 -0.9 0.00176861
-5.7 -0.84 0.00214851
-5.7 -0.78 0.0025741
-5.7 -0.72 0.00304161
-5.7 -0.66 0.00354467
-5.7 -0.6 0.00407412
-5.7 -0.54 0.00461828
-5.7 -0.48 0.00516316
-5.7 -0.42 0.00569295
-5.7 -0.36 0.00619089
-5.7 -0.3 0.0066398
-5.7 -0.24 0.00702341
-5.7 -0.18 0.00732701
-5.7 -0.12 0.00753869
-5.7 -0.06 0.00764993
-5.7 9.71445e-15 0.00765607
-5.7 0.06 0.00755688
-5.7 0.12 0.00735642
-5.7 0.18 0.0070628
-5.7 0.24 0.00668786
-5.7 0.3 0.00624563
-5.7 0.36 0.00575257
-5.7 0.42 0.00522549
-5.7 0.48 0.00468152
-5.7 0.54 0.00413655
-5.7 0.6 0.00360476
-5.7 0.66 0.00309814
-5.7 0.72 0.00262614
-5.7 0.78 0.00219546
-5.7 0.84 0.00181016
-5.7 0.9 0.00147198
-5.7 0.96 0.00118052
-5.7 1.02 0.000933751
-5.7 1.08 0.000728421
-5.7 1.14 0.000560429
-5.7 1.2 0.000425253
-5.7 1.26 0.000318248
-5.64 -1.38 0.000289086
-5.64 -1.32 0.000392293
-5.64 -1.26 0.000525042
-5.64 -1.2 0.000693048
-5.64 -1.14 0.000902236
-5.64 -1.08 0.00115842
-5.64 -1.02 0.0014669
-5.64 -0.96 0.00183197
-5.64 -0.9 0.00225649
-5.64 -0.84 0.00274118
-5.64 -0.78 0.00328417
-5.64 -0.72 0.00388066
-5.64 -0.66 0.00452247
-5.64 -0.6 0.00519797
-5.64 -0.54 0.00589223
-5.64 -0.48 0.00658741
-5.64 -0.42 0.00726339
-5.64 -0.36 0.00789869
-5.64 -0.3 0.0084714
-5.64 -0.24 0.00896087
-5.64 -0.18 0.00934815
-5.64 -0.12 0.00961827
-5.64 -0.06 0.0097602
-5.64 9.71445e-15 0.00976803
-5.64 0.06 0.00964148
-5.64 0.12 0.00938571
-5.64 0.18 0.0090111
-5.64 0.24 0.00853273
-5.64 0.3 0.00796849
-5.64 0.36 0.00733943
-5.64 0.42 0.00666697
-5.64 0.48 0.00597295
-5.64 0.54 0.00527762
-5.64 0.6 0.00459913
-5.64 0.66 0.00395279
-5.64 0.72 0.00335058
-5.64 0.78 0.00280108
-5.64 0.84 0.0023095
-5.64 0.9 0.00187802
-5.64 0.96 0.00150617
-5.64 1.02 0.00119133
-5.64 1.08 0.000929355
-5.64 1.14 0.000715023
-5.64 1.2 0.00054256
-5.64 1.26 0.000406039
-5.58 -1.38 0.000363762
-5.58 -1.32 0.000493632
-5.58 -1.26 0.000660665
-5.58 -1.2 0.000872072
-5.58 -1.14 0.0011353
-5.58 -1.08 0.00145766
-5.58 -1.02 0.00184581
-5.58 -0.96 0.00230521
-5.58 -0.9 0.00283939
-5.58 -0.84 0.00344925
-5.58 -0.78 0.00413254
-5.58 -0.72 0.00488311
-5.58 -0.66 0.00569068
-5.58 -0.6 0.00654066
-5.58 -0.54 0.00741426
-5.58 -0.48 0.00828904
-5.58 -0.42 0.00913969
-5.58 -0.36 0.00993903
-5.58 -0.3 0.0106597
-5.58 -0.24 0.0112756
-5.58 -0.18 0.011763
-5.58 -0.12 0.0121027
-5.58 -0.06 0.0122814
-5.58 9.71445e-15 0.0122912
-5.58 0.06 0.012132
-5.58 0.12 0.0118101
-5.58 0.18 0.0113389
-5.58 0.24 0.0107369
-5.58 0.3 0.0100269
-5.58 0.36 0.00923532
-5.58 0.42 0.0083892
-5.58 0.48 0.00751589
-5.58 0.54 0.00664094
-5.58 0.6 0.00578719
-5.58 0.66 0.00497388
-5.58 0.72 0.00421608
-5.58 0.78 0.00352463
-5.58 0.84 0.0029061
-5.58 0.9 0.00236314
-5.58 0.96 0.00189524
-5.58 1.02 0.00149908
-5.58 1.08 0.00116943
-5.58 1.14 0.000899729
-5.58 1.2 0.000682717
-5.58 1.26 0.000510928
-5.58 1.32 0.000377107
-5.52 -1.44 0.000328091
-5.52 -1.38 0.000451433
-5.52 -1.32 0.000612612
-5.52 -1.26 0.000819898
-5.52 -1.2 0.00108225
-5.52 -1.14 0.00140891
-5.52 -1.08 0.00180897
-5.52 -1.02 0.00229069
-5.52 -0.96 0.00286081
-5.52 -0.9 0.00352374
-5.52 -0.84 0.00428061
-5.52 -0.78 0.00512856
-5.52 -0.72 0.00606003
-5.52 -0.66 0.0070623
-5.52 -0.6 0.00811715
-5.52 -0.54 0.00920132
-5.52 -0.48 0.0102869
-5.52 -0.42 0.0113425
-5.52 -0.36 0.0123344
-5.52 -0.3 0.013229
-5.52 -0.24 0.0139931
-5.52 -0.18 0.0145982
-5.52 -0.12 0.0150199
-5.52 -0.06 0.0152413
-5.52 9.71445e-15 0.0152535
-5.52 0.06 0.015056
-5.52 0.12 0.0146567
-5.52 0.18 0.0140719
-5.52 0.24 0.0133246
-5.52 0.3 0.0124436
-5.52 0.36 0.0114612
-5.52 0.42 0.0104112
-5.52 0.48 0.00932736
-5.52 0.54 0.00824155
-5.52 0.6 0.00718202
-5.52 0.66 0.00617266
-5.52 0.72 0.00523223
-5.52 0.78 0.00437416
-5.52 0.84 0.00360652
-5.52 0.9 0.00293272
-5.52 0.96 0.00235201
-5.52 1.02 0.00186039
-5.52 1.08 0.00145129
-5.52 1.14 0.00111659
-5.52 1.2 0.00084727
-5.52 1.26 0.000634071
-5.52 1.32 0.000467992
-5.46 -1.44 0.000401571
-5.46 -1.38 0.000552536
-5.46 -1.32 0.00074981
-5.46 -1.26 0.00100353
-5.46 -1.2 0.00132464
-5.46 -1.14 0.00172446
-5.46 -1.08 0.00221411
-5.46 -1.02 0.00280372
-5.46 -0.96 0.00350153
-5.46 -0.9 0.00431293
-5.46 -0.84 0.00523928
-5.46 -0.78 0.0062772
-5.46 -0.72 0.00741721
-5.46 -0.66 0.0086439
-5.46 -0.6 0.00993505
-5.46 -0.54 0.011262
-5.46 -0.48 0.0125907
-5.46 -0.42 0.0138826
-5.46 -0.36 0.015097
-5.46 -0.3 0.0161918
-5.46 -0.24 0.0171271
-5.46 -0.18 0.0178675
-5.46 -0.12 0.0183839
-5.46 -0.06 0.018655
-5.46 9.71445e-15 0.0186699
-5.46 0.06 0.0184281
-5.46 0.12 0.0179393
-5.46 0.18 0.0172233
-5.46 0.24 0.0163088
-5.46 0.3 0.0152305
-5.46 0.36 0.0140281
-5.46 0.42 0.0127429
-5.46 0.48 0.0114163
-5.46 0.54 0.0100873
-5.46 0.6 0.00879047
-5.46 0.66 0.00755508
-5.46 0.72 0.00640411
-5.46 0.78 0.00535382
-5.46 0.84 0.0044142
-5.46 0.9 0.00358955
-5.46 0.96 0.00287879
-5.46 1.02 0.00227702
-5.46 1.08 0.00177631
-5.46 1.14 0.00136666
-5.46 1.2 0.00103702
-5.46 1.26 0.000776072
-5.46 1.32 0.000572809
-5.4 -1.44 0.000484749
-5.4 -1.38 0.000666991
-5.4 -1.32 0.000905123
-5.4 -1.26 0.0012114
-5.4 -1.2 0.00159902
-5.4 -1.14 0.00208166
-5.4 -1.08 0.00267273
-5.4 -1.02 0.00338449
-5.4 -0.96 0.00422686
-5.4 -0.9 0.00520626
-5.4 -0.84 0.00632458
-5.4 -0.78 0.00757736
-5.4 -0.72 0.00895371
-5.4 -0.66 0.0104345
-5.4 -0.6 0.011993
-5.4 -0.54 0.0135948
-5.4 -0.48 0.0151988
-5.4 -0.42 0.0167586
-5.4 -0.36 0.0182242
-5.4 -0.3 0.0195456
-5.4 -0.24 0.0206749
-5.4 -0.18 0.0215687
-5.4 -0.12 0.0221918
-5.4 -0.06 0.0225191
-5.4 9.71445e-15 0.0225371
-5.4 0.06 0.0222451
-5.4 0.12 0.0216552
-5.4 0.18 0.020791
-5.4 0.24 0.019687
-5.4 0.3 0.0183855
-5.4 0.36 0.0169337
-5.4 0.42 0.0153824
-5.4 0.48 0.0137812
-5.4 0.54 0.0121769
-5.4 0.6 0.0106114
-5.4 0.66 0.00912012
-5.4 0.72 0.00773061
-5.4 0.78 0.00646274
-5.4 0.84 0.00532863
-5.4 0.9 0.00433303
-5.4 0.96 0.00347511
-5.4 1.02 0.00274872
-5.4 1.08 0.00214426
-5.4 1.14 0.00164974
-5.4 1.2 0.00125183
-5.4 1.26 0.000936834
-5.4 1.32 0.000691458
-5.4 1.38 0.00050334
-5.34 -1.5 0.000413668
-5.34 -1.44 0.000577117
-5.34 -1.38 0.000794082
-5.34 -1.32 0.00107759
-5.34 -1.26 0.00144222
-5.34 -1.2 0.00190371
-5.34 -1.14 0.00247833
-5.34 -1.08 0.00318203
-5.34 -1.02 0.00402936
-5.34 -0.96 0.00503222
-5.34 -0.9 0.00619836
-5.34 -0.84 0.00752962
-5.34 -0.78 0.00902131
-5.34 -0.72 0.0106597
-5.34 -0.66 0.0124226
-5.34 -0.6 0.0142782
-5.34 -0.54 0.0161853
-5.34 -0.48 0.0180948
-5.34 -0.42 0.0199516
-5.34 -0.36 0.0216967
-5.34 -0.3 0.02327
-5.34 -0.24 0.0246143
-5.34 -0.18 0.0256784
-5.34 -0.12 0.0264204
-5.34 -0.06 0.02681
-5.34 9.71445e-15 0.0268314
-5.34 0.06 0.0264838
-5.34 0.12 0.0257814
-5.34 0.18 0.0247527
-5.34 0.24 0.0234384
-5.34 0.3 0.0218885
-5.34 0.36 0.0201605
-5.34 0.42 0.0183136
-5.34 0.48 0.016407
-5.34 0.54 0.0144969
-5.34 0.6 0.0126332
-5.34 0.66 0.0108578
-5.34 0.72 0.00920369
-5.34 0.78 0.00769425
-5.34 0.84 0.00634389
-5.34 0.9 0.00515873
-5.34 0.96 0.00413726
-5.34 1.02 0.00327245
-5.34 1.08 0.00255283
-5.34 1.14 0.00196409
-5.34 1.2 0.00149036
-5.34 1.26 0.00111534
-5.34 1.32 0.000823212
-5.34 1.38 0.000599247
-5.28 -1.5 0.000485724
-5.28 -1.44 0.000677638
-5.28 -1.38 0.000932398
-5.28 -1.32 0.00126528
-5.28 -1.26 0.00169344
-5.28 -1.2 0.00223531
-5.28 -1.14 0.00291001
-5.28 -1.08 0.00373629
-5.28 -1.02 0.00473125
-5.28 -0.96 0.00590877
-5.28 -0.9 0.00727792
-5.28 -0.84 0.00884125
-5.28 -0.78 0.0105925
-5.28 -0.72 0.0125164
-5.28 -0.66 0.0145865
-5.28 -0.6 0.0167652
-5.28 -0.54 0.0190045
-5.28 -0.48 0.0212467
-5.28 -0.42 0.0234269
-5.28 -0.36 0.0254759
-5.28 -0.3 0.0273232
-5.28 -0.24 0.0289017
-5.28 -0.18 0.0301511
-5.28 -0.12 0.0310222
-5.28 -0.06 0.0314799
-5.28 9.71445e-15 0.0315052
-5.28 0.06 0.031097
-5.28 0.12 0.0302722
-5.28 0.18 0.0290639
-5.28 0.24 0.0275209
-5.28 0.3 0.0257012
-5.28 0.36 0.0236721
-5.28 0.42 0.0215031
-5.28 0.48 0.0192648
-5.28 0.54 0.0170222
-5.28 0.6 0.0148338
-5.28 0.66 0.0127491
-5.28 0.72 0.0108067
-5.28 0.78 0.00903443
-5.28 0.84 0.00744891
-5.28 0.9 0.00605726
-5.28 0.96 0.0048579
-5.28 1.02 0.00384245
-5.28 1.08 0.0029975
-5.28 1.14 0.0023062
-5.28 1.2 0.00174995
-5.28 1.26 0.00130961
-5.28 1.32 0.000966607
-5.28 1.38 0.000703625
-5.22 -1.5 0.000562486
-5.22 -1.44 0.000784739
-5.22 -1.38 0.00107975
-5.22 -1.32 0.00146526
-5.22 -1.26 0.00196108
-5.22 -1.2 0.00258857
-5.22 -1.14 0.00336989
-5.22 -1.08 0.00432675
-5.22 -1.02 0.00547897
-5.22 -0.96 0.00684263
-5.22 -0.9 0.00842812
-5.22 -0.84 0.0102385
-5.22 -0.78 0.0122666
-5.22 -0.72 0.0144946
-5.22 -0.66 0.0168918
-5.22 -0.6 0.0194147
-5.22 -0.54 0.0220079
-5.22 -0.48 0.0246044
-5.22 -0.42 0.0271293
-5.22 -0.36 0.0295021
-5.22 -0.3 0.0316414
-5.22 -0.24 0.0334692
-5.22 -0.18 0.0349162
-5.22 -0.12 0.0359253
-5.22 -0.06 0.0364551
-5.22 9.71445e-15 0.0364842
-5.22 0.06 0.0360116
-5.22 0.12 0.0350566
-5.22 0.18 0.0336575
-5.22 0.24 0.03187
-5.22 0.3 0.0297633
-5.22 0.36 0.0274131
-5.22 0.42 0.0249017
-5.22 0.48 0.0223096
-5.22 0.54 0.0197125
-5.22 0.6 0.0171782
-5.22 0.66 0.014764
-5.22 0.72 0.0125146
-5.22 0.78 0.0104622
-5.22 0.84 0.00862618
-5.22 0.9 0.00701457
-5.22 0.96 0.00562562
-5.22 1.02 0.00444972
-5.22 1.08 0.00347122
-5.22 1.14 0.00267068
-5.22 1.2 0.00202651
-5.22 1.26 0.00151657
-5.22 1.32 0.00111937
-5.22 1.38 0.000814834
-5.22 1.44 0.000584989
-5.16 -1.5 0.000642425
-5.16 -1.44 0.000896271
-5.16 -1.38 0.0012332
-5.16 -1.32 0.00167351
-5.16 -1.26 0.00223979
-5.16 -1.2 0.00295645
-5.16 -1.14 0.00384881
-5.16 -1.08 0.00494166
-5.16 -1.02 0.00625762
-5.16 -0.96 0.00781512
-5.16 -0.9 0.009626
-5.16 -0.84 0.0116936
-5.16 -0.78 0.01401
-5.16 -0.72 0.0165546
-5.16 -0.66 0.0192924
-5.16 -0.6 0.0221741
-5.16 -0.54 0.0251358
-5.16 -0.48 0.0281014
-5.16 -0.42 0.0309849
-5.16 -0.36 0.0336949
-5.16 -0.3 0.0361386
-5.16 -0.24 0.0382259
-5.16 -0.18 0.0398788
-5.16 -0.12 0.0410311
-5.16 -0.06 0.0416361
-5.16 9.71445e-15 0.0416693
-5.16 0.06 0.0411295
-5.16 0.12 0.0400389
-5.16 0.18 0.0384412
-5.16 0.24 0.0363995
-5.16 0.3 0.0339933
-5.16 0.36 0.0313091
-5.16 0.42 0.0284409
-5.16 0.48 0.0254803
-5.16 0.54 0.022514
-5.16 0.6 0.0196196
-5.16 0.66 0.0168623
-5.16 0.72 0.0142933
-5.16 0.78 0.0119492
-5.16 0.84 0.00985213
-5.16 0.9 0.00801153
-5.16 0.96 0.00642515
-5.16 1.02 0.00508212
-5.16 1.08 0.00396458
-5.16 1.14 0.00305026
-5.16 1.2 0.00231454
-5.16 1.26 0.00173212
-5.16 1.32 0.00127845
-5.16 1.38 0.000930642
-5.16 1.44 0.000668127
-5.1 -1.56 0.000511568
-5.1 -1.5 0.000723643
-5.1 -1.44 0.00100958
-5.1 -1.38 0.00138911
-5.1 -1.32 0.00188509
-5.1 -1.26 0.00252295
-5.1 -1.2 0.00333022
-5.1 -1.14 0.00433541
-5.1 -1.08 0.00556643
-5.1 -1.02 0.00704873
-5.1 -0.96 0.00880313
-5.1 -0.9 0.0108429
-5.1 -0.84 0.0131719
-5.1 -0.78 0.0157812
-5.1 -0.72 0.0186475
-5.1 -0.66 0.0217315
-5.1 -0.6 0.0249775
-5.1 -0.54 0.0283136
-5.1 -0.48 0.0316542
-5.1 -0.42 0.0349022
-5.1 -0.36 0.0379547
-5.1 -0.3 0.0407074
-5.1 -0.24 0.0430584
-5.1 -0.18 0.0449205
-5.1 -0.12 0.0462184
-5.1 -0.06 0.0468998
-5.1 9.71445e-15 0.0469373
-5.1 0.06 0.0463292
-5.1 0.12 0.0451007
-5.1 0.18 0.043301
-5.1 0.24 0.0410014
-5.1 0.3 0.0382908
-5.1 0.36 0.0352675
-5.1 0.42 0.0320365
-5.1 0.48 0.0287016
-5.1 0.54 0.0253602
-5.1 0.6 0.0220999
-5.1 0.66 0.0189941
-5.1 0.72 0.0161002
-5.1 0.78 0.0134599
-5.1 0.84 0.0110976
-5.1 0.9 0.00902439
-5.1 0.96 0.00723742
-5.1 1.02 0.00572463
-5.1 1.08 0.00446581
-5.1 1.14 0.00343589
-5.1 1.2 0.00260715
-5.1 1.26 0.0019511
-5.1 1.32 0.00144007
-5.1 1.38 0.0010483
-5.1 1.44 0.000752598
-5.04 -1.56 0.000568319
-5.04 -1.5 0.000803929
-5.04 -1.44 0.00112158
-5.04 -1.38 0.00154322
-5.04 -1.32 0.00209421
-5.04 -1.26 0.00280285
-5.04 -1.2 0.00369969
-5.04 -1.14 0.0048164
-5.04 -1.08 0.00618398
-5.04 -1.02 0.00783073
-5.04 -0.96 0.00977974
-5.04 -0.9 0.0120459
-5.04 -0.84 0.0146332
-5.04 -0.78 0.0175321
-5.04 -0.72 0.0207162
-5.04 -0.66 0.0241424
-5.04 -0.6 0.0277485
-5.04 -0.54 0.0314548
-5.04 -0.48 0.0351659
-5.04 -0.42 0.0387741
-5.04 -0.36 0.0421657
-5.04 -0.3 0.0452235
-5.04 -0.24 0.0478356
-5.04 -0.18 0.0499039
-5.04 -0.12 0.051346
-5.04 -0.06 0.0521031
-5.04 9.71445e-15 0.0521447
-5.04 0.06 0.0514692
-5.04 0.12 0.0501042
-5.04 0.18 0.0481047
-5.04 0.24 0.0455503
-5.04 0.3 0.0425387
-5.04 0.36 0.0391802
-5.04 0.42 0.0355907
-5.04 0.48 0.0318857
-5.04 0.54 0.0281737
-5.04 0.6 0.0245517
-5.04 0.66 0.0211012
-5.04 0.72 0.0178865
-5.04 0.78 0.0149531
-5.04 0.84 0.0123288
-5.04 0.9 0.0100256
-5.04 0.96 0.00804039
-5.04 1.02 0.0063597
-5.04 1.08 0.00496123
-5.04 1.14 0.00381706
-5.04 1.2 0.00289638
-5.04 1.26 0.00216755
-5.04 1.32 0.00159984
-5.04 1.38 0.00116459
-5.04 1.44 0.000836096
-4.98 -1.56 0.000622692
-4.98 -1.5 0.000880846
-4.98 -1.44 0.00122888
-4.98 -1.38 0.00169087
-4.98 -1.32 0.00229456
-4.98 -1.26 0.003071
-4.98 -1.2 0.00405365
-4.98 -1.14 0.00527718
-4.98 -1.08 0.0067756
-4.98 -1.02 0.00857991
-4.98 -0.96 0.0107153
-4.98 -0.9 0.0131984
-4.98 -0.84 0.0160332
-4.98 -0.78 0.0192094
-4.98 -0.72 0.0226982
-4.98 -0.66 0.0264519
-4.98 -0.6 0.030403
-4.98 -0.54 0.0344638
-4.98 -0.48 0.0385298
-4.98 -0.42 0.0424838
-4.98 -0.36 0.0461999
-4.98 -0.3 0.0495497
-4.98 -0.24 0.0524125
-4.98 -0.18 0.054678
-4.98 -0.12 0.0562581
-4.98 -0.06 0.0570879
-4.98 9.71445e-15 0.0571336
-4.98 0.06 0.0563934
-4.98 0.12 0.0548975
-4.98 0.18 0.052707
-4.98 0.24 0.049908
-4.98 0.3 0.0466083
-4.98 0.36 0.0429284
-4.98 0.42 0.0389959
-4.98 0.48 0.0349363
-4.98 0.54 0.030869
-4.98 0.6 0.0269005
-4.98 0.66 0.0231201
-4.98 0.72 0.0195978
-4.98 0.78 0.0163836
-4.98 0.84 0.0135084
-4.98 0.9 0.0109847
-4.98 0.96 0.00880969
-4.98 1.02 0.00696813
-4.98 1.08 0.00543584
-4.98 1.14 0.00418221
-4.98 1.2 0.00317347
-4.98 1.26 0.00237493
-4.98 1.32 0.00175291
-4.98 1.38 0.001276
-4.98 1.44 0.000916085
-4.98 1.5 0.000648649
-4.92 -1.56 0.000672893
-4.92 -1.5 0.000951847
-4.92 -1.44 0.00132794
-4.92 -1.38 0.00182717
-4.92 -1.32 0.00247953
-4.92 -1.26 0.00331855
-4.92 -1.2 0.0043804
-4.92 -1.14 0.00570257
-4.92 -1.08 0.00732176
-4.92 -1.02 0.00927157
-4.92 -0.96 0.0115792
-4.92 -0.9 0.0142622
-4.92 -0.84 0.0173257
-4.92 -0.78 0.0207577
-4.92 -0.72 0.0245281
-4.92 -0.66 0.0285845
-4.92 -0.6 0.0328538
-4.92 -0.54 0.0372419
-4.92 -0.48 0.0416361
-4.92 -0.42 0.0459089
-4.92 -0.36 0.0499239
-4.92 -0.3 0.0535438
-4.92 -0.24 0.0566374
-4.92 -0.18 0.0590857
-4.92 -0.12 0.0607929
-4.92 -0.06 0.0616895
-4.92 9.71445e-15 0.0617388
-4.92 0.06 0.0609391
-4.92 0.12 0.059323
-4.92 0.18 0.0569557
-4.92 0.24 0.053931
-4.92 0.3 0.0503658
-4.92 0.36 0.0463886
-4.92 0.42 0.0421391
-4.92 0.48 0.0377527
-4.92 0.54 0.0333578
-4.92 0.6 0.0290693
-4.92 0.66 0.024984
-4.92 0.72 0.0211775
-4.92 0.78 0.0177042
-4.92 0.84 0.0145974
-4.92 0.9 0.0118701
-4.92 0.96 0.00951982
-4.92 1.02 0.00752991
-4.92 1.08 0.00587405
-4.92 1.14 0.00451934
-4.92 1.2 0.00342929
-4.92 1.26 0.00256639
-4.92 1.32 0.0018942
-4.92 1.38 0.00137887
-4.92 1.44 0.000989932
-4.92 1.5 0.000700939
-4.86 -1.56 0.000717137
-4.86 -1.5 0.00101444
-4.86 -1.44 0.00141526
-4.86 -1.38 0.00194733
-4.86 -1.32 0.00264257
-4.86 -1.26 0.00353676
-4.86 -1.2 0.00466848
-4.86 -1.14 0.00607761
-4.86 -1.08 0.0078033
-4.86 -1.02 0.00988126
-4.86 -0.96 0.0123405
-4.86 -0.9 0.0152001
-4.86 -0.84 0.018465
-4.86 -0.78 0.0221228
-4.86 -0.72 0.0261406
-4.86 -0.66 0.0304641
-4.86 -0.6 0.0350145
-4.86 -0.54 0.0396912
-4.86 -0.48 0.044374
-4.86 -0.42 0.0489273
-4.86 -0.36 0.0532066
-4.86 -0.3 0.057065
-4.86 -0.24 0.0603617
-4.86 -0.18 0.062971
-4.86 -0.12 0.0647904
-4.86 -0.06 0.0657461
-4.86 9.71445e-15 0.0657989
-4.86 0.06 0.0649464
-4.86 0.12 0.0632234
-4.86 0.18 0.0607004
-4.86 0.24 0.0574779
-4.86 0.3 0.0536769
-4.86 0.36 0.0494397
-4.86 0.42 0.04491
-4.86 0.48 0.0402345
-4.86 0.54 0.0355509
-4.86 0.6 0.0309805
-4.86 0.66 0.0266265
-4.86 0.72 0.02257
-4.86 0.78 0.0188686
-4.86 0.84 0.0155571
-4.86 0.9 0.0126507
-4.86 0.96 0.0101458
-4.86 1.02 0.00802501
-4.86 1.08 0.00626031
-4.86 1.14 0.00481654
-4.86 1.2 0.00365478
-4.86 1.26 0.00273514
-4.86 1.32 0.00201877
-4.86 1.38 0.00146953
-4.86 1.44 0.00105503
-4.86 1.5 0.000747023
-4.8 -1.56 0.000753786
-4.8 -1.5 0.00106628
-4.8 -1.44 0.0014876
-4.8 -1.38 0.00204683
-4.8 -1.32 0.00277764
-4.8 -1.26 0.00371753
-4.8 -1.2 0.00490703
-4.8 -1.14 0.00638812
-4.8 -1.08 0.00820199
-4.8 -1.02 0.0103862
-4.8 -0.96 0.0129713
-4.8 -0.9 0.015977
-4.8 -0.84 0.0194087
-4.8 -0.78 0.0232534
-4.8 -0.72 0.0274769
-4.8 -0.66 0.0320209
-4.8 -0.6 0.0368037
-4.8 -0.54 0.0417195
-4.8 -0.48 0.0466417
-4.8 -0.42 0.051428
-4.8 -0.36 0.0559259
-4.8 -0.3 0.0599815
-4.8 -0.24 0.0634464
-4.8 -0.18 0.0661895
-4.8 -0.12 0.068102
-4.8 -0.06 0.0691062
-4.8 9.71445e-15 0.0691613
-4.8 0.06 0.0682655
-4.8 0.12 0.0664552
-4.8 0.18 0.0638034
-4.8 0.24 0.0604144
-4.8 0.3 0.056421
-4.8 0.36 0.0519656
-4.8 0.42 0.0472054
-4.8 0.48 0.0422915
-4.8 0.54 0.0373681
-4.8 0.6 0.0325641
-4.8 0.66 0.0279876
-4.8 0.72 0.0237236
-4.8 0.78 0.0198328
-4.8 0.84 0.0163523
-4.8 0.9 0.0132972
-4.8 0.96 0.0106643
-4.8 1.02 0.00843514
-4.8 1.08 0.00658027
-4.8 1.14 0.00506271
-4.8 1.2 0.00384159
-4.8 1.26 0.00287491
-4.8 1.32 0.00212193
-4.8 1.38 0.00154465
-4.8 1.44 0.00110894
-4.8 1.5 0.000785211
-4.74 -1.56 0.000781427
-4.74 -1.5 0.00110537
-4.74 -1.44 0.00154212
-4.74 -1.38 0.00212189
-4.74 -1.32 0.00287946
-4.74 -1.26 0.00385377
-4.74 -1.2 0.00508695
-4.74 -1.14 0.0066224
-4.74 -1.08 0.00850277
-4.74 -1.02 0.010767
-4.74 -0.96 0.0134467
-4.74 -0.9 0.0165627
-4.74 -0.84 0.0201201
-4.74 -0.78 0.0241059
-4.74 -0.72 0.0284841
-4.74 -0.66 0.0331948
-4.74 -0.6 0.0381529
-4.74 -0.54 0.0432488
-4.74 -0.48 0.0483516
-4.74 -0.42 0.0533135
-4.74 -0.36 0.0579761
-4.74 -0.3 0.06218
-4.74 -0.24 0.0657726
-4.74 -0.18 0.0686161
-4.74 -0.12 0.0705977
-4.74 -0.06 0.0716393
-4.74 9.71445e-15 0.0716969
-4.74 0.06 0.0707679
-4.74 0.12 0.0688903
-4.74 0.18 0.0661422
-4.74 0.24 0.0626302
-4.74 0.3 0.0584886
-4.74 0.36 0.0538713
-4.74 0.42 0.0489359
-4.74 0.48 0.0438415
-4.74 0.54 0.0387378
-4.74 0.6 0.0337577
-4.74 0.66 0.0290135
-4.74 0.72 0.0245932
-4.74 0.78 0.0205599
-4.74 0.84 0.0169518
-4.74 0.9 0.0137847
-4.74 0.96 0.0110553
-4.74 1.02 0.00874443
-4.74 1.08 0.00682151
-4.74 1.14 0.0052483
-4.74 1.2 0.00398242
-4.74 1.26 0.00298034
-4.74 1.32 0.00219973
-4.74 1.38 0.00160126
-4.74 1.44 0.00114961
-4.74 1.5 0.000813991
-4.68 -1.56 0.000798933
-4.68 -1.5 0.00113015
-4.68 -1.44 0.00157668
-4.68 -1.38 0.00216944
-4.68 -1.32 0.00294396
-4.68 -1.26 0.00394018
-4.68 -1.2 0.00520097
-4.68 -1.14 0.00677081
-4.68 -1.08 0.00869333
-4.68 -1.02 0.0110083
-4.68 -0.96 0.0137481
-4.68 -0.9 0.0169338
-4.68 -0.84 0.0205711
-4.68 -0.78 0.0246461
-4.68 -0.72 0.0291224
-4.68 -0.66 0.0339387
-4.68 -0.6 0.0390079
-4.68 -0.54 0.044218
-4.68 -0.48 0.049435
-4.68 -0.42 0.054508
-4.68 -0.36 0.0592757
-4.68 -0.3 0.0635732
-4.68 -0.24 0.0672468
-4.68 -0.18 0.0701528
-4.68 -0.12 0.0721805
-4.68 -0.06 0.0732454
-4.68 9.71445e-15 0.0733041
-4.68 0.06 0.0723544
-4.68 0.12 0.0704351
-4.68 0.18 0.067624
-4.68 0.24 0.0640336
-4.68 0.3 0.0597996
-4.68 0.36 0.0550785
-4.68 0.42 0.0500324
-4.68 0.48 0.044824
-4.68 0.54 0.0396059
-4.68 0.6 0.0345141
-4.68 0.66 0.0296637
-4.68 0.72 0.0251445
-4.68 0.78 0.0210205
-4.68 0.84 0.0173316
-4.68 0.9 0.0140936
-4.68 0.96 0.0113031
-4.68 1.02 0.00894034
-4.68 1.08 0.0069743
-4.68 1.14 0.00536585
-4.68 1.2 0.00407161
-4.68 1.26 0.00304711
-4.68 1.32 0.00224904
-4.68 1.38 0.00163714
-4.68 1.44 0.00117537
-4.68 1.5 0.000832228
-4.62 -1.56 0.000805602
-4.62 -1.5 0.00113959
-4.62 -1.44 0.00158987
-4.62 -1.38 0.00218756
-4.62 -1.32 0.00296858
-4.62 -1.26 0.00397311
-4.62 -1.2 0.00524441
-4.62 -1.14 0.00682734
-4.62 -1.08 0.00876592
-4.62 -1.02 0.0111003
-4.62 -0.96 0.013863
-4.62 -0.9 0.0170754
-4.62 -0.84 0.0207429
-4.62 -0.78 0.0248521
-4.62 -0.72 0.0293656
-4.62 -0.66 0.0342222
-4.62 -0.6 0.0393339
-4.62 -0.54 0.0445877
-4.62 -0.48 0.0498481
-4.62 -0.42 0.054963
-4.62 -0.36 0.059771
-4.62 -0.3 0.064105
-4.62 -0.24 0.0678084
-4.62 -0.18 0.0707395
-4.62 -0.12 0.072784
-4.62 -0.06 0.0738575
-4.62 9.71445e-15 0.0739165
-4.62 0.06 0.0729589
-4.62 0.12 0.0710238
-4.62 0.18 0.0681892
-4.62 0.24 0.0645683
-4.62 0.3 0.0602995
-4.62 0.36 0.0555385
-4.62 0.42 0.0504506
-4.62 0.48 0.0451986
-4.62 0.54 0.0399369
-4.62 0.6 0.0348026
-4.62 0.66 0.0299114
-4.62 0.72 0.0253546
-4.62 0.78 0.0211963
-4.62 0.84 0.0174764
-4.62 0.9 0.0142114
-4.62 0.96 0.0113975
-4.62 1.02 0.00901496
-4.62 1.08 0.00703262
-4.62 1.14 0.00541074
-4.62 1.2 0.00410566
-4.62 1.26 0.00307255
-4.62 1.32 0.00226782
-4.62 1.38 0.00165083
-4.62 1.44 0.00118518
-4.62 1.5 0.000839187
-4.56 -1.56 0.000801171
-4.56 -1.5 0.00113332
-4.56 -1.44 0.00158112
-4.56 -1.38 0.00217551
-4.56 -1.32 0.00295225
-4.56 -1.26 0.00395123
-4.56 -1.2 0.00521552
-4.56 -1.14 0.00678978
-4.56 -1.08 0.00871769
-4.56 -1.02 0.0110391
-4.56 -0.96 0.0137867
-4.56 -0.9 0.0169814
-4.56 -0.84 0.0206287
-4.56 -0.78 0.0247154
-4.56 -0.72 0.0292039
-4.56 -0.66 0.0340339
-4.56 -0.6 0.0391176
-4.56 -0.54 0.0443424
-4.56 -0.48 0.0495739
-4.56 -0.42 0.0546604
-4.56 -0.36 0.0594419
-4.56 -0.3 0.0637523
-4.56 -0.24 0.067435
-4.56 -0.18 0.0703503
-4.56 -0.12 0.0723833
-4.56 -0.06 0.0734508
-4.56 9.71445e-15 0.0735095
-4.56 0.06 0.0725571
-4.56 0.12 0.0706328
-4.56 0.18 0.0678139
-4.56 0.24 0.0642132
-4.56 0.3 0.0599676
-4.56 0.36 0.0552331
-4.56 0.42 0.050173
-4.56 0.48 0.0449497
-4.56 0.54 0.0397169
-4.56 0.6 0.0346109
-4.56 0.66 0.0297467
-4.56 0.72 0.025215
-4.56 0.78 0.0210797
-4.56 0.84 0.0173801
-4.56 0.9 0.0141332
-4.56 0.96 0.0113347
-4.56 1.02 0.00896537
-4.56 1.08 0.00699393
-4.56 1.14 0.00538097
-4.56 1.2 0.00408307
-4.56 1.26 0.00305565
-4.56 1.32 0.00225533
-4.56 1.38 0.00164175
-4.56 1.44 0.00117866
-4.56 1.5 0.000834568
-4.5 -1.56 0.000785813
-4.5 -1.5 0.00111159
-4.5 -1.44 0.0015508
-4.5 -1.38 0.0021338
-4.5 -1.32 0.00289564
-4.5 -1.26 0.00387546
-4.5 -1.2 0.00511552
-4.5 -1.14 0.0066596
-4.5 -1.08 0.00855054
-4.5 -1.02 0.0108274
-4.5 -0.96 0.0135223
-4.5 -0.9 0.0166559
-4.5 -0.84 0.0202331
-4.5 -0.78 0.0242415
-4.5 -0.72 0.0286441
-4.5 -0.66 0.0333813
-4.5 -0.6 0.0383675
-4.5 -0.54 0.0434921
-4.5 -0.48 0.0486233
-4.5 -0.42 0.0536126
-4.5 -0.36 0.0583022
-4.5 -0.3 0.0625298
-4.5 -0.24 0.0661421
-4.5 -0.18 0.0690013
-4.5 -0.12 0.0709953
-4.5 -0.06 0.0720424
-4.5 9.71445e-15 0.0720999
-4.5 0.06 0.0711659
-4.5 0.12 0.0692783
-4.5 0.18 0.0665139
-4.5 0.24 0.0629821
-4.5 0.3 0.0588175
-4.5 0.36 0.0541741
-4.5 0.42 0.0492111
-4.5 0.48 0.0440879
-4.5 0.54 0.0389552
-4.5 0.6 0.0339472
-4.5 0.66 0.0291765
-4.5 0.72 0.0247316
-4.5 0.78 0.0206755
-4.5 0.84 0.0170469
-4.5 0.9 0.0138622
-4.5 0.96 0.0111174
-4.5 1.02 0.00879351
-4.5 1.08 0.00685981
-4.5 1.14 0.00527778
-4.5 1.2 0.00400479
-4.5 1.26 0.00299707
-4.5 1.32 0.00221209
-4.5 1.38 0.00161026
-4.5 1.44 0.00115606
-4.5 1.5 0.000818566
-4.44 -1.56 0.000760153
-4.44 -1.5 0.00107529
-4.44 -1.44 0.00150015
-4.44 -1.38 0.00206412
-4.44 -1.32 0.00280109
-4.44 -1.26 0.00374889
-4.44 -1.2 0.00494846
-4.44 -1.14 0.00644209
-4.44 -1.08 0.00827126
-4.44 -1.02 0.0104738
-4.44 -0.96 0.0130808
-4.44 -0.9 0.0161119
-4.44 -0.84 0.0195724
-4.44 -0.78 0.0234499
-4.44 -0.72 0.0277089
-4.44 -0.66 0.0322911
-4.44 -0.6 0.0371143
-4.44 -0.54 0.0420715
-4.44 -0.48 0.0470354
-4.44 -0.42 0.051862
-4.44 -0.36 0.0563984
-4.44 -0.3 0.0604877
-4.44 -0.24 0.0639823
-4.44 -0.18 0.0667484
-4.44 -0.12 0.0686765
-4.44 -0.06 0.0696896
-4.44 9.71445e-15 0.0697454
-4.44 0.06 0.0688417
-4.44 0.12 0.0670159
-4.44 0.18 0.0643422
-4.44 0.24 0.0609251
-4.44 0.3 0.0568972
-4.44 0.36 0.0524047
-4.44 0.42 0.0476042
-4.44 0.48 0.0426485
-4.44 0.54 0.0376835
-4.44 0.6 0.0328389
-4.44 0.66 0.0282239
-4.44 0.72 0.023924
-4.44 0.78 0.0200002
-4.44 0.84 0.0164903
-4.44 0.9 0.0134095
-4.44 0.96 0.0107544
-4.44 1.02 0.00850637
-4.44 1.08 0.00663583
-4.44 1.14 0.00510545
-4.44 1.2 0.00387403
-4.44 1.26 0.0028992
-4.44 1.32 0.00213985
-4.44 1.38 0.00155769
-4.44 1.44 0.00111831
-4.44 1.5 0.00079184
-4.38 -1.56 0.000725222
-4.38 -1.5 0.00102587
-4.38 -1.44 0.00143122
-4.38 -1.38 0.00196927
-4.38 -1.32 0.00267237
-4.38 -1.26 0.00357665
-4.38 -1.2 0.00472109
-4.38 -1.14 0.00614606
-4.38 -1.08 0.00789121
-4.38 -1.02 0.00999265
-4.38 -0.96 0.0124797
-4.38 -0.9 0.0153714
-4.38 -0.84 0.0186732
-4.38 -0.78 0.0223721
-4.38 -0.72 0.0264357
-4.38 -0.66 0.0308076
-4.38 -0.6 0.0354089
-4.38 -0.54 0.0401383
-4.38 -0.48 0.0448741
-4.38 -0.42 0.0494791
-4.38 -0.36 0.0538064
-4.38 -0.3 0.0577083
-4.38 -0.24 0.0610419
-4.38 -0.18 0.0636809
-4.38 -0.12 0.0655212
-4.38 -0.06 0.0664874
-4.38 9.71445e-15 0.0665406
-4.38 0.06 0.0656786
-4.38 0.12 0.0639369
-4.38 0.18 0.0613854
-4.38 0.24 0.0581251
-4.38 0.3 0.0542829
-4.38 0.36 0.0499965
-4.38 0.42 0.0454164
-4.38 0.48 0.0406888
-4.38 0.54 0.035952
-4.38 0.6 0.03133
-4.38 0.66 0.026927
-4.38 0.72 0.0228245
-4.38 0.78 0.0190812
-4.38 0.84 0.0157326
-4.38 0.9 0.0127933
-4.38 0.96 0.0102602
-4.38 1.02 0.0081155
-4.38 1.08 0.00633088
-4.38 1.14 0.00487084
-4.38 1.2 0.00369599
-4.38 1.26 0.00276597
-4.38 1.32 0.00204152
-4.38 1.38 0.00148611
-4.38 1.44 0.00106691
-4.38 1.5 0.000755453
-4.32 -1.56 0.000682388
-4.32 -1.5 0.000965285
-4.32 -1.44 0.00134667
-4.32 -1.38 0.00185297
-4.32 -1.32 0.0025145
-4.32 -1.26 0.00336538
-4.32 -1.2 0.00444226
-4.32 -1.14 0.0057831
-4.32 -1.08 0.00742517
-4.32 -1.02 0.00940243
-4.32 -0.96 0.0117425
-4.32 -0.9 0.0144635
-4.32 -0.84 0.0175702
-4.32 -0.78 0.0210507
-4.32 -0.72 0.024874
-4.32 -0.66 0.0289878
-4.32 -0.6 0.0333176
-4.32 -0.54 0.0377677
-4.32 -0.48 0.0422236
-4.32 -0.42 0.0465565
-4.32 -0.36 0.0506285
-4.32 -0.3 0.0542995
-4.32 -0.24 0.0574369
-4.32 -0.18 0.0599194
-4.32 -0.12 0.0616506
-4.32 -0.06 0.0625603
-4.32 9.71445e-15 0.0626106
-4.32 0.06 0.0617994
-4.32 0.12 0.0601599
-4.32 0.18 0.0577589
-4.32 0.24 0.0546926
-4.32 0.3 0.0510759
-4.32 0.36 0.0470439
-4.32 0.42 0.0427336
-4.32 0.48 0.0382851
-4.32 0.54 0.0338282
-4.32 0.6 0.0294792
-4.32 0.66 0.0253364
-4.32 0.72 0.0214763
-4.32 0.78 0.0179542
-4.32 0.84 0.0148033
-4.32 0.9 0.0120376
-4.32 0.96 0.00965417
-4.32 1.02 0.00763615
-4.32 1.08 0.00595692
-4.32 1.14 0.00458311
-4.32 1.2 0.00347767
-4.32 1.26 0.00260261
-4.32 1.32 0.00192095
-4.32 1.38 0.00139831
-4.32 1.44 0.00100391
-4.32 1.5 0.000710821
-4.26 -1.56 0.000633256
-4.26 -1.5 0.000895771
-4.26 -1.44 0.00124973
-4.26 -1.38 0.00171953
-4.26 -1.32 0.00233349
-4.26 -1.26 0.00312307
-4.26 -1.2 0.00412236
-4.26 -1.14 0.00536665
-4.26 -1.08 0.00689048
-4.26 -1.02 0.00872538
-4.26 -0.96 0.0108971
-4.26 -0.9 0.0134222
-4.26 -0.84 0.0163051
-4.26 -0.78 0.0195351
-4.26 -0.72 0.0230831
-4.26 -0.66 0.0269007
-4.26 -0.6 0.0309188
-4.26 -0.54 0.0350485
-4.26 -0.48 0.0391837
-4.26 -0.42 0.0432044
-4.26 -0.36 0.0469829
-4.26 -0.3 0.0503904
-4.26 -0.24 0.0533007
-4.26 -0.18 0.0556057
-4.26 -0.12 0.0572122
-4.26 -0.06 0.0580557
-4.26 9.71445e-15 0.058102
-4.26 0.06 0.0573494
-4.26 0.12 0.0558286
-4.26 0.18 0.053601
-4.26 0.24 0.0507542
-4.26 0.3 0.047399
-4.26 0.36 0.0436564
-4.26 0.42 0.0396571
-4.26 0.48 0.0355288
-4.26 0.54 0.0313926
-4.26 0.6 0.0273568
-4.26 0.66 0.0235122
-4.26 0.72 0.01993
-4.26 0.78 0.0166615
-4.26 0.84 0.0137374
-4.26 0.9 0.011171
-4.26 0.96 0.008959
-4.26 1.02 0.00708635
-4.26 1.08 0.00552808
-4.26 1.14 0.00425318
-4.26 1.2 0.00322731
-4.26 1.26 0.00241522
-4.26 1.32 0.00178261
-4.26 1.38 0.00129765
-4.26 1.44 0.000931616
-4.26 1.5 0.000659653
-4.2 -1.5 0.000819862
-4.2 -1.44 0.00114379
-4.2 -1.38 0.00157381
-4.2 -1.32 0.00213569
-4.2 -1.26 0.00285837
-4.2 -1.2 0.00377301
-4.2 -1.14 0.00491185
-4.2 -1.08 0.00630653
-4.2 -1.02 0.0079859
-4.2 -0.96 0.0099735
-4.2 -0.9 0.0122845
-4.2 -0.84 0.0149231
-4.2 -0.78 0.0178793
-4.2 -0.72 0.0211268
-4.2 -0.66 0.0246207
-4.2 -0.6 0.028298
-4.2 -0.54 0.0320777
-4.2 -0.48 0.0358624
-4.2 -0.42 0.0395428
-4.2 -0.36 0.0430013
-4.2 -0.3 0.0461188
-4.2 -0.24 0.0487839
-4.2 -0.18 0.0508925
-4.2 -0.12 0.0523626
-4.2 -0.06 0.0531354
-4.2 9.71445e-15 0.053178
-4.2 0.06 0.052489
-4.2 0.12 0.0510965
-4.2 0.18 0.0490576
-4.2 0.24 0.0464529
-4.2 0.3 0.0433814
-4.2 0.36 0.0399565
-4.2 0.42 0.0362958
-4.2 0.48 0.0325175
-4.2 0.54 0.028732
-4.2 0.6 0.0250383
-4.2 0.66 0.0215195
-4.2 0.72 0.0182409
-4.2 0.78 0.0152492
-4.2 0.84 0.0125732
-4.2 0.9 0.0102241
-4.2 0.96 0.00819976
-4.2 1.02 0.00648577
-4.2 1.08 0.00505951
-4.2 1.14 0.00389266
-4.2 1.2 0.00295376
-4.2 1.26 0.00221052
-4.2 1.32 0.00163155
-4.2 1.38 0.00118766
-4.2 1.44 0.000852667
-4.2 1.5 0.000603738
-4.14 -1.5 0.000740058
-4.14 -1.44 0.00103247
-4.14 -1.38 0.00142061
-4.14 -1.32 0.00192782
-4.14 -1.26 0.00258016
-4.14 -1.2 0.00340575
-4.14 -1.14 0.00443372
-4.14 -1.08 0.00569264
-4.14 -1.02 0.00720858
-4.14 -0.96 0.0090027
-4.14 -0.9 0.0110889
-4.14 -0.84 0.0134706
-4.14 -0.78 0.0161392
-4.14 -0.72 0.0190702
-4.14 -0.66 0.0222241
-4.14 -0.6 0.0255437
-4.14 -0.54 0.0289555
-4.14 -0.48 0.0323717
-4.14 -0.42 0.0356933
-4.14 -0.36 0.0388157
-4.14 -0.3 0.0416302
-4.14 -0.24 0.0440352
-4.14 -0.18 0.0459387
-4.14 -0.12 0.0472664
-4.14 -0.06 0.0479635
-4.14 9.71445e-15 0.0480019
-4.14 0.06 0.04738
-4.14 0.12 0.0461233
-4.14 0.18 0.0442826
-4.14 0.24 0.0419312
-4.14 0.3 0.0391589
-4.14 0.36 0.0360672
-4.14 0.42 0.032763
-4.14 0.48 0.0293522
-4.14 0.54 0.0259352
-4.14 0.6 0.022601
-4.14 0.66 0.0194247
-4.14 0.72 0.0164655
-4.14 0.78 0.0137651
-4.14 0.84 0.0113493
-4.14 0.9 0.00922901
-4.14 0.96 0.00740161
-4.14 1.02 0.00585439
-4.14 1.08 0.00456703
-4.14 1.14 0.00351377
-4.14 1.2 0.00266624
-4.14 1.26 0.00199534
-4.14 1.32 0.00147274
-4.14 1.38 0.00107206
-4.14 1.44 0.000769666
-4.14 1.5 0.000544973
-4.08 -1.5 0.000658838
-4.08 -1.44 0.000919164
-4.08 -1.38 0.00126471
-4.08 -1.32 0.00171626
-4.08 -1.26 0.00229699
-4.08 -1.2 0.003032
-4.08 -1.14 0.00394717
-4.08 -1.08 0.00506795
-4.08 -1.02 0.0064175
-4.08 -0.96 0.00801469
-4.08 -0.9 0.00987192
-4.08 -0.84 0.0119923
-4.08 -0.78 0.0143679
-4.08 -0.72 0.0169774
-4.08 -0.66 0.0197853
-4.08 -0.6 0.0227406
-4.08 -0.54 0.025778
-4.08 -0.48 0.0288194
-4.08 -0.42 0.0317765
-4.08 -0.36 0.0345556
-4.08 -0.3 0.0370617
-4.08 -0.24 0.0392025
-4.08 -0.18 0.0408975
-4.08 -0.12 0.0420791
-4.08 -0.06 0.0426995
-4.08 9.71445e-15 0.0427338
-4.08 0.06 0.0421801
-4.08 0.12 0.0410614
-4.08 0.18 0.0394229
-4.08 0.24 0.0373297
-4.08 0.3 0.0348614
-4.08 0.36 0.0321092
-4.08 0.42 0.0291673
-4.08 0.48 0.0261309
-4.08 0.54 0.023089
-4.08 0.6 0.0201207
-4.08 0.66 0.0172929
-4.08 0.72 0.0146584
-4.08 0.78 0.0122545
-4.08 0.84 0.0101038
-4.08 0.9 0.0082162
-4.08 0.96 0.00658926
-4.08 1.02 0.00521195
-4.08 1.08 0.00406586
-4.08 1.14 0.00312817
-4.08 1.2 0.00237366
-4.08 1.26 0.00177637
-4.08 1.32 0.00131111
-4.08 1.38 0.000954411
-4.08 1.44 0.000685203
-4.08 1.5 0.000485167
-4.02 -1.5 0.000578475
-4.02 -1.44 0.000807041
-4.02 -1.38 0.00111044
-4.02 -1.32 0.0015069
-4.02 -1.26 0.00201681
-4.02 -1.2 0.00266216
-4.02 -1.14 0.0034657
-4.02 -1.08 0.00444976
-4.02 -1.02 0.00563471
-4.02 -0.96 0.00703707
-4.02 -0.9 0.00866771
-4.02 -0.84 0.0105295
-4.02 -0.78 0.0126153
-4.02 -0.72 0.0149065
-4.02 -0.66 0.017372
-4.02 -0.6 0.0199667
-4.02 -0.54 0.0226336
-4.02 -0.48 0.025304
-4.02 -0.42 0.0279005
-4.02 -0.36 0.0303406
-4.02 -0.3 0.0325408
-4.02 -0.24 0.0344206
-4.02 -0.18 0.0359088
-4.02 -0.12 0.0369461
-4.02 -0.06 0.0374912
-4.02 9.71445e-15 0.0375213
-4.02 0.06 0.0370352
-4.02 0.12 0.0360528
-4.02 0.18 0.034614
-4.02 0.24 0.0327762
-4.02 0.3 0.030609
-4.02 0.36 0.0281925
-4.02 0.42 0.0256094
-4.02 0.48 0.0229435
-4.02 0.54 0.0202727
-4.02 0.6 0.0176664
-4.02 0.66 0.0151836
-4.02 0.72 0.0128703
-4.02 0.78 0.0107596
-4.02 0.84 0.00887133
-4.02 0.9 0.00721396
-4.02 0.96 0.00578553
-4.02 1.02 0.0045762
-4.02 1.08 0.0035699
-4.02 1.14 0.0027466
-4.02 1.2 0.00208412
-4.02 1.26 0.00155968
-4.02 1.32 0.00115119
-4.02 1.38 0.000837988
-4.02 1.44 0.000601622
-3.96 -1.44 0.000698856
-3.96 -1.38 0.000961592
-3.96 -1.32 0.0013049
-3.96 -1.26 0.00174646
-3.96 -1.2 0.0023053
-3.96 -1.14 0.00300113
-3.96 -1.08 0.00385328
-3.96 -1.02 0.00487938
-3.96 -0.96 0.00609376
-3.96 -0.9 0.00750581
-3.96 -0.84 0.00911806
-3.96 -0.78 0.0109242
-3.96 -0.72 0.0129083
-3.96 -0.66 0.0150432
-3.96 -0.6 0.0172902
-3.96 -0.54 0.0195995
-3.96 -0.48 0.0219119
-3.96 -0.42 0.0241604
-3.96 -0.36 0.0262735
-3.96 -0.3 0.0281787
-3.96 -0.24 0.0298067
-3.96 -0.18 0.0310951
-3.96 -0.12 0.0319935
-3.96 -0.06 0.0324656
-3.96 9.71445e-15 0.0324916
-3.96 0.06 0.0320707
-3.96 0.12 0.0312199
-3.96 0.18 0.0299739
-3.96 0.24 0.0283826
-3.96 0.3 0.0265059
-3.96 0.36 0.0244133
-3.96 0.42 0.0221764
-3.96 0.48 0.019868
-3.96 0.54 0.0175551
-3.96 0.6 0.0152983
-3.96 0.66 0.0131482
-3.96 0.72 0.0111451
-3.96 0.78 0.00931731
-3.96 0.84 0.00768212
-3.96 0.9 0.00624692
-3.96 0.96 0.00501
-3.96 1.02 0.00396276
-3.96 1.08 0.00309135
-3.96 1.14 0.00237841
-3.96 1.2 0.00180474
-3.96 1.26 0.00135061
-3.96 1.32 0.000996872
-3.96 1.38 0.000725654
-3.96 1.44 0.000520976
-3.9 -1.44 0.000596854
-3.9 -1.38 0.000821247
-3.9 -1.32 0.00111444
-3.9 -1.26 0.00149156
-3.9 -1.2 0.00196884
-3.9 -1.14 0.00256311
-3.9 -1.08 0.00329088
-3.9 -1.02 0.00416722
-3.9 -0.96 0.00520433
-3.9 -0.9 0.00641034
-3.9 -0.84 0.00778723
-3.9 -0.78 0.00932982
-3.9 -0.72 0.0110243
-3.9 -0.66 0.0128476
-3.9 -0.6 0.0147666
-3.9 -0.54 0.0167389
-3.9 -0.48 0.0187138
-3.9 -0.42 0.0206341
-3.9 -0.36 0.0224389
-3.9 -0.3 0.0240659
-3.9 -0.24 0.0254564
-3.9 -0.18 0.0265567
-3.9 -0.12 0.0273239
-3.9 -0.06 0.0277271
-3.9 9.71445e-15 0.0277494
-3.9 0.06 0.0273898
-3.9 0.12 0.0266632
-3.9 0.18 0.0255992
-3.9 0.24 0.0242401
-3.9 0.3 0.0226371
-3.9 0.36 0.0208502
-3.9 0.42 0.0189399
-3.9 0.48 0.0169682
-3.9 0.54 0.0149928
-3.9 0.6 0.0130654
-3.9 0.66 0.0112292
-3.9 0.72 0.00951843
-3.9 0.78 0.00795742
-3.9 0.84 0.00656093
-3.9 0.9 0.00533516
-3.9 0.96 0.00427879
-3.9 1.02 0.00338439
-3.9 1.08 0.00264015
-3.9 1.14 0.00203127
-3.9 1.2 0.00154133
-3.9 1.26 0.00115349
-3.9 1.32 0.000851376
-3.9 1.38 0.000619741
-3.9 1.44 0.000444939
-3.84 -1.44 0.000502738
-3.84 -1.38 0.000691742
-3.84 -1.32 0.000938715
-3.84 -1.26 0.00125634
-3.84 -1.2 0.00165836
-3.84 -1.14 0.00215892
-3.84 -1.08 0.00277192
-3.84 -1.02 0.00351005
-3.84 -0.96 0.00438366
-3.84 -0.9 0.0053995
-3.84 -0.84 0.00655923
-3.84 -0.78 0.00785861
-3.84 -0.72 0.00928589
-3.84 -0.66 0.0108216
-3.84 -0.6 0.012438
-3.84 -0.54 0.0140993
-3.84 -0.48 0.0157628
-3.84 -0.42 0.0173804
-3.84 -0.36 0.0189003
-3.84 -0.3 0.020271
-3.84 -0.24 0.021442
-3.84 -0.18 0.0223691
-3.84 -0.12 0.0230151
-3.84 -0.06 0.0233545
-3.84 9.71445e-15 0.0233733
-3.84 0.06 0.0230704
-3.84 0.12 0.0224585
-3.84 0.18 0.0215626
-3.84 0.24 0.0204176
-3.84 0.3 0.0190675
-3.84 0.36 0.0175622
-3.84 0.42 0.0159533
-3.84 0.48 0.0142925
-3.84 0.54 0.0126286
-3.84 0.6 0.0110051
-3.84 0.66 0.00945848
-3.84 0.72 0.00801747
-3.84 0.78 0.00670256
-3.84 0.84 0.00552633
-3.84 0.9 0.00449383
-3.84 0.96 0.00360404
-3.84 1.02 0.00285071
-3.84 1.08 0.00222384
-3.84 1.14 0.00171097
-3.84 1.2 0.00129829
-3.84 1.26 0.000971599
-3.84 1.32 0.000717116
-3.84 1.38 0.000522017
-3.84 1.44 0.000374775
-3.78 -1.38 0.000574644
-3.78 -1.32 0.00077982
-3.78 -1.26 0.00104369
-3.78 -1.2 0.00137764
-3.78 -1.14 0.00179347
-3.78 -1.08 0.00230271
-3.78 -1.02 0.00291591
-3.78 -0.96 0.00364167
-3.78 -0.9 0.0044855
-3.78 -0.84 0.00544894
-3.78 -0.78 0.00652836
-3.78 -0.72 0.00771407
-3.78 -0.66 0.00898985
-3.78 -0.6 0.0103327
-3.78 -0.54 0.0117128
-3.78 -0.48 0.0130947
-3.78 -0.42 0.0144383
-3.78 -0.36 0.0157011
-3.78 -0.3 0.0168398
-3.78 -0.24 0.0178124
-3.78 -0.18 0.0185827
-3.78 -0.12 0.0191196
-3.78 -0.06 0.0194015
-3.78 9.71445e-15 0.019417
-3.78 0.06 0.0191655
-3.78 0.12 0.0186572
-3.78 0.18 0.0179127
-3.78 0.24 0.0169614
-3.78 0.3 0.0158401
-3.78 0.36 0.0145894
-3.78 0.42 0.0132528
-3.78 0.48 0.0118732
-3.78 0.54 0.010491
-3.78 0.6 0.00914228
-3.78 0.66 0.00785744
-3.78 0.72 0.00666034
-3.78 0.78 0.00556807
-3.78 0.84 0.00459086
-3.78 0.9 0.0037332
-3.78 0.96 0.00299398
-3.78 1.02 0.00236815
-3.78 1.08 0.00184741
-3.78 1.14 0.00142135
-3.78 1.2 0.00107852
-3.78 1.26 0.000807129
-3.78 1.32 0.000595729
-3.78 1.38 0.000433659
-3.72 -1.38 0.000470819
-3.72 -1.32 0.00063891
-3.72 -1.26 0.000855106
-3.72 -1.2 0.00112873
-3.72 -1.14 0.00146942
-3.72 -1.08 0.00188665
-3.72 -1.02 0.00238905
-3.72 -0.96 0.00298366
-3.72 -0.9 0.00367503
-3.72 -0.84 0.00446438
-3.72 -0.78 0.00534877
-3.72 -0.72 0.00632026
-3.72 -0.66 0.00736547
-3.72 -0.6 0.00846558
-3.72 -0.54 0.00959627
-3.72 -0.48 0.0107285
-3.72 -0.42 0.0118295
-3.72 -0.36 0.0128642
-3.72 -0.3 0.0137968
-3.72 -0.24 0.0145941
-3.72 -0.18 0.0152249
-3.72 -0.12 0.0156647
-3.72 -0.06 0.0158959
-3.72 9.71445e-15 0.0159087
-3.72 0.06 0.0157025
-3.72 0.12 0.015286
-3.72 0.18 0.014676
-3.72 0.24 0.0138968
-3.72 0.3 0.0129779
-3.72 0.36 0.0119533
-3.72 0.42 0.0108582
-3.72 0.48 0.0097279
-3.72 0.54 0.00859542
-3.72 0.6 0.00749041
-3.72 0.66 0.00643774
-3.72 0.72 0.00545693
-3.72 0.78 0.00456192
-3.72 0.84 0.00376138
-3.72 0.9 0.00305862
-3.72 0.96 0.00245303
-3.72 1.02 0.00194027
-3.72 1.08 0.00151359
-3.72 1.14 0.00116452
-3.72 1.2 0.00088364
-3.72 1.26 0.000661295
-3.72 1.32 0.000488092
-3.72 1.38 0.000355298
-3.66 -1.38 0.000380443
-3.66 -1.32 0.000516275
-3.66 -1.26 0.000690968
-3.66 -1.2 0.000912066
-3.66 -1.14 0.00118736
-3.66 -1.08 0.00152451
-3.66 -1.02 0.00193047
-3.66 -0.96 0.00241093
-3.66 -0.9 0.00296961
-3.66 -0.84 0.00360746
-3.66 -0.78 0.00432208
-3.66 -0.72 0.00510702
-3.66 -0.66 0.00595171
-3.66 -0.6 0.0068407
-3.66 -0.54 0.00775438
-3.66 -0.48 0.00866926
-3.66 -0.42 0.00955881
-3.66 -0.36 0.0103948
-3.66 -0.3 0.0111487
-3.66 -0.24 0.0117926
-3.66 -0.18 0.0123025
-3.66 -0.12 0.012658
-3.66 -0.06 0.0128446
-3.66 9.71445e-15 0.0128549
-3.66 0.06 0.0126884
-3.66 0.12 0.0123519
-3.66 0.18 0.011859
-3.66 0.24 0.0112293
-3.66 0.3 0.0104868
-3.66 0.36 0.00965889
-3.66 0.42 0.00877394
-3.66 0.48 0.00786056
-3.66 0.54 0.00694549
-3.66 0.6 0.00605258
-3.66 0.66 0.00520193
-3.66 0.72 0.00440945
-3.66 0.78 0.00368632
-3.66 0.84 0.00303935
-3.66 0.9 0.00247155
-3.66 0.96 0.00198214
-3.66 1.02 0.00156783
-3.66 1.08 0.00122307
-3.66 1.14 0.000940999
-3.66 1.2 0.00071403
-3.66 1.26 0.000534356
-3.66 1.32 0.0003944
-3.66 1.38 0.0002871
-3.6 -1.32 0.00041144
-3.6 -1.26 0.000550664
-3.6 -1.2 0.000726863
-3.6 -1.14 0.000946255
-3.6 -1.08 0.00121494
-3.6 -1.02 0.00153848
-3.6 -0.96 0.00192139
-3.6 -0.9 0.00236659
-3.6 -0.84 0.00287495
-3.6 -0.78 0.00344442
-3.6 -0.72 0.00407006
-3.6 -0.66 0.00474317
-3.6 -0.6 0.00545161
-3.6 -0.54 0.00617975
-3.6 -0.48 0.00690889
-3.6 -0.42 0.00761788
-3.6 -0.36 0.0082841
-3.6 -0.3 0.00888478
-3.6 -0.24 0.00939811
-3.6 -0.18 0.0098044
-3.6 -0.12 0.0100877
-3.6 -0.06 0.0102364
-3.6 9.71445e-15 0.0102446
-3.6 0.06 0.0101119
-3.6 0.12 0.00984376
-3.6 0.18 0.00945092
-3.6 0.24 0.00894903
-3.6 0.3 0.00835743
-3.6 0.36 0.00769752
-3.6 0.42 0.00699234
-3.6 0.48 0.00626448
-3.6 0.54 0.00553522
-3.6 0.6 0.00482361
-3.6 0.66 0.00414571
-3.6 0.72 0.00351408
-3.6 0.78 0.00293775
-3.6 0.84 0.00242222
-3.6 0.9 0.00196966
-3.6 0.96 0.00157967
-3.6 1.02 0.00124948
-3.6 1.08 0.000974712
-3.6 1.14 0.000749918
-3.6 1.2 0.000569039
-3.6 1.26 0.000425853
-3.6 1.32 0.000314314
-3.54 -1.32 0.000323389
-3.54 -1.26 0.000432813
-3.54 -1.2 0.000571304
-3.54 -1.14 0.000743743
-3.54 -1.08 0.000954922
-3.54 -1.02 0.00120921
-3.54 -0.96 0.00151019
-3.54 -0.9 0.00186014
-3.54 -0.84 0.00225965
-3.54 -0.78 0.0027073
-3.54 -0.72 0.00319901
-3.54 -0.66 0.00372804
-3.54 -0.6 0.00428488
-3.54 -0.54 0.0048572
-3.54 -0.48 0.00543028
-3.54 -0.42 0.00598752
-3.54 -0.36 0.00651123
-3.54 -0.3 0.00698336
-3.54 -0.24 0.00738681
-3.54 -0.18 0.00770616
-3.54 -0.12 0.00792878
-3.54 -0.06 0.00804571
-3.54 9.71445e-15 0.00805215
-3.54 0.06 0.00794782
-3.54 0.12 0.00773705
-3.54 0.18 0.00742836
-3.54 0.24 0.00703384
-3.54 0.3 0.00656884
-3.54 0.36 0.00605015
-3.54 0.42 0.00549594
-3.54 0.48 0.00492381
-3.54 0.54 0.00435059
-3.54 0.6 0.00379128
-3.54 0.66 0.00325847
-3.54 0.72 0.00276204
-3.54 0.78 0.00230904
-3.54 0.84 0.00190383
-3.54 0.9 0.00154813
-3.54 0.96 0.0012416
-3.54 1.02 0.000982067
-3.54 1.08 0.000766112
-3.54 1.14 0.000589429
-3.54 1.2 0.00044726
-3.54 1.26 0.000334715
-3.54 1.32 0.000247047
-3.48 -1.26 0.000335508
-3.48 -1.2 0.000442867
-3.48 -1.14 0.000576543
-3.48 -1.08 0.000740247
-3.48 -1.02 0.000937364
-3.48 -0.96 0.00117067
-3.48 -0.9 0.00144195
-3.48 -0.84 0.00175165
-3.48 -0.78 0.00209866
-3.48 -0.72 0.00247981
-3.48 -0.66 0.00288993
-3.48 -0.6 0.00332158
-3.48 -0.54 0.00376523
-3.48 -0.48 0.00420948
-3.48 -0.42 0.00464145
-3.48 -0.36 0.00504739
-3.48 -0.3 0.00541339
-3.48 -0.24 0.00572612
-3.48 -0.18 0.00597371
-3.48 -0.12 0.00614624
-3.48 -0.06 0.00623689
-3.48 9.71445e-15 0.00624188
-3.48 0.06 0.006161
-3.48 0.12 0.0059976
-3.48 0.18 0.00575834
-3.48 0.24 0.00545256
-3.48 0.3 0.00509203
-3.48 0.36 0.00469002
-3.48 0.42 0.00426037
-3.48 0.48 0.00381684
-3.48 0.54 0.00337249
-3.48 0.6 0.00293893
-3.48 0.66 0.0025259
-3.48 0.72 0.00214109
-3.48 0.78 0.00178994
-3.48 0.84 0.00147581
-3.48 0.9 0.00120009
-3.48 0.96 0.000962466
-3.48 1.02 0.000761287
-3.48 1.08 0.00059388
-3.48 1.14 0.000456917
-3.48 1.2 0.000346709
-3.48 1.26 0.000259467
-3.42 -1.2 0.000338585
-3.42 -1.14 0.000440785
-3.42 -1.08 0.000565942
-3.42 -1.02 0.000716644
-3.42 -0.96 0.000895008
-3.42 -0.9 0.00110241
-3.42 -0.84 0.00133919
-3.42 -0.78 0.00160449
-3.42 -0.72 0.00189589
-3.42 -0.66 0.00220944
-3.42 -0.6 0.00253945
-3.42 -0.54 0.00287863
-3.42 -0.48 0.00321828
-3.42 -0.42 0.00354854
-3.42 -0.36 0.00385886
-3.42 -0.3 0.0041387
-3.42 -0.24 0.0043778
-3.42 -0.18 0.00456708
-3.42 -0.12 0.00469897
-3.42 -0.06 0.00476828
-3.42 9.71445e-15 0.00477212
-3.42 0.06 0.00471028
-3.42 0.12 0.00458533
-3.42 0.18 0.00440242
-3.42 0.24 0.00416865
-3.42 0.3 0.003893
-3.42 0.36 0.00358566
-3.42 0.42 0.00325717
-3.42 0.48 0.00291808
-3.42 0.54 0.00257838
-3.42 0.6 0.00224691
-3.42 0.66 0.00193113
-3.42 0.72 0.00163692
-3.42 0.78 0.00136846
-3.42 0.84 0.00112831
-3.42 0.9 0.000917503
-3.42 0.96 0.000735835
-3.42 1.02 0.000582028
-3.42 1.08 0.000454039
-3.42 1.14 0.000349326
-3.42 1.2 0.00026507
-3.42 1.26 0.000198371
-3.36 -1.2 0.000255299
-3.36 -1.14 0.000332359
-3.36 -1.08 0.00042673
-3.36 -1.02 0.000540366
-3.36 -0.96 0.000674856
-3.36 -0.9 0.00083124
-3.36 -0.84 0.00100978
-3.36 -0.78 0.00120981
-3.36 -0.72 0.00142954
-3.36 -0.66 0.00166597
-3.36 -0.6 0.0019148
-3.36 -0.54 0.00217056
-3.36 -0.48 0.00242665
-3.36 -0.42 0.00267567
-3.36 -0.36 0.00290966
-3.36 -0.3 0.00312067
-3.36 -0.24 0.00330095
-3.36 -0.18 0.00344367
-3.36 -0.12 0.00354314
-3.36 -0.06 0.00359537
-3.36 9.71445e-15 0.00359826
-3.36 0.06 0.00355164
-3.36 0.12 0.00345745
-3.36 0.18 0.00331951
-3.36 0.24 0.00314324
-3.36 0.3 0.00293541
-3.36 0.36 0.00270365
-3.36 0.42 0.00245597
-3.36 0.48 0.00220029
-3.36 0.54 0.00194415
-3.36 0.6 0.00169422
-3.36 0.66 0.00145611
-3.36 0.72 0.00123427
-3.36 0.78 0.00103185
-3.36 0.84 0.000850767
-3.36 0.9 0.000691817
-3.36 0.96 0.000554834
-3.36 1.02 0.000438861
-3.36 1.08 0.000342355
-3.36 1.14 0.0002634
-3.36 1.2 0.000199868
-3.3 -1.14 0.000247161
-3.3 -1.08 0.000317341
-3.3 -1.02 0.000401847
-3.3 -0.96 0.000501862
-3.3 -0.9 0.000618153
-3.3 -0.84 0.000750931
-3.3 -0.78 0.000899681
-3.3 -0.72 0.00106308
-3.3 -0.66 0.00123891
-3.3 -0.6 0.00142396
-3.3 -0.54 0.00161415
-3.3 -0.48 0.0018046
-3.3 -0.42 0.00198977
-3.3 -0.36 0.00216378
-3.3 -0.3 0.00232072
-3.3 -0.24 0.00245474
-3.3 -0.18 0.00256091
-3.3 -0.12 0.00263489
-3.3 -0.06 0.00267374
-3.3 9.71445e-15 0.00267587
-3.3 0.06 0.00264121
-3.3 0.12 0.00257117
-3.3 0.18 0.00246858
-3.3 0.24 0.00233748
-3.3 0.3 0.00218294
-3.3 0.36 0.00201059
-3.3 0.42 0.00182639
-3.3 0.48 0.00163626
-3.3 0.54 0.00144578
-3.3 0.6 0.00125991
-3.3 0.66 0.00108284
-3.3 0.72 0.000917868
-3.3 0.78 0.000767344
-3.3 0.84 0.000632674
-3.3 0.9 0.000514478
-3.3 0.96 0.000412602
-3.3 1.02 0.000326361
-3.3 1.08 0.000254595
-3.3 1.14 0.000195879
-3.3 1.2 0.000148633
-3.24 -1.14 0.000181276
-3.24 -1.08 0.000232748
-3.24 -1.02 0.000294728
-3.24 -0.96 0.000368082
-3.24 -0.9 0.000453378
-3.24 -0.84 0.000550755
-3.24 -0.78 0.000659862
-3.24 -0.72 0.000779702
-3.24 -0.66 0.000908649
-3.24 -0.6 0.00104438
-3.24 -0.54 0.00118387
-3.24 -0.48 0.00132354
-3.24 -0.42 0.00145935
-3.24 -0.36 0.00158701
-3.24 -0.3 0.00170208
-3.24 -0.24 0.00180042
-3.24 -0.18 0.00187824
-3.24 -0.12 0.00193252
-3.24 -0.06 0.00196102
-3.24 9.71445e-15 0.00196259
-3.24 0.06 0.00193717
-3.24 0.12 0.00188579
-3.24 0.18 0.00181053
-3.24 0.24 0.00171439
-3.24 0.3 0.00160104
-3.24 0.36 0.00147464
-3.24 0.42 0.00133954
-3.24 0.48 0.00120009
-3.24 0.54 0.00106038
-3.24 0.6 0.000924057
-3.24 0.66 0.000794195
-3.24 0.72 0.000673203
-3.24 0.78 0.000562795
-3.24 0.84 0.000464024
-3.24 0.9 0.000377335
-3.24 0.96 0.00030262
-3.24 1.02 0.000239362
-3.24 1.08 0.000186726
-3.24 1.14 0.000143663
-3.18 -1.08 0.000168359
-3.18 -1.02 0.000213193
-3.18 -0.96 0.000266255
-3.18 -0.9 0.00032795
-3.18 -0.84 0.000398393
-3.18 -0.78 0.000477309
-3.18 -0.72 0.000564006
-3.18 -0.66 0.00065728
-3.18 -0.6 0.000755451
-3.18 -0.54 0.000856352
-3.18 -0.48 0.000957392
-3.18 -0.42 0.00105564
-3.18 -0.36 0.00114796
-3.18 -0.3 0.0012312
-3.18 -0.24 0.00130234
-3.18 -0.18 0.00135863
-3.18 -0.12 0.00139789
-3.18 -0.06 0.0014185
-3.18 9.71445e-15 0.00141964
-3.18 0.06 0.00140125
-3.18 0.12 0.00136409
-3.18 0.18 0.00130966
-3.18 0.24 0.00124011
-3.18 0.3 0.00115812
-3.18 0.36 0.00106668
-3.18 0.42 0.000968959
-3.18 0.48 0.000868096
-3.18 0.54 0.000767038
-3.18 0.6 0.000668428
-3.18 0.66 0.000574488
-3.18 0.72 0.000486962
-3.18 0.78 0.000407095
-3.18 0.84 0.000335657
-3.18 0.9 0.000272943
-3.18 0.96 0.000218902
-3.18 1.02 0.000173145
-3.18 1.08 0.00013507
-3.18 1.14 0.000103919
-3.12 -1.02 0.000152094
-3.12 -0.96 0.000189946
-3.12 -0.9 0.000233964
-3.12 -0.84 0.000284217
-3.12 -0.78 0.00034052
-3.12 -0.72 0.000402361
-3.12 -0.66 0.000468909
-3.12 -0.6 0.000538949
-3.12 -0.54 0.000610935
-3.12 -0.48 0.000683013
-3.12 -0.42 0.000753099
-3.12 -0.36 0.000818966
-3.12 -0.3 0.000878356
-3.12 -0.24 0.000929098
-3.12 -0.18 0.000969261
-3.12 -0.12 0.000997269
-3.12 -0.06 0.00101197
-3.12 9.71445e-15 0.00101279
-3.12 0.06 0.000999665
-3.12 0.12 0.000973148
-3.12 0.18 0.000934318
-3.12 0.24 0.000884712
-3.12 0.3 0.000826206
-3.12 0.36 0.000760986
-3.12 0.42 0.000691266
-3.12 0.48 0.000619299
-3.12 0.54 0.000547204
-3.12 0.6 0.000476856
-3.12 0.66 0.00040984
-3.12 0.72 0.000347403
-3.12 0.78 0.000290429
-3.12 0.84 0.000239459
-3.12 0.9 0.000194723
-3.12 0.96 0.000156166
-3.12 1.02 0.000123523
-3.12 1.08 9.63599e-05
-3.06 -0.96 0.000133649
-3.06 -0.9 0.000164616
-3.06 -0.84 0.000199977
-3.06 -0.78 0.000239588
-3.06 -0.72 0.000283107
-3.06 -0.66 0.000329927
-3.06 -0.6 0.000379205
-3.06 -0.54 0.000429853
-3.06 -0.48 0.00048057
-3.06 -0.42 0.000529886
-3.06 -0.36 0.000576229
-3.06 -0.3 0.000618013
-3.06 -0.24 0.000653715
-3.06 -0.18 0.000681976
-3.06 -0.12 0.000701685
-3.06 -0.06 0.000712034
-3.06 9.71445e-15 0.000712604
-3.06 0.06 0.000703372
-3.06 0.12 0.000684718
-3.06 0.18 0.000657391
-3.06 0.24 0.000622481
-3.06 0.3 0.00058133
-3.06 0.36 0.000535428
-3.06 0.42 0.000486375
-3.06 0.48 0.000435747
-3.06 0.54 0.000385021
-3.06 0.6 0.000335522
-3.06 0.66 0.000288368
-3.06 0.72 0.000244433
-3.06 0.78 0.000204345
-3.06 0.84 0.000168485
-3.06 0.9 0.000137007
-3.06 0.96 0.000109879
-3.06 1.02 8.69112e-05
-3 -0.9 0.000114234
-3 -0.84 0.000138769
-3 -0.78 0.00016626
-3 -0.72 0.000196456
-3 -0.66 0.000228946
-3 -0.6 0.000263143
-3 -0.54 0.00029829
-3 -0.48 0.000333484
-3 -0.42 0.000367704
-3 -0.36 0.000399864
-3 -0.3 0.000428861
-3 -0.24 0.000453633
-3 -0.18 0.000473249
-3 -0.12 0.00048692
-3 -0.06 0.000494098
-3 9.71445e-15 0.000494492
-3 0.06 0.000488087
-3 0.12 0.000475145
-3 0.18 0.000456188
-3 0.24 0.00043196
-3 0.3 0.000403403
-3 0.36 0.00037155
-3 0.42 0.000337514
-3 0.48 0.000302379
-3 0.54 0.000267176
-3 0.6 0.000232828
-3 0.66 0.000200108
-3 0.72 0.000169621
-3 0.78 0.000141802
-3 0.84 0.000116917
-3 0.9 9.50737e-05
-3 0.96 7.62485e-05
-3 1.02 6.03106e-05
-2.94 -0.9 7.8181e-05
-2.94 -0.84 9.49731e-05
-2.94 -0.78 0.000113787
-2.94 -0.72 0.000134453
-2.94 -0.66 0.00015669
-2.94 -0.6 0.000180093
-2.94 -0.54 0.000204147
-2.94 -0.48 0.000228234
-2.94 -0.42 0.000251656
-2.94 -0.36 0.000273664
-2.94 -0.3 0.000293509
-2.94 -0.24 0.000310466
-2.94 -0.18 0.000323889
-2.94 -0.12 0.000333242
-2.94 -0.06 0.000338158
-2.94 9.71445e-15 0.00033843
-2.94 0.06 0.000334045
-2.94 0.12 0.000325184
-2.94 0.18 0.000312211
-2.94 0.24 0.000295633
-2.94 0.3 0.000276084
-2.94 0.36 0.000254288
-2.94 0.42 0.000230992
-2.94 0.48 0.000206945
-2.94 0.54 0.000182854
-2.94 0.6 0.000159347
-2.94 0.66 0.000136952
-2.94 0.72 0.000116087
-2.94 0.78 9.70484e-05
-2.94 0.84 8.00176e-05
-2.94 0.9 6.50675e-05
-2.94 0.96 5.21841e-05
-2.88 -0.84 6.41056e-05
-2.88 -0.78 7.68044e-05
-2.88 -0.72 9.07546e-05
-2.88 -0.66 0.000105764
-2.88 -0.6 0.00012156
-2.88 -0.54 0.000137796
-2.88 -0.48 0.000154055
-2.88 -0.42 0.000169865
-2.88 -0.36 0.00018472
-2.88 -0.3 0.000198114
-2.88 -0.24 0.000209561
-2.88 -0.18 0.00021862
-2.88 -0.12 0.000224934
-2.88 -0.06 0.000228253
-2.88 9.71445e-15 0.000228437
-2.88 0.06 0.000225477
-2.88 0.12 0.000219496
-2.88 0.18 0.000210737
-2.88 0.24 0.000199548
-2.88 0.3 0.000186354
-2.88 0.36 0.000171641
-2.88 0.42 0.000155916
-2.88 0.48 0.000139686
-2.88 0.54 0.000123424
-2.88 0.6 0.000107557
-2.88 0.66 9.24414e-05
-2.88 0.72 7.83574e-05
-2.88 0.78 6.55062e-05
-2.88 0.84 5.40109e-05
-2.88 0.9 4.39196e-05
-2.82 -0.78 5.11292e-05
-2.82 -0.72 6.04162e-05
-2.82 -0.66 7.04078e-05
-2.82 -0.6 8.09239e-05
-2.82 -0.54 9.17325e-05
-2.82 -0.48 0.000102556
-2.82 -0.42 0.00011308
-2.82 -0.36 0.00012297
-2.82 -0.3 0.000131886
-2.82 -0.24 0.000139506
-2.82 -0.18 0.000145537
-2.82 -0.12 0.000149741
-2.82 -0.06 0.00015195
-2.82 9.71445e-15 0.000152072
-2.82 0.06 0.000150101
-2.82 0.12 0.000146121
-2.82 0.18 0.00014029
-2.82 0.24 0.000132841
-2.82 0.3 0.000124058
-2.82 0.36 0.000114263
-2.82 0.42 0.000103795
-2.82 0.48 9.29902e-05
-2.82 0.54 8.21649e-05
-2.82 0.6 7.16019e-05
-2.82 0.66 6.15391e-05
-2.82 0.72 5.21632e-05
-2.82 0.78 4.3608e-05
-2.82 0.84 3.59555e-05
-2.76 -0.66 4.6227e-05
-2.76 -0.6 5.31315e-05
-2.76 -0.54 6.0228e-05
-2.76 -0.48 6.73341e-05
-2.76 -0.42 7.42438e-05
-2.76 -0.36 8.07363e-05
-2.76 -0.3 8.65914e-05
-2.76 -0.24 9.15936e-05
-2.76 -0.18 9.55538e-05
-2.76 -0.12 9.83139e-05
-2.76 -0.06 9.97642e-05
-2.76 9.71445e-15 9.98442e-05
-2.76 0.06 9.85508e-05
-2.76 0.12 9.5937e-05
-2.76 0.18 9.21083e-05
-2.76 0.24 8.72172e-05
-2.76 0.3 8.14512e-05
-2.76 0.36 7.50202e-05
-2.76 0.42 6.81469e-05
-2.76 0.48 6.10534e-05
-2.76 0.54 5.39461e-05
-2.76 0.6 4.70108e-05
-2.76 0.66 4.04039e-05
-2.76 0.72 3.4248e-05
-2.76 0.78 2.86314e-05
-2.7 -0.6 3.44045e-05
-2.7 -0.54 3.89998e-05
-2.7 -0.48 4.36011e-05
-2.7 -0.42 4.80749e-05
-2.7 -0.36 5.22796e-05
-2.7 -0.3 5.60709e-05
-2.7 -0.24 5.931e-05
-2.7 -0.18 6.18741e-05
-2.7 -0.12 6.36617e-05
-2.7 -0.06 6.46007e-05
-2.7 9.71445e-15 6.46526e-05
-2.7 0.06 6.38149e-05
-2.7 0.12 6.21221e-05
-2.7 0.18 5.96431e-05
-2.7 0.24 5.64765e-05
-2.7 0.3 5.27419e-05
-2.7 0.36 4.85784e-05
-2.7 0.42 4.41275e-05
-2.7 0.48 3.95337e-05
-2.7 0.54 3.49316e-05
-2.7 0.6 3.04408e-05
-2.7 0.66 2.61626e-05
-2.7 0.72 2.21768e-05
-2.64 -0.54 2.49063e-05
-2.64 -0.48 2.78449e-05
-2.64 -0.42 3.07023e-05
-2.64 -0.36 3.33876e-05
-2.64 -0.3 3.58086e-05
-2.64 -0.24 3.78773e-05
-2.64 -0.18 3.95149e-05
-2.64 -0.12 4.06563e-05
-2.64 -0.06 4.1256e-05
-2.64 9.71445e-15 4.1289e-05
-2.64 0.06 4.0754e-05
-2.64 0.12 3.96732e-05
-2.64 0.18 3.80904e-05
-2.64 0.24 3.60676e-05
-2.64 0.3 3.3683e-05
-2.64 0.36 3.10235e-05
-2.64 0.42 2.81816e-05
-2.64 0.48 2.52478e-05
-2.64 0.54 2.23085e-05
-2.64 0.6 1.94405e-05
-2.64 0.66 1.67084e-05
-2.58 -0.42 1.9338e-05
-2.58 -0.36 2.10294e-05
-2.58 -0.3 2.25542e-05
-2.58 -0.24 2.38572e-05
-2.58 -0.18 2.48885e-05
-2.58 -0.12 2.56078e-05
-2.58 -0.06 2.59855e-05
-2.58 9.71445e-15 2.60063e-05
-2.58 0.06 2.56694e-05
-2.58 0.12 2.49886e-05
-2.58 0.18 2.39912e-05
-2.58 0.24 2.27173e-05
-2.58 0.3 2.12154e-05
-2.58 0.36 1.95404e-05
-2.58 0.42 1.775e-05
-2.58 0.48 1.59024e-05
-2.58 0.54 1.40512e-05
-2.58 0.6 1.22448e-05
-2.52 -0.36 1.30633e-05
-2.52 -0.3 1.40107e-05
-2.52 -0.24 1.482e-05
-2.52 -0.18 1.54608e-05
-2.52 -0.12 1.59074e-05
-2.52 -0.06 1.61418e-05
-2.52 9.71445e-15 1.61548e-05
-2.52 0.06 1.59455e-05
-2.52 0.12 1.55227e-05
-2.52 0.18 1.49034e-05
-2.52 0.24 1.41119e-05
-2.52 0.3 1.31789e-05
-2.52 0.36 1.21384e-05
-2.52 0.42 1.10264e-05
-2.52 0.48 9.87851e-06
-2.52 0.54 8.72849e-06
-2.46 -0.24 9.07966e-06
-2.46 -0.18 9.47209e-06
-2.46 -0.12 9.74576e-06
-2.46 -0.06 9.88958e-06
-2.46 9.71445e-15 9.89751e-06
-2.46 0.06 9.76927e-06
-2.46 0.12 9.51011e-06
-2.46 0.18 9.1306e-06
-2.46 0.24 8.64583e-06
-2.46 0.3 8.07414e-06
-2.46 0.36 7.4367e-06
-2.46 0.42 6.75538e-06
-2.4 -0.12 5.8888e-06
-2.4 -0.06 5.97566e-06
-2.4 9.71445e-15 5.98043e-06
-2.4 0.06 5.90295e-06
-2.4 0.12 5.74639e-06
-2.4 0.18 5.51705e-06
-2.4 0.24 5.2241e-06
-2.4 0.3 4.8787e-06
-2.4 0.36 4.49351e-06
-2.34 9.71445e-15 3.56391e-06
-2.34 0.06 3.51774e-06
-2.34 0.12 3.42445e-06
-2.34 0.18 3.28778e-06
-2.34 0.24 3.11322e-06
-2.28 0.18 1.93236e-06
