4647 0.06 0.06 0.792843 -12 -12
-2.1 -0.36 0.000377939
-2.1 -0.3 0.000431321
-2.1 -0.24 0.000485478
-2.1 -0.18 0.000538922
-2.1 -0.12 0.000590023
-2.1 -0.06 0.000637099
-2.1 9.71445e-15 0.000678466
-2.1 0.06 0.000712585
-2.1 0.12 0.000738145
-2.1 0.18 0.000754106
-2.1 0.24 0.000759814
-2.1 0.3 0.000755051
-2.1 0.36 0.000740009
-2.1 0.42 0.000715291
-2.1 0.48 0.000681891
-2.1 0.54 0.000641125
-2.1 0.6 0.000594509
-2.04 -0.6 0.000286523
-2.04 -0.54 0.00034561
-2.04 -0.48 0.000411145
-2.04 -0.42 0.000482387
-2.04 -0.36 0.000558189
-2.04 -0.3 0.000637034
-2.04 -0.24 0.000717021
-2.04 -0.18 0.000795951
-2.04 -0.12 0.000871428
-2.04 -0.06 0.000940943
-2.04 9.71445e-15 0.00100205
-2.04 0.06 0.00105245
-2.04 0.12 0.00109018
-2.04 0.18 0.00111376
-2.04 0.24 0.0011222
-2.04 0.3 0.00111517
-2.04 0.36 0.00109295
-2.04 0.42 0.00105644
-2.04 0.48 0.00100712
-2.04 0.54 0.000946894
-2.04 0.6 0.000878044
-2.04 0.66 0.000803011
-2.04 0.72 0.000724287
-2.04 0.78 0.000644304
-2.04 0.84 0.000565278
-1.98 -0.78 0.000218867
-1.98 -0.72 0.000275189
-1.98 -0.66 0.000341256
-1.98 -0.6 0.000417359
-1.98 -0.54 0.000503421
-1.98 -0.48 0.00059889
-1.98 -0.42 0.000702657
-1.98 -0.36 0.000813085
-1.98 -0.3 0.000927929
-1.98 -0.24 0.00104443
-1.98 -0.18 0.0011594
-1.98 -0.12 0.00126936
-1.98 -0.06 0.00137061
-1.98 9.71445e-15 0.00145961
-1.98 0.06 0.00153304
-1.98 0.12 0.00158801
-1.98 0.18 0.00162235
-1.98 0.24 0.00163464
-1.98 0.3 0.00162438
-1.98 0.36 0.00159201
-1.98 0.42 0.00153883
-1.98 0.48 0.001467
-1.98 0.54 0.00137929
-1.98 0.6 0.00127898
-1.98 0.66 0.00116969
-1.98 0.72 0.00105502
-1.98 0.78 0.000938518
-1.98 0.84 0.000823398
-1.98 0.9 0.000712467
-1.98 0.96 0.000608017
-1.98 1.02 0.000511743
-1.92 -0.9 0.000190799
-1.92 -0.84 0.000246632
-1.92 -0.78 0.000314422
-1.92 -0.72 0.00039534
-1.92 -0.66 0.000490247
-1.92 -0.6 0.000599587
-1.92 -0.54 0.000723221
-1.92 -0.48 0.000860363
-1.92 -0.42 0.00100945
-1.92 -0.36 0.00116808
-1.92 -0.3 0.00133306
-1.92 -0.24 0.00150043
-1.92 -0.18 0.00166561
-1.92 -0.12 0.00182355
-1.92 -0.06 0.00196905
-1.92 9.71445e-15 0.00209689
-1.92 0.06 0.00220235
-1.92 0.12 0.00228136
-1.92 0.18 0.00233067
-1.92 0.24 0.00234834
-1.92 0.3 0.00233361
-1.92 0.36 0.0022871
-1.92 0.42 0.00221072
-1.92 0.48 0.00210748
-1.92 0.54 0.00198149
-1.92 0.6 0.00183741
-1.92 0.66 0.00168037
-1.92 0.72 0.00151564
-1.92 0.78 0.00134827
-1.92 0.84 0.00118291
-1.92 0.9 0.00102356
-1.92 0.96 0.000873503
-1.92 1.02 0.000735194
-1.92 1.08 0.00061029
-1.92 1.14 0.000499642
-1.86 -1.02 0.000155207
-1.86 -0.96 0.000206258
-1.86 -0.9 0.000270332
-1.86 -0.84 0.000349444
-1.86 -0.78 0.000445499
-1.86 -0.72 0.000560144
-1.86 -0.66 0.000694613
-1.86 -0.6 0.000849525
-1.86 -0.54 0.00102471
-1.86 -0.48 0.00121902
-1.86 -0.42 0.00143025
-1.86 -0.36 0.00165501
-1.86 -0.3 0.00188876
-1.86 -0.24 0.00212592
-1.86 -0.18 0.00235994
-1.86 -0.12 0.00258373
-1.86 -0.06 0.00278984
-1.86 9.71445e-15 0.00297103
-1.86 0.06 0.00312045
-1.86 0.12 0.00323235
-1.86 0.18 0.00330221
-1.86 0.24 0.00332727
-1.86 0.3 0.00330642
-1.86 0.36 0.00324053
-1.86 0.42 0.00313227
-1.86 0.48 0.00298605
-1.86 0.54 0.00280747
-1.86 0.6 0.00260336
-1.86 0.66 0.0023809
-1.86 0.72 0.00214751
-1.86 0.78 0.00191035
-1.86 0.84 0.00167605
-1.86 0.9 0.00145026
-1.86 0.96 0.00123765
-1.86 1.02 0.0010417
-1.86 1.08 0.00086471
-1.86 1.14 0.000707941
-1.86 1.2 0.000571628
-1.86 1.26 0.000455223
-1.8 -1.14 0.000117814
-1.8 -1.08 0.000160961
-1.8 -1.02 0.000216887
-1.8 -0.96 0.000288225
-1.8 -0.9 0.000377761
-1.8 -0.84 0.00048831
-1.8 -0.78 0.00062253
-1.8 -0.72 0.000782742
-1.8 -0.66 0.000970642
-1.8 -0.6 0.00118712
-1.8 -0.54 0.00143191
-1.8 -0.48 0.00170343
-1.8 -0.42 0.00199861
-1.8 -0.36 0.00231268
-1.8 -0.3 0.00263932
-1.8 -0.24 0.00297072
-1.8 -0.18 0.00329777
-1.8 -0.12 0.00361045
-1.8 -0.06 0.00389851
-1.8 9.71445e-15 0.00415166
-1.8 0.06 0.00436047
-1.8 0.12 0.00451686
-1.8 0.18 0.0046145
-1.8 0.24 0.0046495
-1.8 0.3 0.00462033
-1.8 0.36 0.00452826
-1.8 0.42 0.00437703
-1.8 0.48 0.00417264
-1.8 0.54 0.00392319
-1.8 0.6 0.00363794
-1.8 0.66 0.00332704
-1.8 0.72 0.00300089
-1.8 0.78 0.0026695
-1.8 0.84 0.00234211
-1.8 0.9 0.00202662
-1.8 0.96 0.00172951
-1.8 1.02 0.00145569
-1.8 1.08 0.00120837
-1.8 1.14 0.000989313
-1.8 1.2 0.000798829
-1.8 1.26 0.000636164
-1.8 1.32 0.000499668
-1.8 1.38 0.000387078
-1.74 -1.26 8.34511e-05
-1.74 -1.2 0.000117212
-1.74 -1.14 0.00016237
-1.74 -1.08 0.000221834
-1.74 -1.02 0.000298908
-1.74 -0.96 0.000397226
-1.74 -0.9 0.000520622
-1.74 -0.84 0.00067298
-1.74 -0.78 0.000857962
-1.74 -0.72 0.00107875
-1.74 -0.66 0.00133772
-1.74 -0.6 0.00163606
-1.74 -0.54 0.00197344
-1.74 -0.48 0.00234764
-1.74 -0.42 0.00275446
-1.74 -0.36 0.00318731
-1.74 -0.3 0.00363748
-1.74 -0.24 0.00409418
-1.74 -0.18 0.0045449
-1.74 -0.12 0.00497588
-1.74 -0.06 0.00537282
-1.74 9.71445e-15 0.00572175
-1.74 0.06 0.00600953
-1.74 0.12 0.00622506
-1.74 0.18 0.0063596
-1.74 0.24 0.00640785
-1.74 0.3 0.00636769
-1.74 0.36 0.00624075
-1.74 0.42 0.00603236
-1.74 0.48 0.00575073
-1.74 0.54 0.00540687
-1.74 0.6 0.00501372
-1.74 0.66 0.00458528
-1.74 0.72 0.00413582
-1.74 0.78 0.00367911
-1.74 0.84 0.00322788
-1.74 0.9 0.00279308
-1.74 0.96 0.00238365
-1.74 1.02 0.00200626
-1.74 1.08 0.00166544
-1.74 1.14 0.00136353
-1.74 1.2 0.00110102
-1.74 1.26 0.000876849
-1.74 1.32 0.000688734
-1.74 1.38 0.000533565
-1.74 1.44 0.00040769
-1.74 1.5 0.000307251
-1.68 -1.32 7.9647e-05
-1.68 -1.26 0.00011343
-1.68 -1.2 0.000159319
-1.68 -1.14 0.000220698
-1.68 -1.08 0.000301525
-1.68 -1.02 0.000406284
-1.68 -0.96 0.000539921
-1.68 -0.9 0.000707648
-1.68 -0.84 0.000914732
-1.68 -0.78 0.00116617
-1.68 -0.72 0.00146627
-1.68 -0.66 0.00181828
-1.68 -0.6 0.00222379
-1.68 -0.54 0.00268237
-1.68 -0.48 0.00319101
-1.68 -0.42 0.00374395
-1.68 -0.36 0.00433231
-1.68 -0.3 0.0049442
-1.68 -0.24 0.00556496
-1.68 -0.18 0.00617753
-1.68 -0.12 0.00676339
-1.68 -0.06 0.00730294
-1.68 9.71445e-15 0.00777723
-1.68 0.06 0.00816832
-1.68 0.12 0.00846129
-1.68 0.18 0.00864419
-1.68 0.24 0.00870973
-1.68 0.3 0.00865522
-1.68 0.36 0.00848274
-1.68 0.42 0.00819936
-1.68 0.48 0.00781662
-1.68 0.54 0.00734922
-1.68 0.6 0.00681492
-1.68 0.66 0.00623254
-1.68 0.72 0.00562165
-1.68 0.78 0.00500089
-1.68 0.84 0.00438755
-1.68 0.9 0.00379655
-1.68 0.96 0.00324005
-1.68 1.02 0.00272712
-1.68 1.08 0.00226388
-1.68 1.14 0.00185352
-1.68 1.2 0.00149672
-1.68 1.26 0.00119204
-1.68 1.32 0.000936353
-1.68 1.38 0.000725445
-1.68 1.44 0.000554355
-1.68 1.5 0.00041783
-1.68 1.56 0.000310639
-1.62 -1.44 5.05026e-05
-1.62 -1.38 7.3942e-05
-1.62 -1.32 0.000106771
-1.62 -1.26 0.000152058
-1.62 -1.2 0.000213575
-1.62 -1.14 0.000295859
-1.62 -1.08 0.000404209
-1.62 -1.02 0.000544642
-1.62 -0.96 0.000723791
-1.62 -0.9 0.00094864
-1.62 -0.84 0.00122625
-1.62 -0.78 0.00156332
-1.62 -0.72 0.00196563
-1.62 -0.66 0.00243751
-1.62 -0.6 0.00298112
-1.62 -0.54 0.00359584
-1.62 -0.48 0.00427774
-1.62 -0.42 0.00501892
-1.62 -0.36 0.00580768
-1.62 -0.3 0.00662799
-1.62 -0.24 0.00746017
-1.62 -0.18 0.00828138
-1.62 -0.12 0.00906672
-1.62 -0.06 0.00979003
-1.62 9.71445e-15 0.0104257
-1.62 0.06 0.0109501
-1.62 0.12 0.0113427
-1.62 0.18 0.011588
-1.62 0.24 0.0116759
-1.62 0.3 0.0116027
-1.62 0.36 0.0113716
-1.62 0.42 0.0109917
-1.62 0.48 0.0104786
-1.62 0.54 0.00985212
-1.62 0.6 0.00913587
-1.62 0.66 0.00835519
-1.62 0.72 0.00753624
-1.62 0.78 0.00670415
-1.62 0.84 0.00588197
-1.62 0.9 0.00508971
-1.62 0.96 0.00434369
-1.62 1.02 0.00365615
-1.62 1.08 0.00303516
-1.62 1.14 0.00248508
-1.62 1.2 0.0020068
-1.62 1.26 0.00159836
-1.62 1.32 0.00125563
-1.62 1.38 0.000972894
-1.62 1.44 0.000743543
-1.62 1.5 0.000560522
-1.62 1.56 0.000416823
-1.62 1.62 0.000305773
-1.56 -1.5 4.49781e-05
-1.56 -1.44 6.67709e-05
-1.56 -1.38 9.77601e-05
-1.56 -1.32 0.000141164
-1.56 -1.26 0.000201039
-1.56 -1.2 0.000282374
-1.56 -1.14 0.000391164
-1.56 -1.08 0.000534411
-1.56 -1.02 0.00072009
-1.56 -0.96 0.000956938
-1.56 -0.9 0.00125422
-1.56 -0.84 0.00162126
-1.56 -0.78 0.00206691
-1.56 -0.72 0.00259882
-1.56 -0.66 0.0032227
-1.56 -0.6 0.00394139
-1.56 -0.54 0.00475418
-1.56 -0.48 0.0056557
-1.56 -0.42 0.00663569
-1.56 -0.36 0.00767843
-1.56 -0.3 0.00876303
-1.56 -0.24 0.00986331
-1.56 -0.18 0.0109491
-1.56 -0.12 0.0119873
-1.56 -0.06 0.0129436
-1.56 9.71445e-15 0.0137842
-1.56 0.06 0.0144775
-1.56 0.12 0.0149966
-1.56 0.18 0.0153209
-1.56 0.24 0.0154371
-1.56 0.3 0.0153404
-1.56 0.36 0.0150347
-1.56 0.42 0.0145325
-1.56 0.48 0.0138543
-1.56 0.54 0.0130259
-1.56 0.6 0.0120789
-1.56 0.66 0.0110469
-1.56 0.72 0.00996409
-1.56 0.78 0.00886403
-1.56 0.84 0.0077771
-1.56 0.9 0.0067297
-1.56 0.96 0.00574342
-1.56 1.02 0.00483444
-1.56 1.08 0.00401345
-1.56 1.14 0.00328622
-1.56 1.2 0.00265394
-1.56 1.26 0.00211395
-1.56 1.32 0.00166085
-1.56 1.38 0.00128707
-1.56 1.44 0.000983848
-1.56 1.5 0.000741866
-1.56 1.56 0.000551867
-1.56 1.62 0.000405021
-1.56 1.68 0.000293299
-1.56 1.74 0.0002096
-1.5 -1.56 3.89641e-05
-1.5 -1.5 5.86489e-05
-1.5 -1.44 8.70663e-05
-1.5 -1.38 0.000127475
-1.5 -1.32 0.000184072
-1.5 -1.26 0.000262148
-1.5 -1.2 0.000368201
-1.5 -1.14 0.000510056
-1.5 -1.08 0.000696854
-1.5 -1.02 0.00093896
-1.5 -0.96 0.00124781
-1.5 -0.9 0.00163545
-1.5 -0.84 0.00211404
-1.5 -0.78 0.00269513
-1.5 -0.72 0.00338869
-1.5 -0.66 0.00420224
-1.5 -0.6 0.0051394
-1.5 -0.54 0.00619922
-1.5 -0.48 0.00737476
-1.5 -0.42 0.00865263
-1.5 -0.36 0.0100124
-1.5 -0.3 0.0114266
-1.5 -0.24 0.0128612
-1.5 -0.18 0.0142769
-1.5 -0.12 0.0156309
-1.5 -0.06 0.0168778
-1.5 9.71445e-15 0.0179739
-1.5 0.06 0.0188779
-1.5 0.12 0.019555
-1.5 0.18 0.0199778
-1.5 0.24 0.0201293
-1.5 0.3 0.0200033
-1.5 0.36 0.0196047
-1.5 0.42 0.0189499
-1.5 0.48 0.0180654
-1.5 0.54 0.0169855
-1.5 0.6 0.0157507
-1.5 0.66 0.0144049
-1.5 0.72 0.0129933
-1.5 0.78 0.0115589
-1.5 0.84 0.0101416
-1.5 0.9 0.00877593
-1.5 0.96 0.00749004
-1.5 1.02 0.00630485
-1.5 1.08 0.0052345
-1.5 1.14 0.00428631
-1.5 1.2 0.00346189
-1.5 1.26 0.0027579
-1.5 1.32 0.00216711
-1.5 1.38 0.00167975
-1.5 1.44 0.00128439
-1.5 1.5 0.000968861
-1.5 1.56 0.000721082
-1.5 1.62 0.000529551
-1.5 1.68 0.000383814
-1.5 1.74 0.000274597
-1.5 1.8 0.000193977
-1.44 -1.62 3.28326e-05
-1.44 -1.56 5.01087e-05
-1.44 -1.5 7.54248e-05
-1.44 -1.44 0.000111969
-1.44 -1.38 0.000163935
-1.44 -1.32 0.000236722
-1.44 -1.26 0.000337128
-1.44 -1.2 0.000473519
-1.44 -1.14 0.00065595
-1.44 -1.08 0.000896168
-1.44 -1.02 0.00120754
-1.44 -0.96 0.00160472
-1.44 -0.9 0.00210324
-1.44 -0.84 0.00271874
-1.44 -0.78 0.00346604
-1.44 -0.72 0.004358
-1.44 -0.66 0.00540422
-1.44 -0.6 0.00660939
-1.44 -0.54 0.00797236
-1.44 -0.48 0.00948416
-1.44 -0.42 0.0111276
-1.44 -0.36 0.0128761
-1.44 -0.3 0.0146949
-1.44 -0.24 0.0165399
-1.44 -0.18 0.0183607
-1.44 -0.12 0.0201018
-1.44 -0.06 0.0217053
-1.44 9.71445e-15 0.023115
-1.44 0.06 0.0242778
-1.44 0.12 0.0251484
-1.44 0.18 0.0256923
-1.44 0.24 0.0258872
-1.44 0.3 0.0257251
-1.44 0.36 0.0252124
-1.44 0.42 0.0243707
-1.44 0.48 0.0232332
-1.44 0.54 0.0218445
-1.44 0.6 0.0202564
-1.44 0.66 0.018526
-1.44 0.72 0.0167106
-1.44 0.78 0.0148662
-1.44 0.84 0.0130438
-1.44 0.9 0.0112878
-1.44 0.96 0.00963424
-1.44 1.02 0.00811018
-1.44 1.08 0.00673386
-1.44 1.14 0.00551464
-1.44 1.2 0.00445459
-1.44 1.26 0.00354933
-1.44 1.32 0.00278969
-1.44 1.38 0.00216302
-1.44 1.44 0.00165459
-1.44 1.5 0.00124881
-1.44 1.56 0.00093011
-1.44 1.62 0.000683719
-1.44 1.68 0.000496164
-1.44 1.74 0.000355557
-1.44 1.8 0.000251702
-1.44 1.86 0.000176101
-1.38 -1.68 2.69107e-05
-1.38 -1.62 4.16428e-05
-1.38 -1.56 6.35554e-05
-1.38 -1.5 9.56641e-05
-1.38 -1.44 0.000142015
-1.38 -1.38 0.000207929
-1.38 -1.32 0.000300249
-1.38 -1.26 0.000427594
-1.38 -1.2 0.000600587
-1.38 -1.14 0.000831972
-1.38 -1.08 0.00113666
-1.38 -1.02 0.00153159
-1.38 -0.96 0.00203536
-1.38 -0.9 0.00266766
-1.38 -0.84 0.00344831
-1.38 -0.78 0.00439612
-1.38 -0.72 0.0055275
-1.38 -0.66 0.00685442
-1.38 -0.6 0.00838314
-1.38 -0.54 0.0101117
-1.38 -0.48 0.0120292
-1.38 -0.42 0.0141135
-1.38 -0.36 0.0163315
-1.38 -0.3 0.0186382
-1.38 -0.24 0.0209784
-1.38 -0.18 0.0232879
-1.38 -0.12 0.0254962
-1.38 -0.06 0.0275305
-1.38 9.71445e-15 0.0293179
-1.38 0.06 0.0307928
-1.38 0.12 0.0318972
-1.38 0.18 0.0325872
-1.38 0.24 0.0328342
-1.38 0.3 0.0326283
-1.38 0.36 0.0319786
-1.38 0.42 0.030911
-1.38 0.48 0.0294684
-1.38 0.54 0.0277076
-1.38 0.6 0.0256937
-1.38 0.66 0.023499
-1.38 0.72 0.0211967
-1.38 0.78 0.0188577
-1.38 0.84 0.0165466
-1.38 0.9 0.0143197
-1.38 0.96 0.0122228
-1.38 1.02 0.0102902
-1.38 1.08 0.00854489
-1.38 1.14 0.00699886
-1.38 1.2 0.00565463
-1.38 1.26 0.00450668
-1.38 1.32 0.00354338
-1.38 1.38 0.00274866
-1.38 1.44 0.00210386
-1.38 1.5 0.00158917
-1.38 1.56 0.00118484
-1.38 1.62 0.000872184
-1.38 1.68 0.000634069
-1.38 1.74 0.000455434
-1.38 1.8 0.000323374
-1.38 1.86 0.000227109
-1.38 1.92 0.00015789
-1.32 -1.74 2.14544e-05
-1.32 -1.68 3.36631e-05
-1.32 -1.62 5.20924e-05
-1.32 -1.56 7.95031e-05
-1.32 -1.5 0.000119668
-1.32 -1.44 0.000177652
-1.32 -1.38 0.000260103
-1.32 -1.32 0.000375584
-1.32 -1.26 0.000534891
-1.32 -1.2 0.000751284
-1.32 -1.14 0.00104073
-1.32 -1.08 0.00142187
-1.32 -1.02 0.00191587
-1.32 -0.96 0.00254605
-1.32 -0.9 0.003337
-1.32 -0.84 0.00431353
-1.32 -0.78 0.0054992
-1.32 -0.72 0.00691437
-1.32 -0.66 0.00857434
-1.32 -0.6 0.0104866
-1.32 -0.54 0.012649
-1.32 -0.48 0.0150476
-1.32 -0.42 0.017655
-1.32 -0.36 0.0204295
-1.32 -0.3 0.023315
-1.32 -0.24 0.0262423
-1.32 -0.18 0.0291311
-1.32 -0.12 0.0318939
-1.32 -0.06 0.0344383
-1.32 9.71445e-15 0.0366748
-1.32 0.06 0.0385194
-1.32 0.12 0.0399011
-1.32 0.18 0.040764
-1.32 0.24 0.0410732
-1.32 0.3 0.0408166
-1.32 0.36 0.0400039
-1.32 0.42 0.0386683
-1.32 0.48 0.0368643
-1.32 0.54 0.0346615
-1.32 0.6 0.0321431
-1.32 0.66 0.0293981
-1.32 0.72 0.026519
-1.32 0.78 0.0235935
-1.32 0.84 0.020703
-1.32 0.9 0.0179179
-1.32 0.96 0.0152956
-1.32 1.02 0.0128788
-1.32 1.08 0.0106963
-1.32 1.14 0.00876292
-1.32 1.2 0.00708194
-1.32 1.26 0.00564649
-1.32 1.32 0.00444181
-1.32 1.38 0.00344789
-1.32 1.44 0.00264141
-1.32 1.5 0.00199752
-1.32 1.56 0.00149158
-1.32 1.62 0.00110011
-1.32 1.68 0.000801827
-1.32 1.74 0.000577822
-1.32 1.8 0.000411977
-1.32 1.86 0.000290853
-1.32 1.92 0.000203514
-1.32 1.98 0.000141278
-1.26 -1.8 1.66378e-05
-1.26 -1.74 2.64691e-05
-1.26 -1.68 4.15309e-05
-1.26 -1.62 6.42672e-05
-1.26 -1.56 9.8084e-05
-1.26 -1.5 0.000147637
-1.26 -1.44 0.000219171
-1.26 -1.38 0.000320895
-1.26 -1.32 0.000463371
-1.26 -1.26 0.000659903
-1.26 -1.2 0.000926885
-1.26 -1.14 0.00128396
-1.26 -1.08 0.0017542
-1.26 -1.02 0.00236367
-1.26 -0.96 0.00314115
-1.26 -0.9 0.00411695
-1.26 -0.84 0.00532169
-1.26 -0.78 0.00678444
-1.26 -0.72 0.00853046
-1.26 -0.66 0.0105783
-1.26 -0.6 0.0129376
-1.26 -0.54 0.0156053
-1.26 -0.48 0.0185644
-1.26 -0.42 0.0217813
-1.26 -0.36 0.0252043
-1.26 -0.3 0.028764
-1.26 -0.24 0.0323757
-1.26 -0.18 0.03594
-1.26 -0.12 0.039348
-1.26 -0.06 0.0424877
-1.26 9.71445e-15 0.0452467
-1.26 0.06 0.0475224
-1.26 0.12 0.0492276
-1.26 0.18 0.0502924
-1.26 0.24 0.0506743
-1.26 0.3 0.0503575
-1.26 0.36 0.0493553
-1.26 0.42 0.0477086
-1.26 0.48 0.0454828
-1.26 0.54 0.0427662
-1.26 0.6 0.0396599
-1.26 0.66 0.0362741
-1.26 0.72 0.0327229
-1.26 0.78 0.0291148
-1.26 0.84 0.02555
-1.26 0.9 0.0221155
-1.26 0.96 0.0188814
-1.26 1.02 0.0159009
-1.26 1.08 0.0132095
-1.26 1.14 0.0108255
-1.26 1.2 0.0087525
-1.26 1.26 0.00698235
-1.26 1.32 0.00549673
-1.26 1.38 0.00427097
-1.26 1.44 0.00327617
-1.26 1.5 0.0024817
-1.26 1.56 0.00185711
-1.26 1.62 0.00137358
-1.26 1.68 0.00100471
-1.26 1.74 0.000727309
-1.26 1.8 0.000521498
-1.26 1.86 0.000370739
-1.26 1.92 0.000261583
-1.26 1.98 0.000183375
-1.26 2.04 0.000127849
-1.2 -1.86 1.25502e-05
-1.2 -1.8 2.02444e-05
-1.2 -1.74 3.22066e-05
-1.2 -1.68 5.05331e-05
-1.2 -1.62 7.81986e-05
-1.2 -1.56 0.000119346
-1.2 -1.5 0.000179641
-1.2 -1.44 0.000266682
-1.2 -1.38 0.000390453
-1.2 -1.32 0.000563811
-1.2 -1.26 0.000802953
-1.2 -1.2 0.00112779
-1.2 -1.14 0.00156229
-1.2 -1.08 0.00213445
-1.2 -1.02 0.00287603
-1.2 -0.96 0.00382204
-1.2 -0.9 0.00500935
-1.2 -0.84 0.00647526
-1.2 -0.78 0.00825513
-1.2 -0.72 0.0103795
-1.2 -0.66 0.0128714
-1.2 -0.6 0.0157419
-1.2 -0.54 0.0189881
-1.2 -0.48 0.0225887
-1.2 -0.42 0.0265029
-1.2 -0.36 0.0306678
-1.2 -0.3 0.0349995
-1.2 -0.24 0.0393937
-1.2 -0.18 0.0437304
-1.2 -0.12 0.0478778
-1.2 -0.06 0.0516976
-1.2 9.71445e-15 0.0550553
-1.2 0.06 0.0578246
-1.2 0.12 0.0598995
-1.2 0.18 0.0611953
-1.2 0.24 0.0616605
-1.2 0.3 0.061276
-1.2 0.36 0.0600569
-1.2 0.42 0.0580539
-1.2 0.48 0.0553472
-1.2 0.54 0.0520425
-1.2 0.6 0.048264
-1.2 0.66 0.0441462
-1.2 0.72 0.0398272
-1.2 0.78 0.0354388
-1.2 0.84 0.0311032
-1.2 0.9 0.0269262
-1.2 0.96 0.0229936
-1.2 1.02 0.0193691
-1.2 1.08 0.0160965
-1.2 1.14 0.0131976
-1.2 1.2 0.0106771
-1.2 1.26 0.00852478
-1.2 1.32 0.00671822
-1.2 1.38 0.00522742
-1.2 1.44 0.00401717
-1.2 1.5 0.00305027
-1.2 1.56 0.00228961
-1.2 1.62 0.00170006
-1.2 1.68 0.00124964
-1.2 1.74 0.000910155
-1.2 1.8 0.000657471
-1.2 1.86 0.000471567
-1.2 1.92 0.000336173
-1.2 1.98 0.000238422
-1.2 2.04 0.000168349
-1.2 2.1 0.000118395
-1.14 -1.86 1.50607e-05
-1.14 -1.8 2.42941e-05
-1.14 -1.74 3.86488e-05
-1.14 -1.68 6.06422e-05
-1.14 -1.62 9.38414e-05
-1.14 -1.56 0.00014322
-1.14 -1.5 0.000215575
-1.14 -1.44 0.000320029
-1.14 -1.38 0.000468561
-1.14 -1.32 0.000676595
-1.14 -1.26 0.000963574
-1.14 -1.2 0.0013534
-1.14 -1.14 0.00187482
-1.14 -1.08 0.00256142
-1.14 -1.02 0.00345132
-1.14 -0.96 0.00458657
-1.14 -0.9 0.0060114
-1.14 -0.84 0.00777057
-1.14 -0.78 0.00990649
-1.14 -0.72 0.0124559
-1.14 -0.66 0.0154462
-1.14 -0.6 0.018891
-1.14 -0.54 0.0227865
-1.14 -0.48 0.0271074
-1.14 -0.42 0.0318044
-1.14 -0.36 0.0368025
-1.14 -0.3 0.0420011
-1.14 -0.24 0.0472746
-1.14 -0.18 0.0524788
-1.14 -0.12 0.0574559
-1.14 -0.06 0.0620401
-1.14 9.71445e-15 0.0660696
-1.14 0.06 0.0693931
-1.14 0.12 0.0718831
-1.14 0.18 0.0734388
-1.14 0.24 0.0739976
-1.14 0.3 0.0735374
-1.14 0.36 0.0720762
-1.14 0.42 0.0696734
-1.14 0.48 0.0664274
-1.14 0.54 0.0624636
-1.14 0.6 0.0579323
-1.14 0.66 0.0529933
-1.14 0.72 0.0478134
-1.14 0.78 0.0425507
-1.14 0.84 0.0373515
-1.14 0.9 0.0323426
-1.14 0.96 0.027627
-1.14 1.02 0.0232818
-1.14 1.08 0.019358
-1.14 1.14 0.0158827
-1.14 1.2 0.0128611
-1.14 1.26 0.0102807
-1.14 1.32 0.00811467
-1.14 1.38 0.00632672
-1.14 1.44 0.00487469
-1.14 1.5 0.00371375
-1.14 1.56 0.00279951
-1.14 1.62 0.00208975
-1.14 1.68 0.00154623
-1.14 1.74 0.00113515
-1.14 1.8 0.000827746
-1.14 1.86 0.000600146
-1.14 1.92 0.000433021
-1.14 1.98 0.000311117
-1.14 2.04 0.00022265
-1.14 2.1 0.000158694
-1.08 -1.92 1.08985e-05
-1.08 -1.86 1.7825e-05
-1.08 -1.8 2.8753e-05
-1.08 -1.74 4.57432e-05
-1.08 -1.68 7.17729e-05
-1.08 -1.62 0.000111065
-1.08 -1.56 0.000169507
-1.08 -1.5 0.000255143
-1.08 -1.44 0.000378766
-1.08 -1.38 0.000554562
-1.08 -1.32 0.000800782
-1.08 -1.26 0.00114043
-1.08 -1.2 0.0016018
-1.08 -1.14 0.00221894
-1.08 -1.08 0.00303154
-1.08 -1.02 0.00408483
-1.08 -0.96 0.00542842
-1.08 -0.9 0.0071148
-1.08 -0.84 0.00919682
-1.08 -0.78 0.0117248
-1.08 -0.72 0.0147422
-1.08 -0.66 0.0182812
-1.08 -0.6 0.0223584
-1.08 -0.54 0.0269686
-1.08 -0.48 0.0320828
-1.08 -0.42 0.0376416
-1.08 -0.36 0.0435578
-1.08 -0.3 0.0497104
-1.08 -0.24 0.0559523
-1.08 -0.18 0.0621121
-1.08 -0.12 0.0680024
-1.08 -0.06 0.0734286
-1.08 9.71445e-15 0.0781974
-1.08 0.06 0.0821321
-1.08 0.12 0.0850795
-1.08 0.18 0.0869226
-1.08 0.24 0.0875851
-1.08 0.3 0.0870412
-1.08 0.36 0.0853142
-1.08 0.42 0.0824733
-1.08 0.48 0.0786348
-1.08 0.54 0.0739476
-1.08 0.6 0.0685884
-1.08 0.66 0.0627481
-1.08 0.72 0.0566223
-1.08 0.78 0.0503999
-1.08 0.84 0.044253
-1.08 0.9 0.0383314
-1.08 0.96 0.0327567
-1.08 1.02 0.0276208
-1.08 1.08 0.0229831
-1.08 1.14 0.018876
-1.08 1.2 0.0153051
-1.08 1.26 0.0122551
-1.08 1.32 0.00969461
-1.08 1.38 0.0075802
-1.08 1.44 0.00586182
-1.08 1.5 0.00448646
-1.08 1.56 0.00340151
-1.08 1.62 0.00255715
-1.08 1.68 0.00190815
-1.08 1.74 0.00141481
-1.08 1.8 0.0010434
-1.08 1.86 0.00076595
-1.08 1.92 0.000559994
-1.08 1.98 0.000407802
-1.08 2.04 0.000295735
-1.08 2.1 0.000213443
-1.08 2.16 0.000153185
-1.02 -1.98 7.67125e-06
-1.02 -1.92 1.27216e-05
-1.02 -1.86 2.08068e-05
-1.02 -1.8 3.35629e-05
-1.02 -1.74 5.33951e-05
-1.02 -1.68 8.37784e-05
-1.02 -1.62 0.000129644
-1.02 -1.56 0.000197861
-1.02 -1.5 0.000297824
-1.02 -1.44 0.000442127
-1.02 -1.38 0.000647325
-1.02 -1.32 0.000934731
-1.02 -1.26 0.00133119
-1.02 -1.2 0.00186977
-1.02 -1.14 0.00259011
-1.02 -1.08 0.00353861
-1.02 -1.02 0.00476815
-1.02 -0.96 0.00633646
-1.02 -0.9 0.00830492
-1.02 -0.84 0.0107352
-1.02 -0.78 0.0136861
-1.02 -0.72 0.0172083
-1.02 -0.66 0.0213392
-1.02 -0.6 0.0260982
-1.02 -0.54 0.0314801
-1.02 -0.48 0.0374494
-1.02 -0.42 0.043939
-1.02 -0.36 0.0508437
-1.02 -0.3 0.058026
-1.02 -0.24 0.0653124
-1.02 -0.18 0.072503
-1.02 -0.12 0.0793788
-1.02 -0.06 0.0857129
-1.02 9.71445e-15 0.0912809
-1.02 0.06 0.0958746
-1.02 0.12 0.0993164
-1.02 0.18 0.10147
-1.02 0.24 0.102246
-1.02 0.3 0.101614
-1.02 0.36 0.0996016
-1.02 0.42 0.0962904
-1.02 0.48 0.0918147
-1.02 0.54 0.0863493
-1.02 0.6 0.0801006
-1.02 0.66 0.0732922
-1.02 0.72 0.0661507
-1.02 0.78 0.0588974
-1.02 0.84 0.0517335
-1.02 0.9 0.0448328
-1.02 0.96 0.0383371
-1.02 1.02 0.0323535
-1.02 1.08 0.0269507
-1.02 1.14 0.0221666
-1.02 1.2 0.0180071
-1.02 1.26 0.0144537
-1.02 1.32 0.0114697
-1.02 1.38 0.00900397
-1.02 1.44 0.00699785
-1.02 1.5 0.00538933
-1.02 1.56 0.00411705
-1.02 1.62 0.00312305
-1.02 1.68 0.00235486
-1.02 1.74 0.00176664
-1.02 1.8 0.00131958
-1.02 1.86 0.000981721
-1.02 1.92 0.000727461
-1.02 1.98 0.00053671
-1.02 2.04 0.000393979
-1.02 2.1 0.000287481
-1.02 2.16 0.000208301
-1.02 2.22 0.000149713
-0.96 -2.04 5.25219e-06
-0.96 -1.98 8.83141e-06
-0.96 -1.92 1.46456e-05
-0.96 -1.86 2.39535e-05
-0.96 -1.8 3.86387e-05
-0.96 -1.74 6.14696e-05
-0.96 -1.68 9.64487e-05
-0.96 -1.62 0.000149251
-0.96 -1.56 0.000227785
-0.96 -1.5 0.000342863
-0.96 -1.44 0.000508992
-0.96 -1.38 0.000745226
-0.96 -1.32 0.0010761
-0.96 -1.26 0.00153252
-0.96 -1.2 0.00215253
-0.96 -1.14 0.0029818
-0.96 -1.08 0.00407381
-0.96 -1.02 0.00548919
-0.96 -0.96 0.00729477
-0.96 -0.9 0.00956088
-0.96 -0.84 0.0123587
-0.96 -0.78 0.0157558
-0.96 -0.72 0.0198105
-0.96 -0.66 0.0245663
-0.96 -0.6 0.0300453
-0.96 -0.54 0.0362409
-0.96 -0.48 0.0431136
-0.96 -0.42 0.0505843
-0.96 -0.36 0.0585341
-0.96 -0.3 0.0668021
-0.96 -0.24 0.0751903
-0.96 -0.18 0.0834686
-0.96 -0.12 0.0913855
-0.96 -0.06 0.098679
-0.96 9.71445e-15 0.10509
-0.96 0.06 0.11038
-0.96 0.12 0.114345
-0.96 0.18 0.116826
-0.96 0.24 0.117723
-0.96 0.3 0.117002
-0.96 0.36 0.114692
-0.96 0.42 0.110887
-0.96 0.48 0.105743
-0.96 0.54 0.0994616
-0.96 0.6 0.0922814
-0.96 0.66 0.0844561
-0.96 0.72 0.0762514
-0.96 0.78 0.067918
-0.96 0.84 0.0596882
-0.96 0.9 0.0517631
-0.96 0.96 0.0443046
-0.96 1.02 0.037435
-0.96 1.08 0.0312337
-0.96 1.14 0.0257424
-0.96 1.2 0.0209675
-0.96 1.26 0.0168879
-0.96 1.32 0.0134594
-0.96 1.38 0.0106234
-0.96 1.44 0.00831193
-0.96 1.5 0.00645329
-0.96 1.56 0.00497704
-0.96 1.62 0.00381687
-0.96 1.68 0.00291321
-0.96 1.74 0.00221418
-0.96 1.8 0.00167624
-0.96 1.86 0.00126385
-0.96 1.92 0.000948553
-0.96 1.98 0.000708103
-0.96 2.04 0.000525255
-0.96 2.1 0.000386744
-0.96 2.16 0.000282359
-0.96 2.22 0.000204212
-0.9 -2.04 5.96344e-06
-0.9 -1.98 1.00273e-05
-0.9 -1.92 1.66286e-05
-0.9 -1.86 2.71967e-05
-0.9 -1.8 4.38707e-05
-0.9 -1.74 6.97934e-05
-0.9 -1.68 0.000109508
-0.9 -1.62 0.00016946
-0.9 -1.56 0.000258629
-0.9 -1.5 0.000389293
-0.9 -1.44 0.000577913
-0.9 -1.38 0.000846129
-0.9 -1.32 0.00122179
-0.9 -1.26 0.00174003
-0.9 -1.2 0.00244399
-0.9 -1.14 0.00338559
-0.9 -1.08 0.00462542
-0.9 -1.02 0.00623251
-0.9 -0.96 0.00828244
-0.9 -0.9 0.0108555
-0.9 -0.84 0.0140323
-0.9 -0.78 0.0178894
-0.9 -0.72 0.0224931
-0.9 -0.66 0.027893
-0.9 -0.6 0.0341133
-0.9 -0.54 0.0411482
-0.9 -0.48 0.0489521
-0.9 -0.42 0.0574346
-0.9 -0.36 0.0664606
-0.9 -0.3 0.0758492
-0.9 -0.24 0.085374
-0.9 -0.18 0.0947737
-0.9 -0.12 0.103764
-0.9 -0.06 0.112045
-0.9 9.71445e-15 0.119328
-0.9 0.06 0.125338
-0.9 0.12 0.129842
-0.9 0.18 0.132665
-0.9 0.24 0.133692
-0.9 0.3 0.13288
-0.9 0.36 0.130266
-0.9 0.42 0.125958
-0.9 0.48 0.120134
-0.9 0.54 0.11302
-0.9 0.6 0.104886
-0.9 0.66 0.096027
-0.9 0.72 0.0867359
-0.9 0.78 0.0773031
-0.9 0.84 0.0679897
-0.9 0.9 0.0590226
-0.9 0.96 0.0505864
-0.9 1.02 0.0428174
-0.9 1.08 0.0358055
-0.9 1.14 0.0295965
-0.9 1.2 0.0241973
-0.9 1.26 0.019581
-0.9 1.32 0.0156978
-0.9 1.38 0.0124795
-0.9 1.44 0.00984844
-0.9 1.5 0.00772343
-0.9 1.56 0.00602495
-0.9 1.62 0.00467869
-0.9 1.68 0.00361854
-0.9 1.74 0.00278758
-0.9 1.8 0.00213841
-0.9 1.86 0.00163248
-0.9 1.92 0.00123915
-0.9 1.98 0.000934282
-0.9 2.04 0.000698951
-0.9 2.1 0.000518295
-0.9 2.16 0.000380596
-0.9 2.22 0.000276536
-0.9 2.28 0.000198679
-0.84 -2.1 3.91688e-06
-0.84 -2.04 6.67782e-06
-0.84 -1.98 1.12285e-05
-0.84 -1.92 1.86206e-05
-0.84 -1.86 3.04552e-05
-0.84 -1.8 4.91262e-05
-0.84 -1.74 7.81549e-05
-0.84 -1.68 0.000122627
-0.84 -1.62 0.000189761
-0.84 -1.56 0.000289614
-0.84 -1.5 0.000435927
-0.84 -1.44 0.000647146
-0.84 -1.38 0.000947496
-0.84 -1.32 0.00136818
-0.84 -1.26 0.00194849
-0.84 -1.2 0.00273677
-0.84 -1.14 0.00379117
-0.84 -1.08 0.00517961
-0.84 -1.02 0.00697917
-0.84 -0.96 0.00927481
-0.84 -0.9 0.0121561
-0.84 -0.84 0.0157134
-0.84 -0.78 0.0200325
-0.84 -0.72 0.0251877
-0.84 -0.66 0.0312346
-0.84 -0.6 0.0382005
-0.84 -0.54 0.0460784
-0.84 -0.48 0.0548171
-0.84 -0.42 0.064316
-0.84 -0.36 0.0744246
-0.84 -0.3 0.0849379
-0.84 -0.24 0.095604
-0.84 -0.18 0.106132
-0.84 -0.12 0.116201
-0.84 -0.06 0.125478
-0.84 9.71445e-15 0.133635
-0.84 0.06 0.140371
-0.84 0.12 0.145423
-0.84 0.18 0.148592
-0.84 0.24 0.14975
-0.84 0.3 0.148855
-0.84 0.36 0.145944
-0.84 0.42 0.141143
-0.84 0.48 0.134644
-0.84 0.54 0.126708
-0.84 0.6 0.117634
-0.84 0.66 0.10775
-0.84 0.72 0.0973898
-0.84 0.78 0.0868729
-0.84 0.84 0.0764924
-0.84 0.9 0.0665025
-0.84 0.96 0.057107
-0.84 1.02 0.0484569
-0.84 1.08 0.0406519
-0.84 1.14 0.0337394
-0.84 1.2 0.0277253
-0.84 1.26 0.0225788
-0.84 1.32 0.0182407
-0.84 1.38 0.014634
-0.84 1.44 0.0116713
-0.84 1.5 0.00926209
-0.84 1.56 0.00731843
-0.84 1.62 0.00575974
-0.84 1.68 0.00451492
-0.84 1.74 0.00352354
-0.84 1.8 0.00273576
-0.84 1.86 0.00211126
-0.84 1.92 0.00161775
-0.84 1.98 0.00122951
-0.84 2.04 0.000925886
-0.84 2.1 0.00069025
-0.84 2.16 0.000509033
-0.84 2.22 0.000371104
-0.84 2.28 0.000267318
-0.84 2.34 0.000190183
-0.78 -2.1 4.32579e-06
-0.78 -2.04 7.37502e-06
-0.78 -1.98 1.24008e-05
-0.78 -1.92 2.0565e-05
-0.78 -1.86 3.36351e-05
-0.78 -1.8 5.42556e-05
-0.78 -1.74 8.63149e-05
-0.78 -1.68 0.000135431
-0.78 -1.62 0.000209574
-0.78 -1.56 0.000319848
-0.78 -1.5 0.00048144
-0.78 -1.44 0.000714713
-0.78 -1.38 0.00104643
-0.78 -1.32 0.00151104
-0.78 -1.26 0.00215192
-0.78 -1.2 0.00302255
-0.78 -1.14 0.00418697
-0.78 -1.08 0.00572036
-0.78 -1.02 0.00770786
-0.78 -0.96 0.0102432
-0.78 -0.9 0.0134252
-0.78 -0.84 0.0173538
-0.78 -0.78 0.022124
-0.78 -0.72 0.0278176
-0.78 -0.66 0.0344953
-0.78 -0.6 0.0421901
-0.78 -0.54 0.0508904
-0.78 -0.48 0.0605406
-0.78 -0.42 0.0710324
-0.78 -0.36 0.0821966
-0.78 -0.3 0.0938082
-0.78 -0.24 0.10559
-0.78 -0.18 0.11722
-0.78 -0.12 0.128342
-0.78 -0.06 0.138594
-0.78 9.71445e-15 0.147609
-0.78 0.06 0.155053
-0.78 0.12 0.160645
-0.78 0.18 0.164157
-0.78 0.24 0.165455
-0.78 0.3 0.164488
-0.78 0.36 0.161303
-0.78 0.42 0.156033
-0.78 0.48 0.148895
-0.78 0.54 0.140176
-0.78 0.6 0.130211
-0.78 0.66 0.119356
-0.78 0.72 0.107983
-0.78 0.78 0.0964416
-0.78 0.84 0.0850568
-0.78 0.9 0.0741053
-0.78 0.96 0.063809
-0.78 1.02 0.0543336
-0.78 1.08 0.0457836
-0.78 1.14 0.0382101
-0.78 1.2 0.0316136
-0.78 1.26 0.0259573
-0.78 1.32 0.0211735
-0.78 1.38 0.0171758
-0.78 1.44 0.0138673
-0.78 1.5 0.0111496
-0.78 1.56 0.00892928
-0.78 1.62 0.00712176
-0.78 1.68 0.00565384
-0.78 1.74 0.0044641
-0.78 1.8 0.00350202
-0.78 1.86 0.00272676
-0.78 1.92 0.00210503
-0.78 1.98 0.00160965
-0.78 2.04 0.00121814
-0.78 2.1 0.000911694
-0.78 2.16 0.000674411
-0.78 2.22 0.000492849
-0.78 2.28 0.00035567
-0.78 2.34 0.000253396
-0.72 -2.1 4.71179e-06
-0.72 -2.04 8.03316e-06
-0.72 -1.98 1.35074e-05
-0.72 -1.92 2.23999e-05
-0.72 -1.86 3.66362e-05
-0.72 -1.8 5.9097e-05
-0.72 -1.74 9.40168e-05
-0.72 -1.68 0.000147514
-0.72 -1.62 0.000228275
-0.72 -1.56 0.000348389
-0.72 -1.5 0.000524404
-0.72 -1.44 0.00077849
-0.72 -1.38 0.0011398
-0.72 -1.32 0.00164585
-0.72 -1.26 0.00234395
-0.72 -1.2 0.00329222
-0.72 -1.14 0.00456061
-0.72 -1.08 0.0062308
-0.72 -1.02 0.00839564
-0.72 -0.96 0.0111571
-0.72 -0.9 0.014623
-0.72 -0.84 0.0189025
-0.72 -0.78 0.0240982
-0.72 -0.72 0.0302996
-0.72 -0.66 0.0375736
-0.72 -0.6 0.0459547
-0.72 -0.54 0.0554322
-0.72 -0.48 0.0659444
-0.72 -0.42 0.0773732
-0.72 -0.36 0.0895345
-0.72 -0.3 0.102184
-0.72 -0.24 0.11502
-0.72 -0.18 0.12769
-0.72 -0.12 0.139811
-0.72 -0.06 0.150981
-0.72 9.71445e-15 0.160812
-0.72 0.06 0.168935
-0.72 0.12 0.17504
-0.72 0.18 0.178888
-0.72 0.24 0.180331
-0.72 0.3 0.179313
-0.72 0.36 0.175886
-0.72 0.42 0.170198
-0.72 0.48 0.162489
-0.72 0.54 0.153067
-0.72 0.6 0.142298
-0.72 0.66 0.130574
-0.72 0.72 0.118294
-0.72 0.78 0.10584
-0.72 0.84 0.0935629
-0.72 0.9 0.0817596
-0.72 0.96 0.0706697
-0.72 1.02 0.0604652
-0.72 1.08 0.0512559
-0.72 1.14 0.0430904
-0.72 1.2 0.0359645
-0.72 1.26 0.0298319
-0.72 1.32 0.0246158
-0.72 1.38 0.0202212
-0.72 1.44 0.0165442
-0.72 1.5 0.0134824
-0.72 1.56 0.0109404
-0.72 1.62 0.00883426
-0.72 1.68 0.00709225
-0.72 1.74 0.00565511
-0.72 1.8 0.00447366
-0.72 1.86 0.00350761
-0.72 1.92 0.00272322
-0.72 1.98 0.00209183
-0.72 2.04 0.00158876
-0.72 2.1 0.00119242
-0.72 2.16 0.000883985
-0.72 2.22 0.000647087
-0.72 2.28 0.000467582
-0.72 2.34 0.00033345
-0.72 2.4 0.000234656
-0.66 -2.1 5.06164e-06
-0.66 -2.04 8.62961e-06
-0.66 -1.98 1.45104e-05
-0.66 -1.92 2.40633e-05
-0.66 -1.86 3.93567e-05
-0.66 -1.8 6.34851e-05
-0.66 -1.74 0.000100998
-0.66 -1.68 0.000158468
-0.66 -1.62 0.000245225
-0.66 -1.56 0.000374257
-0.66 -1.5 0.000563341
-0.66 -1.44 0.000836295
-0.66 -1.38 0.00122444
-0.66 -1.32 0.00176807
-0.66 -1.26 0.00251799
-0.66 -1.2 0.00353671
-0.66 -1.14 0.00489926
-0.66 -1.08 0.0066934
-0.66 -1.02 0.00901907
-0.66 -0.96 0.0119856
-0.66 -0.9 0.0157089
-0.66 -0.84 0.0203059
-0.66 -0.78 0.0258877
-0.66 -0.72 0.0325498
-0.66 -0.66 0.0403652
-0.66 -0.6 0.0493683
-0.66 -0.54 0.0595498
-0.66 -0.48 0.0708431
-0.66 -0.42 0.0831214
-0.66 -0.36 0.0961873
-0.66 -0.3 0.10978
-0.66 -0.24 0.123573
-0.66 -0.18 0.13719
-0.66 -0.12 0.150217
-0.66 -0.06 0.162229
-0.66 9.71445e-15 0.172804
-0.66 0.06 0.181549
-0.66 0.12 0.188134
-0.66 0.18 0.192303
-0.66 0.24 0.193896
-0.66 0.3 0.192858
-0.66 0.36 0.189246
-0.66 0.42 0.18322
-0.66 0.48 0.175038
-0.66 0.54 0.165035
-0.66 0.6 0.153602
-0.66 0.66 0.14116
-0.66 0.72 0.128136
-0.66 0.78 0.114939
-0.66 0.84 0.10194
-0.66 0.9 0.0894507
-0.66 0.96 0.0777207
-0.66 1.02 0.0669288
-0.66 1.08 0.0571797
-0.66 1.14 0.0485183
-0.66 1.2 0.0409296
-0.66 1.26 0.0343581
-0.66 1.32 0.0287184
-0.66 1.38 0.02391
-0.66 1.44 0.0198265
-0.66 1.5 0.0163671
-0.66 1.56 0.0134412
-0.66 1.62 0.0109705
-0.66 1.68 0.00888946
-0.66 1.74 0.00714392
-0.66 1.8 0.00568816
-0.66 1.86 0.00448328
-0.66 1.92 0.00349526
-0.66 1.98 0.00269371
-0.66 2.04 0.00205114
-0.66 2.1 0.0015425
-0.66 2.16 0.00114526
-0.66 2.22 0.000839319
-0.66 2.28 0.000607028
-0.66 2.34 0.000433189
-0.66 2.4 0.000304999
-0.6 -2.1 5.36278e-06
-0.6 -2.04 9.14303e-06
-0.6 -1.98 1.53736e-05
-0.6 -1.92 2.54947e-05
-0.6 -1.86 4.16982e-05
-0.6 -1.8 6.72616e-05
-0.6 -1.74 0.000107007
-0.6 -1.68 0.000167895
-0.6 -1.62 0.000259813
-0.6 -1.56 0.000396522
-0.6 -1.5 0.000596855
-0.6 -1.44 0.000886044
-0.6 -1.38 0.00129727
-0.6 -1.32 0.00187326
-0.6 -1.26 0.00266779
-0.6 -1.2 0.00374711
-0.6 -1.14 0.00519068
-0.6 -1.08 0.00709166
-0.6 -1.02 0.00955564
-0.6 -0.96 0.0126987
-0.6 -0.9 0.0166435
-0.6 -0.84 0.0215141
-0.6 -0.78 0.0274276
-0.6 -0.72 0.0344861
-0.6 -0.66 0.0427674
-0.6 -0.6 0.0523066
-0.6 -0.54 0.0630942
-0.6 -0.48 0.0750609
-0.6 -0.42 0.0880721
-0.6 -0.36 0.101918
-0.6 -0.3 0.116322
-0.6 -0.24 0.130942
-0.6 -0.18 0.145378
-0.6 -0.12 0.159193
-0.6 -0.06 0.171937
-0.6 9.71445e-15 0.183162
-0.6 0.06 0.19246
-0.6 0.12 0.199479
-0.6 0.18 0.203948
-0.6 0.24 0.205705
-0.6 0.3 0.204691
-0.6 0.36 0.200969
-0.6 0.42 0.194716
-0.6 0.48 0.186201
-0.6 0.54 0.175785
-0.6 0.6 0.16388
-0.6 0.66 0.150931
-0.6 0.72 0.137389
-0.6 0.78 0.123679
-0.6 0.84 0.110188
-0.6 0.9 0.0972366
-0.6 0.96 0.0850738
-0.6 1.02 0.0738734
-0.6 1.08 0.0637341
-0.6 1.14 0.0546869
-0.6 1.2 0.0467055
-0.6 1.26 0.0397252
-0.6 1.32 0.0336549
-0.6 1.38 0.0283948
-0.6 1.44 0.0238442
-0.6 1.5 0.0199122
-0.6 1.56 0.0165203
-0.6 1.62 0.0136023
-0.6 1.68 0.0111032
-0.6 1.74 0.00897675
-0.6 1.8 0.00718211
-0.6 1.86 0.00568252
-0.6 1.92 0.00444355
-0.6 1.98 0.00343253
-0.6 2.04 0.00261843
-0.6 2.1 0.00197184
-0.6 2.16 0.00146558
-0.6 2.22 0.00107494
-0.6 2.28 0.000777912
-0.6 2.34 0.000555393
-0.6 2.4 0.000391178
-0.6 2.46 0.000271778
-0.54 -2.1 5.60374e-06
-0.54 -2.04 9.55379e-06
-0.54 -1.98 1.60643e-05
-0.54 -1.92 2.66401e-05
-0.54 -1.86 4.35715e-05
-0.54 -1.8 7.02837e-05
-0.54 -1.74 0.000111814
-0.54 -1.68 0.000175438
-0.54 -1.62 0.000271486
-0.54 -1.56 0.00041434
-0.54 -1.5 0.00062367
-0.54 -1.44 0.000925855
-0.54 -1.38 0.00135556
-0.54 -1.32 0.00195742
-0.54 -1.26 0.00278766
-0.54 -1.2 0.00391544
-0.54 -1.14 0.00542388
-0.54 -1.08 0.0074103
-0.54 -1.02 0.0099849
-0.54 -0.96 0.0132692
-0.54 -0.9 0.0173913
-0.54 -0.84 0.0224805
-0.54 -0.78 0.0286598
-0.54 -0.72 0.0360376
-0.54 -0.66 0.0446902
-0.54 -0.6 0.0546587
-0.54 -0.54 0.0659322
-0.54 -0.48 0.0784388
-0.54 -0.42 0.0920371
-0.54 -0.36 0.10651
-0.54 -0.3 0.121568
-0.54 -0.24 0.136852
-0.54 -0.18 0.15195
-0.54 -0.12 0.166406
-0.54 -0.06 0.179747
-0.54 9.71445e-15 0.191513
-0.54 0.06 0.201274
-0.54 0.12 0.208672
-0.54 0.18 0.213424
-0.54 0.24 0.215364
-0.54 0.3 0.214437
-0.54 0.36 0.21071
-0.54 0.42 0.204373
-0.54 0.48 0.195712
-0.54 0.54 0.185103
-0.54 0.6 0.172978
-0.54 0.66 0.159798
-0.54 0.72 0.146029
-0.54 0.78 0.132104
-0.54 0.84 0.118412
-0.54 0.9 0.105273
-0.54 0.96 0.0929249
-0.54 1.02 0.0815263
-0.54 1.08 0.0711597
-0.54 1.14 0.0618366
-0.54 1.2 0.0535197
-0.54 1.26 0.0461385
-0.54 1.32 0.0396035
-0.54 1.38 0.0338257
-0.54 1.44 0.0287211
-0.54 1.5 0.0242184
-0.54 1.56 0.0202592
-0.54 1.62 0.0167952
-0.54 1.68 0.013786
-0.54 1.74 0.0111954
-0.54 1.8 0.00898869
-0.54 1.86 0.00713145
-0.54 1.92 0.00558848
-0.54 1.98 0.00432401
-0.54 2.04 0.0033026
-0.54 2.1 0.00248945
-0.54 2.16 0.00185166
-0.54 2.22 0.00135886
-0.54 2.28 0.00098379
-0.54 2.34 0.000702607
-0.54 2.4 0.000494983
-0.54 2.46 0.000343961
-0.48 -2.04 9.84577e-06
-0.48 -1.98 1.65552e-05
-0.48 -1.92 2.74543e-05
-0.48 -1.86 4.49029e-05
-0.48 -1.8 7.24315e-05
-0.48 -1.74 0.000115231
-0.48 -1.68 0.000180801
-0.48 -1.62 0.000279783
-0.48 -1.56 0.000427006
-0.48 -1.5 0.000642731
-0.48 -1.44 0.000954149
-0.48 -1.38 0.00139699
-0.48 -1.32 0.00201724
-0.48 -1.26 0.00287285
-0.48 -1.2 0.00403507
-0.48 -1.14 0.0055897
-0.48 -1.08 0.00763679
-0.48 -1.02 0.0102901
-0.48 -0.96 0.0136747
-0.48 -0.9 0.0179229
-0.48 -0.84 0.0231678
-0.48 -0.78 0.0295359
-0.48 -0.72 0.0371403
-0.48 -0.66 0.0460583
-0.48 -0.6 0.0563323
-0.48 -0.54 0.0679521
-0.48 -0.48 0.0808446
-0.48 -0.42 0.0948618
-0.48 -0.36 0.109785
-0.48 -0.3 0.125313
-0.48 -0.24 0.141079
-0.48 -0.18 0.156657
-0.48 -0.12 0.171583
-0.48 -0.06 0.185371
-0.48 9.71445e-15 0.197549
-0.48 0.06 0.207683
-0.48 0.12 0.215399
-0.48 0.18 0.220421
-0.48 0.24 0.222576
-0.48 0.3 0.221818
-0.48 0.36 0.218223
-0.48 0.42 0.211988
-0.48 0.48 0.203415
-0.48 0.54 0.192892
-0.48 0.6 0.180858
-0.48 0.66 0.167789
-0.48 0.72 0.154149
-0.48 0.78 0.140369
-0.48 0.84 0.126824
-0.48 0.9 0.113814
-0.48 0.96 0.101556
-0.48 1.02 0.0901788
-0.48 1.08 0.0797384
-0.48 1.14 0.0702281
-0.48 1.2 0.0616024
-0.48 1.26 0.0537923
-0.48 1.32 0.0467248
-0.48 1.38 0.0403324
-0.48 1.44 0.0345611
-0.48 1.5 0.0293688
-0.48 1.56 0.024724
-0.48 1.62 0.0206023
-0.48 1.68 0.0169804
-0.48 1.74 0.0138339
-0.48 1.8 0.011135
-0.48 1.86 0.00885127
-0.48 1.92 0.00694657
-0.48 1.98 0.00538099
-0.48 2.04 0.00411344
-0.48 2.1 0.0031027
-0.48 2.16 0.00230895
-0.48 2.22 0.00169508
-0.48 2.28 0.00122755
-0.48 2.34 0.0008769
-0.48 2.4 0.000617867
-0.48 2.46 0.000429406
-0.42 -2.04 1.00073e-05
-0.42 -1.98 1.68268e-05
-0.42 -1.92 2.79045e-05
-0.42 -1.86 4.56393e-05
-0.42 -1.8 7.36196e-05
-0.42 -1.74 0.000117121
-0.42 -1.68 0.000183765
-0.42 -1.62 0.000284372
-0.42 -1.56 0.000434006
-0.42 -1.5 0.000653274
-0.42 -1.44 0.000969798
-0.42 -1.38 0.00141989
-0.42 -1.32 0.00205031
-0.42 -1.26 0.00291996
-0.42 -1.2 0.00410127
-0.42 -1.14 0.00568137
-0.42 -1.08 0.00776195
-0.42 -1.02 0.0104589
-0.42 -0.96 0.0138989
-0.42 -0.9 0.0182167
-0.42 -0.84 0.0235477
-0.42 -0.78 0.0300236
-0.42 -0.72 0.0377512
-0.42 -0.66 0.0468164
-0.42 -0.6 0.0572603
-0.42 -0.54 0.0690743
-0.42 -0.48 0.0821819
-0.42 -0.42 0.0964364
-0.42 -0.36 0.111612
-0.42 -0.3 0.12741
-0.42 -0.24 0.143456
-0.42 -0.18 0.15932
-0.42 -0.12 0.174532
-0.42 -0.06 0.188603
-0.42 9.71445e-15 0.201062
-0.42 0.06 0.211469
-0.42 0.12 0.219452
-0.42 0.18 0.224739
-0.42 0.24 0.227166
-0.42 0.3 0.226689
-0.42 0.36 0.223395
-0.42 0.42 0.217494
-0.42 0.48 0.209296
-0.42 0.54 0.199192
-0.42 0.6 0.187628
-0.42 0.66 0.175076
-0.42 0.72 0.16198
-0.42 0.78 0.148754
-0.42 0.84 0.13574
-0.42 0.9 0.123198
-0.42 0.96 0.111304
-0.42 1.02 0.100146
-0.42 1.08 0.0897529
-0.42 1.14 0.0801023
-0.42 1.2 0.0711498
-0.42 1.26 0.0628429
-0.42 1.32 0.0551396
-0.42 1.38 0.0480089
-0.42 1.44 0.0414368
-0.42 1.5 0.0354198
-0.42 1.56 0.0299598
-0.42 1.62 0.0250589
-0.42 1.68 0.0207142
-0.42 1.74 0.0169143
-0.42 1.8 0.0136383
-0.42 1.86 0.010856
-0.42 1.92 0.00852852
-0.42 1.98 0.0066117
-0.42 2.04 0.00505727
-0.42 2.1 0.00381631
-0.42 2.16 0.00284096
-0.42 2.22 0.00208618
-0.42 2.28 0.00151111
-0.42 2.34 0.00107961
-0.42 2.4 0.000760788
-0.42 2.46 0.000528774
-0.42 2.52 0.000362484
-0.36 -2.04 1.00315e-05
-0.36 -1.98 1.68676e-05
-0.36 -1.92 2.79722e-05
-0.36 -1.86 4.57503e-05
-0.36 -1.8 7.3798e-05
-0.36 -1.74 0.000117405
-0.36 -1.68 0.000184212
-0.36 -1.62 0.000285061
-0.36 -1.56 0.00043506
-0.36 -1.5 0.000654853
-0.36 -1.44 0.00097215
-0.36 -1.38 0.00142334
-0.36 -1.32 0.0020553
-0.36 -1.26 0.00292705
-0.36 -1.2 0.00411123
-0.36 -1.14 0.00569511
-0.36 -1.08 0.00778086
-0.36 -1.02 0.0104842
-0.36 -0.96 0.0139327
-0.36 -0.9 0.018261
-0.36 -0.84 0.0236048
-0.36 -0.78 0.0300977
-0.36 -0.72 0.0378453
-0.36 -0.66 0.0469342
-0.36 -0.6 0.0574068
-0.36 -0.54 0.0692525
-0.36 -0.48 0.0823987
-0.36 -0.42 0.0966971
-0.36 -0.36 0.111925
-0.36 -0.3 0.127782
-0.36 -0.24 0.143896
-0.36 -0.18 0.159843
-0.36 -0.12 0.175155
-0.36 -0.06 0.189348
-0.36 9.71445e-15 0.201952
-0.36 0.06 0.212539
-0.36 0.12 0.220751
-0.36 0.18 0.226318
-0.36 0.24 0.229089
-0.36 0.3 0.229039
-0.36 0.36 0.226261
-0.36 0.42 0.220974
-0.36 0.48 0.213491
-0.36 0.54 0.204206
-0.36 0.6 0.193551
-0.36 0.66 0.181968
-0.36 0.72 0.169881
-0.36 0.78 0.157645
-0.36 0.84 0.145549
-0.36 0.9 0.133796
-0.36 0.96 0.122502
-0.36 1.02 0.111716
-0.36 1.08 0.101436
-0.36 1.14 0.0916378
-0.36 1.2 0.0822923
-0.36 1.26 0.0733839
-0.36 1.32 0.0649115
-0.36 1.38 0.0568983
-0.36 1.44 0.0493779
-0.36 1.5 0.0423918
-0.36 1.56 0.0359806
-0.36 1.62 0.0301755
-0.36 1.68 0.0249957
-0.36 1.74 0.0204431
-0.36 1.8 0.016504
-0.36 1.86 0.0131493
-0.36 1.92 0.0103376
-0.36 1.98 0.00801837
-0.36 2.04 0.00613578
-0.36 2.1 0.00463164
-0.36 2.16 0.00344874
-0.36 2.22 0.00253296
-0.36 2.28 0.00183494
-0.36 2.34 0.00131111
-0.36 2.4 0.000923984
-0.36 2.46 0.000642247
-0.36 2.52 0.000440288
-0.3 -1.98 1.6676e-05
-0.3 -1.92 2.76548e-05
-0.3 -1.86 4.52309e-05
-0.3 -1.8 7.29602e-05
-0.3 -1.74 0.000116073
-0.3 -1.68 0.000182121
-0.3 -1.62 0.000281825
-0.3 -1.56 0.000430116
-0.3 -1.5 0.000647422
-0.3 -1.44 0.00096111
-0.3 -1.38 0.00140718
-0.3 -1.32 0.00203197
-0.3 -1.26 0.0028938
-0.3 -1.2 0.00406458
-0.3 -1.14 0.00563047
-0.3 -1.08 0.00769246
-0.3 -1.02 0.0103652
-0.3 -0.96 0.0137745
-0.3 -0.9 0.0180536
-0.3 -0.84 0.0233369
-0.3 -0.78 0.0297584
-0.3 -0.72 0.0374198
-0.3 -0.66 0.0464074
-0.3 -0.6 0.0567649
-0.3 -0.54 0.0684828
-0.3 -0.48 0.0814878
-0.3 -0.42 0.0956386
-0.3 -0.36 0.110714
-0.3 -0.3 0.126421
-0.3 -0.24 0.142399
-0.3 -0.18 0.158229
-0.3 -0.12 0.173454
-0.3 -0.06 0.18761
-0.3 9.71445e-15 0.200241
-0.3 0.06 0.210934
-0.3 0.12 0.21935
-0.3 0.18 0.22524
-0.3 0.24 0.228471
-0.3 0.3 0.229029
-0.3 0.36 0.227026
-0.3 0.42 0.222684
-0.3 0.48 0.216313
-0.3 0.54 0.208292
-0.3 0.6 0.199024
-0.3 0.66 0.188906
-0.3 0.72 0.178292
-0.3 0.78 0.167471
-0.3 0.84 0.15665
-0.3 0.9 0.145951
-0.3 0.96 0.135429
-0.3 1.02 0.125091
-0.3 1.08 0.114923
-0.3 1.14 0.104914
-0.3 1.2 0.0950702
-0.3 1.26 0.085423
-0.3 1.32 0.076035
-0.3 1.38 0.0669846
-0.3 1.44 0.0583645
-0.3 1.5 0.050265
-0.3 1.56 0.0427674
-0.3 1.62 0.0359354
-0.3 1.68 0.0298099
-0.3 1.74 0.0244076
-0.3 1.8 0.0197211
-0.3 1.86 0.0157227
-0.3 1.92 0.0123666
-0.3 1.98 0.00959587
-0.3 2.04 0.00734492
-0.3 2.1 0.00554551
-0.3 2.16 0.00412986
-0.3 2.22 0.00303357
-0.3 2.28 0.00219783
-0.3 2.34 0.0015705
-0.3 2.4 0.00110686
-0.3 2.46 0.000769378
-0.3 2.52 0.000527461
-0.24 -1.98 1.62601e-05
-0.24 -1.92 2.6965e-05
-0.24 -1.86 4.41022e-05
-0.24 -1.8 7.11406e-05
-0.24 -1.74 0.000113177
-0.24 -1.68 0.00017758
-0.24 -1.62 0.000274796
-0.24 -1.56 0.000419394
-0.24 -1.5 0.000631276
-0.24 -1.44 0.00093714
-0.24 -1.38 0.00137209
-0.24 -1.32 0.00198128
-0.24 -1.26 0.00282163
-0.24 -1.2 0.00396317
-0.24 -1.14 0.00549009
-0.24 -1.08 0.00750062
-0.24 -1.02 0.0101066
-0.24 -0.96 0.0134309
-0.24 -0.9 0.0176033
-0.24 -0.84 0.0227608
-0.24 -0.78 0.0290196
-0.24 -0.72 0.0364918
-0.24 -0.66 0.0452591
-0.24 -0.6 0.0553635
-0.24 -0.54 0.0667975
-0.24 -0.48 0.0794923
-0.24 -0.42 0.0933089
-0.24 -0.36 0.108039
-0.24 -0.3 0.123399
-0.24 -0.24 0.139042
-0.24 -0.18 0.154567
-0.24 -0.12 0.169542
-0.24 -0.06 0.183521
-0.24 9.71445e-15 0.196076
-0.24 0.06 0.206826
-0.24 0.12 0.215451
-0.24 0.18 0.22174
-0.24 0.24 0.225578
-0.24 0.3 0.226974
-0.24 0.36 0.226051
-0.24 0.42 0.22303
-0.24 0.48 0.218212
-0.24 0.54 0.211934
-0.24 0.6 0.204548
-0.24 0.66 0.196375
-0.24 0.72 0.187674
-0.24 0.78 0.178633
-0.24 0.84 0.169357
-0.24 0.9 0.159886
-0.24 0.96 0.150216
-0.24 1.02 0.140329
-0.24 1.08 0.130212
-0.24 1.14 0.119887
-0.24 1.2 0.109411
-0.24 1.26 0.0988792
-0.24 1.32 0.0884212
-0.24 1.38 0.0781833
-0.24 1.44 0.0683175
-0.24 1.5 0.0589677
-0.24 1.56 0.0502583
-0.24 1.62 0.0422856
-0.24 1.68 0.0351131
-0.24 1.74 0.0287717
-0.24 1.8 0.0232611
-0.24 1.86 0.0185528
-0.24 1.92 0.0145979
-0.24 1.98 0.0113299
-0.24 2.04 0.00867392
-0.24 2.1 0.00654992
-0.24 2.16 0.0048784
-0.24 2.22 0.0035837
-0.24 2.28 0.00259653
-0.24 2.34 0.00185549
-0.24 2.4 0.00130775
-0.24 2.46 0.000909052
-0.24 2.52 0.000623232
-0.24 2.58 0.000421404
-0.18 -1.98 1.56367e-05
-0.18 -1.92 2.59309e-05
-0.18 -1.86 4.24117e-05
-0.18 -1.8 6.84126e-05
-0.18 -1.74 0.000108838
-0.18 -1.68 0.00017077
-0.18 -1.62 0.000264259
-0.18 -1.56 0.000403313
-0.18 -1.5 0.000607068
-0.18 -1.44 0.000901208
-0.18 -1.38 0.00131947
-0.18 -1.32 0.00190532
-0.18 -1.26 0.00271345
-0.18 -1.2 0.00381121
-0.18 -1.14 0.00527953
-0.18 -1.08 0.00721307
-0.18 -1.02 0.00971914
-0.18 -0.96 0.012916
-0.18 -0.9 0.0169285
-0.18 -0.84 0.0218908
-0.18 -0.78 0.0279113
-0.18 -0.72 0.0351
-0.18 -0.66 0.0435361
-0.18 -0.6 0.0532611
-0.18 -0.54 0.0642681
-0.18 -0.48 0.0764951
-0.18 -0.42 0.0898105
-0.18 -0.36 0.104018
-0.18 -0.3 0.118851
-0.18 -0.24 0.133983
-0.18 -0.18 0.149042
-0.18 -0.12 0.163623
-0.18 -0.06 0.177314
-0.18 9.71445e-15 0.189724
-0.18 0.06 0.20051
-0.18 0.12 0.209395
-0.18 0.18 0.216196
-0.18 0.24 0.220832
-0.18 0.3 0.223337
-0.18 0.36 0.223839
-0.18 0.42 0.222552
-0.18 0.48 0.219738
-0.18 0.54 0.215683
-0.18 0.6 0.210644
-0.18 0.66 0.204835
-0.18 0.72 0.198398
-0.18 0.78 0.191395
-0.18 0.84 0.183825
-0.18 0.9 0.175652
-0.18 0.96 0.166829
-0.18 1.02 0.157324
-0.18 1.08 0.147153
-0.18 1.14 0.136381
-0.18 1.2 0.125129
-0.18 1.26 0.11357
-0.18 1.32 0.1019
-0.18 1.38 0.0903375
-0.18 1.44 0.0790982
-0.18 1.5 0.0683803
-0.18 1.56 0.0583506
-0.18 1.62 0.0491387
-0.18 1.68 0.0408323
-0.18 1.74 0.0334754
-0.18 1.8 0.0270747
-0.18 1.86 0.0216013
-0.18 1.92 0.0170002
-0.18 1.98 0.0131968
-0.18 2.04 0.0101045
-0.18 2.1 0.00763089
-0.18 2.16 0.00568393
-0.18 2.22 0.0041757
-0.18 2.28 0.00302557
-0.18 2.34 0.00216218
-0.18 2.4 0.00152392
-0.18 2.46 0.00105935
-0.18 2.52 0.000726274
-0.18 2.58 0.000491086
-0.12 -1.92 2.45941e-05
-0.12 -1.86 4.02247e-05
-0.12 -1.8 6.48855e-05
-0.12 -1.74 0.000103225
-0.12 -1.68 0.000161965
-0.12 -1.62 0.000250635
-0.12 -1.56 0.000382517
-0.12 -1.5 0.000575765
-0.12 -1.44 0.000854744
-0.12 -1.38 0.00125145
-0.12 -1.32 0.00180708
-0.12 -1.26 0.00257354
-0.12 -1.2 0.00361471
-0.12 -1.14 0.00500732
-0.12 -1.08 0.00684112
-0.12 -1.02 0.00921789
-0.12 -0.96 0.01225
-0.12 -0.9 0.0160555
-0.12 -0.84 0.0207656
-0.12 -0.78 0.0264785
-0.12 -0.72 0.0333007
-0.12 -0.66 0.0413085
-0.12 -0.6 0.0505429
-0.12 -0.54 0.0609999
-0.12 -0.48 0.0726217
-0.12 -0.42 0.0852898
-0.12 -0.36 0.0988232
-0.12 -0.3 0.112977
-0.12 -0.24 0.127455
-0.12 -0.18 0.141914
-0.12 -0.12 0.155992
-0.12 -0.06 0.16932
-0.12 9.71445e-15 0.181555
-0.12 0.06 0.192399
-0.12 0.12 0.201626
-0.12 0.18 0.209097
-0.12 0.24 0.214766
-0.12 0.3 0.218687
-0.12 0.36 0.220984
-0.12 0.42 0.221843
-0.12 0.48 0.22147
-0.12 0.54 0.220057
-0.12 0.6 0.217748
-0.12 0.66 0.214613
-0.12 0.72 0.210657
-0.12 0.78 0.205818
-0.12 0.84 0.199994
-0.12 0.9 0.193089
-0.12 0.96 0.185029
-0.12 1.02 0.175795
-0.12 1.08 0.16544
-0.12 1.14 0.154088
-0.12 1.2 0.14193
-0.12 1.26 0.129216
-0.12 1.32 0.116216
-0.12 1.38 0.103219
-0.12 1.44 0.0905059
-0.12 1.5 0.0783274
-0.12 1.56 0.0668938
-0.12 1.62 0.0563683
-0.12 1.68 0.0468622
-0.12 1.74 0.038433
-0.12 1.8 0.0310925
-0.12 1.86 0.0248122
-0.12 1.92 0.0195301
-0.12 1.98 0.0151626
-0.12 2.04 0.0116106
-0.12 2.1 0.00876888
-0.12 2.16 0.00653191
-0.12 2.22 0.00479886
-0.12 2.28 0.00347721
-0.12 2.34 0.00248498
-0.12 2.4 0.00175147
-0.12 2.46 0.00121754
-0.12 2.52 0.000834734
-0.12 2.58 0.000564429
-0.06 -1.92 2.30053e-05
-0.06 -1.86 3.76265e-05
-0.06 -1.8 6.06935e-05
-0.06 -1.74 9.65574e-05
-0.06 -1.68 0.000151502
-0.06 -1.62 0.000234442
-0.06 -1.56 0.000357805
-0.06 -1.5 0.000538568
-0.06 -1.44 0.000799522
-0.06 -1.38 0.0011706
-0.06 -1.32 0.00169035
-0.06 -1.26 0.00240728
-0.06 -1.2 0.00338121
-0.06 -1.14 0.00468382
-0.06 -1.08 0.0063992
-0.06 -1.02 0.0086225
-0.06 -0.96 0.0114587
-0.06 -0.9 0.0150184
-0.06 -0.84 0.0194294
-0.06 -0.78 0.0247765
-0.06 -0.72 0.0311641
-0.06 -0.66 0.0386638
-0.06 -0.6 0.0473167
-0.06 -0.54 0.0571208
-0.06 -0.48 0.0680273
-0.06 -0.42 0.0799311
-0.06 -0.36 0.0926706
-0.06 -0.3 0.106028
-0.06 -0.24 0.11974
-0.06 -0.18 0.133509
-0.06 -0.12 0.147014
-0.06 -0.06 0.159948
-0.06 9.71445e-15 0.172017
-0.06 0.06 0.182987
-0.06 0.12 0.192688
-0.06 0.18 0.201025
-0.06 0.24 0.207987
-0.06 0.3 0.21364
-0.06 0.36 0.218091
-0.06 0.42 0.221474
-0.06 0.48 0.223901
-0.06 0.54 0.225448
-0.06 0.6 0.226108
-0.06 0.66 0.225803
-0.06 0.72 0.224396
-0.06 0.78 0.221711
-0.06 0.84 0.217564
-0.06 0.9 0.211819
-0.06 0.96 0.204395
-0.06 1.02 0.1953
-0.06 1.08 0.184634
-0.06 1.14 0.172584
-0.06 1.2 0.159414
-0.06 1.26 0.145449
-0.06 1.32 0.131036
-0.06 1.38 0.116532
-0.06 1.44 0.10228
-0.06 1.5 0.0885829
-0.06 1.56 0.0756953
-0.06 1.62 0.0638125
-0.06 1.68 0.0530682
-0.06 1.74 0.0435335
-0.06 1.8 0.0352253
-0.06 1.86 0.0281142
-0.06 1.92 0.0221315
-0.06 1.98 0.0171837
-0.06 2.04 0.013159
-0.06 2.1 0.00993877
-0.06 2.16 0.00740361
-0.06 2.22 0.00543942
-0.06 2.28 0.00394143
-0.06 2.34 0.00281678
-0.06 2.4 0.00198536
-0.06 2.46 0.00138014
-0.06 2.52 0.000946217
-0.06 2.58 0.000639814
9.71445e-15 -1.86 3.4712e-05
9.71445e-15 -1.8 5.59924e-05
9.71445e-15 -1.74 8.90787e-05
9.71445e-15 -1.68 0.000139767
9.71445e-15 -1.62 0.000216283
9.71445e-15 -1.56 0.000330093
9.71445e-15 -1.5 0.000496858
9.71445e-15 -1.44 0.000737596
9.71445e-15 -1.38 0.00107992
9.71445e-15 -1.32 0.00155942
9.71445e-15 -1.26 0.00222083
9.71445e-15 -1.2 0.00311929
9.71445e-15 -1.14 0.00432106
9.71445e-15 -1.08 0.00590356
9.71445e-15 -1.02 0.00795467
9.71445e-15 -0.96 0.0105712
9.71445e-15 -0.9 0.0138679
9.71445e-15 -0.84 0.0179316
9.71445e-15 -0.78 0.0228694
9.71445e-15 -0.72 0.0287699
9.71445e-15 -0.66 0.0357015
9.71445e-15 -0.6 0.0437038
9.71445e-15 -0.54 0.0527796
9.71445e-15 -0.48 0.0628901
9.71445e-15 -0.42 0.0739441
9.71445e-15 -0.36 0.0858054
9.71445e-15 -0.3 0.0982873
9.71445e-15 -0.24 0.111166
9.71445e-15 -0.18 0.124192
9.71445e-15 -0.12 0.137105
9.71445e-15 -0.06 0.149653
9.71445e-15 9.71445e-15 0.161615
9.71445e-15 0.06 0.172822
9.71445e-15 0.12 0.183158
9.71445e-15 0.18 0.192582
9.71445e-15 0.24 0.201105
9.71445e-15 0.3 0.208787
9.71445e-15 0.36 0.215696
9.71445e-15 0.42 0.221883
9.71445e-15 0.48 0.227344
9.71445e-15 0.54 0.232007
9.71445e-15 0.6 0.235709
9.71445e-15 0.66 0.238227
9.71445e-15 0.72 0.239292
9.71445e-15 0.78 0.238638
9.71445e-15 0.84 0.236021
9.71445e-15 0.9 0.231282
9.71445e-15 0.96 0.22435
9.71445e-15 1.02 0.215265
9.71445e-15 1.08 0.204178
9.71445e-15 1.14 0.191342
9.71445e-15 1.2 0.177092
9.71445e-15 1.26 0.161825
9.71445e-15 1.32 0.14596
9.71445e-15 1.38 0.129919
9.71445e-15 1.44 0.114106
9.71445e-15 1.5 0.0988767
9.71445e-15 1.56 0.0845244
9.71445e-15 1.62 0.0712772
9.71445e-15 1.68 0.0592892
9.71445e-15 1.74 0.0486447
9.71445e-15 1.8 0.0393664
9.71445e-15 1.86 0.0314221
9.71445e-15 1.92 0.0247373
9.71445e-15 1.98 0.019208
9.71445e-15 2.04 0.0147098
9.71445e-15 2.1 0.0111104
9.71445e-15 2.16 0.00827661
9.71445e-15 2.22 0.0060809
9.71445e-15 2.28 0.0044063
9.71445e-15 2.34 0.00314905
9.71445e-15 2.4 0.00221955
9.71445e-15 2.46 0.00154296
9.71445e-15 2.52 0.00105785
9.71445e-15 2.58 0.000715302
0.06 -1.86 3.15829e-05
0.06 -1.8 5.09457e-05
0.06 -1.74 8.10496e-05
0.06 -1.68 0.000127169
0.06 -1.62 0.000196789
0.06 -1.56 0.000300339
0.06 -1.5 0.000452075
0.06 -1.44 0.000671112
0.06 -1.38 0.000982582
0.06 -1.32 0.00141884
0.06 -1.26 0.00202064
0.06 -1.2 0.00283813
0.06 -1.14 0.00393159
0.06 -1.08 0.00537141
0.06 -1.02 0.00723768
0.06 -0.96 0.00961822
0.06 -0.9 0.0126233
0.06 -0.84 0.0163246
0.06 -0.78 0.0208239
0.06 -0.72 0.0262028
0.06 -0.66 0.0325266
0.06 -0.6 0.039834
0.06 -0.54 0.0481339
0.06 -0.48 0.0573967
0.06 -0.42 0.0675512
0.06 -0.36 0.0784865
0.06 -0.3 0.0900541
0.06 -0.24 0.102075
0.06 -0.18 0.114354
0.06 -0.12 0.126695
0.06 -0.06 0.138915
0.06 9.71445e-15 0.150868
0.06 0.06 0.16245
0.06 0.12 0.173605
0.06 0.18 0.184333
0.06 0.24 0.194652
0.06 0.3 0.204594
0.06 0.36 0.214158
0.06 0.42 0.22329
0.06 0.48 0.231848
0.06 0.54 0.239605
0.06 0.6 0.246253
0.06 0.66 0.25144
0.06 0.72 0.254789
0.06 0.78 0.255965
0.06 0.84 0.254686
0.06 0.9 0.250781
0.06 0.96 0.2442
0.06 1.02 0.235016
0.06 1.08 0.223433
0.06 1.14 0.209763
0.06 1.2 0.194413
0.06 1.26 0.17784
0.06 1.32 0.160533
0.06 1.38 0.142981
0.06 1.44 0.125635
0.06 1.5 0.108905
0.06 1.56 0.0931224
0.06 1.62 0.0785434
0.06 1.68 0.0653429
0.06 1.74 0.0536174
0.06 1.8 0.0433951
0.06 1.86 0.0346398
0.06 1.92 0.0272719
0.06 1.98 0.0211767
0.06 2.04 0.0162181
0.06 2.1 0.0122499
0.06 2.16 0.00912558
0.06 2.22 0.0067047
0.06 2.28 0.00485841
0.06 2.34 0.00347214
0.06 2.4 0.00244731
0.06 2.46 0.00170128
0.06 2.52 0.0011664
0.06 2.58 0.000788704
0.06 2.64 0.000525974
0.12 -1.8 4.57167e-05
0.12 -1.74 7.27303e-05
0.12 -1.68 0.000114115
0.12 -1.62 0.000176591
0.12 -1.56 0.000269509
0.12 -1.5 0.000405672
0.12 -1.44 0.00060223
0.12 -1.38 0.000881732
0.12 -1.32 0.00127321
0.12 -1.26 0.00181325
0.12 -1.2 0.00254682
0.12 -1.14 0.00352803
0.12 -1.08 0.00482007
0.12 -1.02 0.00649477
0.12 -0.96 0.00863102
0.12 -0.9 0.0113347
0.12 -0.84 0.0146612
0.12 -0.78 0.0187071
0.12 -0.72 0.0235477
0.12 -0.66 0.0292444
0.12 -0.6 0.0358369
0.12 -0.54 0.0433398
0.12 -0.48 0.051735
0.12 -0.42 0.0609742
0.12 -0.36 0.0709746
0.12 -0.3 0.081628
0.12 -0.24 0.0928071
0.12 -0.18 0.104377
0.12 -0.12 0.116209
0.12 -0.06 0.128196
0.12 9.71445e-15 0.140266
0.12 0.06 0.152377
0.12 0.12 0.164528
0.12 0.18 0.176732
0.12 0.24 0.189007
0.12 0.3 0.201323
0.12 0.36 0.213593
0.12 0.42 0.225637
0.12 0.48 0.237176
0.12 0.54 0.247841
0.12 0.6 0.257201
0.12 0.66 0.26479
0.12 0.72 0.270163
0.12 0.78 0.272918
0.12 0.84 0.272771
0.12 0.9 0.269535
0.12 0.96 0.263182
0.12 1.02 0.253823
0.12 1.08 0.241707
0.12 1.14 0.227209
0.12 1.2 0.210784
0.12 1.26 0.192956
0.12 1.32 0.174273
0.12 1.38 0.155284
0.12 1.44 0.136492
0.12 1.5 0.118343
0.12 1.56 0.101211
0.12 1.62 0.0853767
0.12 1.68 0.0710347
0.12 1.74 0.058294
0.12 1.8 0.0471821
0.12 1.86 0.0376645
0.12 1.92 0.0296544
0.12 1.98 0.023027
0.12 2.04 0.0176355
0.12 2.1 0.0133208
0.12 2.16 0.00992339
0.12 2.22 0.007291
0.12 2.28 0.00528327
0.12 2.34 0.00377574
0.12 2.4 0.00266137
0.12 2.46 0.00185007
0.12 2.52 0.00126842
0.12 2.58 0.00085767
0.12 2.64 0.000571976
0.18 -1.8 4.04599e-05
0.18 -1.74 6.43678e-05
0.18 -1.68 0.000100995
0.18 -1.62 0.000156285
0.18 -1.56 0.000238524
0.18 -1.5 0.000359027
0.18 -1.44 0.000532984
0.18 -1.38 0.00078035
0.18 -1.32 0.00112682
0.18 -1.26 0.00160476
0.18 -1.2 0.00225398
0.18 -1.14 0.00312238
0.18 -1.08 0.00426588
0.18 -1.02 0.005748
0.18 -0.96 0.00763865
0.18 -0.9 0.0100409
0.18 -0.84 0.0129914
0.18 -0.78 0.0165831
0.18 -0.72 0.0208851
0.18 -0.66 0.0259556
0.18 -0.6 0.0318355
0.18 -0.54 0.0385457
0.18 -0.48 0.0460844
0.18 -0.42 0.0544232
0.18 -0.36 0.063515
0.18 -0.3 0.0732931
0.18 -0.24 0.0836842
0.18 -0.18 0.0946182
0.18 -0.12 0.106038
0.18 -0.06 0.117908
0.18 9.71445e-15 0.130224
0.18 0.06 0.143005
0.18 0.12 0.156278
0.18 0.18 0.170061
0.18 0.24 0.18433
0.18 0.3 0.198989
0.18 0.36 0.213844
0.18 0.42 0.228598
0.18 0.48 0.242848
0.18 0.54 0.256108
0.18 0.6 0.267842
0.18 0.66 0.277506
0.18 0.72 0.284594
0.18 0.78 0.288681
0.18 0.84 0.289449
0.18 0.9 0.286735
0.18 0.96 0.28052
0.18 1.02 0.270949
0.18 1.08 0.258313
0.18 1.14 0.243026
0.18 1.2 0.225605
0.18 1.26 0.206626
0.18 1.32 0.186694
0.18 1.38 0.166396
0.18 1.44 0.146291
0.18 1.5 0.126861
0.18 1.56 0.108509
0.18 1.62 0.0915423
0.18 1.68 0.076171
0.18 1.74 0.0625113
0.18 1.8 0.0505974
0.18 1.86 0.0403923
0.18 1.92 0.0318028
0.18 1.98 0.024696
0.18 2.04 0.0189137
0.18 2.1 0.0142863
0.18 2.16 0.0106428
0.18 2.22 0.00781958
0.18 2.28 0.00566627
0.18 2.34 0.00404959
0.18 2.4 0.00285432
0.18 2.46 0.00198423
0.18 2.52 0.00136041
0.18 2.58 0.00091988
0.18 2.64 0.000613458
0.24 -1.74 5.61841e-05
0.24 -1.68 8.81535e-05
0.24 -1.62 0.000136415
0.24 -1.56 0.000208194
0.24 -1.5 0.00031338
0.24 -1.44 0.000465219
0.24 -1.38 0.000681134
0.24 -1.32 0.000983558
0.24 -1.26 0.00140073
0.24 -1.2 0.00196742
0.24 -1.14 0.00272537
0.24 -1.08 0.00372348
0.24 -1.02 0.0050172
0.24 -0.96 0.00666746
0.24 -0.9 0.00877607
0.24 -0.84 0.01136
0.24 -0.78 0.014509
0.24 -0.72 0.018287
0.24 -0.66 0.0227492
0.24 -0.6 0.0279394
0.24 -0.54 0.0338863
0.24 -0.48 0.0406029
0.24 -0.42 0.0480876
0.24 -0.36 0.0563253
0.24 -0.3 0.0652966
0.24 -0.24 0.0749841
0.24 -0.18 0.0853814
0.24 -0.12 0.0964985
0.24 -0.06 0.10837
0.24 9.71445e-15 0.121048
0.24 0.06 0.134588
0.24 0.12 0.149032
0.24 0.18 0.164376
0.24 0.24 0.180546
0.24 0.3 0.197362
0.24 0.36 0.214536
0.24 0.42 0.231663
0.24 0.48 0.248239
0.24 0.54 0.263687
0.24 0.6 0.2774
0.24 0.66 0.288773
0.24 0.72 0.297264
0.24 0.78 0.302417
0.24 0.84 0.30392
0.24 0.9 0.301599
0.24 0.96 0.295461
0.24 1.02 0.285675
0.24 1.08 0.272564
0.24 1.14 0.256589
0.24 1.2 0.238305
0.24 1.26 0.218335
0.24 1.32 0.19732
0.24 1.38 0.175906
0.24 1.44 0.154674
0.24 1.5 0.134145
0.24 1.56 0.114749
0.24 1.62 0.0968126
0.24 1.68 0.080559
0.24 1.74 0.0661154
0.24 1.8 0.0535165
0.24 1.86 0.0427236
0.24 1.92 0.0336386
0.24 1.98 0.0261216
0.24 2.04 0.020006
0.24 2.1 0.0151115
0.24 2.16 0.0112576
0.24 2.22 0.00827134
0.24 2.28 0.00599371
0.24 2.34 0.00428349
0.24 2.4 0.00301925
0.24 2.46 0.00209887
0.24 2.52 0.00143899
0.24 2.58 0.000973023
0.24 2.64 0.000648904
0.3 -1.68 7.58886e-05
0.3 -1.62 0.000117434
0.3 -1.56 0.000179227
0.3 -1.5 0.000269775
0.3 -1.44 0.000400486
0.3 -1.38 0.00058636
0.3 -1.32 0.0008467
0.3 -1.26 0.00120582
0.3 -1.2 0.00169367
0.3 -1.14 0.00234618
0.3 -1.08 0.00320537
0.3 -1.02 0.00431909
0.3 -0.96 0.0057397
0.3 -0.9 0.00757003
0.3 -0.84 0.00980508
0.3 -0.78 0.0125337
0.3 -0.72 0.0158147
0.3 -0.66 0.0197019
0.3 -0.6 0.0242424
0.3 -0.54 0.0294738
0.3 -0.48 0.0354264
0.3 -0.42 0.0421233
0.3 -0.36 0.0495869
0.3 -0.3 0.0578433
0.3 -0.24 0.0669287
0.3 -0.18 0.0768966
0.3 -0.12 0.0878195
0.3 -0.06 0.0997866
0.3 9.71445e-15 0.112889
0.3 0.06 0.127204
0.3 0.12 0.142762
0.3 0.18 0.15953
0.3 0.24 0.177367
0.3 0.3 0.196025
0.3 0.36 0.215129
0.3 0.42 0.234196
0.3 0.48 0.252647
0.3 0.54 0.26984
0.3 0.6 0.285112
0.3 0.66 0.297828
0.3 0.72 0.307405
0.3 0.78 0.313391
0.3 0.84 0.315449
0.3 0.9 0.313427
0.3 0.96 0.307336
0.3 1.02 0.297368
0.3 1.08 0.283875
0.3 1.14 0.267344
0.3 1.2 0.248372
0.3 1.26 0.227608
0.3 1.32 0.205743
0.3 1.38 0.183435
0.3 1.44 0.161311
0.3 1.5 0.139913
0.3 1.56 0.11969
0.3 1.62 0.100986
0.3 1.68 0.084035
0.3 1.74 0.0689688
0.3 1.8 0.0558272
0.3 1.86 0.0445688
0.3 1.92 0.035092
0.3 1.98 0.0272508
0.3 2.04 0.0208707
0.3 2.1 0.0157647
0.3 2.16 0.0117442
0.3 2.22 0.00862882
0.3 2.28 0.00625278
0.3 2.34 0.00446874
0.3 2.4 0.00314979
0.3 2.46 0.00218961
0.3 2.52 0.00150122
0.3 2.58 0.00101511
0.3 2.64 0.000676964
0.36 -1.68 6.44311e-05
0.36 -1.62 9.97047e-05
0.36 -1.56 0.000152169
0.36 -1.5 0.000229046
0.36 -1.44 0.000340025
0.36 -1.38 0.000497837
0.36 -1.32 0.000718871
0.36 -1.26 0.00102378
0.36 -1.2 0.00143795
0.36 -1.14 0.00199196
0.36 -1.08 0.00272148
0.36 -1.02 0.003667
0.36 -0.96 0.00487317
0.36 -0.9 0.00644587
0.36 -0.84 0.00835678
0.36 -0.78 0.0106952
0.36 -0.72 0.0135163
0.36 -0.66 0.0168737
0.36 -0.6 0.0208175
0.36 -0.54 0.0253964
0.36 -0.48 0.0306581
0.36 -0.42 0.0366517
0.36 -0.36 0.0434351
0.36 -0.3 0.0510772
0.36 -0.24 0.0596644
0.36 -0.18 0.0693028
0.36 -0.12 0.0801143
0.36 -0.06 0.0922239
0.36 9.71445e-15 0.105746
0.36 0.06 0.120758
0.36 0.12 0.137272
0.36 0.18 0.155208
0.36 0.24 0.174378
0.36 0.3 0.19447
0.36 0.36 0.215053
0.36 0.42 0.23558
0.36 0.48 0.255423
0.36 0.54 0.273901
0.36 0.6 0.290315
0.36 0.66 0.304004
0.36 0.72 0.31438
0.36 0.78 0.320963
0.36 0.84 0.323432
0.36 0.9 0.321629
0.36 0.96 0.31558
0.36 1.02 0.305495
0.36 1.08 0.291743
0.36 1.14 0.274833
0.36 1.2 0.255382
0.36 1.26 0.234072
0.36 1.32 0.211609
0.36 1.38 0.188682
0.36 1.44 0.165937
0.36 1.5 0.143933
0.36 1.56 0.123133
0.36 1.62 0.103893
0.36 1.68 0.0864573
0.36 1.74 0.0709589
0.36 1.8 0.0574386
0.36 1.86 0.0458552
0.36 1.92 0.0361056
0.36 1.98 0.0280377
0.36 2.04 0.0214735
0.36 2.1 0.0162202
0.36 2.16 0.0120836
0.36 2.22 0.00887826
0.36 2.28 0.00643344
0.36 2.34 0.00459785
0.36 2.4 0.0032408
0.36 2.46 0.00225288
0.36 2.52 0.00154461
0.36 2.58 0.00104443
0.36 2.64 0.000696523
0.42 -1.62 8.34882e-05
0.42 -1.56 0.000127419
0.42 -1.5 0.000191791
0.42 -1.44 0.000284721
0.42 -1.38 0.000416868
0.42 -1.32 0.000601955
0.42 -1.26 0.000857263
0.42 -1.2 0.00120409
0.42 -1.14 0.00166797
0.42 -1.08 0.00227883
0.42 -1.02 0.00307058
0.42 -0.96 0.0040806
0.42 -0.9 0.0054204
0.42 -0.84 0.00703667
0.42 -0.78 0.00902147
0.42 -0.72 0.011427
0.42 -0.66 0.0143069
0.42 -0.6 0.017717
0.42 -0.54 0.0217158
0.42 -0.48 0.0263685
0.42 -0.42 0.0317506
0.42 -0.36 0.0379515
0.42 -0.3 0.0450789
0.42 -0.24 0.0532611
0.42 -0.18 0.0626437
0.42 -0.12 0.0733804
0.42 -0.06 0.0856193
0.42 9.71445e-15 0.0994779
0.42 0.06 0.115021
0.42 0.12 0.13224
0.42 0.18 0.151016
0.42 0.24 0.171118
0.42 0.3 0.192193
0.42 0.36 0.213769
0.42 0.42 0.235264
0.42 0.48 0.256019
0.42 0.54 0.27533
0.42 0.6 0.292484
0.42 0.66 0.306798
0.42 0.72 0.317691
0.42 0.78 0.32467
0.42 0.84 0.327418
0.42 0.9 0.325782
0.42 0.96 0.319797
0.42 1.02 0.309681
0.42 1.08 0.295816
0.42 1.14 0.278723
0.42 1.2 0.259033
0.42 1.26 0.237447
0.42 1.32 0.214675
0.42 1.38 0.191431
0.42 1.44 0.168362
0.42 1.5 0.14604
0.42 1.56 0.12494
0.42 1.62 0.10542
0.42 1.68 0.0877286
0.42 1.74 0.0720033
0.42 1.8 0.0582845
0.42 1.86 0.0465313
0.42 1.92 0.0366378
0.42 1.98 0.028451
0.42 2.04 0.0217902
0.42 2.1 0.0164594
0.42 2.16 0.0122619
0.42 2.22 0.00900926
0.42 2.28 0.00652841
0.42 2.34 0.00466569
0.42 2.4 0.00328861
0.42 2.46 0.00228614
0.42 2.52 0.0015674
0.42 2.58 0.00105984
0.42 2.64 0.000706803
0.48 -1.56 0.000105229
0.48 -1.5 0.000158391
0.48 -1.44 0.000235137
0.48 -1.38 0.000344266
0.48 -1.32 0.000497121
0.48 -1.26 0.000707973
0.48 -1.2 0.000994391
0.48 -1.14 0.00137749
0.48 -1.08 0.00188197
0.48 -1.02 0.00253583
0.48 -0.96 0.00336994
0.48 -0.9 0.00450407
0.48 -0.84 0.00585837
0.48 -0.78 0.00752949
0.48 -0.72 0.00956762
0.48 -0.66 0.0120277
0.48 -0.6 0.0149706
0.48 -0.54 0.0184659
0.48 -0.48 0.0225953
0.48 -0.42 0.0274565
0.48 -0.36 0.0331668
0.48 -0.3 0.0398642
0.48 -0.24 0.0477073
0.48 -0.18 0.0568675
0.48 -0.12 0.0675158
0.48 -0.06 0.0798054
0.48 9.71445e-15 0.0938496
0.48 0.06 0.109697
0.48 0.12 0.127314
0.48 0.18 0.146556
0.48 0.24 0.167164
0.48 0.3 0.188761
0.48 0.36 0.21085
0.48 0.42 0.232833
0.48 0.48 0.25404
0.48 0.54 0.273757
0.48 0.6 0.291269
0.48 0.66 0.30589
0.48 0.72 0.317039
0.48 0.78 0.32423
0.48 0.84 0.327146
0.48 0.9 0.325641
0.48 0.96 0.319758
0.48 1.02 0.309713
0.48 1.08 0.295898
0.48 1.14 0.278837
0.48 1.2 0.259164
0.48 1.26 0.237585
0.48 1.32 0.214812
0.48 1.38 0.191561
0.48 1.44 0.168481
0.48 1.5 0.146148
0.48 1.56 0.125034
0.48 1.62 0.105501
0.48 1.68 0.0877969
0.48 1.74 0.0720596
0.48 1.8 0.0583305
0.48 1.86 0.0465684
0.48 1.92 0.036667
0.48 1.98 0.0284739
0.48 2.04 0.0218077
0.48 2.1 0.0164726
0.48 2.16 0.0122717
0.48 2.22 0.00901652
0.48 2.28 0.00653369
0.48 2.34 0.00466945
0.48 2.4 0.00329127
0.48 2.46 0.00228799
0.48 2.52 0.00156866
0.48 2.58 0.0010607
0.48 2.64 0.000707374
0.54 -1.5 0.000129008
0.54 -1.44 0.000191518
0.54 -1.38 0.000280405
0.54 -1.32 0.0004049
0.54 -1.26 0.00057664
0.54 -1.2 0.000809924
0.54 -1.14 0.00112196
0.54 -1.08 0.00153285
0.54 -1.02 0.0020654
0.54 -0.96 0.00274478
0.54 -0.9 0.00370135
0.54 -0.84 0.00482744
0.54 -0.78 0.00622618
0.54 -0.72 0.00794656
0.54 -0.66 0.0100452
0.54 -0.6 0.0125883
0.54 -0.54 0.0156551
0.54 -0.48 0.0193417
0.54 -0.42 0.0237636
0.54 -0.36 0.0290591
0.54 -0.3 0.0353869
0.54 -0.24 0.0429232
0.54 -0.18 0.0518512
0.54 -0.12 0.0623469
0.54 -0.06 0.0745598
0.54 9.71445e-15 0.0885925
0.54 0.06 0.104479
0.54 0.12 0.122167
0.54 0.18 0.141496
0.54 0.24 0.162191
0.54 0.3 0.183866
0.54 0.36 0.206016
0.54 0.42 0.22804
0.54 0.48 0.24927
0.54 0.54 0.269
0.54 0.6 0.286518
0.54 0.66 0.30115
0.54 0.72 0.312322
0.54 0.78 0.319559
0.54 0.84 0.32255
0.54 0.9 0.321153
0.54 0.96 0.315415
0.54 1.02 0.305556
0.54 1.08 0.291961
0.54 1.14 0.275151
0.54 1.2 0.255755
0.54 1.26 0.234472
0.54 1.32 0.212006
0.54 1.38 0.189063
0.54 1.44 0.166288
0.54 1.5 0.144248
0.54 1.56 0.123411
0.54 1.62 0.104132
0.54 1.68 0.0866584
0.54 1.74 0.0711254
0.54 1.8 0.0575747
0.54 1.86 0.045965
0.54 1.92 0.036192
0.54 1.98 0.0281051
0.54 2.04 0.0215253
0.54 2.1 0.0162593
0.54 2.16 0.0121128
0.54 2.22 0.00889976
0.54 2.28 0.00644905
0.54 2.34 0.004609
0.54 2.4 0.00324865
0.54 2.46 0.00225837
0.54 2.52 0.00154835
0.54 2.58 0.00104697
0.54 2.64 0.000698217
0.6 -1.44 0.000153845
0.6 -1.38 0.000225248
0.6 -1.32 0.000325256
0.6 -1.26 0.000463211
0.6 -1.2 0.000650609
0.6 -1.14 0.000901273
0.6 -1.08 0.00123133
0.6 -1.02 0.00165915
0.6 -0.96 0.00220488
0.6 -0.9 0.00301162
0.6 -0.84 0.00394282
0.6 -0.78 0.00510974
0.6 -0.72 0.0065607
0.6 -0.66 0.00835398
0.6 -0.6 0.0105606
0.6 -0.54 0.0132676
0.6 -0.48 0.0165816
0.6 -0.42 0.0206304
0.6 -0.36 0.0255649
0.6 -0.3 0.0315544
0.6 -0.24 0.0387813
0.6 -0.18 0.0474306
0.6 -0.12 0.0576739
0.6 -0.06 0.0696525
0.6 9.71445e-15 0.0834577
0.6 0.06 0.0991122
0.6 0.12 0.116552
0.6 0.18 0.135608
0.6 0.24 0.156003
0.6 0.3 0.177346
0.6 0.36 0.199145
0.6 0.42 0.220806
0.6 0.48 0.241676
0.6 0.54 0.261061
0.6 0.6 0.278268
0.6 0.66 0.292647
0.6 0.72 0.303634
0.6 0.78 0.310771
0.6 0.84 0.313759
0.6 0.9 0.31246
0.6 0.96 0.306919
0.6 1.02 0.297357
0.6 1.08 0.284148
0.6 1.14 0.267804
0.6 1.2 0.248941
0.6 1.26 0.22823
0.6 1.32 0.206368
0.6 1.38 0.18404
0.6 1.44 0.161871
0.6 1.5 0.140418
0.6 1.56 0.120134
0.6 1.62 0.101369
0.6 1.68 0.0843592
0.6 1.74 0.0692387
0.6 1.8 0.0560478
0.6 1.86 0.0447456
0.6 1.92 0.0352322
0.6 1.98 0.0273597
0.6 2.04 0.0209546
0.6 2.1 0.0158283
0.6 2.16 0.0117917
0.6 2.22 0.00866374
0.6 2.28 0.00627803
0.6 2.34 0.00448678
0.6 2.4 0.00316251
0.6 2.46 0.00219848
0.6 2.52 0.0015073
0.6 2.58 0.00101921
0.6 2.64 0.000679706
0.66 -1.38 0.000178454
0.66 -1.32 0.000257685
0.66 -1.26 0.00036698
0.66 -1.2 0.000515454
0.66 -1.14 0.00071404
0.66 -1.08 0.000975521
0.66 -1.02 0.00131448
0.66 -0.96 0.00174683
0.66 -0.9 0.00242986
0.66 -0.84 0.00319779
0.66 -0.78 0.00417097
0.66 -0.72 0.00539732
0.66 -0.66 0.00693644
0.66 -0.6 0.00886269
0.66 -0.54 0.0112682
0.66 -0.48 0.0142653
0.66 -0.42 0.0179884
0.66 -0.36 0.0225916
0.66 -0.3 0.0282473
0.66 -0.24 0.0351351
0.66 -0.18 0.0434342
0.66 -0.12 0.0533081
0.66 -0.06 0.0648876
0.66 9.71445e-15 0.0782545
0.66 0.06 0.0934231
0.66 0.12 0.110321
0.66 0.18 0.128782
0.66 0.24 0.148533
0.66 0.3 0.16919
0.66 0.36 0.190275
0.66 0.42 0.211219
0.66 0.48 0.231388
0.66 0.54 0.250116
0.66 0.6 0.266737
0.66 0.66 0.280635
0.66 0.72 0.291254
0.66 0.78 0.298166
0.66 0.84 0.301085
0.66 0.9 0.299878
0.66 0.96 0.294589
0.66 1.02 0.28543
0.66 1.08 0.272765
0.66 1.14 0.257087
0.66 1.2 0.238987
0.66 1.26 0.219106
0.66 1.32 0.198125
0.66 1.38 0.17669
0.66 1.44 0.15541
0.66 1.5 0.134814
0.66 1.56 0.11534
0.66 1.62 0.0973239
0.66 1.68 0.080993
0.66 1.74 0.0664761
0.66 1.8 0.0538114
0.66 1.86 0.0429603
0.66 1.92 0.0338263
0.66 1.98 0.0262682
0.66 2.04 0.0201184
0.66 2.1 0.0151967
0.66 2.16 0.0113212
0.66 2.22 0.00831801
0.66 2.28 0.00602758
0.66 2.34 0.00430776
0.66 2.4 0.00303637
0.66 2.46 0.00211074
0.66 2.52 0.00144717
0.66 2.58 0.000978551
0.66 2.64 0.000652585
0.72 -1.32 0.000201348
0.72 -1.26 0.000286748
0.72 -1.2 0.000402759
0.72 -1.14 0.000557922
0.72 -1.08 0.000762247
0.72 -1.02 0.00102708
0.72 -0.96 0.00136492
0.72 -0.9 0.00194788
0.72 -0.84 0.00258127
0.72 -0.78 0.00339497
0.72 -0.72 0.0044363
0.72 -0.66 0.00576535
0.72 -0.6 0.00745779
0.72 -0.54 0.00960731
0.72 -0.48 0.0123276
0.72 -0.42 0.015753
0.72 -0.36 0.0200356
0.72 -0.3 0.025342
0.72 -0.24 0.0318452
0.72 -0.18 0.0397143
0.72 -0.12 0.0491019
0.72 -0.06 0.060129
0.72 9.71445e-15 0.072868
0.72 0.06 0.0873259
0.72 0.12 0.103433
0.72 0.18 0.121023
0.72 0.24 0.139836
0.72 0.3 0.159506
0.72 0.36 0.179574
0.72 0.42 0.199499
0.72 0.48 0.218683
0.72 0.54 0.236493
0.72 0.6 0.252303
0.72 0.66 0.265515
0.72 0.72 0.275618
0.72 0.78 0.282204
0.72 0.84 0.284994
0.72 0.9 0.283879
0.72 0.96 0.278892
0.72 1.02 0.270234
0.72 1.08 0.258255
0.72 1.14 0.243419
0.72 1.2 0.226281
0.72 1.26 0.207465
0.72 1.32 0.187598
0.72 1.38 0.167304
0.72 1.44 0.147155
0.72 1.5 0.127655
0.72 1.56 0.109216
0.72 1.62 0.0921559
0.72 1.68 0.0766924
0.72 1.74 0.0629466
0.72 1.8 0.0509533
0.72 1.86 0.0406796
0.72 1.92 0.0320303
0.72 1.98 0.0248735
0.72 2.04 0.0190502
0.72 2.1 0.0143896
0.72 2.16 0.01072
0.72 2.22 0.0078764
0.72 2.28 0.00570755
0.72 2.34 0.00407907
0.72 2.4 0.00287514
0.72 2.46 0.0019987
0.72 2.52 0.00137032
0.72 2.58 0.000926592
0.72 2.64 0.000617935
0.78 -1.26 0.000220974
0.78 -1.2 0.000310375
0.78 -1.14 0.000429954
0.78 -1.08 0.000587407
0.78 -1.02 0.000791497
0.78 -0.96 0.00105183
0.78 -0.9 0.00155517
0.78 -0.84 0.00207922
0.78 -0.78 0.00276293
0.78 -0.72 0.00365257
0.78 -0.66 0.00480734
0.78 -0.6 0.00630182
0.78 -0.54 0.00822823
0.78 -0.48 0.0106974
0.78 -0.42 0.0138384
0.78 -0.36 0.0177968
0.78 -0.3 0.0227298
0.78 -0.24 0.0287992
0.78 -0.18 0.0361626
0.78 -0.12 0.0449605
0.78 -0.06 0.0553031
0.78 9.71445e-15 0.0672553
0.78 0.06 0.0808222
0.78 0.12 0.095933
0.78 0.18 0.112434
0.78 0.24 0.130074
0.78 0.3 0.148513
0.78 0.36 0.16732
0.78 0.42 0.18599
0.78 0.48 0.203962
0.78 0.54 0.220644
0.78 0.6 0.235446
0.78 0.66 0.247822
0.78 0.72 0.257287
0.78 0.78 0.263463
0.78 0.84 0.266093
0.78 0.9 0.265064
0.78 0.96 0.260418
0.78 1.02 0.252344
0.78 1.08 0.241162
0.78 1.14 0.227309
0.78 1.2 0.211314
0.78 1.26 0.193742
0.78 1.32 0.175192
0.78 1.38 0.156242
0.78 1.44 0.137425
0.78 1.5 0.119213
0.78 1.56 0.101994
0.78 1.62 0.086063
0.78 1.68 0.0716217
0.78 1.74 0.0587843
0.78 1.8 0.0475856
0.78 1.86 0.0379899
0.78 1.92 0.0299128
0.78 1.98 0.023229
0.78 2.04 0.0177909
0.78 2.1 0.0134386
0.78 2.16 0.0100114
0.78 2.22 0.00735572
0.78 2.28 0.00533025
0.78 2.34 0.0038094
0.78 2.4 0.00268507
0.78 2.46 0.00186656
0.78 2.52 0.00127974
0.78 2.58 0.000865338
0.84 -1.2 0.000235895
0.84 -1.14 0.000326777
0.84 -1.08 0.000446454
0.84 -1.02 0.000601564
0.84 -0.96 0.000799437
0.84 -0.9 0.00123989
0.84 -0.84 0.00167567
0.84 -0.78 0.00225362
0.84 -0.72 0.0030181
0.84 -0.66 0.00402602
0.84 -0.6 0.0053488
0.84 -0.54 0.00707416
0.84 -0.48 0.00930686
0.84 -0.42 0.0121679
0.84 -0.36 0.0157927
0.84 -0.3 0.0203267
0.84 -0.24 0.0259189
0.84 -0.18 0.0327136
0.84 -0.12 0.0408394
0.84 -0.06 0.0503963
0.84 9.71445e-15 0.0614425
0.84 0.06 0.0739799
0.84 0.12 0.087943
0.84 0.18 0.103186
0.84 0.24 0.119479
0.84 0.3 0.136507
0.84 0.36 0.153871
0.84 0.42 0.171104
0.84 0.48 0.18769
0.84 0.54 0.203086
0.84 0.6 0.21675
0.84 0.66 0.22817
0.84 0.72 0.236908
0.84 0.78 0.242612
0.84 0.84 0.245042
0.84 0.9 0.244107
0.84 0.96 0.239837
0.84 1.02 0.232405
0.84 1.08 0.222113
0.84 1.14 0.209359
0.84 1.2 0.194624
0.84 1.26 0.178443
0.84 1.32 0.161359
0.84 1.38 0.143903
0.84 1.44 0.126574
0.84 1.5 0.109802
0.84 1.56 0.093942
0.84 1.62 0.079268
0.84 1.68 0.0659677
0.84 1.74 0.054144
0.84 1.8 0.0438282
0.84 1.86 0.034991
0.84 1.92 0.0275513
0.84 1.98 0.0213953
0.84 2.04 0.0163863
0.84 2.1 0.0123775
0.84 2.16 0.00922097
0.84 2.22 0.00677499
0.84 2.28 0.00490942
0.84 2.34 0.00350867
0.84 2.4 0.00247309
0.84 2.46 0.00171921
0.84 2.52 0.00117871
0.84 2.58 0.000797024
0.9 -1.08 0.000334653
0.9 -1.02 0.000450929
0.9 -0.96 0.000599249
0.9 -0.9 0.000989695
0.9 -0.84 0.00135425
0.9 -0.78 0.00184552
0.9 -0.72 0.00250512
0.9 -0.66 0.00338626
0.9 -0.6 0.00455561
0.9 -0.54 0.00609445
0.9 -0.48 0.00809911
0.9 -0.42 0.010681
0.9 -0.36 0.0139633
0.9 -0.3 0.0180784
0.9 -0.24 0.0231618
0.9 -0.18 0.0293439
0.9 -0.12 0.0367406
0.9 -0.06 0.045442
0.9 9.71445e-15 0.0555001
0.9 0.06 0.0669155
0.9 0.12 0.079628
0.9 0.18 0.0935025
0.9 0.24 0.108333
0.9 0.3 0.123827
0.9 0.36 0.139627
0.9 0.42 0.155307
0.9 0.48 0.170395
0.9 0.54 0.184398
0.9 0.6 0.196826
0.9 0.66 0.207215
0.9 0.72 0.215165
0.9 0.78 0.220351
0.9 0.84 0.222573
0.9 0.9 0.221728
0.9 0.96 0.217852
0.9 1.02 0.211105
0.9 1.08 0.201755
0.9 1.14 0.190174
0.9 1.2 0.176793
0.9 1.26 0.162094
0.9 1.32 0.146575
0.9 1.38 0.130721
0.9 1.44 0.114979
0.9 1.5 0.0997426
0.9 1.56 0.0853357
0.9 1.62 0.0720064
0.9 1.68 0.0599238
0.9 1.74 0.049184
0.9 1.8 0.0398136
0.9 1.86 0.0317854
0.9 1.92 0.0250274
0.9 1.98 0.0194351
0.9 2.04 0.0148852
0.9 2.1 0.0112437
0.9 2.16 0.00837627
0.9 2.22 0.0061544
0.9 2.28 0.00445971
0.9 2.34 0.00318721
0.9 2.4 0.00224655
0.9 2.46 0.00156171
0.9 2.52 0.00107073
0.9 2.58 0.000724009
0.96 -1.02 0.000333362
0.96 -0.96 0.000443009
0.96 -0.9 0.000792597
0.96 -0.84 0.00109913
0.96 -0.78 0.00151815
0.96 -0.72 0.00208779
0.96 -0.66 0.00285672
0.96 -0.6 0.00388556
0.96 -0.54 0.00524809
0.96 -0.48 0.0070313
0.96 -0.42 0.00933523
0.96 -0.36 0.0122708
0.96 -0.3 0.0159568
0.96 -0.24 0.0205141
0.96 -0.18 0.0260596
0.96 -0.12 0.0326965
0.96 -0.06 0.0405048
0.96 9.71445e-15 0.0495309
0.96 0.06 0.0597745
0.96 0.12 0.0711803
0.96 0.18 0.0836296
0.96 0.24 0.0969327
0.96 0.3 0.110832
0.96 0.36 0.125003
0.96 0.42 0.139064
0.96 0.48 0.152596
0.96 0.54 0.165153
0.96 0.6 0.176296
0.96 0.66 0.185612
0.96 0.72 0.19274
0.96 0.78 0.197396
0.96 0.84 0.19939
0.96 0.9 0.198635
0.96 0.96 0.195167
0.96 1.02 0.189126
0.96 1.08 0.180751
0.96 1.14 0.170374
0.96 1.2 0.158388
0.96 1.26 0.14522
0.96 1.32 0.131316
0.96 1.38 0.117114
0.96 1.44 0.10301
0.96 1.5 0.0893593
0.96 1.56 0.0764529
0.96 1.62 0.0645113
0.96 1.68 0.0536864
0.96 1.74 0.0440639
0.96 1.8 0.0356693
0.96 1.86 0.0284768
0.96 1.92 0.0224221
0.96 1.98 0.0174122
0.96 2.04 0.0133359
0.96 2.1 0.0100734
0.96 2.16 0.00750441
0.96 2.22 0.00551375
0.96 2.28 0.0039955
0.96 2.34 0.00285547
0.96 2.4 0.0020127
0.96 2.46 0.00139915
0.96 2.52 0.000959273
0.96 2.58 0.000648648
1.02 -0.9 0.000637559
1.02 -0.84 0.000896027
1.02 -0.78 0.00125352
1.02 -0.72 0.00174428
1.02 -0.66 0.00241183
1.02 -0.6 0.00331026
1.02 -0.54 0.00450516
1.02 -0.48 0.00607382
1.02 -0.42 0.00810475
1.02 -0.36 0.0106963
1.02 -0.3 0.0139531
1.02 -0.24 0.0179824
1.02 -0.18 0.0228867
1.02 -0.12 0.0287573
1.02 -0.06 0.0356647
1.02 9.71445e-15 0.043649
1.02 0.06 0.0527105
1.02 0.12 0.0627985
1.02 0.18 0.0738098
1.02 0.24 0.0855743
1.02 0.3 0.097866
1.02 0.36 0.110396
1.02 0.42 0.12283
1.02 0.48 0.134794
1.02 0.54 0.145897
1.02 0.6 0.155749
1.02 0.66 0.163987
1.02 0.72 0.170288
1.02 0.78 0.174406
1.02 0.84 0.17617
1.02 0.9 0.175506
1.02 0.96 0.172444
1.02 1.02 0.167107
1.02 1.08 0.159709
1.02 1.14 0.15054
1.02 1.2 0.139949
1.02 1.26 0.128314
1.02 1.32 0.11603
1.02 1.38 0.10348
1.02 1.44 0.091018
1.02 1.5 0.0789573
1.02 1.56 0.0675532
1.02 1.62 0.0570018
1.02 1.68 0.0474371
1.02 1.74 0.0389344
1.02 1.8 0.0315171
1.02 1.86 0.0251619
1.02 1.92 0.019812
1.02 1.98 0.0153853
1.02 2.04 0.0117835
1.02 2.1 0.00890075
1.02 2.16 0.00663084
1.02 2.22 0.00487189
1.02 2.28 0.00353039
1.02 2.34 0.00252309
1.02 2.4 0.00177839
1.02 2.46 0.00123628
1.02 2.52 0.000847604
1.02 2.58 0.000573143
1.08 -0.84 0.000732901
1.08 -0.78 0.00103699
1.08 -0.72 0.00145742
1.08 -0.66 0.00203243
1.08 -0.6 0.00280939
1.08 -0.54 0.00384572
1.08 -0.48 0.00520893
1.08 -0.42 0.00697629
1.08 -0.36 0.00923352
1.08 -0.3 0.0120719
1.08 -0.24 0.0155848
1.08 -0.18 0.0198614
1.08 -0.12 0.0249812
1.08 -0.06 0.0310053
1.08 9.71445e-15 0.0379689
1.08 0.06 0.0458714
1.08 0.12 0.0546688
1.08 0.18 0.0642709
1.08 0.24 0.0745294
1.08 0.3 0.0852471
1.08 0.36 0.0961723
1.08 0.42 0.107013
1.08 0.48 0.117443
1.08 0.54 0.127123
1.08 0.6 0.135712
1.08 0.66 0.142894
1.08 0.72 0.148387
1.08 0.78 0.151979
1.08 0.84 0.153517
1.08 0.9 0.15294
1.08 0.96 0.150273
1.08 1.02 0.145623
1.08 1.08 0.139176
1.08 1.14 0.131187
1.08 1.2 0.121957
1.08 1.26 0.111818
1.08 1.32 0.101114
1.08 1.38 0.0901773
1.08 1.44 0.0793172
1.08 1.5 0.0688071
1.08 1.56 0.0588691
1.08 1.62 0.049674
1.08 1.68 0.0413388
1.08 1.74 0.0339293
1.08 1.8 0.0274655
1.08 1.86 0.0219273
1.08 1.92 0.0172651
1.08 1.98 0.0134075
1.08 2.04 0.0102687
1.08 2.1 0.00775653
1.08 2.16 0.00577842
1.08 2.22 0.00424559
1.08 2.28 0.00307655
1.08 2.34 0.00219874
1.08 2.4 0.00154978
1.08 2.46 0.00107735
1.08 2.52 0.000738641
1.14 -0.84 0.000531399
1.14 -0.78 0.000780016
1.14 -0.72 0.0012146
1.14 -0.66 0.00170502
1.14 -0.6 0.00236949
1.14 -0.54 0.00325746
1.14 -0.48 0.00442701
1.14 -0.42 0.00594469
1.14 -0.36 0.00788419
1.14 -0.3 0.0103239
1.14 -0.24 0.0133441
1.14 -0.18 0.0170214
1.14 -0.12 0.021424
1.14 -0.06 0.0266043
1.14 9.71445e-15 0.0325927
1.14 0.06 0.039388
1.14 0.12 0.0469532
1.14 0.18 0.0552092
1.14 0.24 0.06403
1.14 0.3 0.073245
1.14 0.36 0.0826384
1.14 0.42 0.0919583
1.14 0.48 0.100926
1.14 0.54 0.109247
1.14 0.6 0.116632
1.14 0.66 0.122806
1.14 0.72 0.12753
1.14 0.78 0.130616
1.14 0.84 0.13194
1.14 0.9 0.131445
1.14 0.96 0.129153
1.14 1.02 0.125156
1.14 1.08 0.119616
1.14 1.14 0.11275
1.14 1.2 0.104818
1.14 1.26 0.0961045
1.14 1.32 0.0869036
1.14 1.38 0.0775045
1.14 1.44 0.0681708
1.14 1.5 0.0591374
1.14 1.56 0.0505961
1.14 1.62 0.0426932
1.14 1.68 0.0355293
1.14 1.74 0.0291612
1.14 1.8 0.0236057
1.14 1.86 0.0188459
1.14 1.92 0.0148388
1.14 1.98 0.0115233
1.14 2.04 0.00882559
1.14 2.1 0.00666649
1.14 2.16 0.00496636
1.14 2.22 0.00364898
1.14 2.28 0.0026442
1.14 2.34 0.00188974
1.14 2.4 0.00133199
1.14 2.46 0.000925954
1.14 2.52 0.000634839
1.2 -0.84 0.000450439
1.2 -0.78 0.000661181
1.2 -0.72 0.000957174
1.2 -0.66 0.00136663
1.2 -0.6 0.00198208
1.2 -0.54 0.00273326
1.2 -0.48 0.0037235
1.2 -0.42 0.0050093
1.2 -0.36 0.00665306
1.2 -0.3 0.00872127
1.2 -0.24 0.0112818
1.2 -0.18 0.0143999
1.2 -0.12 0.0181332
1.2 -0.06 0.0225262
1.2 9.71445e-15 0.027604
1.2 0.06 0.0333657
1.2 0.12 0.0397812
1.2 0.18 0.0467812
1.2 0.24 0.0542605
1.2 0.3 0.0620733
1.2 0.36 0.0700379
1.2 0.42 0.0779398
1.2 0.48 0.0855425
1.2 0.54 0.0925976
1.2 0.6 0.098859
1.2 0.66 0.104092
1.2 0.72 0.108099
1.2 0.78 0.110715
1.2 0.84 0.111837
1.2 0.9 0.111418
1.2 0.96 0.109475
1.2 1.02 0.106088
1.2 1.08 0.101392
1.2 1.14 0.0955728
1.2 1.2 0.088849
1.2 1.26 0.0814636
1.2 1.32 0.0736637
1.2 1.38 0.0656966
1.2 1.44 0.0577854
1.2 1.5 0.0501278
1.2 1.56 0.0428878
1.2 1.62 0.0361888
1.2 1.68 0.0301165
1.2 1.74 0.0247188
1.2 1.8 0.0200094
1.2 1.86 0.0159748
1.2 1.92 0.0125783
1.2 1.98 0.00976772
1.2 2.04 0.007481
1.2 2.1 0.00565086
1.2 2.16 0.00420978
1.2 2.22 0.00309309
1.2 2.28 0.00224137
1.2 2.34 0.00160184
1.2 2.4 0.00112907
1.2 2.46 0.000784893
1.2 2.52 0.000538127
1.26 -0.84 0.000376571
1.26 -0.78 0.00055275
1.26 -0.72 0.000800204
1.26 -0.66 0.00114251
1.26 -0.6 0.00160883
1.26 -0.54 0.00223431
1.26 -0.48 0.00306036
1.26 -0.42 0.00417074
1.26 -0.36 0.00554479
1.26 -0.3 0.00727404
1.26 -0.24 0.00941502
1.26 -0.18 0.0120223
1.26 -0.12 0.0151441
1.26 -0.06 0.0188175
1.26 9.71445e-15 0.0230634
1.26 0.06 0.027882
1.26 0.12 0.0332462
1.26 0.18 0.0390995
1.26 0.24 0.0453536
1.26 0.3 0.0518858
1.26 0.36 0.0585449
1.26 0.42 0.065152
1.26 0.48 0.0715093
1.26 0.54 0.0774088
1.26 0.6 0.0826428
1.26 0.66 0.0870197
1.26 0.72 0.0903689
1.26 0.78 0.0925571
1.26 0.84 0.0934959
1.26 0.9 0.0931458
1.26 0.96 0.0915215
1.26 1.02 0.0886898
1.26 1.08 0.0847646
1.26 1.14 0.0798993
1.26 1.2 0.0742781
1.26 1.26 0.068103
1.26 1.32 0.0615838
1.26 1.38 0.0549223
1.26 1.44 0.0483085
1.26 1.5 0.041907
1.26 1.56 0.0358541
1.26 1.62 0.030254
1.26 1.68 0.0251777
1.26 1.74 0.020665
1.26 1.8 0.0167281
1.26 1.86 0.0133548
1.26 1.92 0.0105155
1.26 1.98 0.00816594
1.26 2.04 0.00625416
1.26 2.1 0.00472416
1.26 2.16 0.0035194
1.26 2.22 0.00258583
1.26 2.28 0.00187377
1.26 2.34 0.00133915
1.26 2.4 0.000943905
1.26 2.46 0.000656168
1.32 -0.78 0.00045575
1.32 -0.72 0.000659774
1.32 -0.66 0.000942004
1.32 -0.6 0.00132648
1.32 -0.54 0.00184223
1.32 -0.48 0.00252331
1.32 -0.42 0.00340868
1.32 -0.36 0.00454141
1.32 -0.3 0.00596735
1.32 -0.24 0.00773337
1.32 -0.18 0.00990352
1.32 -0.12 0.0124779
1.32 -0.06 0.0155072
1.32 9.71445e-15 0.0190089
1.32 0.06 0.0229823
1.32 0.12 0.0274056
1.32 0.18 0.0322326
1.32 0.24 0.0373897
1.32 0.3 0.042777
1.32 0.36 0.0482681
1.32 0.42 0.053716
1.32 0.48 0.0589579
1.32 0.54 0.0638221
1.32 0.6 0.0681389
1.32 0.66 0.0717478
1.32 0.72 0.0745088
1.32 0.78 0.0763136
1.32 0.84 0.0770875
1.32 0.9 0.0767995
1.32 0.96 0.0754607
1.32 1.02 0.0731254
1.32 1.08 0.0698887
1.32 1.14 0.0658778
1.32 1.2 0.0612429
1.32 1.26 0.056152
1.32 1.32 0.0507763
1.32 1.38 0.0452844
1.32 1.44 0.0398311
1.32 1.5 0.0345532
1.32 1.56 0.0295626
1.32 1.62 0.024945
1.32 1.68 0.0207592
1.32 1.74 0.0170386
1.32 1.8 0.0137924
1.32 1.86 0.0110114
1.32 1.92 0.00867006
1.32 1.98 0.00673289
1.32 2.04 0.00515665
1.32 2.1 0.00389511
1.32 2.16 0.00290175
1.32 2.22 0.00213204
1.32 2.28 0.00154497
1.32 2.34 0.00110414
1.32 2.4 0.000778263
1.32 2.46 0.000541021
1.38 -0.78 0.000370607
1.38 -0.72 0.000536519
1.38 -0.66 0.000766029
1.38 -0.6 0.00107868
1.38 -0.54 0.00149805
1.38 -0.48 0.0020519
1.38 -0.42 0.00277186
1.38 -0.36 0.00369298
1.38 -0.3 0.00485259
1.38 -0.24 0.00628858
1.38 -0.18 0.00803758
1.38 -0.12 0.0101318
1.38 -0.06 0.0125961
1.38 9.71445e-15 0.0154444
1.38 0.06 0.0186768
1.38 0.12 0.0222824
1.38 0.18 0.0262079
1.38 0.24 0.030402
1.38 0.3 0.0347825
1.38 0.36 0.0392483
1.38 0.42 0.0436789
1.38 0.48 0.0479421
1.38 0.54 0.0518981
1.38 0.6 0.0554081
1.38 0.66 0.0583413
1.38 0.72 0.0605877
1.38 0.78 0.0620552
1.38 0.84 0.0626854
1.38 0.9 0.0624509
1.38 0.96 0.061362
1.38 1.02 0.0594636
1.38 1.08 0.056832
1.38 1.14 0.0535701
1.38 1.2 0.0498017
1.38 1.26 0.0456616
1.38 1.32 0.0412904
1.38 1.38 0.0368242
1.38 1.44 0.0323897
1.38 1.5 0.0280976
1.38 1.56 0.0240393
1.38 1.62 0.0202845
1.38 1.68 0.016881
1.38 1.74 0.0138554
1.38 1.8 0.0112158
1.38 1.86 0.00895407
1.38 1.92 0.00705041
1.38 1.98 0.00547505
1.38 2.04 0.00419328
1.38 2.1 0.00316745
1.38 2.16 0.00235968
1.38 2.22 0.00173374
1.38 2.28 0.00125632
1.38 2.34 0.000897866
1.38 2.4 0.000632866
1.38 2.46 0.000439947
1.44 -0.78 0.000297226
1.44 -0.72 0.000430284
1.44 -0.66 0.000614349
1.44 -0.6 0.000865101
1.44 -0.54 0.00120145
1.44 -0.48 0.00164563
1.44 -0.42 0.00222303
1.44 -0.36 0.00296179
1.44 -0.3 0.00389173
1.44 -0.24 0.00504344
1.44 -0.18 0.00644613
1.44 -0.12 0.00812571
1.44 -0.06 0.0101021
1.44 9.71445e-15 0.0123866
1.44 0.06 0.0149788
1.44 0.12 0.0178646
1.44 0.18 0.0210136
1.44 0.24 0.0243777
1.44 0.3 0.0278921
1.44 0.36 0.0314742
1.44 0.42 0.035028
1.44 0.48 0.0384472
1.44 0.54 0.0416202
1.44 0.6 0.0444362
1.44 0.66 0.0467897
1.44 0.72 0.0485913
1.44 0.78 0.0497686
1.44 0.84 0.0502732
1.44 0.9 0.0500854
1.44 0.96 0.0492126
1.44 1.02 0.0476899
1.44 1.08 0.0455795
1.44 1.14 0.0429636
1.44 1.2 0.0399405
1.44 1.26 0.0366208
1.44 1.32 0.0331148
1.44 1.38 0.0295331
1.44 1.44 0.0259766
1.44 1.5 0.0225345
1.44 1.56 0.0192798
1.44 1.62 0.0162683
1.44 1.68 0.0135386
1.44 1.74 0.011112
1.44 1.8 0.00899497
1.44 1.86 0.00718129
1.44 1.92 0.0056544
1.44 1.98 0.004391
1.44 2.04 0.00336301
1.44 2.1 0.00254028
1.44 2.16 0.00189245
1.44 2.22 0.00139046
1.44 2.28 0.00100758
1.44 2.34 0.000720094
1.44 2.4 0.000507557
1.5 -0.72 0.000340347
1.5 -0.66 0.000485938
1.5 -0.6 0.000684273
1.5 -0.54 0.000950315
1.5 -0.48 0.00130165
1.5 -0.42 0.00175838
1.5 -0.36 0.00234269
1.5 -0.3 0.00307829
1.5 -0.24 0.00398928
1.5 -0.18 0.00509876
1.5 -0.12 0.00642722
1.5 -0.06 0.00799046
1.5 9.71445e-15 0.0097975
1.5 0.06 0.011848
1.5 0.12 0.0141306
1.5 0.18 0.0166212
1.5 0.24 0.0192824
1.5 0.3 0.0220621
1.5 0.36 0.0248952
1.5 0.42 0.0277063
1.5 0.48 0.0304109
1.5 0.54 0.0329205
1.5 0.6 0.0351477
1.5 0.66 0.0370099
1.5 0.72 0.0384347
1.5 0.78 0.0393656
1.5 0.84 0.0397652
1.5 0.9 0.0396168
1.5 0.96 0.0389263
1.5 1.02 0.0377219
1.5 1.08 0.0360522
1.5 1.14 0.0339833
1.5 1.2 0.0315925
1.5 1.26 0.028966
1.5 1.32 0.0261931
1.5 1.38 0.0233599
1.5 1.44 0.0205471
1.5 1.5 0.0178244
1.5 1.56 0.0152499
1.5 1.62 0.0128679
1.5 1.68 0.0107087
1.5 1.74 0.00878941
1.5 1.8 0.00711484
1.5 1.86 0.00568024
1.5 1.92 0.0044725
1.5 1.98 0.00347318
1.5 2.04 0.00266006
1.5 2.1 0.0020093
1.5 2.16 0.00149688
1.5 2.22 0.00109982
1.5 2.28 0.00079697
1.5 2.34 0.000569575
1.5 2.4 0.000401471
1.56 -0.72 0.000265508
1.56 -0.66 0.000379085
1.56 -0.6 0.000533805
1.56 -0.54 0.000741349
1.56 -0.48 0.00101542
1.56 -0.42 0.00137173
1.56 -0.36 0.00182753
1.56 -0.3 0.0024014
1.56 -0.24 0.00311205
1.56 -0.18 0.00397756
1.56 -0.12 0.00501393
1.56 -0.06 0.00623341
1.56 9.71445e-15 0.00764302
1.56 0.06 0.00924265
1.56 0.12 0.0110233
1.56 0.18 0.0129663
1.56 0.24 0.0150424
1.56 0.3 0.0172106
1.56 0.36 0.0194209
1.56 0.42 0.0216139
1.56 0.48 0.0237238
1.56 0.54 0.0256816
1.56 0.6 0.0274188
1.56 0.66 0.0288716
1.56 0.72 0.0299831
1.56 0.78 0.0307093
1.56 0.84 0.0310212
1.56 0.9 0.0309053
1.56 0.96 0.0303665
1.56 1.02 0.029427
1.56 1.08 0.0281245
1.56 1.14 0.0265104
1.56 1.2 0.0246455
1.56 1.26 0.0225965
1.56 1.32 0.0204334
1.56 1.38 0.0182233
1.56 1.44 0.0160289
1.56 1.5 0.0139049
1.56 1.56 0.0118965
1.56 1.62 0.0100383
1.56 1.68 0.00835392
1.56 1.74 0.00685665
1.56 1.8 0.00555036
1.56 1.86 0.00443116
1.56 1.92 0.00348902
1.56 1.98 0.00270945
1.56 2.04 0.00207513
1.56 2.1 0.00156747
1.56 2.16 0.00116773
1.56 2.22 0.000857973
1.56 2.28 0.000621722
1.56 2.34 0.000444328
1.62 -0.66 0.000291662
1.62 -0.6 0.0004107
1.62 -0.54 0.000570382
1.62 -0.48 0.000781247
1.62 -0.42 0.00105538
1.62 -0.36 0.00140608
1.62 -0.3 0.0018476
1.62 -0.24 0.00239435
1.62 -0.18 0.00306027
1.62 -0.12 0.00385764
1.62 -0.06 0.00479589
1.62 9.71445e-15 0.00588042
1.62 0.06 0.00711112
1.62 0.12 0.00848116
1.62 0.18 0.00997606
1.62 0.24 0.0115733
1.62 0.3 0.0132415
1.62 0.36 0.0149421
1.62 0.42 0.0166294
1.62 0.48 0.0182527
1.62 0.54 0.019759
1.62 0.6 0.0210956
1.62 0.66 0.0222132
1.62 0.72 0.0230685
1.62 0.78 0.0236271
1.62 0.84 0.0238672
1.62 0.9 0.023778
1.62 0.96 0.0233634
1.62 1.02 0.0226405
1.62 1.08 0.0216385
1.62 1.14 0.0203966
1.62 1.2 0.0189618
1.62 1.26 0.0173854
1.62 1.32 0.0157211
1.62 1.38 0.0140207
1.62 1.44 0.0123323
1.62 1.5 0.0106981
1.62 1.56 0.00915292
1.62 1.62 0.00772327
1.62 1.68 0.00642735
1.62 1.74 0.00527538
1.62 1.8 0.00427036
1.62 1.86 0.00340924
1.62 1.92 0.00268439
1.62 1.98 0.0020846
1.62 2.04 0.00159657
1.62 2.1 0.00120599
1.62 2.16 0.000898433
1.62 2.22 0.00066011
1.62 2.28 0.000478343
1.62 2.34 0.000341857
1.68 -0.66 0.000221314
1.68 -0.6 0.000311643
1.68 -0.54 0.00043281
1.68 -0.48 0.000592814
1.68 -0.42 0.000800831
1.68 -0.36 0.00106694
1.68 -0.3 0.00140196
1.68 -0.24 0.00181685
1.68 -0.18 0.00232215
1.68 -0.12 0.00292719
1.68 -0.06 0.00363914
1.68 9.71445e-15 0.00446211
1.68 0.06 0.00539596
1.68 0.12 0.00643558
1.68 0.18 0.00756988
1.68 0.24 0.00878191
1.68 0.3 0.0100478
1.68 0.36 0.0113382
1.68 0.42 0.0126185
1.68 0.48 0.0138503
1.68 0.54 0.0149933
1.68 0.6 0.0160075
1.68 0.66 0.0168556
1.68 0.72 0.0175046
1.68 0.78 0.0179284
1.68 0.84 0.0181106
1.68 0.9 0.0180429
1.68 0.96 0.0177283
1.68 1.02 0.0171798
1.68 1.08 0.0164194
1.68 1.14 0.0154771
1.68 1.2 0.0143884
1.68 1.26 0.0131922
1.68 1.32 0.0119293
1.68 1.38 0.010639
1.68 1.44 0.00935788
1.68 1.5 0.00811783
1.68 1.56 0.0069453
1.68 1.62 0.00586047
1.68 1.68 0.00487711
1.68 1.74 0.004003
1.68 1.8 0.00324037
1.68 1.86 0.00258696
1.68 1.92 0.00203694
1.68 1.98 0.0015818
1.68 2.04 0.00121149
1.68 2.1 0.000915111
1.68 2.16 0.000681735
1.68 2.22 0.000500897
1.68 2.28 0.00036297
1.74 -0.6 0.000233227
1.74 -0.54 0.000323903
1.74 -0.48 0.00044365
1.74 -0.42 0.000599323
1.74 -0.36 0.000798475
1.74 -0.3 0.0010492
1.74 -0.24 0.00135968
1.74 -0.18 0.00173783
1.74 -0.12 0.00219063
1.74 -0.06 0.00272346
1.74 9.71445e-15 0.00333934
1.74 0.06 0.0040382
1.74 0.12 0.00481624
1.74 0.18 0.0056651
1.74 0.24 0.00657216
1.74 0.3 0.00751955
1.74 0.36 0.00848521
1.74 0.42 0.00944335
1.74 0.48 0.0103652
1.74 0.54 0.0112205
1.74 0.6 0.0119796
1.74 0.66 0.0126143
1.74 0.72 0.0131
1.74 0.78 0.0134173
1.74 0.84 0.0135534
1.74 0.9 0.0135029
1.74 0.96 0.0132675
1.74 1.02 0.0128569
1.74 1.08 0.0122879
1.74 1.14 0.0115828
1.74 1.2 0.0107679
1.74 1.26 0.00987272
1.74 1.32 0.00892756
1.74 1.38 0.00796193
1.74 1.44 0.00700321
1.74 1.5 0.0060752
1.74 1.56 0.00519772
1.74 1.62 0.00438584
1.74 1.68 0.00364992
1.74 1.74 0.00299576
1.74 1.8 0.002425
1.74 1.86 0.00193603
1.74 1.92 0.0015244
1.74 1.98 0.00118379
1.74 2.04 0.000906638
1.74 2.1 0.000684842
1.74 2.16 0.000510194
1.74 2.22 0.00037486
1.74 2.28 0.000271636
1.8 -0.6 0.000172142
1.8 -0.54 0.000239068
1.8 -0.48 0.000327457
1.8 -0.42 0.00044235
1.8 -0.36 0.000589351
1.8 -0.3 0.000774403
1.8 -0.24 0.00100358
1.8 -0.18 0.00128269
1.8 -0.12 0.0016169
1.8 -0.06 0.00201017
1.8 9.71445e-15 0.00246474
1.8 0.06 0.00298057
1.8 0.12 0.0035548
1.8 0.18 0.00418141
1.8 0.24 0.00485081
1.8 0.3 0.00555008
1.8 0.36 0.00626284
1.8 0.42 0.00696997
1.8 0.48 0.00765035
1.8 0.54 0.0082818
1.8 0.6 0.0088421
1.8 0.66 0.0093105
1.8 0.72 0.00966892
1.8 0.78 0.00990324
1.8 0.84 0.0100036
1.8 0.9 0.00996628
1.8 0.96 0.00979258
1.8 1.02 0.00948964
1.8 1.08 0.00906968
1.8 1.14 0.00854911
1.8 1.2 0.00794763
1.8 1.26 0.00728696
1.8 1.32 0.00658939
1.8 1.38 0.00587661
1.8 1.44 0.00516894
1.8 1.5 0.00448402
1.8 1.56 0.00383636
1.8 1.62 0.00323715
1.8 1.68 0.00269399
1.8 1.74 0.00221113
1.8 1.8 0.00178987
1.8 1.86 0.00142896
1.8 1.92 0.00112514
1.8 1.98 0.000873748
1.8 2.04 0.00066919
1.8 2.1 0.000505477
1.8 2.16 0.000376569
1.8 2.22 0.000276679
1.86 -0.54 0.000174031
1.86 -0.48 0.000238369
1.86 -0.42 0.000322007
1.86 -0.36 0.000429012
1.86 -0.3 0.00056372
1.86 -0.24 0.000730546
1.86 -0.18 0.00093373
1.86 -0.12 0.00117701
1.86 -0.06 0.00146329
1.86 9.71445e-15 0.0017942
1.86 0.06 0.00216969
1.86 0.12 0.00258769
1.86 0.18 0.00304383
1.86 0.24 0.00353114
1.86 0.3 0.00404016
1.86 0.36 0.00455904
1.86 0.42 0.00507382
1.86 0.48 0.00556911
1.86 0.54 0.00602872
1.86 0.6 0.00643654
1.86 0.66 0.00677752
1.86 0.72 0.00703845
1.86 0.78 0.00720896
1.86 0.84 0.00728216
1.86 0.9 0.0072549
1.86 0.96 0.00712846
1.86 1.02 0.00690793
1.86 1.08 0.00660217
1.86 1.14 0.00622323
1.86 1.2 0.00578545
1.86 1.26 0.00530451
1.86 1.32 0.00479667
1.86 1.38 0.00427789
1.86 1.44 0.00376273
1.86 1.5 0.00326411
1.86 1.56 0.00279267
1.86 1.62 0.00235647
1.86 1.68 0.00196106
1.86 1.74 0.00160957
1.86 1.8 0.00130293
1.86 1.86 0.00104021
1.86 1.92 0.000819037
1.86 1.98 0.000636035
1.86 2.04 0.000487134
1.86 2.1 0.000367962
1.86 2.16 0.000274122
1.92 -0.48 0.000171135
1.92 -0.42 0.000231182
1.92 -0.36 0.000308004
1.92 -0.3 0.000404719
1.92 -0.24 0.000524487
1.92 -0.18 0.000670354
1.92 -0.12 0.000845017
1.92 -0.06 0.00105055
1.92 9.71445e-15 0.00128812
1.92 0.06 0.0015577
1.92 0.12 0.00185782
1.92 0.18 0.00218527
1.92 0.24 0.00253513
1.92 0.3 0.00290058
1.92 0.36 0.00327307
1.92 0.42 0.00364266
1.92 0.48 0.00399823
1.92 0.54 0.00432823
1.92 0.6 0.00462103
1.92 0.66 0.00486583
1.92 0.72 0.00505319
1.92 0.78 0.00517561
1.92 0.84 0.00522811
1.92 0.9 0.00520857
1.92 0.96 0.00511777
1.92 1.02 0.00495945
1.92 1.08 0.00473998
1.92 1.14 0.00446793
1.92 1.2 0.00415359
1.92 1.26 0.0038083
1.92 1.32 0.00344374
1.92 1.38 0.00307122
1.92 1.44 0.0027014
1.92 1.5 0.00234344
1.92 1.56 0.00200496
1.92 1.62 0.00169179
1.92 1.68 0.00140793
1.92 1.74 0.00115558
1.92 1.8 0.000935423
1.92 1.86 0.000746802
1.92 1.92 0.000588024
1.92 1.98 0.000456637
1.92 2.04 0.000349729
1.92 2.1 0.000264173
1.92 2.16 0.000196803
1.98 -0.48 0.000121175
1.98 -0.42 0.000163693
1.98 -0.36 0.00021809
1.98 -0.3 0.000286567
1.98 -0.24 0.000371373
1.98 -0.18 0.000474661
1.98 -0.12 0.000598334
1.98 -0.06 0.000743864
1.98 9.71445e-15 0.000912083
1.98 0.06 0.00110296
1.98 0.12 0.00131546
1.98 0.18 0.00154733
1.98 0.24 0.00179506
1.98 0.3 0.00205382
1.98 0.36 0.00231759
1.98 0.42 0.00257928
1.98 0.48 0.00283106
1.98 0.54 0.00306469
1.98 0.6 0.00327203
1.98 0.66 0.00344535
1.98 0.72 0.00357801
1.98 0.78 0.00366466
1.98 0.84 0.00370188
1.98 0.9 0.00368803
1.98 0.96 0.00362375
1.98 1.02 0.00351164
1.98 1.08 0.0033562
1.98 1.14 0.00316359
1.98 1.2 0.00294103
1.98 1.26 0.00269656
1.98 1.32 0.00243838
1.98 1.38 0.00217467
1.98 1.44 0.00191279
1.98 1.5 0.00165932
1.98 1.56 0.00141966
1.98 1.62 0.00119791
1.98 1.68 0.000996902
1.98 1.74 0.000818228
1.98 1.8 0.000662346
1.98 1.86 0.000528791
1.98 1.92 0.00041636
1.98 1.98 0.000323327
1.98 2.04 0.000247634
1.98 2.1 0.000187053
2.04 -0.42 0.000114313
2.04 -0.36 0.000152299
2.04 -0.3 0.000200122
2.04 -0.24 0.000259346
2.04 -0.18 0.000331474
2.04 -0.12 0.00041784
2.04 -0.06 0.000519467
2.04 9.71445e-15 0.000636938
2.04 0.06 0.000770244
2.04 0.12 0.000918627
2.04 0.18 0.00108056
2.04 0.24 0.00125356
2.04 0.3 0.00143426
2.04 0.36 0.00161845
2.04 0.42 0.00180119
2.04 0.48 0.00197702
2.04 0.54 0.00214019
2.04 0.6 0.00228496
2.04 0.66 0.00240603
2.04 0.72 0.00249863
2.04 0.78 0.0025592
2.04 0.84 0.00258515
2.04 0.9 0.00257551
2.04 0.96 0.00253062
2.04 1.02 0.00245233
2.04 1.08 0.00234379
2.04 1.14 0.00220925
2.04 1.2 0.00205384
2.04 1.26 0.00188308
2.04 1.32 0.00170283
2.04 1.38 0.00151865
2.04 1.44 0.00133577
2.04 1.5 0.00115877
2.04 1.56 0.000991402
2.04 1.62 0.000836551
2.04 1.68 0.000696182
2.04 1.74 0.0005714
2.04 1.8 0.000462539
2.04 1.86 0.000369274
2.04 1.92 0.000290758
2.04 1.98 0.000225794
2.04 2.04 0.000172933
2.1 -0.36 0.000104894
2.1 -0.3 0.000137832
2.1 -0.24 0.000178621
2.1 -0.18 0.000228298
2.1 -0.12 0.000287781
2.1 -0.06 0.000357776
2.1 9.71445e-15 0.00043868
2.1 0.06 0.000530495
2.1 0.12 0.000632698
2.1 0.18 0.00074422
2.1 0.24 0.000863373
2.1 0.3 0.000987823
2.1 0.36 0.00111468
2.1 0.42 0.00124055
2.1 0.48 0.00136165
2.1 0.54 0.00147403
2.1 0.6 0.00157374
2.1 0.66 0.00165712
2.1 0.72 0.00172092
2.1 0.78 0.00176261
2.1 0.84 0.0017805
2.1 0.9 0.00177385
2.1 0.96 0.00174293
2.1 1.02 0.001689
2.1 1.08 0.00161425
2.1 1.14 0.0015216
2.1 1.2 0.00141456
2.1 1.26 0.00129696
2.1 1.32 0.00117281
2.1 1.38 0.00104594
2.1 1.44 0.000919994
2.1 1.5 0.000798083
2.1 1.56 0.000682811
2.1 1.62 0.000576162
2.1 1.68 0.000479487
2.1 1.74 0.000393545
2.1 1.8 0.00031857
2.1 1.86 0.000254331
2.1 1.92 0.000200258
2.1 1.98 0.000155513
2.16 -0.3 9.36253e-05
2.16 -0.24 0.000121332
2.16 -0.18 0.000155076
2.16 -0.12 0.000195482
2.16 -0.06 0.000243028
2.16 9.71445e-15 0.000297983
2.16 0.06 0.000360349
2.16 0.12 0.000429775
2.16 0.18 0.000505528
2.16 0.24 0.000586464
2.16 0.3 0.000670996
2.16 0.36 0.000757172
2.16 0.42 0.000842669
2.16 0.48 0.000924933
2.16 0.54 0.00100127
2.16 0.6 0.001069
2.16 0.66 0.00112563
2.16 0.72 0.00116897
2.16 0.78 0.00119729
2.16 0.84 0.00120944
2.16 0.9 0.00120492
2.16 0.96 0.00118391
2.16 1.02 0.00114729
2.16 1.08 0.00109651
2.16 1.14 0.00103358
2.16 1.2 0.00096087
2.16 1.26 0.000880989
2.16 1.32 0.000796653
2.16 1.38 0.000710482
2.16 1.44 0.000624924
2.16 1.5 0.000542113
2.16 1.56 0.000463812
2.16 1.62 0.000391368
2.16 1.68 0.000325701
2.16 1.74 0.000267324
2.16 1.8 0.000216396
2.16 1.86 0.000172759
2.16 1.92 0.00013603
2.22 -0.3 6.27228e-05
2.22 -0.24 8.12842e-05
2.22 -0.18 0.000103891
2.22 -0.12 0.00013096
2.22 -0.06 0.000162813
2.22 9.71445e-15 0.000199629
2.22 0.06 0.00024141
2.22 0.12 0.00028792
2.22 0.18 0.000338671
2.22 0.24 0.000392893
2.22 0.3 0.000449524
2.22 0.36 0.000507255
2.22 0.42 0.000564534
2.22 0.48 0.000619645
2.22 0.54 0.000670786
2.22 0.6 0.000716159
2.22 0.66 0.0007541
2.22 0.72 0.000783134
2.22 0.78 0.000802104
2.22 0.84 0.000810249
2.22 0.9 0.000807219
2.22 0.96 0.000793145
2.22 1.02 0.000768607
2.22 1.08 0.000734591
2.22 1.14 0.000692429
2.22 1.2 0.00064372
2.22 1.26 0.000590205
2.22 1.32 0.000533705
2.22 1.38 0.000475977
2.22 1.44 0.000418659
2.22 1.5 0.00036318
2.22 1.56 0.000310724
2.22 1.62 0.000262191
2.22 1.68 0.000218198
2.22 1.74 0.000179089
2.22 1.8 0.000144971
2.22 1.86 0.000115737
2.28 -0.24 5.37067e-05
2.28 -0.18 6.86432e-05
2.28 -0.12 8.65286e-05
2.28 -0.06 0.000107574
2.28 9.71445e-15 0.0001319
2.28 0.06 0.000159506
2.28 0.12 0.000190236
2.28 0.18 0.000223768
2.28 0.24 0.000259595
2.28 0.3 0.000297014
2.28 0.36 0.000335157
2.28 0.42 0.000373003
2.28 0.48 0.000409416
2.28 0.54 0.000443205
2.28 0.6 0.000473181
2.28 0.66 0.000498255
2.28 0.72 0.000517435
2.28 0.78 0.000529971
2.28 0.84 0.000535352
2.28 0.9 0.000533352
2.28 0.96 0.000524054
2.28 1.02 0.00050784
2.28 1.08 0.000485364
2.28 1.14 0.000457505
2.28 1.2 0.000425323
2.28 1.26 0.000389961
2.28 1.32 0.000352633
2.28 1.38 0.00031449
2.28 1.44 0.00027662
2.28 1.5 0.000239964
2.28 1.56 0.000205305
2.28 1.62 0.000173237
2.28 1.68 0.000144169
2.28 1.74 0.000118329
2.28 1.8 9.57862e-05
2.34 -0.18 4.4731e-05
2.34 -0.12 5.63855e-05
2.34 -0.06 7.00998e-05
2.34 9.71445e-15 8.59527e-05
2.34 0.06 0.000103941
2.34 0.12 0.000123967
2.34 0.18 0.000145817
2.34 0.24 0.000169163
2.34 0.3 0.000193549
2.34 0.36 0.000218404
2.34 0.42 0.000243065
2.34 0.48 0.000266792
2.34 0.54 0.000288809
2.34 0.6 0.000308349
2.34 0.66 0.000324685
2.34 0.72 0.000337184
2.34 0.78 0.000345352
2.34 0.84 0.000348857
2.34 0.9 0.000347556
2.34 0.96 0.000341497
2.34 1.02 0.000330931
2.34 1.08 0.000316283
2.34 1.14 0.000298133
2.34 1.2 0.000277158
2.34 1.26 0.000254116
2.34 1.32 0.00022979
2.34 1.38 0.000204935
2.34 1.44 0.000180258
2.34 1.5 0.000156372
2.34 1.56 0.000133786
2.34 1.62 0.000112889
2.34 1.68 9.39467e-05
2.34 1.74 7.71088e-05
2.4 -0.12 3.62385e-05
2.4 -0.06 4.50528e-05
2.4 9.71445e-15 5.52408e-05
2.4 0.06 6.68014e-05
2.4 0.12 7.96712e-05
2.4 0.18 9.37153e-05
2.4 0.24 0.000108717
2.4 0.3 0.000124391
2.4 0.36 0.000140366
2.4 0.42 0.000156215
2.4 0.48 0.000171463
2.4 0.54 0.000185615
2.4 0.6 0.000198173
2.4 0.66 0.000208669
2.4 0.72 0.000216704
2.4 0.78 0.000221955
2.4 0.84 0.000224205
2.4 0.9 0.000223366
2.4 0.96 0.000219474
2.4 1.02 0.000212685
2.4 1.08 0.000203273
2.4 1.14 0.000191605
2.4 1.2 0.000178124
2.4 1.26 0.000163319
2.4 1.32 0.000147683
2.4 1.38 0.000131709
2.4 1.44 0.000115848
2.4 1.5 0.000100498
2.4 1.56 8.59822e-05
2.4 1.62 7.2552e-05
2.4 1.68 6.03786e-05
2.46 9.71445e-15 3.50143e-05
2.46 0.06 4.23423e-05
2.46 0.12 5.05e-05
2.46 0.18 5.94013e-05
2.46 0.24 6.89119e-05
2.46 0.3 7.8845e-05
2.46 0.36 8.89711e-05
2.46 0.42 9.90175e-05
2.46 0.48 0.000108684
2.46 0.54 0.000117653
2.46 0.6 0.000125611
2.46 0.66 0.000132266
2.46 0.72 0.000137358
2.46 0.78 0.000140685
2.46 0.84 0.000142114
2.46 0.9 0.000141583
2.46 0.96 0.000139115
2.46 1.02 0.00013481
2.46 1.08 0.000128844
2.46 1.14 0.000121449
2.46 1.2 0.000112906
2.46 1.26 0.000103519
2.46 1.32 9.36094e-05
2.46 1.38 8.34846e-05
2.46 1.44 7.34314e-05
2.46 1.5 6.37007e-05
2.46 1.56 5.44999e-05
2.52 0.06 2.64699e-05
2.52 0.12 3.15694e-05
2.52 0.18 3.71344e-05
2.52 0.24 4.3079e-05
2.52 0.3 4.92893e-05
2.52 0.36 5.56194e-05
2.52 0.42 6.18993e-05
2.52 0.48 6.79415e-05
2.52 0.54 7.35493e-05
2.52 0.6 7.85253e-05
2.52 0.66 8.26847e-05
2.52 0.72 8.58678e-05
2.52 0.78 8.79489e-05
2.52 0.84 8.88406e-05
2.52 0.9 8.85085e-05
2.52 0.96 8.69659e-05
2.52 1.02 8.42758e-05
2.52 1.08 8.05462e-05
2.52 1.14 7.59231e-05
2.52 1.2 7.05812e-05
2.52 1.26 6.47144e-05
2.52 1.32 5.85191e-05
2.52 1.38 5.21892e-05
2.52 1.44 4.59044e-05
2.52 1.5 3.98218e-05
2.58 0.12 1.94642e-05
2.58 0.18 2.28947e-05
2.58 0.24 2.65605e-05
2.58 0.3 3.03893e-05
2.58 0.36 3.42919e-05
2.58 0.42 3.81641e-05
2.58 0.48 4.18896e-05
2.58 0.54 4.53463e-05
2.58 0.6 4.84141e-05
2.58 0.66 5.0979e-05
2.58 0.72 5.2942e-05
2.58 0.78 5.4224e-05
2.58 0.84 5.47746e-05
2.58 0.9 5.45701e-05
2.58 0.96 5.36187e-05
2.58 1.02 5.19597e-05
2.58 1.08 4.966e-05
2.58 1.14 4.68102e-05
2.58 1.2 4.3517e-05
2.58 1.26 3.98993e-05
2.58 1.32 3.60795e-05
2.58 1.38 3.21772e-05
2.64 0.24 1.61507e-05
2.64 0.3 1.84788e-05
2.64 0.36 2.08521e-05
2.64 0.42 2.32066e-05
2.64 0.48 2.5472e-05
2.64 0.54 2.75741e-05
2.64 0.6 2.94394e-05
2.64 0.66 3.09988e-05
2.64 0.72 3.21925e-05
2.64 0.78 3.29722e-05
2.64 0.84 3.33071e-05
2.64 0.9 3.31825e-05
2.64 0.96 3.2604e-05
2.64 1.02 3.15953e-05
2.64 1.08 3.01969e-05
2.64 1.14 2.84637e-05
2.64 1.2 2.64615e-05
2.64 1.26 2.42617e-05
2.64 1.32 2.19389e-05
2.7 0.3 1.1082e-05
2.7 0.36 1.25053e-05
2.7 0.42 1.39173e-05
2.7 0.48 1.52759e-05
2.7 0.54 1.65366e-05
2.7 0.6 1.76552e-05
2.7 0.66 1.85906e-05
2.7 0.72 1.93062e-05
2.7 0.78 1.9774e-05
2.7 0.84 1.99747e-05
2.7 0.9 1.98999e-05
2.7 0.96 1.95532e-05
2.7 1.02 1.89483e-05
2.7 1.08 1.81096e-05
2.7 1.14 1.70701e-05
2.7 1.2 1.58693e-05
2.76 0.42 8.23166e-06
2.76 0.48 9.03523e-06
2.76 0.54 9.78091e-06
2.76 0.6 1.04425e-05
2.76 0.66 1.09958e-05
2.76 0.72 1.1419e-05
2.76 0.78 1.16958e-05
2.76 0.84 1.18144e-05
2.76 0.9 1.17703e-05
2.76 0.96 1.15651e-05
2.76 1.02 1.12074e-05
2.82 0.54 5.70559e-06
2.82 0.6 6.09157e-06
2.82 0.66 6.41428e-06
2.82 0.72 6.66121e-06
2.82 0.78 6.82259e-06
2.82 0.84 6.89185e-06
2.82 0.9 6.86606e-06
2.88 0.66 3.69025e-06
