4141 0.06 0.06 0.718618 -12 -12
-3.66 1.02 3.47503e-06
-3.66 1.08 3.11023e-06
-3.6 0.78 7.99203e-06
-3.6 0.84 7.5602e-06
-3.6 0.9 7.05346e-06
-3.6 0.96 6.49021e-06
-3.6 1.02 5.88978e-06
-3.6 1.08 5.27151e-06
-3.6 1.14 4.65327e-06
-3.54 0.6 1.45241e-05
-3.54 0.66 1.43219e-05
-3.54 0.72 1.39284e-05
-3.54 0.78 1.33594e-05
-3.54 0.84 1.26377e-05
-3.54 0.9 1.17905e-05
-3.54 0.96 1.08489e-05
-3.54 1.02 9.84535e-06
-3.54 1.08 8.81175e-06
-3.54 1.14 7.77829e-06
-3.54 1.2 6.77167e-06
-3.54 1.26 5.8143e-06
-3.48 0.42 2.29834e-05
-3.48 0.48 2.36244e-05
-3.48 0.54 2.39493e-05
-3.48 0.6 2.39449e-05
-3.48 0.66 2.36113e-05
-3.48 0.72 2.29627e-05
-3.48 0.78 2.20247e-05
-3.48 0.84 2.08346e-05
-3.48 0.9 1.9438e-05
-3.48 0.96 1.78857e-05
-3.48 1.02 1.62313e-05
-3.48 1.08 1.45274e-05
-3.48 1.14 1.28236e-05
-3.48 1.2 1.1164e-05
-3.48 1.26 9.58555e-06
-3.48 1.32 8.11727e-06
-3.42 0.3 3.40029e-05
-3.42 0.36 3.59331e-05
-3.42 0.42 3.74511e-05
-3.42 0.48 3.84962e-05
-3.42 0.54 3.89402e-05
-3.42 0.6 3.89333e-05
-3.42 0.66 3.8391e-05
-3.42 0.72 3.73357e-05
-3.42 0.78 3.58112e-05
-3.42 0.84 3.38761e-05
-3.42 0.9 3.16052e-05
-3.42 0.96 2.90816e-05
-3.42 1.02 2.63913e-05
-3.42 1.08 2.36206e-05
-3.42 1.14 2.08505e-05
-3.42 1.2 1.81521e-05
-3.42 1.26 1.55857e-05
-3.42 1.32 1.31982e-05
-3.42 1.38 1.10229e-05
-3.36 0.18 4.68542e-05
-3.36 0.24 5.09038e-05
-3.36 0.3 5.45425e-05
-3.36 0.36 5.76396e-05
-3.36 0.42 6.0074e-05
-3.36 0.48 6.17512e-05
-3.36 0.54 6.26028e-05
-3.36 0.6 6.25937e-05
-3.36 0.66 6.17243e-05
-3.36 0.72 5.98724e-05
-3.36 0.78 5.7427e-05
-3.36 0.84 5.43239e-05
-3.36 0.9 5.06829e-05
-3.36 0.96 4.66353e-05
-3.36 1.02 4.23211e-05
-3.36 1.08 3.78784e-05
-3.36 1.14 3.34361e-05
-3.36 1.2 2.9109e-05
-3.36 1.26 2.49935e-05
-3.36 1.32 2.11648e-05
-3.36 1.38 1.76763e-05
-3.36 1.44 1.456e-05
-3.3 0.12 6.72911e-05
-3.3 0.18 7.41259e-05
-3.3 0.24 8.05334e-05
-3.3 0.3 8.62912e-05
-3.3 0.36 9.11905e-05
-3.3 0.42 9.50428e-05
-3.3 0.48 9.76967e-05
-3.3 0.54 9.90441e-05
-3.3 0.6 9.903e-05
-3.3 0.66 9.7655e-05
-3.3 0.72 9.4975e-05
-3.3 0.78 9.10999e-05
-3.3 0.84 8.59164e-05
-3.3 0.9 8.01583e-05
-3.3 0.96 7.37564e-05
-3.3 1.02 6.69339e-05
-3.3 1.08 5.99071e-05
-3.3 1.14 5.28811e-05
-3.3 1.2 4.60376e-05
-3.3 1.26 3.95288e-05
-3.3 1.32 3.34735e-05
-3.3 1.38 2.79564e-05
-3.3 1.44 2.30274e-05
-3.3 1.5 1.87069e-05
-3.24 9.71445e-15 8.30085e-05
-3.24 0.06 9.40074e-05
-3.24 0.12 0.000105
-3.24 0.18 0.000115665
-3.24 0.24 0.000125663
-3.24 0.3 0.000134649
-3.24 0.36 0.000142294
-3.24 0.42 0.000148307
-3.24 0.48 0.000152448
-3.24 0.54 0.000154551
-3.24 0.6 0.00015453
-3.24 0.66 0.000152385
-3.24 0.72 0.000148204
-3.24 0.78 0.000142158
-3.24 0.84 0.000134482
-3.24 0.9 0.000125475
-3.24 0.96 0.000115048
-3.24 1.02 0.000104405
-3.24 1.08 9.34446e-05
-3.24 1.14 8.24851e-05
-3.24 1.2 7.18103e-05
-3.24 1.26 6.16577e-05
-3.24 1.32 5.22128e-05
-3.24 1.38 4.36071e-05
-3.24 1.44 3.59187e-05
-3.24 1.5 2.91795e-05
-3.24 1.56 2.33788e-05
-3.18 -0.06 0.000111252
-3.18 9.71445e-15 0.00012775
-3.18 0.06 0.000144677
-3.18 0.12 0.000161595
-3.18 0.18 0.000178009
-3.18 0.24 0.000193398
-3.18 0.3 0.000207228
-3.18 0.36 0.000218994
-3.18 0.42 0.000228251
-3.18 0.48 0.000234626
-3.18 0.54 0.000237864
-3.18 0.6 0.000237832
-3.18 0.66 0.000234531
-3.18 0.72 0.0002281
-3.18 0.78 0.000218796
-3.18 0.84 0.000206984
-3.18 0.9 0.00019312
-3.18 0.96 0.000177708
-3.18 1.02 0.000161279
-3.18 1.08 0.000143754
-3.18 1.14 0.000126894
-3.18 1.2 0.000110472
-3.18 1.26 9.48525e-05
-3.18 1.32 8.03237e-05
-3.18 1.38 6.70843e-05
-3.18 1.44 5.52569e-05
-3.18 1.5 4.48895e-05
-3.18 1.56 3.59654e-05
-3.18 1.62 2.84199e-05
-3.12 -0.12 0.00014504
-3.12 -0.06 0.00016887
-3.12 9.71445e-15 0.000193913
-3.12 0.06 0.000219608
-3.12 0.12 0.000245288
-3.12 0.18 0.000270208
-3.12 0.24 0.000293568
-3.12 0.3 0.000314566
-3.12 0.36 0.000332426
-3.12 0.42 0.000346477
-3.12 0.48 0.000356159
-3.12 0.54 0.000361076
-3.12 0.6 0.000361029
-3.12 0.66 0.000356025
-3.12 0.72 0.000346264
-3.12 0.78 0.000332139
-3.12 0.84 0.000314214
-3.12 0.9 0.000293168
-3.12 0.96 0.000269773
-3.12 1.02 0.000244834
-3.12 1.08 0.000219145
-3.12 1.14 0.000193455
-3.12 1.2 0.000167611
-3.12 1.26 0.000143915
-3.12 1.32 0.00012187
-3.12 1.38 0.000101783
-3.12 1.44 8.38376e-05
-3.12 1.5 6.81084e-05
-3.12 1.56 5.45686e-05
-3.12 1.62 4.31198e-05
-3.12 1.68 3.36048e-05
-3.06 -0.24 0.000153666
-3.06 -0.18 0.000183936
-3.06 -0.12 0.000217141
-3.06 -0.06 0.000252817
-3.06 9.71445e-15 0.00029031
-3.06 0.06 0.000328783
-3.06 0.12 0.000367236
-3.06 0.18 0.000404546
-3.06 0.24 0.000439526
-3.06 0.3 0.000470961
-3.06 0.36 0.000497713
-3.06 0.42 0.000518751
-3.06 0.48 0.00053325
-3.06 0.54 0.000540619
-3.06 0.6 0.000540556
-3.06 0.66 0.000533064
-3.06 0.72 0.000518448
-3.06 0.78 0.000497309
-3.06 0.84 0.000470465
-3.06 0.9 0.000438965
-3.06 0.96 0.000403936
-3.06 1.02 0.000366598
-3.06 1.08 0.000328136
-3.06 1.14 0.000289673
-3.06 1.2 0.000252204
-3.06 1.26 0.000215353
-3.06 1.32 0.000182364
-3.06 1.38 0.000152307
-3.06 1.44 0.000125454
-3.06 1.5 0.000101916
-3.06 1.56 8.16558e-05
-3.06 1.62 6.45236e-05
-3.06 1.68 5.02856e-05
-3.06 1.74 3.86506e-05
-3 -0.3 0.000186957
-3 -0.24 0.000226905
-3 -0.18 0.000271603
-3 -0.12 0.000320641
-3 -0.06 0.000373326
-3 9.71445e-15 0.000428693
-3 0.06 0.000485505
-3 0.12 0.000542288
-3 0.18 0.000597395
-3 0.24 0.000649048
-3 0.3 0.000695474
-3 0.36 0.000734984
-3 0.42 0.000766057
-3 0.48 0.000787476
-3 0.54 0.000798367
-3 0.6 0.000798279
-3 0.66 0.000787223
-3 0.72 0.000765653
-3 0.78 0.000734427
-3 0.84 0.000694807
-3 0.9 0.00064828
-3 0.96 0.000596558
-3 1.02 0.000541418
-3 1.08 0.000484623
-3 1.14 0.000427821
-3 1.2 0.000372485
-3 1.26 0.000319851
-3 1.32 0.000269136
-3 1.38 0.000224774
-3 1.44 0.000185148
-3 1.5 0.000150408
-3 1.56 0.000120509
-3 1.62 9.52252e-05
-3 1.68 7.42119e-05
-3 1.74 5.70408e-05
-2.94 -0.36 0.000221264
-2.94 -0.3 0.000272287
-2.94 -0.24 0.000330471
-2.94 -0.18 0.000395575
-2.94 -0.12 0.00046699
-2.94 -0.06 0.00054373
-2.94 9.71445e-15 0.000624379
-2.94 0.06 0.000707134
-2.94 0.12 0.00078985
-2.94 0.18 0.000870105
-2.94 0.24 0.00094535
-2.94 0.3 0.00101298
-2.94 0.36 0.00107054
-2.94 0.42 0.00111582
-2.94 0.48 0.00114702
-2.94 0.54 0.00116289
-2.94 0.6 0.00116278
-2.94 0.66 0.00114668
-2.94 0.72 0.00111526
-2.94 0.78 0.00106982
-2.94 0.84 0.0010121
-2.94 0.9 0.000944338
-2.94 0.96 0.000869012
-2.94 1.02 0.000788695
-2.94 1.08 0.000705959
-2.94 1.14 0.000623225
-2.94 1.2 0.000542623
-2.94 1.26 0.000465949
-2.94 1.32 0.000394613
-2.94 1.38 0.000329607
-2.94 1.44 0.000269487
-2.94 1.5 0.000218923
-2.94 1.56 0.000175403
-2.94 1.62 0.000138604
-2.94 1.68 0.000108018
-2.94 1.74 8.30248e-05
-2.94 1.8 6.29376e-05
-2.88 -0.42 0.000254733
-2.88 -0.36 0.000317845
-2.88 -0.3 0.000391143
-2.88 -0.24 0.000474729
-2.88 -0.18 0.000568251
-2.88 -0.12 0.00067086
-2.88 -0.06 0.000781104
-2.88 9.71445e-15 0.000896961
-2.88 0.06 0.00101585
-2.88 0.12 0.00113469
-2.88 0.18 0.00125002
-2.88 0.24 0.00135813
-2.88 0.3 0.00145531
-2.88 0.36 0.00153802
-2.88 0.42 0.00160307
-2.88 0.48 0.00164792
-2.88 0.54 0.00167075
-2.88 0.6 0.00167061
-2.88 0.66 0.00164751
-2.88 0.72 0.00160239
-2.88 0.78 0.00153709
-2.88 0.84 0.00145418
-2.88 0.9 0.00135685
-2.88 0.96 0.00124861
-2.88 1.02 0.00113323
-2.88 1.08 0.00101437
-2.88 1.14 0.000895503
-2.88 1.2 0.0007797
-2.88 1.26 0.00066954
-2.88 1.32 0.000567037
-2.88 1.38 0.00047363
-2.88 1.44 0.000390171
-2.88 1.5 0.00031427
-2.88 1.56 0.000251797
-2.88 1.62 0.000198968
-2.88 1.68 0.000155062
-2.88 1.74 0.000119184
-2.88 1.8 9.03476e-05
-2.88 1.86 6.75473e-05
-2.82 -0.48 0.000285277
-2.82 -0.42 0.000360921
-2.82 -0.36 0.000450344
-2.82 -0.3 0.000554211
-2.82 -0.24 0.000672642
-2.82 -0.18 0.000805174
-2.82 -0.12 0.000950563
-2.82 -0.06 0.00110679
-2.82 9.71445e-15 0.00127098
-2.82 0.06 0.00143946
-2.82 0.12 0.00160787
-2.82 0.18 0.0017713
-2.82 0.24 0.0019245
-2.82 0.3 0.00206226
-2.82 0.36 0.00217946
-2.82 0.42 0.00227169
-2.82 0.48 0.00233527
-2.82 0.54 0.00236763
-2.82 0.6 0.00236746
-2.82 0.66 0.00233476
-2.82 0.72 0.00227086
-2.82 0.78 0.00217835
-2.82 0.84 0.0020609
-2.82 0.9 0.00192296
-2.82 0.96 0.0017696
-2.82 1.02 0.0016061
-2.82 1.08 0.00143766
-2.82 1.14 0.0012692
-2.82 1.2 0.00110508
-2.82 1.26 0.000948969
-2.82 1.32 0.000803707
-2.82 1.38 0.000671326
-2.82 1.44 0.000553036
-2.82 1.5 0.000449337
-2.82 1.56 0.000356489
-2.82 1.62 0.000281698
-2.82 1.68 0.000219537
-2.82 1.74 0.000168741
-2.82 1.8 0.000127915
-2.82 1.86 9.5633e-05
-2.76 -0.48 0.00039868
-2.76 -0.42 0.000504402
-2.76 -0.36 0.000629379
-2.76 -0.3 0.000774541
-2.76 -0.24 0.000940075
-2.76 -0.18 0.0011253
-2.76 -0.12 0.00132853
-2.76 -0.06 0.00154689
-2.76 9.71445e-15 0.00177639
-2.76 0.06 0.00201189
-2.76 0.12 0.00224729
-2.76 0.18 0.00247576
-2.76 0.24 0.00268993
-2.76 0.3 0.0028825
-2.76 0.36 0.00304639
-2.76 0.42 0.00317532
-2.76 0.48 0.00326423
-2.76 0.54 0.00330954
-2.76 0.6 0.00330935
-2.76 0.66 0.00326369
-2.76 0.72 0.0031744
-2.76 0.78 0.00304509
-2.76 0.84 0.00288098
-2.76 0.9 0.0026882
-2.76 0.96 0.00247385
-2.76 1.02 0.0022453
-2.76 1.08 0.00200988
-2.76 1.14 0.0017744
-2.76 1.2 0.00154498
-2.76 1.26 0.00132674
-2.76 1.32 0.00112366
-2.76 1.38 0.000938596
-2.76 1.44 0.000773235
-2.76 1.5 0.000628249
-2.76 1.56 0.000503436
-2.76 1.62 0.000393343
-2.76 1.68 0.000306545
-2.76 1.74 0.000235617
-2.76 1.8 0.000178611
-2.76 1.86 0.000133535
-2.76 1.92 9.84643e-05
-2.7 -0.54 0.000428401
-2.7 -0.48 0.000549565
-2.7 -0.42 0.000695308
-2.7 -0.36 0.000867599
-2.7 -0.3 0.00106771
-2.7 -0.24 0.00129593
-2.7 -0.18 0.00155129
-2.7 -0.12 0.00183148
-2.7 -0.06 0.00213253
-2.7 9.71445e-15 0.00244894
-2.7 0.06 0.00277364
-2.7 0.12 0.00309823
-2.7 0.18 0.00341327
-2.7 0.24 0.0037086
-2.7 0.3 0.00397413
-2.7 0.36 0.00420017
-2.7 0.42 0.00437798
-2.7 0.48 0.00450068
-2.7 0.54 0.00456321
-2.7 0.6 0.00456302
-2.7 0.66 0.00450014
-2.7 0.72 0.00437711
-2.7 0.78 0.00419888
-2.7 0.84 0.00397263
-2.7 0.9 0.00370689
-2.7 0.96 0.00341134
-2.7 1.02 0.00309626
-2.7 1.08 0.00277166
-2.7 1.14 0.00244697
-2.7 1.2 0.00213064
-2.7 1.26 0.00182971
-2.7 1.32 0.00154967
-2.7 1.38 0.00129446
-2.7 1.44 0.00106642
-2.7 1.5 0.000866482
-2.7 1.56 0.000694356
-2.7 1.62 0.00054877
-2.7 1.68 0.000422152
-2.7 1.74 0.000324475
-2.7 1.8 0.00024597
-2.7 1.86 0.000183896
-2.7 1.92 0.000135599
-2.64 -0.6 0.000447818
-2.64 -0.54 0.000582485
-2.64 -0.48 0.000747238
-2.64 -0.42 0.000945414
-2.64 -0.36 0.0011797
-2.64 -0.3 0.00145183
-2.64 -0.24 0.00176217
-2.64 -0.18 0.00210943
-2.64 -0.12 0.00249046
-2.64 -0.06 0.00289988
-2.64 9.71445e-15 0.00333019
-2.64 0.06 0.00377178
-2.64 0.12 0.00421329
-2.64 0.18 0.00464178
-2.64 0.24 0.00504352
-2.64 0.3 0.00540472
-2.64 0.36 0.00571223
-2.64 0.42 0.00595416
-2.64 0.48 0.00612114
-2.64 0.54 0.0062063
-2.64 0.6 0.00620617
-2.64 0.66 0.00612074
-2.64 0.72 0.0059535
-2.64 0.78 0.00571124
-2.64 0.84 0.00540354
-2.64 0.9 0.00504221
-2.64 0.96 0.0046403
-2.64 1.02 0.00421177
-2.64 1.08 0.00377029
-2.64 1.14 0.0033287
-2.64 1.2 0.00289845
-2.64 1.26 0.00248913
-2.64 1.32 0.00210821
-2.64 1.38 0.00176106
-2.64 1.44 0.00145084
-2.64 1.5 0.00117886
-2.64 1.56 0.000944702
-2.64 1.62 0.000746642
-2.64 1.68 0.000581998
-2.64 1.74 0.000440705
-2.64 1.8 0.000334077
-2.64 1.86 0.000249769
-2.64 1.92 0.000184171
-2.64 1.98 0.000133933
-2.58 -0.66 0.000455388
-2.58 -0.6 0.000600595
-2.58 -0.54 0.000781217
-2.58 -0.48 0.00100219
-2.58 -0.42 0.001268
-2.58 -0.36 0.00158227
-2.58 -0.3 0.00194727
-2.58 -0.24 0.00236358
-2.58 -0.18 0.00282942
-2.58 -0.12 0.00334054
-2.58 -0.06 0.00388976
-2.58 9.71445e-15 0.00446705
-2.58 0.06 0.00505954
-2.58 0.12 0.00565186
-2.58 0.18 0.00622672
-2.58 0.24 0.00676584
-2.58 0.3 0.00725043
-2.58 0.36 0.00766316
-2.58 0.42 0.00798791
-2.58 0.48 0.00821212
-2.58 0.54 0.00832653
-2.58 0.6 0.00832651
-2.58 0.66 0.00821203
-2.58 0.72 0.00798779
-2.58 0.78 0.00766298
-2.58 0.84 0.00725023
-2.58 0.9 0.0067656
-2.58 0.96 0.00622648
-2.58 1.02 0.00565162
-2.58 1.08 0.00505933
-2.58 1.14 0.00446687
-2.58 1.2 0.00388958
-2.58 1.26 0.00334035
-2.58 1.32 0.00282925
-2.58 1.38 0.00236341
-2.58 1.44 0.00194716
-2.58 1.5 0.00158215
-2.58 1.56 0.00126793
-2.58 1.62 0.00100213
-2.58 1.68 0.000781166
-2.58 1.74 0.000600558
-2.58 1.8 0.000447509
-2.58 1.86 0.000334576
-2.58 1.92 0.000246702
-2.58 1.98 0.000179409
-2.52 -0.66 0.000602434
-2.52 -0.6 0.000794545
-2.52 -0.54 0.00103351
-2.52 -0.48 0.00132587
-2.52 -0.42 0.00167758
-2.52 -0.36 0.00209339
-2.52 -0.3 0.00257635
-2.52 -0.24 0.00312719
-2.52 -0.18 0.00374361
-2.52 -0.12 0.00442
-2.52 -0.06 0.00514683
-2.52 9.71445e-15 0.0059108
-2.52 0.06 0.00669489
-2.52 0.12 0.00747876
-2.52 0.18 0.00823969
-2.52 0.24 0.0089532
-2.52 0.3 0.00959475
-2.52 0.36 0.010141
-2.52 0.42 0.0105711
-2.52 0.48 0.010868
-2.52 0.54 0.0110197
-2.52 0.6 0.0110199
-2.52 0.66 0.0108687
-2.52 0.72 0.0105723
-2.52 0.78 0.0101425
-2.52 0.84 0.00959657
-2.52 0.9 0.00895516
-2.52 0.96 0.00824185
-2.52 1.02 0.00748109
-2.52 1.08 0.00669727
-2.52 1.14 0.00591315
-2.52 1.2 0.00514907
-2.52 1.26 0.00442212
-2.52 1.32 0.00374561
-2.52 1.38 0.00312896
-2.52 1.44 0.00257798
-2.52 1.5 0.00209478
-2.52 1.56 0.00167878
-2.52 1.62 0.00132689
-2.52 1.68 0.00103435
-2.52 1.74 0.000795233
-2.52 1.8 0.000591218
-2.52 1.86 0.000442016
-2.52 1.92 0.000325927
-2.52 1.98 0.00023702
-2.52 2.04 0.000169999
-2.46 -0.72 0.000587864
-2.46 -0.66 0.000786144
-2.46 -0.6 0.00103686
-2.46 -0.54 0.00134874
-2.46 -0.48 0.00173032
-2.46 -0.42 0.00218934
-2.46 -0.36 0.00273205
-2.46 -0.3 0.00336246
-2.46 -0.24 0.00408147
-2.46 -0.18 0.00488607
-2.46 -0.12 0.00576896
-2.46 -0.06 0.0067178
-2.46 9.71445e-15 0.00771515
-2.46 0.06 0.00873883
-2.46 0.12 0.00976234
-2.46 0.18 0.0107558
-2.46 0.24 0.0116874
-2.46 0.3 0.0125253
-2.46 0.36 0.0132388
-2.46 0.42 0.0138006
-2.46 0.48 0.0141884
-2.46 0.54 0.0143868
-2.46 0.6 0.0143876
-2.46 0.66 0.0141905
-2.46 0.72 0.0138037
-2.46 0.78 0.0132431
-2.46 0.84 0.0125382
-2.46 0.9 0.0117
-2.46 0.96 0.0107679
-2.46 1.02 0.00977375
-2.46 1.08 0.0087496
-2.46 1.14 0.00772518
-2.46 1.2 0.00672699
-2.46 1.26 0.00577726
-2.46 1.32 0.00489339
-2.46 1.38 0.00408675
-2.46 1.44 0.00336715
-2.46 1.5 0.00273614
-2.46 1.56 0.00219285
-2.46 1.62 0.00173328
-2.46 1.68 0.00135119
-2.46 1.74 0.00103886
-2.46 1.8 0.00078774
-2.46 1.86 0.000575935
-2.46 1.92 0.00042467
-2.46 1.98 0.000308829
-2.46 2.04 0.000221501
-2.4 -0.72 0.000756726
-2.4 -0.66 0.00101199
-2.4 -0.6 0.00133475
-2.4 -0.54 0.00173627
-2.4 -0.48 0.00222753
-2.4 -0.42 0.00281853
-2.4 -0.36 0.00351733
-2.4 -0.3 0.00432905
-2.4 -0.24 0.00525478
-2.4 -0.18 0.006291
-2.4 -0.12 0.00742791
-2.4 -0.06 0.00864979
-2.4 9.71445e-15 0.00993429
-2.4 0.06 0.0112527
-2.4 0.12 0.0125708
-2.4 0.18 0.0138505
-2.4 0.24 0.0150507
-2.4 0.3 0.0161302
-2.4 0.36 0.0170492
-2.4 0.42 0.0177734
-2.4 0.48 0.018298
-2.4 0.54 0.0185523
-2.4 0.6 0.0185518
-2.4 0.66 0.0182966
-2.4 0.72 0.0177972
-2.4 0.78 0.0170735
-2.4 0.84 0.0161543
-2.4 0.9 0.0150745
-2.4 0.96 0.0138738
-2.4 1.02 0.0125933
-2.4 1.08 0.0112739
-2.4 1.14 0.00995408
-2.4 1.2 0.00866801
-2.4 1.26 0.00744448
-2.4 1.32 0.00630583
-2.4 1.38 0.0052679
-2.4 1.44 0.00434034
-2.4 1.5 0.00352703
-2.4 1.56 0.00282669
-2.4 1.62 0.0022343
-2.4 1.68 0.0017418
-2.4 1.74 0.0013389
-2.4 1.8 0.00101531
-2.4 1.86 0.000759332
-2.4 1.92 0.000545722
-2.4 1.98 0.000396863
-2.4 2.04 0.000284642
-2.34 -0.78 0.000708647
-2.34 -0.72 0.000960916
-2.34 -0.66 0.0012851
-2.34 -0.6 0.00169502
-2.34 -0.54 0.00220498
-2.34 -0.48 0.00282893
-2.34 -0.42 0.00357956
-2.34 -0.36 0.00446717
-2.34 -0.3 0.00549814
-2.34 -0.24 0.00667427
-2.34 -0.18 0.00799045
-2.34 -0.12 0.00943485
-2.34 -0.06 0.0109872
-2.34 9.71445e-15 0.0126191
-2.34 0.06 0.0142942
-2.34 0.12 0.0159693
-2.34 0.18 0.0175953
-2.34 0.24 0.0191207
-2.34 0.3 0.0205392
-2.34 0.36 0.0217067
-2.34 0.42 0.0226254
-2.34 0.48 0.0232592
-2.34 0.54 0.0235826
-2.34 0.6 0.0235821
-2.34 0.66 0.0232577
-2.34 0.72 0.0226228
-2.34 0.78 0.0217031
-2.34 0.84 0.0205348
-2.34 0.9 0.0191627
-2.34 0.96 0.0176366
-2.34 1.02 0.016009
-2.34 1.08 0.0143322
-2.34 1.14 0.0126547
-2.34 1.2 0.01102
-2.34 1.26 0.00946462
-2.34 1.32 0.00801716
-2.34 1.38 0.00669772
-2.34 1.44 0.00551866
-2.34 1.5 0.00448458
-2.34 1.56 0.00359428
-2.34 1.62 0.00284113
-2.34 1.68 0.00221493
-2.34 1.74 0.00170302
-2.34 1.8 0.00129145
-2.34 1.86 0.00096589
-2.34 1.92 0.000691644
-2.34 1.98 0.000502983
-2.34 2.04 0.000360753
-2.34 2.1 0.000255184
-2.28 -0.84 0.000645631
-2.28 -0.78 0.000887694
-2.28 -0.72 0.00120375
-2.28 -0.66 0.00160989
-2.28 -0.6 0.00212346
-2.28 -0.54 0.00276241
-2.28 -0.48 0.00354422
-2.28 -0.42 0.00448477
-2.28 -0.36 0.00559702
-2.28 -0.3 0.00688908
-2.28 -0.24 0.00836284
-2.28 -0.18 0.0100124
-2.28 -0.12 0.0118225
-2.28 -0.06 0.0137682
-2.28 9.71445e-15 0.0158138
-2.28 0.06 0.0179137
-2.28 0.12 0.0200917
-2.28 0.18 0.0221312
-2.28 0.24 0.0240437
-2.28 0.3 0.025763
-2.28 0.36 0.0272263
-2.28 0.42 0.0283783
-2.28 0.48 0.0291728
-2.28 0.54 0.029578
-2.28 0.6 0.0295771
-2.28 0.66 0.0291704
-2.28 0.72 0.0283741
-2.28 0.78 0.027221
-2.28 0.84 0.0257558
-2.28 0.9 0.0240351
-2.28 0.96 0.0221213
-2.28 1.02 0.0200803
-2.28 1.08 0.0179772
-2.28 1.14 0.0158733
-2.28 1.2 0.0138233
-2.28 1.26 0.0118726
-2.28 1.32 0.0100571
-2.28 1.38 0.00840235
-2.28 1.44 0.00692326
-2.28 1.5 0.0056263
-2.28 1.56 0.00450945
-2.28 1.62 0.00356467
-2.28 1.68 0.00277912
-2.28 1.74 0.00213692
-2.28 1.8 0.00162053
-2.28 1.86 0.00121206
-2.28 1.92 0.000894085
-2.28 1.98 0.000628894
-2.28 2.04 0.000451046
-2.28 2.1 0.000318975
-2.22 -0.84 0.00079784
-2.22 -0.78 0.00109702
-2.22 -0.72 0.00148763
-2.22 -0.66 0.00198961
-2.22 -0.6 0.00262444
-2.22 -0.54 0.00341424
-2.22 -0.48 0.00438068
-2.22 -0.42 0.00554342
-2.22 -0.36 0.00691837
-2.22 -0.3 0.00851578
-2.22 -0.24 0.010338
-2.22 -0.18 0.0123775
-2.22 -0.12 0.0146159
-2.22 -0.06 0.0170219
-2.22 9.71445e-15 0.0196712
-2.22 0.06 0.0222731
-2.22 0.12 0.0248737
-2.22 0.18 0.0273972
-2.22 0.24 0.0297628
-2.22 0.3 0.0318896
-2.22 0.36 0.0337
-2.22 0.42 0.0351244
-2.22 0.48 0.0361066
-2.22 0.54 0.0366076
-2.22 0.6 0.0366063
-2.22 0.66 0.0361025
-2.22 0.72 0.0351168
-2.22 0.78 0.0336894
-2.22 0.84 0.0318765
-2.22 0.9 0.029747
-2.22 0.96 0.0273787
-2.22 1.02 0.0248527
-2.22 1.08 0.0222503
-2.22 1.14 0.0196469
-2.22 1.2 0.0171099
-2.22 1.26 0.0146959
-2.22 1.32 0.0124489
-2.22 1.38 0.0104009
-2.22 1.44 0.00857038
-2.22 1.5 0.00696504
-2.22 1.56 0.00558269
-2.22 1.62 0.00441323
-2.22 1.68 0.00344081
-2.22 1.74 0.0026458
-2.22 1.8 0.00200654
-2.22 1.86 0.00150084
-2.22 1.92 0.00110717
-2.22 1.98 0.000805526
-2.22 2.04 0.000556094
-2.22 2.1 0.000393351
-2.16 -0.84 0.000972688
-2.16 -0.78 0.00133748
-2.16 -0.72 0.00181377
-2.16 -0.66 0.00242592
-2.16 -0.6 0.00320005
-2.16 -0.54 0.00416323
-2.16 -0.48 0.00534189
-2.16 -0.42 0.00676004
-2.16 -0.36 0.00843711
-2.16 -0.3 0.0103855
-2.16 -0.24 0.0126083
-2.16 -0.18 0.0150963
-2.16 -0.12 0.0179982
-2.16 -0.06 0.0209458
-2.16 9.71445e-15 0.0240424
-2.16 0.06 0.0272194
-2.16 0.12 0.0303945
-2.16 0.18 0.0334751
-2.16 0.24 0.0363629
-2.16 0.3 0.0389583
-2.16 0.36 0.0411677
-2.16 0.42 0.0429053
-2.16 0.48 0.0441038
-2.16 0.54 0.0447142
-2.16 0.6 0.0447112
-2.16 0.66 0.044095
-2.16 0.72 0.0428906
-2.16 0.78 0.0411467
-2.16 0.84 0.0389322
-2.16 0.9 0.0363317
-2.16 0.96 0.0334391
-2.16 1.02 0.0303544
-2.16 1.08 0.0271763
-2.16 1.14 0.023997
-2.16 1.2 0.0208987
-2.16 1.26 0.0179505
-2.16 1.32 0.0152064
-2.16 1.38 0.012705
-2.16 1.44 0.0104694
-2.16 1.5 0.00850862
-2.16 1.56 0.0068202
-2.16 1.62 0.00539169
-2.16 1.68 0.00420384
-2.16 1.74 0.00323268
-2.16 1.8 0.00245173
-2.16 1.86 0.00183392
-2.16 1.92 0.00135295
-2.16 1.98 0.000984409
-2.16 2.04 0.000676197
-2.16 2.1 0.000478306
-2.16 2.16 0.000333679
-2.1 -0.9 0.000839152
-2.1 -0.84 0.00116997
-2.1 -0.78 0.0016088
-2.1 -0.72 0.00218183
-2.1 -0.66 0.0029183
-2.1 -0.6 0.00384972
-2.1 -0.54 0.00500863
-2.1 -0.48 0.0064269
-2.1 -0.42 0.00813343
-2.1 -0.36 0.0101517
-2.1 -0.3 0.0124967
-2.1 -0.24 0.0153998
-2.1 -0.18 0.0184177
-2.1 -0.12 0.0217263
-2.1 -0.06 0.0252793
-2.1 9.71445e-15 0.0290115
-2.1 0.06 0.0328401
-2.1 0.12 0.0366655
-2.1 0.18 0.0403765
-2.1 0.24 0.0438549
-2.1 0.3 0.0469804
-2.1 0.36 0.0496404
-2.1 0.42 0.0517319
-2.1 0.48 0.0531736
-2.1 0.54 0.0539063
-2.1 0.6 0.0539003
-2.1 0.66 0.0531554
-2.1 0.72 0.0517018
-2.1 0.78 0.049599
-2.1 0.84 0.0469283
-2.1 0.9 0.0437936
-2.1 0.96 0.0403067
-2.1 1.02 0.036589
-2.1 1.08 0.0327583
-2.1 1.14 0.0289262
-2.1 1.2 0.0251919
-2.1 1.26 0.0216385
-2.1 1.32 0.0183312
-2.1 1.38 0.0153162
-2.1 1.44 0.0126215
-2.1 1.5 0.010258
-2.1 1.56 0.00822274
-2.1 1.62 0.00650072
-2.1 1.68 0.00506878
-2.1 1.74 0.003898
-2.1 1.8 0.00295646
-2.1 1.86 0.00221157
-2.1 1.92 0.00163164
-2.1 1.98 0.00118726
-2.1 2.04 0.000852022
-2.1 2.1 0.000573631
-2.1 2.16 0.000400174
-2.04 -0.9 0.000995822
-2.04 -0.84 0.00138846
-2.04 -0.78 0.00190933
-2.04 -0.72 0.00258953
-2.04 -0.66 0.00346378
-2.04 -0.6 0.00456951
-2.04 -0.54 0.00594539
-2.04 -0.48 0.00762925
-2.04 -0.42 0.00965551
-2.04 -0.36 0.0120522
-2.04 -0.3 0.0151571
-2.04 -0.24 0.0183718
-2.04 -0.18 0.021965
-2.04 -0.12 0.0259033
-2.04 -0.06 0.0301313
-2.04 9.71445e-15 0.0345716
-2.04 0.06 0.0391253
-2.04 0.12 0.043674
-2.04 0.18 0.0480857
-2.04 0.24 0.0522203
-2.04 0.3 0.0559341
-2.04 0.36 0.0590934
-2.04 0.42 0.0615768
-2.04 0.48 0.0632868
-2.04 0.54 0.0641537
-2.04 0.6 0.0641417
-2.04 0.66 0.0632513
-2.04 0.72 0.0615191
-2.04 0.78 0.0590145
-2.04 0.84 0.0558351
-2.04 0.9 0.052104
-2.04 0.96 0.0479548
-2.04 1.02 0.0435315
-2.04 1.08 0.0389739
-2.04 1.14 0.0344148
-2.04 1.2 0.0299721
-2.04 1.26 0.0257447
-2.04 1.32 0.0218104
-2.04 1.38 0.0182236
-2.04 1.44 0.0150178
-2.04 1.5 0.012206
-2.04 1.56 0.00978455
-2.04 1.62 0.00773577
-2.04 1.68 0.00603206
-2.04 1.74 0.00463899
-2.04 1.8 0.00351868
-2.04 1.86 0.00263226
-2.04 1.92 0.00194212
-2.04 1.98 0.00141326
-2.04 2.04 0.00101428
-2.04 2.1 0.000678525
-2.04 2.16 0.000473342
-1.98 -0.96 0.000824736
-1.98 -0.9 0.001166
-1.98 -0.84 0.00162584
-1.98 -0.78 0.00223586
-1.98 -0.72 0.00303251
-1.98 -0.66 0.00405656
-1.98 -0.6 0.0053518
-1.98 -0.54 0.00696358
-1.98 -0.48 0.00893631
-1.98 -0.42 0.0116917
-1.98 -0.36 0.0145564
-1.98 -0.3 0.0178775
-1.98 -0.24 0.0216587
-1.98 -0.18 0.0258838
-1.98 -0.12 0.030513
-1.98 -0.06 0.0354808
-1.98 9.71445e-15 0.0406961
-1.98 0.06 0.0460426
-1.98 0.12 0.0513816
-1.98 0.18 0.056559
-1.98 0.24 0.0614082
-1.98 0.3 0.065763
-1.98 0.36 0.0694651
-1.98 0.42 0.0723725
-1.98 0.48 0.0743725
-1.98 0.54 0.0753821
-1.98 0.6 0.07536
-1.98 0.66 0.0743076
-1.98 0.72 0.0722672
-1.98 0.78 0.0693196
-1.98 0.84 0.0655825
-1.98 0.9 0.0611969
-1.98 0.96 0.0563217
-1.98 1.02 0.0511253
-1.98 1.08 0.045772
-1.98 1.14 0.0404173
-1.98 1.2 0.0351996
-1.98 1.26 0.0302354
-1.98 1.32 0.025615
-1.98 1.38 0.0214028
-1.98 1.44 0.0176383
-1.98 1.5 0.0143363
-1.98 1.56 0.0114926
-1.98 1.62 0.00908652
-1.98 1.68 0.0070856
-1.98 1.74 0.0054495
-1.98 1.8 0.00413365
-1.98 1.86 0.00309246
-1.98 1.92 0.00228182
-1.98 1.98 0.00166053
-1.98 2.04 0.00119183
-1.98 2.1 0.000843678
-1.98 2.16 0.000552229
-1.92 -0.96 0.000952822
-1.92 -0.9 0.00134717
-1.92 -0.84 0.00187853
-1.92 -0.78 0.00258355
-1.92 -0.72 0.00350427
-1.92 -0.66 0.00468788
-1.92 -0.6 0.00618508
-1.92 -0.54 0.00804834
-1.92 -0.48 0.0108278
-1.92 -0.42 0.013655
-1.92 -0.36 0.0169885
-1.92 -0.3 0.0208506
-1.92 -0.24 0.0252455
-1.92 -0.18 0.0301528
-1.92 -0.12 0.0355271
-1.92 -0.06 0.0412919
-1.92 9.71445e-15 0.0473409
-1.92 0.06 0.0535395
-1.92 0.12 0.059727
-1.92 0.18 0.0657231
-1.92 0.24 0.0713368
-1.92 0.3 0.0763748
-1.92 0.36 0.0806559
-1.92 0.42 0.0840138
-1.92 0.48 0.0863179
-1.92 0.54 0.0874749
-1.92 0.6 0.0874366
-1.92 0.66 0.0862038
-1.92 0.72 0.083826
-1.92 0.78 0.0803997
-1.92 0.84 0.0760585
-1.92 0.9 0.0709676
-1.92 0.96 0.0653105
-1.92 1.02 0.0592811
-1.92 1.08 0.053072
-1.92 1.14 0.0468623
-1.92 1.2 0.0408122
-1.92 1.26 0.035056
-1.92 1.32 0.0296986
-1.92 1.38 0.0248154
-1.92 1.44 0.0204508
-1.92 1.5 0.0166225
-1.92 1.56 0.0133259
-1.92 1.62 0.0105364
-1.92 1.68 0.00821649
-1.92 1.74 0.00631949
-1.92 1.8 0.00479377
-1.92 1.86 0.00358657
-1.92 1.92 0.00264653
-1.92 1.98 0.00192606
-1.92 2.04 0.00138249
-1.92 2.1 0.000978709
-1.92 2.16 0.00063545
-1.86 -0.96 0.00108626
-1.86 -0.9 0.00153591
-1.86 -0.84 0.00214189
-1.86 -0.78 0.00294588
-1.86 -0.72 0.00399603
-1.86 -0.66 0.00534603
-1.86 -0.6 0.00705392
-1.86 -0.54 0.0098126
-1.86 -0.48 0.0125301
-1.86 -0.42 0.0157862
-1.86 -0.36 0.0196218
-1.86 -0.3 0.0240623
-1.86 -0.24 0.0291107
-1.86 -0.18 0.0347446
-1.86 -0.12 0.0409094
-1.86 -0.06 0.0475184
-1.86 9.71445e-15 0.0544487
-1.86 0.06 0.0615456
-1.86 0.12 0.0686249
-1.86 0.18 0.0754817
-1.86 0.24 0.0818957
-1.86 0.3 0.0876495
-1.86 0.36 0.0925302
-1.86 0.42 0.0963552
-1.86 0.48 0.0989713
-1.86 0.54 0.100273
-1.86 0.6 0.100208
-1.86 0.66 0.0987763
-1.86 0.72 0.0960363
-1.86 0.78 0.0920975
-1.86 0.84 0.0871142
-1.86 0.9 0.0812725
-1.86 0.96 0.0747879
-1.86 1.02 0.0678787
-1.86 1.08 0.0607645
-1.86 1.14 0.053652
-1.86 1.2 0.0467232
-1.86 1.26 0.0401322
-1.86 1.32 0.0339988
-1.86 1.38 0.0284083
-1.86 1.44 0.0234117
-1.86 1.5 0.0190296
-1.86 1.56 0.0152556
-1.86 1.62 0.0120625
-1.86 1.68 0.0094069
-1.86 1.74 0.00723537
-1.86 1.8 0.00548881
-1.86 1.86 0.00410672
-1.86 1.92 0.00303051
-1.86 1.98 0.00220563
-1.86 2.04 0.00158328
-1.86 2.1 0.00112093
-1.86 2.16 0.000721224
-1.86 2.22 0.000496181
-1.8 -1.02 0.000852374
-1.8 -0.96 0.00122208
-1.8 -0.9 0.00172811
-1.8 -0.84 0.00241005
-1.8 -0.78 0.00331495
-1.8 -0.72 0.004497
-1.8 -0.66 0.0060167
-1.8 -0.6 0.00871838
-1.8 -0.54 0.0112675
-1.8 -0.48 0.0143688
-1.8 -0.42 0.0180801
-1.8 -0.36 0.0224473
-1.8 -0.3 0.0274971
-1.8 -0.24 0.033233
-1.8 -0.18 0.0396275
-1.8 -0.12 0.0466183
-1.8 -0.06 0.0541055
-1.8 9.71445e-15 0.0619509
-1.8 0.06 0.0699784
-1.8 0.12 0.0779791
-1.8 0.18 0.0857202
-1.8 0.24 0.0929574
-1.8 0.3 0.0994385
-1.8 0.36 0.104931
-1.8 0.42 0.109225
-1.8 0.48 0.11215
-1.8 0.54 0.113589
-1.8 0.6 0.113481
-1.8 0.66 0.11183
-1.8 0.72 0.108702
-1.8 0.78 0.104223
-1.8 0.84 0.0985629
-1.8 0.9 0.0919411
-1.8 0.96 0.0845918
-1.8 1.02 0.0767679
-1.8 1.08 0.0687152
-1.8 1.14 0.0606665
-1.8 1.2 0.0528282
-1.8 1.26 0.0453733
-1.8 1.32 0.0384373
-1.8 1.38 0.0321158
-1.8 1.44 0.0264666
-1.8 1.5 0.0215124
-1.8 1.56 0.0172461
-1.8 1.62 0.0136364
-1.8 1.68 0.0106346
-1.8 1.74 0.00817985
-1.8 1.8 0.00620552
-1.8 1.86 0.00464317
-1.8 1.92 0.00342652
-1.8 1.98 0.00249404
-1.8 2.04 0.00179038
-1.8 2.1 0.00126764
-1.8 2.16 0.000885216
-1.8 2.22 0.000555461
-1.74 -1.02 0.000946346
-1.74 -0.96 0.00135692
-1.74 -0.9 0.0019189
-1.74 -0.84 0.00267635
-1.74 -0.78 0.00368155
-1.74 -0.72 0.00499466
-1.74 -0.66 0.00761111
-1.74 -0.6 0.00995042
-1.74 -0.54 0.0128378
-1.74 -0.48 0.0163448
-1.74 -0.42 0.020535
-1.74 -0.36 0.0254582
-1.74 -0.3 0.0311437
-1.74 -0.24 0.0375928
-1.74 -0.18 0.044773
-1.74 -0.12 0.052614
-1.74 -0.06 0.0610026
-1.74 9.71445e-15 0.0697816
-1.74 0.06 0.0787542
-1.74 0.12 0.0876879
-1.74 0.18 0.0963214
-1.74 0.24 0.10438
-1.74 0.3 0.111588
-1.74 0.36 0.117683
-1.74 0.42 0.122433
-1.74 0.48 0.125651
-1.74 0.54 0.127207
-1.74 0.6 0.127036
-1.74 0.66 0.125143
-1.74 0.72 0.121603
-1.74 0.78 0.116557
-1.74 0.84 0.1102
-1.74 0.9 0.102771
-1.74 0.96 0.0945376
-1.74 1.02 0.0857771
-1.74 1.08 0.0767674
-1.74 1.14 0.0677667
-1.74 1.2 0.0590044
-1.74 1.26 0.0506731
-1.74 1.32 0.0429228
-1.74 1.38 0.035862
-1.74 1.44 0.0295522
-1.74 1.5 0.0240196
-1.74 1.56 0.0192557
-1.74 1.62 0.0152254
-1.74 1.68 0.0118737
-1.74 1.74 0.00913307
-1.74 1.8 0.00692877
-1.74 1.86 0.00518452
-1.74 1.92 0.00382619
-1.74 1.98 0.00278502
-1.74 2.04 0.0019994
-1.74 2.1 0.00141571
-1.74 2.16 0.000988688
-1.74 2.22 0.000613384
-1.68 -1.02 0.00103698
-1.68 -0.96 0.00148701
-1.68 -0.9 0.00210305
-1.68 -0.84 0.00293346
-1.68 -0.78 0.00403554
-1.68 -0.72 0.00654424
-1.68 -0.66 0.00865005
-1.68 -0.6 0.0112846
-1.68 -0.54 0.0145295
-1.68 -0.48 0.0184629
-1.68 -0.42 0.0231538
-1.68 -0.36 0.028655
-1.68 -0.3 0.0349968
-1.68 -0.24 0.0421783
-1.68 -0.18 0.0501614
-1.68 -0.12 0.058866
-1.68 -0.06 0.0681638
-1.68 9.71445e-15 0.0778802
-1.68 0.06 0.0877962
-1.68 0.12 0.0976542
-1.68 0.18 0.107167
-1.68 0.24 0.11603
-1.68 0.3 0.123941
-1.68 0.36 0.130612
-1.68 0.42 0.135789
-1.68 0.48 0.13927
-1.68 0.54 0.140912
-1.68 0.6 0.140647
-1.68 0.66 0.138485
-1.68 0.72 0.134508
-1.68 0.78 0.128875
-1.68 0.84 0.121802
-1.68 0.9 0.113555
-1.68 0.96 0.104426
-1.68 1.02 0.0947255
-1.68 1.08 0.0847567
-1.68 1.14 0.0748036
-1.68 1.2 0.0651201
-1.68 1.26 0.0559171
-1.68 1.32 0.0473591
-1.68 1.38 0.0395634
-1.68 1.44 0.0325997
-1.68 1.5 0.0264948
-1.68 1.56 0.0212388
-1.68 1.62 0.0167926
-1.68 1.68 0.0130956
-1.68 1.74 0.0100728
-1.68 1.8 0.00764172
-1.68 1.86 0.005718
-1.68 1.92 0.00422004
-1.68 1.98 0.00307181
-1.68 2.04 0.00220537
-1.68 2.1 0.00156165
-1.68 2.16 0.00109066
-1.68 2.22 0.00066816
-1.62 -1.02 0.00112161
-1.62 -0.96 0.0016085
-1.62 -0.9 0.00227507
-1.62 -0.84 0.00317372
-1.62 -0.78 0.00555461
-1.62 -0.72 0.00741948
-1.62 -0.66 0.00978246
-1.62 -0.6 0.012731
-1.62 -0.54 0.0163537
-1.62 -0.48 0.0207345
-1.62 -0.42 0.0259466
-1.62 -0.36 0.0320457
-1.62 -0.3 0.0390617
-1.62 -0.24 0.0469896
-1.62 -0.18 0.0557856
-1.62 -0.12 0.0653571
-1.62 -0.06 0.0755618
-1.62 9.71445e-15 0.0862063
-1.62 0.06 0.0970483
-1.62 0.12 0.107805
-1.62 0.18 0.118163
-1.62 0.24 0.127792
-1.62 0.3 0.136363
-1.62 0.36 0.143562
-1.62 0.42 0.14912
-1.62 0.48 0.152815
-1.62 0.54 0.154498
-1.62 0.6 0.154099
-1.62 0.66 0.151632
-1.62 0.72 0.147192
-1.62 0.78 0.140952
-1.62 0.84 0.133152
-1.62 0.9 0.124081
-1.62 0.96 0.114061
-1.62 1.02 0.103428
-1.62 1.08 0.0925133
-1.62 1.14 0.0816258
-1.62 1.2 0.0710407
-1.62 1.26 0.0609875
-1.62 1.32 0.0516437
-1.62 1.38 0.0431357
-1.62 1.44 0.0355376
-1.62 1.5 0.0288792
-1.62 1.56 0.0231477
-1.62 1.62 0.0183005
-1.62 1.68 0.0142707
-1.62 1.74 0.0109762
-1.62 1.8 0.00832681
-1.62 1.86 0.00623052
-1.62 1.92 0.00459823
-1.62 1.98 0.00334715
-1.62 2.04 0.00240312
-1.62 2.1 0.00170172
-1.62 2.16 0.00118853
-1.62 2.22 0.000818744
-1.56 -1.02 0.00119753
-1.56 -0.96 0.00171756
-1.56 -0.9 0.00242955
-1.56 -0.84 0.00466236
-1.56 -0.78 0.00629138
-1.56 -0.72 0.00838044
-1.56 -0.66 0.0110194
-1.56 -0.6 0.0143029
-1.56 -0.54 0.0183254
-1.56 -0.48 0.0231761
-1.56 -0.42 0.0289315
-1.56 -0.36 0.0356481
-1.56 -0.3 0.0433549
-1.56 -0.24 0.0520415
-1.56 -0.18 0.0616551
-1.56 -0.12 0.0720912
-1.56 -0.06 0.0831914
-1.56 9.71445e-15 0.0947421
-1.56 0.06 0.106478
-1.56 0.12 0.118094
-1.56 0.18 0.129248
-1.56 0.24 0.139583
-1.56 0.3 0.148751
-1.56 0.36 0.156413
-1.56 0.42 0.162283
-1.56 0.48 0.166128
-1.56 0.54 0.167793
-1.56 0.6 0.167209
-1.56 0.66 0.164394
-1.56 0.72 0.159456
-1.56 0.78 0.152589
-1.56 0.84 0.144052
-1.56 0.9 0.134158
-1.56 0.96 0.123258
-1.56 1.02 0.111713
-1.56 1.08 0.0998793
-1.56 1.14 0.0880905
-1.56 1.2 0.07664
-1.56 1.26 0.0657728
-1.56 1.32 0.0556799
-1.56 1.38 0.0464956
-1.56 1.44 0.0382974
-1.56 1.5 0.0311158
-1.56 1.56 0.0249364
-1.56 1.62 0.019712
-1.56 1.68 0.0153696
-1.56 1.74 0.0118202
-1.56 1.8 0.00896647
-1.56 1.86 0.00670881
-1.56 1.92 0.00495103
-1.56 1.98 0.00360387
-1.56 2.04 0.00258742
-1.56 2.1 0.00183224
-1.56 2.16 0.00127972
-1.56 2.22 0.000881594
-1.5 -1.08 0.000867888
-1.5 -1.02 0.00126225
-1.5 -0.96 0.00181058
-1.5 -0.9 0.00387357
-1.5 -0.84 0.00527996
-1.5 -0.78 0.00710449
-1.5 -0.72 0.00943655
-1.5 -0.66 0.012373
-1.5 -0.6 0.0160149
-1.5 -0.54 0.0204621
-1.5 -0.48 0.0258079
-1.5 -0.42 0.0321312
-1.5 -0.36 0.0394881
-1.5 -0.3 0.0479037
-1.5 -0.24 0.0573617
-1.5 -0.18 0.0677975
-1.5 -0.12 0.0790928
-1.5 -0.06 0.0910724
-1.5 9.71445e-15 0.1035
-1.5 0.06 0.116091
-1.5 0.12 0.128512
-1.5 0.18 0.140396
-1.5 0.24 0.151367
-1.5 0.3 0.161049
-1.5 0.36 0.16909
-1.5 0.42 0.175188
-1.5 0.48 0.179101
-1.5 0.54 0.180674
-1.5 0.6 0.179837
-1.5 0.66 0.17662
-1.5 0.72 0.171145
-1.5 0.78 0.163625
-1.5 0.84 0.154339
-1.5 0.9 0.143627
-1.5 0.96 0.131864
-1.5 1.02 0.119434
-1.5 1.08 0.106719
-1.5 1.14 0.0940725
-1.5 1.2 0.0818041
-1.5 1.26 0.0701734
-1.5 1.32 0.0593811
-1.5 1.38 0.0495688
-1.5 1.44 0.0408159
-1.5 1.5 0.0331526
-1.5 1.56 0.0265622
-1.5 1.62 0.0209926
-1.5 1.68 0.016365
-1.5 1.74 0.0125838
-1.5 1.8 0.00954442
-1.5 1.86 0.00714052
-1.5 1.92 0.00526916
-1.5 1.98 0.00383519
-1.5 2.04 0.00275335
-1.5 2.1 0.00194969
-1.5 2.16 0.00136175
-1.5 2.22 0.000938101
-1.44 -1.08 0.000903081
-1.44 -1.02 0.00131358
-1.44 -0.96 0.00318507
-1.44 -0.9 0.00438614
-1.44 -0.84 0.00596211
-1.44 -0.78 0.00799987
-1.44 -0.72 0.0105959
-1.44 -0.66 0.0138537
-1.44 -0.6 0.0178804
-1.44 -0.54 0.0227808
-1.44 -0.48 0.0286512
-1.44 -0.42 0.0355713
-1.44 -0.36 0.0435954
-1.44 -0.3 0.0527422
-1.44 -0.24 0.0629873
-1.44 -0.18 0.074253
-1.44 -0.12 0.0864048
-1.44 -0.06 0.0992469
-1.44 9.71445e-15 0.112523
-1.44 0.06 0.125923
-1.44 0.12 0.139088
-1.44 0.18 0.15163
-1.44 0.24 0.163151
-1.44 0.3 0.173255
-1.44 0.36 0.181577
-1.44 0.42 0.187802
-1.44 0.48 0.191687
-1.44 0.54 0.193075
-1.44 0.6 0.191906
-1.44 0.66 0.18822
-1.44 0.72 0.182158
-1.44 0.78 0.173951
-1.44 0.84 0.163901
-1.44 0.9 0.152373
-1.44 0.96 0.139764
-1.44 1.02 0.126482
-1.44 1.08 0.112928
-1.44 1.14 0.0994737
-1.44 1.2 0.0864436
-1.44 1.26 0.0741085
-1.44 1.32 0.0626776
-1.44 1.38 0.0522943
-1.44 1.44 0.0430413
-1.44 1.5 0.034946
-1.44 1.56 0.027989
-1.44 1.62 0.0221133
-1.44 1.68 0.0172339
-1.44 1.74 0.0132487
-1.44 1.8 0.0100466
-1.44 1.86 0.00751485
-1.44 1.92 0.00554452
-1.44 1.98 0.00403512
-1.44 2.04 0.00289661
-1.44 2.1 0.00205095
-1.44 2.16 0.00143238
-1.44 2.22 0.000986725
-1.38 -1.08 0.000927854
-1.38 -1.02 0.00134979
-1.38 -0.96 0.00360319
-1.38 -0.9 0.00494953
-1.38 -0.84 0.00671079
-1.38 -0.78 0.00898078
-1.38 -0.72 0.0118631
-1.38 -0.66 0.0154683
-1.38 -0.6 0.0199088
-1.38 -0.54 0.0252941
-1.38 -0.48 0.0317225
-1.38 -0.42 0.0392731
-1.38 -0.36 0.0479959
-1.38 -0.3 0.0579031
-1.38 -0.24 0.0689568
-1.38 -0.18 0.0810663
-1.38 -0.12 0.0940762
-1.38 -0.06 0.107771
-1.38 9.71445e-15 0.121868
-1.38 0.06 0.136033
-1.38 0.12 0.149885
-1.38 0.18 0.163012
-1.38 0.24 0.174993
-1.38 0.3 0.18542
-1.38 0.36 0.193912
-1.38 0.42 0.200154
-1.38 0.48 0.203901
-1.38 0.54 0.205001
-1.38 0.6 0.203405
-1.38 0.66 0.199174
-1.38 0.72 0.192463
-1.38 0.78 0.183524
-1.38 0.84 0.172689
-1.38 0.9 0.160338
-1.38 0.96 0.146897
-1.38 1.02 0.132792
-1.38 1.08 0.118441
-1.38 1.14 0.104231
-1.38 1.2 0.0904997
-1.38 1.26 0.0775251
-1.38 1.32 0.0655196
-1.38 1.38 0.0546289
-1.38 1.44 0.0449354
-1.38 1.5 0.0364642
-1.38 1.56 0.0291903
-1.38 1.62 0.0230521
-1.38 1.68 0.0179584
-1.38 1.74 0.0138008
-1.38 1.8 0.010462
-1.38 1.86 0.00782325
-1.38 1.92 0.00577073
-1.38 1.98 0.00419884
-1.38 2.04 0.00301361
-1.38 2.1 0.00213349
-1.38 2.16 0.00148983
-1.38 2.22 0.0010262
-1.32 -1.08 0.000941387
-1.32 -1.02 0.00292208
-1.32 -0.96 0.00405826
-1.32 -0.9 0.00556246
-1.32 -0.84 0.00752442
-1.32 -0.78 0.0100459
-1.32 -0.72 0.0132377
-1.32 -0.66 0.0172168
-1.32 -0.6 0.022102
-1.32 -0.54 0.028006
-1.32 -0.48 0.0350288
-1.32 -0.42 0.0432473
-1.32 -0.36 0.0527065
-1.32 -0.3 0.0634071
-1.32 -0.24 0.0752996
-1.32 -0.18 0.0882738
-1.32 -0.12 0.102153
-1.32 -0.06 0.116695
-1.32 9.71445e-15 0.131597
-1.32 0.06 0.146494
-1.32 0.12 0.16098
-1.32 0.18 0.17462
-1.32 0.24 0.186978
-1.32 0.3 0.197625
-1.32 0.36 0.206182
-1.32 0.42 0.212326
-1.32 0.48 0.215819
-1.32 0.54 0.21652
-1.32 0.6 0.214397
-1.32 0.66 0.209527
-1.32 0.72 0.202091
-1.32 0.78 0.192368
-1.32 0.84 0.180708
-1.32 0.9 0.167525
-1.32 0.96 0.153256
-1.32 1.02 0.138351
-1.32 1.08 0.123242
-1.32 1.14 0.108327
-1.32 1.2 0.0939515
-1.32 1.26 0.0803989
-1.32 1.32 0.0678834
-1.32 1.38 0.0565504
-1.32 1.44 0.0464785
-1.32 1.5 0.0376884
-1.32 1.56 0.0301503
-1.32 1.62 0.0237954
-1.32 1.68 0.0185272
-1.32 1.74 0.0142307
-1.32 1.8 0.010783
-1.32 1.86 0.00806018
-1.32 1.92 0.00594332
-1.32 1.98 0.0043231
-1.32 2.04 0.00310187
-1.32 2.1 0.00219546
-1.32 2.16 0.0015328
-1.32 2.22 0.0010556
-1.32 2.28 0.000433545
-1.26 -1.08 0.00233425
-1.26 -1.02 0.00327949
-1.26 -0.96 0.00454657
-1.26 -0.9 0.00622
-1.26 -0.84 0.00839746
-1.26 -0.78 0.0111882
-1.26 -0.72 0.0147111
-1.26 -0.66 0.0190904
-1.26 -0.6 0.0244501
-1.26 -0.54 0.0309067
-1.26 -0.48 0.0385611
-1.26 -0.42 0.0474869
-1.26 -0.36 0.0577211
-1.26 -0.3 0.069255
-1.26 -0.24 0.0820205
-1.26 -0.18 0.0958873
-1.26 -0.12 0.110657
-1.26 -0.06 0.126057
-1.26 9.71445e-15 0.141755
-1.26 0.06 0.15736
-1.26 0.12 0.172439
-1.26 0.18 0.186536
-1.26 0.24 0.199191
-1.26 0.3 0.209973
-1.26 0.36 0.21849
-1.26 0.42 0.224422
-1.26 0.48 0.227546
-1.26 0.54 0.227735
-1.26 0.6 0.224977
-1.26 0.66 0.219373
-1.26 0.72 0.211132
-1.26 0.78 0.200558
-1.26 0.84 0.188035
-1.26 0.9 0.17399
-1.26 0.96 0.158887
-1.26 1.02 0.143193
-1.26 1.08 0.127355
-1.26 1.14 0.111776
-1.26 1.2 0.0968086
-1.26 1.26 0.0827364
-1.26 1.32 0.0697724
-1.26 1.38 0.0580584
-1.26 1.44 0.0476685
-1.26 1.5 0.038616
-1.26 1.56 0.0308652
-1.26 1.62 0.0243398
-1.26 1.68 0.0189367
-1.26 1.74 0.0145354
-1.26 1.8 0.011007
-1.26 1.86 0.00822298
-1.26 1.92 0.00606033
-1.26 1.98 0.00440614
-1.26 2.04 0.00316021
-1.26 2.1 0.00223592
-1.26 2.16 0.00156056
-1.26 2.22 0.00107442
-1.26 2.28 0.000458956
-1.2 -1.08 0.00260602
-1.2 -1.02 0.00365629
-1.2 -0.96 0.0050616
-1.2 -0.9 0.00691397
-1.2 -0.84 0.00931904
-1.2 -0.78 0.0123945
-1.2 -0.72 0.0162676
-1.2 -0.66 0.0210697
-1.2 -0.6 0.0269306
-1.2 -0.54 0.0339705
-1.2 -0.48 0.04229
-1.2 -0.42 0.05196
-1.2 -0.36 0.0630093
-1.2 -0.3 0.0754143
-1.2 -0.24 0.0890906
-1.2 -0.18 0.103884
-1.2 -0.12 0.119567
-1.2 -0.06 0.135841
-1.2 9.71445e-15 0.152342
-1.2 0.06 0.168646
-1.2 0.12 0.184292
-1.2 0.18 0.198802
-1.2 0.24 0.2117
-1.2 0.3 0.222539
-1.2 0.36 0.230927
-1.2 0.42 0.236555
-1.2 0.48 0.239205
-1.2 0.54 0.238773
-1.2 0.6 0.235274
-1.2 0.66 0.228839
-1.2 0.72 0.21971
-1.2 0.78 0.208218
-1.2 0.84 0.194773
-1.2 0.9 0.179832
-1.2 0.96 0.163882
-1.2 1.02 0.147402
-1.2 1.08 0.130849
-1.2 1.14 0.114637
-1.2 1.2 0.0991174
-1.2 1.26 0.0845741
-1.2 1.32 0.0712156
-1.2 1.38 0.0591756
-1.2 1.44 0.0485216
-1.2 1.5 0.0392591
-1.2 1.56 0.0313427
-1.2 1.62 0.0246903
-1.2 1.68 0.0191908
-1.2 1.74 0.0147171
-1.2 1.8 0.0111354
-1.2 1.86 0.00831257
-1.2 1.92 0.00612205
-1.2 1.98 0.00444824
-1.2 2.04 0.00318858
-1.2 2.1 0.00225483
-1.2 2.16 0.00157299
-1.2 2.22 0.00108254
-1.2 2.28 0.000479959
-1.14 -1.14 0.00193571
-1.14 -1.08 0.00288671
-1.14 -1.02 0.0040458
-1.14 -0.96 0.00559436
-1.14 -0.9 0.00763231
-1.14 -0.84 0.0102737
-1.14 -0.78 0.0136451
-1.14 -0.72 0.0178821
-1.14 -0.66 0.0231239
-1.14 -0.6 0.0295065
-1.14 -0.54 0.0371534
-1.14 -0.48 0.0461658
-1.14 -0.42 0.0566097
-1.14 -0.36 0.0685062
-1.14 -0.3 0.0818163
-1.14 -0.24 0.0964371
-1.14 -0.18 0.112188
-1.14 -0.12 0.128815
-1.14 -0.06 0.145983
-1.14 9.71445e-15 0.163299
-1.14 0.06 0.180304
-1.14 0.12 0.196508
-1.14 0.18 0.211405
-1.14 0.24 0.224505
-1.14 0.3 0.235347
-1.14 0.36 0.243543
-1.14 0.42 0.248784
-1.14 0.48 0.250875
-1.14 0.54 0.249734
-1.14 0.6 0.245406
-1.14 0.66 0.238053
-1.14 0.72 0.227953
-1.14 0.78 0.215473
-1.14 0.84 0.201052
-1.14 0.9 0.185178
-1.14 0.96 0.168354
-1.14 1.02 0.151078
-1.14 1.08 0.133819
-1.14 1.14 0.116993
-1.14 1.2 0.100951
-1.14 1.26 0.0859735
-1.14 1.32 0.0722622
-1.14 1.38 0.0599421
-1.14 1.44 0.0490707
-1.14 1.5 0.0396421
-1.14 1.56 0.0316038
-1.14 1.62 0.0248626
-1.14 1.68 0.0193004
-1.14 1.74 0.0147839
-1.14 1.8 0.0111739
-1.14 1.86 0.00833298
-1.14 1.92 0.00613144
-1.14 1.98 0.00445129
-1.14 2.04 0.00318828
-1.14 2.1 0.002253
-1.14 2.16 0.00157073
-1.14 2.22 0.000728391
-1.14 2.28 0.000496079
-1.08 -1.14 0.00215204
-1.08 -1.08 0.00317021
-1.08 -1.02 0.00443956
-1.08 -0.96 0.00613344
-1.08 -0.9 0.00835983
-1.08 -0.84 0.0112414
-1.08 -0.78 0.0149138
-1.08 -0.72 0.0195216
-1.08 -0.66 0.0252117
-1.08 -0.6 0.0321267
-1.08 -0.54 0.0403937
-1.08 -0.48 0.0501146
-1.08 -0.42 0.061351
-1.08 -0.36 0.0741148
-1.08 -0.3 0.0883528
-1.08 -0.24 0.10394
-1.08 -0.18 0.120673
-1.08 -0.12 0.138263
-1.08 -0.06 0.156346
-1.08 9.71445e-15 0.174489
-1.08 0.06 0.192204
-1.08 0.12 0.208965
-1.08 0.18 0.224241
-1.08 0.24 0.237522
-1.08 0.3 0.248337
-1.08 0.36 0.256296
-1.08 0.42 0.2611
-1.08 0.48 0.262573
-1.08 0.54 0.260657
-1.08 0.6 0.255431
-1.08 0.66 0.247094
-1.08 0.72 0.235959
-1.08 0.78 0.222435
-1.08 0.84 0.206989
-1.08 0.9 0.190143
-1.08 0.96 0.172419
-1.08 1.02 0.154337
-1.08 1.08 0.136369
-1.08 1.14 0.118937
-1.08 1.2 0.102393
-1.08 1.26 0.0870084
-1.08 1.32 0.0729762
-1.08 1.38 0.0604117
-1.08 1.44 0.0493588
-1.08 1.5 0.0398019
-1.08 1.56 0.0316756
-1.08 1.62 0.0248778
-1.08 1.68 0.0192823
-1.08 1.74 0.0147486
-1.08 1.8 0.011132
-1.08 1.86 0.00829112
-1.08 1.92 0.0060934
-1.08 1.98 0.00441883
-1.08 2.04 0.00316175
-1.08 2.1 0.00223219
-1.08 2.16 0.00155486
-1.08 2.22 0.000745212
-1.08 2.28 0.000507058
-1.02 -1.2 0.00164716
-1.02 -1.14 0.00236374
-1.02 -1.08 0.00344952
-1.02 -1.02 0.00482778
-1.02 -0.96 0.00666545
-1.02 -0.9 0.00907851
-1.02 -0.84 0.0121983
-1.02 -0.78 0.0161699
-1.02 -0.72 0.0211463
-1.02 -0.66 0.0272828
-1.02 -0.6 0.0347288
-1.02 -0.54 0.0436153
-1.02 -0.48 0.0540441
-1.02 -0.42 0.0660741
-1.02 -0.36 0.0797079
-1.02 -0.3 0.0948769
-1.02 -0.24 0.111438
-1.02 -0.18 0.129158
-1.02 -0.12 0.147719
-1.02 -0.06 0.166725
-1.02 9.71445e-15 0.185704
-1.02 0.06 0.204132
-1.02 0.12 0.221454
-1.02 0.18 0.237108
-1.02 0.24 0.250564
-1.02 0.3 0.26134
-1.02 0.36 0.269044
-1.02 0.42 0.27339
-1.02 0.48 0.274215
-1.02 0.54 0.27149
-1.02 0.6 0.265328
-1.02 0.66 0.255968
-1.02 0.72 0.243763
-1.02 0.78 0.229156
-1.02 0.84 0.212657
-1.02 0.9 0.194811
-1.02 0.96 0.176173
-1.02 1.02 0.157271
-1.02 1.08 0.138592
-1.02 1.14 0.120562
-1.02 1.2 0.103528
-1.02 1.26 0.0877551
-1.02 1.32 0.0734257
-1.02 1.38 0.0606427
-1.02 1.44 0.0494363
-1.02 1.5 0.0397787
-1.02 1.56 0.0315917
-1.02 1.62 0.0247633
-1.02 1.68 0.0191577
-1.02 1.74 0.0146272
-1.02 1.8 0.0110219
-1.02 1.86 0.00819617
-1.02 1.92 0.00601462
-1.02 1.98 0.00435562
-1.02 2.04 0.0031125
-1.02 2.1 0.00219473
-1.02 2.16 0.00152704
-1.02 2.22 0.000754708
-1.02 2.28 0.00051291
-0.96 -1.2 0.00178721
-0.96 -1.14 0.0025652
-0.96 -1.08 0.00371685
-0.96 -1.02 0.00519979
-0.96 -0.96 0.00717577
-0.96 -0.9 0.00976857
-0.96 -0.84 0.0131182
-0.96 -0.78 0.0173783
-0.96 -0.72 0.022711
-0.96 -0.66 0.0292801
-0.96 -0.6 0.0372406
-0.96 -0.54 0.0467291
-0.96 -0.48 0.0578473
-0.96 -0.42 0.0706509
-0.96 -0.36 0.0851339
-0.96 -0.3 0.101214
-0.96 -0.24 0.118729
-0.96 -0.18 0.137419
-0.96 -0.12 0.156937
-0.96 -0.06 0.176853
-0.96 9.71445e-15 0.196659
-0.96 0.06 0.215794
-0.96 0.12 0.233673
-0.96 0.18 0.249706
-0.96 0.24 0.263339
-0.96 0.3 0.27408
-0.96 0.36 0.281534
-0.96 0.42 0.285425
-0.96 0.48 0.285601
-0.96 0.54 0.28207
-0.96 0.6 0.274973
-0.96 0.66 0.264585
-0.96 0.72 0.251305
-0.96 0.78 0.235613
-0.96 0.84 0.218056
-0.96 0.9 0.19921
-0.96 0.96 0.179656
-0.96 1.02 0.159938
-0.96 1.08 0.140556
-0.96 1.14 0.121936
-0.96 1.2 0.104425
-0.96 1.26 0.0882797
-0.96 1.32 0.0736716
-0.96 1.38 0.0606896
-0.96 1.44 0.0493513
-0.96 1.5 0.0396138
-0.96 1.56 0.0313867
-0.96 1.62 0.0245469
-0.96 1.68 0.0189489
-0.96 1.74 0.0144376
-0.96 1.8 0.0108572
-0.96 1.86 0.00805838
-0.96 1.92 0.00590286
-0.96 1.98 0.00426734
-0.96 2.04 0.00304452
-0.96 2.1 0.00214353
-0.96 2.16 0.00148929
-0.96 2.22 0.00075725
-0.96 2.28 0.000513885
-0.9 -1.26 0.00131637
-0.9 -1.2 0.00191609
-0.9 -1.14 0.00275074
-0.9 -1.08 0.00396412
-0.9 -1.02 0.00554425
-0.9 -0.96 0.00764887
-0.9 -0.9 0.010409
-0.9 -0.84 0.0139727
-0.9 -0.78 0.0185022
-0.9 -0.72 0.0241684
-0.9 -0.66 0.031142
-0.9 -0.6 0.0395857
-0.9 -0.54 0.0496386
-0.9 -0.48 0.0614054
-0.9 -0.42 0.0749388
-0.9 -0.36 0.0902237
-0.9 -0.3 0.107167
-0.9 -0.24 0.125584
-0.9 -0.18 0.145198
-0.9 -0.12 0.165629
-0.9 -0.06 0.186413
-0.9 9.71445e-15 0.207013
-0.9 0.06 0.226832
-0.9 0.12 0.24525
-0.9 0.18 0.261655
-0.9 0.24 0.275466
-0.9 0.3 0.286185
-0.9 0.36 0.293407
-0.9 0.42 0.296863
-0.9 0.48 0.296429
-0.9 0.54 0.292122
-0.9 0.6 0.284126
-0.9 0.66 0.272752
-0.9 0.72 0.258432
-0.9 0.78 0.241688
-0.9 0.84 0.223107
-0.9 0.9 0.20329
-0.9 0.96 0.182846
-0.9 1.02 0.162339
-0.9 1.08 0.142276
-0.9 1.14 0.12309
-0.9 1.2 0.105123
-0.9 1.26 0.0886249
-0.9 1.32 0.073757
-0.9 1.38 0.0605953
-0.9 1.44 0.0491428
-0.9 1.5 0.0393427
-0.9 1.56 0.0310914
-0.9 1.62 0.0242547
-0.9 1.68 0.0186773
-0.9 1.74 0.0141969
-0.9 1.8 0.0106517
-0.9 1.86 0.00788833
-0.9 1.92 0.00576606
-0.9 1.98 0.00415997
-0.9 2.04 0.00296218
-0.9 2.1 0.00208172
-0.9 2.16 0.00144382
-0.9 2.22 0.000753513
-0.9 2.28 0.000510447
-0.84 -1.26 0.00139429
-0.84 -1.2 0.00202993
-0.84 -1.14 0.00291478
-0.84 -1.08 0.00418352
-0.84 -1.02 0.00585021
-0.84 -0.96 0.00806943
-0.84 -0.9 0.0109789
-0.84 -0.84 0.0147342
-0.84 -0.78 0.0195051
-0.84 -0.72 0.0254696
-0.84 -0.66 0.0328071
-0.84 -0.6 0.0416844
-0.84 -0.54 0.0522471
-0.84 -0.48 0.0645992
-0.84 -0.42 0.0787909
-0.84 -0.36 0.0948018
-0.84 -0.3 0.112528
-0.84 -0.24 0.131768
-0.84 -0.18 0.15222
-0.84 -0.12 0.173485
-0.84 -0.06 0.195067
-0.84 9.71445e-15 0.216395
-0.84 0.06 0.236842
-0.84 0.12 0.255764
-0.84 0.18 0.272516
-0.84 0.24 0.286499
-0.84 0.3 0.297204
-0.84 0.36 0.304223
-0.84 0.42 0.307292
-0.84 0.48 0.306293
-0.84 0.54 0.301282
-0.84 0.6 0.292457
-0.84 0.66 0.28017
-0.84 0.72 0.264888
-0.84 0.78 0.247172
-0.84 0.84 0.227637
-0.84 0.9 0.206921
-0.84 0.96 0.185651
-0.84 1.02 0.164409
-0.84 1.08 0.143716
-0.84 1.14 0.124006
-0.84 1.2 0.10562
-0.84 1.26 0.0888022
-0.84 1.32 0.0737014
-0.84 1.38 0.0603833
-0.84 1.44 0.0488353
-0.84 1.5 0.0389894
-0.84 1.56 0.0307286
-0.84 1.62 0.0239069
-0.84 1.68 0.0183607
-0.84 1.74 0.0139199
-0.84 1.8 0.0104173
-0.84 1.86 0.0076956
-0.84 1.92 0.00561162
-0.84 1.98 0.00403914
-0.84 2.04 0.00286966
-0.84 2.1 0.00201237
-0.84 2.16 0.00108675
-0.84 2.22 0.000744382
-0.84 2.28 0.000503208
-0.78 -1.32 0.00098846
-0.78 -1.26 0.00145943
-0.78 -1.2 0.0021252
-0.78 -1.14 0.00305226
-0.78 -1.08 0.00436751
-0.78 -1.02 0.00610706
-0.78 -0.96 0.00842298
-0.78 -0.9 0.0114586
-0.78 -0.84 0.0153759
-0.78 -0.78 0.0203511
-0.78 -0.72 0.0265695
-0.78 -0.66 0.0342154
-0.78 -0.6 0.0434628
-0.78 -0.54 0.0544587
-0.78 -0.48 0.0673094
-0.78 -0.42 0.0820643
-0.78 -0.36 0.0986973
-0.78 -0.3 0.117093
-0.78 -0.24 0.137039
-0.78 -0.18 0.158217
-0.78 -0.12 0.180198
-0.78 -0.06 0.202468
-0.78 9.71445e-15 0.224424
-0.78 0.06 0.245421
-0.78 0.12 0.264777
-0.78 0.18 0.281829
-0.78 0.24 0.295966
-0.78 0.3 0.306659
-0.78 0.36 0.313499
-0.78 0.42 0.316228
-0.78 0.48 0.314745
-0.78 0.54 0.309113
-0.78 0.6 0.299563
-0.78 0.66 0.286477
-0.78 0.72 0.270354
-0.78 0.78 0.251784
-0.78 0.84 0.231412
-0.78 0.9 0.209905
-0.78 0.96 0.18791
-0.78 1.02 0.166028
-0.78 1.08 0.144786
-0.78 1.14 0.124622
-0.78 1.2 0.105877
-0.78 1.26 0.0887871
-0.78 1.32 0.0734953
-0.78 1.38 0.0600522
-0.78 1.44 0.0484361
-0.78 1.5 0.0385643
-0.78 1.56 0.0303096
-0.78 1.62 0.023516
-0.78 1.68 0.0180107
-0.78 1.74 0.0136171
-0.78 1.8 0.0101631
-0.78 1.86 0.00748776
-0.78 1.92 0.00544571
-0.78 1.98 0.00390967
-0.78 2.04 0.00277068
-0.78 2.1 0.00193822
-0.78 2.16 0.00106962
-0.78 2.22 0.000730818
-0.78 2.28 0.000492854
-0.72 -1.32 0.00102224
-0.72 -1.26 0.00150962
-0.72 -1.2 0.00219879
-0.72 -1.14 0.00315861
-0.72 -1.08 0.00447513
-0.72 -1.02 0.00630574
-0.72 -0.96 0.00869686
-0.72 -0.9 0.0118309
-0.72 -0.84 0.0158744
-0.72 -0.78 0.0210093
-0.72 -0.72 0.0274259
-0.72 -0.66 0.0353137
-0.72 -0.6 0.0448509
-0.72 -0.54 0.0561872
-0.72 -0.48 0.0694313
-0.72 -0.42 0.0846297
-0.72 -0.36 0.101753
-0.72 -0.3 0.120678
-0.72 -0.24 0.141181
-0.72 -0.18 0.162926
-0.72 -0.12 0.185476
-0.72 -0.06 0.208287
-0.72 9.71445e-15 0.230742
-0.72 0.06 0.252164
-0.72 0.12 0.271859
-0.72 0.18 0.289143
-0.72 0.24 0.303391
-0.72 0.3 0.314062
-0.72 0.36 0.320752
-0.72 0.42 0.323191
-0.72 0.48 0.321301
-0.72 0.54 0.315155
-0.72 0.6 0.305014
-0.72 0.66 0.291274
-0.72 0.72 0.274461
-0.72 0.78 0.255194
-0.72 0.84 0.234144
-0.72 0.9 0.211999
-0.72 0.96 0.189421
-0.72 1.02 0.167027
-0.72 1.08 0.14535
-0.72 1.14 0.124834
-0.72 1.2 0.105816
-0.72 1.26 0.0885268
-0.72 1.32 0.0731003
-0.72 1.38 0.0595794
-0.72 1.44 0.0479315
-0.72 1.5 0.0380621
-0.72 1.56 0.029835
-0.72 1.62 0.0230849
-0.72 1.68 0.017632
-0.72 1.74 0.013294
-0.72 1.8 0.00989443
-0.72 1.86 0.00726963
-0.72 1.92 0.00527259
-0.72 1.98 0.00377499
-0.72 2.04 0.00266806
-0.72 2.1 0.00186146
-0.72 2.16 0.00104751
-0.72 2.22 0.000713755
-0.72 2.28 0.000480062
-0.66 -1.32 0.00104477
-0.66 -1.26 0.00154321
-0.66 -1.2 0.00224821
-0.66 -1.14 0.0032303
-0.66 -1.08 0.00457772
-0.66 -1.02 0.00643857
-0.66 -0.96 0.00888051
-0.66 -0.9 0.012081
-0.66 -0.84 0.0162102
-0.66 -0.78 0.0214533
-0.66 -0.72 0.028005
-0.66 -0.66 0.0360578
-0.66 -0.6 0.0457925
-0.66 -0.54 0.0573614
-0.66 -0.48 0.0708737
-0.66 -0.42 0.0863755
-0.66 -0.36 0.103833
-0.66 -0.3 0.123119
-0.66 -0.24 0.144
-0.66 -0.18 0.166134
-0.66 -0.12 0.189066
-0.66 -0.06 0.212239
-0.66 9.71445e-15 0.235024
-0.66 0.06 0.256726
-0.66 0.12 0.276633
-0.66 0.18 0.294054
-0.66 0.24 0.308348
-0.66 0.3 0.318977
-0.66 0.36 0.32552
-0.66 0.42 0.327728
-0.66 0.48 0.325519
-0.66 0.54 0.318982
-0.66 0.6 0.308391
-0.66 0.66 0.294161
-0.66 0.72 0.276841
-0.66 0.78 0.257069
-0.66 0.84 0.235534
-0.66 0.9 0.212936
-0.66 0.96 0.189955
-0.66 1.02 0.167215
-0.66 1.08 0.145254
-0.66 1.14 0.124517
-0.66 1.2 0.105336
-0.66 1.26 0.0879425
-0.66 1.32 0.0724606
-0.66 1.38 0.0589251
-0.66 1.44 0.0472935
-0.66 1.5 0.0374649
-0.66 1.56 0.0292935
-0.66 1.62 0.0226077
-0.66 1.68 0.0172223
-0.66 1.74 0.0129504
-0.66 1.8 0.00961261
-0.66 1.86 0.00704318
-0.66 1.92 0.00509416
-0.66 1.98 0.00363714
-0.66 2.04 0.00256348
-0.66 2.1 0.00148411
-0.66 2.16 0.00102145
-0.66 2.22 0.000693977
-0.66 2.28 0.000465422
-0.6 -1.38 0.00070445
-0.6 -1.32 0.00105525
-0.6 -1.26 0.00155904
-0.6 -1.2 0.00227177
-0.6 -1.14 0.00326486
-0.6 -1.08 0.00462771
-0.6 -1.02 0.00650028
-0.6 -0.96 0.00896626
-0.6 -0.9 0.0121986
-0.6 -0.84 0.0163689
-0.6 -0.78 0.0216645
-0.6 -0.72 0.0282812
-0.6 -0.66 0.036414
-0.6 -0.6 0.0462447
-0.6 -0.54 0.0579265
-0.6 -0.48 0.0715687
-0.6 -0.42 0.0872162
-0.6 -0.36 0.104835
-0.6 -0.3 0.124292
-0.6 -0.24 0.145353
-0.6 -0.18 0.167663
-0.6 -0.12 0.190768
-0.6 -0.06 0.214099
-0.6 9.71445e-15 0.237018
-0.6 0.06 0.258822
-0.6 0.12 0.278792
-0.6 0.18 0.296228
-0.6 0.24 0.31049
-0.6 0.3 0.321027
-0.6 0.36 0.327434
-0.6 0.42 0.329451
-0.6 0.48 0.327007
-0.6 0.54 0.320202
-0.6 0.6 0.309319
-0.6 0.66 0.294787
-0.6 0.72 0.277165
-0.6 0.78 0.257102
-0.6 0.84 0.2353
-0.6 0.9 0.212469
-0.6 0.96 0.189294
-0.6 1.02 0.166401
-0.6 1.08 0.144334
-0.6 1.14 0.123533
-0.6 1.2 0.10433
-0.6 1.26 0.0869485
-0.6 1.32 0.0715084
-0.6 1.38 0.058036
-0.6 1.44 0.0464847
-0.6 1.5 0.0367447
-0.6 1.56 0.0286661
-0.6 1.62 0.0220721
-0.6 1.68 0.0167738
-0.6 1.74 0.0125818
-0.6 1.8 0.00931515
-0.6 1.86 0.00680738
-0.6 1.92 0.00491052
-0.6 1.98 0.0034965
-0.6 2.04 0.0024576
-0.6 2.1 0.00144574
-0.6 2.16 0.000992093
-0.6 2.22 0.000672029
-0.54 -1.38 0.000703006
-0.54 -1.32 0.00105332
-0.54 -1.26 0.00155652
-0.54 -1.2 0.00226858
-0.54 -1.14 0.00326098
-0.54 -1.08 0.00462319
-0.54 -1.02 0.00648779
-0.54 -0.96 0.00895004
-0.54 -0.9 0.0121777
-0.54 -0.84 0.0163424
-0.54 -0.78 0.0216311
-0.54 -0.72 0.0282399
-0.54 -0.66 0.0363628
-0.54 -0.6 0.0461817
-0.54 -0.54 0.057849
-0.54 -0.48 0.0714741
-0.54 -0.42 0.0871003
-0.54 -0.36 0.104693
-0.54 -0.3 0.124119
-0.54 -0.24 0.145139
-0.54 -0.18 0.167405
-0.54 -0.12 0.190451
-0.54 -0.06 0.213712
-0.54 9.71445e-15 0.236549
-0.54 0.06 0.258259
-0.54 0.12 0.278121
-0.54 0.18 0.295433
-0.54 0.24 0.30956
-0.54 0.3 0.319954
-0.54 0.36 0.326209
-0.54 0.42 0.32807
-0.54 0.48 0.325478
-0.54 0.54 0.31853
-0.54 0.6 0.307518
-0.54 0.66 0.292874
-0.54 0.72 0.275165
-0.54 0.78 0.255045
-0.54 0.84 0.233213
-0.54 0.9 0.210387
-0.54 0.96 0.187246
-0.54 1.02 0.164421
-0.54 1.08 0.142446
-0.54 1.14 0.121762
-0.54 1.2 0.102694
-0.54 1.26 0.0854598
-0.54 1.32 0.0701751
-0.54 1.38 0.0568606
-0.54 1.44 0.0454634
-0.54 1.5 0.0358712
-0.54 1.56 0.0279304
-0.54 1.62 0.0214619
-0.54 1.68 0.0162753
-0.54 1.74 0.0121808
-0.54 1.8 0.00899741
-0.54 1.86 0.00655945
-0.54 1.92 0.00471992
-0.54 1.98 0.00335228
-0.54 2.04 0.00235006
-0.54 2.1 0.00140263
-0.54 2.16 0.000959737
-0.54 2.22 0.000648212
-0.48 -1.38 0.000693307
-0.48 -1.32 0.001039
-0.48 -1.26 0.0015357
-0.48 -1.2 0.00223868
-0.48 -1.14 0.0032187
-0.48 -1.08 0.0045642
-0.48 -1.02 0.00638336
-0.48 -0.96 0.00883108
-0.48 -0.9 0.0120173
-0.48 -0.84 0.016129
-0.48 -0.78 0.0213513
-0.48 -0.72 0.0278771
-0.48 -0.66 0.0358985
-0.48 -0.6 0.0455959
-0.48 -0.54 0.0571194
-0.48 -0.48 0.0705757
-0.48 -0.42 0.0860092
-0.48 -0.36 0.103384
-0.48 -0.3 0.122568
-0.48 -0.24 0.143325
-0.48 -0.18 0.165309
-0.48 -0.12 0.188056
-0.48 -0.06 0.211012
-0.48 9.71445e-15 0.233537
-0.48 0.06 0.254942
-0.48 0.12 0.274512
-0.48 0.18 0.291551
-0.48 0.24 0.305428
-0.48 0.3 0.315611
-0.48 0.36 0.321691
-0.48 0.42 0.32343
-0.48 0.48 0.320761
-0.48 0.54 0.313791
-0.48 0.6 0.302809
-0.48 0.66 0.288249
-0.48 0.72 0.270672
-0.48 0.78 0.250731
-0.48 0.84 0.229118
-0.48 0.9 0.206542
-0.48 0.96 0.18368
-0.48 1.02 0.161152
-0.48 1.08 0.139484
-0.48 1.14 0.11911
-0.48 1.2 0.100349
-0.48 1.26 0.0834105
-0.48 1.32 0.0684053
-0.48 1.38 0.0553523
-0.48 1.44 0.0441935
-0.48 1.5 0.0348158
-0.48 1.56 0.0270643
-0.48 1.62 0.0207605
-0.48 1.68 0.0157146
-0.48 1.74 0.0117386
-0.48 1.8 0.00865332
-0.48 1.86 0.00629529
-0.48 1.92 0.00451985
-0.48 1.98 0.00320279
-0.48 2.04 0.00195919
-0.48 2.1 0.00135455
-0.48 2.16 0.000924343
-0.48 2.22 0.000622582
-0.42 -1.38 0.000675658
-0.42 -1.32 0.00101277
-0.42 -1.26 0.00149723
-0.42 -1.2 0.00218306
-0.42 -1.14 0.00313937
-0.42 -1.08 0.00445264
-0.42 -1.02 0.00622857
-0.42 -0.96 0.00861244
-0.42 -0.9 0.0117215
-0.42 -0.84 0.0157341
-0.42 -0.78 0.020831
-0.42 -0.72 0.0272008
-0.42 -0.66 0.0350318
-0.42 -0.6 0.044499
-0.42 -0.54 0.0557507
-0.42 -0.48 0.0688905
-0.42 -0.42 0.0839611
-0.42 -0.36 0.100928
-0.42 -0.3 0.119662
-0.42 -0.24 0.139933
-0.42 -0.18 0.161399
-0.42 -0.12 0.183608
-0.42 -0.06 0.206019
-0.42 9.71445e-15 0.228005
-0.42 0.06 0.248888
-0.42 0.12 0.267974
-0.42 0.18 0.284582
-0.42 0.24 0.298093
-0.42 0.3 0.307984
-0.42 0.36 0.313863
-0.42 0.42 0.3155
-0.42 0.48 0.312819
-0.42 0.54 0.305941
-0.42 0.6 0.295141
-0.42 0.66 0.280852
-0.42 0.72 0.263624
-0.42 0.78 0.244094
-0.42 0.84 0.222946
-0.42 0.9 0.200869
-0.42 0.96 0.178532
-0.42 1.02 0.156532
-0.42 1.08 0.13539
-0.42 1.14 0.115523
-0.42 1.2 0.0972443
-0.42 1.26 0.0807563
-0.42 1.32 0.0661627
-0.42 1.38 0.05348
-0.42 1.44 0.0426492
-0.42 1.5 0.0335573
-0.42 1.56 0.0260515
-0.42 1.62 0.019955
-0.42 1.68 0.0150821
-0.42 1.74 0.0112478
-0.42 1.8 0.00827739
-0.42 1.86 0.00601095
-0.42 1.92 0.0043075
-0.42 1.98 0.0030462
-0.42 2.04 0.00188625
-0.42 2.1 0.00130107
-0.42 2.16 0.000885683
-0.42 2.22 0.000595045
-0.36 -1.38 0.000650651
-0.36 -1.32 0.000975475
-0.36 -1.26 0.00144237
-0.36 -1.2 0.00210351
-0.36 -1.14 0.00302556
-0.36 -1.08 0.00429205
-0.36 -1.02 0.00600512
-0.36 -0.96 0.00830061
-0.36 -0.9 0.0112987
-0.36 -0.84 0.0151687
-0.36 -0.78 0.0200849
-0.36 -0.72 0.0262303
-0.36 -0.66 0.033786
-0.36 -0.6 0.0429216
-0.36 -0.54 0.0537799
-0.36 -0.48 0.0664623
-0.36 -0.42 0.0810099
-0.36 -0.36 0.0973883
-0.36 -0.3 0.115474
-0.36 -0.24 0.135043
-0.36 -0.18 0.155766
-0.36 -0.12 0.177209
-0.36 -0.06 0.198842
-0.36 9.71445e-15 0.220067
-0.36 0.06 0.240222
-0.36 0.12 0.258637
-0.36 0.18 0.274656
-0.36 0.24 0.287679
-0.36 0.3 0.297204
-0.36 0.36 0.302848
-0.36 0.42 0.304387
-0.36 0.48 0.301758
-0.36 0.54 0.295069
-0.36 0.6 0.284596
-0.36 0.66 0.270753
-0.36 0.72 0.254075
-0.36 0.78 0.235178
-0.36 0.84 0.214729
-0.36 0.9 0.193392
-0.36 0.96 0.17181
-0.36 1.02 0.150566
-0.36 1.08 0.13016
-0.36 1.14 0.110996
-0.36 1.2 0.0933723
-0.36 1.26 0.077486
-0.36 1.32 0.0634348
-0.36 1.38 0.0512318
-0.36 1.44 0.0408194
-0.36 1.5 0.0320863
-0.36 1.56 0.0248829
-0.36 1.62 0.019038
-0.36 1.68 0.0143714
-0.36 1.74 0.0107038
-0.36 1.8 0.00786592
-0.36 1.86 0.00570356
-0.36 1.92 0.00408072
-0.36 1.98 0.00258591
-0.36 2.04 0.00180388
-0.36 2.1 0.00124173
-0.36 2.16 0.000843496
-0.36 2.22 0.000565444
-0.3 -1.44 0.00040719
-0.3 -1.38 0.000619082
-0.3 -1.32 0.000928325
-0.3 -1.26 0.00137293
-0.3 -1.2 0.00200259
-0.3 -1.14 0.00288097
-0.3 -1.08 0.0040877
-0.3 -1.02 0.00572029
-0.3 -0.96 0.00790507
-0.3 -0.9 0.0107618
-0.3 -0.84 0.0144502
-0.3 -0.78 0.0191364
-0.3 -0.72 0.0249947
-0.3 -0.66 0.0321987
-0.3 -0.6 0.0409102
-0.3 -0.54 0.0512661
-0.3 -0.48 0.0633625
-0.3 -0.42 0.0772393
-0.3 -0.36 0.092864
-0.3 -0.3 0.110121
-0.3 -0.24 0.128793
-0.3 -0.18 0.148569
-0.3 -0.12 0.16903
-0.3 -0.06 0.189678
-0.3 9.71445e-15 0.20993
-0.3 0.06 0.229166
-0.3 0.12 0.246739
-0.3 0.18 0.262022
-0.3 0.24 0.274442
-0.3 0.3 0.283521
-0.3 0.36 0.288888
-0.3 0.42 0.29034
-0.3 0.48 0.287807
-0.3 0.54 0.2814
-0.3 0.6 0.271374
-0.3 0.66 0.258136
-0.3 0.72 0.242191
-0.3 0.78 0.224133
-0.3 0.84 0.204594
-0.3 0.9 0.184211
-0.3 0.96 0.163604
-0.3 1.02 0.143325
-0.3 1.08 0.123852
-0.3 1.14 0.10557
-0.3 1.2 0.0887665
-0.3 1.26 0.0736249
-0.3 1.32 0.0602384
-0.3 1.38 0.0486195
-0.3 1.44 0.0387107
-0.3 1.5 0.0304054
-0.3 1.56 0.0235599
-0.3 1.62 0.0180097
-0.3 1.68 0.0135818
-0.3 1.74 0.010105
-0.3 1.8 0.00741757
-0.3 1.86 0.00537194
-0.3 1.92 0.00383845
-0.3 1.98 0.00245779
-0.3 2.04 0.00171172
-0.3 2.1 0.00117629
-0.3 2.16 0.000797606
-0.24 -1.44 0.000382711
-0.24 -1.38 0.000581972
-0.24 -1.32 0.000872837
-0.24 -1.26 0.0012911
-0.24 -1.2 0.00188358
-0.24 -1.14 0.00271023
-0.24 -1.08 0.00384612
-0.24 -1.02 0.00538322
-0.24 -0.96 0.00743115
-0.24 -0.9 0.0101278
-0.24 -0.84 0.0136008
-0.24 -0.78 0.0180139
-0.24 -0.72 0.0235321
-0.24 -0.66 0.0303185
-0.24 -0.6 0.0385265
-0.24 -0.54 0.0482846
-0.24 -0.48 0.0596848
-0.24 -0.42 0.0727645
-0.24 -0.36 0.0874938
-0.24 -0.3 0.103763
-0.24 -0.24 0.121368
-0.24 -0.18 0.140016
-0.24 -0.12 0.159314
-0.24 -0.06 0.178785
-0.24 9.71445e-15 0.197889
-0.24 0.06 0.216032
-0.24 0.12 0.232607
-0.24 0.18 0.247021
-0.24 0.24 0.258736
-0.24 0.3 0.267298
-0.24 0.36 0.27236
-0.24 0.42 0.273718
-0.24 0.48 0.271323
-0.24 0.54 0.265265
-0.24 0.6 0.2558
-0.24 0.66 0.243298
-0.24 0.72 0.228243
-0.24 0.78 0.211197
-0.24 0.84 0.192754
-0.24 0.9 0.173521
-0.24 0.96 0.154074
-0.24 1.02 0.134944
-0.24 1.08 0.116577
-0.24 1.14 0.0993386
-0.24 1.2 0.0834968
-0.24 1.26 0.0692264
-0.24 1.32 0.0566155
-0.24 1.38 0.0456734
-0.24 1.44 0.0363461
-0.24 1.5 0.0285316
-0.24 1.56 0.0220939
-0.24 1.62 0.0168774
-0.24 1.68 0.0127183
-0.24 1.74 0.00945489
-0.24 1.8 0.00693411
-0.24 1.86 0.00501695
-0.24 1.92 0.00328352
-0.24 1.98 0.00231485
-0.24 2.04 0.00161005
-0.24 2.1 0.00110485
-0.24 2.16 0.000748056
-0.18 -1.44 0.000355351
-0.18 -1.38 0.000540465
-0.18 -1.32 0.000810722
-0.18 -1.26 0.00119943
-0.18 -1.2 0.00175015
-0.18 -1.14 0.00251865
-0.18 -1.08 0.00357489
-0.18 -1.02 0.0050044
-0.18 -0.96 0.00690933
-0.18 -0.9 0.00941586
-0.18 -0.84 0.0126465
-0.18 -0.78 0.0167523
-0.18 -0.72 0.0218866
-0.18 -0.66 0.0282026
-0.18 -0.6 0.035842
-0.18 -0.54 0.0449261
-0.18 -0.48 0.05554
-0.18 -0.42 0.067719
-0.18 -0.36 0.0814366
-0.18 -0.3 0.096589
-0.18 -0.24 0.112989
-0.18 -0.18 0.13036
-0.18 -0.12 0.148342
-0.18 -0.06 0.166487
-0.18 9.71445e-15 0.18429
-0.18 0.06 0.201199
-0.18 0.12 0.216647
-0.18 0.18 0.230085
-0.18 0.24 0.241008
-0.18 0.3 0.248989
-0.18 0.36 0.253713
-0.18 0.42 0.254982
-0.18 0.48 0.252746
-0.18 0.54 0.247102
-0.18 0.6 0.238275
-0.18 0.66 0.226619
-0.18 0.72 0.212585
-0.18 0.78 0.196691
-0.18 0.84 0.179498
-0.18 0.9 0.161568
-0.18 0.96 0.143442
-0.18 1.02 0.125609
-0.18 1.08 0.108492
-0.18 1.14 0.0924285
-0.18 1.2 0.0776692
-0.18 1.26 0.0643779
-0.18 1.32 0.0526338
-0.18 1.38 0.0424458
-0.18 1.44 0.0337644
-0.18 1.5 0.0264934
-0.18 1.56 0.0205059
-0.18 1.62 0.015656
-0.18 1.68 0.0117912
-0.18 1.74 0.00876015
-0.18 1.8 0.00642013
-0.18 1.86 0.00429288
-0.18 1.92 0.0030648
-0.18 1.98 0.0021585
-0.18 2.04 0.00149972
-0.18 2.1 0.00102797
-0.18 2.16 0.000695152
-0.12 -1.44 0.000325928
-0.12 -1.38 0.000495795
-0.12 -1.32 0.000743843
-0.12 -1.26 0.00110065
-0.12 -1.2 0.00160627
-0.12 -1.14 0.00231198
-0.12 -1.08 0.00328206
-0.12 -1.02 0.00459518
-0.12 -0.96 0.00634537
-0.12 -0.9 0.00864186
-0.12 -0.84 0.0116153
-0.12 -0.78 0.0153886
-0.12 -0.72 0.0201076
-0.12 -0.66 0.0259134
-0.12 -0.6 0.0329367
-0.12 -0.54 0.0412897
-0.12 -0.48 0.0510505
-0.12 -0.42 0.0622524
-0.12 -0.36 0.0748705
-0.12 -0.3 0.0888107
-0.12 -0.24 0.103902
-0.12 -0.18 0.119888
-0.12 -0.12 0.136436
-0.12 -0.06 0.153138
-0.12 9.71445e-15 0.169528
-0.12 0.06 0.185095
-0.12 0.12 0.199324
-0.12 0.18 0.211702
-0.12 0.24 0.221763
-0.12 0.3 0.229118
-0.12 0.36 0.233472
-0.12 0.42 0.234649
-0.12 0.48 0.232597
-0.12 0.54 0.227406
-0.12 0.6 0.219282
-0.12 0.66 0.208552
-0.12 0.72 0.195631
-0.12 0.78 0.180998
-0.12 0.84 0.165167
-0.12 0.9 0.148658
-0.12 0.96 0.131969
-0.12 1.02 0.11555
-0.12 1.08 0.0997919
-0.12 1.14 0.0850034
-0.12 1.2 0.0714182
-0.12 1.26 0.0591845
-0.12 1.32 0.0483765
-0.12 1.38 0.0390032
-0.12 1.44 0.0310169
-0.12 1.5 0.0243298
-0.12 1.56 0.0188246
-0.12 1.62 0.0143667
-0.12 1.68 0.0108155
-0.12 1.74 0.00803135
-0.12 1.8 0.00588298
-0.12 1.86 0.00396604
-0.12 1.92 0.00282936
-0.12 1.98 0.00199111
-0.12 2.04 0.00138226
-0.12 2.1 0.000946615
-0.06 -1.44 0.000295272
-0.06 -1.38 0.000449228
-0.06 -1.32 0.00067408
-0.06 -1.26 0.000997586
-0.06 -1.2 0.00145607
-0.06 -1.14 0.00209611
-0.06 -1.08 0.00297605
-0.06 -1.02 0.00416735
-0.06 -0.96 0.00575538
-0.06 -0.9 0.00783947
-0.06 -0.84 0.0105368
-0.06 -0.78 0.0139614
-0.06 -0.72 0.0182449
-0.06 -0.66 0.0235159
-0.06 -0.6 0.0298932
-0.06 -0.54 0.0374788
-0.06 -0.48 0.0463438
-0.06 -0.42 0.0565188
-0.06 -0.36 0.0679825
-0.06 -0.3 0.080649
-0.06 -0.24 0.0943624
-0.06 -0.18 0.108891
-0.06 -0.12 0.123934
-0.06 -0.06 0.139119
-0.06 9.71445e-15 0.154021
-0.06 0.06 0.168179
-0.06 0.12 0.18112
-0.06 0.18 0.192379
-0.06 0.24 0.201537
-0.06 0.3 0.208232
-0.06 0.36 0.212201
-0.06 0.42 0.213279
-0.06 0.48 0.21142
-0.06 0.54 0.206708
-0.06 0.6 0.199328
-0.06 0.66 0.189576
-0.06 0.72 0.177832
-0.06 0.78 0.164529
-0.06 0.84 0.150134
-0.06 0.9 0.135123
-0.06 0.96 0.119948
-0.06 1.02 0.105018
-0.06 1.08 0.0906883
-0.06 1.14 0.0772416
-0.06 1.2 0.0648894
-0.06 1.26 0.0537671
-0.06 1.32 0.043942
-0.06 1.38 0.0354213
-0.06 1.44 0.0281629
-0.06 1.5 0.0220858
-0.06 1.56 0.0170842
-0.06 1.62 0.0130348
-0.06 1.68 0.00980966
-0.06 1.74 0.00728187
-0.06 1.8 0.00500969
-0.06 1.86 0.00362113
-0.06 1.92 0.00258186
-0.06 1.98 0.00181583
-0.06 2.04 0.00125974
-0.06 2.1 0.000862089
9.71445e-15 -1.44 0.000264187
9.71445e-15 -1.38 0.000401993
9.71445e-15 -1.32 0.00060329
9.71445e-15 -1.26 0.000892943
9.71445e-15 -1.2 0.00130352
9.71445e-15 -1.14 0.00187674
9.71445e-15 -1.08 0.00266496
9.71445e-15 -1.02 0.00373227
9.71445e-15 -0.96 0.00515524
9.71445e-15 -0.9 0.0070229
9.71445e-15 -0.84 0.00943591
9.71445e-15 -0.78 0.0125088
9.71445e-15 -0.72 0.0163487
9.71445e-15 -0.66 0.0210743
9.71445e-15 -0.6 0.0267924
9.71445e-15 -0.54 0.0335949
9.71445e-15 -0.48 0.0415459
9.71445e-15 -0.42 0.0506733
9.71445e-15 -0.36 0.060957
9.71445e-15 -0.3 0.0723223
9.71445e-15 -0.24 0.0846277
9.71445e-15 -0.18 0.0976679
9.71445e-15 -0.12 0.11117
9.71445e-15 -0.06 0.124802
9.71445e-15 9.71445e-15 0.138181
9.71445e-15 0.06 0.150896
9.71445e-15 0.12 0.16252
9.71445e-15 0.18 0.172637
9.71445e-15 0.24 0.180865
9.71445e-15 0.3 0.186887
9.71445e-15 0.36 0.190459
9.71445e-15 0.42 0.191437
9.71445e-15 0.48 0.189779
9.71445e-15 0.54 0.185556
9.71445e-15 0.6 0.178937
9.71445e-15 0.66 0.170187
9.71445e-15 0.72 0.159646
9.71445e-15 0.78 0.147705
9.71445e-15 0.84 0.134783
9.71445e-15 0.9 0.121305
9.71445e-15 0.96 0.107679
9.71445e-15 1.02 0.0942739
9.71445e-15 1.08 0.0814071
9.71445e-15 1.14 0.0693325
9.71445e-15 1.2 0.0582411
9.71445e-15 1.26 0.0482539
9.71445e-15 1.32 0.039432
9.71445e-15 1.38 0.0317822
9.71445e-15 1.44 0.0252657
9.71445e-15 1.5 0.0198109
9.71445e-15 1.56 0.0153216
9.71445e-15 1.62 0.0116875
9.71445e-15 1.68 0.00879368
9.71445e-15 1.74 0.00617072
9.71445e-15 1.8 0.00452024
9.71445e-15 1.86 0.00326605
9.71445e-15 1.92 0.00232764
9.71445e-15 1.98 0.00163627
9.71445e-15 2.04 0.00113458
9.71445e-15 2.1 0.00077602
0.06 -1.44 0.000233425
0.06 -1.38 0.000355236
0.06 -1.32 0.000533184
0.06 -1.26 0.000789277
0.06 -1.2 0.00115235
0.06 -1.14 0.0016593
0.06 -1.08 0.0023565
0.06 -1.02 0.00330066
0.06 -0.96 0.00455964
0.06 -0.9 0.00621234
0.06 -0.84 0.00834777
0.06 -0.78 0.0110666
0.06 -0.72 0.0144654
0.06 -0.66 0.0186486
0.06 -0.6 0.023711
0.06 -0.54 0.0297342
0.06 -0.48 0.0367755
0.06 -0.42 0.0448596
0.06 -0.36 0.0539692
0.06 -0.3 0.0640371
0.06 -0.24 0.0749403
0.06 -0.18 0.086495
0.06 -0.12 0.0984611
0.06 -0.06 0.110544
0.06 9.71445e-15 0.122407
0.06 0.06 0.13368
0.06 0.12 0.143987
0.06 0.18 0.152962
0.06 0.24 0.160265
0.06 0.3 0.165611
0.06 0.36 0.168788
0.06 0.42 0.169664
0.06 0.48 0.168203
0.06 0.54 0.164468
0.06 0.6 0.158608
0.06 0.66 0.150858
0.06 0.72 0.141518
0.06 0.78 0.130934
0.06 0.84 0.119482
0.06 0.9 0.107535
0.06 0.96 0.0954567
0.06 1.02 0.0835716
0.06 1.08 0.0721643
0.06 1.14 0.0614591
0.06 1.2 0.0516248
0.06 1.26 0.0427702
0.06 1.32 0.0349485
0.06 1.38 0.0281662
0.06 1.44 0.0223892
0.06 1.5 0.0175536
0.06 1.56 0.0135739
0.06 1.62 0.0103528
0.06 1.68 0.00778826
0.06 1.74 0.00549919
0.06 1.8 0.00402714
0.06 1.86 0.00290886
0.06 1.92 0.00207239
0.06 1.98 0.0014563
0.06 2.04 0.0010094
0.12 -1.44 0.000203654
0.12 -1.38 0.000309966
0.12 -1.32 0.000465288
0.12 -1.26 0.00068886
0.12 -1.2 0.00100585
0.12 -1.14 0.00144854
0.12 -1.08 0.0020574
0.12 -1.02 0.00288207
0.12 -0.96 0.00398181
0.12 -0.9 0.0054257
0.12 -0.84 0.00729155
0.12 -0.78 0.00966449
0.12 -0.72 0.0126369
0.12 -0.66 0.0162929
0.12 -0.6 0.0207182
0.12 -0.54 0.0259834
0.12 -0.48 0.0321395
0.12 -0.42 0.0392083
0.12 -0.36 0.0471748
0.12 -0.3 0.0559801
0.12 -0.24 0.0655171
0.12 -0.18 0.0756255
0.12 -0.12 0.0860959
0.12 -0.06 0.0966688
0.12 9.71445e-15 0.107051
0.12 0.06 0.11692
0.12 0.12 0.125944
0.12 0.18 0.133803
0.12 0.24 0.140201
0.12 0.3 0.144887
0.12 0.36 0.147676
0.12 0.42 0.14845
0.12 0.48 0.14718
0.12 0.54 0.143917
0.12 0.6 0.138797
0.12 0.66 0.132021
0.12 0.72 0.123852
0.12 0.78 0.114594
0.12 0.84 0.104573
0.12 0.9 0.0941192
0.12 0.96 0.0835478
0.12 1.02 0.0731466
0.12 1.08 0.0631614
0.12 1.14 0.0537916
0.12 1.2 0.0451834
0.12 1.26 0.0374323
0.12 1.32 0.0305859
0.12 1.38 0.0246489
0.12 1.44 0.0195924
0.12 1.5 0.0153597
0.12 1.56 0.0118764
0.12 1.62 0.00905734
0.12 1.68 0.0065164
0.12 1.74 0.00483729
0.12 1.8 0.00354165
0.12 1.86 0.00255756
0.12 1.92 0.00182165
0.12 1.98 0.00127974
0.12 2.04 0.000886755
0.18 -1.44 0.000175428
0.18 -1.38 0.000267034
0.18 -1.32 0.000400888
0.18 -1.26 0.000593584
0.18 -1.2 0.000866818
0.18 -1.14 0.00124846
0.18 -1.08 0.00177341
0.18 -1.02 0.00248449
0.18 -0.96 0.00343286
0.18 -0.9 0.00467818
0.18 -0.84 0.00628765
0.18 -0.78 0.00833481
0.18 -0.72 0.0108986
0.18 -0.66 0.014053
0.18 -0.6 0.0178716
0.18 -0.54 0.0224156
0.18 -0.48 0.0277285
0.18 -0.42 0.0338298
0.18 -0.36 0.0407072
0.18 -0.3 0.0483094
0.18 -0.24 0.0565447
0.18 -0.18 0.0652741
0.18 -0.12 0.0743165
0.18 -0.06 0.0834505
0.18 9.71445e-15 0.0924185
0.18 0.06 0.100946
0.18 0.12 0.108746
0.18 0.18 0.115539
0.18 0.24 0.121072
0.18 0.3 0.125126
0.18 0.36 0.127542
0.18 0.42 0.128219
0.18 0.48 0.127129
0.18 0.54 0.124317
0.18 0.6 0.119899
0.18 0.66 0.114051
0.18 0.72 0.106999
0.18 0.78 0.099004
0.18 0.84 0.0903491
0.18 0.9 0.0813188
0.18 0.96 0.0721873
0.18 1.02 0.0632013
0.18 1.08 0.0545742
0.18 1.14 0.0464785
0.18 1.2 0.0390408
0.18 1.26 0.0323433
0.18 1.32 0.0264272
0.18 1.38 0.0212969
0.18 1.44 0.0169274
0.18 1.5 0.0132698
0.18 1.56 0.0102599
0.18 1.62 0.00751819
0.18 1.68 0.00565761
0.18 1.74 0.00419911
0.18 1.8 0.00307391
0.18 1.86 0.00221938
0.18 1.92 0.00158047
0.18 1.98 0.00111007
0.24 -1.44 0.000149185
0.24 -1.38 0.000227112
0.24 -1.32 0.00034099
0.24 -1.26 0.000504938
0.24 -1.2 0.000737452
0.24 -1.14 0.00106222
0.24 -1.08 0.00150902
0.24 -1.02 0.00211431
0.24 -0.96 0.00292166
0.24 -0.9 0.00398191
0.24 -0.84 0.00535229
0.24 -0.78 0.00709552
0.24 -0.72 0.00927726
0.24 -0.66 0.0119651
0.24 -0.6 0.0152176
0.24 -0.54 0.0190883
0.24 -0.48 0.0236148
0.24 -0.42 0.0288134
0.24 -0.36 0.0346736
0.24 -0.3 0.0411522
0.24 -0.24 0.0481709
0.24 -0.18 0.0556112
0.24 -0.12 0.0633204
0.24 -0.06 0.0711071
0.24 9.71445e-15 0.0787553
0.24 0.06 0.0860273
0.24 0.12 0.0926795
0.24 0.18 0.098476
0.24 0.24 0.103198
0.24 0.3 0.10666
0.24 0.36 0.108727
0.24 0.42 0.109309
0.24 0.48 0.108386
0.24 0.54 0.105994
0.24 0.6 0.102233
0.24 0.66 0.0972502
0.24 0.72 0.0912401
0.24 0.78 0.0844259
0.24 0.84 0.0770485
0.24 0.9 0.0693503
0.24 0.96 0.0615642
0.24 1.02 0.0539016
0.24 1.08 0.0465452
0.24 1.14 0.039641
0.24 1.2 0.0332974
0.24 1.26 0.0275854
0.24 1.32 0.0225395
0.24 1.38 0.0181638
0.24 1.44 0.0144368
0.24 1.5 0.0113172
0.24 1.56 0.00844277
0.24 1.62 0.00644106
0.24 1.68 0.00484656
0.24 1.74 0.00359674
0.24 1.8 0.00263259
0.24 1.86 0.00190048
0.24 1.92 0.00135317
0.24 1.98 0.000950267
0.3 -1.44 0.000125238
0.3 -1.38 0.000190673
0.3 -1.32 0.000286308
0.3 -1.26 0.000424006
0.3 -1.2 0.000619298
0.3 -1.14 0.000892128
0.3 -1.08 0.00126748
0.3 -1.02 0.00177602
0.3 -0.96 0.00245443
0.3 -0.9 0.00334539
0.3 -0.84 0.0044971
0.3 -0.78 0.00596235
0.3 -0.72 0.00779631
0.3 -0.66 0.0100543
0.3 -0.6 0.0127898
0.3 -0.54 0.0160443
0.3 -0.48 0.0198503
0.3 -0.42 0.024222
0.3 -0.36 0.0291504
0.3 -0.3 0.0345995
0.3 -0.24 0.0405037
0.3 -0.18 0.0467636
0.3 -0.12 0.0532485
0.3 -0.06 0.0598015
0.3 9.71445e-15 0.0662371
0.3 0.06 0.0723582
0.3 0.12 0.077959
0.3 0.18 0.0828402
0.3 0.24 0.0868171
0.3 0.3 0.0897351
0.3 0.36 0.0914767
0.3 0.42 0.0919729
0.3 0.48 0.0912006
0.3 0.54 0.0891928
0.3 0.6 0.0860305
0.3 0.66 0.0818419
0.3 0.72 0.0767875
0.3 0.78 0.0710552
0.3 0.84 0.0648487
0.3 0.9 0.0583704
0.3 0.96 0.0518192
0.3 1.02 0.0453711
0.3 1.08 0.0391796
0.3 1.14 0.0333686
0.3 1.2 0.0280295
0.3 1.26 0.0232213
0.3 1.32 0.0189737
0.3 1.38 0.0152904
0.3 1.44 0.012153
0.3 1.5 0.00922659
0.3 1.56 0.00713645
0.3 1.62 0.00544407
0.3 1.68 0.00409602
0.3 1.74 0.00303946
0.3 1.8 0.0022245
0.3 1.86 0.00160573
0.3 1.92 0.00114317
0.36 -1.44 0.000103777
0.36 -1.38 0.000158011
0.36 -1.32 0.000237283
0.36 -1.26 0.00035143
0.36 -1.2 0.000513338
0.36 -1.14 0.00073954
0.36 -1.08 0.00105077
0.36 -1.02 0.00147251
0.36 -0.96 0.00203514
0.36 -0.9 0.0027741
0.36 -0.84 0.00372942
0.36 -0.78 0.00494484
0.36 -0.72 0.0064664
0.36 -0.66 0.00833983
0.36 -0.6 0.0106094
0.36 -0.54 0.0133098
0.36 -0.48 0.0164684
0.36 -0.42 0.0200967
0.36 -0.36 0.0241871
0.36 -0.3 0.0287105
0.36 -0.24 0.0336113
0.36 -0.18 0.0388087
0.36 -0.12 0.0441939
0.36 -0.06 0.0496346
0.36 9.71445e-15 0.0549798
0.36 0.06 0.0600641
0.36 0.12 0.0647171
0.36 0.18 0.0687724
0.36 0.24 0.0720774
0.36 0.3 0.0745048
0.36 0.36 0.0759548
0.36 0.42 0.0763694
0.36 0.48 0.0757327
0.36 0.54 0.0740682
0.36 0.6 0.0714465
0.36 0.66 0.0679703
0.36 0.72 0.0637747
0.36 0.78 0.0590167
0.36 0.84 0.0538634
0.36 0.9 0.0484848
0.36 0.96 0.0430434
0.36 1.02 0.0376887
0.36 1.08 0.0325465
0.36 1.14 0.0277201
0.36 1.2 0.0232851
0.36 1.26 0.0192909
0.36 1.32 0.0157624
0.36 1.38 0.0127027
0.36 1.44 0.009811
0.36 1.5 0.00769386
0.36 1.56 0.00595062
0.36 1.62 0.00453919
0.36 1.68 0.00341496
0.36 1.74 0.00253394
0.36 1.8 0.0018544
0.36 1.86 0.00133846
0.36 1.92 0.000952803
0.42 -1.44 8.48736e-05
0.42 -1.38 0.000129239
0.42 -1.32 0.000194091
0.42 -1.26 0.000287481
0.42 -1.2 0.000419963
0.42 -1.14 0.000605058
0.42 -1.08 0.000859767
0.42 -1.02 0.00120491
0.42 -0.96 0.00166541
0.42 -0.9 0.00227028
0.42 -0.84 0.00305232
0.42 -0.78 0.00404734
0.42 -0.72 0.00529301
0.42 -0.66 0.00682704
0.42 -0.6 0.0086846
0.42 -0.54 0.0108966
0.42 -0.48 0.0134834
0.42 -0.42 0.0164548
0.42 -0.36 0.0198055
0.42 -0.3 0.0235107
0.42 -0.24 0.0275256
0.42 -0.18 0.0317833
0.42 -0.12 0.0361961
0.42 -0.06 0.0406544
0.42 9.71445e-15 0.0450352
0.42 0.06 0.0492022
0.42 0.12 0.053016
0.42 0.18 0.0563405
0.42 0.24 0.0590519
0.42 0.3 0.061043
0.42 0.36 0.0622348
0.42 0.42 0.0625772
0.42 0.48 0.0620574
0.42 0.54 0.0606967
0.42 0.6 0.0585504
0.42 0.66 0.0557036
0.42 0.72 0.0522677
0.42 0.78 0.0483698
0.42 0.84 0.0441475
0.42 0.9 0.0397408
0.42 0.96 0.0352821
0.42 1.02 0.0308933
0.42 1.08 0.0266792
0.42 1.14 0.0227233
0.42 1.2 0.019088
0.42 1.26 0.0158143
0.42 1.32 0.0129221
0.42 1.38 0.01015
0.42 1.44 0.00807018
0.42 1.5 0.00632838
0.42 1.56 0.0048944
0.42 1.62 0.00373332
0.42 1.68 0.00280859
0.42 1.74 0.00208389
0.42 1.8 0.00152494
0.42 1.86 0.00110059
0.48 -1.44 6.85054e-05
0.48 -1.38 0.000104323
0.48 -1.32 0.000156683
0.48 -1.26 0.000232087
0.48 -1.2 0.000339063
0.48 -1.14 0.000488534
0.48 -1.08 0.000694237
0.48 -1.02 0.00097299
0.48 -0.96 0.00134494
0.48 -0.9 0.00183354
0.48 -0.84 0.00246527
0.48 -0.78 0.00326915
0.48 -0.72 0.00427557
0.48 -0.66 0.00551502
0.48 -0.6 0.00701595
0.48 -0.54 0.00880285
0.48 -0.48 0.0108938
0.48 -0.42 0.0132954
0.48 -0.36 0.0160034
0.48 -0.3 0.0189984
0.48 -0.24 0.022244
0.48 -0.18 0.0256861
0.48 -0.12 0.0292535
0.48 -0.06 0.0328584
0.48 9.71445e-15 0.0364008
0.48 0.06 0.0397706
0.48 0.12 0.0428557
0.48 0.18 0.0455458
0.48 0.24 0.0477393
0.48 0.3 0.0493512
0.48 0.36 0.0503165
0.48 0.42 0.0505962
0.48 0.48 0.0501779
0.48 0.54 0.0490797
0.48 0.6 0.0473459
0.48 0.66 0.0450456
0.48 0.72 0.0422682
0.48 0.78 0.0391172
0.48 0.84 0.0357043
0.48 0.9 0.032141
0.48 0.96 0.0285361
0.48 1.02 0.0249872
0.48 1.08 0.0215793
0.48 1.14 0.01838
0.48 1.2 0.01544
0.48 1.26 0.0124981
0.48 1.32 0.0102156
0.48 1.38 0.00823533
0.48 1.44 0.00654763
0.48 1.5 0.00513435
0.48 1.56 0.00397078
0.48 1.62 0.00302868
0.48 1.68 0.00227842
0.48 1.74 0.00169044
0.48 1.8 0.00123698
0.54 -1.38 8.31022e-05
0.54 -1.32 0.000124819
0.54 -1.26 0.000184901
0.54 -1.2 0.000270143
0.54 -1.14 0.000389255
0.54 -1.08 0.000553188
0.54 -1.02 0.000775353
0.54 -0.96 0.0010718
0.54 -0.9 0.00146125
0.54 -0.84 0.00196484
0.54 -0.78 0.00260566
0.54 -0.72 0.00340799
0.54 -0.66 0.0043962
0.54 -0.6 0.00559297
0.54 -0.54 0.00701781
0.54 -0.48 0.00868462
0.54 -0.42 0.0106001
0.54 -0.36 0.0127599
0.54 -0.3 0.0151486
0.54 -0.24 0.0177374
0.54 -0.18 0.0204829
0.54 -0.12 0.0233289
0.54 -0.06 0.026205
0.54 9.71445e-15 0.0290314
0.54 0.06 0.0317204
0.54 0.12 0.0341822
0.54 0.18 0.0363291
0.54 0.24 0.0380807
0.54 0.3 0.0393677
0.54 0.36 0.0401398
0.54 0.42 0.0403641
0.54 0.48 0.0400316
0.54 0.54 0.039157
0.54 0.6 0.037775
0.54 0.66 0.035941
0.54 0.72 0.0337263
0.54 0.78 0.0312133
0.54 0.84 0.0284905
0.54 0.9 0.0256482
0.54 0.96 0.0227721
0.54 1.02 0.0199404
0.54 1.08 0.0172213
0.54 1.14 0.0146685
0.54 1.2 0.0120687
0.54 1.26 0.0100021
0.54 1.32 0.00817537
0.54 1.38 0.00659039
0.54 1.44 0.00523974
0.54 1.5 0.00410863
0.54 1.56 0.00317747
0.54 1.62 0.00242355
0.54 1.68 0.00182314
0.54 1.74 0.00135262
0.6 -1.38 6.53233e-05
0.6 -1.32 9.81213e-05
0.6 -1.26 0.000145359
0.6 -1.2 0.000212383
0.6 -1.14 0.000306043
0.6 -1.08 0.000434953
0.6 -1.02 0.000609668
0.6 -0.96 0.000842819
0.6 -0.9 0.00114911
0.6 -0.84 0.00154521
0.6 -0.78 0.00204925
0.6 -0.72 0.00268043
0.6 -0.66 0.00345781
0.6 -0.6 0.00439933
0.6 -0.54 0.00552031
0.6 -0.48 0.0068318
0.6 -0.42 0.00833862
0.6 -0.36 0.0100383
0.6 -0.3 0.0119181
0.6 -0.24 0.0139553
0.6 -0.18 0.0161162
0.6 -0.12 0.0183563
0.6 -0.06 0.02062
0.6 9.71445e-15 0.0228449
0.6 0.06 0.024962
0.6 0.12 0.0269004
0.6 0.18 0.028591
0.6 0.24 0.0299703
0.6 0.3 0.0309849
0.6 0.36 0.0315933
0.6 0.42 0.0317709
0.6 0.48 0.0315107
0.6 0.54 0.0308231
0.6 0.6 0.0297363
0.6 0.66 0.0282934
0.6 0.72 0.0265506
0.6 0.78 0.0245731
0.6 0.84 0.0224302
0.6 0.9 0.020193
0.6 0.96 0.0179289
0.6 1.02 0.0157001
0.6 1.08 0.0135595
0.6 1.14 0.0113369
0.6 1.2 0.00952625
0.6 1.26 0.00789482
0.6 1.32 0.0064529
0.6 1.38 0.00520184
0.6 1.44 0.00413566
0.6 1.5 0.00324289
0.6 1.56 0.00250788
0.6 1.62 0.00191279
0.6 1.68 0.00143888
0.6 1.74 0.00106751
0.66 -1.38 5.06671e-05
0.66 -1.32 7.61094e-05
0.66 -1.26 0.000112756
0.66 -1.2 0.000164754
0.66 -1.14 0.000237423
0.66 -1.08 0.00033744
0.66 -1.02 0.000473008
0.66 -0.96 0.000653929
0.66 -0.9 0.000891622
0.66 -0.84 0.001199
0.66 -0.78 0.0015902
0.66 -0.72 0.00208008
0.66 -0.66 0.00268343
0.66 -0.6 0.00341426
0.66 -0.54 0.0042844
0.66 -0.48 0.00530248
0.66 -0.42 0.00647229
0.66 -0.36 0.00779157
0.66 -0.3 0.00925123
0.66 -0.24 0.010833
0.66 -0.18 0.012511
0.66 -0.12 0.0142503
0.66 -0.06 0.0160083
0.66 9.71445e-15 0.0177362
0.66 0.06 0.0193806
0.66 0.12 0.0208864
0.66 0.18 0.0221999
0.66 0.24 0.0232716
0.66 0.3 0.0240601
0.66 0.36 0.0245331
0.66 0.42 0.0246719
0.66 0.48 0.0244708
0.66 0.54 0.0239373
0.66 0.6 0.0230941
0.66 0.66 0.0219742
0.66 0.72 0.0206213
0.66 0.78 0.0190858
0.66 0.84 0.017422
0.66 0.9 0.0156846
0.66 0.96 0.0139263
0.66 1.02 0.0119916
0.66 1.08 0.0103591
0.66 1.14 0.00882596
0.66 1.2 0.00741631
0.66 1.26 0.00614614
0.66 1.32 0.00502348
0.66 1.38 0.00404955
0.66 1.44 0.00321953
0.66 1.5 0.00252449
0.66 1.56 0.00195226
0.66 1.62 0.00148901
0.66 1.68 0.00112006
0.72 -1.38 3.87754e-05
0.72 -1.32 5.82489e-05
0.72 -1.26 8.62998e-05
0.72 -1.2 0.000126102
0.72 -1.14 0.000181732
0.72 -1.08 0.0002583
0.72 -1.02 0.000362082
0.72 -0.96 0.000500594
0.72 -0.9 0.000682582
0.72 -0.84 0.000917936
0.72 -0.78 0.00121749
0.72 -0.72 0.00159259
0.72 -0.66 0.00205463
0.72 -0.6 0.00261429
0.72 -0.54 0.0032807
0.72 -0.48 0.0040604
0.72 -0.42 0.00495634
0.72 -0.36 0.00596684
0.72 -0.3 0.00708465
0.72 -0.24 0.00829658
0.72 -0.18 0.00958201
0.72 -0.12 0.0109143
0.72 -0.06 0.0122614
0.72 9.71445e-15 0.0135851
0.72 0.06 0.0148451
0.72 0.12 0.0159991
0.72 0.18 0.0170058
0.72 0.24 0.0178273
0.72 0.3 0.0184318
0.72 0.36 0.0187947
0.72 0.42 0.0189017
0.72 0.48 0.018748
0.72 0.54 0.0183399
0.72 0.6 0.0176941
0.72 0.66 0.0168366
0.72 0.72 0.0158005
0.72 0.78 0.0146242
0.72 0.84 0.0133497
0.72 0.9 0.0118363
0.72 0.96 0.0105121
0.72 1.02 0.00920759
0.72 1.08 0.00795407
0.72 1.14 0.00677679
0.72 1.2 0.00569443
0.72 1.26 0.00471915
0.72 1.32 0.00385714
0.72 1.38 0.00310929
0.72 1.44 0.00247197
0.72 1.5 0.00193828
0.72 1.56 0.00149892
0.72 1.62 0.00114323
0.78 -1.32 4.39839e-05
0.78 -1.26 6.51669e-05
0.78 -1.2 9.52276e-05
0.78 -1.14 0.00013724
0.78 -1.08 0.000195072
0.78 -1.02 0.000273461
0.78 -0.96 0.000378086
0.78 -0.9 0.000515554
0.78 -0.84 0.000693338
0.78 -0.78 0.000919624
0.78 -0.72 0.001203
0.78 -0.66 0.00155207
0.78 -0.6 0.00197489
0.78 -0.54 0.00247839
0.78 -0.48 0.00306753
0.78 -0.42 0.00374453
0.78 -0.36 0.00450811
0.78 -0.3 0.0053528
0.78 -0.24 0.00626845
0.78 -0.18 0.00723996
0.78 -0.12 0.00824701
0.78 -0.06 0.00926498
0.78 9.71445e-15 0.0102657
0.78 0.06 0.011218
0.78 0.12 0.0120903
0.78 0.18 0.0128514
0.78 0.24 0.0134726
0.78 0.3 0.0139298
0.78 0.36 0.0142046
0.78 0.42 0.0142858
0.78 0.48 0.0141699
0.78 0.54 0.0138618
0.78 0.6 0.0133741
0.78 0.66 0.0127262
0.78 0.72 0.0119432
0.78 0.78 0.0109024
0.78 0.84 0.00995437
0.78 0.9 0.0089637
0.78 0.96 0.00796076
0.78 1.02 0.0069728
0.78 1.08 0.00602355
0.78 1.14 0.00513198
0.78 1.2 0.00431226
0.78 1.26 0.00357371
0.78 1.32 0.00292091
0.78 1.38 0.00235457
0.78 1.44 0.00187193
0.78 1.5 0.00146779
0.78 1.56 0.00113507
0.84 -1.32 3.21322e-05
0.84 -1.26 4.7622e-05
0.84 -1.2 7.09458e-05
0.84 -1.14 0.000102251
0.84 -1.08 0.000145342
0.84 -1.02 0.000203753
0.84 -0.96 0.000281717
0.84 -0.9 0.000384157
0.84 -0.84 0.000516651
0.84 -0.78 0.000685294
0.84 -0.72 0.000896491
0.84 -0.66 0.00115665
0.84 -0.6 0.00147181
0.84 -0.54 0.0018471
0.84 -0.48 0.00228622
0.84 -0.42 0.00279085
0.84 -0.36 0.00336005
0.84 -0.3 0.00398975
0.84 -0.24 0.00467237
0.84 -0.18 0.0053966
0.84 -0.12 0.00614745
0.84 -0.06 0.00690649
0.84 9.71445e-15 0.00765252
0.84 0.06 0.00836277
0.84 0.12 0.00901332
0.84 0.18 0.00958094
0.84 0.24 0.0100443
0.84 0.3 0.0103854
0.84 0.36 0.0105903
0.84 0.42 0.0106512
0.84 0.48 0.010565
0.84 0.54 0.0103356
0.84 0.6 0.00997206
0.84 0.66 0.00937101
0.84 0.72 0.00879614
0.84 0.78 0.00814307
0.84 0.84 0.00743489
0.84 0.9 0.00669492
0.84 0.96 0.0059458
0.84 1.02 0.00520794
0.84 1.08 0.00449891
0.84 1.14 0.003833
0.84 1.2 0.00322078
0.84 1.26 0.00266914
0.84 1.32 0.00218156
0.84 1.38 0.00175857
0.84 1.44 0.0013981
0.84 1.5 0.00109624
0.9 -1.32 2.36702e-05
0.9 -1.26 3.50806e-05
0.9 -1.2 5.12772e-05
0.9 -1.14 7.3921e-05
0.9 -1.08 0.0001051
0.9 -1.02 0.000149773
0.9 -0.96 0.000207087
0.9 -0.9 0.000282396
0.9 -0.84 0.000379804
0.9 -0.78 0.000503782
0.9 -0.72 0.000659066
0.9 -0.66 0.000850352
0.9 -0.6 0.00108208
0.9 -0.54 0.00135802
0.9 -0.48 0.00168093
0.9 -0.42 0.00205201
0.9 -0.36 0.00247057
0.9 -0.3 0.00293367
0.9 -0.24 0.00343563
0.9 -0.18 0.00396826
0.9 -0.12 0.00452047
0.9 -0.06 0.00507875
0.9 9.71445e-15 0.00562757
0.9 0.06 0.00614997
0.9 0.12 0.00662848
0.9 0.18 0.00704601
0.9 0.24 0.00738693
0.9 0.3 0.00763799
0.9 0.36 0.00778898
0.9 0.42 0.00783372
0.9 0.48 0.00768167
0.9 0.54 0.0075161
0.9 0.6 0.00725309
0.9 0.66 0.00690302
0.9 0.72 0.00647952
0.9 0.78 0.00599848
0.9 0.84 0.00547678
0.9 0.9 0.00493175
0.9 0.96 0.00437984
0.9 1.02 0.00383631
0.9 1.08 0.00331402
0.9 1.14 0.0028235
0.9 1.2 0.00237249
0.9 1.26 0.00196612
0.9 1.32 0.00160698
0.9 1.38 0.00129539
0.9 1.44 0.00102986
0.96 -1.26 2.54869e-05
0.96 -1.2 3.72542e-05
0.96 -1.14 5.37053e-05
0.96 -1.08 7.6358e-05
0.96 -1.02 0.000107073
0.96 -0.96 0.000148077
0.96 -0.9 0.000201972
0.96 -0.84 0.000271695
0.96 -0.78 0.000365354
0.96 -0.72 0.000477967
0.96 -0.66 0.000616713
0.96 -0.6 0.000784785
0.96 -0.54 0.000984948
0.96 -0.48 0.00121917
0.96 -0.42 0.00148834
0.96 -0.36 0.00179198
0.96 -0.3 0.00212791
0.96 -0.24 0.00249209
0.96 -0.18 0.00287845
0.96 -0.12 0.00327909
0.96 -0.06 0.00368411
0.96 9.71445e-15 0.00408229
0.96 0.06 0.00446136
0.96 0.12 0.00480856
0.96 0.18 0.00511157
0.96 0.24 0.00530196
0.96 0.3 0.00548295
0.96 0.36 0.00559231
0.96 0.42 0.00562537
0.96 0.48 0.0055808
0.96 0.54 0.00546055
0.96 0.6 0.00526943
0.96 0.66 0.00501511
0.96 0.72 0.00470746
0.96 0.78 0.00435794
0.96 0.84 0.00397892
0.96 0.9 0.00358296
0.96 0.96 0.00318204
0.96 1.02 0.00278709
0.96 1.08 0.00240765
0.96 1.14 0.00205126
0.96 1.2 0.00172362
0.96 1.26 0.00142841
0.96 1.32 0.00116749
0.96 1.38 0.000941098
1.02 -1.26 1.82622e-05
1.02 -1.2 2.66937e-05
1.02 -1.14 3.84817e-05
1.02 -1.08 5.47129e-05
1.02 -1.02 7.67207e-05
1.02 -0.96 0.000106103
1.02 -0.9 0.00014472
1.02 -0.84 0.000194679
1.02 -0.78 0.000258285
1.02 -0.72 0.00033796
1.02 -0.66 0.000436139
1.02 -0.6 0.000555095
1.02 -0.54 0.000696796
1.02 -0.48 0.000862643
1.02 -0.42 0.00105328
1.02 -0.36 0.00126837
1.02 -0.3 0.00150639
1.02 -0.24 0.00176449
1.02 -0.18 0.0020384
1.02 -0.12 0.00232244
1.02 -0.06 0.00260971
1.02 9.71445e-15 0.00289219
1.02 0.06 0.00316119
1.02 0.12 0.00340781
1.02 0.18 0.0036231
1.02 0.24 0.00379902
1.02 0.3 0.00392875
1.02 0.36 0.00400702
1.02 0.42 0.00403076
1.02 0.48 0.00399884
1.02 0.54 0.00391269
1.02 0.6 0.00377573
1.02 0.66 0.00359348
1.02 0.72 0.00337304
1.02 0.78 0.00312259
1.02 0.84 0.00285102
1.02 0.9 0.00256727
1.02 0.96 0.00228001
1.02 1.02 0.00199704
1.02 1.08 0.00172516
1.02 1.14 0.00146979
1.02 1.2 0.00123503
1.02 1.26 0.00102349
1.02 1.32 0.000836522
1.08 -1.26 1.29057e-05
1.08 -1.2 1.88642e-05
1.08 -1.14 2.71947e-05
1.08 -1.08 3.86651e-05
1.08 -1.02 5.42178e-05
1.08 -0.96 7.4981e-05
1.08 -0.9 0.000102271
1.08 -0.84 0.000137577
1.08 -0.78 0.000182527
1.08 -0.72 0.00023883
1.08 -0.66 0.000308213
1.08 -0.6 0.00039228
1.08 -0.54 0.000492418
1.08 -0.48 0.000609617
1.08 -0.42 0.000744332
1.08 -0.36 0.000896339
1.08 -0.3 0.00106455
1.08 -0.24 0.00124694
1.08 -0.18 0.0014405
1.08 -0.12 0.00164124
1.08 -0.06 0.00184426
1.08 9.71445e-15 0.00204389
1.08 0.06 0.00223399
1.08 0.12 0.00240823
1.08 0.18 0.00256035
1.08 0.24 0.00268472
1.08 0.3 0.00277637
1.08 0.36 0.00283172
1.08 0.42 0.00284847
1.08 0.48 0.00282589
1.08 0.54 0.00276501
1.08 0.6 0.00266822
1.08 0.66 0.00253944
1.08 0.72 0.00238367
1.08 0.78 0.00220669
1.08 0.84 0.00201475
1.08 0.9 0.00181424
1.08 0.96 0.00161124
1.08 1.02 0.00141126
1.08 1.08 0.00121912
1.08 1.14 0.00103866
1.08 1.2 0.000872758
1.14 -1.2 1.31478e-05
1.14 -1.14 1.89538e-05
1.14 -1.08 2.69484e-05
1.14 -1.02 3.77883e-05
1.14 -0.96 5.22601e-05
1.14 -0.9 7.12802e-05
1.14 -0.84 9.58876e-05
1.14 -0.78 0.000127215
1.14 -0.72 0.000166459
1.14 -0.66 0.000214817
1.14 -0.6 0.000273408
1.14 -0.54 0.000343202
1.14 -0.48 0.000424888
1.14 -0.42 0.000518784
1.14 -0.36 0.00062472
1.14 -0.3 0.000741962
1.14 -0.24 0.00086908
1.14 -0.18 0.00100399
1.14 -0.12 0.0011439
1.14 -0.06 0.0012854
1.14 9.71445e-15 0.00142453
1.14 0.06 0.00155702
1.14 0.12 0.00167847
1.14 0.18 0.0017845
1.14 0.24 0.00187114
1.14 0.3 0.00193504
1.14 0.36 0.00197362
1.14 0.42 0.00198529
1.14 0.48 0.00196957
1.14 0.54 0.00192714
1.14 0.6 0.00185968
1.14 0.66 0.00176991
1.14 0.72 0.00166133
1.14 0.78 0.00153799
1.14 0.84 0.00140422
1.14 0.9 0.00126447
1.14 0.96 0.00112297
1.14 1.02 0.000983604
1.14 1.08 0.000849694
1.14 1.14 0.000723915
1.2 -1.2 9.0377e-06
1.2 -1.14 1.30287e-05
1.2 -1.08 1.85241e-05
1.2 -1.02 2.59752e-05
1.2 -0.96 3.59232e-05
1.2 -0.9 4.89979e-05
1.2 -0.84 6.59121e-05
1.2 -0.78 8.74472e-05
1.2 -0.72 0.000114423
1.2 -0.66 0.000147663
1.2 -0.6 0.000187938
1.2 -0.54 0.000235913
1.2 -0.48 0.000292064
1.2 -0.42 0.00035661
1.2 -0.36 0.000429432
1.2 -0.3 0.000510018
1.2 -0.24 0.000597402
1.2 -0.18 0.000690135
1.2 -0.12 0.000786307
1.2 -0.06 0.000883565
1.2 9.71445e-15 0.000979213
1.2 0.06 0.00107028
1.2 0.12 0.00115376
1.2 0.18 0.00122665
1.2 0.24 0.00128621
1.2 0.3 0.00133013
1.2 0.36 0.00135664
1.2 0.42 0.00136467
1.2 0.48 0.00135387
1.2 0.54 0.0013247
1.2 0.6 0.00127833
1.2 0.66 0.00121663
1.2 0.72 0.00114199
1.2 0.78 0.00105719
1.2 0.84 0.00096525
1.2 0.9 0.000869182
1.2 0.96 0.000771924
1.2 1.02 0.000676118
1.26 -1.14 8.8328e-06
1.26 -1.08 1.25583e-05
1.26 -1.02 1.76098e-05
1.26 -0.96 2.43538e-05
1.26 -0.9 3.32178e-05
1.26 -0.84 4.46845e-05
1.26 -0.78 5.9284e-05
1.26 -0.72 7.75726e-05
1.26 -0.66 0.000100106
1.26 -0.6 0.000127412
1.26 -0.54 0.000159934
1.26 -0.48 0.000198002
1.26 -0.42 0.000241761
1.26 -0.36 0.000291132
1.26 -0.3 0.000345761
1.26 -0.24 0.000405004
1.26 -0.18 0.000467873
1.26 -0.12 0.000533072
1.26 -0.06 0.000599008
1.26 9.71445e-15 0.000663853
1.26 0.06 0.0007256
1.26 0.12 0.000782183
1.26 0.18 0.0008316
1.26 0.24 0.000871982
1.26 0.3 0.000901756
1.26 0.36 0.00091973
1.26 0.42 0.000925163
1.26 0.48 0.000917844
1.26 0.54 0.000898053
1.26 0.6 0.000866634
1.26 0.66 0.000824807
1.26 0.72 0.000774207
1.26 0.78 0.000716718
1.26 0.84 0.000654386
1.26 0.9 0.000589255
1.26 0.96 0.000523317
1.32 -1.14 5.90584e-06
1.32 -1.08 8.39684e-06
1.32 -1.02 1.17743e-05
1.32 -0.96 1.62834e-05
1.32 -0.9 2.22101e-05
1.32 -0.84 2.98772e-05
1.32 -0.78 3.96391e-05
1.32 -0.72 5.18669e-05
1.32 -0.66 6.69336e-05
1.32 -0.6 8.51909e-05
1.32 -0.54 0.000106937
1.32 -0.48 0.000132389
1.32 -0.42 0.000161646
1.32 -0.36 0.000194656
1.32 -0.3 0.000231184
1.32 -0.24 0.000270797
1.32 -0.18 0.000312833
1.32 -0.12 0.000356423
1.32 -0.06 0.000400515
1.32 9.71445e-15 0.000443867
1.32 0.06 0.000485153
1.32 0.12 0.000522989
1.32 0.18 0.000556031
1.32 0.24 0.000583032
1.32 0.3 0.000602935
1.32 0.36 0.00061495
1.32 0.42 0.000618591
1.32 0.48 0.000613692
1.32 0.54 0.000600465
1.32 0.6 0.000579443
1.32 0.66 0.000551481
1.32 0.72 0.00051765
1.32 0.78 0.000479212
1.32 0.84 0.000437537
1.38 -1.08 5.53715e-06
1.38 -1.02 7.76443e-06
1.38 -0.96 1.0738e-05
1.38 -0.9 1.46462e-05
1.38 -0.84 1.97021e-05
1.38 -0.78 2.61392e-05
1.38 -0.72 3.42028e-05
1.38 -0.66 4.41385e-05
1.38 -0.6 5.61777e-05
1.38 -0.54 7.05176e-05
1.38 -0.48 8.73021e-05
1.38 -0.42 0.000106596
1.38 -0.36 0.000128364
1.38 -0.3 0.000152452
1.38 -0.24 0.000178573
1.38 -0.18 0.000206291
1.38 -0.12 0.000235039
1.38 -0.06 0.000264111
1.38 9.71445e-15 0.000292703
1.38 0.06 0.000319927
1.38 0.12 0.000344875
1.38 0.18 0.000366663
1.38 0.24 0.000384468
1.38 0.3 0.000397597
1.38 0.36 0.000405522
1.38 0.42 0.000407919
1.38 0.48 0.00040469
1.38 0.54 0.000395967
1.38 0.6 0.000382109
1.38 0.66 0.000363666
1.44 -1.02 5.04973e-06
1.44 -0.96 6.98365e-06
1.44 -0.9 9.52542e-06
1.44 -0.84 1.28137e-05
1.44 -0.78 1.70003e-05
1.44 -0.72 2.22445e-05
1.44 -0.66 2.87065e-05
1.44 -0.6 3.65363e-05
1.44 -0.54 4.5863e-05
1.44 -0.48 5.67789e-05
1.44 -0.42 6.93266e-05
1.44 -0.36 8.34835e-05
1.44 -0.3 9.91501e-05
1.44 -0.24 0.000116138
1.44 -0.18 0.000134167
1.44 -0.12 0.000152862
1.44 -0.06 0.00017177
1.44 9.71445e-15 0.000190363
1.44 0.06 0.00020807
1.44 0.12 0.000224299
1.44 0.18 0.000238469
1.44 0.24 0.000250047
1.44 0.3 0.000258586
1.44 0.36 0.000263736
1.44 0.42 0.000265299
1.44 0.48 0.000263198
1.44 0.54 0.000257527
1.5 -0.78 1.09044e-05
1.5 -0.72 1.42684e-05
1.5 -0.66 1.84132e-05
1.5 -0.6 2.34357e-05
1.5 -0.54 2.9418e-05
1.5 -0.48 3.64196e-05
1.5 -0.42 4.44682e-05
1.5 -0.36 5.35489e-05
1.5 -0.3 6.35981e-05
1.5 -0.24 7.44937e-05
1.5 -0.18 8.60588e-05
1.5 -0.12 9.80514e-05
1.5 -0.06 0.000110179
1.5 9.71445e-15 0.000122106
1.5 0.06 0.000133464
1.5 0.12 0.000143873
1.5 0.18 0.000152961
1.5 0.24 0.000160388
1.5 0.3 0.000165866
1.56 -0.36 3.38761e-05
1.56 -0.3 4.0233e-05
1.56 -0.24 4.71263e-05
1.56 -0.18 5.44415e-05
1.56 -0.12 6.20286e-05
