4142 0.06 0.06 0.398324 -12 -12
-4.8 -0.12 7.37711e-05
-4.8 -0.06 7.4338e-05
-4.8 9.71445e-15 7.38782e-05
-4.8 0.06 7.2412e-05
-4.8 0.12 7.00001e-05
-4.8 0.18 6.67382e-05
-4.8 0.24 6.27533e-05
-4.8 0.3 5.81952e-05
-4.8 0.36 5.32262e-05
-4.8 0.42 4.80132e-05
-4.8 0.48 4.27149e-05
-4.8 0.54 3.74787e-05
-4.8 0.6 3.24326e-05
-4.74 -0.42 9.19855e-05
-4.74 -0.36 9.93322e-05
-4.74 -0.3 0.000105792
-4.74 -0.24 0.000111123
-4.74 -0.18 0.000115117
-4.74 -0.12 0.000117618
-4.74 -0.06 0.00011852
-4.74 9.71445e-15 0.000117788
-4.74 0.06 0.00011545
-4.74 0.12 0.000111603
-4.74 0.18 0.000106403
-4.74 0.24 0.00010005
-4.74 0.3 9.27832e-05
-4.74 0.36 8.4862e-05
-4.74 0.42 7.65498e-05
-4.74 0.48 6.81021e-05
-4.74 0.54 5.97541e-05
-4.74 0.6 5.17093e-05
-4.74 0.66 4.41316e-05
-4.74 0.72 3.71472e-05
-4.74 0.78 3.08383e-05
-4.74 0.84 2.5249e-05
-4.68 -0.6 0.000105707
-4.68 -0.54 0.00011899
-4.68 -0.48 0.000132101
-4.68 -0.42 0.00014464
-4.68 -0.36 0.000156193
-4.68 -0.3 0.000166349
-4.68 -0.24 0.000174733
-4.68 -0.18 0.000181016
-4.68 -0.12 0.000184946
-4.68 -0.06 0.000186366
-4.68 9.71445e-15 0.000185211
-4.68 0.06 0.000181539
-4.68 0.12 0.00017549
-4.68 0.18 0.000167313
-4.68 0.24 0.000157323
-4.68 0.3 0.000145897
-4.68 0.36 0.00013344
-4.68 0.42 0.000120369
-4.68 0.48 0.000107086
-4.68 0.54 9.39595e-05
-4.68 0.6 8.13091e-05
-4.68 0.66 6.93947e-05
-4.68 0.72 5.84117e-05
-4.68 0.78 4.84916e-05
-4.68 0.84 3.97027e-05
-4.68 0.9 3.20599e-05
-4.68 0.96 2.55323e-05
-4.68 1.02 2.00545e-05
-4.68 1.08 1.55352e-05
-4.62 -0.78 0.000105774
-4.62 -0.72 0.000124115
-4.62 -0.66 0.000143631
-4.62 -0.6 0.000163933
-4.62 -0.54 0.000184532
-4.62 -0.48 0.000204864
-4.62 -0.42 0.000224312
-4.62 -0.36 0.00024223
-4.62 -0.3 0.000257982
-4.62 -0.24 0.000270981
-4.62 -0.18 0.000280722
-4.62 -0.12 0.00028682
-4.62 -0.06 0.000289017
-4.62 9.71445e-15 0.000287233
-4.62 0.06 0.000281533
-4.62 0.12 0.000272153
-4.62 0.18 0.000259468
-4.62 0.24 0.000243976
-4.62 0.3 0.000226257
-4.62 0.36 0.00020694
-4.62 0.42 0.00018667
-4.62 0.48 0.000166071
-4.62 0.54 0.000145715
-4.62 0.6 0.000126095
-4.62 0.66 0.000107618
-4.62 0.72 9.05854e-05
-4.62 0.78 7.52004e-05
-4.62 0.84 6.1571e-05
-4.62 0.9 4.97188e-05
-4.62 0.96 3.9596e-05
-4.62 1.02 3.11006e-05
-4.62 1.08 2.40926e-05
-4.62 1.14 1.84068e-05
-4.62 1.2 1.38697e-05
-4.56 -0.9 0.000112725
-4.56 -0.84 0.000135982
-4.56 -0.78 0.000161783
-4.56 -0.72 0.00018983
-4.56 -0.66 0.000219685
-4.56 -0.6 0.000250735
-4.56 -0.54 0.000282242
-4.56 -0.48 0.000313343
-4.56 -0.42 0.000343084
-4.56 -0.36 0.000370487
-4.56 -0.3 0.000394582
-4.56 -0.24 0.000414467
-4.56 -0.18 0.000429367
-4.56 -0.12 0.000438686
-4.56 -0.06 0.000442056
-4.56 9.71445e-15 0.000439323
-4.56 0.06 0.000430603
-4.56 0.12 0.00041626
-4.56 0.18 0.000396863
-4.56 0.24 0.000373167
-4.56 0.3 0.000346062
-4.56 0.36 0.000316514
-4.56 0.42 0.000285514
-4.56 0.48 0.000254007
-4.56 0.54 0.00022287
-4.56 0.6 0.000192863
-4.56 0.66 0.000164601
-4.56 0.72 0.000138552
-4.56 0.78 0.000115021
-4.56 0.84 9.41737e-05
-4.56 0.9 7.60448e-05
-4.56 0.96 6.05625e-05
-4.56 1.02 4.75691e-05
-4.56 1.08 3.68494e-05
-4.56 1.14 2.81534e-05
-4.56 1.2 2.12138e-05
-4.56 1.26 1.57651e-05
-4.56 1.32 1.15547e-05
-4.5 -1.02 0.000112099
-4.5 -0.96 0.000139023
-4.5 -0.9 0.000170043
-4.5 -0.84 0.000205126
-4.5 -0.78 0.000244047
-4.5 -0.72 0.000286359
-4.5 -0.66 0.000331389
-4.5 -0.6 0.000378228
-4.5 -0.54 0.000425759
-4.5 -0.48 0.000472665
-4.5 -0.42 0.000517534
-4.5 -0.36 0.000558873
-4.5 -0.3 0.000595215
-4.5 -0.24 0.000625212
-4.5 -0.18 0.000647694
-4.5 -0.12 0.000661755
-4.5 -0.06 0.000666831
-4.5 9.71445e-15 0.000662704
-4.5 0.06 0.000649561
-4.5 0.12 0.000627921
-4.5 0.18 0.000598654
-4.5 0.24 0.000562914
-4.5 0.3 0.000522029
-4.5 0.36 0.000477457
-4.5 0.42 0.000430688
-4.5 0.48 0.000383163
-4.5 0.54 0.000336196
-4.5 0.6 0.000290929
-4.5 0.66 0.000248301
-4.5 0.72 0.000209002
-4.5 0.78 0.000173506
-4.5 0.84 0.000142059
-4.5 0.9 0.000114713
-4.5 0.96 9.13562e-05
-4.5 1.02 7.17565e-05
-4.5 1.08 5.55866e-05
-4.5 1.14 4.24689e-05
-4.5 1.2 3.20006e-05
-4.5 1.26 2.3781e-05
-4.5 1.32 1.743e-05
-4.5 1.38 1.25995e-05
-4.5 1.44 8.98249e-06
-4.44 -1.08 0.000132628
-4.44 -1.02 0.000166775
-4.44 -0.96 0.00020683
-4.44 -0.9 0.000252978
-4.44 -0.84 0.000305172
-4.44 -0.78 0.000363076
-4.44 -0.72 0.000426028
-4.44 -0.66 0.000493021
-4.44 -0.6 0.000562711
-4.44 -0.54 0.000633415
-4.44 -0.48 0.000703207
-4.44 -0.42 0.000769961
-4.44 -0.36 0.000831456
-4.44 -0.3 0.000885526
-4.44 -0.24 0.00093015
-4.44 -0.18 0.000963595
-4.44 -0.12 0.000984519
-4.44 -0.06 0.000992075
-4.44 9.71445e-15 0.000985938
-4.44 0.06 0.000966381
-4.44 0.12 0.000934182
-4.44 0.18 0.000890651
-4.44 0.24 0.000837473
-4.44 0.3 0.000776647
-4.44 0.36 0.000710337
-4.44 0.42 0.000640754
-4.44 0.48 0.000570051
-4.44 0.54 0.000500168
-4.44 0.6 0.000432832
-4.44 0.66 0.000369406
-4.44 0.72 0.000310942
-4.44 0.78 0.000258134
-4.44 0.84 0.000211348
-4.44 0.9 0.000170664
-4.44 0.96 0.000135916
-4.44 1.02 0.000106756
-4.44 1.08 8.26983e-05
-4.44 1.14 6.3183e-05
-4.44 1.2 4.76083e-05
-4.44 1.26 3.53802e-05
-4.44 1.32 2.59314e-05
-4.44 1.38 1.87446e-05
-4.44 1.44 1.33635e-05
-4.44 1.5 9.39627e-06
-4.44 1.56 6.51596e-06
-4.38 -1.2 0.000118068
-4.38 -1.14 0.000152634
-4.38 -1.08 0.000194606
-4.38 -1.02 0.000244708
-4.38 -0.96 0.000303478
-4.38 -0.9 0.000371195
-4.38 -0.84 0.00044778
-4.38 -0.78 0.000532743
-4.38 -0.72 0.000625109
-4.38 -0.66 0.000723402
-4.38 -0.6 0.000825663
-4.38 -0.54 0.000929408
-4.38 -0.48 0.00103181
-4.38 -0.42 0.00112975
-4.38 -0.36 0.00122
-4.38 -0.3 0.00129934
-4.38 -0.24 0.00136481
-4.38 -0.18 0.00141389
-4.38 -0.12 0.00144458
-4.38 -0.06 0.00145566
-4.38 9.71445e-15 0.00144667
-4.38 0.06 0.00141795
-4.38 0.12 0.00137073
-4.38 0.18 0.00130685
-4.38 0.24 0.00122881
-4.38 0.3 0.00113956
-4.38 0.36 0.00104227
-4.38 0.42 0.000940172
-4.38 0.48 0.000836434
-4.38 0.54 0.000733895
-4.38 0.6 0.000635091
-4.38 0.66 0.000542028
-4.38 0.72 0.000456245
-4.38 0.78 0.000378757
-4.38 0.84 0.000310109
-4.38 0.9 0.000250412
-4.38 0.96 0.000199428
-4.38 1.02 0.000156642
-4.38 1.08 0.000121344
-4.38 1.14 9.27075e-05
-4.38 1.2 6.98557e-05
-4.38 1.26 5.1913e-05
-4.38 1.32 3.80487e-05
-4.38 1.38 2.7504e-05
-4.38 1.44 1.96083e-05
-4.38 1.5 1.37871e-05
-4.38 1.56 9.56078e-06
-4.38 1.62 6.53889e-06
-4.32 -1.26 0.000130351
-4.32 -1.2 0.00017086
-4.32 -1.14 0.00022088
-4.32 -1.08 0.00028162
-4.32 -1.02 0.000354123
-4.32 -0.96 0.000439174
-4.32 -0.9 0.000537168
-4.32 -0.84 0.000647997
-4.32 -0.78 0.000770948
-4.32 -0.72 0.000904613
-4.32 -0.66 0.00104686
-4.32 -0.6 0.00119483
-4.32 -0.54 0.00134498
-4.32 -0.48 0.00149316
-4.32 -0.42 0.00163489
-4.32 -0.36 0.00176549
-4.32 -0.3 0.0018803
-4.32 -0.24 0.00197506
-4.32 -0.18 0.00204608
-4.32 -0.12 0.00209049
-4.32 -0.06 0.00210652
-4.32 9.71445e-15 0.0020935
-4.32 0.06 0.00205197
-4.32 0.12 0.00198362
-4.32 0.18 0.00189117
-4.32 0.24 0.00177824
-4.32 0.3 0.00164909
-4.32 0.36 0.00150829
-4.32 0.42 0.00136054
-4.32 0.48 0.00121042
-4.32 0.54 0.00106205
-4.32 0.6 0.000919051
-4.32 0.66 0.000784385
-4.32 0.72 0.000660244
-4.32 0.78 0.000548108
-4.32 0.84 0.000448764
-4.32 0.9 0.000362377
-4.32 0.96 0.000288595
-4.32 1.02 0.000226681
-4.32 1.08 0.000175599
-4.32 1.14 0.000134159
-4.32 1.2 0.00010109
-4.32 1.26 7.51244e-05
-4.32 1.32 5.50613e-05
-4.32 1.38 3.98018e-05
-4.32 1.44 2.83758e-05
-4.32 1.5 1.99518e-05
-4.32 1.56 1.38357e-05
-4.32 1.62 9.46257e-06
-4.32 1.68 6.3828e-06
-4.32 1.74 4.24619e-06
-4.26 -1.38 0.000103877
-4.26 -1.32 0.000139982
-4.26 -1.26 0.000186041
-4.26 -1.2 0.000243858
-4.26 -1.14 0.000315245
-4.26 -1.08 0.000401939
-4.26 -1.02 0.000505418
-4.26 -0.96 0.000626808
-4.26 -0.9 0.000766669
-4.26 -0.84 0.000924847
-4.26 -0.78 0.00110032
-4.26 -0.72 0.00129109
-4.26 -0.66 0.00149412
-4.26 -0.6 0.0017053
-4.26 -0.54 0.0019196
-4.26 -0.48 0.0021311
-4.26 -0.42 0.00233339
-4.26 -0.36 0.00251977
-4.26 -0.3 0.00268364
-4.26 -0.24 0.00281888
-4.26 -0.18 0.00292023
-4.26 -0.12 0.00298361
-4.26 -0.06 0.0030065
-4.26 9.71445e-15 0.00298792
-4.26 0.06 0.00292863
-4.26 0.12 0.00283108
-4.26 0.18 0.00269913
-4.26 0.24 0.00253797
-4.26 0.3 0.00235364
-4.26 0.36 0.00215267
-4.26 0.42 0.00194182
-4.26 0.48 0.00172755
-4.26 0.54 0.0015158
-4.26 0.6 0.00131169
-4.26 0.66 0.0011195
-4.26 0.72 0.000942321
-4.26 0.78 0.000782277
-4.26 0.84 0.000640493
-4.26 0.9 0.000517196
-4.26 0.96 0.000411893
-4.26 1.02 0.000323526
-4.26 1.08 0.000250621
-4.26 1.14 0.000191477
-4.26 1.2 0.00014428
-4.26 1.26 0.00010722
-4.26 1.32 7.85859e-05
-4.26 1.38 5.68068e-05
-4.26 1.44 4.04991e-05
-4.26 1.5 2.84759e-05
-4.26 1.56 1.97467e-05
-4.26 1.62 1.35053e-05
-4.26 1.68 9.1097e-06
-4.26 1.74 6.0603e-06
-4.26 1.8 3.97625e-06
-4.2 -1.44 0.000107016
-4.2 -1.38 0.00014622
-4.2 -1.32 0.000197041
-4.2 -1.26 0.000261874
-4.2 -1.2 0.000343259
-4.2 -1.14 0.000443745
-4.2 -1.08 0.000565772
-4.2 -1.02 0.000711435
-4.2 -0.96 0.000882306
-4.2 -0.9 0.00107918
-4.2 -0.84 0.00130183
-4.2 -0.78 0.00154882
-4.2 -0.72 0.00181736
-4.2 -0.66 0.00210314
-4.2 -0.6 0.00240041
-4.2 -0.54 0.00270205
-4.2 -0.48 0.00299977
-4.2 -0.42 0.00328452
-4.2 -0.36 0.00354689
-4.2 -0.3 0.00377755
-4.2 -0.24 0.0039679
-4.2 -0.18 0.00411053
-4.2 -0.12 0.00419981
-4.2 -0.06 0.00423198
-4.2 9.71445e-15 0.00420586
-4.2 0.06 0.00412237
-4.2 0.12 0.00398505
-4.2 0.18 0.00379933
-4.2 0.24 0.00357247
-4.2 0.3 0.00331299
-4.2 0.36 0.00303015
-4.2 0.42 0.00273335
-4.2 0.48 0.00243172
-4.2 0.54 0.00213366
-4.2 0.6 0.00184637
-4.2 0.66 0.00157581
-4.2 0.72 0.00132642
-4.2 0.78 0.00110114
-4.2 0.84 0.000901559
-4.2 0.9 0.000728012
-4.2 0.96 0.000579791
-4.2 1.02 0.000455399
-4.2 1.08 0.00035278
-4.2 1.14 0.000269523
-4.2 1.2 0.00020309
-4.2 1.26 0.000150926
-4.2 1.32 0.000110619
-4.2 1.38 7.99624e-05
-4.2 1.44 5.70071e-05
-4.2 1.5 4.00828e-05
-4.2 1.56 2.77959e-05
-4.2 1.62 1.90103e-05
-4.2 1.68 1.28231e-05
-4.2 1.74 8.5305e-06
-4.2 1.8 5.59702e-06
-4.2 1.86 3.62178e-06
-4.14 -1.5 0.000107238
-4.14 -1.44 0.000148566
-4.14 -1.38 0.000202992
-4.14 -1.32 0.000273545
-4.14 -1.26 0.000363554
-4.14 -1.2 0.000476529
-4.14 -1.14 0.000616042
-4.14 -1.08 0.000785444
-4.14 -1.02 0.000987659
-4.14 -0.96 0.00122486
-4.14 -0.9 0.00149817
-4.14 -0.84 0.00180727
-4.14 -0.78 0.00215019
-4.14 -0.72 0.00252299
-4.14 -0.66 0.0029197
-4.14 -0.6 0.00333244
-4.14 -0.54 0.00375116
-4.14 -0.48 0.00416446
-4.14 -0.42 0.00455975
-4.14 -0.36 0.004924
-4.14 -0.3 0.00524421
-4.14 -0.24 0.00550847
-4.14 -0.18 0.00570655
-4.14 -0.12 0.00583043
-4.14 -0.06 0.00587514
-4.14 9.71445e-15 0.00583885
-4.14 0.06 0.00572296
-4.14 0.12 0.00553235
-4.14 0.18 0.00527452
-4.14 0.24 0.00495958
-4.14 0.3 0.00459935
-4.14 0.36 0.00420666
-4.14 0.42 0.0037946
-4.14 0.48 0.00337591
-4.14 0.54 0.00296205
-4.14 0.6 0.00256327
-4.14 0.66 0.00218766
-4.14 0.72 0.00184144
-4.14 0.78 0.00152869
-4.14 0.84 0.00125162
-4.14 0.9 0.00101068
-4.14 0.96 0.000804905
-4.14 1.02 0.000632219
-4.14 1.08 0.000489752
-4.14 1.14 0.000374174
-4.14 1.2 0.000281943
-4.14 1.26 0.000209525
-4.14 1.32 0.000153567
-4.14 1.38 0.000111008
-4.14 1.44 7.91405e-05
-4.14 1.5 5.56459e-05
-4.14 1.56 3.8588e-05
-4.14 1.62 2.63914e-05
-4.14 1.68 1.78018e-05
-4.14 1.74 1.18427e-05
-4.14 1.8 7.77015e-06
-4.14 1.86 5.02798e-06
-4.14 1.92 3.20883e-06
-4.08 -1.56 0.000104527
-4.08 -1.5 0.000146828
-4.08 -1.44 0.000203414
-4.08 -1.38 0.000277935
-4.08 -1.32 0.000374534
-4.08 -1.26 0.000497766
-4.08 -1.2 0.000652463
-4.08 -1.14 0.000843473
-4.08 -1.08 0.00107541
-4.08 -1.02 0.0013523
-4.08 -0.96 0.00167709
-4.08 -0.9 0.00205128
-4.08 -0.84 0.00247449
-4.08 -0.78 0.00294398
-4.08 -0.72 0.00345441
-4.08 -0.66 0.00399767
-4.08 -0.6 0.0045627
-4.08 -0.54 0.00513601
-4.08 -0.48 0.00570198
-4.08 -0.42 0.00624322
-4.08 -0.36 0.00674184
-4.08 -0.3 0.0071803
-4.08 -0.24 0.00754214
-4.08 -0.18 0.00781325
-4.08 -0.12 0.00798292
-4.08 -0.06 0.0080442
-4.08 9.71445e-15 0.00799447
-4.08 0.06 0.00783579
-4.08 0.12 0.00757475
-4.08 0.18 0.0072218
-4.08 0.24 0.0067906
-4.08 0.3 0.00629736
-4.08 0.36 0.00575972
-4.08 0.42 0.00519557
-4.08 0.48 0.0046222
-4.08 0.54 0.00405562
-4.08 0.6 0.00350959
-4.08 0.66 0.00299528
-4.08 0.72 0.00252126
-4.08 0.78 0.00209306
-4.08 0.84 0.0017137
-4.08 0.9 0.00138381
-4.08 0.96 0.00110207
-4.08 1.02 0.000865624
-4.08 1.08 0.000670557
-4.08 1.14 0.000512313
-4.08 1.2 0.000386032
-4.08 1.26 0.000286881
-4.08 1.32 0.000210264
-4.08 1.38 0.000151991
-4.08 1.44 0.000108358
-4.08 1.5 7.61889e-05
-4.08 1.56 5.28342e-05
-4.08 1.62 3.6135e-05
-4.08 1.68 2.43739e-05
-4.08 1.74 1.62148e-05
-4.08 1.8 1.06388e-05
-4.08 1.86 6.8843e-06
-4.08 1.92 4.39354e-06
-4.08 1.98 2.7654e-06
-4.02 -1.62 9.91021e-05
-4.02 -1.56 0.00014115
-4.02 -1.5 0.000198272
-4.02 -1.44 0.000274681
-4.02 -1.38 0.000375307
-4.02 -1.32 0.000505755
-4.02 -1.26 0.000672172
-4.02 -1.2 0.000881063
-4.02 -1.14 0.001139
-4.02 -1.08 0.00145221
-4.02 -1.02 0.00182608
-4.02 -0.96 0.00226467
-4.02 -0.9 0.00276998
-4.02 -0.84 0.00334148
-4.02 -0.78 0.00397549
-4.02 -0.72 0.00466476
-4.02 -0.66 0.00539829
-4.02 -0.6 0.00616127
-4.02 -0.54 0.00693556
-4.02 -0.48 0.00769965
-4.02 -0.42 0.00843057
-4.02 -0.36 0.00910396
-4.02 -0.3 0.00969597
-4.02 -0.24 0.0101846
-4.02 -0.18 0.0105508
-4.02 -0.12 0.0107799
-4.02 -0.06 0.0108626
-4.02 9.71445e-15 0.0107953
-4.02 0.06 0.0105813
-4.02 0.12 0.0102287
-4.02 0.18 0.00975202
-4.02 0.24 0.0091698
-4.02 0.3 0.00850379
-4.02 0.36 0.00777772
-4.02 0.42 0.00701585
-4.02 0.48 0.00624167
-4.02 0.54 0.00547659
-4.02 0.6 0.0047392
-4.02 0.66 0.00404479
-4.02 0.72 0.00340462
-4.02 0.78 0.00282639
-4.02 0.84 0.00231413
-4.02 0.9 0.00186865
-4.02 0.96 0.00148818
-4.02 1.02 0.0011689
-4.02 1.08 0.000905499
-4.02 1.14 0.000691813
-4.02 1.2 0.000521284
-4.02 1.26 0.00038739
-4.02 1.32 0.000283932
-4.02 1.38 0.000205244
-4.02 1.44 0.000146324
-4.02 1.5 0.000102884
-4.02 1.56 7.13457e-05
-4.02 1.62 4.87952e-05
-4.02 1.68 3.29136e-05
-4.02 1.74 2.18961e-05
-4.02 1.8 1.43662e-05
-4.02 1.86 9.29623e-06
-4.02 1.92 5.93286e-06
-4.02 1.98 3.73431e-06
-4.02 2.04 2.31816e-06
-3.96 -1.68 9.13943e-05
-3.96 -1.62 0.000131986
-3.96 -1.56 0.000187983
-3.96 -1.5 0.00026406
-3.96 -1.44 0.000365826
-3.96 -1.38 0.000499844
-3.96 -1.32 0.000673566
-3.96 -1.26 0.000895203
-3.96 -1.2 0.00117339
-3.96 -1.14 0.00151693
-3.96 -1.08 0.00193405
-3.96 -1.02 0.00243199
-3.96 -0.96 0.00301608
-3.96 -0.9 0.00368906
-3.96 -0.84 0.00445017
-3.96 -0.78 0.00529454
-3.96 -0.72 0.00621252
-3.96 -0.66 0.00718941
-3.96 -0.6 0.0082057
-3.96 -0.54 0.00923669
-3.96 -0.48 0.0102545
-3.96 -0.42 0.0112279
-3.96 -0.36 0.0121247
-3.96 -0.3 0.0129132
-3.96 -0.24 0.0135639
-3.96 -0.18 0.0140516
-3.96 -0.12 0.0143567
-3.96 -0.06 0.0144668
-3.96 9.71445e-15 0.0143774
-3.96 0.06 0.0140921
-3.96 0.12 0.0136227
-3.96 0.18 0.0129878
-3.96 0.24 0.0122123
-3.96 0.3 0.0113253
-3.96 0.36 0.0103584
-3.96 0.42 0.00934377
-3.96 0.48 0.00831273
-3.96 0.54 0.00729369
-3.96 0.6 0.00631174
-3.96 0.66 0.00538682
-3.96 0.72 0.00453429
-3.96 0.78 0.0037642
-3.96 0.84 0.00308195
-3.96 0.9 0.00248868
-3.96 0.96 0.00198199
-3.96 1.02 0.00155675
-3.96 1.08 0.00120595
-3.96 1.14 0.000921356
-3.96 1.2 0.000694244
-3.96 1.26 0.000515931
-3.96 1.32 0.000378141
-3.96 1.38 0.000273344
-3.96 1.44 0.000194873
-3.96 1.5 0.00013702
-3.96 1.56 9.5018e-05
-3.96 1.62 6.49853e-05
-3.96 1.68 4.38348e-05
-3.96 1.74 2.91611e-05
-3.96 1.8 1.91329e-05
-3.96 1.86 1.23808e-05
-3.96 1.92 7.90135e-06
-3.96 1.98 4.97329e-06
-3.96 2.04 3.08731e-06
-3.96 2.1 1.89019e-06
-3.9 -1.74 8.19849e-05
-3.9 -1.68 0.000120047
-3.9 -1.62 0.000173363
-3.9 -1.56 0.000246917
-3.9 -1.5 0.000346842
-3.9 -1.44 0.000480509
-3.9 -1.38 0.000656539
-3.9 -1.32 0.000884726
-3.9 -1.26 0.00117584
-3.9 -1.2 0.00154127
-3.9 -1.14 0.00199247
-3.9 -1.08 0.00254036
-3.9 -1.02 0.0031944
-3.9 -0.96 0.00396165
-3.9 -0.9 0.00484561
-3.9 -0.84 0.00584533
-3.9 -0.78 0.00695434
-3.9 -0.72 0.00816017
-3.9 -0.66 0.00944335
-3.9 -0.6 0.0107781
-3.9 -0.54 0.0121324
-3.9 -0.48 0.0134692
-3.9 -0.42 0.0147479
-3.9 -0.36 0.0159259
-3.9 -0.3 0.0169615
-3.9 -0.24 0.0178162
-3.9 -0.18 0.0184567
-3.9 -0.12 0.0188576
-3.9 -0.06 0.019002
-3.9 9.71445e-15 0.0188847
-3.9 0.06 0.01851
-3.9 0.12 0.0178932
-3.9 0.18 0.0170592
-3.9 0.24 0.0160408
-3.9 0.3 0.0148758
-3.9 0.36 0.0136058
-3.9 0.42 0.012273
-3.9 0.48 0.0109187
-3.9 0.54 0.00958034
-3.9 0.6 0.0082904
-3.9 0.66 0.00707559
-3.9 0.72 0.00595572
-3.9 0.78 0.00494422
-3.9 0.84 0.00404812
-3.9 0.9 0.00326887
-3.9 0.96 0.00260333
-3.9 1.02 0.00204477
-3.9 1.08 0.00158402
-3.9 1.14 0.00121019
-3.9 1.2 0.000911893
-3.9 1.26 0.000677672
-3.9 1.32 0.000496692
-3.9 1.38 0.000359039
-3.9 1.44 0.000255967
-3.9 1.5 0.000179976
-3.9 1.56 0.000124807
-3.9 1.62 8.53581e-05
-3.9 1.68 5.75768e-05
-3.9 1.74 3.83031e-05
-3.9 1.8 2.51311e-05
-3.9 1.86 1.62621e-05
-3.9 1.92 1.03785e-05
-3.9 1.98 6.53247e-06
-3.9 2.04 4.05518e-06
-3.9 2.1 2.48276e-06
-3.84 -1.74 0.000106207
-3.84 -1.68 0.000155513
-3.84 -1.62 0.000224583
-3.84 -1.56 0.000319866
-3.84 -1.5 0.000449311
-3.84 -1.44 0.000622473
-3.84 -1.38 0.000850514
-3.84 -1.32 0.00114612
-3.84 -1.26 0.00152323
-3.84 -1.2 0.00199662
-3.84 -1.14 0.00258114
-3.84 -1.08 0.00329088
-3.84 -1.02 0.0041382
-3.84 -0.96 0.0051321
-3.84 -0.9 0.00627719
-3.84 -0.84 0.00757224
-3.84 -0.78 0.00900891
-3.84 -0.72 0.010571
-3.84 -0.66 0.0122333
-3.84 -0.6 0.0139624
-3.84 -0.54 0.0157168
-3.84 -0.48 0.0174487
-3.84 -0.42 0.0191051
-3.84 -0.36 0.020631
-3.84 -0.3 0.0219725
-3.84 -0.24 0.0230798
-3.84 -0.18 0.0239093
-3.84 -0.12 0.0244288
-3.84 -0.06 0.0246162
-3.84 9.71445e-15 0.024464
-3.84 0.06 0.0239786
-3.84 0.12 0.0231795
-3.84 0.18 0.0220995
-3.84 0.24 0.02078
-3.84 0.3 0.0192707
-3.84 0.36 0.0176255
-3.84 0.42 0.0158991
-3.84 0.48 0.0141445
-3.84 0.54 0.0124107
-3.84 0.6 0.0107398
-3.84 0.66 0.00916597
-3.84 0.72 0.00771531
-3.84 0.78 0.00640501
-3.84 0.84 0.00524411
-3.84 0.9 0.00423464
-3.84 0.96 0.00337248
-3.84 1.02 0.0026489
-3.84 1.08 0.00205199
-3.84 1.14 0.00156774
-3.84 1.2 0.0011813
-3.84 1.26 0.000877891
-3.84 1.32 0.000643436
-3.84 1.38 0.000465113
-3.84 1.44 0.000331589
-3.84 1.5 0.000233147
-3.84 1.56 0.00016168
-3.84 1.62 0.000110577
-3.84 1.68 7.45871e-05
-3.84 1.74 4.96194e-05
-3.84 1.8 3.25557e-05
-3.84 1.86 2.10667e-05
-3.84 1.92 1.34448e-05
-3.84 1.98 8.46245e-06
-3.84 2.04 5.25324e-06
-3.84 2.1 3.21628e-06
-3.78 -1.8 9.13976e-05
-3.78 -1.74 0.000135695
-3.78 -1.68 0.00019869
-3.78 -1.62 0.000286935
-3.78 -1.56 0.000408669
-3.78 -1.5 0.00057406
-3.78 -1.44 0.000795297
-3.78 -1.38 0.00108665
-3.78 -1.32 0.00146432
-3.78 -1.26 0.00194614
-3.78 -1.2 0.00255094
-3.78 -1.14 0.00329776
-3.78 -1.08 0.00420455
-3.78 -1.02 0.00528711
-3.78 -0.96 0.00655692
-3.78 -0.9 0.00801994
-3.78 -0.84 0.00967459
-3.78 -0.78 0.0115101
-3.78 -0.72 0.0135058
-3.78 -0.66 0.0156297
-3.78 -0.6 0.017839
-3.78 -0.54 0.0200803
-3.78 -0.48 0.0222931
-3.78 -0.42 0.0244092
-3.78 -0.36 0.0263588
-3.78 -0.3 0.0280731
-3.78 -0.24 0.0294877
-3.78 -0.18 0.0305476
-3.78 -0.12 0.031211
-3.78 -0.06 0.0314504
-3.78 9.71445e-15 0.0312562
-3.78 0.06 0.0306359
-3.78 0.12 0.0296151
-3.78 0.18 0.0282351
-3.78 0.24 0.0265492
-3.78 0.3 0.0246209
-3.78 0.36 0.0225189
-3.78 0.42 0.0203132
-3.78 0.48 0.0180716
-3.78 0.54 0.0158563
-3.78 0.6 0.0137216
-3.78 0.66 0.0117107
-3.78 0.72 0.00985738
-3.78 0.78 0.00818325
-3.78 0.84 0.00670007
-3.78 0.9 0.00541033
-3.78 0.96 0.0043088
-3.78 1.02 0.00338434
-3.78 1.08 0.00262171
-3.78 1.14 0.002003
-3.78 1.2 0.00150928
-3.78 1.26 0.00112162
-3.78 1.32 0.000822074
-3.78 1.38 0.000594243
-3.78 1.44 0.00042365
-3.78 1.5 0.000297876
-3.78 1.56 0.000206567
-3.78 1.62 0.000141277
-3.78 1.68 9.52957e-05
-3.78 1.74 6.33954e-05
-3.78 1.8 4.15945e-05
-3.78 1.86 2.69156e-05
-3.78 1.92 1.71775e-05
-3.78 1.98 1.08119e-05
-3.78 2.04 6.71171e-06
-3.78 2.1 4.10922e-06
-3.72 -1.86 7.6506e-05
-3.72 -1.8 0.000115167
-3.72 -1.74 0.000170986
-3.72 -1.68 0.000250363
-3.72 -1.62 0.000361558
-3.72 -1.56 0.000514956
-3.72 -1.5 0.00072336
-3.72 -1.44 0.00100213
-3.72 -1.38 0.00136926
-3.72 -1.32 0.00184515
-3.72 -1.26 0.00245229
-3.72 -1.2 0.00321437
-3.72 -1.14 0.00415543
-3.72 -1.08 0.00529807
-3.72 -1.02 0.00666212
-3.72 -0.96 0.00826216
-3.72 -0.9 0.0101057
-3.72 -0.84 0.0121907
-3.72 -0.78 0.0145037
-3.72 -0.72 0.0170184
-3.72 -0.66 0.0196945
-3.72 -0.6 0.0224785
-3.72 -0.54 0.0253028
-3.72 -0.48 0.0280909
-3.72 -0.42 0.0307573
-3.72 -0.36 0.0332142
-3.72 -0.3 0.0353742
-3.72 -0.24 0.0371566
-3.72 -0.18 0.0384925
-3.72 -0.12 0.0393283
-3.72 -0.06 0.0396297
-3.72 9.71445e-15 0.0393852
-3.72 0.06 0.0386034
-3.72 0.12 0.0373175
-3.72 0.18 0.0355784
-3.72 0.24 0.033454
-3.72 0.3 0.0310242
-3.72 0.36 0.0283755
-3.72 0.42 0.0255961
-3.72 0.48 0.0227716
-3.72 0.54 0.0199802
-3.72 0.6 0.0172902
-3.72 0.66 0.0147565
-3.72 0.72 0.0124211
-3.72 0.78 0.0103115
-3.72 0.84 0.0084426
-3.72 0.9 0.00681741
-3.72 0.96 0.00542939
-3.72 1.02 0.00426452
-3.72 1.08 0.00330355
-3.72 1.14 0.00252393
-3.72 1.2 0.0019018
-3.72 1.26 0.00141333
-3.72 1.32 0.00103587
-3.72 1.38 0.000748791
-3.72 1.44 0.00053383
-3.72 1.5 0.000375349
-3.72 1.56 0.00026029
-3.72 1.62 0.000178019
-3.72 1.68 0.00012008
-3.72 1.74 7.9883e-05
-3.72 1.8 5.24121e-05
-3.72 1.86 3.39155e-05
-3.72 1.92 2.16447e-05
-3.72 1.98 1.36237e-05
-3.72 2.04 8.45726e-06
-3.72 2.1 5.17792e-06
-3.72 2.16 3.12654e-06
-3.66 -1.92 6.22922e-05
-3.66 -1.86 9.50781e-05
-3.66 -1.8 0.000143124
-3.66 -1.74 0.000212493
-3.66 -1.68 0.000311142
-3.66 -1.62 0.000449324
-3.66 -1.56 0.000639961
-3.66 -1.5 0.000898956
-3.66 -1.44 0.0012454
-3.66 -1.38 0.00170164
-3.66 -1.32 0.00229308
-3.66 -1.26 0.0030476
-3.66 -1.2 0.00399466
-3.66 -1.14 0.00516417
-3.66 -1.08 0.00658424
-3.66 -1.02 0.0082794
-3.66 -0.96 0.0102678
-3.66 -0.9 0.0125589
-3.66 -0.84 0.0151501
-3.66 -0.78 0.0180246
-3.66 -0.72 0.0211497
-3.66 -0.66 0.0244754
-3.66 -0.6 0.0279352
-3.66 -0.54 0.0314453
-3.66 -0.48 0.03491
-3.66 -0.42 0.0382235
-3.66 -0.36 0.0412768
-3.66 -0.3 0.0439611
-3.66 -0.24 0.0461766
-3.66 -0.18 0.0478369
-3.66 -0.12 0.0488753
-3.66 -0.06 0.0492503
-3.66 9.71445e-15 0.0489458
-3.66 0.06 0.0479746
-3.66 0.12 0.0463767
-3.66 0.18 0.0442154
-3.66 0.24 0.0415753
-3.66 0.3 0.0385556
-3.66 0.36 0.0352637
-3.66 0.42 0.0318095
-3.66 0.48 0.0282996
-3.66 0.54 0.0248304
-3.66 0.6 0.0214874
-3.66 0.66 0.0183388
-3.66 0.72 0.0154364
-3.66 0.78 0.0128148
-3.66 0.84 0.0104921
-3.66 0.9 0.00847236
-3.66 0.96 0.00674735
-3.66 1.02 0.00529978
-3.66 1.08 0.00410548
-3.66 1.14 0.00313664
-3.66 1.2 0.00236348
-3.66 1.26 0.00175641
-3.66 1.32 0.00128732
-3.66 1.38 0.000930557
-3.66 1.44 0.000663421
-3.66 1.5 0.000466469
-3.66 1.56 0.000323475
-3.66 1.62 0.000221235
-3.66 1.68 0.000149229
-3.66 1.74 9.92752e-05
-3.66 1.8 6.51358e-05
-3.66 1.86 4.21488e-05
-3.66 1.92 2.68991e-05
-3.66 1.98 1.6931e-05
-3.66 2.04 1.05103e-05
-3.66 2.1 6.43485e-06
-3.66 2.16 3.88555e-06
-3.6 -1.92 7.63495e-05
-3.6 -1.86 0.000116533
-3.6 -1.8 0.000175425
-3.6 -1.74 0.000260445
-3.6 -1.68 0.000381358
-3.6 -1.62 0.00055073
-3.6 -1.56 0.00078438
-3.6 -1.5 0.00110182
-3.6 -1.44 0.00152645
-3.6 -1.38 0.00208567
-3.6 -1.32 0.00281057
-3.6 -1.26 0.00373532
-3.6 -1.2 0.00489616
-3.6 -1.14 0.00632954
-3.6 -1.08 0.00807008
-3.6 -1.02 0.0101479
-3.6 -0.96 0.0125851
-3.6 -0.9 0.0153931
-3.6 -0.84 0.018569
-3.6 -0.78 0.0220922
-3.6 -0.72 0.0259223
-3.6 -0.66 0.0299991
-3.6 -0.6 0.0342391
-3.6 -0.54 0.0385414
-3.6 -0.48 0.0427885
-3.6 -0.42 0.04685
-3.6 -0.36 0.0505919
-3.6 -0.3 0.0538822
-3.6 -0.24 0.0565975
-3.6 -0.18 0.0586321
-3.6 -0.12 0.0599048
-3.6 -0.06 0.0603649
-3.6 9.71445e-15 0.0599918
-3.6 0.06 0.0588008
-3.6 0.12 0.0568423
-3.6 0.18 0.0541936
-3.6 0.24 0.0509577
-3.6 0.3 0.0472563
-3.6 0.36 0.0432217
-3.6 0.42 0.0389884
-3.6 0.48 0.0346858
-3.6 0.54 0.030434
-3.6 0.6 0.0263365
-3.6 0.66 0.0224771
-3.6 0.72 0.0189199
-3.6 0.78 0.0157067
-3.6 0.84 0.0128599
-3.6 0.9 0.0103843
-3.6 0.96 0.00827012
-3.6 1.02 0.00649579
-3.6 1.08 0.00503198
-3.6 1.14 0.00384448
-3.6 1.2 0.00289685
-3.6 1.26 0.0021528
-3.6 1.32 0.00157785
-3.6 1.38 0.00114056
-3.6 1.44 0.000813137
-3.6 1.5 0.000571734
-3.6 1.56 0.000396475
-3.6 1.62 0.000271163
-3.6 1.68 0.000182906
-3.6 1.74 0.000121679
-3.6 1.8 7.98351e-05
-3.6 1.86 5.16609e-05
-3.6 1.92 3.29698e-05
-3.6 1.98 2.07519e-05
-3.6 2.04 1.28822e-05
-3.6 2.1 7.88704e-06
-3.6 2.16 4.76242e-06
-3.54 -1.98 5.96355e-05
-3.54 -1.92 9.22926e-05
-3.54 -1.86 0.00014087
-3.54 -1.8 0.000212057
-3.54 -1.74 0.000314835
-3.54 -1.68 0.000460991
-3.54 -1.62 0.000665734
-3.54 -1.56 0.000948186
-3.54 -1.5 0.00133191
-3.54 -1.44 0.00184521
-3.54 -1.38 0.00252119
-3.54 -1.32 0.00339745
-3.54 -1.26 0.00451536
-3.54 -1.2 0.0059186
-3.54 -1.14 0.00765137
-3.54 -1.08 0.00975528
-3.54 -1.02 0.0122669
-3.54 -0.96 0.0152131
-3.54 -0.9 0.0186075
-3.54 -0.84 0.0224465
-3.54 -0.78 0.0267055
-3.54 -0.72 0.0313359
-3.54 -0.66 0.0362634
-3.54 -0.6 0.0413893
-3.54 -0.54 0.0465899
-3.54 -0.48 0.0517234
-3.54 -0.42 0.0566335
-3.54 -0.36 0.0611568
-3.54 -0.3 0.0651335
-3.54 -0.24 0.0684154
-3.54 -0.18 0.0708756
-3.54 -0.12 0.0724151
-3.54 -0.06 0.0729704
-3.54 9.71445e-15 0.0725191
-3.54 0.06 0.0710808
-3.54 0.12 0.068712
-3.54 0.18 0.0655103
-3.54 0.24 0.061599
-3.54 0.3 0.0571251
-3.54 0.36 0.0522478
-3.54 0.42 0.0471298
-3.54 0.48 0.0419291
-3.54 0.54 0.0367893
-3.54 0.6 0.0318363
-3.54 0.66 0.0271711
-3.54 0.72 0.0228708
-3.54 0.78 0.0189866
-3.54 0.84 0.0155454
-3.54 0.9 0.0125529
-3.54 0.96 0.0099971
-3.54 1.02 0.00785223
-3.54 1.08 0.00608277
-3.54 1.14 0.00464732
-3.54 1.2 0.00350173
-3.54 1.26 0.00260234
-3.54 1.32 0.00190735
-3.54 1.38 0.00137874
-3.54 1.44 0.000982931
-3.54 1.5 0.000691129
-3.54 1.56 0.000479273
-3.54 1.62 0.000327786
-3.54 1.68 0.0002211
-3.54 1.74 0.000147089
-3.54 1.8 9.65056e-05
-3.54 1.86 6.24483e-05
-3.54 1.92 3.98544e-05
-3.54 1.98 2.50854e-05
-3.54 2.04 1.55724e-05
-3.54 2.1 9.5341e-06
-3.54 2.16 5.75689e-06
-3.48 -1.98 7.10992e-05
-3.48 -1.92 0.000110033
-3.48 -1.86 0.000167946
-3.48 -1.8 0.000252819
-3.48 -1.74 0.000375343
-3.48 -1.68 0.000549604
-3.48 -1.62 0.000793691
-3.48 -1.56 0.00113044
-3.48 -1.5 0.00158791
-3.48 -1.44 0.00219987
-3.48 -1.38 0.00300578
-3.48 -1.32 0.00405049
-3.48 -1.26 0.00538324
-3.48 -1.2 0.00705627
-3.48 -1.14 0.0091219
-3.48 -1.08 0.0116304
-3.48 -1.02 0.0146247
-3.48 -0.96 0.0181373
-3.48 -0.9 0.0221843
-3.48 -0.84 0.0267613
-3.48 -0.78 0.0318387
-3.48 -0.72 0.0373589
-3.48 -0.66 0.0432338
-3.48 -0.6 0.0493442
-3.48 -0.54 0.0555452
-3.48 -0.48 0.0616651
-3.48 -0.42 0.067519
-3.48 -0.36 0.0729121
-3.48 -0.3 0.0776536
-3.48 -0.24 0.0815667
-3.48 -0.18 0.084499
-3.48 -0.12 0.086334
-3.48 -0.06 0.0869959
-3.48 9.71445e-15 0.0864583
-3.48 0.06 0.0847423
-3.48 0.12 0.0819195
-3.48 0.18 0.0781014
-3.48 0.24 0.0734385
-3.48 0.3 0.0681044
-3.48 0.36 0.0622899
-3.48 0.42 0.0561886
-3.48 0.48 0.0499879
-3.48 0.54 0.043861
-3.48 0.6 0.0379551
-3.48 0.66 0.0323935
-3.48 0.72 0.0272668
-3.48 0.78 0.0226358
-3.48 0.84 0.0185332
-3.48 0.9 0.0149655
-3.48 0.96 0.0119186
-3.48 1.02 0.00936147
-3.48 1.08 0.00725198
-3.48 1.14 0.00554053
-3.48 1.2 0.00417486
-3.48 1.26 0.00310253
-3.48 1.32 0.00227397
-3.48 1.38 0.00164376
-3.48 1.44 0.00117188
-3.48 1.5 0.000823972
-3.48 1.56 0.000571392
-3.48 1.62 0.00039079
-3.48 1.68 0.000263599
-3.48 1.74 0.00017536
-3.48 1.8 0.000115056
-3.48 1.86 7.44514e-05
-3.48 1.92 4.7515e-05
-3.48 1.98 2.99072e-05
-3.48 2.04 1.85655e-05
-3.48 2.1 1.13666e-05
-3.48 2.16 6.8634e-06
-3.42 -2.04 5.3276e-05
-3.42 -1.98 8.35996e-05
-3.42 -1.92 0.000129379
-3.42 -1.86 0.000197474
-3.42 -1.8 0.000297267
-3.42 -1.74 0.000441343
-3.42 -1.68 0.000646234
-3.42 -1.62 0.000933238
-3.42 -1.56 0.00132918
-3.42 -1.5 0.0018671
-3.42 -1.44 0.00258666
-3.42 -1.38 0.00353427
-3.42 -1.32 0.00476267
-3.42 -1.26 0.00632977
-3.42 -1.2 0.00829681
-3.42 -1.14 0.0107258
-3.42 -1.08 0.0136753
-3.42 -1.02 0.0171961
-3.42 -0.96 0.0213261
-3.42 -0.9 0.0260845
-3.42 -0.84 0.0314663
-3.42 -0.78 0.0374366
-3.42 -0.72 0.0439271
-3.42 -0.66 0.050835
-3.42 -0.6 0.0580205
-3.42 -0.54 0.0653109
-3.42 -0.48 0.0725074
-3.42 -0.42 0.0793894
-3.42 -0.36 0.0857304
-3.42 -0.3 0.0913061
-3.42 -0.24 0.0959076
-3.42 -0.18 0.0993559
-3.42 -0.12 0.101512
-3.42 -0.06 0.102292
-3.42 9.71445e-15 0.101659
-3.42 0.06 0.0996421
-3.42 0.12 0.096323
-3.42 0.18 0.0918344
-3.42 0.24 0.086351
-3.42 0.3 0.080079
-3.42 0.36 0.0732417
-3.42 0.42 0.0660678
-3.42 0.48 0.0587775
-3.42 0.54 0.0515721
-3.42 0.6 0.0446287
-3.42 0.66 0.038089
-3.42 0.72 0.0320611
-3.42 0.78 0.026616
-3.42 0.84 0.0217919
-3.42 0.9 0.0175969
-3.42 0.96 0.0140141
-3.42 1.02 0.0110075
-3.42 1.08 0.00852694
-3.42 1.14 0.00651472
-3.42 1.2 0.00490888
-3.42 1.26 0.00364803
-3.42 1.32 0.00267374
-3.42 1.38 0.00193274
-3.42 1.44 0.00137791
-3.42 1.5 0.000968842
-3.42 1.56 0.000671848
-3.42 1.62 0.000459501
-3.42 1.68 0.000309944
-3.42 1.74 0.000206192
-3.42 1.8 0.000135285
-3.42 1.86 8.75422e-05
-3.42 1.92 5.5869e-05
-3.42 1.98 3.51653e-05
-3.42 2.04 2.18297e-05
-3.42 2.1 1.3365e-05
-3.42 2.16 8.0702e-06
-3.36 -2.04 6.17821e-05
-3.36 -1.98 9.69466e-05
-3.36 -1.92 0.000150036
-3.36 -1.86 0.000229004
-3.36 -1.8 0.000344728
-3.36 -1.74 0.000511804
-3.36 -1.68 0.00074941
-3.36 -1.62 0.00108223
-3.36 -1.56 0.00154141
-3.36 -1.5 0.00216521
-3.36 -1.44 0.00299964
-3.36 -1.38 0.00409852
-3.36 -1.32 0.00552302
-3.36 -1.26 0.00734038
-3.36 -1.2 0.00962151
-3.36 -1.14 0.0124383
-3.36 -1.08 0.0158587
-3.36 -1.02 0.0199414
-3.36 -0.96 0.024731
-3.36 -0.9 0.0302492
-3.36 -0.84 0.0364901
-3.36 -0.78 0.0434138
-3.36 -0.72 0.050941
-3.36 -0.66 0.0589511
-3.36 -0.6 0.0672836
-3.36 -0.54 0.0757387
-3.36 -0.48 0.0840827
-3.36 -0.42 0.0920654
-3.36 -0.36 0.0994192
-3.36 -0.3 0.105884
-3.36 -0.24 0.111219
-3.36 -0.18 0.115219
-3.36 -0.12 0.117721
-3.36 -0.06 0.118623
-3.36 9.71445e-15 0.11789
-3.36 0.06 0.115552
-3.36 0.12 0.111702
-3.36 0.18 0.106495
-3.36 0.24 0.100137
-3.36 0.3 0.0928646
-3.36 0.36 0.0849358
-3.36 0.42 0.0766154
-3.36 0.48 0.0681615
-3.36 0.54 0.0598061
-3.36 0.6 0.051754
-3.36 0.66 0.0441706
-3.36 0.72 0.0371797
-3.36 0.78 0.0308652
-3.36 0.84 0.0252711
-3.36 0.9 0.0204064
-3.36 0.96 0.0162516
-3.36 1.02 0.0127648
-3.36 1.08 0.00988843
-3.36 1.14 0.00755485
-3.36 1.2 0.0056926
-3.36 1.26 0.00423043
-3.36 1.32 0.00310066
-3.36 1.38 0.00224134
-3.36 1.44 0.0015979
-3.36 1.5 0.00112353
-3.36 1.56 0.000779124
-3.36 1.62 0.00053286
-3.36 1.68 0.00035943
-3.36 1.74 0.000239114
-3.36 1.8 0.000156884
-3.36 1.86 0.000101518
-3.36 1.92 6.47888e-05
-3.36 1.98 4.07799e-05
-3.36 2.04 2.53152e-05
-3.36 2.1 1.5499e-05
-3.36 2.16 9.35857e-06
-3.3 -2.1 4.44122e-05
-3.3 -2.04 7.06611e-05
-3.3 -1.98 0.000110879
-3.3 -1.92 0.000171597
-3.3 -1.86 0.000261915
-3.3 -1.8 0.000394273
-3.3 -1.74 0.000585364
-3.3 -1.68 0.000857104
-3.3 -1.62 0.00123778
-3.3 -1.56 0.00176293
-3.3 -1.5 0.00247638
-3.3 -1.44 0.00343076
-3.3 -1.38 0.0046876
-3.3 -1.32 0.00631679
-3.3 -1.26 0.0083953
-3.3 -1.2 0.0110043
-3.3 -1.14 0.014226
-3.3 -1.08 0.0181377
-3.3 -1.02 0.0228075
-3.3 -0.96 0.0282854
-3.3 -0.9 0.0345965
-3.3 -0.84 0.041734
-3.3 -0.78 0.0496526
-3.3 -0.72 0.0582619
-3.3 -0.66 0.0674236
-3.3 -0.6 0.0769541
-3.3 -0.54 0.0866231
-3.3 -0.48 0.0961681
-3.3 -0.42 0.105297
-3.3 -0.36 0.113707
-3.3 -0.3 0.121101
-3.3 -0.24 0.127203
-3.3 -0.18 0.131777
-3.3 -0.12 0.134639
-3.3 -0.06 0.135672
-3.3 9.71445e-15 0.134833
-3.3 0.06 0.132158
-3.3 0.12 0.127755
-3.3 0.18 0.121801
-3.3 0.24 0.114529
-3.3 0.3 0.106211
-3.3 0.36 0.0971429
-3.3 0.42 0.0876273
-3.3 0.48 0.0779577
-3.3 0.54 0.0684012
-3.3 0.6 0.0591924
-3.3 0.66 0.0505184
-3.3 0.72 0.0425231
-3.3 0.78 0.0353012
-3.3 0.84 0.0289031
-3.3 0.9 0.0233393
-3.3 0.96 0.0185874
-3.3 1.02 0.0145994
-3.3 1.08 0.0113095
-3.3 1.14 0.00864063
-3.3 1.2 0.00651068
-3.3 1.26 0.00483847
-3.3 1.32 0.00354628
-3.3 1.38 0.00256345
-3.3 1.44 0.00182754
-3.3 1.5 0.00128499
-3.3 1.56 0.000891097
-3.3 1.62 0.000609443
-3.3 1.68 0.000411087
-3.3 1.74 0.000273478
-3.3 1.8 0.00017943
-3.3 1.86 0.000116109
-3.3 1.92 7.41002e-05
-3.3 1.98 4.66405e-05
-3.3 2.04 2.89534e-05
-3.3 2.1 1.77265e-05
-3.3 2.16 1.07036e-05
-3.24 -2.1 5.00965e-05
-3.24 -2.04 7.97059e-05
-3.24 -1.98 0.000125072
-3.24 -1.92 0.000193562
-3.24 -1.86 0.00029544
-3.24 -1.8 0.000444736
-3.24 -1.74 0.000660289
-3.24 -1.68 0.000966818
-3.24 -1.62 0.00139621
-3.24 -1.56 0.00198858
-3.24 -1.5 0.00279337
-3.24 -1.44 0.0038699
-3.24 -1.38 0.0052876
-3.24 -1.32 0.00712534
-3.24 -1.26 0.00946993
-3.24 -1.2 0.0124128
-3.24 -1.14 0.0160468
-3.24 -1.08 0.0204594
-3.24 -1.02 0.0257268
-3.24 -0.96 0.0319056
-3.24 -0.9 0.0390248
-3.24 -0.84 0.0470762
-3.24 -0.78 0.0560084
-3.24 -0.72 0.0657193
-3.24 -0.66 0.0760532
-3.24 -0.6 0.0868042
-3.24 -0.54 0.0977107
-3.24 -0.48 0.108477
-3.24 -0.42 0.118774
-3.24 -0.36 0.128262
-3.24 -0.3 0.136603
-3.24 -0.24 0.143486
-3.24 -0.18 0.148645
-3.24 -0.12 0.151873
-3.24 -0.06 0.153037
-3.24 9.71445e-15 0.152092
-3.24 0.06 0.149073
-3.24 0.12 0.144108
-3.24 0.18 0.137392
-3.24 0.24 0.129188
-3.24 0.3 0.119805
-3.24 0.36 0.109576
-3.24 0.42 0.0988431
-3.24 0.48 0.0879364
-3.24 0.54 0.0771565
-3.24 0.6 0.0667688
-3.24 0.66 0.0569847
-3.24 0.72 0.0479661
-3.24 0.78 0.0398197
-3.24 0.84 0.0326025
-3.24 0.9 0.0263265
-3.24 0.96 0.0209665
-3.24 1.02 0.0164682
-3.24 1.08 0.0127572
-3.24 1.14 0.00974657
-3.24 1.2 0.00734408
-3.24 1.26 0.00545778
-3.24 1.32 0.00400017
-3.24 1.38 0.00289157
-3.24 1.44 0.00206147
-3.24 1.5 0.00144947
-3.24 1.56 0.00100515
-3.24 1.62 0.000687449
-3.24 1.68 0.000463707
-3.24 1.74 0.000308481
-3.24 1.8 0.000202398
-3.24 1.86 0.00013097
-3.24 1.92 8.35844e-05
-3.24 1.98 5.261e-05
-3.24 2.04 3.26591e-05
-3.24 2.1 1.99953e-05
-3.24 2.16 1.20736e-05
-3.18 -2.16 3.45473e-05
-3.18 -2.1 5.57319e-05
-3.18 -2.04 8.86722e-05
-3.18 -1.98 0.000139142
-3.18 -1.92 0.000215337
-3.18 -1.86 0.000328676
-3.18 -1.8 0.000494766
-3.18 -1.74 0.000734564
-3.18 -1.68 0.00107558
-3.18 -1.62 0.00155327
-3.18 -1.56 0.00221229
-3.18 -1.5 0.0031076
-3.18 -1.44 0.00430523
-3.18 -1.38 0.00588239
-3.18 -1.32 0.0079269
-3.18 -1.26 0.0105352
-3.18 -1.2 0.0138091
-3.18 -1.14 0.0178519
-3.18 -1.08 0.022761
-3.18 -1.02 0.0286208
-3.18 -0.96 0.0354947
-3.18 -0.9 0.0434148
-3.18 -0.84 0.0523721
-3.18 -0.78 0.0623093
-3.18 -0.72 0.0731125
-3.18 -0.66 0.0846085
-3.18 -0.6 0.0965688
-3.18 -0.54 0.108703
-3.18 -0.48 0.12068
-3.18 -0.42 0.132135
-3.18 -0.36 0.14269
-3.18 -0.3 0.15197
-3.18 -0.24 0.159627
-3.18 -0.18 0.165367
-3.18 -0.12 0.168958
-3.18 -0.06 0.170252
-3.18 9.71445e-15 0.169201
-3.18 0.06 0.165843
-3.18 0.12 0.160319
-3.18 0.18 0.152847
-3.18 0.24 0.143721
-3.18 0.3 0.133282
-3.18 0.36 0.121903
-3.18 0.42 0.109961
-3.18 0.48 0.0978286
-3.18 0.54 0.0858361
-3.18 0.6 0.0742796
-3.18 0.66 0.0633953
-3.18 0.72 0.053362
-3.18 0.78 0.0442991
-3.18 0.84 0.0362699
-3.18 0.9 0.0292879
-3.18 0.96 0.0233249
-3.18 1.02 0.0183207
-3.18 1.08 0.0141923
-3.18 1.14 0.010843
-3.18 1.2 0.00817028
-3.18 1.26 0.0060717
-3.18 1.32 0.00445017
-3.18 1.38 0.00321686
-3.18 1.44 0.00229337
-3.18 1.5 0.00161254
-3.18 1.56 0.00111823
-3.18 1.62 0.000764781
-3.18 1.68 0.000515871
-3.18 1.74 0.000343184
-3.18 1.8 0.000225167
-3.18 1.86 0.000145703
-3.18 1.92 9.29869e-05
-3.18 1.98 5.85287e-05
-3.18 2.04 3.63332e-05
-3.18 2.1 2.22446e-05
-3.18 2.16 1.34319e-05
-3.12 -2.16 3.79055e-05
-3.12 -2.1 6.11495e-05
-3.12 -2.04 9.72917e-05
-3.12 -1.98 0.000152668
-3.12 -1.92 0.000236269
-3.12 -1.86 0.000360623
-3.12 -1.8 0.000542861
-3.12 -1.74 0.000805963
-3.12 -1.68 0.00118014
-3.12 -1.62 0.00170424
-3.12 -1.56 0.00242732
-3.12 -1.5 0.00340965
-3.12 -1.44 0.00472367
-3.12 -1.38 0.00645416
-3.12 -1.32 0.00869744
-3.12 -1.26 0.0115593
-3.12 -1.2 0.0151515
-3.12 -1.14 0.0195871
-3.12 -1.08 0.0249735
-3.12 -1.02 0.0314029
-3.12 -0.96 0.0389451
-3.12 -0.9 0.047635
-3.12 -0.84 0.0574631
-3.12 -0.78 0.0683659
-3.12 -0.72 0.0802189
-3.12 -0.66 0.0928332
-3.12 -0.6 0.105955
-3.12 -0.54 0.11927
-3.12 -0.48 0.132411
-3.12 -0.42 0.144979
-3.12 -0.36 0.156559
-3.12 -0.3 0.166741
-3.12 -0.24 0.175144
-3.12 -0.18 0.181441
-3.12 -0.12 0.18538
-3.12 -0.06 0.186801
-3.12 9.71445e-15 0.185647
-3.12 0.06 0.181963
-3.12 0.12 0.175903
-3.12 0.18 0.167705
-3.12 0.24 0.157691
-3.12 0.3 0.146238
-3.12 0.36 0.133751
-3.12 0.42 0.12065
-3.12 0.48 0.107338
-3.12 0.54 0.0941801
-3.12 0.6 0.0814992
-3.12 0.66 0.0695574
-3.12 0.72 0.058549
-3.12 0.78 0.048605
-3.12 0.84 0.0397954
-3.12 0.9 0.0321347
-3.12 0.96 0.025592
-3.12 1.02 0.0201016
-3.12 1.08 0.0155717
-3.12 1.14 0.0118969
-3.12 1.2 0.00896448
-3.12 1.26 0.00666188
-3.12 1.32 0.00488273
-3.12 1.38 0.00352954
-3.12 1.44 0.00251631
-3.12 1.5 0.00176928
-3.12 1.56 0.00122691
-3.12 1.62 0.000839121
-3.12 1.68 0.000566011
-3.12 1.74 0.000376542
-3.12 1.8 0.000247055
-3.12 1.86 0.000159866
-3.12 1.92 0.000102026
-3.12 1.98 6.42181e-05
-3.12 2.04 3.98649e-05
-3.12 2.1 2.44067e-05
-3.12 2.16 1.47375e-05
-3.06 -2.16 4.10184e-05
-3.06 -2.1 6.61712e-05
-3.06 -2.04 0.000105282
-3.06 -1.98 0.000165205
-3.06 -1.92 0.00025567
-3.06 -1.86 0.000390236
-3.06 -1.8 0.000587442
-3.06 -1.74 0.000872144
-3.06 -1.68 0.00127705
-3.06 -1.62 0.00184421
-3.06 -1.56 0.00262666
-3.06 -1.5 0.00368966
-3.06 -1.44 0.0051116
-3.06 -1.38 0.00698422
-3.06 -1.32 0.00941168
-3.06 -1.26 0.0125084
-3.06 -1.2 0.0163958
-3.06 -1.14 0.0211955
-3.06 -1.08 0.0270242
-3.06 -1.02 0.0339819
-3.06 -0.96 0.0421433
-3.06 -0.9 0.051547
-3.06 -0.84 0.062182
-3.06 -0.78 0.0739798
-3.06 -0.72 0.0868063
-3.06 -0.66 0.100457
-3.06 -0.6 0.114656
-3.06 -0.54 0.129064
-3.06 -0.48 0.143285
-3.06 -0.42 0.156885
-3.06 -0.36 0.169417
-3.06 -0.3 0.180435
-3.06 -0.24 0.189527
-3.06 -0.18 0.19634
-3.06 -0.12 0.200604
-3.06 -0.06 0.202141
-3.06 9.71445e-15 0.200893
-3.06 0.06 0.196905
-3.06 0.12 0.190347
-3.06 0.18 0.181476
-3.06 0.24 0.17064
-3.06 0.3 0.158245
-3.06 0.36 0.144735
-3.06 0.42 0.130559
-3.06 0.48 0.116151
-3.06 0.54 0.101914
-3.06 0.6 0.0881922
-3.06 0.66 0.0752688
-3.06 0.72 0.0633567
-3.06 0.78 0.0525964
-3.06 0.84 0.0430632
-3.06 0.9 0.0347735
-3.06 0.96 0.0276938
-3.06 1.02 0.0217522
-3.06 1.08 0.0168506
-3.06 1.14 0.0128738
-3.06 1.2 0.00970064
-3.06 1.26 0.007209
-3.06 1.32 0.00528372
-3.06 1.38 0.00381941
-3.06 1.44 0.00272295
-3.06 1.5 0.00191456
-3.06 1.56 0.00132767
-3.06 1.62 0.000908031
-3.06 1.68 0.000612494
-3.06 1.74 0.00040746
-3.06 1.8 0.000267342
-3.06 1.86 0.000172995
-3.06 1.92 0.000110404
-3.06 1.98 6.94914e-05
-3.06 2.04 4.31382e-05
-3.06 2.1 2.6411e-05
-3.06 2.16 1.59478e-05
-3 -2.22 2.67632e-05
-3 -2.16 4.37764e-05
-3 -2.1 7.06204e-05
-3 -2.04 0.00011236
-3 -1.98 0.000176312
-3 -1.92 0.000272863
-3 -1.86 0.000416478
-3 -1.8 0.000626938
-3 -1.74 0.000930802
-3 -1.68 0.00136291
-3 -1.62 0.00196822
-3 -1.56 0.00280328
-3 -1.5 0.00393778
-3 -1.44 0.00545535
-3 -1.38 0.00745386
-3 -1.32 0.0100445
-3 -1.26 0.0133496
-3 -1.2 0.0174981
-3 -1.14 0.0226211
-3 -1.08 0.0288414
-3 -1.02 0.0362667
-3 -0.96 0.044977
-3 -0.9 0.0550127
-3 -0.84 0.0663627
-3 -0.78 0.0789545
-3 -0.72 0.0926436
-3 -0.66 0.107211
-3 -0.6 0.122367
-3 -0.54 0.137742
-3 -0.48 0.152919
-3 -0.42 0.167435
-3 -0.36 0.180809
-3 -0.3 0.192567
-3 -0.24 0.20227
-3 -0.18 0.209544
-3 -0.12 0.214093
-3 -0.06 0.215735
-3 9.71445e-15 0.214402
-3 0.06 0.210147
-3 0.12 0.203147
-3 0.18 0.19368
-3 0.24 0.182115
-3 0.3 0.168888
-3 0.36 0.154469
-3 0.42 0.139338
-3 0.48 0.123963
-3 0.54 0.108766
-3 0.6 0.0941233
-3 0.66 0.0803306
-3 0.72 0.0676173
-3 0.78 0.0561335
-3 0.84 0.0459594
-3 0.9 0.0371123
-3 0.96 0.0295561
-3 1.02 0.023215
-3 1.08 0.0179836
-3 1.14 0.0137397
-3 1.2 0.0103529
-3 1.26 0.00769375
-3 1.32 0.00563899
-3 1.38 0.0040762
-3 1.44 0.00290602
-3 1.5 0.00204331
-3 1.56 0.00141695
-3 1.62 0.000969091
-3 1.68 0.000653682
-3 1.74 0.000434863
-3 1.8 0.000285319
-3 1.86 0.000184627
-3 1.92 0.000117828
-3 1.98 7.4164e-05
-3 2.04 4.60393e-05
-3 2.1 2.81872e-05
-3 2.16 1.70201e-05
-2.94 -2.22 2.81702e-05
-2.94 -2.16 4.60783e-05
-2.94 -2.1 7.43343e-05
-2.94 -2.04 0.000118268
-2.94 -1.98 0.000185582
-2.94 -1.92 0.000287207
-2.94 -1.86 0.000438371
-2.94 -1.8 0.000659909
-2.94 -1.74 0.00097973
-2.94 -1.68 0.00143457
-2.94 -1.62 0.00207171
-2.94 -1.56 0.00295067
-2.94 -1.5 0.00414476
-2.94 -1.44 0.00574213
-2.94 -1.38 0.00784576
-2.94 -1.32 0.0105726
-2.94 -1.26 0.0140513
-2.94 -1.2 0.0184183
-2.94 -1.14 0.0238102
-2.94 -1.08 0.0303576
-2.94 -1.02 0.0381738
-2.94 -0.96 0.0473422
-2.94 -0.9 0.0579054
-2.94 -0.84 0.0698521
-2.94 -0.78 0.0831052
-2.94 -0.72 0.0975142
-2.94 -0.66 0.11285
-2.94 -0.6 0.128799
-2.94 -0.54 0.144984
-2.94 -0.48 0.16096
-2.94 -0.42 0.176239
-2.94 -0.36 0.190315
-2.94 -0.3 0.202691
-2.94 -0.24 0.212905
-2.94 -0.18 0.220558
-2.94 -0.12 0.225349
-2.94 -0.06 0.227078
-2.94 9.71445e-15 0.225674
-2.94 0.06 0.221195
-2.94 0.12 0.213826
-2.94 0.18 0.203863
-2.94 0.24 0.191691
-2.94 0.3 0.177767
-2.94 0.36 0.16259
-2.94 0.42 0.146665
-2.94 0.48 0.130479
-2.94 0.54 0.114486
-2.94 0.6 0.0990715
-2.94 0.66 0.0845537
-2.94 0.72 0.071172
-2.94 0.78 0.0590847
-2.94 0.84 0.0483758
-2.94 0.9 0.0390633
-2.94 0.96 0.0311102
-2.94 1.02 0.0244355
-2.94 1.08 0.018929
-2.94 1.14 0.014462
-2.94 1.2 0.0108972
-2.94 1.26 0.00809831
-2.94 1.32 0.00593553
-2.94 1.38 0.00429054
-2.94 1.44 0.00305883
-2.94 1.5 0.00215073
-2.94 1.56 0.00149145
-2.94 1.62 0.00102005
-2.94 1.68 0.000688044
-2.94 1.74 0.000457727
-2.94 1.8 0.000300318
-2.94 1.86 0.000194335
-2.94 1.92 0.000124025
-2.94 1.98 7.80641e-05
-2.94 2.04 4.84599e-05
-2.94 2.1 2.96692e-05
-2.94 2.16 1.79151e-05
-2.88 -2.22 2.9244e-05
-2.88 -2.16 4.78338e-05
-2.88 -2.1 7.71664e-05
-2.88 -2.04 0.000122775
-2.88 -1.98 0.000192655
-2.88 -1.92 0.000298155
-2.88 -1.86 0.000455082
-2.88 -1.8 0.000685052
-2.88 -1.74 0.00101707
-2.88 -1.68 0.00148925
-2.88 -1.62 0.00215062
-2.88 -1.56 0.00306311
-2.88 -1.5 0.00430275
-2.88 -1.44 0.00596094
-2.88 -1.38 0.00814464
-2.88 -1.32 0.0109755
-2.88 -1.26 0.014587
-2.88 -1.2 0.0191201
-2.88 -1.14 0.0247175
-2.88 -1.08 0.0315148
-2.88 -1.02 0.0396281
-2.88 -0.96 0.0491459
-2.88 -0.9 0.0601119
-2.88 -0.84 0.0725142
-2.88 -0.78 0.086273
-2.88 -0.72 0.101231
-2.88 -0.66 0.117149
-2.88 -0.6 0.133708
-2.88 -0.54 0.15051
-2.88 -0.48 0.167092
-2.88 -0.42 0.182953
-2.88 -0.36 0.197567
-2.88 -0.3 0.210415
-2.88 -0.24 0.221019
-2.88 -0.18 0.228966
-2.88 -0.12 0.233937
-2.88 -0.06 0.235731
-2.88 9.71445e-15 0.234273
-2.88 0.06 0.229626
-2.88 0.12 0.221977
-2.88 0.18 0.211631
-2.88 0.24 0.198995
-2.88 0.3 0.184542
-2.88 0.36 0.168785
-2.88 0.42 0.152252
-2.88 0.48 0.135452
-2.88 0.54 0.118848
-2.88 0.6 0.102846
-2.88 0.66 0.0877767
-2.88 0.72 0.0738845
-2.88 0.78 0.0613359
-2.88 0.84 0.0502192
-2.88 0.9 0.0405519
-2.88 0.96 0.0322952
-2.88 1.02 0.0253667
-2.88 1.08 0.0196504
-2.88 1.14 0.0150131
-2.88 1.2 0.0113125
-2.88 1.26 0.00840678
-2.88 1.32 0.00616165
-2.88 1.38 0.00445403
-2.88 1.44 0.0031754
-2.88 1.5 0.00223271
-2.88 1.56 0.00154829
-2.88 1.62 0.00105891
-2.88 1.68 0.000714266
-2.88 1.74 0.000475171
-2.88 1.8 0.000311765
-2.88 1.86 0.000201739
-2.88 1.92 0.00012875
-2.88 1.98 8.10388e-05
-2.88 2.04 5.03068e-05
-2.88 2.1 3.07997e-05
-2.88 2.16 1.85976e-05
-2.82 -2.22 2.99407e-05
-2.82 -2.16 4.89742e-05
-2.82 -2.1 7.90059e-05
-2.82 -2.04 0.000125701
-2.82 -1.98 0.000197246
-2.82 -1.92 0.000305259
-2.82 -1.86 0.000465926
-2.82 -1.8 0.000701382
-2.82 -1.74 0.00104132
-2.82 -1.68 0.00152473
-2.82 -1.62 0.00220193
-2.82 -1.56 0.00313613
-2.82 -1.5 0.00440531
-2.82 -1.44 0.00610308
-2.82 -1.38 0.0083389
-2.82 -1.32 0.0112371
-2.82 -1.26 0.0149346
-2.82 -1.2 0.0195758
-2.82 -1.14 0.025307
-2.82 -1.08 0.0322656
-2.82 -1.02 0.040573
-2.82 -0.96 0.0503176
-2.82 -0.9 0.0615445
-2.82 -0.84 0.074242
-2.82 -0.78 0.0883285
-2.82 -0.72 0.103644
-2.82 -0.66 0.119942
-2.82 -0.6 0.136896
-2.82 -0.54 0.154096
-2.82 -0.48 0.171076
-2.82 -0.42 0.187316
-2.82 -0.36 0.202276
-2.82 -0.3 0.215431
-2.82 -0.24 0.226286
-2.82 -0.18 0.234422
-2.82 -0.12 0.239513
-2.82 -0.06 0.24135
-2.82 9.71445e-15 0.239859
-2.82 0.06 0.2351
-2.82 0.12 0.227266
-2.82 0.18 0.216676
-2.82 0.24 0.203739
-2.82 0.3 0.188941
-2.82 0.36 0.17281
-2.82 0.42 0.155883
-2.82 0.48 0.138681
-2.82 0.54 0.121681
-2.82 0.6 0.105299
-2.82 0.66 0.0898683
-2.82 0.72 0.0756455
-2.82 0.78 0.0627983
-2.82 0.84 0.0514164
-2.82 0.9 0.0415188
-2.82 0.96 0.0330656
-2.82 1.02 0.0259714
-2.82 1.08 0.0201188
-2.82 1.14 0.015371
-2.82 1.2 0.0115821
-2.82 1.26 0.00860729
-2.82 1.32 0.00630857
-2.82 1.38 0.00456019
-2.82 1.44 0.00325105
-2.82 1.5 0.0022859
-2.82 1.56 0.0015852
-2.82 1.62 0.00108415
-2.82 1.68 0.000731295
-2.82 1.74 0.000486498
-2.82 1.8 0.000319194
-2.82 1.86 0.000206549
-2.82 1.92 0.000131819
-2.82 1.98 8.297e-05
-2.82 2.04 5.15059e-05
-2.82 2.1 3.15341e-05
-2.82 2.16 1.90409e-05
-2.76 -2.28 1.82294e-05
-2.76 -2.22 3.02332e-05
-2.76 -2.16 4.94524e-05
-2.76 -2.1 7.97776e-05
-2.76 -2.04 0.00012693
-2.76 -1.98 0.000199174
-2.76 -1.92 0.00030824
-2.76 -1.86 0.00047048
-2.76 -1.8 0.000708233
-2.76 -1.74 0.00105148
-2.76 -1.68 0.00153963
-2.76 -1.62 0.00222341
-2.76 -1.56 0.00316677
-2.76 -1.5 0.00444835
-2.76 -1.44 0.00616267
-2.76 -1.38 0.00842032
-2.76 -1.32 0.0113469
-2.76 -1.26 0.0150805
-2.76 -1.2 0.0197671
-2.76 -1.14 0.0255539
-2.76 -1.08 0.0325808
-2.76 -1.02 0.0409691
-2.76 -0.96 0.050809
-2.76 -0.9 0.0621462
-2.76 -0.84 0.0749678
-2.76 -0.78 0.0891913
-2.76 -0.72 0.104656
-2.76 -0.66 0.121113
-2.76 -0.6 0.138232
-2.76 -0.54 0.155601
-2.76 -0.48 0.172747
-2.76 -0.42 0.189145
-2.76 -0.36 0.204253
-2.76 -0.3 0.217536
-2.76 -0.24 0.228498
-2.76 -0.18 0.236712
-2.76 -0.12 0.241853
-2.76 -0.06 0.243705
-2.76 9.71445e-15 0.242202
-2.76 0.06 0.237395
-2.76 0.12 0.229486
-2.76 0.18 0.21879
-2.76 0.24 0.205726
-2.76 0.3 0.190785
-2.76 0.36 0.174496
-2.76 0.42 0.157404
-2.76 0.48 0.140035
-2.76 0.54 0.12287
-2.76 0.6 0.106327
-2.76 0.66 0.0907462
-2.76 0.72 0.0763839
-2.76 0.78 0.0634108
-2.76 0.84 0.0519179
-2.76 0.9 0.0419239
-2.76 0.96 0.0333882
-2.76 1.02 0.0262248
-2.76 1.08 0.0203155
-2.76 1.14 0.015521
-2.76 1.2 0.0116953
-2.76 1.26 0.00869131
-2.76 1.32 0.00637018
-2.76 1.38 0.00460476
-2.76 1.44 0.00328284
-2.76 1.5 0.00230823
-2.76 1.56 0.00160068
-2.76 1.62 0.00109474
-2.76 1.68 0.000738438
-2.76 1.74 0.000491245
-2.76 1.8 0.000322313
-2.76 1.86 0.000208565
-2.76 1.92 0.000133106
-2.76 1.98 8.37803e-05
-2.76 2.04 5.20086e-05
-2.76 2.1 3.18419e-05
-2.76 2.16 1.92269e-05
-2.7 -2.28 1.81544e-05
-2.7 -2.22 3.01087e-05
-2.7 -2.16 4.9249e-05
-2.7 -2.1 7.94497e-05
-2.7 -2.04 0.000126407
-2.7 -1.98 0.000198354
-2.7 -1.92 0.000306971
-2.7 -1.86 0.000468543
-2.7 -1.8 0.000705322
-2.7 -1.74 0.00104715
-2.7 -1.68 0.0015333
-2.7 -1.62 0.00221428
-2.7 -1.56 0.00315374
-2.7 -1.5 0.00443002
-2.7 -1.44 0.00613727
-2.7 -1.38 0.00838565
-2.7 -1.32 0.0113001
-2.7 -1.26 0.0150184
-2.7 -1.2 0.0196858
-2.7 -1.14 0.0254488
-2.7 -1.08 0.0324467
-2.7 -1.02 0.0408006
-2.7 -0.96 0.0506002
-2.7 -0.9 0.0618905
-2.7 -0.84 0.0746592
-2.7 -0.78 0.0888241
-2.7 -0.72 0.104226
-2.7 -0.66 0.120615
-2.7 -0.6 0.137663
-2.7 -0.54 0.154961
-2.7 -0.48 0.172036
-2.7 -0.42 0.188367
-2.7 -0.36 0.203413
-2.7 -0.3 0.21664
-2.7 -0.24 0.227556
-2.7 -0.18 0.235737
-2.7 -0.12 0.240858
-2.7 -0.06 0.242704
-2.7 9.71445e-15 0.241203
-2.7 0.06 0.236419
-2.7 0.12 0.22854
-2.7 0.18 0.21789
-2.7 0.24 0.204881
-2.7 0.3 0.190001
-2.7 0.36 0.173779
-2.7 0.42 0.156757
-2.7 0.48 0.139458
-2.7 0.54 0.122365
-2.7 0.6 0.105889
-2.7 0.66 0.0903727
-2.7 0.72 0.076069
-2.7 0.78 0.0631502
-2.7 0.84 0.0517046
-2.7 0.9 0.0417517
-2.7 0.96 0.0332511
-2.7 1.02 0.0261168
-2.7 1.08 0.0202318
-2.7 1.14 0.0154572
-2.7 1.2 0.0116471
-2.7 1.26 0.00865558
-2.7 1.32 0.006344
-2.7 1.38 0.00458582
-2.7 1.44 0.00326933
-2.7 1.5 0.00229873
-2.7 1.56 0.00159409
-2.7 1.62 0.00109024
-2.7 1.68 0.000735395
-2.7 1.74 0.000489225
-2.7 1.8 0.000320985
-2.7 1.86 0.000207708
-2.7 1.92 0.000132559
-2.7 1.98 8.34359e-05
-2.7 2.04 5.17947e-05
-2.7 2.1 3.1711e-05
-2.7 2.16 1.91478e-05
-2.64 -2.28 1.78312e-05
-2.64 -2.22 2.95726e-05
-2.64 -2.16 4.83723e-05
-2.64 -2.1 7.8035e-05
-2.64 -2.04 0.000124156
-2.64 -1.98 0.000194821
-2.64 -1.92 0.000301504
-2.64 -1.86 0.000460199
-2.64 -1.8 0.000692763
-2.64 -1.74 0.00102852
-2.64 -1.68 0.00150599
-2.64 -1.62 0.00217486
-2.64 -1.56 0.00309758
-2.64 -1.5 0.00435114
-2.64 -1.44 0.00602804
-2.64 -1.38 0.00823639
-2.64 -1.32 0.011099
-2.64 -1.26 0.014751
-2.64 -1.2 0.0193353
-2.64 -1.14 0.0249958
-2.64 -1.08 0.0318688
-2.64 -1.02 0.0400743
-2.64 -0.96 0.0496992
-2.64 -0.9 0.0607883
-2.64 -0.84 0.0733295
-2.64 -0.78 0.0872423
-2.64 -0.72 0.10237
-2.64 -0.66 0.118468
-2.64 -0.6 0.135213
-2.64 -0.54 0.152201
-2.64 -0.48 0.168973
-2.64 -0.42 0.185014
-2.64 -0.36 0.19979
-2.64 -0.3 0.212782
-2.64 -0.24 0.223504
-2.64 -0.18 0.231539
-2.64 -0.12 0.236569
-2.64 -0.06 0.238383
-2.64 9.71445e-15 0.23691
-2.64 0.06 0.23221
-2.64 0.12 0.224471
-2.64 0.18 0.214011
-2.64 0.24 0.201233
-2.64 0.3 0.186618
-2.64 0.36 0.170686
-2.64 0.42 0.153967
-2.64 0.48 0.136976
-2.64 0.54 0.120186
-2.64 0.6 0.104004
-2.64 0.66 0.0887636
-2.64 0.72 0.0747151
-2.64 0.78 0.062026
-2.64 0.84 0.0507842
-2.64 0.9 0.0410084
-2.64 0.96 0.0326591
-2.64 1.02 0.0256519
-2.64 1.08 0.0198715
-2.64 1.14 0.015182
-2.64 1.2 0.0114397
-2.64 1.26 0.0085015
-2.64 1.32 0.00623104
-2.64 1.38 0.00450415
-2.64 1.44 0.0032111
-2.64 1.5 0.0022578
-2.64 1.56 0.00156571
-2.64 1.62 0.00107083
-2.64 1.68 0.000722303
-2.64 1.74 0.000480516
-2.64 1.8 0.000315269
-2.64 1.86 0.00020401
-2.64 1.92 0.000130199
-2.64 1.98 8.19502e-05
-2.64 2.04 5.08726e-05
-2.64 2.1 3.11465e-05
-2.58 -2.28 1.7273e-05
-2.58 -2.22 2.86469e-05
-2.58 -2.16 4.68578e-05
-2.58 -2.1 7.55918e-05
-2.58 -2.04 0.000120269
-2.58 -1.98 0.000188722
-2.58 -1.92 0.000292068
-2.58 -1.86 0.000445792
-2.58 -1.8 0.000671073
-2.58 -1.74 0.000996322
-2.58 -1.68 0.00145884
-2.58 -1.62 0.00210677
-2.58 -1.56 0.00300061
-2.58 -1.5 0.00421494
-2.58 -1.44 0.00583935
-2.58 -1.38 0.00797854
-2.58 -1.32 0.0107515
-2.58 -1.26 0.0142893
-2.58 -1.2 0.0187299
-2.58 -1.14 0.0242134
-2.58 -1.08 0.0308713
-2.58 -1.02 0.0388196
-2.58 -0.96 0.0481432
-2.58 -0.9 0.058885
-2.58 -0.84 0.0710336
-2.58 -0.78 0.0845116
-2.58 -0.72 0.0991648
-2.58 -0.66 0.114758
-2.58 -0.6 0.13098
-2.58 -0.54 0.147437
-2.58 -0.48 0.163683
-2.58 -0.42 0.179221
-2.58 -0.36 0.193535
-2.58 -0.3 0.206121
-2.58 -0.24 0.216507
-2.58 -0.18 0.224292
-2.58 -0.12 0.229163
-2.58 -0.06 0.230921
-2.58 9.71445e-15 0.229494
-2.58 0.06 0.224941
-2.58 0.12 0.217446
-2.58 0.18 0.207313
-2.58 0.24 0.194935
-2.58 0.3 0.180777
-2.58 0.36 0.165342
-2.58 0.42 0.149146
-2.58 0.48 0.132688
-2.58 0.54 0.116422
-2.58 0.6 0.100749
-2.58 0.66 0.085985
-2.58 0.72 0.0723767
-2.58 0.78 0.0600847
-2.58 0.84 0.0491946
-2.58 0.9 0.0397247
-2.58 0.96 0.0316367
-2.58 1.02 0.0248491
-2.58 1.08 0.0192494
-2.58 1.14 0.0147068
-2.58 1.2 0.0110816
-2.58 1.26 0.00823534
-2.58 1.32 0.00603596
-2.58 1.38 0.00436313
-2.58 1.44 0.00311056
-2.58 1.5 0.00218713
-2.58 1.56 0.00151669
-2.58 1.62 0.00103731
-2.58 1.68 0.000699693
-2.58 1.74 0.000465475
-2.58 1.8 0.000305401
-2.58 1.86 0.000197623
-2.58 1.92 0.000126122
-2.58 1.98 7.93847e-05
-2.58 2.04 4.92802e-05
-2.58 2.1 3.01714e-05
-2.52 -2.28 1.65023e-05
-2.52 -2.22 2.73688e-05
-2.52 -2.16 4.47674e-05
-2.52 -2.1 7.2219e-05
-2.52 -2.04 0.000114903
-2.52 -1.98 0.000180302
-2.52 -1.92 0.000279037
-2.52 -1.86 0.0004259
-2.52 -1.8 0.000641131
-2.52 -1.74 0.000951865
-2.52 -1.68 0.00139376
-2.52 -1.62 0.00201276
-2.52 -1.56 0.00286671
-2.52 -1.5 0.00402685
-2.52 -1.44 0.00557876
-2.52 -1.38 0.00762251
-2.52 -1.32 0.0102719
-2.52 -1.26 0.0136517
-2.52 -1.2 0.0178942
-2.52 -1.14 0.0231329
-2.52 -1.08 0.0294939
-2.52 -1.02 0.0370877
-2.52 -0.96 0.0459951
-2.52 -0.9 0.0562576
-2.52 -0.84 0.0678645
-2.52 -0.78 0.0807409
-2.52 -0.72 0.0947398
-2.52 -0.66 0.109639
-2.52 -0.6 0.125135
-2.52 -0.54 0.140859
-2.52 -0.48 0.15638
-2.52 -0.42 0.171223
-2.52 -0.36 0.184898
-2.52 -0.3 0.196923
-2.52 -0.24 0.206848
-2.52 -0.18 0.214285
-2.52 -0.12 0.218937
-2.52 -0.06 0.220618
-2.52 9.71445e-15 0.219252
-2.52 0.06 0.214904
-2.52 0.12 0.207744
-2.52 0.18 0.198063
-2.52 0.24 0.186238
-2.52 0.3 0.172711
-2.52 0.36 0.157964
-2.52 0.42 0.142492
-2.52 0.48 0.126768
-2.52 0.54 0.111228
-2.52 0.6 0.0962529
-2.52 0.66 0.0821484
-2.52 0.72 0.0691475
-2.52 0.78 0.0574039
-2.52 0.84 0.0469997
-2.52 0.9 0.0379521
-2.52 0.96 0.0302249
-2.52 1.02 0.0237404
-2.52 1.08 0.0183904
-2.52 1.14 0.0140506
-2.52 1.2 0.0105872
-2.52 1.26 0.00786787
-2.52 1.32 0.00576661
-2.52 1.38 0.00416844
-2.52 1.44 0.00297179
-2.52 1.5 0.00208954
-2.52 1.56 0.00144901
-2.52 1.62 0.000991028
-2.52 1.68 0.000668468
-2.52 1.74 0.000444706
-2.52 1.8 0.000291775
-2.52 1.86 0.000188806
-2.52 1.92 0.000120496
-2.52 1.98 7.58431e-05
-2.52 2.04 4.70814e-05
-2.52 2.1 2.8825e-05
-2.46 -2.28 1.55492e-05
-2.46 -2.22 2.57882e-05
-2.46 -2.16 4.21819e-05
-2.46 -2.1 6.80487e-05
-2.46 -2.04 0.000108268
-2.46 -1.98 0.00016989
-2.46 -1.92 0.000262921
-2.46 -1.86 0.000401305
-2.46 -1.8 0.000604108
-2.46 -1.74 0.000896887
-2.46 -1.68 0.00131327
-2.46 -1.62 0.00189653
-2.46 -1.56 0.00270117
-2.46 -1.5 0.00379429
-2.46 -1.44 0.00525659
-2.46 -1.38 0.00718233
-2.46 -1.32 0.00967861
-2.46 -1.26 0.0128631
-2.46 -1.2 0.0168609
-2.46 -1.14 0.0217969
-2.46 -1.08 0.0277906
-2.46 -1.02 0.0349458
-2.46 -0.96 0.0433391
-2.46 -0.9 0.0530091
-2.46 -0.84 0.0639455
-2.46 -0.78 0.0760779
-2.46 -0.72 0.0892687
-2.46 -0.66 0.103307
-2.46 -0.6 0.117908
-2.46 -0.54 0.132724
-2.46 -0.48 0.147349
-2.46 -0.42 0.161337
-2.46 -0.36 0.174222
-2.46 -0.3 0.185551
-2.46 -0.24 0.194901
-2.46 -0.18 0.201908
-2.46 -0.12 0.206294
-2.46 -0.06 0.207877
-2.46 9.71445e-15 0.206591
-2.46 0.06 0.202492
-2.46 0.12 0.195744
-2.46 0.18 0.186624
-2.46 0.24 0.175481
-2.46 0.3 0.162735
-2.46 0.36 0.148842
-2.46 0.42 0.134263
-2.46 0.48 0.119445
-2.46 0.54 0.104805
-2.46 0.6 0.0906942
-2.46 0.66 0.0774038
-2.46 0.72 0.0651535
-2.46 0.78 0.0540884
-2.46 0.84 0.044285
-2.46 0.9 0.0357602
-2.46 0.96 0.0284796
-2.46 1.02 0.0223692
-2.46 1.08 0.0173285
-2.46 1.14 0.0132391
-2.46 1.2 0.00997573
-2.46 1.26 0.00741352
-2.46 1.32 0.00543363
-2.46 1.38 0.00392774
-2.46 1.44 0.00280018
-2.46 1.5 0.00196887
-2.46 1.56 0.00136534
-2.46 1.62 0.000933793
-2.46 1.68 0.000629864
-2.46 1.74 0.000419021
-2.46 1.8 0.000274923
-2.46 1.86 0.000177902
-2.46 1.92 0.000113537
-2.46 1.98 7.1463e-05
-2.46 2.04 4.43621e-05
-2.46 2.1 2.71605e-05
-2.4 -2.28 1.44498e-05
-2.4 -2.22 2.39651e-05
-2.4 -2.16 3.91991e-05
-2.4 -2.1 6.32368e-05
-2.4 -2.04 0.000100612
-2.4 -1.98 0.000157878
-2.4 -1.92 0.000244334
-2.4 -1.86 0.000372934
-2.4 -1.8 0.000561392
-2.4 -1.74 0.000833475
-2.4 -1.68 0.00122042
-2.4 -1.62 0.00176242
-2.4 -1.56 0.00251019
-2.4 -1.5 0.00352604
-2.4 -1.44 0.00488491
-2.4 -1.38 0.00667443
-2.4 -1.32 0.00899426
-2.4 -1.26 0.0119538
-2.4 -1.2 0.0156687
-2.4 -1.14 0.0202558
-2.4 -1.08 0.0258259
-2.4 -1.02 0.0324747
-2.4 -0.96 0.0402744
-2.4 -0.9 0.0492609
-2.4 -0.84 0.0594244
-2.4 -0.78 0.0706995
-2.4 -0.72 0.0829576
-2.4 -0.66 0.0960023
-2.4 -0.6 0.109571
-2.4 -0.54 0.123341
-2.4 -0.48 0.136929
-2.4 -0.42 0.149928
-2.4 -0.36 0.161904
-2.4 -0.3 0.172432
-2.4 -0.24 0.181121
-2.4 -0.18 0.187635
-2.4 -0.12 0.191709
-2.4 -0.06 0.193179
-2.4 9.71445e-15 0.191984
-2.4 0.06 0.188176
-2.4 0.12 0.181907
-2.4 0.18 0.173428
-2.4 0.24 0.163074
-2.4 0.3 0.15123
-2.4 0.36 0.138318
-2.4 0.42 0.124769
-2.4 0.48 0.111001
-2.4 0.54 0.0973946
-2.4 0.6 0.0842815
-2.4 0.66 0.0719319
-2.4 0.72 0.0605472
-2.4 0.78 0.0502641
-2.4 0.84 0.0411541
-2.4 0.9 0.0332319
-2.4 0.96 0.0264657
-2.4 1.02 0.0207876
-2.4 1.08 0.0161033
-2.4 1.14 0.0123031
-2.4 1.2 0.00927044
-2.4 1.26 0.00688926
-2.4 1.32 0.00504942
-2.4 1.38 0.00365002
-2.4 1.44 0.00260219
-2.4 1.5 0.00182968
-2.4 1.56 0.0012688
-2.4 1.62 0.000867766
-2.4 1.68 0.000585332
-2.4 1.74 0.000389397
-2.4 1.8 0.000255487
-2.4 1.86 0.000165322
-2.4 1.92 0.000105509
-2.4 1.98 6.64103e-05
-2.4 2.04 4.12259e-05
-2.34 -2.28 1.32436e-05
-2.34 -2.22 2.19643e-05
-2.34 -2.16 3.59272e-05
-2.34 -2.1 5.7958e-05
-2.34 -2.04 9.22141e-05
-2.34 -1.98 0.0001447
-2.34 -1.92 0.000223936
-2.34 -1.86 0.000341801
-2.34 -1.8 0.000514528
-2.34 -1.74 0.000763899
-2.34 -1.68 0.00111854
-2.34 -1.62 0.00161531
-2.34 -1.56 0.00230064
-2.34 -1.5 0.00323171
-2.34 -1.44 0.00447717
-2.34 -1.38 0.00611736
-2.34 -1.32 0.00824351
-2.34 -1.26 0.0109559
-2.34 -1.2 0.0143607
-2.34 -1.14 0.0185649
-2.34 -1.08 0.0236699
-2.34 -1.02 0.0297641
-2.34 -0.96 0.0369125
-2.34 -0.9 0.045149
-2.34 -0.84 0.0544639
-2.34 -0.78 0.0647973
-2.34 -0.72 0.0760322
-2.34 -0.66 0.087988
-2.34 -0.6 0.100425
-2.34 -0.54 0.113044
-2.34 -0.48 0.125501
-2.34 -0.42 0.137413
-2.34 -0.36 0.148389
-2.34 -0.3 0.15804
-2.34 -0.24 0.166003
-2.34 -0.18 0.17197
-2.34 -0.12 0.175705
-2.34 -0.06 0.177052
-2.34 9.71445e-15 0.175959
-2.34 0.06 0.172465
-2.34 0.12 0.166721
-2.34 0.18 0.158951
-2.34 0.24 0.14946
-2.34 0.3 0.138604
-2.34 0.36 0.126771
-2.34 0.42 0.114354
-2.34 0.48 0.101735
-2.34 0.54 0.0892647
-2.34 0.6 0.0772462
-2.34 0.66 0.0659266
-2.34 0.72 0.0554928
-2.34 0.78 0.0460681
-2.34 0.84 0.0377182
-2.34 0.9 0.0304576
-2.34 0.96 0.0242566
-2.34 1.02 0.0190523
-2.34 1.08 0.0147591
-2.34 1.14 0.0112759
-2.34 1.2 0.0084966
-2.34 1.26 0.00631424
-2.34 1.32 0.00462791
-2.34 1.38 0.00334534
-2.34 1.44 0.00238498
-2.34 1.5 0.00167692
-2.34 1.56 0.00116288
-2.34 1.62 0.000795328
-2.34 1.68 0.000536474
-2.34 1.74 0.000356886
-2.34 1.8 0.00023416
-2.34 1.86 0.000151523
-2.34 1.92 9.67011e-05
-2.34 1.98 6.0866e-05
-2.34 2.04 3.77839e-05
-2.28 -2.28 1.19711e-05
-2.28 -2.22 1.98542e-05
-2.28 -2.16 3.24756e-05
-2.28 -2.1 5.23901e-05
-2.28 -2.04 8.33544e-05
-2.28 -1.98 0.000130797
-2.28 -1.92 0.000202422
-2.28 -1.86 0.000308961
-2.28 -1.8 0.000465098
-2.28 -1.74 0.000690507
-2.28 -1.68 0.00101108
-2.28 -1.62 0.00146012
-2.28 -1.56 0.0020796
-2.28 -1.5 0.00292117
-2.28 -1.44 0.00404698
-2.28 -1.38 0.0055296
-2.28 -1.32 0.0074515
-2.28 -1.26 0.00990325
-2.28 -1.2 0.0129811
-2.28 -1.14 0.0167812
-2.28 -1.08 0.0213959
-2.28 -1.02 0.0269045
-2.28 -0.96 0.0333664
-2.28 -0.9 0.0408112
-2.28 -0.84 0.0492312
-2.28 -0.78 0.058572
-2.28 -0.72 0.068727
-2.28 -0.66 0.0795353
-2.28 -0.6 0.0907763
-2.28 -0.54 0.102184
-2.28 -0.48 0.113443
-2.28 -0.42 0.124211
-2.28 -0.36 0.134132
-2.28 -0.3 0.142854
-2.28 -0.24 0.150053
-2.28 -0.18 0.155448
-2.28 -0.12 0.158824
-2.28 -0.06 0.160043
-2.28 9.71445e-15 0.159052
-2.28 0.06 0.155897
-2.28 0.12 0.150703
-2.28 0.18 0.143681
-2.28 0.24 0.135102
-2.28 0.3 0.125289
-2.28 0.36 0.114591
-2.28 0.42 0.103368
-2.28 0.48 0.0919606
-2.28 0.54 0.0806886
-2.28 0.6 0.0698243
-2.28 0.66 0.059593
-2.28 0.72 0.0501614
-2.28 0.78 0.0416424
-2.28 0.84 0.0340949
-2.28 0.9 0.0275315
-2.28 0.96 0.0219261
-2.28 1.02 0.0172219
-2.28 1.08 0.013341
-2.28 1.14 0.0101927
-2.28 1.2 0.00768025
-2.28 1.26 0.0057076
-2.28 1.32 0.0041833
-2.28 1.38 0.00302393
-2.28 1.44 0.00215584
-2.28 1.5 0.00151582
-2.28 1.56 0.00105116
-2.28 1.62 0.000718921
-2.28 1.68 0.000484924
-2.28 1.74 0.000322603
-2.28 1.8 0.000211662
-2.28 1.86 0.000136966
-2.28 1.92 8.74114e-05
-2.28 1.98 5.50189e-05
-2.22 -2.28 1.06723e-05
-2.22 -2.22 1.77001e-05
-2.22 -2.16 2.89519e-05
-2.22 -2.1 4.67052e-05
-2.22 -2.04 7.43102e-05
-2.22 -1.98 0.000116606
-2.22 -1.92 0.00018046
-2.22 -1.86 0.00027544
-2.22 -1.8 0.00041463
-2.22 -1.74 0.000615589
-2.22 -1.68 0.000901377
-2.22 -1.62 0.00130169
-2.22 -1.56 0.00185396
-2.22 -1.5 0.00260426
-2.22 -1.44 0.00360791
-2.22 -1.38 0.00492963
-2.22 -1.32 0.00664303
-2.22 -1.26 0.00882886
-2.22 -1.2 0.0115725
-2.22 -1.14 0.0149605
-2.22 -1.08 0.0190745
-2.22 -1.02 0.0239853
-2.22 -0.96 0.0297457
-2.22 -0.9 0.0363831
-2.22 -0.84 0.0438897
-2.22 -0.78 0.0522172
-2.22 -0.72 0.0612704
-2.22 -0.66 0.0709049
-2.22 -0.6 0.0809277
-2.22 -0.54 0.0910968
-2.22 -0.48 0.101134
-2.22 -0.42 0.110733
-2.22 -0.36 0.119578
-2.22 -0.3 0.127355
-2.22 -0.24 0.133773
-2.22 -0.18 0.138583
-2.22 -0.12 0.141591
-2.22 -0.06 0.142677
-2.22 9.71445e-15 0.141795
-2.22 0.06 0.138982
-2.22 0.12 0.134353
-2.22 0.18 0.128091
-2.22 0.24 0.120443
-2.22 0.3 0.111695
-2.22 0.36 0.102158
-2.22 0.42 0.0921519
-2.22 0.48 0.0819836
-2.22 0.54 0.0719336
-2.22 0.6 0.0622486
-2.22 0.66 0.0531272
-2.22 0.72 0.0447192
-2.22 0.78 0.0371242
-2.22 0.84 0.0303955
-2.22 0.9 0.0245443
-2.22 0.96 0.019547
-2.22 1.02 0.0153534
-2.22 1.08 0.0118935
-2.22 1.14 0.00908678
-2.22 1.2 0.00684698
-2.22 1.26 0.0050883
-2.22 1.32 0.00372936
-2.22 1.38 0.00269582
-2.22 1.44 0.00192193
-2.22 1.5 0.00135136
-2.22 1.56 0.000937104
-2.22 1.62 0.000640915
-2.22 1.68 0.000432315
-2.22 1.74 0.000287598
-2.22 1.8 0.000188698
-2.22 1.86 0.000122105
-2.22 1.92 7.79264e-05
-2.22 1.98 4.9049e-05
-2.16 -2.28 9.38358e-06
-2.16 -2.22 1.55627e-05
-2.16 -2.16 2.54556e-05
-2.16 -2.1 4.10656e-05
-2.16 -2.04 6.53369e-05
-2.16 -1.98 0.000102525
-2.16 -1.92 0.000158668
-2.16 -1.86 0.00024218
-2.16 -1.8 0.000364564
-2.16 -1.74 0.000541252
-2.16 -1.68 0.000792531
-2.16 -1.62 0.0011445
-2.16 -1.56 0.0016301
-2.16 -1.5 0.00228979
-2.16 -1.44 0.00317222
-2.16 -1.38 0.00433432
-2.16 -1.32 0.00584081
-2.16 -1.26 0.00776273
-2.16 -1.2 0.0101751
-2.16 -1.14 0.013154
-2.16 -1.08 0.0167712
-2.16 -1.02 0.0210888
-2.16 -0.96 0.0261539
-2.16 -0.9 0.0319897
-2.16 -0.84 0.0385897
-2.16 -0.78 0.0459118
-2.16 -0.72 0.053872
-2.16 -0.66 0.0623432
-2.16 -0.6 0.0711549
-2.16 -0.54 0.0800967
-2.16 -0.48 0.0889207
-2.16 -0.42 0.0973624
-2.16 -0.36 0.105139
-2.16 -0.3 0.111976
-2.16 -0.24 0.117619
-2.16 -0.18 0.121849
-2.16 -0.12 0.124494
-2.16 -0.06 0.125449
-2.16 9.71445e-15 0.124673
-2.16 0.06 0.1222
-2.16 0.12 0.118129
-2.16 0.18 0.112623
-2.16 0.24 0.105899
-2.16 0.3 0.0982078
-2.16 0.36 0.0898228
-2.16 0.42 0.0810238
-2.16 0.48 0.0720833
-2.16 0.54 0.0632474
-2.16 0.6 0.0547318
-2.16 0.66 0.0467121
-2.16 0.72 0.0393189
-2.16 0.78 0.0326412
-2.16 0.84 0.0267252
-2.16 0.9 0.0215806
-2.16 0.96 0.0171866
-2.16 1.02 0.0134993
-2.16 1.08 0.0104574
-2.16 1.14 0.00798955
-2.16 1.2 0.00602016
-2.16 1.26 0.00447384
-2.16 1.32 0.00327905
-2.16 1.38 0.00237029
-2.16 1.44 0.00168985
-2.16 1.5 0.00118818
-2.16 1.56 0.000823952
-2.16 1.62 0.000563521
-2.16 1.68 0.00038011
-2.16 1.74 0.000252872
-2.16 1.8 0.000165911
-2.16 1.86 0.000107359
-2.16 1.92 6.85168e-05
-2.16 1.98 4.31264e-05
-2.1 -2.28 8.13711e-06
-2.1 -2.22 1.34953e-05
-2.1 -2.16 2.20743e-05
-2.1 -2.1 3.56104e-05
-2.1 -2.04 5.66574e-05
-2.1 -1.98 8.89051e-05
-2.1 -1.92 0.00013759
-2.1 -1.86 0.000210008
-2.1 -1.8 0.000316135
-2.1 -1.74 0.000469355
-2.1 -1.68 0.000687248
-2.1 -1.62 0.00099247
-2.1 -1.56 0.00141355
-2.1 -1.5 0.0019856
-2.1 -1.44 0.00275083
-2.1 -1.38 0.00375857
-2.1 -1.32 0.00506493
-2.1 -1.26 0.00673148
-2.1 -1.2 0.00882344
-2.1 -1.14 0.0114066
-2.1 -1.08 0.0145432
-2.1 -1.02 0.0182875
-2.1 -0.96 0.0226797
-2.1 -0.9 0.0277401
-2.1 -0.84 0.0334633
-2.1 -0.78 0.0398127
-2.1 -0.72 0.0467155
-2.1 -0.66 0.0540616
-2.1 -0.6 0.061703
-2.1 -0.54 0.0694565
-2.1 -0.48 0.0771091
-2.1 -0.42 0.0844288
-2.1 -0.36 0.0911722
-2.1 -0.3 0.0971005
-2.1 -0.24 0.101994
-2.1 -0.18 0.105662
-2.1 -0.12 0.107956
-2.1 -0.06 0.108785
-2.1 9.71445e-15 0.108111
-2.1 0.06 0.105967
-2.1 0.12 0.102436
-2.1 0.18 0.0976629
-2.1 0.24 0.0918319
-2.1 0.3 0.0851621
-2.1 0.36 0.0778908
-2.1 0.42 0.070261
-2.1 0.48 0.0625079
-2.1 0.54 0.0548455
-2.1 0.6 0.0474614
-2.1 0.66 0.0405067
-2.1 0.72 0.0340958
-2.1 0.78 0.0283053
-2.1 0.84 0.0231751
-2.1 0.9 0.0187138
-2.1 0.96 0.0149036
-2.1 1.02 0.0117061
-2.1 1.08 0.00906816
-2.1 1.14 0.00692823
-2.1 1.2 0.00522041
-2.1 1.26 0.00387956
-2.1 1.32 0.00284346
-2.1 1.38 0.00205542
-2.1 1.44 0.00146536
-2.1 1.5 0.00103034
-2.1 1.56 0.000714497
-2.1 1.62 0.000488665
-2.1 1.68 0.000329615
-2.1 1.74 0.000219281
-2.1 1.8 0.000143871
-2.1 1.86 9.30982e-05
-2.1 1.92 5.94152e-05
-2.04 -2.28 6.95917e-06
-2.04 -2.22 1.15417e-05
-2.04 -2.16 1.88789e-05
-2.04 -2.1 3.04556e-05
-2.04 -2.04 4.84557e-05
-2.04 -1.98 7.60355e-05
-2.04 -1.92 0.000117673
-2.04 -1.86 0.000179607
-2.04 -1.8 0.000270372
-2.04 -1.74 0.000401411
-2.04 -1.68 0.000587762
-2.04 -1.62 0.000848803
-2.04 -1.56 0.00120892
-2.04 -1.5 0.00169817
-2.04 -1.44 0.00235262
-2.04 -1.38 0.0032145
-2.04 -1.32 0.00433176
-2.04 -1.26 0.00575705
-2.04 -1.2 0.00754617
-2.04 -1.14 0.0097554
-2.04 -1.08 0.0124379
-2.04 -1.02 0.0156403
-2.04 -0.96 0.0193966
-2.04 -0.9 0.0237244
-2.04 -0.84 0.0286192
-2.04 -0.78 0.0340493
-2.04 -0.72 0.0399528
-2.04 -0.66 0.0462358
-2.04 -0.6 0.0527709
-2.04 -0.54 0.0594018
-2.04 -0.48 0.0659472
-2.04 -0.42 0.0722068
-2.04 -0.36 0.0779736
-2.04 -0.3 0.0830448
-2.04 -0.24 0.08723
-2.04 -0.18 0.0903662
-2.04 -0.12 0.0923277
-2.04 -0.06 0.0930371
-2.04 9.71445e-15 0.092461
-2.04 0.06 0.0906271
-2.04 0.12 0.0876077
-2.04 0.18 0.0835255
-2.04 0.24 0.0785384
-2.04 0.3 0.0728339
-2.04 0.36 0.0666152
-2.04 0.42 0.0600903
-2.04 0.48 0.0534594
-2.04 0.54 0.046906
-2.04 0.6 0.0405909
-2.04 0.66 0.0346428
-2.04 0.72 0.0291602
-2.04 0.78 0.0242079
-2.04 0.84 0.0198203
-2.04 0.9 0.0160048
-2.04 0.96 0.0127462
-2.04 1.02 0.0100116
-2.04 1.08 0.00775541
-2.04 1.14 0.0059253
-2.04 1.2 0.00446473
-2.04 1.26 0.00331797
-2.04 1.32 0.00243184
-2.04 1.38 0.00175788
-2.04 1.44 0.00125323
-2.04 1.5 0.000881183
-2.04 1.56 0.000611064
-2.04 1.62 0.000417927
-2.04 1.68 0.0002819
-2.04 1.74 0.000187537
-2.04 1.8 0.000123045
-2.04 1.86 7.96217e-05
-2.04 1.92 5.08143e-05
-1.98 -2.28 5.86995e-06
-1.98 -2.22 9.73523e-06
-1.98 -2.16 1.59241e-05
-1.98 -2.1 2.56889e-05
-1.98 -2.04 4.08718e-05
-1.98 -1.98 6.41349e-05
-1.98 -1.92 9.92552e-05
-1.98 -1.86 0.000151494
-1.98 -1.8 0.000228055
-1.98 -1.74 0.000338582
-1.98 -1.68 0.000495769
-1.98 -1.62 0.000715956
-1.98 -1.56 0.00101971
-1.98 -1.5 0.00143238
-1.98 -1.44 0.00198441
-1.98 -1.38 0.00271139
-1.98 -1.32 0.00365378
-1.98 -1.26 0.00485596
-1.98 -1.2 0.0063651
-1.98 -1.14 0.00822848
-1.98 -1.08 0.0104912
-1.98 -1.02 0.0131924
-1.98 -0.96 0.0163608
-1.98 -0.9 0.0200113
-1.98 -0.84 0.0241399
-1.98 -0.78 0.02872
-1.98 -0.72 0.0336994
-1.98 -0.66 0.0389992
-1.98 -0.6 0.0445113
-1.98 -0.54 0.0501045
-1.98 -0.48 0.0556257
-1.98 -0.42 0.0609057
-1.98 -0.36 0.06577
-1.98 -0.3 0.0700474
-1.98 -0.24 0.0735774
-1.98 -0.18 0.0762223
-1.98 -0.12 0.0778772
-1.98 -0.06 0.0784753
-1.98 9.71445e-15 0.07799
-1.98 0.06 0.076442
-1.98 0.12 0.0738956
-1.98 0.18 0.0704524
-1.98 0.24 0.0662458
-1.98 0.3 0.061434
-1.98 0.36 0.0561888
-1.98 0.42 0.0506854
-1.98 0.48 0.045092
-1.98 0.54 0.0395646
-1.98 0.6 0.0342378
-1.98 0.66 0.0292206
-1.98 0.72 0.0245962
-1.98 0.78 0.0204189
-1.98 0.84 0.016718
-1.98 0.9 0.0134997
-1.98 0.96 0.0107513
-1.98 1.02 0.00844461
-1.98 1.08 0.00654162
-1.98 1.14 0.00499788
-1.98 1.2 0.00376594
-1.98 1.26 0.00279867
-1.98 1.32 0.00205123
-1.98 1.38 0.00148275
-1.98 1.44 0.00105709
-1.98 1.5 0.000743262
-1.98 1.56 0.000515423
-1.98 1.62 0.000352515
-1.98 1.68 0.000237779
-1.98 1.74 0.000158184
-1.98 1.8 0.000103787
-1.98 1.86 6.71598e-05
-1.92 -2.28 4.88319e-06
-1.92 -2.22 8.09863e-06
-1.92 -2.16 1.3247e-05
-1.92 -2.1 2.13703e-05
-1.92 -2.04 3.40009e-05
-1.92 -1.98 5.33529e-05
-1.92 -1.92 8.25687e-05
-1.92 -1.86 0.000126028
-1.92 -1.8 0.000189717
-1.92 -1.74 0.000281665
-1.92 -1.68 0.000412422
-1.92 -1.62 0.000595598
-1.92 -1.56 0.000848291
-1.92 -1.5 0.00119159
-1.92 -1.44 0.00165082
-1.92 -1.38 0.00225558
-1.92 -1.32 0.00303952
-1.92 -1.26 0.00403965
-1.92 -1.2 0.00529506
-1.92 -1.14 0.00684526
-1.92 -1.08 0.00872747
-1.92 -1.02 0.0109746
-1.92 -0.96 0.0136104
-1.92 -0.9 0.0166472
-1.92 -0.84 0.0200817
-1.92 -0.78 0.0238918
-1.92 -0.72 0.0280345
-1.92 -0.66 0.032443
-1.92 -0.6 0.0370288
-1.92 -0.54 0.0416812
-1.92 -0.48 0.0462743
-1.92 -0.42 0.050667
-1.92 -0.36 0.0547137
-1.92 -0.3 0.0582717
-1.92 -0.24 0.0612079
-1.92 -0.18 0.0634083
-1.92 -0.12 0.0647858
-1.92 -0.06 0.0652823
-1.92 9.71445e-15 0.0648791
-1.92 0.06 0.063592
-1.92 0.12 0.0614728
-1.92 0.18 0.0586083
-1.92 0.24 0.055109
-1.92 0.3 0.0511065
-1.92 0.36 0.0467433
-1.92 0.42 0.0421646
-1.92 0.48 0.0375116
-1.92 0.54 0.0329135
-1.92 0.6 0.0284822
-1.92 0.66 0.0243084
-1.92 0.72 0.0204612
-1.92 0.78 0.0169862
-1.92 0.84 0.0139076
-1.92 0.9 0.0112304
-1.92 0.96 0.00894389
-1.92 1.02 0.00702494
-1.92 1.08 0.00544192
-1.92 1.14 0.00415769
-1.92 1.2 0.00313282
-1.92 1.26 0.00232818
-1.92 1.32 0.00170641
-1.92 1.38 0.00123349
-1.92 1.44 0.000879378
-1.92 1.5 0.000618312
-1.92 1.56 0.000428779
-1.92 1.62 0.000293252
-1.92 1.68 0.000197807
-1.92 1.74 0.000131592
-1.92 1.8 8.63381e-05
-1.92 1.86 5.58693e-05
-1.86 -2.28 4.00641e-06
-1.86 -2.22 6.64465e-06
-1.86 -2.16 1.08686e-05
-1.86 -2.1 1.75334e-05
-1.86 -2.04 2.78963e-05
-1.86 -1.98 4.3774e-05
-1.86 -1.92 6.77449e-05
-1.86 -1.86 0.000103401
-1.86 -1.8 0.000155655
-1.86 -1.74 0.000231093
-1.86 -1.68 0.000338379
-1.86 -1.62 0.000488658
-1.86 -1.56 0.000695982
-1.86 -1.5 0.000977639
-1.86 -1.44 0.0013544
-1.86 -1.38 0.00185059
-1.86 -1.32 0.00249379
-1.86 -1.26 0.00331435
-1.86 -1.2 0.00434438
-1.86 -1.14 0.00561621
-1.86 -1.08 0.0071606
-1.86 -1.02 0.00900414
-1.86 -0.96 0.0111667
-1.86 -0.9 0.0136583
-1.86 -0.84 0.0164763
-1.86 -0.78 0.0196024
-1.86 -0.72 0.0230011
-1.86 -0.66 0.0266181
-1.86 -0.6 0.0303803
-1.86 -0.54 0.0341981
-1.86 -0.48 0.0379659
-1.86 -0.42 0.0415698
-1.86 -0.36 0.04489
-1.86 -0.3 0.0478092
-1.86 -0.24 0.0502186
-1.86 -0.18 0.0520243
-1.86 -0.12 0.0531537
-1.86 -0.06 0.0535618
-1.86 9.71445e-15 0.0532298
-1.86 0.06 0.0521744
-1.86 0.12 0.0504361
-1.86 0.18 0.0480857
-1.86 0.24 0.0452148
-1.86 0.3 0.0419308
-1.86 0.36 0.0383506
-1.86 0.42 0.0345942
-1.86 0.48 0.0307765
-1.86 0.54 0.0270042
-1.86 0.6 0.0233682
-1.86 0.66 0.0199441
-1.86 0.72 0.0167875
-1.86 0.78 0.0139365
-1.86 0.84 0.0114106
-1.86 0.9 0.00921402
-1.86 0.96 0.00733801
-1.86 1.02 0.00576367
-1.86 1.08 0.00446484
-1.86 1.14 0.00341122
-1.86 1.2 0.00257036
-1.86 1.26 0.00191016
-1.86 1.32 0.00140003
-1.86 1.38 0.00101202
-1.86 1.44 0.000721497
-1.86 1.5 0.000507303
-1.86 1.56 0.000351793
-1.86 1.62 0.000240602
-1.86 1.68 0.00016229
-1.86 1.74 0.000107966
-1.86 1.8 7.08373e-05
-1.8 -2.28 3.24191e-06
-1.8 -2.22 5.37668e-06
-1.8 -2.16 8.79459e-06
-1.8 -2.1 1.41876e-05
-1.8 -2.04 2.25732e-05
-1.8 -1.98 3.54211e-05
-1.8 -1.92 5.48175e-05
-1.8 -1.86 8.36701e-05
-1.8 -1.8 0.000125952
-1.8 -1.74 0.000186995
-1.8 -1.68 0.000273808
-1.8 -1.62 0.000395411
-1.8 -1.56 0.000563178
-1.8 -1.5 0.000791094
-1.8 -1.44 0.00109597
-1.8 -1.38 0.00149747
-1.8 -1.32 0.00201792
-1.8 -1.26 0.00268192
-1.8 -1.2 0.00351538
-1.8 -1.14 0.0045445
-1.8 -1.08 0.00579417
-1.8 -1.02 0.00728593
-1.8 -0.96 0.00903587
-1.8 -0.9 0.0110521
-1.8 -0.84 0.0133323
-1.8 -0.78 0.0158618
-1.8 -0.72 0.0186121
-1.8 -0.66 0.0215387
-1.8 -0.6 0.0245832
-1.8 -0.54 0.0276721
-1.8 -0.48 0.0307212
-1.8 -0.42 0.0336375
-1.8 -0.36 0.0363244
-1.8 -0.3 0.0386866
-1.8 -0.24 0.0406359
-1.8 -0.18 0.0420969
-1.8 -0.12 0.0430112
-1.8 -0.06 0.0433404
-1.8 9.71445e-15 0.0430731
-1.8 0.06 0.0422183
-1.8 0.12 0.0408118
-1.8 0.18 0.0389096
-1.8 0.24 0.0365863
-1.8 0.3 0.0339292
-1.8 0.36 0.0310325
-1.8 0.42 0.0279927
-1.8 0.48 0.0249038
-1.8 0.54 0.0218512
-1.8 0.6 0.0189091
-1.8 0.66 0.0161383
-1.8 0.72 0.0135841
-1.8 0.78 0.011277
-1.8 0.84 0.0092331
-1.8 0.9 0.00745576
-1.8 0.96 0.00593775
-1.8 1.02 0.00466382
-1.8 1.08 0.0036129
-1.8 1.14 0.00276026
-1.8 1.2 0.00207988
-1.8 1.26 0.00154566
-1.8 1.32 0.00113287
-1.8 1.38 0.00081891
-1.8 1.44 0.000583819
-1.8 1.5 0.000410497
-1.8 1.56 0.000284664
-1.8 1.62 0.000194687
-1.8 1.68 0.000131324
-1.8 1.74 8.73632e-05
-1.74 -2.22 4.29088e-06
-1.74 -2.16 7.01865e-06
-1.74 -2.1 1.13225e-05
-1.74 -2.04 1.80145e-05
-1.74 -1.98 2.8268e-05
-1.74 -1.92 4.37475e-05
-1.74 -1.86 6.67723e-05
-1.74 -1.8 0.000100517
-1.74 -1.74 0.000149233
-1.74 -1.68 0.000218514
-1.74 -1.62 0.000315563
-1.74 -1.56 0.000449442
-1.74 -1.5 0.000631331
-1.74 -1.44 0.000874642
-1.74 -1.38 0.00119507
-1.74 -1.32 0.00161043
-1.74 -1.26 0.0021403
-1.74 -1.2 0.00280546
-1.74 -1.14 0.00362676
-1.74 -1.08 0.00462407
-1.74 -1.02 0.00581464
-1.74 -0.96 0.00721114
-1.74 -0.9 0.0088201
-1.74 -0.84 0.0106399
-1.74 -0.78 0.0126586
-1.74 -0.72 0.0148532
-1.74 -0.66 0.0171892
-1.74 -0.6 0.0196187
-1.74 -0.54 0.0220839
-1.74 -0.48 0.0245174
-1.74 -0.42 0.0268446
-1.74 -0.36 0.0289886
-1.74 -0.3 0.0308739
-1.74 -0.24 0.0324298
-1.74 -0.18 0.0335956
-1.74 -0.12 0.0343249
-1.74 -0.06 0.0345885
-1.74 9.71445e-15 0.0343747
-1.74 0.06 0.0336924
-1.74 0.12 0.0325701
-1.74 0.18 0.0310524
-1.74 0.24 0.0291983
-1.74 0.3 0.0270775
-1.74 0.36 0.0247656
-1.74 0.42 0.02234
-1.74 0.48 0.0198746
-1.74 0.54 0.0174384
-1.74 0.6 0.0150905
-1.74 0.66 0.0128792
-1.74 0.72 0.0108409
-1.74 0.78 0.00899979
-1.74 0.84 0.00736859
-1.74 0.9 0.00595009
-1.74 0.96 0.0047387
-1.74 1.02 0.00372202
-1.74 1.08 0.00288327
-1.74 1.14 0.00220285
-1.74 1.2 0.00165987
-1.74 1.26 0.00123353
-1.74 1.32 0.000904095
-1.74 1.38 0.000653531
-1.74 1.44 0.000465919
-1.74 1.5 0.000327598
-1.74 1.56 0.000227176
-1.74 1.62 0.000155374
-1.74 1.68 0.000104803
-1.74 1.74 6.97208e-05
-1.68 -2.22 3.37733e-06
-1.68 -2.16 5.52423e-06
-1.68 -2.1 8.9118e-06
-1.68 -2.04 1.41791e-05
-1.68 -1.98 2.22494e-05
-1.68 -1.92 3.44333e-05
-1.68 -1.86 5.25564e-05
-1.68 -1.8 7.91155e-05
-1.68 -1.74 0.000117459
-1.68 -1.68 0.00017199
-1.68 -1.62 0.000248372
-1.68 -1.56 0.000353752
-1.68 -1.5 0.000496914
-1.68 -1.44 0.000688415
-1.68 -1.38 0.000940609
-1.68 -1.32 0.00126754
-1.68 -1.26 0.00168462
-1.68 -1.2 0.00220815
-1.68 -1.14 0.00285457
-1.68 -1.08 0.00363957
-1.68 -1.02 0.00457657
-1.68 -0.96 0.00567577
-1.68 -0.9 0.00694222
-1.68 -0.84 0.00837453
-1.68 -0.78 0.00996349
-1.68 -0.72 0.0116909
-1.68 -0.66 0.0135293
-1.68 -0.6 0.0154416
-1.68 -0.54 0.0173821
-1.68 -0.48 0.0192971
-1.68 -0.42 0.0211289
-1.68 -0.36 0.0228166
-1.68 -0.3 0.0243004
-1.68 -0.24 0.025525
-1.68 -0.18 0.0264428
-1.68 -0.12 0.0270168
-1.68 -0.06 0.0272241
-1.68 9.71445e-15 0.0270556
-1.68 0.06 0.026519
-1.68 0.12 0.0256356
-1.68 0.18 0.0244407
-1.68 0.24 0.0229815
-1.68 0.3 0.0213124
-1.68 0.36 0.0194927
-1.68 0.42 0.0175833
-1.68 0.48 0.0156431
-1.68 0.54 0.0137256
-1.68 0.6 0.0118775
-1.68 0.66 0.0101371
-1.68 0.72 0.00853276
-1.68 0.78 0.00708356
-1.68 0.84 0.00579971
-1.68 0.9 0.00468326
-1.68 0.96 0.00372972
-1.68 1.02 0.00292954
-1.68 1.08 0.00226938
-1.68 1.14 0.00173384
-1.68 1.2 0.00130646
-1.68 1.26 0.000970885
-1.68 1.32 0.000711599
-1.68 1.38 0.000514388
-1.68 1.44 0.000366721
-1.68 1.5 0.000257851
-1.68 1.56 0.000178808
-1.68 1.62 0.000122292
-1.68 1.68 8.24889e-05
-1.62 -2.22 2.62169e-06
-1.62 -2.16 4.2883e-06
-1.62 -2.1 6.91792e-06
-1.62 -2.04 1.10066e-05
-1.62 -1.98 1.72713e-05
-1.62 -1.92 2.67292e-05
-1.62 -1.86 4.07976e-05
-1.62 -1.8 6.14145e-05
-1.62 -1.74 9.11802e-05
-1.62 -1.68 0.000133509
-1.62 -1.62 0.000192804
-1.62 -1.56 0.000274606
-1.62 -1.5 0.000385737
-1.62 -1.44 0.000534397
-1.62 -1.38 0.000730168
-1.62 -1.32 0.00098395
-1.62 -1.26 0.00130771
-1.62 -1.2 0.0017141
-1.62 -1.14 0.00221593
-1.62 -1.08 0.00282526
-1.62 -1.02 0.00355266
-1.62 -0.96 0.0044059
-1.62 -0.9 0.00538896
-1.62 -0.84 0.0065008
-1.62 -0.78 0.00773426
-1.62 -0.72 0.00907527
-1.62 -0.66 0.0105024
-1.62 -0.6 0.0119869
-1.62 -0.54 0.0134931
-1.62 -0.48 0.0149797
-1.62 -0.42 0.0164017
-1.62 -0.36 0.0177117
-1.62 -0.3 0.0188635
-1.62 -0.24 0.0198141
-1.62 -0.18 0.0205265
-1.62 -0.12 0.0209723
-1.62 -0.06 0.0211332
-1.62 9.71445e-15 0.0210024
-1.62 0.06 0.0205859
-1.62 0.12 0.0198999
-1.62 0.18 0.0189727
-1.62 0.24 0.0178399
-1.62 0.3 0.0165442
-1.62 0.36 0.0151316
-1.62 0.42 0.0136494
-1.62 0.48 0.0121432
-1.62 0.54 0.0106546
-1.62 0.6 0.0092202
-1.62 0.66 0.0078691
-1.62 0.72 0.0066237
-1.62 0.78 0.00549878
-1.62 0.84 0.00450215
-1.62 0.9 0.00363548
-1.62 0.96 0.00289528
-1.62 1.02 0.00227411
-1.62 1.08 0.00176164
-1.62 1.14 0.00134593
-1.62 1.2 0.00101415
-1.62 1.26 0.000753669
-1.62 1.32 0.00055239
-1.62 1.38 0.000399299
-1.62 1.44 0.00028467
-1.62 1.5 0.00020016
-1.62 1.56 0.000138803
-1.62 1.62 9.49314e-05
-1.56 -2.22 2.00716e-06
-1.56 -2.16 3.28311e-06
-1.56 -2.1 5.2963e-06
-1.56 -2.04 8.42665e-06
-1.56 -1.98 1.32229e-05
-1.56 -1.92 2.04639e-05
-1.56 -1.86 3.12346e-05
-1.56 -1.8 4.70184e-05
-1.56 -1.74 6.98073e-05
-1.56 -1.68 0.000102215
-1.56 -1.62 0.00014761
-1.56 -1.56 0.000210237
-1.56 -1.5 0.000295321
-1.56 -1.44 0.000409134
-1.56 -1.38 0.000559016
-1.56 -1.32 0.000753311
-1.56 -1.26 0.00100118
-1.56 -1.2 0.0013123
-1.56 -1.14 0.00169651
-1.56 -1.08 0.00216302
-1.56 -1.02 0.0027199
-1.56 -0.96 0.00337312
-1.56 -0.9 0.00412578
-1.56 -0.84 0.00497702
-1.56 -0.78 0.00592136
-1.56 -0.72 0.006948
-1.56 -0.66 0.00804053
-1.56 -0.6 0.00917714
-1.56 -0.54 0.0103302
-1.56 -0.48 0.0114685
-1.56 -0.42 0.012557
-1.56 -0.36 0.0135601
-1.56 -0.3 0.0144419
-1.56 -0.24 0.0151697
-1.56 -0.18 0.0157152
-1.56 -0.12 0.0160563
-1.56 -0.06 0.0161795
-1.56 9.71445e-15 0.0160795
-1.56 0.06 0.0157604
-1.56 0.12 0.0152354
-1.56 0.18 0.0145254
-1.56 0.24 0.0136581
-1.56 0.3 0.0126661
-1.56 0.36 0.0115847
-1.56 0.42 0.0104499
-1.56 0.48 0.00929685
-1.56 0.54 0.00815715
-1.56 0.6 0.00705895
-1.56 0.66 0.00602456
-1.56 0.72 0.0050711
-1.56 0.78 0.00420984
-1.56 0.84 0.00344682
-1.56 0.9 0.0027833
-1.56 0.96 0.00221661
-1.56 1.02 0.00174106
-1.56 1.08 0.00134872
-1.56 1.14 0.00103043
-1.56 1.2 0.000776437
-1.56 1.26 0.000577006
-1.56 1.32 0.000422906
-1.56 1.38 0.000305703
-1.56 1.44 0.000217944
-1.56 1.5 0.000153242
-1.56 1.56 0.000106267
-1.5 -2.16 2.47899e-06
-1.5 -2.1 3.99912e-06
-1.5 -2.04 6.36278e-06
-1.5 -1.98 9.98432e-06
-1.5 -1.92 1.54518e-05
-1.5 -1.86 2.35845e-05
-1.5 -1.8 3.55026e-05
-1.5 -1.74 5.27094e-05
-1.5 -1.68 7.718e-05
-1.5 -1.62 0.000111456
-1.5 -1.56 0.000158745
-1.5 -1.5 0.000222989
-1.5 -1.44 0.000308925
-1.5 -1.38 0.000422096
-1.5 -1.32 0.000568805
-1.5 -1.26 0.000755968
-1.5 -1.2 0.000990893
-1.5 -1.14 0.00128098
-1.5 -1.08 0.00163325
-1.5 -1.02 0.00205373
-1.5 -0.96 0.00254697
-1.5 -0.9 0.00311528
-1.5 -0.84 0.00375803
-1.5 -0.78 0.00447108
-1.5 -0.72 0.00524626
-1.5 -0.66 0.00607121
-1.5 -0.6 0.00692939
-1.5 -0.54 0.00780014
-1.5 -0.48 0.00865953
-1.5 -0.42 0.00948149
-1.5 -0.36 0.0102389
-1.5 -0.3 0.0109047
-1.5 -0.24 0.0114543
-1.5 -0.18 0.0118661
-1.5 -0.12 0.0121237
-1.5 -0.06 0.0122166
-1.5 9.71445e-15 0.0121412
-1.5 0.06 0.0119003
-1.5 0.12 0.0115039
-1.5 0.18 0.0109677
-1.5 0.24 0.0103128
-1.5 0.3 0.00956382
-1.5 0.36 0.00874724
-1.5 0.42 0.00789043
-1.5 0.48 0.0070198
-1.5 0.54 0.00615929
-1.5 0.6 0.00533
-1.5 0.66 0.004549
-1.5 0.72 0.00382906
-1.5 0.78 0.00317873
-1.5 0.84 0.00260259
-1.5 0.9 0.00210159
-1.5 0.96 0.0016737
-1.5 1.02 0.00131463
-1.5 1.08 0.00101838
-1.5 1.14 0.000778049
-1.5 1.2 0.000586269
-1.5 1.26 0.000435681
-1.5 1.32 0.000319326
-1.5 1.38 0.000230829
-1.5 1.44 0.000164564
-1.5 1.5 0.00011571
-1.44 -2.16 1.84609e-06
-1.44 -2.1 2.97814e-06
-1.44 -2.04 4.73836e-06
-1.44 -1.98 7.4353e-06
-1.44 -1.92 1.15069e-05
-1.44 -1.86 1.75632e-05
-1.44 -1.8 2.64388e-05
-1.44 -1.74 3.92522e-05
-1.44 -1.68 5.74757e-05
-1.44 -1.62 8.30009e-05
-1.44 -1.56 0.000118216
-1.44 -1.5 0.000166058
-1.44 -1.44 0.000230054
-1.44 -1.38 0.000314334
-1.44 -1.32 0.000423587
-1.44 -1.26 0.000562963
-1.44 -1.2 0.000737917
-1.44 -1.14 0.000953936
-1.44 -1.08 0.00121627
-1.44 -1.02 0.0015294
-1.44 -0.96 0.00189673
-1.44 -0.9 0.00231995
-1.44 -0.84 0.0027986
-1.44 -0.78 0.00332959
-1.44 -0.72 0.00390685
-1.44 -0.66 0.00452122
-1.44 -0.6 0.00516025
-1.44 -0.54 0.00580873
-1.44 -0.48 0.00644873
-1.44 -0.42 0.00706085
-1.44 -0.36 0.00762485
-1.44 -0.3 0.00812072
-1.44 -0.24 0.00852996
-1.44 -0.18 0.00883664
-1.44 -0.12 0.00902844
-1.44 -0.06 0.0090977
-1.44 9.71445e-15 0.00904147
-1.44 0.06 0.00886206
-1.44 0.12 0.00856689
-1.44 0.18 0.00816761
-1.44 0.24 0.00767993
-1.44 0.3 0.00712213
-1.44 0.36 0.00651401
-1.44 0.42 0.00587597
-1.44 0.48 0.00522759
-1.44 0.54 0.00458681
-1.44 0.6 0.00396919
-1.44 0.66 0.00338762
-1.44 0.72 0.00285148
-1.44 0.78 0.00236718
-1.44 0.84 0.00193814
-1.44 0.9 0.00156504
-1.44 0.96 0.00124639
-1.44 1.02 0.000978995
-1.44 1.08 0.000758382
-1.44 1.14 0.00057941
-1.44 1.2 0.000436593
-1.44 1.26 0.00032445
-1.44 1.32 0.000237802
-1.44 1.38 0.000171898
-1.44 1.44 0.000122551
-1.38 -2.1 2.18732e-06
-1.38 -2.04 3.48013e-06
-1.38 -1.98 5.46092e-06
-1.38 -1.92 8.45129e-06
-1.38 -1.86 1.28995e-05
-1.38 -1.8 1.94182e-05
-1.38 -1.74 2.88291e-05
-1.38 -1.68 4.22134e-05
-1.38 -1.62 6.0961e-05
-1.38 -1.56 8.68255e-05
-1.38 -1.5 0.000121963
-1.38 -1.44 0.000168966
-1.38 -1.38 0.000230866
-1.38 -1.32 0.000311107
-1.38 -1.26 0.000413472
-1.38 -1.2 0.00054197
-1.38 -1.14 0.000700628
-1.38 -1.08 0.000893296
-1.38 -1.02 0.00112328
-1.38 -0.96 0.00139307
-1.38 -0.9 0.00170391
-1.38 -0.84 0.00205545
-1.38 -0.78 0.00244543
-1.38 -0.72 0.00286943
-1.38 -0.66 0.00332065
-1.38 -0.6 0.00379
-1.38 -0.54 0.00426625
-1.38 -0.48 0.00473633
-1.38 -0.42 0.00518592
-1.38 -0.36 0.00560017
-1.38 -0.3 0.00596436
-1.38 -0.24 0.0062649
-1.38 -0.18 0.00649011
-1.38 -0.12 0.00663106
-1.38 -0.06 0.00668185
-1.38 9.71445e-15 0.00664062
-1.38 0.06 0.0065088
-1.38 0.12 0.00629198
-1.38 0.18 0.00599875
-1.38 0.24 0.00564056
-1.38 0.3 0.00523087
-1.38 0.36 0.00478429
-1.38 0.42 0.00431567
-1.38 0.48 0.00383943
-1.38 0.54 0.00336883
-1.38 0.6 0.00291523
-1.38 0.66 0.00248805
-1.38 0.72 0.00209428
-1.38 0.78 0.00173859
-1.38 0.84 0.00142347
-1.38 0.9 0.00114946
-1.38 0.96 0.000915431
-1.38 1.02 0.000719028
-1.38 1.08 0.000557004
-1.38 1.14 0.000425549
-1.38 1.2 0.000320659
-1.38 1.26 0.000238296
-1.38 1.32 0.000174656
-1.38 1.38 0.000126252
-1.32 -1.98 3.95566e-06
-1.32 -1.92 6.12182e-06
-1.32 -1.86 9.34391e-06
-1.32 -1.8 1.40656e-05
-1.32 -1.74 2.0883e-05
-1.32 -1.68 3.05777e-05
-1.32 -1.62 4.41579e-05
-1.32 -1.56 6.2893e-05
-1.32 -1.5 8.8346e-05
-1.32 -1.44 0.000122393
-1.32 -1.38 0.000167231
-1.32 -1.32 0.000225354
-1.32 -1.26 0.000299506
-1.32 -1.2 0.000392579
-1.32 -1.14 0.000507513
-1.32 -1.08 0.000647071
-1.32 -1.02 0.000813662
-1.32 -0.96 0.00100908
-1.32 -0.9 0.00123424
-1.32 -0.84 0.00148888
-1.32 -0.78 0.00177139
-1.32 -0.72 0.00207851
-1.32 -0.66 0.00240533
-1.32 -0.6 0.00274536
-1.32 -0.54 0.00309031
-1.32 -0.48 0.0034308
-1.32 -0.42 0.00375646
-1.32 -0.36 0.00405653
-1.32 -0.3 0.00432033
-1.32 -0.24 0.00453803
-1.32 -0.18 0.00470122
-1.32 -0.12 0.00480328
-1.32 -0.06 0.0048401
-1.32 9.71445e-15 0.00481021
-1.32 0.06 0.00471474
-1.32 0.12 0.00455771
-1.32 0.18 0.0043453
-1.32 0.24 0.00408584
-1.32 0.3 0.00378907
-1.32 0.36 0.00346557
-1.32 0.42 0.0031261
-1.32 0.48 0.00278117
-1.32 0.54 0.00244023
-1.32 0.6 0.0021117
-1.32 0.66 0.00180226
-1.32 0.72 0.00151703
-1.32 0.78 0.00125938
-1.32 0.84 0.00103112
-1.32 0.9 0.000832629
-1.32 0.96 0.000663104
-1.32 1.02 0.00052084
-1.32 1.08 0.000403472
-1.32 1.14 0.000308255
-1.32 1.2 0.000232272
-1.32 1.26 0.000172612
-1.32 1.32 0.000126513
-1.26 -1.92 4.37344e-06
-1.26 -1.86 6.67526e-06
-1.26 -1.8 1.00487e-05
-1.26 -1.74 1.49188e-05
-1.26 -1.68 2.18449e-05
-1.26 -1.62 3.15469e-05
-1.26 -1.56 4.4931e-05
-1.26 -1.5 6.31145e-05
-1.26 -1.44 8.74383e-05
-1.26 -1.38 0.000119471
-1.26 -1.32 0.000160995
-1.26 -1.26 0.000213966
-1.26 -1.2 0.000280463
-1.26 -1.14 0.000362569
-1.26 -1.08 0.000462269
-1.26 -1.02 0.000581291
-1.26 -0.96 0.000720901
-1.26 -0.9 0.000881749
-1.26 -0.84 0.00106367
-1.26 -0.78 0.00126548
-1.26 -0.72 0.00148489
-1.26 -0.66 0.00171841
-1.26 -0.6 0.00196129
-1.26 -0.54 0.00220773
-1.26 -0.48 0.00245101
-1.26 -0.42 0.00268367
-1.26 -0.36 0.002898
-1.26 -0.3 0.00308648
-1.26 -0.24 0.00324201
-1.26 -0.18 0.00335855
-1.26 -0.12 0.00343148
-1.26 -0.06 0.00345782
-1.26 9.71445e-15 0.00343645
-1.26 0.06 0.00336824
-1.26 0.12 0.00325603
-1.26 0.18 0.00310431
-1.26 0.24 0.00291896
-1.26 0.3 0.00270694
-1.26 0.36 0.00247583
-1.26 0.42 0.00223333
-1.26 0.48 0.00198687
-1.26 0.54 0.00174332
-1.26 0.6 0.00150861
-1.26 0.66 0.00128753
-1.26 0.72 0.00108377
-1.26 0.78 0.00089971
-1.26 0.84 0.000736639
-1.26 0.9 0.000594834
-1.26 0.96 0.000473729
-1.26 1.02 0.000372091
-1.26 1.08 0.000288241
-1.26 1.14 0.000220219
-1.26 1.2 0.000165937
-1.26 1.26 0.000123317
-1.2 -1.86 4.70336e-06
-1.2 -1.8 7.08017e-06
-1.2 -1.74 1.05116e-05
-1.2 -1.68 1.53917e-05
-1.2 -1.62 2.22273e-05
-1.2 -1.56 3.1658e-05
-1.2 -1.5 4.44697e-05
-1.2 -1.44 6.16073e-05
-1.2 -1.38 8.41764e-05
-1.2 -1.32 0.000113434
-1.2 -1.26 0.000150759
-1.2 -1.2 0.00019761
-1.2 -1.14 0.000255462
-1.2 -1.08 0.000325711
-1.2 -1.02 0.000409565
-1.2 -0.96 0.000507934
-1.2 -0.9 0.000621269
-1.2 -0.84 0.000749449
-1.2 -0.78 0.000891648
-1.2 -0.72 0.00104624
-1.2 -0.66 0.00121076
-1.2 -0.6 0.00138189
-1.2 -0.54 0.00155555
-1.2 -0.48 0.00172693
-1.2 -0.42 0.00189087
-1.2 -0.36 0.0020419
-1.2 -0.3 0.00217467
-1.2 -0.24 0.00228427
-1.2 -0.18 0.00236641
-1.2 -0.12 0.00241779
-1.2 -0.06 0.00243634
-1.2 9.71445e-15 0.00242125
-1.2 0.06 0.00237324
-1.2 0.12 0.00229417
-1.2 0.18 0.00218725
-1.2 0.24 0.00205666
-1.2 0.3 0.00190729
-1.2 0.36 0.00174444
-1.2 0.42 0.00157356
-1.2 0.48 0.00139992
-1.2 0.54 0.00122832
-1.2 0.6 0.00106294
-1.2 0.66 0.000907191
-1.2 0.72 0.000763609
-1.2 0.78 0.000633923
-1.2 0.84 0.000519028
-1.2 0.9 0.000419115
-1.2 0.96 0.00033378
-1.2 1.02 0.000262169
-1.2 1.08 0.000203091
-1.2 1.14 0.000155164
-1.2 1.2 0.000116917
-1.14 -1.8 4.91999e-06
-1.14 -1.74 7.30458e-06
-1.14 -1.68 1.06956e-05
-1.14 -1.62 1.54459e-05
-1.14 -1.56 2.19991e-05
-1.14 -1.5 3.09022e-05
-1.14 -1.44 4.28116e-05
-1.14 -1.38 5.84953e-05
-1.14 -1.32 7.88256e-05
-1.14 -1.26 0.000104763
-1.14 -1.2 0.000137319
-1.14 -1.14 0.000177522
-1.14 -1.08 0.000226336
-1.14 -1.02 0.000284609
-1.14 -0.96 0.000352963
-1.14 -0.9 0.000431721
-1.14 -0.84 0.000520791
-1.14 -0.78 0.000619604
-1.14 -0.72 0.000727034
-1.14 -0.66 0.000841356
-1.14 -0.6 0.000960289
-1.14 -0.54 0.00108094
-1.14 -0.48 0.00120006
-1.14 -0.42 0.00131397
-1.14 -0.36 0.00141892
-1.14 -0.3 0.0015112
-1.14 -0.24 0.00158735
-1.14 -0.18 0.00164442
-1.14 -0.12 0.00168012
-1.14 -0.06 0.001693
-1.14 9.71445e-15 0.00168255
-1.14 0.06 0.00164916
-1.14 0.12 0.00159422
-1.14 0.18 0.00151992
-1.14 0.24 0.00142917
-1.14 0.3 0.00132537
-1.14 0.36 0.00121221
-1.14 0.42 0.00109347
-1.14 0.48 0.000972814
-1.14 0.54 0.000853562
-1.14 0.6 0.000738645
-1.14 0.66 0.000630404
-1.14 0.72 0.000530634
-1.14 0.78 0.000440513
-1.14 0.84 0.000360671
-1.14 0.9 0.000291243
-1.14 0.96 0.000231946
-1.14 1.02 0.000182182
-1.14 1.08 0.000141129
-1.14 1.14 0.000107823
-1.08 -1.68 7.33029e-06
-1.08 -1.62 1.05858e-05
-1.08 -1.56 1.50772e-05
-1.08 -1.5 2.11788e-05
-1.08 -1.44 2.93407e-05
-1.08 -1.38 4.00894e-05
-1.08 -1.32 5.40229e-05
-1.08 -1.26 7.17989e-05
-1.08 -1.2 9.41126e-05
-1.08 -1.14 0.000121664
-1.08 -1.08 0.000155119
-1.08 -1.02 0.000195056
-1.08 -0.96 0.000241906
-1.08 -0.9 0.000295882
-1.08 -0.84 0.000356926
-1.08 -0.78 0.000424645
-1.08 -0.72 0.000498274
-1.08 -0.66 0.000576629
-1.08 -0.6 0.000658126
-1.08 -0.54 0.000740829
-1.08 -0.48 0.000822454
-1.08 -0.42 0.000900534
-1.08 -0.36 0.000972463
-1.08 -0.3 0.0010357
-1.08 -0.24 0.00108789
-1.08 -0.18 0.00112699
-1.08 -0.12 0.00115148
-1.08 -0.06 0.0011603
-1.08 9.71445e-15 0.00115313
-1.08 0.06 0.00113025
-1.08 0.12 0.00109259
-1.08 0.18 0.00104167
-1.08 0.24 0.000979481
-1.08 0.3 0.00090834
-1.08 0.36 0.000830792
-1.08 0.42 0.000749414
-1.08 0.48 0.00066671
-1.08 0.54 0.000584993
-1.08 0.6 0.000506227
-1.08 0.66 0.000432048
-1.08 0.72 0.000363667
-1.08 0.78 0.000301904
-1.08 0.84 0.000247185
-1.08 0.9 0.000199603
-1.08 0.96 0.000158964
-1.08 1.02 0.000124857
-1.02 -1.62 7.15532e-06
-1.02 -1.56 1.01911e-05
-1.02 -1.5 1.43153e-05
-1.02 -1.44 1.98323e-05
-1.02 -1.38 2.70979e-05
-1.02 -1.32 3.6516e-05
-1.02 -1.26 4.85308e-05
-1.02 -1.2 6.36133e-05
-1.02 -1.14 8.22363e-05
-1.02 -1.08 0.000104849
-1.02 -1.02 0.000131845
-1.02 -0.96 0.000163511
-1.02 -0.9 0.000199994
-1.02 -0.84 0.000241255
-1.02 -0.78 0.000287029
-1.02 -0.72 0.000336796
-1.02 -0.66 0.000389761
-1.02 -0.6 0.00044485
-1.02 -0.54 0.000500746
-1.02 -0.48 0.000555926
-1.02 -0.42 0.000608696
-1.02 -0.36 0.000657311
-1.02 -0.3 0.000700058
-1.02 -0.24 0.000735335
-1.02 -0.18 0.000761766
-1.02 -0.12 0.000778313
-1.02 -0.06 0.000784285
-1.02 9.71445e-15 0.000779437
-1.02 0.06 0.000763969
-1.02 0.12 0.000738513
-1.02 0.18 0.000704103
-1.02 0.24 0.000662063
-1.02 0.3 0.000613973
-1.02 0.36 0.000561557
-1.02 0.42 0.000506553
-1.02 0.48 0.00045065
-1.02 0.54 0.000395412
-1.02 0.6 0.000342175
-1.02 0.66 0.000292031
-1.02 0.72 0.000245815
-1.02 0.78 0.000204067
-1.02 0.84 0.00016708
-1.02 0.9 0.000134918
-1.02 0.96 0.000107449
-0.96 -1.5 9.54318e-06
-0.96 -1.44 1.3221e-05
-0.96 -1.38 1.80645e-05
-0.96 -1.32 2.4343e-05
-0.96 -1.26 3.23527e-05
-0.96 -1.2 4.24069e-05
-0.96 -1.14 5.48219e-05
-0.96 -1.08 6.98968e-05
-0.96 -1.02 8.78931e-05
-0.96 -0.96 0.000109002
-0.96 -0.9 0.000133324
-0.96 -0.84 0.000160831
-0.96 -0.78 0.000191345
-0.96 -0.72 0.000224521
-0.96 -0.66 0.000259828
-0.96 -0.6 0.000296555
-0.96 -0.54 0.000333817
-0.96 -0.48 0.000370602
-0.96 -0.42 0.000405778
-0.96 -0.36 0.000438191
-0.96 -0.3 0.000466688
-0.96 -0.24 0.000490205
-0.96 -0.18 0.000507825
-0.96 -0.12 0.000518853
-0.96 -0.06 0.000522832
-0.96 9.71445e-15 0.000519605
-0.96 0.06 0.000509289
-0.96 0.12 0.000492323
-0.96 0.18 0.000469382
-0.96 0.24 0.000441355
-0.96 0.3 0.000409297
-0.96 0.36 0.000374354
-0.96 0.42 0.000337687
-0.96 0.48 0.000300422
-0.96 0.54 0.000263597
-0.96 0.6 0.000228107
-0.96 0.66 0.00019468
-0.96 0.72 0.00016387
-0.96 0.78 0.000136039
-0.96 0.84 0.000111382
-0.9 -1.38 1.18769e-05
-0.9 -1.32 1.60048e-05
-0.9 -1.26 2.12712e-05
-0.9 -1.2 2.78815e-05
-0.9 -1.14 3.6044e-05
-0.9 -1.08 4.59554e-05
-0.9 -1.02 5.77873e-05
-0.9 -0.96 7.16661e-05
-0.9 -0.9 8.76573e-05
-0.9 -0.84 0.000105742
-0.9 -0.78 0.000125805
-0.9 -0.72 0.000147618
-0.9 -0.66 0.00017083
-0.9 -0.6 0.000194978
-0.9 -0.54 0.000219476
-0.9 -0.48 0.000243661
-0.9 -0.42 0.000266789
-0.9 -0.36 0.0002881
-0.9 -0.3 0.000306836
-0.9 -0.24 0.000322297
-0.9 -0.18 0.000333884
-0.9 -0.12 0.000341135
-0.9 -0.06 0.000343747
-0.9 9.71445e-15 0.000341627
-0.9 0.06 0.000334845
-0.9 0.12 0.000323691
-0.9 0.18 0.000308605
-0.9 0.24 0.000290178
-0.9 0.3 0.000269103
-0.9 0.36 0.000246128
-0.9 0.42 0.00022202
-0.9 0.48 0.000197521
-0.9 0.54 0.000173309
-0.9 0.6 0.000149975
-0.9 0.66 0.000127998
-0.9 0.72 0.00010774
-0.84 -1.2 1.80793e-05
-0.84 -1.14 2.33723e-05
-0.84 -1.08 2.97994e-05
-0.84 -1.02 3.74713e-05
-0.84 -0.96 4.64707e-05
-0.84 -0.9 5.684e-05
-0.84 -0.84 6.85672e-05
-0.84 -0.78 8.15772e-05
-0.84 -0.72 9.5721e-05
-0.84 -0.66 0.000110772
-0.84 -0.6 0.000126431
-0.84 -0.54 0.000142317
-0.84 -0.48 0.000157998
-0.84 -0.42 0.000172995
-0.84 -0.36 0.000186814
-0.84 -0.3 0.000198963
-0.84 -0.24 0.000208989
-0.84 -0.18 0.000216504
-0.84 -0.12 0.000221204
-0.84 -0.06 0.0002229
-0.84 9.71445e-15 0.000221523
-0.84 0.06 0.000217127
-0.84 0.12 0.000209895
-0.84 0.18 0.000200113
-0.84 0.24 0.000188164
-0.84 0.3 0.000174497
-0.84 0.36 0.000159599
-0.84 0.42 0.000143965
-0.84 0.48 0.00012808
-0.84 0.54 0.000112379
-0.78 -1.08 1.90575e-05
-0.78 -1.02 2.39641e-05
-0.78 -0.96 2.97194e-05
-0.78 -0.9 3.63508e-05
-0.78 -0.84 4.38506e-05
-0.78 -0.78 5.21706e-05
-0.78 -0.72 6.12153e-05
-0.78 -0.66 7.08422e-05
-0.78 -0.6 8.08552e-05
-0.78 -0.54 9.10155e-05
-0.78 -0.48 0.000101044
-0.78 -0.42 0.000110635
-0.78 -0.36 0.000119472
-0.78 -0.3 0.000127242
-0.78 -0.24 0.000133654
-0.78 -0.18 0.000138459
-0.78 -0.12 0.000141465
-0.78 -0.06 0.000142551
-0.78 9.71445e-15 0.00014167
-0.78 0.06 0.000138857
-0.78 0.12 0.000134233
-0.78 0.18 0.000127977
-0.78 0.24 0.000120336
-0.78 0.3 0.000111595
-0.78 0.36 0.000102067
-0.78 0.42 9.20703e-05
-0.72 -0.84 2.76578e-05
-0.72 -0.78 3.29054e-05
-0.72 -0.72 3.86109e-05
-0.72 -0.66 4.46825e-05
-0.72 -0.6 5.09985e-05
-0.72 -0.54 5.74061e-05
-0.72 -0.48 6.3732e-05
-0.72 -0.42 6.97818e-05
-0.72 -0.36 7.53551e-05
-0.72 -0.3 8.02557e-05
-0.72 -0.24 8.42996e-05
-0.72 -0.18 8.73304e-05
-0.72 -0.12 8.92271e-05
-0.72 -0.06 8.99112e-05
-0.72 9.71445e-15 8.93559e-05
-0.72 0.06 8.7583e-05
-0.72 0.12 8.46646e-05
-0.72 0.18 8.07193e-05
