3185 0.06 0.06 0.0973917 -12 -12
-0.42 0.54 2.38744e-06
-0.42 0.6 2.29013e-06
-0.42 0.66 2.16657e-06
-0.42 0.72 2.0215e-06
-0.42 0.78 1.86024e-06
-0.42 0.84 1.68831e-06
-0.36 0.36 4.19312e-06
-0.36 0.42 4.19269e-06
-0.36 0.48 4.13468e-06
-0.36 0.54 4.02142e-06
-0.36 0.6 3.8575e-06
-0.36 0.66 3.64938e-06
-0.36 0.72 3.40503e-06
-0.36 0.78 3.13337e-06
-0.36 0.84 2.84379e-06
-0.36 0.9 2.54545e-06
-0.36 0.96 2.24713e-06
-0.3 0.24 6.68369e-06
-0.3 0.3 6.87069e-06
-0.3 0.36 6.96578e-06
-0.3 0.42 6.96512e-06
-0.3 0.48 6.86874e-06
-0.3 0.54 6.68057e-06
-0.3 0.6 6.40826e-06
-0.3 0.66 6.06253e-06
-0.3 0.72 5.65661e-06
-0.3 0.78 5.20531e-06
-0.3 0.84 4.72423e-06
-0.3 0.9 4.22865e-06
-0.3 0.96 3.73303e-06
-0.3 1.02 3.25018e-06
-0.24 0.12 9.94144e-06
-0.24 0.18 1.05063e-05
-0.24 0.24 1.09507e-05
-0.24 0.3 1.12571e-05
-0.24 0.36 1.14128e-05
-0.24 0.42 1.14117e-05
-0.24 0.48 1.12539e-05
-0.24 0.54 1.09455e-05
-0.24 0.6 1.04994e-05
-0.24 0.66 9.93295e-06
-0.24 0.72 9.2679e-06
-0.24 0.78 8.52848e-06
-0.24 0.84 7.74025e-06
-0.24 0.9 6.92828e-06
-0.24 0.96 6.11622e-06
-0.24 1.02 5.32515e-06
-0.24 1.08 4.57265e-06
-0.18 9.71445e-15 1.37983e-05
-0.18 0.06 1.49917e-05
-0.18 0.12 1.60644e-05
-0.18 0.18 1.69771e-05
-0.18 0.24 1.76952e-05
-0.18 0.3 1.81902e-05
-0.18 0.36 1.84419e-05
-0.18 0.42 1.84401e-05
-0.18 0.48 1.8185e-05
-0.18 0.54 1.76868e-05
-0.18 0.6 1.69658e-05
-0.18 0.66 1.60506e-05
-0.18 0.72 1.49759e-05
-0.18 0.78 1.37811e-05
-0.18 0.84 1.25074e-05
-0.18 0.9 1.11953e-05
-0.18 0.96 9.88318e-06
-0.18 1.02 8.60488e-06
-0.18 1.08 7.38889e-06
-0.18 1.14 6.2576e-06
-0.12 -0.12 1.78706e-05
-0.12 -0.06 1.99614e-05
-0.12 9.71445e-15 2.199e-05
-0.12 0.06 2.38918e-05
-0.12 0.12 2.56014e-05
-0.12 0.18 2.7056e-05
-0.12 0.24 2.82006e-05
-0.12 0.3 2.89893e-05
-0.12 0.36 2.93904e-05
-0.12 0.42 2.93877e-05
-0.12 0.48 2.89809e-05
-0.12 0.54 2.81872e-05
-0.12 0.6 2.70381e-05
-0.12 0.66 2.55793e-05
-0.12 0.72 2.38667e-05
-0.12 0.78 2.19626e-05
-0.12 0.84 1.99327e-05
-0.12 0.9 1.78417e-05
-0.12 0.96 1.57507e-05
-0.12 1.02 1.37134e-05
-0.12 1.08 1.17756e-05
-0.12 1.14 9.97256e-06
-0.12 1.2 8.32959e-06
-0.06 -0.18 2.48013e-05
-0.06 -0.12 2.80888e-05
-0.06 -0.06 3.13744e-05
-0.06 9.71445e-15 3.45633e-05
-0.06 0.06 3.75525e-05
-0.06 0.12 4.02392e-05
-0.06 0.18 4.2526e-05
-0.06 0.24 4.43249e-05
-0.06 0.3 4.55644e-05
-0.06 0.36 4.61955e-05
-0.06 0.42 4.61907e-05
-0.06 0.48 4.55515e-05
-0.06 0.54 4.43034e-05
-0.06 0.6 4.24978e-05
-0.06 0.66 4.0205e-05
-0.06 0.72 3.75131e-05
-0.06 0.78 3.45206e-05
-0.06 0.84 3.13299e-05
-0.06 0.9 2.80433e-05
-0.06 0.96 2.47563e-05
-0.06 1.02 2.15546e-05
-0.06 1.08 1.85086e-05
-0.06 1.14 1.56748e-05
-0.06 1.2 1.30924e-05
-0.06 1.26 1.0785e-05
9.71445e-15 -0.24 3.34802e-05
9.71445e-15 -0.18 3.84464e-05
9.71445e-15 -0.12 4.35423e-05
9.71445e-15 -0.06 4.86364e-05
9.71445e-15 9.71445e-15 5.3579e-05
9.71445e-15 0.06 5.82128e-05
9.71445e-15 0.12 6.23784e-05
9.71445e-15 0.18 6.59231e-05
9.71445e-15 0.24 6.87109e-05
9.71445e-15 0.3 7.0633e-05
9.71445e-15 0.36 7.161e-05
9.71445e-15 0.42 7.16041e-05
9.71445e-15 0.48 7.06125e-05
9.71445e-15 0.54 6.86785e-05
9.71445e-15 0.6 6.58786e-05
9.71445e-15 0.66 6.23243e-05
9.71445e-15 0.72 5.81518e-05
9.71445e-15 0.78 5.35125e-05
9.71445e-15 0.84 4.85661e-05
9.71445e-15 0.9 4.34719e-05
9.71445e-15 0.96 3.83768e-05
9.71445e-15 1.02 3.34127e-05
9.71445e-15 1.08 2.86916e-05
9.71445e-15 1.14 2.42985e-05
9.71445e-15 1.2 2.02953e-05
9.71445e-15 1.26 1.67186e-05
9.71445e-15 1.32 1.35829e-05
0.06 -0.36 3.72379e-05
0.06 -0.3 4.39618e-05
0.06 -0.24 5.11862e-05
0.06 -0.18 5.87794e-05
0.06 -0.12 6.65701e-05
0.06 -0.06 7.43579e-05
0.06 9.71445e-15 8.19149e-05
0.06 0.06 8.89998e-05
0.06 0.12 9.53677e-05
0.06 0.18 0.000100787
0.06 0.24 0.00010505
0.06 0.3 0.000107988
0.06 0.36 0.000109483
0.06 0.42 0.000109471
0.06 0.48 0.000107957
0.06 0.54 0.000105
0.06 0.6 0.000100719
0.06 0.66 9.52861e-05
0.06 0.72 8.89061e-05
0.06 0.78 8.18135e-05
0.06 0.84 7.4252e-05
0.06 0.9 6.64621e-05
0.06 0.96 5.86727e-05
0.06 1.02 5.10842e-05
0.06 1.08 4.38653e-05
0.06 1.14 3.71491e-05
0.06 1.2 3.10288e-05
0.06 1.26 2.55606e-05
0.06 1.32 2.07666e-05
0.06 1.38 1.66397e-05
0.12 -0.42 4.69075e-05
0.12 -0.36 5.61494e-05
0.12 -0.3 6.62878e-05
0.12 -0.24 7.71815e-05
0.12 -0.18 8.86293e-05
0.12 -0.12 0.000100379
0.12 -0.06 0.00011212
0.12 9.71445e-15 0.000123516
0.12 0.06 0.000134198
0.12 0.12 0.0001438
0.12 0.18 0.000151971
0.12 0.24 0.000158398
0.12 0.3 0.00016283
0.12 0.36 0.000165083
0.12 0.42 0.000165067
0.12 0.48 0.000162784
0.12 0.54 0.000158323
0.12 0.6 0.00015187
0.12 0.66 0.000143677
0.12 0.72 0.000134058
0.12 0.78 0.000123362
0.12 0.84 0.00011196
0.12 0.9 0.000100216
0.12 0.96 8.84691e-05
0.12 1.02 7.70265e-05
0.12 1.08 6.6142e-05
0.12 1.14 5.60154e-05
0.12 1.2 4.67867e-05
0.12 1.26 3.85411e-05
0.12 1.32 3.13125e-05
0.12 1.38 2.50902e-05
0.12 1.44 1.98277e-05
0.18 -0.48 5.74747e-05
0.18 -0.42 6.97569e-05
0.18 -0.36 8.35005e-05
0.18 -0.3 9.85784e-05
0.18 -0.24 0.000114778
0.18 -0.18 0.000131803
0.18 -0.12 0.000149275
0.18 -0.06 0.000166736
0.18 9.71445e-15 0.000183681
0.18 0.06 0.000199567
0.18 0.12 0.000213846
0.18 0.18 0.000225999
0.18 0.24 0.000235558
0.18 0.3 0.000242146
0.18 0.36 0.0002455
0.18 0.42 0.000245476
0.18 0.48 0.000242077
0.18 0.54 0.000235445
0.18 0.6 0.000225848
0.18 0.66 0.000213663
0.18 0.72 0.000199359
0.18 0.78 0.000183455
0.18 0.84 0.000166498
0.18 0.9 0.000149033
0.18 0.96 0.000131564
0.18 1.02 0.000114549
0.18 1.08 9.8362e-05
0.18 1.14 8.33019e-05
0.18 1.2 6.95775e-05
0.18 1.26 5.73154e-05
0.18 1.32 4.65654e-05
0.18 1.38 3.73118e-05
0.18 1.44 2.94864e-05
0.18 1.5 2.29817e-05
0.24 -0.54 6.84997e-05
0.24 -0.48 8.42972e-05
0.24 -0.42 0.000102312
0.24 -0.36 0.000122468
0.24 -0.3 0.000144583
0.24 -0.24 0.000168343
0.24 -0.18 0.000193314
0.24 -0.12 0.000218937
0.24 -0.06 0.000244549
0.24 9.71445e-15 0.000269404
0.24 0.06 0.000292702
0.24 0.12 0.000313643
0.24 0.18 0.000331467
0.24 0.24 0.000345488
0.24 0.3 0.000355151
0.24 0.36 0.00036007
0.24 0.42 0.000360033
0.24 0.48 0.00035505
0.24 0.54 0.000345324
0.24 0.6 0.000331249
0.24 0.66 0.000313377
0.24 0.72 0.000292394
0.24 0.78 0.000269069
0.24 0.84 0.000244201
0.24 0.9 0.000218583
0.24 0.96 0.000192963
0.24 1.02 0.000168006
0.24 1.08 0.000144265
0.24 1.14 0.000122177
0.24 1.2 0.000102048
0.24 1.26 8.40633e-05
0.24 1.32 6.82968e-05
0.24 1.38 5.47242e-05
0.24 1.44 4.32471e-05
0.24 1.5 3.37066e-05
0.24 1.56 2.59099e-05
0.3 -0.6 7.94103e-05
0.3 -0.54 9.9086e-05
0.3 -0.48 0.000121937
0.3 -0.42 0.000147996
0.3 -0.36 0.000177153
0.3 -0.3 0.000209142
0.3 -0.24 0.000243512
0.3 -0.18 0.000279631
0.3 -0.12 0.000316696
0.3 -0.06 0.000353744
0.3 9.71445e-15 0.000389699
0.3 0.06 0.000423401
0.3 0.12 0.000453694
0.3 0.18 0.000479472
0.3 0.24 0.000499757
0.3 0.3 0.000513735
0.3 0.36 0.000520849
0.3 0.42 0.000520792
0.3 0.48 0.000513589
0.3 0.54 0.000499518
0.3 0.6 0.000479159
0.3 0.66 0.000453308
0.3 0.72 0.000422956
0.3 0.78 0.000389214
0.3 0.84 0.000353242
0.3 0.9 0.000316184
0.3 0.96 0.000279125
0.3 1.02 0.000243025
0.3 1.08 0.000208682
0.3 1.14 0.000176731
0.3 1.2 0.000147614
0.3 1.26 0.0001216
0.3 1.32 9.87929e-05
0.3 1.38 7.91601e-05
0.3 1.44 6.25579e-05
0.3 1.5 4.87574e-05
0.3 1.56 3.74792e-05
0.36 -0.66 8.9546e-05
0.36 -0.6 0.00011329
0.36 -0.54 0.000141359
0.36 -0.48 0.00017396
0.36 -0.42 0.000211136
0.36 -0.36 0.000252733
0.36 -0.3 0.000298369
0.36 -0.24 0.000347401
0.36 -0.18 0.000398934
0.36 -0.12 0.000451811
0.36 -0.06 0.000504665
0.36 9.71445e-15 0.000555957
0.36 0.06 0.000604041
0.36 0.12 0.000647259
0.36 0.18 0.000684037
0.36 0.24 0.000712975
0.36 0.3 0.000732915
0.36 0.36 0.000743061
0.36 0.42 0.000742979
0.36 0.48 0.000732706
0.36 0.54 0.000712631
0.36 0.6 0.000683584
0.36 0.66 0.000646706
0.36 0.72 0.000603405
0.36 0.78 0.000555268
0.36 0.84 0.000503948
0.36 0.9 0.000451078
0.36 0.96 0.00039821
0.36 1.02 0.000346708
0.36 1.08 0.000297713
0.36 1.14 0.000252131
0.36 1.2 0.000210592
0.36 1.26 0.000173479
0.36 1.32 0.000140942
0.36 1.38 0.000112933
0.36 1.44 8.92475e-05
0.36 1.5 6.9559e-05
0.36 1.56 5.34693e-05
0.36 1.62 4.05364e-05
0.42 -0.66 0.000125993
0.42 -0.6 0.000159402
0.42 -0.54 0.000198897
0.42 -0.48 0.000244765
0.42 -0.42 0.000297072
0.42 -0.36 0.000355599
0.42 -0.3 0.00041981
0.42 -0.24 0.000488803
0.42 -0.18 0.000561314
0.42 -0.12 0.000635708
0.42 -0.06 0.000710079
0.42 9.71445e-15 0.00078224
0.42 0.06 0.000849898
0.42 0.12 0.000910709
0.42 0.18 0.000962464
0.42 0.24 0.00100318
0.42 0.3 0.00103123
0.42 0.36 0.0010455
0.42 0.42 0.0010454
0.42 0.48 0.00103093
0.42 0.54 0.00100269
0.42 0.6 0.000961816
0.42 0.66 0.000909926
0.42 0.72 0.000849002
0.42 0.78 0.000781276
0.42 0.84 0.000709063
0.42 0.9 0.000634679
0.42 0.96 0.000560295
0.42 1.02 0.000487826
0.42 1.08 0.000418894
0.42 1.14 0.000354753
0.42 1.2 0.000296309
0.42 1.26 0.000244091
0.42 1.32 0.00019831
0.42 1.38 0.0001589
0.42 1.44 0.000125573
0.42 1.5 9.78707e-05
0.42 1.56 7.5233e-05
0.42 1.62 5.70354e-05
0.42 1.68 4.26457e-05
0.48 -0.72 0.000136295
0.48 -0.66 0.000174839
0.48 -0.6 0.000221198
0.48 -0.54 0.000276007
0.48 -0.48 0.000339659
0.48 -0.42 0.000412244
0.48 -0.36 0.000493465
0.48 -0.3 0.000582571
0.48 -0.24 0.000678305
0.48 -0.18 0.000778922
0.48 -0.12 0.000882173
0.48 -0.06 0.000985365
0.48 9.71445e-15 0.00108551
0.48 0.06 0.00117939
0.48 0.12 0.00126377
0.48 0.18 0.00133559
0.48 0.24 0.00139208
0.48 0.3 0.00143102
0.48 0.36 0.00145084
0.48 0.42 0.00145069
0.48 0.48 0.00143061
0.48 0.54 0.00139141
0.48 0.6 0.0013347
0.48 0.66 0.00126269
0.48 0.72 0.00117815
0.48 0.78 0.00108417
0.48 0.84 0.000983957
0.48 0.9 0.000880745
0.48 0.96 0.000777506
0.48 1.02 0.00067695
0.48 1.08 0.000581292
0.48 1.14 0.000492292
0.48 1.2 0.000411184
0.48 1.26 0.000338718
0.48 1.32 0.000275188
0.48 1.38 0.000220503
0.48 1.44 0.000174256
0.48 1.5 0.000135816
0.48 1.56 0.000104399
0.48 1.62 7.91477e-05
0.48 1.68 5.91785e-05
0.54 -0.78 0.000143415
0.54 -0.72 0.000186537
0.54 -0.66 0.000239286
0.54 -0.6 0.000302736
0.54 -0.54 0.000377743
0.54 -0.48 0.000464856
0.54 -0.42 0.000564202
0.54 -0.36 0.000675363
0.54 -0.3 0.000797304
0.54 -0.24 0.000928339
0.54 -0.18 0.00106604
0.54 -0.12 0.00120735
0.54 -0.06 0.00134859
0.54 9.71445e-15 0.00148564
0.54 0.06 0.00161414
0.54 0.12 0.00172964
0.54 0.18 0.00182792
0.54 0.24 0.00190523
0.54 0.3 0.00195853
0.54 0.36 0.00198561
0.54 0.42 0.00198544
0.54 0.48 0.00195796
0.54 0.54 0.00190433
0.54 0.6 0.00182668
0.54 0.66 0.00172815
0.54 0.72 0.00161245
0.54 0.78 0.0014838
0.54 0.84 0.00134666
0.54 0.9 0.00120538
0.54 0.96 0.00106412
0.54 1.02 0.000926476
0.54 1.08 0.00079556
0.54 1.14 0.000673749
0.54 1.2 0.000562751
0.54 1.26 0.000463574
0.54 1.32 0.00037663
0.54 1.38 0.000301786
0.54 1.44 0.000238488
0.54 1.5 0.000185878
0.54 1.56 0.000142883
0.54 1.62 0.000108321
0.54 1.68 8.09924e-05
0.54 1.74 5.97254e-05
0.6 -0.84 0.000146787
0.6 -0.78 0.000193582
0.6 -0.72 0.000251785
0.6 -0.66 0.000322991
0.6 -0.6 0.000408634
0.6 -0.54 0.000509882
0.6 -0.48 0.000627472
0.6 -0.42 0.000761564
0.6 -0.36 0.000911602
0.6 -0.3 0.00107621
0.6 -0.24 0.00125307
0.6 -0.18 0.00143894
0.6 -0.12 0.00162968
0.6 -0.06 0.00182031
0.6 9.71445e-15 0.00200533
0.6 0.06 0.00217876
0.6 0.12 0.00233464
0.6 0.18 0.0024673
0.6 0.24 0.00257168
0.6 0.3 0.0026436
0.6 0.36 0.00268021
0.6 0.42 0.00267992
0.6 0.48 0.00264285
0.6 0.54 0.00257044
0.6 0.6 0.00246568
0.6 0.66 0.00233265
0.6 0.72 0.00217646
0.6 0.78 0.00200284
0.6 0.84 0.00181773
0.6 0.9 0.00162704
0.6 0.96 0.00143633
0.6 1.02 0.00125057
0.6 1.08 0.00107385
0.6 1.14 0.000909434
0.6 1.2 0.000759602
0.6 1.26 0.000625735
0.6 1.32 0.000508374
0.6 1.38 0.000407345
0.6 1.44 0.000321914
0.6 1.5 0.000250898
0.6 1.56 0.000192862
0.6 1.62 0.000146214
0.6 1.68 0.000109323
0.6 1.74 8.0618e-05
0.66 -0.84 0.00019541
0.66 -0.78 0.000257706
0.66 -0.72 0.00033519
0.66 -0.66 0.000429979
0.66 -0.6 0.000543988
0.66 -0.54 0.000678774
0.66 -0.48 0.000835313
0.66 -0.42 0.00101382
0.66 -0.36 0.00121357
0.66 -0.3 0.0014327
0.66 -0.24 0.00166816
0.66 -0.18 0.00191558
0.66 -0.12 0.00216951
0.66 -0.06 0.00242331
0.66 9.71445e-15 0.00266959
0.66 0.06 0.00290045
0.66 0.12 0.003108
0.66 0.18 0.00328461
0.66 0.24 0.00342351
0.66 0.3 0.00351928
0.66 0.36 0.00356798
0.66 0.42 0.00356767
0.66 0.48 0.00351828
0.66 0.54 0.00342191
0.66 0.6 0.00328242
0.66 0.66 0.00310533
0.66 0.72 0.00289741
0.66 0.78 0.00266625
0.66 0.84 0.00241983
0.66 0.9 0.00216599
0.66 0.96 0.00191213
0.66 1.02 0.00166479
0.66 1.08 0.00142956
0.66 1.14 0.00121068
0.66 1.2 0.00101121
0.66 1.26 0.000833001
0.66 1.32 0.00067677
0.66 1.38 0.000542281
0.66 1.44 0.00042854
0.66 1.5 0.00033401
0.66 1.56 0.000256748
0.66 1.62 0.000194644
0.66 1.68 0.000145536
0.66 1.74 0.000107322
0.66 1.8 7.80537e-05
0.72 -0.9 0.000191867
0.72 -0.84 0.00025656
0.72 -0.78 0.000338355
0.72 -0.72 0.000440086
0.72 -0.66 0.000564538
0.72 -0.6 0.000714235
0.72 -0.54 0.000891203
0.72 -0.48 0.00109673
0.72 -0.42 0.00133109
0.72 -0.36 0.00159334
0.72 -0.3 0.00188106
0.72 -0.24 0.00219018
0.72 -0.18 0.00251509
0.72 -0.12 0.00284843
0.72 -0.06 0.00318166
0.72 9.71445e-15 0.00350499
0.72 0.06 0.00380812
0.72 0.12 0.00408063
0.72 0.18 0.00431253
0.72 0.24 0.00449494
0.72 0.3 0.00462063
0.72 0.36 0.00468459
0.72 0.42 0.00468417
0.72 0.48 0.00461929
0.72 0.54 0.00449277
0.72 0.6 0.00430962
0.72 0.66 0.00407708
0.72 0.72 0.00380414
0.72 0.78 0.00350067
0.72 0.84 0.00317709
0.72 0.9 0.00284383
0.72 0.96 0.00251051
0.72 1.02 0.0021858
0.72 1.08 0.00187695
0.72 1.14 0.00158956
0.72 1.2 0.00132767
0.72 1.26 0.0010937
0.72 1.32 0.000888566
0.72 1.38 0.000711987
0.72 1.44 0.000562657
0.72 1.5 0.000438534
0.72 1.56 0.000337096
0.72 1.62 0.000255559
0.72 1.68 0.000191083
0.72 1.74 0.000140909
0.72 1.8 0.000102481
0.78 -0.9 0.000248449
0.78 -0.84 0.000332221
0.78 -0.78 0.000438135
0.78 -0.72 0.000569869
0.78 -0.66 0.000731023
0.78 -0.6 0.000924866
0.78 -0.54 0.00115402
0.78 -0.48 0.00142015
0.78 -0.42 0.00172364
0.78 -0.36 0.00206322
0.78 -0.3 0.00243578
0.78 -0.24 0.00283608
0.78 -0.18 0.00325679
0.78 -0.12 0.00368842
0.78 -0.06 0.00411995
0.78 9.71445e-15 0.00453864
0.78 0.06 0.00493118
0.78 0.12 0.00528402
0.78 0.18 0.00558428
0.78 0.24 0.00582051
0.78 0.3 0.00598326
0.78 0.36 0.00606607
0.78 0.42 0.0060655
0.78 0.48 0.00598154
0.78 0.54 0.00581773
0.78 0.6 0.00558055
0.78 0.66 0.00527947
0.78 0.72 0.00492598
0.78 0.78 0.00453302
0.78 0.84 0.00411404
0.78 0.9 0.00368246
0.78 0.96 0.00325088
0.78 1.02 0.0028304
0.78 1.08 0.00243045
0.78 1.14 0.0020583
0.78 1.2 0.0017192
0.78 1.26 0.00141623
0.78 1.32 0.00115061
0.78 1.38 0.00092195
0.78 1.44 0.000728586
0.78 1.5 0.000567855
0.78 1.56 0.000436509
0.78 1.62 0.000330924
0.78 1.68 0.000247433
0.78 1.74 0.000182463
0.78 1.8 0.000132702
0.78 1.86 9.51858e-05
0.84 -0.96 0.000234025
0.84 -0.9 0.000317293
0.84 -0.84 0.000424281
0.84 -0.78 0.000559541
0.84 -0.72 0.000727782
0.84 -0.66 0.000933592
0.84 -0.6 0.00118114
0.84 -0.54 0.0014738
0.84 -0.48 0.00181368
0.84 -0.42 0.00220126
0.84 -0.36 0.00263494
0.84 -0.3 0.00311073
0.84 -0.24 0.00362198
0.84 -0.18 0.00415923
0.84 -0.12 0.00471049
0.84 -0.06 0.00526161
0.84 9.71445e-15 0.00579632
0.84 0.06 0.00629762
0.84 0.12 0.00674825
0.84 0.18 0.00713167
0.84 0.24 0.00743337
0.84 0.3 0.00764125
0.84 0.36 0.00774699
0.84 0.42 0.00774626
0.84 0.48 0.00763905
0.84 0.54 0.00742984
0.84 0.6 0.00712694
0.84 0.66 0.00674242
0.84 0.72 0.006291
0.84 0.78 0.00578909
0.84 0.84 0.00525404
0.84 0.9 0.00470286
0.84 0.96 0.00415171
0.84 1.02 0.0036147
0.84 1.08 0.00310392
0.84 1.14 0.00262866
0.84 1.2 0.00219559
0.84 1.26 0.00180867
0.84 1.32 0.00146945
0.84 1.38 0.00117743
0.84 1.44 0.000930475
0.84 1.5 0.000725212
0.84 1.56 0.000557466
0.84 1.62 0.000422622
0.84 1.68 0.000315997
0.84 1.74 0.000233023
0.84 1.8 0.000169474
0.84 1.86 0.000121562
0.9 -0.96 0.000294766
0.9 -0.9 0.000399647
0.9 -0.84 0.000534405
0.9 -0.78 0.000704768
0.9 -0.72 0.000916673
0.9 -0.66 0.00117591
0.9 -0.6 0.0014877
0.9 -0.54 0.00185632
0.9 -0.48 0.00228442
0.9 -0.42 0.0027726
0.9 -0.36 0.00331886
0.9 -0.3 0.00391812
0.9 -0.24 0.00456206
0.9 -0.18 0.00523874
0.9 -0.12 0.00593312
0.9 -0.06 0.00662724
0.9 9.71445e-15 0.00730076
0.9 0.06 0.00793212
0.9 0.12 0.00849972
0.9 0.18 0.00898266
0.9 0.24 0.00936264
0.9 0.3 0.00962448
0.9 0.36 0.00975774
0.9 0.42 0.00975679
0.9 0.48 0.00962175
0.9 0.54 0.00935823
0.9 0.6 0.00897675
0.9 0.66 0.00849242
0.9 0.72 0.00792378
0.9 0.78 0.0072916
0.9 0.84 0.00661773
0.9 0.9 0.0059235
0.9 0.96 0.00522928
0.9 1.02 0.00455288
0.9 1.08 0.00390953
0.9 1.14 0.00331093
0.9 1.2 0.00276543
0.9 1.26 0.00227809
0.9 1.32 0.00185083
0.9 1.38 0.00148302
0.9 1.44 0.00117197
0.9 1.5 0.000913443
0.9 1.56 0.000702154
0.9 1.62 0.000532315
0.9 1.68 0.000398011
0.9 1.74 0.000293503
0.9 1.8 0.000213461
0.9 1.86 0.000153114
0.96 -1.02 0.000266362
0.96 -0.96 0.00036617
0.96 -0.9 0.000496459
0.96 -0.84 0.000663857
0.96 -0.78 0.000875487
0.96 -0.72 0.00113872
0.96 -0.66 0.00146075
0.96 -0.6 0.00184808
0.96 -0.54 0.00230598
0.96 -0.48 0.00283779
0.96 -0.42 0.00344424
0.96 -0.36 0.00412281
0.96 -0.3 0.00486724
0.96 -0.24 0.00566713
0.96 -0.18 0.0065077
0.96 -0.12 0.00737034
0.96 -0.06 0.00823253
0.96 9.71445e-15 0.00906927
0.96 0.06 0.00985362
0.96 0.12 0.0105586
0.96 0.18 0.0111585
0.96 0.24 0.0116306
0.96 0.3 0.0119559
0.96 0.36 0.0121214
0.96 0.42 0.0121201
0.96 0.48 0.0119525
0.96 0.54 0.011625
0.96 0.6 0.0111512
0.96 0.66 0.0105496
0.96 0.72 0.00984325
0.96 0.78 0.00905796
0.96 0.84 0.00822082
0.96 0.9 0.00735837
0.96 0.96 0.00649595
0.96 1.02 0.00565579
0.96 1.08 0.00485654
0.96 1.14 0.00411297
0.96 1.2 0.00343534
0.96 1.26 0.00282992
0.96 1.32 0.00229916
0.96 1.38 0.00184226
0.96 1.44 0.00145588
0.96 1.5 0.00113471
0.96 1.56 0.000872234
0.96 1.62 0.000661263
0.96 1.68 0.000494421
0.96 1.74 0.0003646
0.96 1.8 0.00026517
0.96 1.86 0.000190204
0.96 1.92 0.000134556
1.02 -1.02 0.000326334
1.02 -0.96 0.000448614
1.02 -0.9 0.000608242
1.02 -0.84 0.000813324
1.02 -0.78 0.00107261
1.02 -0.72 0.00139512
1.02 -0.66 0.00178964
1.02 -0.6 0.0022642
1.02 -0.54 0.00282519
1.02 -0.48 0.00347672
1.02 -0.42 0.00421972
1.02 -0.36 0.00505106
1.02 -0.3 0.00596314
1.02 -0.24 0.00694308
1.02 -0.18 0.00797306
1.02 -0.12 0.00902982
1.02 -0.06 0.0100862
1.02 9.71445e-15 0.0111112
1.02 0.06 0.0120722
1.02 0.12 0.012936
1.02 0.18 0.0136711
1.02 0.24 0.0142494
1.02 0.3 0.0146479
1.02 0.36 0.0148506
1.02 0.42 0.0148492
1.02 0.48 0.0146437
1.02 0.54 0.0142426
1.02 0.6 0.0136619
1.02 0.66 0.0129249
1.02 0.72 0.0120595
1.02 0.78 0.0110975
1.02 0.84 0.0100718
1.02 0.9 0.00901515
1.02 0.96 0.00795858
1.02 1.02 0.00692924
1.02 1.08 0.00595007
1.02 1.14 0.00503903
1.02 1.2 0.00420887
1.02 1.26 0.00346714
1.02 1.32 0.00281685
1.02 1.38 0.00225706
1.02 1.44 0.00178369
1.02 1.5 0.00139018
1.02 1.56 0.00106863
1.02 1.62 0.000810151
1.02 1.68 0.000605752
1.02 1.74 0.000446692
1.02 1.8 0.000324874
1.02 1.86 0.000233029
1.02 1.92 0.000164851
1.08 -1.08 0.000282892
1.08 -1.02 0.000394315
1.08 -0.96 0.000542071
1.08 -0.9 0.00073495
1.08 -0.84 0.000982754
1.08 -0.78 0.00129607
1.08 -0.72 0.00168574
1.08 -0.66 0.00216246
1.08 -0.6 0.00273585
1.08 -0.54 0.00341373
1.08 -0.48 0.004201
1.08 -0.42 0.00509873
1.08 -0.36 0.00610332
1.08 -0.3 0.0072054
1.08 -0.24 0.0083895
1.08 -0.18 0.00963395
1.08 -0.12 0.010911
1.08 -0.06 0.0121873
1.08 9.71445e-15 0.0134259
1.08 0.06 0.014587
1.08 0.12 0.0156308
1.08 0.18 0.016519
1.08 0.24 0.0172177
1.08 0.3 0.0176993
1.08 0.36 0.0179443
1.08 0.42 0.0179427
1.08 0.48 0.0176942
1.08 0.54 0.0172095
1.08 0.6 0.0165079
1.08 0.66 0.0156174
1.08 0.72 0.0145718
1.08 0.78 0.0134093
1.08 0.84 0.0121698
1.08 0.9 0.0108933
1.08 0.96 0.00961646
1.08 1.02 0.00837269
1.08 1.08 0.0071896
1.08 1.14 0.0060888
1.08 1.2 0.00508563
1.08 1.26 0.00418937
1.08 1.32 0.00340361
1.08 1.38 0.00272725
1.08 1.44 0.00215525
1.08 1.5 0.00167981
1.08 1.56 0.00129123
1.08 1.62 0.00097892
1.08 1.68 0.000731938
1.08 1.74 0.00053975
1.08 1.8 0.000392553
1.08 1.86 0.000281572
1.08 1.92 0.000199194
1.14 -1.08 0.000337125
1.14 -1.02 0.000469911
1.14 -0.96 0.000645992
1.14 -0.9 0.000875839
1.14 -0.84 0.00117116
1.14 -0.78 0.00154451
1.14 -0.72 0.00200893
1.14 -0.66 0.00257702
1.14 -0.6 0.00326036
1.14 -0.54 0.00406816
1.14 -0.48 0.00500633
1.14 -0.42 0.00607624
1.14 -0.36 0.00727339
1.14 -0.3 0.00858663
1.14 -0.24 0.00999785
1.14 -0.18 0.0114809
1.14 -0.12 0.0130027
1.14 -0.06 0.0145238
1.14 9.71445e-15 0.0159998
1.14 0.06 0.0173837
1.14 0.12 0.0186275
1.14 0.18 0.0196859
1.14 0.24 0.0205186
1.14 0.3 0.0210926
1.14 0.36 0.0213843
1.14 0.42 0.0213823
1.14 0.48 0.0210865
1.14 0.54 0.0205089
1.14 0.6 0.0196727
1.14 0.66 0.0186115
1.14 0.72 0.0173654
1.14 0.78 0.0159799
1.14 0.84 0.014503
1.14 0.9 0.0129815
1.14 0.96 0.0114601
1.14 1.02 0.00997782
1.14 1.08 0.00856784
1.14 1.14 0.00725599
1.14 1.2 0.00606058
1.14 1.26 0.00499252
1.14 1.32 0.00405617
1.14 1.38 0.00325011
1.14 1.44 0.00256843
1.14 1.5 0.00200183
1.14 1.56 0.00153879
1.14 1.62 0.00116658
1.14 1.68 0.000872255
1.14 1.74 0.000643217
1.14 1.8 0.000467804
1.14 1.86 0.000335553
1.14 1.92 0.000237381
1.14 1.98 0.00016562
1.2 -1.14 0.000280359
1.2 -1.08 0.000396234
1.2 -1.02 0.000552298
1.2 -0.96 0.000759254
1.2 -0.9 0.00102941
1.2 -0.84 0.0013765
1.2 -0.78 0.00181533
1.2 -0.72 0.00236113
1.2 -0.66 0.00302886
1.2 -0.6 0.00383199
1.2 -0.54 0.00478144
1.2 -0.48 0.00588415
1.2 -0.42 0.00714159
1.2 -0.36 0.00854862
1.2 -0.3 0.0100923
1.2 -0.24 0.0117507
1.2 -0.18 0.0134938
1.2 -0.12 0.0152825
1.2 -0.06 0.01707
1.2 9.71445e-15 0.018805
1.2 0.06 0.0204313
1.2 0.12 0.0218933
1.2 0.18 0.0231374
1.2 0.24 0.0241161
1.2 0.3 0.0247906
1.2 0.36 0.0251338
1.2 0.42 0.0251312
1.2 0.48 0.0247835
1.2 0.54 0.0241043
1.2 0.6 0.0231219
1.2 0.66 0.0218745
1.2 0.72 0.02041
1.2 0.78 0.0187818
1.2 0.84 0.0170458
1.2 0.9 0.0152577
1.2 0.96 0.0134692
1.2 1.02 0.0117273
1.2 1.08 0.0100701
1.2 1.14 0.00852829
1.2 1.2 0.00712324
1.2 1.26 0.00586787
1.2 1.32 0.0047673
1.2 1.38 0.00381993
1.2 1.44 0.00301877
1.2 1.5 0.00235282
1.2 1.56 0.00180857
1.2 1.62 0.00137113
1.2 1.68 0.00102519
1.2 1.74 0.000756
1.2 1.8 0.00054983
1.2 1.86 0.000394387
1.2 1.92 0.000279
1.2 1.98 0.000194661
1.26 -1.14 0.000324989
1.26 -1.08 0.000459307
1.26 -1.02 0.000640214
1.26 -0.96 0.000880105
1.26 -0.9 0.00119326
1.26 -0.84 0.00159561
1.26 -0.78 0.00210427
1.26 -0.72 0.00273696
1.26 -0.66 0.00351099
1.26 -0.6 0.00444191
1.26 -0.54 0.00554253
1.26 -0.48 0.00682075
1.26 -0.42 0.00827837
1.26 -0.36 0.00990936
1.26 -0.3 0.0116986
1.26 -0.24 0.0136212
1.26 -0.18 0.0156416
1.26 -0.12 0.0177149
1.26 -0.06 0.0197873
1.26 9.71445e-15 0.0217984
1.26 0.06 0.0236836
1.26 0.12 0.0253781
1.26 0.18 0.02682
1.26 0.24 0.0279546
1.26 0.3 0.0287365
1.26 0.36 0.0291344
1.26 0.42 0.0291314
1.26 0.48 0.0287284
1.26 0.54 0.0279414
1.26 0.6 0.0268025
1.26 0.66 0.0253565
1.26 0.72 0.0236587
1.26 0.78 0.0217711
1.26 0.84 0.0197591
1.26 0.9 0.0176862
1.26 0.96 0.0156134
1.26 1.02 0.0135939
1.26 1.08 0.0116729
1.26 1.14 0.00988568
1.26 1.2 0.00825697
1.26 1.26 0.00680182
1.26 1.32 0.00552613
1.26 1.38 0.00442794
1.26 1.44 0.00349926
1.26 1.5 0.00272733
1.26 1.56 0.00209646
1.26 1.62 0.00158937
1.26 1.68 0.00118837
1.26 1.74 0.000876333
1.26 1.8 0.000637347
1.26 1.86 0.000457163
1.26 1.92 0.000323411
1.26 1.98 0.000225645
1.32 -1.14 0.00037154
1.32 -1.08 0.000525096
1.32 -1.02 0.000731916
1.32 -0.96 0.00100617
1.32 -0.9 0.00136418
1.32 -0.84 0.00182416
1.32 -0.78 0.0024057
1.32 -0.72 0.00312902
1.32 -0.66 0.00401388
1.32 -0.6 0.00507815
1.32 -0.54 0.00633642
1.32 -0.48 0.00779769
1.32 -0.42 0.00946411
1.32 -0.36 0.0113288
1.32 -0.3 0.0133743
1.32 -0.24 0.0155723
1.32 -0.18 0.0178821
1.32 -0.12 0.0202525
1.32 -0.06 0.0226218
1.32 9.71445e-15 0.0249208
1.32 0.06 0.0270759
1.32 0.12 0.0290134
1.32 0.18 0.030662
1.32 0.24 0.0319586
1.32 0.3 0.0328527
1.32 0.36 0.0333073
1.32 0.42 0.0333045
1.32 0.48 0.0328434
1.32 0.54 0.0319437
1.32 0.6 0.0306416
1.32 0.66 0.0289884
1.32 0.72 0.0270475
1.32 0.78 0.0248897
1.32 0.84 0.0225892
1.32 0.9 0.0202197
1.32 0.96 0.0178498
1.32 1.02 0.0155409
1.32 1.08 0.013345
1.32 1.14 0.0113018
1.32 1.2 0.00943972
1.32 1.26 0.00777613
1.32 1.32 0.00631769
1.32 1.38 0.00506223
1.32 1.44 0.00400046
1.32 1.5 0.003118
1.32 1.56 0.00239676
1.32 1.62 0.00181702
1.32 1.68 0.00135859
1.32 1.74 0.00100186
1.32 1.8 0.000728637
1.32 1.86 0.000522644
1.32 1.92 0.000369736
1.32 1.98 0.000257967
1.38 -1.14 0.000418918
1.38 -1.08 0.000592056
1.38 -1.02 0.00082525
1.38 -0.96 0.00113448
1.38 -0.9 0.00153815
1.38 -0.84 0.00205678
1.38 -0.78 0.0027125
1.38 -0.72 0.00352804
1.38 -0.66 0.00452574
1.38 -0.6 0.00572578
1.38 -0.54 0.00714451
1.38 -0.48 0.00879215
1.38 -0.42 0.010671
1.38 -0.36 0.0127735
1.38 -0.3 0.01508
1.38 -0.24 0.0175581
1.38 -0.18 0.0201626
1.38 -0.12 0.0228352
1.38 -0.06 0.0255065
1.38 9.71445e-15 0.0280987
1.38 0.06 0.0305287
1.38 0.12 0.0327132
1.38 0.18 0.0345723
1.38 0.24 0.0360344
1.38 0.3 0.0370422
1.38 0.36 0.0375551
1.38 0.42 0.0375517
1.38 0.48 0.0370317
1.38 0.54 0.0360172
1.38 0.6 0.034549
1.38 0.66 0.0326851
1.38 0.72 0.0304967
1.38 0.78 0.0280638
1.38 0.84 0.0254698
1.38 0.9 0.0227983
1.38 0.96 0.020126
1.38 1.02 0.0175229
1.38 1.08 0.0150469
1.38 1.14 0.0127431
1.38 1.2 0.0106435
1.38 1.26 0.00876782
1.38 1.32 0.00712333
1.38 1.38 0.00570779
1.38 1.44 0.00451064
1.38 1.5 0.00351562
1.38 1.56 0.00270239
1.38 1.62 0.00204875
1.38 1.68 0.00153185
1.38 1.74 0.00112963
1.38 1.8 0.000821561
1.38 1.86 0.000589294
1.38 1.92 0.000416886
1.38 1.98 0.000290865
1.44 -1.2 0.000325087
1.44 -1.14 0.000465849
1.44 -1.08 0.000658385
1.44 -1.02 0.0009177
1.44 -0.96 0.00126158
1.44 -0.9 0.00171047
1.44 -0.84 0.00228719
1.44 -0.78 0.00301637
1.44 -0.72 0.00392325
1.44 -0.66 0.00503276
1.44 -0.6 0.00636721
1.44 -0.54 0.00794489
1.44 -0.48 0.00977713
1.44 -0.42 0.0118665
1.44 -0.36 0.0142044
1.44 -0.3 0.0167694
1.44 -0.24 0.0195251
1.44 -0.18 0.0224214
1.44 -0.12 0.0253934
1.44 -0.06 0.0283638
1.44 9.71445e-15 0.0312465
1.44 0.06 0.0339487
1.44 0.12 0.0363778
1.44 0.18 0.0384452
1.44 0.24 0.0400712
1.44 0.3 0.041192
1.44 0.36 0.0417624
1.44 0.42 0.0417584
1.44 0.48 0.0411803
1.44 0.54 0.040052
1.44 0.6 0.0384195
1.44 0.66 0.0363467
1.44 0.72 0.0339133
1.44 0.78 0.0312078
1.44 0.84 0.0283233
1.44 0.9 0.0253523
1.44 0.96 0.0223806
1.44 1.02 0.0194861
1.44 1.08 0.0167326
1.44 1.14 0.0141707
1.44 1.2 0.011836
1.44 1.26 0.00975004
1.44 1.32 0.00792133
1.44 1.38 0.00634719
1.44 1.44 0.00501598
1.44 1.5 0.00390947
1.44 1.56 0.00300513
1.44 1.62 0.00227827
1.44 1.68 0.00170346
1.44 1.74 0.00125618
1.44 1.8 0.000913601
1.44 1.86 0.000655313
1.44 1.92 0.000463589
1.44 1.98 0.000323451
1.5 -1.2 0.000356538
1.5 -1.14 0.000510912
1.5 -1.08 0.000722076
1.5 -1.02 0.00100648
1.5 -0.96 0.00138363
1.5 -0.9 0.00187595
1.5 -0.84 0.00250846
1.5 -0.78 0.00330817
1.5 -0.72 0.00430283
1.5 -0.66 0.00551964
1.5 -0.6 0.00698323
1.5 -0.54 0.00871346
1.5 -0.48 0.010723
1.5 -0.42 0.0130145
1.5 -0.36 0.0155786
1.5 -0.3 0.0183917
1.5 -0.24 0.0214139
1.5 -0.18 0.0245905
1.5 -0.12 0.0278501
1.5 -0.06 0.0311077
1.5 9.71445e-15 0.0342693
1.5 0.06 0.0372332
1.5 0.12 0.0398974
1.5 0.18 0.0421645
1.5 0.24 0.0439479
1.5 0.3 0.0451772
1.5 0.36 0.0458026
1.5 0.42 0.045798
1.5 0.48 0.0451643
1.5 0.54 0.0439264
1.5 0.6 0.0421362
1.5 0.66 0.0398631
1.5 0.72 0.0371943
1.5 0.78 0.0342271
1.5 0.84 0.0310634
1.5 0.9 0.0278049
1.5 0.96 0.0245456
1.5 1.02 0.0213712
1.5 1.08 0.0183512
1.5 1.14 0.0155416
1.5 1.2 0.0129811
1.5 1.26 0.0106933
1.5 1.32 0.00868768
1.5 1.38 0.00696127
1.5 1.44 0.00550126
1.5 1.5 0.00428768
1.5 1.56 0.00329584
1.5 1.62 0.00249868
1.5 1.68 0.00186826
1.5 1.74 0.0013777
1.5 1.8 0.00100198
1.5 1.86 0.00071871
1.5 1.92 0.000508438
1.5 1.98 0.000354741
1.5 2.04 0.000244101
1.56 -1.2 0.000385656
1.56 -1.14 0.000552642
1.56 -1.08 0.000781042
1.56 -1.02 0.00108868
1.56 -0.96 0.00149663
1.56 -0.9 0.00202914
1.56 -0.84 0.00271331
1.56 -0.78 0.00357833
1.56 -0.72 0.00465425
1.56 -0.66 0.00597035
1.56 -0.6 0.00755353
1.56 -0.54 0.00942505
1.56 -0.48 0.0115986
1.56 -0.42 0.0140772
1.56 -0.36 0.0168509
1.56 -0.3 0.0198935
1.56 -0.24 0.0231628
1.56 -0.18 0.0265988
1.56 -0.12 0.0301244
1.56 -0.06 0.0336485
1.56 9.71445e-15 0.0370679
1.56 0.06 0.040274
1.56 0.12 0.0431559
1.56 0.18 0.0456082
1.56 0.24 0.0475371
1.56 0.3 0.0488669
1.56 0.36 0.0495427
1.56 0.42 0.0495385
1.56 0.48 0.0488528
1.56 0.54 0.0475144
1.56 0.6 0.0455771
1.56 0.66 0.0431186
1.56 0.72 0.0402319
1.56 0.78 0.0370222
1.56 0.84 0.0336001
1.56 0.9 0.0300754
1.56 0.96 0.0265505
1.56 1.02 0.0231164
1.56 1.08 0.01985
1.56 1.14 0.0168107
1.56 1.2 0.0140412
1.56 1.26 0.0115666
1.56 1.32 0.0093972
1.56 1.38 0.00752982
1.56 1.44 0.0059505
1.56 1.5 0.00463781
1.56 1.56 0.00356503
1.56 1.62 0.00270272
1.56 1.68 0.00202084
1.56 1.74 0.00149021
1.56 1.8 0.0010838
1.56 1.86 0.000777398
1.56 1.92 0.000549959
1.56 1.98 0.000383708
1.56 2.04 0.000264037
1.62 -1.2 0.000411418
1.62 -1.14 0.00058956
1.62 -1.08 0.000833226
1.62 -1.02 0.00116141
1.62 -0.96 0.0015966
1.62 -0.9 0.00216468
1.62 -0.84 0.00289459
1.62 -0.78 0.00381736
1.62 -0.72 0.00496512
1.62 -0.66 0.00636926
1.62 -0.6 0.00805804
1.62 -0.54 0.0100546
1.62 -0.48 0.0123734
1.62 -0.42 0.0150177
1.62 -0.36 0.0179765
1.62 -0.3 0.0212224
1.62 -0.24 0.0247102
1.62 -0.18 0.0283753
1.62 -0.12 0.0321367
1.62 -0.06 0.0358962
1.62 9.71445e-15 0.0395444
1.62 0.06 0.0429642
1.62 0.12 0.0460384
1.62 0.18 0.0486544
1.62 0.24 0.0507121
1.62 0.3 0.0521309
1.62 0.36 0.0528524
1.62 0.42 0.0528475
1.62 0.48 0.0521161
1.62 0.54 0.0506884
1.62 0.6 0.0486223
1.62 0.66 0.045999
1.62 0.72 0.0429191
1.62 0.78 0.0394949
1.62 0.84 0.0358448
1.62 0.9 0.0320846
1.62 0.96 0.0283241
1.62 1.02 0.0246605
1.62 1.08 0.0211758
1.62 1.14 0.0179336
1.62 1.2 0.0149789
1.62 1.26 0.0123391
1.62 1.32 0.0100249
1.62 1.38 0.00803273
1.62 1.44 0.00634795
1.62 1.5 0.00494765
1.62 1.56 0.00380318
1.62 1.62 0.00288326
1.62 1.68 0.0021558
1.62 1.74 0.00158975
1.62 1.8 0.0011562
1.62 1.86 0.000829336
1.62 1.92 0.000586699
1.62 1.98 0.000409341
1.62 2.04 0.000281676
1.68 -1.2 0.000432868
1.68 -1.14 0.000620298
1.68 -1.08 0.000876658
1.68 -1.02 0.00122195
1.68 -0.96 0.00167983
1.68 -0.9 0.00227755
1.68 -0.84 0.00304548
1.68 -0.78 0.00401637
1.68 -0.72 0.00522399
1.68 -0.66 0.00670128
1.68 -0.6 0.00847826
1.68 -0.54 0.0105789
1.68 -0.48 0.0130185
1.68 -0.42 0.0158007
1.68 -0.36 0.0189136
1.68 -0.3 0.0223288
1.68 -0.24 0.0259983
1.68 -0.18 0.029855
1.68 -0.12 0.0338119
1.68 -0.06 0.0377675
1.68 9.71445e-15 0.0416057
1.68 0.06 0.0452043
1.68 0.12 0.0484386
1.68 0.18 0.0511912
1.68 0.24 0.0533567
1.68 0.3 0.0548487
1.68 0.36 0.0556079
1.68 0.42 0.0556024
1.68 0.48 0.054833
1.68 0.54 0.053331
1.68 0.6 0.0511567
1.68 0.66 0.0483971
1.68 0.72 0.0451566
1.68 0.78 0.0415543
1.68 0.84 0.0377136
1.68 0.9 0.033757
1.68 0.96 0.0298008
1.68 1.02 0.0259464
1.68 1.08 0.0222799
1.68 1.14 0.0188685
1.68 1.2 0.01576
1.68 1.26 0.0129826
1.68 1.32 0.0105477
1.68 1.38 0.00845152
1.68 1.44 0.00667898
1.68 1.5 0.00520552
1.68 1.56 0.00400147
1.68 1.62 0.00303359
1.68 1.68 0.00226822
1.68 1.74 0.00167263
1.68 1.8 0.00121648
1.68 1.86 0.000872573
1.68 1.92 0.000617281
1.68 1.98 0.000430681
1.68 2.04 0.000296359
1.74 -1.2 0.000449175
1.74 -1.14 0.00064366
1.74 -1.08 0.000909688
1.74 -1.02 0.00126799
1.74 -0.96 0.00174313
1.74 -0.9 0.00236335
1.74 -0.84 0.00316022
1.74 -0.78 0.00416769
1.74 -0.72 0.00542079
1.74 -0.66 0.00695374
1.74 -0.6 0.00879755
1.74 -0.54 0.0109774
1.74 -0.48 0.013509
1.74 -0.42 0.0163959
1.74 -0.36 0.0196263
1.74 -0.3 0.0231701
1.74 -0.24 0.0269778
1.74 -0.18 0.0309793
1.74 -0.12 0.0350861
1.74 -0.06 0.0391902
1.74 9.71445e-15 0.0431734
1.74 0.06 0.0469072
1.74 0.12 0.0502635
1.74 0.18 0.0531195
1.74 0.24 0.0553661
1.74 0.3 0.0569152
1.74 0.36 0.0577028
1.74 0.42 0.0576973
1.74 0.48 0.056899
1.74 0.54 0.0553398
1.74 0.6 0.0530842
1.74 0.66 0.0502205
1.74 0.72 0.0468581
1.74 0.78 0.0431198
1.74 0.84 0.0391342
1.74 0.9 0.0350292
1.74 0.96 0.0309233
1.74 1.02 0.0269237
1.74 1.08 0.0231192
1.74 1.14 0.0195795
1.74 1.2 0.0163537
1.74 1.26 0.0134716
1.74 1.32 0.0109449
1.74 1.38 0.00876995
1.74 1.44 0.00693055
1.74 1.5 0.00540171
1.74 1.56 0.00415217
1.74 1.62 0.00314787
1.74 1.68 0.00235365
1.74 1.74 0.00173565
1.74 1.8 0.00126231
1.74 1.86 0.000905442
1.74 1.92 0.000640542
1.74 1.98 0.000446909
1.74 2.04 0.000307524
1.8 -1.26 0.000316379
1.8 -1.2 0.000459687
1.8 -1.14 0.000658735
1.8 -1.08 0.000930988
1.8 -1.02 0.00129767
1.8 -0.96 0.00178391
1.8 -0.9 0.00241867
1.8 -0.84 0.0032342
1.8 -0.78 0.00426527
1.8 -0.72 0.00554766
1.8 -0.66 0.00711656
1.8 -0.6 0.00900356
1.8 -0.54 0.0112344
1.8 -0.48 0.0138253
1.8 -0.42 0.0167797
1.8 -0.36 0.0200856
1.8 -0.3 0.0237125
1.8 -0.24 0.0276094
1.8 -0.18 0.0317049
1.8 -0.12 0.0359071
1.8 -0.06 0.0401078
1.8 9.71445e-15 0.044184
1.8 0.06 0.048005
1.8 0.12 0.0514398
1.8 0.18 0.054363
1.8 0.24 0.0566627
1.8 0.3 0.0582468
1.8 0.36 0.0590538
1.8 0.42 0.0590479
1.8 0.48 0.0582304
1.8 0.54 0.0566357
1.8 0.6 0.054327
1.8 0.66 0.0513959
1.8 0.72 0.0479543
1.8 0.78 0.0441289
1.8 0.84 0.0400504
1.8 0.9 0.035849
1.8 0.96 0.0316474
1.8 1.02 0.027554
1.8 1.08 0.0236605
1.8 1.14 0.0200378
1.8 1.2 0.0167364
1.8 1.26 0.013787
1.8 1.32 0.0112012
1.8 1.38 0.00897517
1.8 1.44 0.00709279
1.8 1.5 0.00552811
1.8 1.56 0.00424942
1.8 1.62 0.00322157
1.8 1.68 0.00240877
1.8 1.74 0.00177629
1.8 1.8 0.00129187
1.8 1.86 0.000926642
1.8 1.92 0.000655531
1.8 1.98 0.000457371
1.8 2.04 0.000314724
1.86 -1.26 0.000319337
1.86 -1.2 0.000463984
1.86 -1.14 0.00066489
1.86 -1.08 0.000939684
1.86 -1.02 0.00130979
1.86 -0.96 0.00180058
1.86 -0.9 0.00244124
1.86 -0.84 0.00326441
1.86 -0.78 0.00430509
1.86 -0.72 0.00559954
1.86 -0.66 0.00718302
1.86 -0.6 0.00908766
1.86 -0.54 0.0113393
1.86 -0.48 0.0139543
1.86 -0.42 0.0169364
1.86 -0.36 0.0202732
1.86 -0.3 0.0239338
1.86 -0.24 0.0278674
1.86 -0.18 0.0320009
1.86 -0.12 0.0362425
1.86 -0.06 0.0404827
1.86 9.71445e-15 0.0445968
1.86 0.06 0.0484538
1.86 0.12 0.0519209
1.86 0.18 0.0548711
1.86 0.24 0.0571919
1.86 0.3 0.0587917
1.86 0.36 0.059605
1.86 0.42 0.0595998
1.86 0.48 0.0587747
1.86 0.54 0.057165
1.86 0.6 0.0548345
1.86 0.66 0.051876
1.86 0.72 0.0484029
1.86 0.78 0.0445411
1.86 0.84 0.0404244
1.86 0.9 0.0361839
1.86 0.96 0.0319432
1.86 1.02 0.0278113
1.86 1.08 0.0238815
1.86 1.14 0.0202249
1.86 1.2 0.0168928
1.86 1.26 0.0139158
1.86 1.32 0.0113059
1.86 1.38 0.00905912
1.86 1.44 0.00715902
1.86 1.5 0.00557978
1.86 1.56 0.00428912
1.86 1.62 0.00325163
1.86 1.68 0.00243126
1.86 1.74 0.00179287
1.86 1.8 0.00130392
1.86 1.86 0.000935293
1.86 1.92 0.000661657
1.86 1.98 0.00046164
1.86 2.04 0.000317666
1.92 -1.26 0.00031789
1.92 -1.2 0.00046188
1.92 -1.14 0.000661873
1.92 -1.08 0.00093542
1.92 -1.02 0.00130385
1.92 -0.96 0.00179243
1.92 -0.9 0.0024302
1.92 -0.84 0.0032496
1.92 -0.78 0.00428561
1.92 -0.72 0.00557417
1.92 -0.66 0.00715042
1.92 -0.6 0.00904648
1.92 -0.54 0.0112879
1.92 -0.48 0.0138911
1.92 -0.42 0.0168596
1.92 -0.36 0.0201814
1.92 -0.3 0.0238255
1.92 -0.24 0.027741
1.92 -0.18 0.031856
1.92 -0.12 0.0360784
1.92 -0.06 0.0402992
1.92 9.71445e-15 0.0443945
1.92 0.06 0.0482341
1.92 0.12 0.0516857
1.92 0.18 0.0546227
1.92 0.24 0.0569327
1.92 0.3 0.0585253
1.92 0.36 0.0593348
1.92 0.42 0.0593299
1.92 0.48 0.0585084
1.92 0.54 0.0569057
1.92 0.6 0.0545857
1.92 0.66 0.0516408
1.92 0.72 0.0481836
1.92 0.78 0.0443396
1.92 0.84 0.040241
1.92 0.9 0.03602
1.92 0.96 0.0317983
1.92 1.02 0.0276853
1.92 1.08 0.0237734
1.92 1.14 0.0201333
1.92 1.2 0.0168164
1.92 1.26 0.0138528
1.92 1.32 0.0112546
1.92 1.38 0.00901808
1.92 1.44 0.0071266
1.92 1.5 0.0055545
1.92 1.56 0.00426967
1.92 1.62 0.0032369
1.92 1.68 0.00242026
1.92 1.74 0.00178475
1.92 1.8 0.00129802
1.92 1.86 0.000931048
1.92 1.92 0.000658657
1.92 1.98 0.00045955
1.92 2.04 0.000316225
1.98 -1.26 0.0003121
1.98 -1.2 0.000453465
1.98 -1.14 0.000649816
1.98 -1.08 0.00091838
1.98 -1.02 0.0012801
1.98 -0.96 0.00175977
1.98 -0.9 0.00238593
1.98 -0.84 0.0031904
1.98 -0.78 0.00420755
1.98 -0.72 0.00547262
1.98 -0.66 0.00702019
1.98 -0.6 0.00888172
1.98 -0.54 0.0110824
1.98 -0.48 0.0136381
1.98 -0.42 0.0165525
1.98 -0.36 0.0198137
1.98 -0.3 0.0233916
1.98 -0.24 0.0272357
1.98 -0.18 0.0312758
1.98 -0.12 0.0354212
1.98 -0.06 0.0395651
1.98 9.71445e-15 0.0435858
1.98 0.06 0.0473553
1.98 0.12 0.0507441
1.98 0.18 0.0536277
1.98 0.24 0.0558958
1.98 0.3 0.0574591
1.98 0.36 0.0582543
1.98 0.42 0.0582492
1.98 0.48 0.0574424
1.98 0.54 0.055869
1.98 0.6 0.0535913
1.98 0.66 0.0506999
1.98 0.72 0.0473058
1.98 0.78 0.0435319
1.98 0.84 0.0395079
1.98 0.9 0.035364
1.98 0.96 0.031219
1.98 1.02 0.027181
1.98 1.08 0.0233404
1.98 1.14 0.0197666
1.98 1.2 0.01651
1.98 1.26 0.0136005
1.98 1.32 0.0110496
1.98 1.38 0.0088538
1.98 1.44 0.0069968
1.98 1.5 0.00545332
1.98 1.56 0.00419189
1.98 1.62 0.00317795
1.98 1.68 0.00237618
1.98 1.74 0.00175225
1.98 1.8 0.00127438
1.98 1.86 0.000914093
1.98 1.92 0.00064666
1.98 1.98 0.000451181
1.98 2.04 0.000310465
2.04 -1.26 0.000302203
2.04 -1.2 0.000439086
2.04 -1.14 0.00062921
2.04 -1.08 0.000889261
2.04 -1.02 0.00123951
2.04 -0.96 0.00170398
2.04 -0.9 0.00231029
2.04 -0.84 0.00308925
2.04 -0.78 0.00407414
2.04 -0.72 0.00529906
2.04 -0.66 0.00679761
2.04 -0.6 0.00860005
2.04 -0.54 0.010731
2.04 -0.48 0.0132057
2.04 -0.42 0.0160277
2.04 -0.36 0.0191855
2.04 -0.3 0.0226499
2.04 -0.24 0.026372
2.04 -0.18 0.030284
2.04 -0.12 0.0342982
2.04 -0.06 0.0383104
2.04 9.71445e-15 0.0422038
2.04 0.06 0.0458536
2.04 0.12 0.0491348
2.04 0.18 0.051927
2.04 0.24 0.0541232
2.04 0.3 0.0556368
2.04 0.36 0.0564073
2.04 0.42 0.0564021
2.04 0.48 0.055621
2.04 0.54 0.0540973
2.04 0.6 0.0518921
2.04 0.66 0.0490925
2.04 0.72 0.0458057
2.04 0.78 0.0421515
2.04 0.84 0.0382554
2.04 0.9 0.0342427
2.04 0.96 0.030229
2.04 1.02 0.0263192
2.04 1.08 0.0226003
2.04 1.14 0.0191399
2.04 1.2 0.0159865
2.04 1.26 0.0131691
2.04 1.32 0.0106992
2.04 1.38 0.00857301
2.04 1.44 0.00677493
2.04 1.5 0.00528042
2.04 1.56 0.00405896
2.04 1.62 0.0030772
2.04 1.68 0.00230082
2.04 1.74 0.00169669
2.04 1.8 0.00123397
2.04 1.86 0.000885112
2.04 1.92 0.000626157
2.04 1.98 0.000436876
2.1 -1.26 0.000288597
2.1 -1.2 0.000419322
2.1 -1.14 0.000600879
2.1 -1.08 0.000849227
2.1 -1.02 0.00118372
2.1 -0.96 0.00162728
2.1 -0.9 0.00220628
2.1 -0.84 0.00295018
2.1 -0.78 0.0038907
2.1 -0.72 0.00506052
2.1 -0.66 0.00649157
2.1 -0.6 0.00821288
2.1 -0.54 0.0102478
2.1 -0.48 0.0126112
2.1 -0.42 0.0153062
2.1 -0.36 0.0183219
2.1 -0.3 0.0216302
2.1 -0.24 0.0251848
2.1 -0.18 0.0289205
2.1 -0.12 0.0327542
2.1 -0.06 0.0365855
2.1 9.71445e-15 0.0403039
2.1 0.06 0.0437897
2.1 0.12 0.0469229
2.1 0.18 0.0495893
2.1 0.24 0.0516865
2.1 0.3 0.0531326
2.1 0.36 0.0538679
2.1 0.42 0.0538626
2.1 0.48 0.0531174
2.1 0.54 0.0516616
2.1 0.6 0.049556
2.1 0.66 0.0468827
2.1 0.72 0.0437439
2.1 0.78 0.0402541
2.1 0.84 0.0365333
2.1 0.9 0.0327011
2.1 0.96 0.028868
2.1 1.02 0.0251344
2.1 1.08 0.0215827
2.1 1.14 0.0182783
2.1 1.2 0.0152669
2.1 1.26 0.0125763
2.1 1.32 0.0102174
2.1 1.38 0.00818709
2.1 1.44 0.00646995
2.1 1.5 0.0050427
2.1 1.56 0.0038762
2.1 1.62 0.00293867
2.1 1.68 0.00219723
2.1 1.74 0.0016203
2.1 1.8 0.00117842
2.1 1.86 0.000845265
2.1 1.92 0.00059797
2.1 1.98 0.000417207
2.16 -1.26 0.000271817
2.16 -1.2 0.000394941
2.16 -1.14 0.000565948
2.16 -1.08 0.000799847
2.16 -1.02 0.00111489
2.16 -0.96 0.00153265
2.16 -0.9 0.00207798
2.16 -0.84 0.00277863
2.16 -0.78 0.00366446
2.16 -0.72 0.0047663
2.16 -0.66 0.00611409
2.16 -0.6 0.00773534
2.16 -0.54 0.00965188
2.16 -0.48 0.0118777
2.16 -0.42 0.0144162
2.16 -0.36 0.0172565
2.16 -0.3 0.0203723
2.16 -0.24 0.0237204
2.16 -0.18 0.0272389
2.16 -0.12 0.0308495
2.16 -0.06 0.0344586
2.16 9.71445e-15 0.0379602
2.16 0.06 0.0412436
2.16 0.12 0.0441948
2.16 0.18 0.046706
2.16 0.24 0.0486813
2.16 0.3 0.0500432
2.16 0.36 0.0507351
2.16 0.42 0.0507309
2.16 0.48 0.0500288
2.16 0.54 0.0486583
2.16 0.6 0.0466744
2.16 0.66 0.0441566
2.16 0.72 0.0412003
2.16 0.78 0.0379133
2.16 0.84 0.034409
2.16 0.9 0.0307994
2.16 0.96 0.0271897
2.16 1.02 0.0236728
2.16 1.08 0.0203278
2.16 1.14 0.0172153
2.16 1.2 0.0143791
2.16 1.26 0.011845
2.16 1.32 0.00962345
2.16 1.38 0.00771108
2.16 1.44 0.00609371
2.16 1.5 0.00474945
2.16 1.56 0.00365086
2.16 1.62 0.00276776
2.16 1.68 0.00206948
2.16 1.74 0.00152607
2.16 1.8 0.00110988
2.16 1.86 0.000796115
2.16 1.92 0.000563198
2.16 1.98 0.000392943
2.22 -1.26 0.000252492
2.22 -1.2 0.000366863
2.22 -1.14 0.000525713
2.22 -1.08 0.000742991
2.22 -1.02 0.00103563
2.22 -0.96 0.00142369
2.22 -0.9 0.00193026
2.22 -0.84 0.00258112
2.22 -0.78 0.00340395
2.22 -0.72 0.0044274
2.22 -0.66 0.0056795
2.22 -0.6 0.00718541
2.22 -0.54 0.00896579
2.22 -0.48 0.0110335
2.22 -0.42 0.0133914
2.22 -0.36 0.0160297
2.22 -0.3 0.0189241
2.22 -0.24 0.0220342
2.22 -0.18 0.0253024
2.22 -0.12 0.0286563
2.22 -0.06 0.0320086
2.22 9.71445e-15 0.0352619
2.22 0.06 0.0383114
2.22 0.12 0.0410524
2.22 0.18 0.0433849
2.22 0.24 0.0452203
2.22 0.3 0.0464852
2.22 0.36 0.0471289
2.22 0.42 0.0471239
2.22 0.48 0.0464721
2.22 0.54 0.0451989
2.22 0.6 0.0433567
2.22 0.66 0.0410175
2.22 0.72 0.0382711
2.22 0.78 0.0352179
2.22 0.84 0.031963
2.22 0.9 0.0286098
2.22 0.96 0.0252567
2.22 1.02 0.02199
2.22 1.08 0.0188826
2.22 1.14 0.0159915
2.22 1.2 0.0133568
2.22 1.26 0.0110029
2.22 1.32 0.00893925
2.22 1.38 0.00716279
2.22 1.44 0.00566053
2.22 1.5 0.00441182
2.22 1.56 0.00339131
2.22 1.62 0.00257103
2.22 1.68 0.00192234
2.22 1.74 0.00141759
2.22 1.8 0.001031
2.22 1.86 0.000739524
2.22 1.92 0.00052316
2.22 1.98 0.000365012
2.28 -1.2 0.000336095
2.28 -1.14 0.000481624
2.28 -1.08 0.000680675
2.28 -1.02 0.00094877
2.28 -0.96 0.0013043
2.28 -0.9 0.00176838
2.28 -0.84 0.00236462
2.28 -0.78 0.00311851
2.28 -0.72 0.00405614
2.28 -0.66 0.00520315
2.28 -0.6 0.00658288
2.28 -0.54 0.00821392
2.28 -0.48 0.0101081
2.28 -0.42 0.0122682
2.28 -0.36 0.0146854
2.28 -0.3 0.0173371
2.28 -0.24 0.0201862
2.28 -0.18 0.0231807
2.28 -0.12 0.0262532
2.28 -0.06 0.0293244
2.28 9.71445e-15 0.0323043
2.28 0.06 0.0350984
2.28 0.12 0.03761
2.28 0.18 0.0397473
2.28 0.24 0.0414284
2.28 0.3 0.042587
2.28 0.36 0.0431762
2.28 0.42 0.0431725
2.28 0.48 0.0425747
2.28 0.54 0.0414084
2.28 0.6 0.0397202
2.28 0.66 0.0375773
2.28 0.72 0.0350617
2.28 0.78 0.0322646
2.28 0.84 0.0292822
2.28 0.9 0.0262107
2.28 0.96 0.0231386
2.28 1.02 0.0201458
2.28 1.08 0.0172992
2.28 1.14 0.0146504
2.28 1.2 0.0122368
2.28 1.26 0.0100803
2.28 1.32 0.00818962
2.28 1.38 0.00656218
2.28 1.44 0.00518583
2.28 1.5 0.00404183
2.28 1.56 0.0031069
2.28 1.62 0.0023554
2.28 1.68 0.00176115
2.28 1.74 0.00129871
2.28 1.8 0.00094453
2.28 1.86 0.000677498
2.28 1.92 0.000479283
2.28 1.98 0.000334401
2.34 -1.2 0.000303681
2.34 -1.14 0.000435171
2.34 -1.08 0.000615027
2.34 -1.02 0.000857271
2.34 -0.96 0.0011785
2.34 -0.9 0.00159782
2.34 -0.84 0.00213658
2.34 -0.78 0.00281767
2.34 -0.72 0.00366492
2.34 -0.66 0.00470133
2.34 -0.6 0.00594794
2.34 -0.54 0.00742159
2.34 -0.48 0.00913321
2.34 -0.42 0.0110851
2.34 -0.36 0.013269
2.34 -0.3 0.0156649
2.34 -0.24 0.0182392
2.34 -0.18 0.0209447
2.34 -0.12 0.023721
2.34 -0.06 0.026496
2.34 9.71445e-15 0.0291888
2.34 0.06 0.0317134
2.34 0.12 0.0339824
2.34 0.18 0.0359132
2.34 0.24 0.0374325
2.34 0.3 0.0384795
2.34 0.36 0.039012
2.34 0.42 0.0390079
2.34 0.48 0.0384685
2.34 0.54 0.0374145
2.34 0.6 0.0358894
2.34 0.66 0.0339533
2.34 0.72 0.03168
2.34 0.78 0.0291525
2.34 0.84 0.0264582
2.34 0.9 0.0236824
2.34 0.96 0.0209068
2.34 1.02 0.0182028
2.34 1.08 0.0156304
2.34 1.14 0.0132373
2.34 1.2 0.0110564
2.34 1.26 0.00910796
2.34 1.32 0.00739974
2.34 1.38 0.00592923
2.34 1.44 0.00468565
2.34 1.5 0.00365199
2.34 1.56 0.00280724
2.34 1.62 0.00212823
2.34 1.68 0.00159127
2.34 1.74 0.00117343
2.34 1.8 0.000853429
2.34 1.86 0.000612159
2.34 1.92 0.000433059
2.4 -1.2 0.000270617
2.4 -1.14 0.000387789
2.4 -1.08 0.000548065
2.4 -1.02 0.000763935
2.4 -0.96 0.00105019
2.4 -0.9 0.00142387
2.4 -0.84 0.00190396
2.4 -0.78 0.00251094
2.4 -0.72 0.0032659
2.4 -0.66 0.00418946
2.4 -0.6 0.00530033
2.4 -0.54 0.0066136
2.4 -0.48 0.00813884
2.4 -0.42 0.00987813
2.4 -0.36 0.0118244
2.4 -0.3 0.0139595
2.4 -0.24 0.0162535
2.4 -0.18 0.0186643
2.4 -0.12 0.0211386
2.4 -0.06 0.0236112
2.4 9.71445e-15 0.0260109
2.4 0.06 0.0282605
2.4 0.12 0.0302826
2.4 0.18 0.0320033
2.4 0.24 0.0333568
2.4 0.3 0.0342901
2.4 0.36 0.0347646
2.4 0.42 0.0347613
2.4 0.48 0.0342803
2.4 0.54 0.0333409
2.4 0.6 0.031982
2.4 0.66 0.0302566
2.4 0.72 0.0282309
2.4 0.78 0.0259787
2.4 0.84 0.0235774
2.4 0.9 0.0211043
2.4 0.96 0.0186305
2.4 1.02 0.0162209
2.4 1.08 0.0139288
2.4 1.14 0.0117962
2.4 1.2 0.00985275
2.4 1.26 0.00811633
2.4 1.32 0.00659402
2.4 1.38 0.00528369
2.4 1.44 0.0041755
2.4 1.5 0.0032544
2.4 1.56 0.00250158
2.4 1.62 0.00189652
2.4 1.68 0.00141802
2.4 1.74 0.00104569
2.4 1.8 0.000760515
2.4 1.86 0.000545507
2.4 1.92 0.000385911
2.46 -1.2 0.000237838
2.46 -1.14 0.000340821
2.46 -1.08 0.000481684
2.46 -1.02 0.000671403
2.46 -0.96 0.000922986
2.46 -0.9 0.00125141
2.46 -0.84 0.00167335
2.46 -0.78 0.00220681
2.46 -0.72 0.0028703
2.46 -0.66 0.00368205
2.46 -0.6 0.00465835
2.46 -0.54 0.00581259
2.46 -0.48 0.00715309
2.46 -0.42 0.0086817
2.46 -0.36 0.0103921
2.46 -0.3 0.0122687
2.46 -0.24 0.0142848
2.46 -0.18 0.0164037
2.46 -0.12 0.0185781
2.46 -0.06 0.0207512
2.46 9.71445e-15 0.0228604
2.46 0.06 0.0248374
2.46 0.12 0.0266144
2.46 0.18 0.0281269
2.46 0.24 0.0293166
2.46 0.3 0.0301366
2.46 0.36 0.030554
2.46 0.42 0.0305509
2.46 0.48 0.0301279
2.46 0.54 0.0293026
2.46 0.6 0.0281083
2.46 0.66 0.0265918
2.46 0.72 0.0248114
2.46 0.78 0.0228321
2.46 0.84 0.0207218
2.46 0.9 0.0185481
2.46 0.96 0.016374
2.46 1.02 0.0142563
2.46 1.08 0.0122417
2.46 1.14 0.0103674
2.46 1.2 0.00865935
2.46 1.26 0.00713326
2.46 1.32 0.00579535
2.46 1.38 0.00464368
2.46 1.44 0.00366977
2.46 1.5 0.00286021
2.46 1.56 0.0021986
2.46 1.62 0.00166682
2.46 1.68 0.00124627
2.46 1.74 0.000919035
2.46 1.8 0.000668403
2.46 1.86 0.000479437
2.46 1.92 0.000339166
2.52 -1.2 0.000206159
2.52 -1.14 0.000295424
2.52 -1.08 0.000417524
2.52 -1.02 0.000581973
2.52 -0.96 0.00080004
2.52 -0.9 0.00108471
2.52 -0.84 0.00145046
2.52 -0.78 0.00191285
2.52 -0.72 0.00248798
2.52 -0.66 0.0031916
2.52 -0.6 0.00403785
2.52 -0.54 0.00503833
2.52 -0.48 0.00620028
2.52 -0.42 0.0075253
2.52 -0.36 0.00900788
2.52 -0.3 0.0106345
2.52 -0.24 0.0123821
2.52 -0.18 0.0142187
2.52 -0.12 0.0161034
2.52 -0.06 0.0179872
2.52 9.71445e-15 0.0198154
2.52 0.06 0.0215291
2.52 0.12 0.0230694
2.52 0.18 0.0243802
2.52 0.24 0.0254116
2.52 0.3 0.0261223
2.52 0.36 0.0264841
2.52 0.42 0.0264813
2.52 0.48 0.0261149
2.52 0.54 0.0253995
2.52 0.6 0.0243643
2.52 0.66 0.0230498
2.52 0.72 0.0215064
2.52 0.78 0.0197907
2.52 0.84 0.0179616
2.52 0.9 0.0160773
2.52 0.96 0.014193
2.52 1.02 0.0123573
2.52 1.08 0.0106111
2.52 1.14 0.00898643
2.52 1.2 0.00750589
2.52 1.26 0.00618309
2.52 1.32 0.00502341
2.52 1.38 0.00402512
2.52 1.44 0.00318094
2.52 1.5 0.00247921
2.52 1.56 0.00190574
2.52 1.62 0.00144479
2.52 1.68 0.00108026
2.52 1.74 0.000796616
2.52 1.8 0.000579369
2.52 1.86 0.000415576
2.52 1.92 0.000293989
2.58 -1.2 0.000176242
2.58 -1.14 0.000252552
2.58 -1.08 0.000356934
2.58 -1.02 0.00049752
2.58 -0.96 0.000683942
2.58 -0.9 0.000927302
2.58 -0.84 0.00123997
2.58 -0.78 0.00163526
2.58 -0.72 0.00212694
2.58 -0.66 0.00272844
2.58 -0.6 0.0034519
2.58 -0.54 0.00430717
2.58 -0.48 0.00530051
2.58 -0.42 0.00643325
2.58 -0.36 0.0077007
2.58 -0.3 0.00909119
2.58 -0.24 0.0105852
2.58 -0.18 0.0121553
2.58 -0.12 0.0137665
2.58 -0.06 0.0153769
2.58 9.71445e-15 0.0169398
2.58 0.06 0.0184049
2.58 0.12 0.0197217
2.58 0.18 0.0208423
2.58 0.24 0.021724
2.58 0.3 0.0223316
2.58 0.36 0.0226408
2.58 0.42 0.0226383
2.58 0.48 0.0223253
2.58 0.54 0.0217135
2.58 0.6 0.0208286
2.58 0.66 0.0197049
2.58 0.72 0.0183855
2.58 0.78 0.0169188
2.58 0.84 0.0153551
2.58 0.9 0.0137442
2.58 0.96 0.0121333
2.58 1.02 0.0105641
2.58 1.08 0.00907118
2.58 1.14 0.00768233
2.58 1.2 0.00641666
2.58 1.26 0.00528583
2.58 1.32 0.00429445
2.58 1.38 0.00344103
2.58 1.44 0.00271934
2.58 1.5 0.00211944
2.58 1.56 0.00162918
2.58 1.62 0.00123513
2.58 1.68 0.000923499
2.58 1.74 0.000681011
2.58 1.8 0.000495292
2.58 1.86 0.000355269
2.64 -1.14 0.000212936
2.64 -1.08 0.00030094
2.64 -1.02 0.000419473
2.64 -0.96 0.000576652
2.64 -0.9 0.000781838
2.64 -0.84 0.00104545
2.64 -0.78 0.00137874
2.64 -0.72 0.00179329
2.64 -0.66 0.00230042
2.64 -0.6 0.00291042
2.64 -0.54 0.00363151
2.64 -0.48 0.00446901
2.64 -0.42 0.00542407
2.64 -0.36 0.00649269
2.64 -0.3 0.00766506
2.64 -0.24 0.00892468
2.64 -0.18 0.0102486
2.64 -0.12 0.011607
2.64 -0.06 0.0129648
2.64 9.71445e-15 0.0142824
2.64 0.06 0.0155178
2.64 0.12 0.0166281
2.64 0.18 0.0175729
2.64 0.24 0.0183163
2.64 0.3 0.0188285
2.64 0.36 0.0190891
2.64 0.42 0.0190872
2.64 0.48 0.0188231
2.64 0.54 0.0183075
2.64 0.6 0.0175611
2.64 0.66 0.0166138
2.64 0.72 0.0155014
2.64 0.78 0.0142648
2.64 0.84 0.0129464
2.64 0.9 0.0115881
2.64 0.96 0.01023
2.64 1.02 0.0089069
2.64 1.08 0.00764825
2.64 1.14 0.0064772
2.64 1.2 0.0054101
2.64 1.26 0.00445667
2.64 1.32 0.0036208
2.64 1.38 0.00290125
2.64 1.44 0.00229276
2.64 1.5 0.00178696
2.64 1.56 0.00137363
2.64 1.62 0.00104137
2.64 1.68 0.000778636
2.64 1.74 0.00057418
2.64 1.8 0.000417595
2.64 1.86 0.000299538
2.7 -1.14 0.000177065
2.7 -1.08 0.000250246
2.7 -1.02 0.000348807
2.7 -0.96 0.000479508
2.7 -0.9 0.000650128
2.7 -0.84 0.000869338
2.7 -0.78 0.00114649
2.7 -0.72 0.00149119
2.7 -0.66 0.0019129
2.7 -0.6 0.00242013
2.7 -0.54 0.00301978
2.7 -0.48 0.00371618
2.7 -0.42 0.00451031
2.7 -0.36 0.0053989
2.7 -0.3 0.00637383
2.7 -0.24 0.00742129
2.7 -0.18 0.00852217
2.7 -0.12 0.00965169
2.7 -0.06 0.0107808
2.7 9.71445e-15 0.0118764
2.7 0.06 0.0129035
2.7 0.12 0.0138268
2.7 0.18 0.0146127
2.7 0.24 0.0152308
2.7 0.3 0.0156566
2.7 0.36 0.0158734
2.7 0.42 0.0158719
2.7 0.48 0.015652
2.7 0.54 0.0152235
2.7 0.6 0.0146029
2.7 0.66 0.0138149
2.7 0.72 0.01289
2.7 0.78 0.0118617
2.7 0.84 0.0107654
2.7 0.9 0.0096361
2.7 0.96 0.0085067
2.7 1.02 0.00740641
2.7 1.08 0.00635988
2.7 1.14 0.00538609
2.7 1.2 0.00449871
2.7 1.26 0.00370591
2.7 1.32 0.00301084
2.7 1.38 0.0024125
2.7 1.44 0.00190652
2.7 1.5 0.00148594
2.7 1.56 0.00114223
2.7 1.62 0.000865944
2.7 1.68 0.00064747
2.7 1.74 0.00047746
2.7 1.8 0.000347249
2.7 1.86 0.000249077
2.76 -1.14 0.000145211
2.76 -1.08 0.000205228
2.76 -1.02 0.000286063
2.76 -0.96 0.000393256
2.76 -0.9 0.000533183
2.76 -0.84 0.000712956
2.76 -0.78 0.000940247
2.76 -0.72 0.00122295
2.76 -0.66 0.00156879
2.76 -0.6 0.00198477
2.76 -0.54 0.00247654
2.76 -0.48 0.00304768
2.76 -0.42 0.00369896
2.76 -0.36 0.00442777
2.76 -0.3 0.00522728
2.76 -0.24 0.00608628
2.76 -0.18 0.00698909
2.76 -0.12 0.00791556
2.76 -0.06 0.00884145
2.76 9.71445e-15 0.00974005
2.76 0.06 0.0105824
2.76 0.12 0.0113396
2.76 0.18 0.011984
2.76 0.24 0.0124909
2.76 0.3 0.0128403
2.76 0.36 0.013018
2.76 0.42 0.0130167
2.76 0.48 0.0128366
2.76 0.54 0.0124848
2.76 0.6 0.011976
2.76 0.66 0.0113299
2.76 0.72 0.0105714
2.76 0.78 0.00972802
2.76 0.84 0.00882881
2.76 0.9 0.00790272
2.76 0.96 0.00697638
2.76 1.02 0.00607412
2.76 1.08 0.00521578
2.76 1.14 0.00441722
2.76 1.2 0.00368948
2.76 1.26 0.00303926
2.76 1.32 0.00246921
2.76 1.38 0.00197854
2.76 1.44 0.00156356
2.76 1.5 0.00121865
2.76 1.56 0.000936743
2.76 1.62 0.000710174
2.76 1.68 0.000530996
2.76 1.74 0.000391569
2.76 1.8 0.000284784
2.82 -1.14 0.000117455
2.82 -1.08 0.000165998
2.82 -1.02 0.000231379
2.82 -0.96 0.000318078
2.82 -0.9 0.000431252
2.82 -0.84 0.000576669
2.82 -0.78 0.000760507
2.82 -0.72 0.000989175
2.82 -0.66 0.0012689
2.82 -0.6 0.00160536
2.82 -0.54 0.00200313
2.82 -0.48 0.00246508
2.82 -0.42 0.00299188
2.82 -0.36 0.00358133
2.82 -0.3 0.00422798
2.82 -0.24 0.00492287
2.82 -0.18 0.00565306
2.82 -0.12 0.00640235
2.82 -0.06 0.00715139
2.82 9.71445e-15 0.00787816
2.82 0.06 0.00855949
2.82 0.12 0.00917198
2.82 0.18 0.00969314
2.82 0.24 0.0101031
2.82 0.3 0.0103857
2.82 0.36 0.0105294
2.82 0.42 0.0105285
2.82 0.48 0.0103827
2.82 0.54 0.0100984
2.82 0.6 0.0096867
2.82 0.66 0.00916405
2.82 0.72 0.0085505
2.82 0.78 0.0078683
2.82 0.84 0.0071411
2.82 0.9 0.00639199
2.82 0.96 0.00564286
2.82 1.02 0.00491295
2.82 1.08 0.00421873
2.82 1.14 0.00357279
2.82 1.2 0.00298416
2.82 1.26 0.00245826
2.82 1.32 0.00199721
2.82 1.38 0.00160032
2.82 1.44 0.00126466
2.82 1.5 0.000985686
2.82 1.56 0.000757687
2.82 1.62 0.000574413
2.82 1.68 0.000429489
2.82 1.74 0.000316715
2.82 1.8 0.000230343
2.88 -1.08 0.000132419
2.88 -1.02 0.000184576
2.88 -0.96 0.000253739
2.88 -0.9 0.000344025
2.88 -0.84 0.000460019
2.88 -0.78 0.000606674
2.88 -0.72 0.000789083
2.88 -0.66 0.00101223
2.88 -0.6 0.00128064
2.88 -0.54 0.00159794
2.88 -0.48 0.00196645
2.88 -0.42 0.00238669
2.88 -0.36 0.00285691
2.88 -0.3 0.00337279
2.88 -0.24 0.00392701
2.88 -0.18 0.0045096
2.88 -0.12 0.00510733
2.88 -0.06 0.00570477
2.88 9.71445e-15 0.00628452
2.88 0.06 0.00682808
2.88 0.12 0.00731667
2.88 0.18 0.00773246
2.88 0.24 0.00805953
2.88 0.3 0.00828491
2.88 0.36 0.0083996
2.88 0.42 0.00839878
2.88 0.48 0.00828253
2.88 0.54 0.00805561
2.88 0.6 0.00772722
2.88 0.66 0.00731036
2.88 0.72 0.00682094
2.88 0.78 0.00627681
2.88 0.84 0.00569663
2.88 0.9 0.00509904
2.88 0.96 0.00450139
2.88 1.02 0.00391921
2.88 1.08 0.00336539
2.88 1.14 0.00285011
2.88 1.2 0.00238056
2.88 1.26 0.00196103
2.88 1.32 0.00159322
2.88 1.38 0.00127661
2.88 1.44 0.00100886
2.88 1.5 0.0007863
2.88 1.56 0.00060442
2.88 1.62 0.000458226
2.88 1.68 0.000342616
2.88 1.74 0.000252651
2.94 -1.08 0.000104183
2.94 -1.02 0.000145218
2.94 -0.96 0.000199632
2.94 -0.9 0.000270662
2.94 -0.84 0.000361927
2.94 -0.78 0.000477302
2.94 -0.72 0.000620818
2.94 -0.66 0.000796384
2.94 -0.6 0.00100755
2.94 -0.54 0.00125719
2.94 -0.48 0.00154712
2.94 -0.42 0.00187776
2.94 -0.36 0.00224771
2.94 -0.3 0.00265355
2.94 -0.24 0.00308965
2.94 -0.18 0.00354792
2.94 -0.12 0.00401823
2.94 -0.06 0.00448827
2.94 9.71445e-15 0.00494446
2.94 0.06 0.00537208
2.94 0.12 0.00575645
2.94 0.18 0.00608351
2.94 0.24 0.00634085
2.94 0.3 0.00651824
2.94 0.36 0.00660845
2.94 0.42 0.00660776
2.94 0.48 0.00651638
2.94 0.54 0.00633782
2.94 0.6 0.00607951
2.94 0.66 0.00575153
2.94 0.72 0.00536644
2.94 0.78 0.00493828
2.94 0.84 0.00448189
2.94 0.9 0.0040117
2.94 0.96 0.0035415
2.94 1.02 0.00308346
2.94 1.08 0.00264771
2.94 1.14 0.00224233
2.94 1.2 0.0018729
2.94 1.26 0.00154284
2.94 1.32 0.00125347
2.94 1.38 0.00100438
2.94 1.44 0.000793726
2.94 1.5 0.000618631
2.94 1.56 0.00047553
2.94 1.62 0.000360512
2.94 1.68 0.000269552
2.94 1.74 0.000198775
3 -1.02 0.00011268
3 -0.96 0.000154903
3 -0.9 0.000210019
3 -0.84 0.000280833
3 -0.78 0.000370363
3 -0.72 0.000481717
3 -0.66 0.000617945
3 -0.6 0.000781793
3 -0.54 0.000975505
3 -0.48 0.00120048
3 -0.42 0.00145702
3 -0.36 0.00174409
3 -0.3 0.00205902
3 -0.24 0.00239739
3 -0.18 0.00275299
3 -0.12 0.00311793
3 -0.06 0.00348265
3 9.71445e-15 0.0038366
3 0.06 0.00416841
3 0.12 0.00446665
3 0.18 0.00472047
3 0.24 0.0049201
3 0.3 0.00505777
3 0.36 0.00512776
3 0.42 0.00512729
3 0.48 0.00505633
3 0.54 0.00491778
3 0.6 0.00471733
3 0.66 0.00446284
3 0.72 0.00416404
3 0.78 0.00383184
3 0.84 0.00347766
3 0.9 0.00311287
3 0.96 0.00274801
3 1.02 0.00239258
3 1.08 0.00205449
3 1.14 0.00173994
3 1.2 0.00145327
3 1.26 0.00119715
3 1.32 0.000972614
3 1.38 0.00077934
3 1.44 0.000615883
3 1.5 0.000480024
3 1.56 0.000368984
3 1.62 0.000279736
3 1.68 0.000209158
3.06 -1.02 8.62309e-05
3.06 -0.96 0.000118543
3.06 -0.9 0.000160723
3.06 -0.84 0.000214914
3.06 -0.78 0.000283431
3.06 -0.72 0.000368645
3.06 -0.66 0.0004729
3.06 -0.6 0.000598291
3.06 -0.54 0.000746535
3.06 -0.48 0.000918701
3.06 -0.42 0.00111502
3.06 -0.36 0.00133471
3.06 -0.3 0.00157572
3.06 -0.24 0.00183466
3.06 -0.18 0.00210681
3.06 -0.12 0.00238607
3.06 -0.06 0.00266518
3.06 9.71445e-15 0.00293605
3.06 0.06 0.00318996
3.06 0.12 0.00341821
3.06 0.18 0.00361247
3.06 0.24 0.00376525
3.06 0.3 0.00387057
3.06 0.36 0.00392418
3.06 0.42 0.00392379
3.06 0.48 0.00386947
3.06 0.54 0.00376345
3.06 0.6 0.00361006
3.06 0.66 0.00341529
3.06 0.72 0.00318663
3.06 0.78 0.00293242
3.06 0.84 0.00266138
3.06 0.9 0.00238221
3.06 0.96 0.00210298
3.06 1.02 0.00183099
3.06 1.08 0.00157226
3.06 1.14 0.00133153
3.06 1.2 0.00111216
3.06 1.26 0.000916154
3.06 1.32 0.000744322
3.06 1.38 0.000596408
3.06 1.44 0.000471323
3.06 1.5 0.00036735
3.06 1.56 0.000282375
3.06 1.62 0.000214076
3.12 -0.96 8.94713e-05
3.12 -0.9 0.000121307
3.12 -0.84 0.000162209
3.12 -0.78 0.000213921
3.12 -0.72 0.000278237
3.12 -0.66 0.000356926
3.12 -0.6 0.000451566
3.12 -0.54 0.000563453
3.12 -0.48 0.000693398
3.12 -0.42 0.000841577
3.12 -0.36 0.00100738
3.12 -0.3 0.00118929
3.12 -0.24 0.00138472
3.12 -0.18 0.00159012
3.12 -0.12 0.0018009
3.12 -0.06 0.00201156
3.12 9.71445e-15 0.00221601
3.12 0.06 0.00240766
3.12 0.12 0.00257992
3.12 0.18 0.00272653
3.12 0.24 0.00284186
3.12 0.3 0.00292134
3.12 0.36 0.00296181
3.12 0.42 0.0029615
3.12 0.48 0.00292051
3.12 0.54 0.0028405
3.12 0.6 0.00272473
3.12 0.66 0.00257772
3.12 0.72 0.00240513
3.12 0.78 0.00221327
3.12 0.84 0.0020087
3.12 0.9 0.00179799
3.12 0.96 0.00158724
3.12 1.02 0.00138196
3.12 1.08 0.00118667
3.12 1.14 0.00100499
3.12 1.2 0.00083941
3.12 1.26 0.000691477
3.12 1.32 0.000561784
3.12 1.38 0.000450144
3.12 1.44 0.000355736
3.12 1.5 0.000277259
3.12 1.56 0.000213125
3.12 1.62 0.000161576
3.18 -0.96 6.6601e-05
3.18 -0.9 9.02991e-05
3.18 -0.84 0.000120745
3.18 -0.78 0.000159239
3.18 -0.72 0.000207116
3.18 -0.66 0.000265689
3.18 -0.6 0.00033614
3.18 -0.54 0.000419423
3.18 -0.48 0.000516153
3.18 -0.42 0.000626455
3.18 -0.36 0.000749876
3.18 -0.3 0.000885285
3.18 -0.24 0.00103076
3.18 -0.18 0.00118367
3.18 -0.12 0.00134056
3.18 -0.06 0.00149737
3.18 9.71445e-15 0.00164956
3.18 0.06 0.00179223
3.18 0.12 0.00192046
3.18 0.18 0.0020296
3.18 0.24 0.00211545
3.18 0.3 0.0021746
3.18 0.36 0.00220472
3.18 0.42 0.00220448
3.18 0.48 0.00217398
3.18 0.54 0.00211442
3.18 0.6 0.00202824
3.18 0.66 0.00191882
3.18 0.72 0.00179034
3.18 0.78 0.00164752
3.18 0.84 0.00149525
3.18 0.9 0.00133839
3.18 0.96 0.00118151
3.18 1.02 0.00102871
3.18 1.08 0.000883337
3.18 1.14 0.000748093
3.18 1.2 0.000624845
3.18 1.26 0.000514726
3.18 1.32 0.000418185
3.18 1.38 0.000335081
3.18 1.44 0.000264804
3.18 1.5 0.000206387
3.18 1.56 0.000158647
3.24 -0.9 6.62929e-05
3.24 -0.84 8.86444e-05
3.24 -0.78 0.000116906
3.24 -0.72 0.000152055
3.24 -0.66 0.000195054
3.24 -0.6 0.000246778
3.24 -0.54 0.000307921
3.24 -0.48 0.000378931
3.24 -0.42 0.000459909
3.24 -0.36 0.000550521
3.24 -0.3 0.000649928
3.24 -0.24 0.000756733
3.24 -0.18 0.000868995
3.24 -0.12 0.000984174
3.24 -0.06 0.00109931
3.24 9.71445e-15 0.00121101
3.24 0.06 0.00131576
3.24 0.12 0.00140991
3.24 0.18 0.00149004
3.24 0.24 0.00155306
3.24 0.3 0.00159649
3.24 0.36 0.00161858
3.24 0.42 0.00161844
3.24 0.48 0.00159603
3.24 0.54 0.00155231
3.24 0.6 0.00148902
3.24 0.66 0.00140869
3.24 0.72 0.00131439
3.24 0.78 0.00120953
3.24 0.84 0.00109773
3.24 0.9 0.000982577
3.24 0.96 0.000867412
3.24 1.02 0.000755225
3.24 1.08 0.000648508
3.24 1.14 0.00054921
3.24 1.2 0.00045873
3.24 1.26 0.000377887
3.24 1.32 0.000307011
3.24 1.38 0.000246001
3.24 1.44 0.000194406
3.24 1.5 0.000151519
3.3 -0.9 4.80001e-05
3.3 -0.84 6.41847e-05
3.3 -0.78 8.46469e-05
3.3 -0.72 0.000110097
3.3 -0.66 0.000141232
3.3 -0.6 0.000178679
3.3 -0.54 0.000222953
3.3 -0.48 0.00027437
3.3 -0.42 0.000333003
3.3 -0.36 0.000398614
3.3 -0.3 0.00047059
3.3 -0.24 0.000547926
3.3 -0.18 0.000629199
3.3 -0.12 0.000712604
3.3 -0.06 0.000795965
3.3 9.71445e-15 0.000876859
3.3 0.06 0.000952692
3.3 0.12 0.00102086
3.3 0.18 0.00107887
3.3 0.24 0.00112449
3.3 0.3 0.00115596
3.3 0.36 0.00117195
3.3 0.42 0.00117185
3.3 0.48 0.00115563
3.3 0.54 0.00112397
3.3 0.6 0.00107815
3.3 0.66 0.00101999
3.3 0.72 0.000951694
3.3 0.78 0.000875769
3.3 0.84 0.000794822
3.3 0.9 0.00071145
3.3 0.96 0.00062806
3.3 1.02 0.000546825
3.3 1.08 0.000469557
3.3 1.14 0.000397664
3.3 1.2 0.000332146
3.3 1.26 0.00027361
3.3 1.32 0.000222292
3.3 1.38 0.000178119
3.3 1.44 0.00014076
3.3 1.5 0.00010971
3.36 -0.84 4.58347e-05
3.36 -0.78 6.04462e-05
3.36 -0.72 7.86218e-05
3.36 -0.66 0.000100855
3.36 -0.6 0.000127598
3.36 -0.54 0.000159212
3.36 -0.48 0.000195929
3.36 -0.42 0.000237801
3.36 -0.36 0.000284653
3.36 -0.3 0.000336048
3.36 -0.24 0.000391276
3.36 -0.18 0.000449317
3.36 -0.12 0.000508874
3.36 -0.06 0.000568406
3.36 9.71445e-15 0.00062617
3.36 0.06 0.000680329
3.36 0.12 0.000729009
3.36 0.18 0.000770429
3.36 0.24 0.000803019
3.36 0.3 0.000825481
3.36 0.36 0.0008369
3.36 0.42 0.00083682
3.36 0.48 0.000825244
3.36 0.54 0.000802637
3.36 0.6 0.000769914
3.36 0.66 0.000728382
3.36 0.72 0.000679614
3.36 0.78 0.000625391
3.36 0.84 0.000567592
3.36 0.9 0.000508045
3.36 0.96 0.000448505
3.36 1.02 0.000390494
3.36 1.08 0.000335312
3.36 1.14 0.000283971
3.36 1.2 0.000237188
3.36 1.26 0.000195388
3.36 1.32 0.000158743
3.36 1.38 0.000127197
3.36 1.44 0.000100519
3.42 -0.84 3.2281e-05
3.42 -0.78 4.25723e-05
3.42 -0.72 5.53719e-05
3.42 -0.66 7.10314e-05
3.42 -0.6 8.98658e-05
3.42 -0.54 0.000112132
3.42 -0.48 0.000137992
3.42 -0.42 0.000167481
3.42 -0.36 0.000200478
3.42 -0.3 0.000236679
3.42 -0.24 0.000275572
3.42 -0.18 0.000316449
3.42 -0.12 0.000358397
3.42 -0.06 0.000400319
3.42 9.71445e-15 0.000441006
3.42 0.06 0.000479145
3.42 0.12 0.000513428
3.42 0.18 0.000542605
3.42 0.24 0.000565557
3.42 0.3 0.000581375
3.42 0.36 0.000589426
3.42 0.42 0.000589367
3.42 0.48 0.000581208
3.42 0.54 0.000565285
3.42 0.6 0.000542245
3.42 0.66 0.00051299
3.42 0.72 0.000478644
3.42 0.78 0.000440461
3.42 0.84 0.00039975
3.42 0.9 0.000357817
3.42 0.96 0.000315875
3.42 1.02 0.000275022
3.42 1.08 0.000236159
3.42 1.14 0.000200001
3.42 1.2 0.00016705
3.42 1.26 0.00013761
3.42 1.32 0.0001118
3.42 1.38 8.95828e-05
3.48 -0.78 2.9571e-05
3.48 -0.72 3.84623e-05
3.48 -0.66 4.93392e-05
3.48 -0.6 6.24218e-05
3.48 -0.54 7.78882e-05
3.48 -0.48 9.58505e-05
3.48 -0.42 0.000116334
3.48 -0.36 0.000139254
3.48 -0.3 0.000164398
3.48 -0.24 0.000191417
3.48 -0.18 0.000219809
3.48 -0.12 0.000248945
3.48 -0.06 0.00027807
3.48 9.71445e-15 0.000306329
3.48 0.06 0.000332821
3.48 0.12 0.000356636
3.48 0.18 0.000376901
3.48 0.24 0.000392842
3.48 0.3 0.00040383
3.48 0.36 0.000409419
3.48 0.42 0.000409382
3.48 0.48 0.000403714
3.48 0.54 0.000392658
3.48 0.6 0.000376651
3.48 0.66 0.000356329
3.48 0.72 0.000332471
3.48 0.78 0.000305945
3.48 0.84 0.00027767
3.48 0.9 0.000248542
3.48 0.96 0.000219413
3.48 1.02 0.000191032
3.48 1.08 0.000164038
3.48 1.14 0.000138922
3.48 1.2 0.000116034
3.48 1.26 9.55852e-05
3.48 1.32 7.76582e-05
3.54 -0.72 2.63491e-05
3.54 -0.66 3.38001e-05
3.54 -0.6 4.2763e-05
3.54 -0.54 5.33584e-05
3.54 -0.48 6.56633e-05
3.54 -0.42 7.96953e-05
3.54 -0.36 9.53977e-05
3.54 -0.3 0.000112623
3.54 -0.24 0.000131132
3.54 -0.18 0.000150584
3.54 -0.12 0.000170543
3.54 -0.06 0.000190495
3.54 9.71445e-15 0.000209853
3.54 0.06 0.000228003
3.54 0.12 0.000244319
3.54 0.18 0.000258203
3.54 0.24 0.000269123
3.54 0.3 0.00027665
3.54 0.36 0.000280477
3.54 0.42 0.000280453
3.54 0.48 0.00027657
3.54 0.54 0.000268993
3.54 0.6 0.000258026
3.54 0.66 0.000244107
3.54 0.72 0.000227765
3.54 0.78 0.000209594
3.54 0.84 0.00019022
3.54 0.9 0.000170267
3.54 0.96 0.000150311
3.54 1.02 0.000130869
3.54 1.08 0.000112377
3.54 1.14 9.51703e-05
3.54 1.2 7.94914e-05
3.54 1.26 6.54824e-05
3.6 -0.66 2.2837e-05
3.6 -0.6 2.88928e-05
3.6 -0.54 3.60515e-05
3.6 -0.48 4.43653e-05
3.6 -0.42 5.38464e-05
3.6 -0.36 6.44548e-05
3.6 -0.3 7.60937e-05
3.6 -0.24 8.85986e-05
3.6 -0.18 0.000101742
3.6 -0.12 0.000115227
3.6 -0.06 0.000128706
3.6 9.71445e-15 0.000141786
3.6 0.06 0.00015405
3.6 0.12 0.000165072
3.6 0.18 0.000174453
3.6 0.24 0.000181833
3.6 0.3 0.000186916
3.6 0.36 0.000189504
3.6 0.42 0.000189486
3.6 0.48 0.000186863
3.6 0.54 0.000181745
3.6 0.6 0.000174335
3.6 0.66 0.00016493
3.6 0.72 0.000153888
3.6 0.78 0.000141612
3.6 0.84 0.000128523
3.6 0.9 0.00011504
3.6 0.96 0.000101557
3.6 1.02 8.84219e-05
3.6 1.08 7.59273e-05
3.6 1.14 6.43015e-05
3.6 1.2 5.37081e-05
3.66 -0.66 1.52177e-05
3.66 -0.6 1.9253e-05
3.66 -0.54 2.40232e-05
3.66 -0.48 2.95633e-05
3.66 -0.42 3.58811e-05
3.66 -0.36 4.29502e-05
3.66 -0.3 5.07056e-05
3.66 -0.24 5.90388e-05
3.66 -0.18 6.77966e-05
3.66 -0.12 7.6782e-05
3.66 -0.06 8.57652e-05
3.66 9.71445e-15 9.44808e-05
3.66 0.06 0.000102653
3.66 0.12 0.000109998
3.66 0.18 0.000116248
3.66 0.24 0.000121166
3.66 0.3 0.000124554
3.66 0.36 0.000126278
3.66 0.42 0.000126266
3.66 0.48 0.000124518
3.66 0.54 0.000121108
3.66 0.6 0.00011617
3.66 0.66 0.000109903
3.66 0.72 0.000102545
3.66 0.78 9.43641e-05
3.66 0.84 8.56424e-05
3.66 0.9 7.66576e-05
3.66 0.96 6.76738e-05
3.66 1.02 5.89207e-05
3.66 1.08 5.05948e-05
3.66 1.14 4.28477e-05
3.72 -0.6 1.2653e-05
3.72 -0.54 1.57881e-05
3.72 -0.48 1.94291e-05
3.72 -0.42 2.3581e-05
3.72 -0.36 2.82269e-05
3.72 -0.3 3.33238e-05
3.72 -0.24 3.88005e-05
3.72 -0.18 4.45559e-05
3.72 -0.12 5.04611e-05
3.72 -0.06 5.6365e-05
3.72 9.71445e-15 6.20931e-05
3.72 0.06 6.74633e-05
3.72 0.12 7.22906e-05
3.72 0.18 7.63981e-05
3.72 0.24 7.96301e-05
3.72 0.3 8.18568e-05
3.72 0.36 8.29899e-05
3.72 0.42 8.29817e-05
3.72 0.48 8.18332e-05
3.72 0.54 7.95922e-05
3.72 0.6 7.63475e-05
3.72 0.66 7.22281e-05
3.72 0.72 6.73922e-05
3.72 0.78 6.20158e-05
3.72 0.84 5.62839e-05
3.72 0.9 5.03795e-05
3.72 0.96 4.44753e-05
3.72 1.02 3.87225e-05
3.72 1.08 3.32509e-05
3.78 -0.54 1.02333e-05
3.78 -0.48 1.25933e-05
3.78 -0.42 1.52845e-05
3.78 -0.36 1.82958e-05
3.78 -0.3 2.15995e-05
3.78 -0.24 2.51492e-05
3.78 -0.18 2.88795e-05
3.78 -0.12 3.27074e-05
3.78 -0.06 3.65337e-05
3.78 9.71445e-15 4.02468e-05
3.78 0.06 4.37274e-05
3.78 0.12 4.68559e-05
3.78 0.18 4.95185e-05
3.78 0.24 5.16132e-05
3.78 0.3 5.30567e-05
3.78 0.36 5.37916e-05
3.78 0.42 5.3786e-05
3.78 0.48 5.30417e-05
3.78 0.54 5.15888e-05
3.78 0.6 4.9486e-05
3.78 0.66 4.68161e-05
3.78 0.72 4.36814e-05
3.78 0.78 4.01967e-05
3.78 0.84 3.64816e-05
3.78 0.9 3.26545e-05
3.78 0.96 2.88273e-05
3.84 -0.48 8.05035e-06
3.84 -0.42 9.77073e-06
3.84 -0.36 1.16957e-05
3.84 -0.3 1.38076e-05
3.84 -0.24 1.60766e-05
3.84 -0.18 1.84615e-05
3.84 -0.12 2.09086e-05
3.84 -0.06 2.33543e-05
3.84 9.71445e-15 2.57279e-05
3.84 0.06 2.79531e-05
3.84 0.12 2.99531e-05
3.84 0.18 3.16553e-05
3.84 0.24 3.29944e-05
3.84 0.3 3.3917e-05
3.84 0.36 3.43866e-05
3.84 0.42 3.43831e-05
3.84 0.48 3.39072e-05
3.84 0.54 3.29783e-05
3.84 0.6 3.16341e-05
3.84 0.66 2.99275e-05
3.84 0.72 2.79238e-05
3.84 0.78 2.56962e-05
3.84 0.84 2.33211e-05
3.84 0.9 2.08746e-05
3.9 -0.42 6.16009e-06
3.9 -0.36 7.3738e-06
3.9 -0.3 8.70529e-06
3.9 -0.24 1.01359e-05
3.9 -0.18 1.16394e-05
3.9 -0.12 1.31822e-05
3.9 -0.06 1.47244e-05
3.9 9.71445e-15 1.62207e-05
3.9 0.06 1.76235e-05
3.9 0.12 1.88847e-05
3.9 0.18 1.99578e-05
3.9 0.24 2.08018e-05
3.9 0.3 2.13837e-05
3.9 0.36 2.16796e-05
3.9 0.42 2.16777e-05
3.9 0.48 2.13775e-05
3.9 0.54 2.0792e-05
3.9 0.6 1.99443e-05
3.9 0.66 1.88683e-05
3.9 0.72 1.76051e-05
3.9 0.78 1.62006e-05
3.9 0.84 1.47031e-05
3.96 -0.36 4.58509e-06
3.96 -0.3 5.41296e-06
3.96 -0.24 6.30253e-06
3.96 -0.18 7.23742e-06
3.96 -0.12 8.19676e-06
3.96 -0.06 9.15564e-06
3.96 9.71445e-15 1.00861e-05
3.96 0.06 1.09585e-05
3.96 0.12 1.17426e-05
3.96 0.18 1.24098e-05
3.96 0.24 1.29347e-05
3.96 0.3 1.32965e-05
3.96 0.36 1.34805e-05
3.96 0.42 1.34791e-05
3.96 0.48 1.32927e-05
3.96 0.54 1.29285e-05
3.96 0.6 1.24015e-05
3.96 0.66 1.17325e-05
3.96 0.72 1.0947e-05
4.02 -0.24 3.86507e-06
4.02 -0.18 4.4384e-06
4.02 -0.12 5.02674e-06
4.02 -0.06 5.61474e-06
4.02 9.71445e-15 6.18537e-06
4.02 0.06 6.7203e-06
4.02 0.12 7.20114e-06
4.02 0.18 7.61038e-06
4.02 0.24 7.93225e-06
4.02 0.3 8.15414e-06
4.02 0.36 8.26705e-06
4.02 0.42 8.26625e-06
4.02 0.48 8.15181e-06
4.02 0.54 7.92845e-06
4.02 0.6 7.6053e-06
4.08 -0.18 2.68448e-06
4.08 -0.12 3.04028e-06
4.08 -0.06 3.39597e-06
4.08 9.71445e-15 3.7411e-06
4.08 0.06 4.06463e-06
4.08 0.12 4.35548e-06
4.08 0.18 4.60295e-06
4.08 0.24 4.79768e-06
4.08 0.3 4.93184e-06
4.08 0.36 5.00013e-06
4.08 0.42 4.99963e-06
4.08 0.48 4.93043e-06
4.14 -0.12 1.81357e-06
4.14 -0.06 2.02575e-06
4.14 9.71445e-15 2.23161e-06
4.14 0.06 2.42462e-06
4.14 0.12 2.59812e-06
4.14 0.18 2.74575e-06
4.14 0.24 2.86187e-06
4.14 0.3 2.94193e-06
4.2 9.71445e-15 1.31288e-06
4.2 0.06 1.42643e-06
4.2 0.12 1.52851e-06
