3357 0.06 0.06 0.13866 -12 -12
-1.62 -0.78 2.04611e-06
-1.62 -0.72 1.95836e-06
-1.62 -0.66 1.84863e-06
-1.62 -0.6 1.72102e-06
-1.56 -0.96 3.6648e-06
-1.56 -0.9 3.65633e-06
-1.56 -0.84 3.59776e-06
-1.56 -0.78 3.49148e-06
-1.56 -0.72 3.34174e-06
-1.56 -0.66 3.15444e-06
-1.56 -0.6 2.93675e-06
-1.56 -0.54 2.69646e-06
-1.56 -0.48 2.44184e-06
-1.5 -1.14 5.71564e-06
-1.5 -1.08 5.94417e-06
-1.5 -1.02 6.09693e-06
-1.5 -0.96 6.16763e-06
-1.5 -0.9 6.15344e-06
-1.5 -0.84 6.0548e-06
-1.5 -0.78 5.87594e-06
-1.5 -0.72 5.62391e-06
-1.5 -0.66 5.30876e-06
-1.5 -0.6 4.94235e-06
-1.5 -0.54 4.53802e-06
-1.5 -0.48 4.10945e-06
-1.5 -0.42 3.67022e-06
-1.5 -0.36 3.23287e-06
-1.44 -1.26 8.41436e-06
-1.44 -1.2 8.99658e-06
-1.44 -1.14 9.48671e-06
-1.44 -1.08 9.86613e-06
-1.44 -1.02 1.01197e-05
-1.44 -0.96 1.0237e-05
-1.44 -0.9 1.02133e-05
-1.44 -0.84 1.00498e-05
-1.44 -0.78 9.75284e-06
-1.44 -0.72 9.3346e-06
-1.44 -0.66 8.81144e-06
-1.44 -0.6 8.20336e-06
-1.44 -0.54 7.53214e-06
-1.44 -0.48 6.82087e-06
-1.44 -0.42 6.09185e-06
-1.44 -0.36 5.36598e-06
-1.44 -0.3 4.66156e-06
-1.38 -1.38 1.15593e-05
-1.38 -1.32 1.2706e-05
-1.38 -1.26 1.37744e-05
-1.38 -1.2 1.47273e-05
-1.38 -1.14 1.55298e-05
-1.38 -1.08 1.61508e-05
-1.38 -1.02 1.65657e-05
-1.38 -0.96 1.67578e-05
-1.38 -0.9 1.67193e-05
-1.38 -0.84 1.64513e-05
-1.38 -0.78 1.59652e-05
-1.38 -0.72 1.52806e-05
-1.38 -0.66 1.44243e-05
-1.38 -0.6 1.34287e-05
-1.38 -0.54 1.23301e-05
-1.38 -0.48 1.11657e-05
-1.38 -0.42 9.97227e-06
-1.38 -0.36 8.7839e-06
-1.38 -0.3 7.63093e-06
-1.38 -0.24 6.53812e-06
-1.32 -1.44 1.67449e-05
-1.32 -1.38 1.86624e-05
-1.32 -1.32 2.05136e-05
-1.32 -1.26 2.22385e-05
-1.32 -1.2 2.37769e-05
-1.32 -1.14 2.50725e-05
-1.32 -1.08 2.6075e-05
-1.32 -1.02 2.67453e-05
-1.32 -0.96 2.70555e-05
-1.32 -0.9 2.6993e-05
-1.32 -0.84 2.65606e-05
-1.32 -0.78 2.57758e-05
-1.32 -0.72 2.467e-05
-1.32 -0.66 2.32877e-05
-1.32 -0.6 2.16804e-05
-1.32 -0.54 1.99067e-05
-1.32 -0.48 1.80267e-05
-1.32 -0.42 1.61e-05
-1.32 -0.36 1.41816e-05
-1.32 -0.3 1.232e-05
-1.32 -0.24 1.05557e-05
-1.32 -0.18 8.91977e-06
-1.32 -0.12 7.43376e-06
-1.26 -1.56 2.05922e-05
-1.26 -1.5 2.35946e-05
-1.26 -1.44 2.66628e-05
-1.26 -1.38 2.97162e-05
-1.26 -1.32 3.26635e-05
-1.26 -1.26 3.54101e-05
-1.26 -1.2 3.78599e-05
-1.26 -1.14 3.99227e-05
-1.26 -1.08 4.1519e-05
-1.26 -1.02 4.25862e-05
-1.26 -0.96 4.30804e-05
-1.26 -0.9 4.29807e-05
-1.26 -0.84 4.22923e-05
-1.26 -0.78 4.10424e-05
-1.26 -0.72 3.92822e-05
-1.26 -0.66 3.7081e-05
-1.26 -0.6 3.45218e-05
-1.26 -0.54 3.16974e-05
-1.26 -0.48 2.87038e-05
-1.26 -0.42 2.56359e-05
-1.26 -0.36 2.25814e-05
-1.26 -0.3 1.9617e-05
-1.26 -0.24 1.68078e-05
-1.26 -0.18 1.42028e-05
-1.26 -0.12 1.18366e-05
-1.26 -0.06 9.72903e-06
-1.2 -1.62 2.78354e-05
-1.2 -1.56 3.23381e-05
-1.2 -1.5 3.70531e-05
-1.2 -1.44 4.18716e-05
-1.2 -1.38 4.66664e-05
-1.2 -1.32 5.12947e-05
-1.2 -1.26 5.56084e-05
-1.2 -1.2 5.94556e-05
-1.2 -1.14 6.26951e-05
-1.2 -1.08 6.5202e-05
-1.2 -1.02 6.68774e-05
-1.2 -0.96 6.76536e-05
-1.2 -0.9 6.74974e-05
-1.2 -0.84 6.6416e-05
-1.2 -0.78 6.44533e-05
-1.2 -0.72 6.16892e-05
-1.2 -0.66 5.82323e-05
-1.2 -0.6 5.42132e-05
-1.2 -0.54 4.97779e-05
-1.2 -0.48 4.50767e-05
-1.2 -0.42 4.02588e-05
-1.2 -0.36 3.54619e-05
-1.2 -0.3 3.08069e-05
-1.2 -0.24 2.63951e-05
-1.2 -0.18 2.23041e-05
-1.2 -0.12 1.85884e-05
-1.2 -0.06 1.52786e-05
-1.2 9.71445e-15 1.23856e-05
-1.14 -1.68 3.65994e-05
-1.14 -1.62 4.31122e-05
-1.14 -1.56 5.00858e-05
-1.14 -1.5 5.73885e-05
-1.14 -1.44 6.48515e-05
-1.14 -1.38 7.22777e-05
-1.14 -1.32 7.94465e-05
-1.14 -1.26 8.61276e-05
-1.14 -1.2 9.20859e-05
-1.14 -1.14 9.71036e-05
-1.14 -1.08 0.000100986
-1.14 -1.02 0.000103581
-1.14 -0.96 0.000104783
-1.14 -0.9 0.000104541
-1.14 -0.84 0.000102866
-1.14 -0.78 9.98265e-05
-1.14 -0.72 9.55452e-05
-1.14 -0.66 9.01915e-05
-1.14 -0.6 8.39663e-05
-1.14 -0.54 7.70971e-05
-1.14 -0.48 6.9816e-05
-1.14 -0.42 6.23535e-05
-1.14 -0.36 5.49239e-05
-1.14 -0.3 4.77142e-05
-1.14 -0.24 4.08811e-05
-1.14 -0.18 3.45451e-05
-1.14 -0.12 2.87901e-05
-1.14 -0.06 2.36637e-05
-1.14 9.71445e-15 1.91831e-05
-1.14 0.06 1.53368e-05
-1.08 -1.8 3.86521e-05
-1.08 -1.74 4.68082e-05
-1.08 -1.68 5.59067e-05
-1.08 -1.62 6.58555e-05
-1.08 -1.56 7.65076e-05
-1.08 -1.5 8.76624e-05
-1.08 -1.44 9.90621e-05
-1.08 -1.38 0.000110407
-1.08 -1.32 0.000121358
-1.08 -1.26 0.000131562
-1.08 -1.2 0.000140663
-1.08 -1.14 0.000148329
-1.08 -1.08 0.00015426
-1.08 -1.02 0.000158222
-1.08 -0.96 0.000160059
-1.08 -0.9 0.00015969
-1.08 -0.84 0.000157131
-1.08 -0.78 0.000152487
-1.08 -0.72 0.000145949
-1.08 -0.66 0.00013777
-1.08 -0.6 0.000128261
-1.08 -0.54 0.000117768
-1.08 -0.48 0.000106647
-1.08 -0.42 9.52468e-05
-1.08 -0.36 8.38978e-05
-1.08 -0.3 7.28846e-05
-1.08 -0.24 6.24475e-05
-1.08 -0.18 5.2769e-05
-1.08 -0.12 4.39776e-05
-1.08 -0.06 3.61471e-05
-1.08 9.71445e-15 2.93027e-05
-1.08 0.06 2.34275e-05
-1.08 0.12 1.84729e-05
-1.02 -1.86 4.74228e-05
-1.02 -1.8 5.82301e-05
-1.02 -1.74 7.05185e-05
-1.02 -1.68 8.42244e-05
-1.02 -1.62 9.9213e-05
-1.02 -1.56 0.000115262
-1.02 -1.5 0.000132068
-1.02 -1.44 0.000149241
-1.02 -1.38 0.000166332
-1.02 -1.32 0.000182831
-1.02 -1.26 0.000198201
-1.02 -1.2 0.000211915
-1.02 -1.14 0.00022346
-1.02 -1.08 0.000232397
-1.02 -1.02 0.00023837
-1.02 -0.96 0.000241134
-1.02 -0.9 0.000240575
-1.02 -0.84 0.000236723
-1.02 -0.78 0.000229729
-1.02 -0.72 0.000219877
-1.02 -0.66 0.000207554
-1.02 -0.6 0.000193231
-1.02 -0.54 0.00017742
-1.02 -0.48 0.000160666
-1.02 -0.42 0.000143494
-1.02 -0.36 0.000126396
-1.02 -0.3 0.000109803
-1.02 -0.24 9.40796e-05
-1.02 -0.18 7.94986e-05
-1.02 -0.12 6.62534e-05
-1.02 -0.06 5.44569e-05
-1.02 9.71445e-15 4.41449e-05
-1.02 0.06 3.52945e-05
-1.02 0.12 2.78304e-05
-1.02 0.18 2.16429e-05
-0.96 -1.92 5.65959e-05
-0.96 -1.86 7.0462e-05
-0.96 -1.8 8.65203e-05
-0.96 -1.74 0.000104777
-0.96 -1.68 0.000125143
-0.96 -1.62 0.000147413
-0.96 -1.56 0.00017126
-0.96 -1.5 0.000196228
-0.96 -1.44 0.000221747
-0.96 -1.38 0.000247138
-0.96 -1.32 0.000271653
-0.96 -1.26 0.000294497
-0.96 -1.2 0.000314869
-0.96 -1.14 0.000332025
-0.96 -1.08 0.000345302
-0.96 -1.02 0.000354178
-0.96 -0.96 0.000358284
-0.96 -0.9 0.000357458
-0.96 -0.84 0.000351731
-0.96 -0.78 0.000341339
-0.96 -0.72 0.000326697
-0.96 -0.66 0.000308389
-0.96 -0.6 0.000287104
-0.96 -0.54 0.000263616
-0.96 -0.48 0.000238721
-0.96 -0.42 0.000213207
-0.96 -0.36 0.000187801
-0.96 -0.3 0.00016315
-0.96 -0.24 0.000139784
-0.96 -0.18 0.000118121
-0.96 -0.12 9.84424e-05
-0.96 -0.06 8.09137e-05
-0.96 9.71445e-15 6.55928e-05
-0.96 0.06 5.24414e-05
-0.96 0.12 4.13509e-05
-0.96 0.18 3.21574e-05
-0.9 -1.98 6.56989e-05
-0.9 -1.92 8.29355e-05
-0.9 -1.86 0.000103256
-0.9 -1.8 0.000126787
-0.9 -1.74 0.000153542
-0.9 -1.68 0.000183385
-0.9 -1.62 0.000216021
-0.9 -1.56 0.000250965
-0.9 -1.5 0.000287554
-0.9 -1.44 0.000324949
-0.9 -1.38 0.00036216
-0.9 -1.32 0.000398082
-0.9 -1.26 0.000431553
-0.9 -1.2 0.000461412
-0.9 -1.14 0.000486551
-0.9 -1.08 0.00050601
-0.9 -1.02 0.000519009
-0.9 -0.96 0.000525027
-0.9 -0.9 0.000523816
-0.9 -0.84 0.000515423
-0.9 -0.78 0.000500196
-0.9 -0.72 0.000478748
-0.9 -0.66 0.000451916
-0.9 -0.6 0.000420727
-0.9 -0.54 0.000386304
-0.9 -0.48 0.000349826
-0.9 -0.42 0.000312434
-0.9 -0.36 0.000275205
-0.9 -0.3 0.00023908
-0.9 -0.24 0.000204843
-0.9 -0.18 0.000173094
-0.9 -0.12 0.000144256
-0.9 -0.06 0.000118572
-0.9 9.71445e-15 9.61191e-05
-0.9 0.06 7.6848e-05
-0.9 0.12 6.05955e-05
-0.9 0.18 4.71239e-05
-0.9 0.24 3.61433e-05
-0.84 -1.98 9.49518e-05
-0.84 -1.92 0.000119863
-0.84 -1.86 0.000149231
-0.84 -1.8 0.00018324
-0.84 -1.74 0.000221906
-0.84 -1.68 0.00026504
-0.84 -1.62 0.000312205
-0.84 -1.56 0.000362708
-0.84 -1.5 0.000415588
-0.84 -1.44 0.000469632
-0.84 -1.38 0.000523411
-0.84 -1.32 0.000575334
-0.84 -1.26 0.00062371
-0.84 -1.2 0.000666852
-0.84 -1.14 0.000703192
-0.84 -1.08 0.000731311
-0.84 -1.02 0.000750106
-0.84 -0.96 0.000758806
-0.84 -0.9 0.000757054
-0.84 -0.84 0.000744927
-0.84 -0.78 0.000722914
-0.84 -0.72 0.000691906
-0.84 -0.66 0.000653136
-0.84 -0.6 0.000608054
-0.84 -0.54 0.00055831
-0.84 -0.48 0.000505585
-0.84 -0.42 0.000451547
-0.84 -0.36 0.000397741
-0.84 -0.3 0.00034553
-0.84 -0.24 0.000296048
-0.84 -0.18 0.000250168
-0.84 -0.12 0.00020849
-0.84 -0.06 0.000171365
-0.84 9.71445e-15 0.000138918
-0.84 0.06 0.000111065
-0.84 0.12 8.75762e-05
-0.84 0.18 6.81059e-05
-0.84 0.24 5.22366e-05
-0.84 0.3 3.95138e-05
-0.78 -2.04 0.000105741
-0.78 -1.98 0.000135345
-0.78 -1.92 0.000170852
-0.78 -1.86 0.000212713
-0.78 -1.8 0.000261191
-0.78 -1.74 0.000316307
-0.78 -1.68 0.000377789
-0.78 -1.62 0.000445014
-0.78 -1.56 0.000517
-0.78 -1.5 0.000592381
-0.78 -1.44 0.000669416
-0.78 -1.38 0.000746073
-0.78 -1.32 0.000820066
-0.78 -1.26 0.000889031
-0.78 -1.2 0.000950538
-0.78 -1.14 0.00100233
-0.78 -1.08 0.00104241
-0.78 -1.02 0.00106919
-0.78 -0.96 0.0010816
-0.78 -0.9 0.0010791
-0.78 -0.84 0.00106182
-0.78 -0.78 0.00103044
-0.78 -0.72 0.000986247
-0.78 -0.66 0.000930979
-0.78 -0.6 0.000866726
-0.78 -0.54 0.000795816
-0.78 -0.48 0.000720657
-0.78 -0.42 0.000643631
-0.78 -0.36 0.000566942
-0.78 -0.3 0.00049252
-0.78 -0.24 0.000421988
-0.78 -0.18 0.000356583
-0.78 -0.12 0.000297179
-0.78 -0.06 0.000244264
-0.78 9.71445e-15 0.000198013
-0.78 0.06 0.00015831
-0.78 0.12 0.000124831
-0.78 0.18 9.70787e-05
-0.78 0.24 7.44576e-05
-0.78 0.3 5.63233e-05
-0.78 0.36 4.20195e-05
-0.72 -2.1 0.000114542
-0.72 -2.04 0.000148652
-0.72 -1.98 0.000190267
-0.72 -1.92 0.000240186
-0.72 -1.86 0.000299034
-0.72 -1.8 0.000367181
-0.72 -1.74 0.000444664
-0.72 -1.68 0.000531094
-0.72 -1.62 0.000625604
-0.72 -1.56 0.000726807
-0.72 -1.5 0.000832765
-0.72 -1.44 0.000941071
-0.72 -1.38 0.00104883
-0.72 -1.32 0.00115286
-0.72 -1.26 0.0012498
-0.72 -1.2 0.00133627
-0.72 -1.14 0.00140907
-0.72 -1.08 0.00146543
-0.72 -1.02 0.00150308
-0.72 -0.96 0.0015205
-0.72 -0.9 0.001517
-0.72 -0.84 0.00149269
-0.72 -0.78 0.0014486
-0.72 -0.72 0.00138647
-0.72 -0.66 0.00130876
-0.72 -0.6 0.00121844
-0.72 -0.54 0.00111875
-0.72 -0.48 0.00101311
-0.72 -0.42 0.000904826
-0.72 -0.36 0.000797003
-0.72 -0.3 0.000692389
-0.72 -0.24 0.00059323
-0.72 -0.18 0.000501287
-0.72 -0.12 0.000417775
-0.72 -0.06 0.000343389
-0.72 9.71445e-15 0.000278367
-0.72 0.06 0.000222555
-0.72 0.12 0.000175488
-0.72 0.18 0.000136473
-0.72 0.24 0.000104673
-0.72 0.3 7.91792e-05
-0.72 0.36 5.90713e-05
-0.66 -2.16 0.000120687
-0.66 -2.1 0.000158809
-0.66 -2.04 0.000206103
-0.66 -1.98 0.0002638
-0.66 -1.92 0.000333014
-0.66 -1.86 0.000414603
-0.66 -1.8 0.000509086
-0.66 -1.74 0.000616514
-0.66 -1.68 0.000736345
-0.66 -1.62 0.000867386
-0.66 -1.56 0.0010077
-0.66 -1.5 0.00115462
-0.66 -1.44 0.00130477
-0.66 -1.38 0.00145418
-0.66 -1.32 0.00159842
-0.66 -1.26 0.00173282
-0.66 -1.2 0.00185271
-0.66 -1.14 0.00195364
-0.66 -1.08 0.00203178
-0.66 -1.02 0.002084
-0.66 -0.96 0.00210815
-0.66 -0.9 0.00210329
-0.66 -0.84 0.00206959
-0.66 -0.78 0.00200845
-0.66 -0.72 0.00192231
-0.66 -0.66 0.00181456
-0.66 -0.6 0.00168934
-0.66 -0.54 0.00155112
-0.66 -0.48 0.00140465
-0.66 -0.42 0.00125452
-0.66 -0.36 0.00110503
-0.66 -0.3 0.000959982
-0.66 -0.24 0.0008225
-0.66 -0.18 0.000695027
-0.66 -0.12 0.000579236
-0.66 -0.06 0.000476102
-0.66 9.71445e-15 0.000385949
-0.66 0.06 0.000308568
-0.66 0.12 0.000243311
-0.66 0.18 0.000189216
-0.66 0.24 0.000145127
-0.66 0.3 0.00010978
-0.66 0.36 8.19013e-05
-0.66 0.42 6.0262e-05
-0.6 -2.22 0.00012369
-0.6 -2.16 0.00016503
-0.6 -2.1 0.000217159
-0.6 -2.04 0.000281829
-0.6 -1.98 0.000360727
-0.6 -1.92 0.00045537
-0.6 -1.86 0.000566935
-0.6 -1.8 0.000696134
-0.6 -1.74 0.000843034
-0.6 -1.68 0.00100689
-0.6 -1.62 0.00118608
-0.6 -1.56 0.00137795
-0.6 -1.5 0.00157885
-0.6 -1.44 0.00178417
-0.6 -1.38 0.00198848
-0.6 -1.32 0.00218572
-0.6 -1.26 0.00236949
-0.6 -1.2 0.00253342
-0.6 -1.14 0.00267144
-0.6 -1.08 0.0027783
-0.6 -1.02 0.0028497
-0.6 -0.96 0.00288274
-0.6 -0.9 0.00287608
-0.6 -0.84 0.00283001
-0.6 -0.78 0.0027464
-0.6 -0.72 0.0026286
-0.6 -0.66 0.00248127
-0.6 -0.6 0.00231004
-0.6 -0.54 0.00212103
-0.6 -0.48 0.00192074
-0.6 -0.42 0.00171546
-0.6 -0.36 0.00151105
-0.6 -0.3 0.0013127
-0.6 -0.24 0.00112471
-0.6 -0.18 0.000950393
-0.6 -0.12 0.00079206
-0.6 -0.06 0.00065103
-0.6 9.71445e-15 0.000527754
-0.6 0.06 0.000421942
-0.6 0.12 0.000332709
-0.6 0.18 0.000258738
-0.6 0.24 0.00019845
-0.6 0.3 0.000150115
-0.6 0.36 0.000111994
-0.6 0.42 8.24033e-05
-0.54 -2.22 0.000166811
-0.54 -2.16 0.000222563
-0.54 -2.1 0.000292865
-0.54 -2.04 0.000380081
-0.54 -1.98 0.000486485
-0.54 -1.92 0.000614122
-0.54 -1.86 0.000764579
-0.54 -1.8 0.000938827
-0.54 -1.74 0.00113693
-0.54 -1.68 0.00135792
-0.54 -1.62 0.00159957
-0.54 -1.56 0.00185834
-0.54 -1.5 0.00212927
-0.54 -1.44 0.00240617
-0.54 -1.38 0.0026817
-0.54 -1.32 0.0029477
-0.54 -1.26 0.00319557
-0.54 -1.2 0.00341663
-0.54 -1.14 0.00360279
-0.54 -1.08 0.00374686
-0.54 -1.02 0.00384317
-0.54 -0.96 0.00388773
-0.54 -0.9 0.00387876
-0.54 -0.84 0.00381662
-0.54 -0.78 0.00370386
-0.54 -0.72 0.00354498
-0.54 -0.66 0.00334631
-0.54 -0.6 0.00311536
-0.54 -0.54 0.00286048
-0.54 -0.48 0.00259034
-0.54 -0.42 0.0023135
-0.54 -0.36 0.00203783
-0.54 -0.3 0.00177033
-0.54 -0.24 0.0015168
-0.54 -0.18 0.00128172
-0.54 -0.12 0.00106819
-0.54 -0.06 0.000877992
-0.54 9.71445e-15 0.000711744
-0.54 0.06 0.000569039
-0.54 0.12 0.000448698
-0.54 0.18 0.00034894
-0.54 0.24 0.000267634
-0.54 0.3 0.000202449
-0.54 0.36 0.000151037
-0.54 0.42 0.000111131
-0.54 0.48 8.06458e-05
-0.48 -2.28 0.000164009
-0.48 -2.22 0.000221874
-0.48 -2.16 0.000296026
-0.48 -2.1 0.000389535
-0.48 -2.04 0.00050554
-0.48 -1.98 0.000647061
-0.48 -1.92 0.000816829
-0.48 -1.86 0.00101697
-0.48 -1.8 0.00124873
-0.48 -1.74 0.00151222
-0.48 -1.68 0.00180617
-0.48 -1.62 0.00212759
-0.48 -1.56 0.00247174
-0.48 -1.5 0.00283208
-0.48 -1.44 0.0032004
-0.48 -1.38 0.00356686
-0.48 -1.32 0.00392072
-0.48 -1.26 0.00425039
-0.48 -1.2 0.0045444
-0.48 -1.14 0.00479205
-0.48 -1.08 0.00498367
-0.48 -1.02 0.00511172
-0.48 -0.96 0.00517099
-0.48 -0.9 0.0051591
-0.48 -0.84 0.00507641
-0.48 -0.78 0.00492643
-0.48 -0.72 0.00471515
-0.48 -0.66 0.00445091
-0.48 -0.6 0.00414367
-0.48 -0.54 0.00380471
-0.48 -0.48 0.00344542
-0.48 -0.42 0.00307715
-0.48 -0.36 0.00271046
-0.48 -0.3 0.00235468
-0.48 -0.24 0.00201746
-0.48 -0.18 0.00170481
-0.48 -0.12 0.00142079
-0.48 -0.06 0.00116781
-0.48 9.71445e-15 0.000946684
-0.48 0.06 0.000756877
-0.48 0.12 0.000596803
-0.48 0.18 0.000464119
-0.48 0.24 0.000355975
-0.48 0.3 0.000269273
-0.48 0.36 0.000200891
-0.48 0.42 0.000147815
-0.48 0.48 0.000107266
-0.42 -2.28 0.000215146
-0.42 -2.22 0.000291054
-0.42 -2.16 0.000388329
-0.42 -2.1 0.000510998
-0.42 -2.04 0.000663168
-0.42 -1.98 0.000848826
-0.42 -1.92 0.00107152
-0.42 -1.86 0.00133406
-0.42 -1.8 0.00163808
-0.42 -1.74 0.00198376
-0.42 -1.68 0.00236933
-0.42 -1.62 0.00279098
-0.42 -1.56 0.00324245
-0.42 -1.5 0.00371518
-0.42 -1.44 0.00419833
-0.42 -1.38 0.00467908
-0.42 -1.32 0.0051432
-0.42 -1.26 0.00557564
-0.42 -1.2 0.00596142
-0.42 -1.14 0.0062862
-0.42 -1.08 0.00653763
-0.42 -1.02 0.00670558
-0.42 -0.96 0.00678332
-0.42 -0.9 0.00676769
-0.42 -0.84 0.00665924
-0.42 -0.78 0.00646252
-0.42 -0.72 0.0061854
-0.42 -0.66 0.00583871
-0.42 -0.6 0.00543577
-0.42 -0.54 0.00499101
-0.42 -0.48 0.00451972
-0.42 -0.42 0.00403664
-0.42 -0.36 0.00355563
-0.42 -0.3 0.00308891
-0.42 -0.24 0.00264655
-0.42 -0.18 0.00223636
-0.42 -0.12 0.00186378
-0.42 -0.06 0.00153194
-0.42 9.71445e-15 0.00124185
-0.42 0.06 0.000992872
-0.42 0.12 0.00078289
-0.42 0.18 0.000608839
-0.42 0.24 0.00046697
-0.42 0.3 0.000353238
-0.42 0.36 0.00026353
-0.42 0.42 0.000193904
-0.42 0.48 0.000140712
-0.42 0.54 0.000100708
-0.36 -2.34 0.000202928
-0.36 -2.28 0.000278351
-0.36 -2.22 0.000376558
-0.36 -2.16 0.00050241
-0.36 -2.1 0.000661115
-0.36 -2.04 0.000857987
-0.36 -1.98 0.00109819
-0.36 -1.92 0.0013863
-0.36 -1.86 0.00172595
-0.36 -1.8 0.00211932
-0.36 -1.74 0.00256651
-0.36 -1.68 0.00306539
-0.36 -1.62 0.00361087
-0.36 -1.56 0.00419496
-0.36 -1.5 0.0048066
-0.36 -1.44 0.00543163
-0.36 -1.38 0.00605365
-0.36 -1.32 0.00665412
-0.36 -1.26 0.00721361
-0.36 -1.2 0.00771264
-0.36 -1.14 0.00813291
-0.36 -1.08 0.00845806
-0.36 -1.02 0.0086755
-0.36 -0.96 0.00877617
-0.36 -0.9 0.00875585
-0.36 -0.84 0.00861563
-0.36 -0.78 0.008361
-0.36 -0.72 0.00800239
-0.36 -0.66 0.00755401
-0.36 -0.6 0.00703262
-0.36 -0.54 0.00645729
-0.36 -0.48 0.00584745
-0.36 -0.42 0.00522244
-0.36 -0.36 0.00460018
-0.36 -0.3 0.00399629
-0.36 -0.24 0.00342401
-0.36 -0.18 0.00289336
-0.36 -0.12 0.00241132
-0.36 -0.06 0.00198195
-0.36 9.71445e-15 0.00160668
-0.36 0.06 0.00128454
-0.36 0.12 0.00101288
-0.36 0.18 0.000787698
-0.36 0.24 0.000604152
-0.36 0.3 0.000457008
-0.36 0.36 0.000340948
-0.36 0.42 0.000250866
-0.36 0.48 0.000182048
-0.36 0.54 0.000130292
-0.3 -2.34 0.000258936
-0.3 -2.28 0.000355174
-0.3 -2.22 0.000480485
-0.3 -2.16 0.000641073
-0.3 -2.1 0.000843574
-0.3 -2.04 0.00109479
-0.3 -1.98 0.00140127
-0.3 -1.92 0.00176892
-0.3 -1.86 0.00220232
-0.3 -1.8 0.0027042
-0.3 -1.74 0.00327486
-0.3 -1.68 0.00391138
-0.3 -1.62 0.00460745
-0.3 -1.56 0.00535279
-0.3 -1.5 0.00613315
-0.3 -1.44 0.00693079
-0.3 -1.38 0.00772437
-0.3 -1.32 0.00849062
-0.3 -1.26 0.0092045
-0.3 -1.2 0.00984136
-0.3 -1.14 0.0103775
-0.3 -1.08 0.0107926
-0.3 -1.02 0.0110699
-0.3 -0.96 0.0111982
-0.3 -0.9 0.0111724
-0.3 -0.84 0.0109933
-0.3 -0.78 0.0106686
-0.3 -0.72 0.0102111
-0.3 -0.66 0.00963872
-0.3 -0.6 0.00897355
-0.3 -0.54 0.00823934
-0.3 -0.48 0.00746133
-0.3 -0.42 0.00666387
-0.3 -0.36 0.00586976
-0.3 -0.3 0.0050993
-0.3 -0.24 0.00436901
-0.3 -0.18 0.00369189
-0.3 -0.12 0.00307682
-0.3 -0.06 0.00252899
-0.3 9.71445e-15 0.00205011
-0.3 0.06 0.00163908
-0.3 0.12 0.00129243
-0.3 0.18 0.00100509
-0.3 0.24 0.000770896
-0.3 0.3 0.000583137
-0.3 0.36 0.000435049
-0.3 0.42 0.000320104
-0.3 0.48 0.000232293
-0.3 0.54 0.000166253
-0.3 0.6 0.000117352
-0.24 -2.4 0.000234295
-0.24 -2.34 0.000325857
-0.24 -2.28 0.000446965
-0.24 -2.22 0.000604667
-0.24 -2.16 0.000806759
-0.24 -2.1 0.00106159
-0.24 -2.04 0.00137772
-0.24 -1.98 0.00176343
-0.24 -1.92 0.00222609
-0.24 -1.86 0.0027715
-0.24 -1.8 0.00340312
-0.24 -1.74 0.00412125
-0.24 -1.68 0.00492229
-0.24 -1.62 0.00579824
-0.24 -1.56 0.00673618
-0.24 -1.5 0.00771829
-0.24 -1.44 0.00872193
-0.24 -1.38 0.0097208
-0.24 -1.32 0.010685
-0.24 -1.26 0.0115834
-0.24 -1.2 0.0123847
-0.24 -1.14 0.0130596
-0.24 -1.08 0.0135818
-0.24 -1.02 0.0139308
-0.24 -0.96 0.0140924
-0.24 -0.9 0.0140598
-0.24 -0.84 0.0138346
-0.24 -0.78 0.0134258
-0.24 -0.72 0.0128501
-0.24 -0.66 0.01213
-0.24 -0.6 0.0112928
-0.24 -0.54 0.0103689
-0.24 -0.48 0.00938969
-0.24 -0.42 0.00838608
-0.24 -0.36 0.00738683
-0.24 -0.3 0.00641713
-0.24 -0.24 0.00549821
-0.24 -0.18 0.00464608
-0.24 -0.12 0.00387201
-0.24 -0.06 0.00318257
-0.24 9.71445e-15 0.00257994
-0.24 0.06 0.00206269
-0.24 0.12 0.00162646
-0.24 0.18 0.00126485
-0.24 0.24 0.000970122
-0.24 0.3 0.000733848
-0.24 0.36 0.000547487
-0.24 0.42 0.000402835
-0.24 0.48 0.000292326
-0.24 0.54 0.00020922
-0.24 0.6 0.00014768
-0.18 -2.4 0.000290797
-0.18 -2.34 0.000404437
-0.18 -2.28 0.000554756
-0.18 -2.22 0.000750481
-0.18 -2.16 0.0010013
-0.18 -2.1 0.0013176
-0.18 -2.04 0.00170998
-0.18 -1.98 0.00218869
-0.18 -1.92 0.0027629
-0.18 -1.86 0.00343987
-0.18 -1.8 0.00422381
-0.18 -1.74 0.00511507
-0.18 -1.68 0.00610935
-0.18 -1.62 0.00719653
-0.18 -1.56 0.00836058
-0.18 -1.5 0.00957951
-0.18 -1.44 0.0108253
-0.18 -1.38 0.0120649
-0.18 -1.32 0.0132617
-0.18 -1.26 0.0143769
-0.18 -1.2 0.0153714
-0.18 -1.14 0.016209
-0.18 -1.08 0.0168571
-0.18 -1.02 0.0172902
-0.18 -0.96 0.0174909
-0.18 -0.9 0.0174506
-0.18 -0.84 0.0171709
-0.18 -0.78 0.0166635
-0.18 -0.72 0.0159489
-0.18 -0.66 0.0150552
-0.18 -0.6 0.014016
-0.18 -0.54 0.0128694
-0.18 -0.48 0.0116541
-0.18 -0.42 0.0104084
-0.18 -0.36 0.00916812
-0.18 -0.3 0.00796467
-0.18 -0.24 0.00682407
-0.18 -0.18 0.00576644
-0.18 -0.12 0.00480579
-0.18 -0.06 0.00395007
-0.18 9.71445e-15 0.00320214
-0.18 0.06 0.00256011
-0.18 0.12 0.00201866
-0.18 0.18 0.00156988
-0.18 0.24 0.00120408
-0.18 0.3 0.000910818
-0.18 0.36 0.000679505
-0.18 0.42 0.000499981
-0.18 0.48 0.000362825
-0.18 0.54 0.000259675
-0.18 0.6 0.000183295
-0.12 -2.46 0.000252425
-0.12 -2.4 0.000355964
-0.12 -2.34 0.000495069
-0.12 -2.28 0.000679075
-0.12 -2.22 0.000918661
-0.12 -2.16 0.00122569
-0.12 -2.1 0.00161286
-0.12 -2.04 0.00209318
-0.12 -1.98 0.00267915
-0.12 -1.92 0.00338207
-0.12 -1.86 0.00421071
-0.12 -1.8 0.00517032
-0.12 -1.74 0.0062613
-0.12 -1.68 0.00747838
-0.12 -1.62 0.00880919
-0.12 -1.56 0.0102342
-0.12 -1.5 0.0117262
-0.12 -1.44 0.0132512
-0.12 -1.38 0.0147685
-0.12 -1.32 0.0162336
-0.12 -1.26 0.0175986
-0.12 -1.2 0.018816
-0.12 -1.14 0.0198413
-0.12 -1.08 0.0206346
-0.12 -1.02 0.021165
-0.12 -0.96 0.0214103
-0.12 -0.9 0.0213611
-0.12 -0.84 0.0210187
-0.12 -0.78 0.0203978
-0.12 -0.72 0.0195229
-0.12 -0.66 0.0184289
-0.12 -0.6 0.0171568
-0.12 -0.54 0.0157533
-0.12 -0.48 0.0142656
-0.12 -0.42 0.0127408
-0.12 -0.36 0.0112226
-0.12 -0.3 0.00974953
-0.12 -0.24 0.00835322
-0.12 -0.18 0.00705869
-0.12 -0.12 0.00588275
-0.12 -0.06 0.00483525
-0.12 9.71445e-15 0.00391972
-0.12 0.06 0.00313381
-0.12 0.12 0.00247105
-0.12 0.18 0.00192168
-0.12 0.24 0.00147391
-0.12 0.3 0.00111492
-0.12 0.36 0.000831781
-0.12 0.42 0.000612023
-0.12 0.48 0.000444132
-0.12 0.54 0.000317865
-0.12 0.6 0.000224371
-0.12 0.66 0.000156199
-0.06 -2.46 0.000304746
-0.06 -2.4 0.000429744
-0.06 -2.34 0.000597681
-0.06 -2.28 0.000819825
-0.06 -2.22 0.00110907
-0.06 -2.16 0.00147973
-0.06 -2.1 0.00194715
-0.06 -2.04 0.00252702
-0.06 -1.98 0.00323445
-0.06 -1.92 0.00408306
-0.06 -1.86 0.00508344
-0.06 -1.8 0.00624194
-0.06 -1.74 0.00755902
-0.06 -1.68 0.00902837
-0.06 -1.62 0.010635
-0.06 -1.56 0.0123553
-0.06 -1.5 0.0141567
-0.06 -1.44 0.0159977
-0.06 -1.38 0.0178295
-0.06 -1.32 0.0195983
-0.06 -1.26 0.0212462
-0.06 -1.2 0.0227159
-0.06 -1.14 0.0239537
-0.06 -1.08 0.0249115
-0.06 -1.02 0.0255518
-0.06 -0.96 0.0258481
-0.06 -0.9 0.0257885
-0.06 -0.84 0.0253753
-0.06 -0.78 0.0246256
-0.06 -0.72 0.0235693
-0.06 -0.66 0.0222484
-0.06 -0.6 0.0207128
-0.06 -0.54 0.0190183
-0.06 -0.48 0.0172224
-0.06 -0.42 0.0153816
-0.06 -0.36 0.0135487
-0.06 -0.3 0.0117703
-0.06 -0.24 0.0100846
-0.06 -0.18 0.00852174
-0.06 -0.12 0.00710204
-0.06 -0.06 0.00583743
-0.06 9.71445e-15 0.00473214
-0.06 0.06 0.00378335
-0.06 0.12 0.00298322
-0.06 0.18 0.00231997
-0.06 0.24 0.0017794
-0.06 0.3 0.001346
-0.06 0.36 0.00100418
-0.06 0.42 0.000738875
-0.06 0.48 0.000536185
-0.06 0.54 0.000383747
-0.06 0.6 0.000270875
-0.06 0.66 0.000188574
9.71445e-15 -2.52 0.000253774
9.71445e-15 -2.46 0.000362852
9.71445e-15 -2.4 0.000511683
9.71445e-15 -2.34 0.000711644
9.71445e-15 -2.28 0.00097614
9.71445e-15 -2.22 0.00132054
9.71445e-15 -2.16 0.00176188
9.71445e-15 -2.1 0.00231841
9.71445e-15 -2.04 0.00300884
9.71445e-15 -1.98 0.00385116
9.71445e-15 -1.92 0.00486156
9.71445e-15 -1.86 0.00605272
9.71445e-15 -1.8 0.00743209
9.71445e-15 -1.74 0.00900032
9.71445e-15 -1.68 0.0107498
9.71445e-15 -1.62 0.0126628
9.71445e-15 -1.56 0.0147112
9.71445e-15 -1.5 0.0168559
9.71445e-15 -1.44 0.019048
9.71445e-15 -1.38 0.0212292
9.71445e-15 -1.32 0.0233352
9.71445e-15 -1.26 0.0252973
9.71445e-15 -1.2 0.0270471
9.71445e-15 -1.14 0.028521
9.71445e-15 -1.08 0.0296615
9.71445e-15 -1.02 0.0304237
9.71445e-15 -0.96 0.0307765
9.71445e-15 -0.9 0.0307056
9.71445e-15 -0.84 0.0302136
9.71445e-15 -0.78 0.0293209
9.71445e-15 -0.72 0.0280633
9.71445e-15 -0.66 0.0264906
9.71445e-15 -0.6 0.0246621
9.71445e-15 -0.54 0.0226446
9.71445e-15 -0.48 0.0205062
9.71445e-15 -0.42 0.0183145
9.71445e-15 -0.36 0.016132
9.71445e-15 -0.3 0.0140145
9.71445e-15 -0.24 0.0120075
9.71445e-15 -0.18 0.0101466
9.71445e-15 -0.12 0.00845619
9.71445e-15 -0.06 0.00695048
9.71445e-15 9.71445e-15 0.00563442
9.71445e-15 0.06 0.00450474
9.71445e-15 0.12 0.00355203
9.71445e-15 0.18 0.00276231
9.71445e-15 0.24 0.00211868
9.71445e-15 0.3 0.00160264
9.71445e-15 0.36 0.00119566
9.71445e-15 0.42 0.000879759
9.71445e-15 0.48 0.000638419
9.71445e-15 0.54 0.000456918
9.71445e-15 0.6 0.000322522
9.71445e-15 0.66 0.000224529
0.06 -2.52 0.000298008
0.06 -2.46 0.000426097
0.06 -2.4 0.00060087
0.06 -2.34 0.000835689
0.06 -2.28 0.00114628
0.06 -2.22 0.00155072
0.06 -2.16 0.00206899
0.06 -2.1 0.00272253
0.06 -2.04 0.00353329
0.06 -1.98 0.00452242
0.06 -1.92 0.005709
0.06 -1.86 0.00710777
0.06 -1.8 0.00872753
0.06 -1.74 0.0105692
0.06 -1.68 0.0126235
0.06 -1.62 0.0148701
0.06 -1.56 0.0172755
0.06 -1.5 0.019794
0.06 -1.44 0.0223683
0.06 -1.38 0.0249296
0.06 -1.32 0.0274026
0.06 -1.26 0.0297066
0.06 -1.2 0.0317618
0.06 -1.14 0.0334924
0.06 -1.08 0.0348319
0.06 -1.02 0.0357267
0.06 -0.96 0.0361407
0.06 -0.9 0.0360576
0.06 -0.84 0.0354797
0.06 -0.78 0.0344317
0.06 -0.72 0.0329551
0.06 -0.66 0.0311081
0.06 -0.6 0.028961
0.06 -0.54 0.0265916
0.06 -0.48 0.0240807
0.06 -0.42 0.0215069
0.06 -0.36 0.018944
0.06 -0.3 0.0164574
0.06 -0.24 0.0141005
0.06 -0.18 0.0119152
0.06 -0.12 0.00993011
0.06 -0.06 0.00816204
0.06 9.71445e-15 0.0066165
0.06 0.06 0.00528995
0.06 0.12 0.00417119
0.06 0.18 0.00324381
0.06 0.24 0.00248797
0.06 0.3 0.001882
0.06 0.36 0.00140407
0.06 0.42 0.00103311
0.06 0.48 0.000749695
0.06 0.54 0.000536564
0.06 0.6 0.00037874
0.06 0.66 0.000263665
0.06 0.72 0.000181031
0.12 -2.52 0.000345141
0.12 -2.46 0.000493489
0.12 -2.4 0.000695909
0.12 -2.34 0.00096786
0.12 -2.28 0.00132759
0.12 -2.22 0.00179597
0.12 -2.16 0.00239622
0.12 -2.1 0.00315316
0.12 -2.04 0.00409216
0.12 -1.98 0.00523776
0.12 -1.92 0.00661195
0.12 -1.86 0.00823194
0.12 -1.8 0.010108
0.12 -1.74 0.0122409
0.12 -1.68 0.0146202
0.12 -1.62 0.0172219
0.12 -1.56 0.0200079
0.12 -1.5 0.0229248
0.12 -1.44 0.0259062
0.12 -1.38 0.0288726
0.12 -1.32 0.0317365
0.12 -1.26 0.0344051
0.12 -1.2 0.0367855
0.12 -1.14 0.0387896
0.12 -1.08 0.040341
0.12 -1.02 0.0413775
0.12 -0.96 0.0418572
0.12 -0.9 0.0417608
0.12 -0.84 0.0410915
0.12 -0.78 0.0398777
0.12 -0.72 0.0381675
0.12 -0.66 0.0360283
0.12 -0.6 0.0335419
0.12 -0.54 0.0307976
0.12 -0.48 0.0278893
0.12 -0.42 0.0249085
0.12 -0.36 0.0219403
0.12 -0.3 0.0190604
0.12 -0.24 0.0163307
0.12 -0.18 0.0137996
0.12 -0.12 0.0115007
0.12 -0.06 0.00945298
0.12 9.71445e-15 0.00766301
0.12 0.06 0.00612659
0.12 0.12 0.0048309
0.12 0.18 0.0037569
0.12 0.24 0.00288149
0.12 0.3 0.00217969
0.12 0.36 0.00162614
0.12 0.42 0.0011965
0.12 0.48 0.000868278
0.12 0.54 0.000621427
0.12 0.6 0.000438645
0.12 0.66 0.000305366
0.12 0.72 0.000209661
0.18 -2.52 0.000394238
0.18 -2.46 0.000563692
0.18 -2.4 0.000794894
0.18 -2.34 0.00110553
0.18 -2.28 0.00151642
0.18 -2.22 0.00205144
0.18 -2.16 0.00273707
0.18 -2.1 0.00360167
0.18 -2.04 0.00467419
0.18 -1.98 0.0059828
0.18 -1.92 0.00755238
0.18 -1.86 0.00940286
0.18 -1.8 0.0115458
0.18 -1.74 0.0139821
0.18 -1.68 0.0166999
0.18 -1.62 0.0196717
0.18 -1.56 0.0228536
0.18 -1.5 0.0261857
0.18 -1.44 0.0295908
0.18 -1.38 0.0329796
0.18 -1.32 0.0362509
0.18 -1.26 0.039299
0.18 -1.2 0.0420175
0.18 -1.14 0.0443073
0.18 -1.08 0.0460789
0.18 -1.02 0.0472628
0.18 -0.96 0.0478114
0.18 -0.9 0.0477009
0.18 -0.84 0.0469368
0.18 -0.78 0.0455494
0.18 -0.72 0.0435964
0.18 -0.66 0.0411534
0.18 -0.6 0.0383128
0.18 -0.54 0.0351786
0.18 -0.48 0.0318564
0.18 -0.42 0.0284512
0.18 -0.36 0.0250611
0.18 -0.3 0.0217713
0.18 -0.24 0.0186537
0.18 -0.18 0.0157627
0.18 -0.12 0.0131366
0.18 -0.06 0.0107975
0.18 9.71445e-15 0.008753
0.18 0.06 0.00699804
0.18 0.12 0.00551806
0.18 0.18 0.00429128
0.18 0.24 0.00329133
0.18 0.3 0.00248972
0.18 0.36 0.00185744
0.18 0.42 0.00136669
0.18 0.48 0.000991779
0.18 0.54 0.000709821
0.18 0.6 0.000501035
0.18 0.66 0.000348803
0.18 0.72 0.000239488
0.24 -2.58 0.000306346
0.24 -2.52 0.000444122
0.24 -2.46 0.000635018
0.24 -2.4 0.000895491
0.24 -2.34 0.00124543
0.24 -2.28 0.00170833
0.24 -2.22 0.00231104
0.24 -2.16 0.00308345
0.24 -2.1 0.00405743
0.24 -2.04 0.00526574
0.24 -1.98 0.00673988
0.24 -1.92 0.00850821
0.24 -1.86 0.0105927
0.24 -1.8 0.0130067
0.24 -1.74 0.0157514
0.24 -1.68 0.018813
0.24 -1.62 0.0221609
0.24 -1.56 0.0257459
0.24 -1.5 0.0294995
0.24 -1.44 0.0333358
0.24 -1.38 0.037153
0.24 -1.32 0.0408383
0.24 -1.26 0.0442721
0.24 -1.2 0.047335
0.24 -1.14 0.0499138
0.24 -1.08 0.0519102
0.24 -1.02 0.0532443
0.24 -0.96 0.0538615
0.24 -0.9 0.0537372
0.24 -0.84 0.0528763
0.24 -0.78 0.0513142
0.24 -0.72 0.0491133
0.24 -0.66 0.0463604
0.24 -0.6 0.0431611
0.24 -0.54 0.0396297
0.24 -0.48 0.0358875
0.24 -0.42 0.032052
0.24 -0.36 0.0282326
0.24 -0.3 0.0245267
0.24 -0.24 0.0210142
0.24 -0.18 0.0177573
0.24 -0.12 0.014799
0.24 -0.06 0.012164
0.24 9.71445e-15 0.00986066
0.24 0.06 0.00788365
0.24 0.12 0.00621639
0.24 0.18 0.0048343
0.24 0.24 0.00370788
0.24 0.3 0.00280478
0.24 0.36 0.00209251
0.24 0.42 0.00153964
0.24 0.48 0.00111729
0.24 0.54 0.000799643
0.24 0.6 0.000564443
0.24 0.66 0.000392943
0.24 0.72 0.000269791
0.3 -2.58 0.000340367
0.3 -2.52 0.000493451
0.3 -2.46 0.000705546
0.3 -2.4 0.000994929
0.3 -2.34 0.00138374
0.3 -2.28 0.00189803
0.3 -2.22 0.00256769
0.3 -2.16 0.00342588
0.3 -2.1 0.00450805
0.3 -2.04 0.00585047
0.3 -1.98 0.00748839
0.3 -1.92 0.00945302
0.3 -1.86 0.0117692
0.3 -1.8 0.0144513
0.3 -1.74 0.0175009
0.3 -1.68 0.0209025
0.3 -1.62 0.0246223
0.3 -1.56 0.028605
0.3 -1.5 0.0327756
0.3 -1.44 0.0370378
0.3 -1.38 0.0412793
0.3 -1.32 0.0453736
0.3 -1.26 0.0491888
0.3 -1.2 0.0525919
0.3 -1.14 0.0554575
0.3 -1.08 0.0576753
0.3 -1.02 0.0591567
0.3 -0.96 0.0598431
0.3 -0.9 0.059705
0.3 -0.84 0.0587484
0.3 -0.78 0.0570124
0.3 -0.72 0.054568
0.3 -0.66 0.0515099
0.3 -0.6 0.0479548
0.3 -0.54 0.0440314
0.3 -0.48 0.0398734
0.3 -0.42 0.0356113
0.3 -0.36 0.0313681
0.3 -0.3 0.0272504
0.3 -0.24 0.0233481
0.3 -0.18 0.0197294
0.3 -0.12 0.0164424
0.3 -0.06 0.0135149
0.3 9.71445e-15 0.0109557
0.3 0.06 0.00875917
0.3 0.12 0.00690674
0.3 0.18 0.00537121
0.3 0.24 0.00411961
0.3 0.3 0.00311628
0.3 0.36 0.00232489
0.3 0.42 0.00171063
0.3 0.48 0.00124136
0.3 0.54 0.000888455
0.3 0.6 0.000627124
0.3 0.66 0.00043658
0.3 0.72 0.000299756
0.36 -2.58 0.000372971
0.36 -2.52 0.000540716
0.36 -2.46 0.000773126
0.36 -2.4 0.00109024
0.36 -2.34 0.0015163
0.36 -2.28 0.00207986
0.36 -2.22 0.00281367
0.36 -2.16 0.00375401
0.36 -2.1 0.00493984
0.36 -2.04 0.00641094
0.36 -1.98 0.00820564
0.36 -1.92 0.0103585
0.36 -1.86 0.0128965
0.36 -1.8 0.0158356
0.36 -1.74 0.019177
0.36 -1.68 0.0229047
0.36 -1.62 0.0269807
0.36 -1.56 0.0313451
0.36 -1.5 0.0359147
0.36 -1.44 0.0405855
0.36 -1.38 0.0452326
0.36 -1.32 0.04972
0.36 -1.26 0.0539009
0.36 -1.2 0.0576293
0.36 -1.14 0.0607698
0.36 -1.08 0.0631997
0.36 -1.02 0.0648237
0.36 -0.96 0.0655752
0.36 -0.9 0.0654245
0.36 -0.84 0.0643759
0.36 -0.78 0.062474
0.36 -0.72 0.0597946
0.36 -0.66 0.0564437
0.36 -0.6 0.0525475
0.36 -0.54 0.0482489
0.36 -0.48 0.0436926
0.36 -0.42 0.0390225
0.36 -0.36 0.0343723
0.36 -0.3 0.0298606
0.36 -0.24 0.0255842
0.36 -0.18 0.0216193
0.36 -0.12 0.0180176
0.36 -0.06 0.0148094
0.36 9.71445e-15 0.0120053
0.36 0.06 0.00959823
0.36 0.12 0.00756827
0.36 0.18 0.00588567
0.36 0.24 0.00451426
0.36 0.3 0.00341476
0.36 0.36 0.00254757
0.36 0.42 0.0018745
0.36 0.48 0.00136028
0.36 0.54 0.000973556
0.36 0.6 0.000687198
0.36 0.66 0.000478404
0.36 0.72 0.000328467
0.42 -2.58 0.000403078
0.42 -2.52 0.000584359
0.42 -2.46 0.000835541
0.42 -2.4 0.00117826
0.42 -2.34 0.00163869
0.42 -2.28 0.00224776
0.42 -2.22 0.00304079
0.42 -2.16 0.00405708
0.42 -2.1 0.00533863
0.42 -2.04 0.00692847
0.42 -1.98 0.00886812
0.42 -1.92 0.0111948
0.42 -1.86 0.0139375
0.42 -1.8 0.0171139
0.42 -1.74 0.0207251
0.42 -1.68 0.0247536
0.42 -1.62 0.0291585
0.42 -1.56 0.0338754
0.42 -1.5 0.0388143
0.42 -1.44 0.0438618
0.42 -1.38 0.0488845
0.42 -1.32 0.0537335
0.42 -1.26 0.0582517
0.42 -1.2 0.0622813
0.42 -1.14 0.0656749
0.42 -1.08 0.068301
0.42 -1.02 0.0700568
0.42 -0.96 0.0708694
0.42 -0.9 0.0707055
0.42 -0.84 0.0695731
0.42 -0.78 0.0675172
0.42 -0.72 0.0646207
0.42 -0.66 0.0610001
0.42 -0.6 0.0567899
0.42 -0.54 0.0521438
0.42 -0.48 0.0472192
0.42 -0.42 0.0421726
0.42 -0.36 0.0371475
0.42 -0.3 0.0322711
0.42 -0.24 0.0276496
0.42 -0.18 0.0233645
0.42 -0.12 0.019472
0.42 -0.06 0.0160048
0.42 9.71445e-15 0.0129743
0.42 0.06 0.010373
0.42 0.12 0.00817928
0.42 0.18 0.00636082
0.42 0.24 0.00487868
0.42 0.3 0.00369043
0.42 0.36 0.00275323
0.42 0.42 0.00202581
0.42 0.48 0.00147008
0.42 0.54 0.00105214
0.42 0.6 0.000742671
0.42 0.66 0.000517023
0.42 0.72 0.000354984
0.48 -2.58 0.000429628
0.48 -2.52 0.000622854
0.48 -2.46 0.000890578
0.48 -2.4 0.00125586
0.48 -2.34 0.00174662
0.48 -2.28 0.00239581
0.48 -2.22 0.00324108
0.48 -2.16 0.00432432
0.48 -2.1 0.00569031
0.48 -2.04 0.00738481
0.48 -1.98 0.00945228
0.48 -1.92 0.0119321
0.48 -1.86 0.0148555
0.48 -1.8 0.0182412
0.48 -1.74 0.0220904
0.48 -1.68 0.0263842
0.48 -1.62 0.0310791
0.48 -1.56 0.0361066
0.48 -1.5 0.0413711
0.48 -1.44 0.0467508
0.48 -1.38 0.0521046
0.48 -1.32 0.0572727
0.48 -1.26 0.0620884
0.48 -1.2 0.0663839
0.48 -1.14 0.070001
0.48 -1.08 0.0727997
0.48 -1.02 0.0746713
0.48 -0.96 0.0755376
0.48 -0.9 0.0753628
0.48 -0.84 0.0741559
0.48 -0.78 0.0719643
0.48 -0.72 0.0688777
0.48 -0.66 0.0650183
0.48 -0.6 0.0605308
0.48 -0.54 0.0555787
0.48 -0.48 0.0503296
0.48 -0.42 0.0449503
0.48 -0.36 0.0395944
0.48 -0.3 0.0343967
0.48 -0.24 0.029471
0.48 -0.18 0.0249034
0.48 -0.12 0.0207545
0.48 -0.06 0.017059
0.48 9.71445e-15 0.0138289
0.48 0.06 0.0110562
0.48 0.12 0.00871804
0.48 0.18 0.00677983
0.48 0.24 0.00520002
0.48 0.3 0.00393354
0.48 0.36 0.00293459
0.48 0.42 0.00215924
0.48 0.48 0.00156692
0.48 0.54 0.00112144
0.48 0.6 0.000791588
0.48 0.66 0.000551077
0.48 0.72 0.000378366
0.54 -2.64 0.000307243
0.54 -2.58 0.000451633
0.54 -2.52 0.000654758
0.54 -2.46 0.000936193
0.54 -2.4 0.00132018
0.54 -2.34 0.00183608
0.54 -2.28 0.00251851
0.54 -2.22 0.00340708
0.54 -2.16 0.00454579
0.54 -2.1 0.00598176
0.54 -2.04 0.00776303
0.54 -1.98 0.00993641
0.54 -1.92 0.0125432
0.54 -1.86 0.0156164
0.54 -1.8 0.0191755
0.54 -1.74 0.0232218
0.54 -1.68 0.0277356
0.54 -1.62 0.0326711
0.54 -1.56 0.0379558
0.54 -1.5 0.04349
0.54 -1.44 0.0491453
0.54 -1.38 0.0547732
0.54 -1.32 0.0602062
0.54 -1.26 0.0652687
0.54 -1.2 0.0697839
0.54 -1.14 0.0735866
0.54 -1.08 0.0765285
0.54 -1.02 0.0784956
0.54 -0.96 0.0794065
0.54 -0.9 0.0792229
0.54 -0.84 0.077954
0.54 -0.78 0.07565
0.54 -0.72 0.0724056
0.54 -0.66 0.0683486
0.54 -0.6 0.063631
0.54 -0.54 0.0584255
0.54 -0.48 0.0529077
0.54 -0.42 0.0472524
0.54 -0.36 0.0416223
0.54 -0.3 0.0361584
0.54 -0.24 0.0309804
0.54 -0.18 0.026179
0.54 -0.12 0.0218175
0.54 -0.06 0.0179327
0.54 9.71445e-15 0.0145372
0.54 0.06 0.0116225
0.54 0.12 0.00916454
0.54 0.18 0.00712708
0.54 0.24 0.00546634
0.54 0.3 0.004135
0.54 0.36 0.00308488
0.54 0.42 0.00226983
0.54 0.48 0.00164717
0.54 0.54 0.00117888
0.54 0.6 0.000832133
0.54 0.66 0.000579301
0.54 0.72 0.000397746
0.54 0.78 0.000269335
0.6 -2.64 0.000318541
0.6 -2.58 0.000468242
0.6 -2.52 0.000678834
0.6 -2.46 0.000970616
0.6 -2.4 0.00136872
0.6 -2.34 0.0019036
0.6 -2.28 0.00261111
0.6 -2.22 0.00353237
0.6 -2.16 0.00471295
0.6 -2.1 0.00620167
0.6 -2.04 0.00804845
0.6 -1.98 0.0103017
0.6 -1.92 0.0130044
0.6 -1.86 0.0161907
0.6 -1.8 0.0198806
0.6 -1.74 0.0240757
0.6 -1.68 0.0287554
0.6 -1.62 0.0338725
0.6 -1.56 0.0393516
0.6 -1.5 0.0450889
0.6 -1.44 0.0509521
0.6 -1.38 0.0567874
0.6 -1.32 0.0624203
0.6 -1.26 0.0676684
0.6 -1.2 0.0723496
0.6 -1.14 0.0762922
0.6 -1.08 0.0793427
0.6 -1.02 0.0813815
0.6 -0.96 0.082326
0.6 -0.9 0.0821356
0.6 -0.84 0.0808201
0.6 -0.78 0.0784313
0.6 -0.72 0.0750683
0.6 -0.66 0.0708617
0.6 -0.6 0.0659706
0.6 -0.54 0.0605736
0.6 -0.48 0.0548532
0.6 -0.42 0.0489901
0.6 -0.36 0.0431526
0.6 -0.3 0.0374878
0.6 -0.24 0.0321197
0.6 -0.18 0.0271417
0.6 -0.12 0.0226197
0.6 -0.06 0.0185921
0.6 9.71445e-15 0.0150717
0.6 0.06 0.0120499
0.6 0.12 0.00950153
0.6 0.18 0.0073891
0.6 0.24 0.00566732
0.6 0.3 0.00428702
0.6 0.36 0.00319833
0.6 0.42 0.0023533
0.6 0.48 0.00170773
0.6 0.54 0.00122223
0.6 0.6 0.000862724
0.6 0.66 0.000600602
0.6 0.72 0.000412372
0.6 0.78 0.000279239
0.66 -2.64 0.000325712
0.66 -2.58 0.000478787
0.66 -2.52 0.000694116
0.66 -2.46 0.000992467
0.66 -2.4 0.00139955
0.66 -2.34 0.00194648
0.66 -2.28 0.00266991
0.66 -2.22 0.00361192
0.66 -2.16 0.00481911
0.66 -2.1 0.00634134
0.66 -2.04 0.00822974
0.66 -1.98 0.0105337
0.66 -1.92 0.0132974
0.66 -1.86 0.0165553
0.66 -1.8 0.020328
0.66 -1.74 0.0246179
0.66 -1.68 0.0294026
0.66 -1.62 0.0346351
0.66 -1.56 0.0402381
0.66 -1.5 0.0461046
0.66 -1.44 0.0520999
0.66 -1.38 0.0580663
0.66 -1.32 0.0638261
0.66 -1.26 0.069192
0.66 -1.2 0.0739791
0.66 -1.14 0.0780095
0.66 -1.08 0.0811299
0.66 -1.02 0.0832148
0.66 -0.96 0.0841795
0.66 -0.9 0.0839846
0.66 -0.84 0.0826398
0.66 -0.78 0.0801982
0.66 -0.72 0.0767585
0.66 -0.66 0.0724568
0.66 -0.6 0.0674564
0.66 -0.54 0.061937
0.66 -0.48 0.0560881
0.66 -0.42 0.0500937
0.66 -0.36 0.0441246
0.66 -0.3 0.0383324
0.66 -0.24 0.032843
0.66 -0.18 0.0277529
0.66 -0.12 0.023129
0.66 -0.06 0.0190109
0.66 9.71445e-15 0.015411
0.66 0.06 0.0123213
0.66 0.12 0.00971555
0.66 0.18 0.00755551
0.66 0.24 0.00579498
0.66 0.3 0.00438358
0.66 0.36 0.00327037
0.66 0.42 0.0024063
0.66 0.48 0.00174618
0.66 0.54 0.00124975
0.66 0.6 0.000882157
0.66 0.66 0.000614125
0.66 0.72 0.000421657
0.66 0.78 0.000285525
0.72 -2.64 0.000328468
0.72 -2.58 0.000482835
0.72 -2.52 0.000699991
0.72 -2.46 0.00100087
0.72 -2.4 0.0014114
0.72 -2.34 0.00196294
0.72 -2.28 0.00269253
0.72 -2.22 0.00364247
0.72 -2.16 0.00485986
0.72 -2.1 0.00639499
0.72 -2.04 0.00829945
0.72 -1.98 0.0106228
0.72 -1.92 0.0134099
0.72 -1.86 0.0166953
0.72 -1.8 0.0205003
0.72 -1.74 0.0248261
0.72 -1.68 0.0296517
0.72 -1.62 0.0349282
0.72 -1.56 0.0405785
0.72 -1.5 0.0464945
0.72 -1.44 0.0525411
0.72 -1.38 0.0585572
0.72 -1.32 0.0643658
0.72 -1.26 0.0697784
0.72 -1.2 0.0746056
0.72 -1.14 0.0786706
0.72 -1.08 0.0818164
0.72 -1.02 0.0839193
0.72 -0.96 0.0848921
0.72 -0.9 0.0846966
0.72 -0.84 0.0833394
0.72 -0.78 0.0808773
0.72 -0.72 0.0774081
0.72 -0.66 0.0730701
0.72 -0.6 0.0680268
0.72 -0.54 0.0624615
0.72 -0.48 0.0565628
0.72 -0.42 0.0505176
0.72 -0.36 0.0444978
0.72 -0.3 0.0386569
0.72 -0.24 0.0331206
0.72 -0.18 0.0279876
0.72 -0.12 0.0233251
0.72 -0.06 0.0191718
0.72 9.71445e-15 0.0155416
0.72 0.06 0.0124255
0.72 0.12 0.00979773
0.72 0.18 0.00761944
0.72 0.24 0.00584405
0.72 0.3 0.00442066
0.72 0.36 0.00329803
0.72 0.42 0.00242666
0.72 0.48 0.00176098
0.72 0.54 0.00126033
0.72 0.6 0.00088963
0.72 0.66 0.000619327
0.72 0.72 0.000425223
0.72 0.78 0.000287942
0.78 -2.64 0.000326699
0.78 -2.58 0.000480229
0.78 -2.52 0.000696218
0.78 -2.46 0.000995464
0.78 -2.4 0.00140376
0.78 -2.34 0.00195235
0.78 -2.28 0.00267796
0.78 -2.22 0.00362281
0.78 -2.16 0.00483363
0.78 -2.1 0.00636049
0.78 -2.04 0.00825455
0.78 -1.98 0.0105655
0.78 -1.92 0.0133374
0.78 -1.86 0.0166054
0.78 -1.8 0.0203896
0.78 -1.74 0.0246923
0.78 -1.68 0.0294916
0.78 -1.62 0.03474
0.78 -1.56 0.0403594
0.78 -1.5 0.0462436
0.78 -1.44 0.0522574
0.78 -1.38 0.0582416
0.78 -1.32 0.0640183
0.78 -1.26 0.0694013
0.78 -1.2 0.0742029
0.78 -1.14 0.0782459
0.78 -1.08 0.0813751
0.78 -1.02 0.0834652
0.78 -0.96 0.0844334
0.78 -0.9 0.0842388
0.78 -0.84 0.0828889
0.78 -0.78 0.08044
0.78 -0.72 0.0769909
0.78 -0.66 0.072676
0.78 -0.6 0.0676602
0.78 -0.54 0.0621245
0.78 -0.48 0.056258
0.78 -0.42 0.0502447
0.78 -0.36 0.0442577
0.78 -0.3 0.0384482
0.78 -0.24 0.0329422
0.78 -0.18 0.0278365
0.78 -0.12 0.0231989
0.78 -0.06 0.0190684
0.78 9.71445e-15 0.0154576
0.78 0.06 0.0123585
0.78 0.12 0.00974481
0.78 0.18 0.00757833
0.78 0.24 0.00581244
0.78 0.3 0.00439682
0.78 0.36 0.00328022
0.78 0.42 0.00241356
0.78 0.48 0.00175146
0.78 0.54 0.00125354
0.78 0.6 0.000884822
0.78 0.66 0.000615978
0.78 0.72 0.000422929
0.84 -2.64 0.000320464
0.84 -2.58 0.000471073
0.84 -2.52 0.000682934
0.84 -2.46 0.000976485
0.84 -2.4 0.00137701
0.84 -2.34 0.00191512
0.84 -2.28 0.00262692
0.84 -2.22 0.00355374
0.84 -2.16 0.00474145
0.84 -2.1 0.00623917
0.84 -2.04 0.00809721
0.84 -1.98 0.010364
0.84 -1.92 0.0130832
0.84 -1.86 0.0162886
0.84 -1.8 0.0200007
0.84 -1.74 0.0242211
0.84 -1.68 0.0289291
0.84 -1.62 0.0340772
0.84 -1.56 0.0395897
0.84 -1.5 0.0453617
0.84 -1.44 0.0512607
0.84 -1.38 0.0571305
0.84 -1.32 0.0627977
0.84 -1.26 0.0680781
0.84 -1.2 0.0727873
0.84 -1.14 0.0767535
0.84 -1.08 0.0798225
0.84 -1.02 0.0818745
0.84 -0.96 0.082824
0.84 -0.9 0.0826327
0.84 -0.84 0.081309
0.84 -0.78 0.0789065
0.84 -0.72 0.0755215
0.84 -0.66 0.0712898
0.84 -0.6 0.0663694
0.84 -0.54 0.0609397
0.84 -0.48 0.0551846
0.84 -0.42 0.0492865
0.84 -0.36 0.0434137
0.84 -0.3 0.0377149
0.84 -0.24 0.0323137
0.84 -0.18 0.0273058
0.84 -0.12 0.0227567
0.84 -0.06 0.0187046
0.84 9.71445e-15 0.0151629
0.84 0.06 0.0121228
0.84 0.12 0.009559
0.84 0.18 0.00743379
0.84 0.24 0.00570165
0.84 0.3 0.00431295
0.84 0.36 0.00321766
0.84 0.42 0.00236754
0.84 0.48 0.00171807
0.84 0.54 0.00122962
0.84 0.6 0.00086795
0.84 0.66 0.000604238
0.84 0.72 0.000414865
0.9 -2.64 0.000310035
0.9 -2.58 0.000455735
0.9 -2.52 0.000660705
0.9 -2.46 0.000944692
0.9 -2.4 0.00133218
0.9 -2.34 0.00185277
0.9 -2.28 0.00254139
0.9 -2.22 0.00343801
0.9 -2.16 0.00458711
0.9 -2.1 0.00603612
0.9 -2.04 0.00783359
0.9 -1.98 0.0100267
0.9 -1.92 0.0126572
0.9 -1.86 0.0157584
0.9 -1.8 0.0193497
0.9 -1.74 0.0234329
0.9 -1.68 0.0279876
0.9 -1.62 0.032968
0.9 -1.56 0.0383009
0.9 -1.5 0.0438853
0.9 -1.44 0.0495922
0.9 -1.38 0.0552712
0.9 -1.32 0.0607529
0.9 -1.26 0.0658616
0.9 -1.2 0.0704185
0.9 -1.14 0.0742549
0.9 -1.08 0.0772246
0.9 -1.02 0.0792086
0.9 -0.96 0.0801278
0.9 -0.9 0.0799427
0.9 -0.84 0.078662
0.9 -0.78 0.0763376
0.9 -0.72 0.0730641
0.9 -0.66 0.0689692
0.9 -0.6 0.0642095
0.9 -0.54 0.0589561
0.9 -0.48 0.0533885
0.9 -0.42 0.0476821
0.9 -0.36 0.0420006
0.9 -0.3 0.0364873
0.9 -0.24 0.0312621
0.9 -0.18 0.0264167
0.9 -0.12 0.0220158
0.9 -0.06 0.0180958
0.9 9.71445e-15 0.0146693
0.9 0.06 0.0117281
0.9 0.12 0.00924783
0.9 0.18 0.00719186
0.9 0.24 0.00551602
0.9 0.3 0.00417259
0.9 0.36 0.00311292
0.9 0.42 0.00229045
0.9 0.48 0.00166214
0.9 0.54 0.0011896
0.9 0.6 0.000839698
0.9 0.66 0.000584561
0.9 0.72 0.000401356
0.96 -2.64 0.00029582
0.96 -2.58 0.000434842
0.96 -2.52 0.000630413
0.96 -2.46 0.000901369
0.96 -2.4 0.0012711
0.96 -2.34 0.00176783
0.96 -2.28 0.00242487
0.96 -2.22 0.00328041
0.96 -2.16 0.00437679
0.96 -2.1 0.00575932
0.96 -2.04 0.00747444
0.96 -1.98 0.00956688
0.96 -1.92 0.0120769
0.96 -1.86 0.0150359
0.96 -1.8 0.0184624
0.96 -1.74 0.0223584
0.96 -1.68 0.0267041
0.96 -1.62 0.0314565
0.96 -1.56 0.0365451
0.96 -1.5 0.0418727
0.96 -1.44 0.0473185
0.96 -1.38 0.0527366
0.96 -1.32 0.057968
0.96 -1.26 0.0628417
0.96 -1.2 0.0671898
0.96 -1.14 0.0708502
0.96 -1.08 0.0736842
0.96 -1.02 0.0755773
0.96 -0.96 0.0764529
0.96 -0.9 0.0762771
0.96 -0.84 0.0750546
0.96 -0.78 0.0728378
0.96 -0.72 0.0697141
0.96 -0.66 0.0658065
0.96 -0.6 0.0612651
0.96 -0.54 0.0562523
0.96 -0.48 0.0509407
0.96 -0.42 0.0454961
0.96 -0.36 0.0400745
0.96 -0.3 0.0348144
0.96 -0.24 0.0298285
0.96 -0.18 0.0252056
0.96 -0.12 0.0210063
0.96 -0.06 0.0172662
0.96 9.71445e-15 0.0139967
0.96 0.06 0.0111905
0.96 0.12 0.00882382
0.96 0.18 0.00686206
0.96 0.24 0.00526313
0.96 0.3 0.00398125
0.96 0.36 0.0029702
0.96 0.42 0.00218545
0.96 0.48 0.00158593
0.96 0.54 0.00113506
0.96 0.6 0.000801198
0.96 0.66 0.00055776
0.96 0.72 0.000382954
1.02 -2.64 0.000278375
1.02 -2.58 0.000409203
1.02 -2.52 0.000593238
1.02 -2.46 0.000848226
1.02 -2.4 0.00119615
1.02 -2.34 0.00166359
1.02 -2.28 0.00228188
1.02 -2.22 0.00308699
1.02 -2.16 0.00411872
1.02 -2.1 0.00541969
1.02 -2.04 0.00703368
1.02 -1.98 0.00900276
1.02 -1.92 0.0113648
1.02 -1.86 0.0141493
1.02 -1.8 0.0173736
1.02 -1.74 0.0210399
1.02 -1.68 0.0251293
1.02 -1.62 0.0296015
1.02 -1.56 0.0343901
1.02 -1.5 0.0394039
1.02 -1.44 0.0445281
1.02 -1.38 0.0496271
1.02 -1.32 0.05455
1.02 -1.26 0.0591362
1.02 -1.2 0.0632276
1.02 -1.14 0.0666723
1.02 -1.08 0.0693391
1.02 -1.02 0.0711208
1.02 -0.96 0.071945
1.02 -0.9 0.0717789
1.02 -0.84 0.0706291
1.02 -0.78 0.0685427
1.02 -0.72 0.065603
1.02 -0.66 0.0619261
1.02 -0.6 0.0576524
1.02 -0.54 0.0529352
1.02 -0.48 0.0479368
1.02 -0.42 0.0428134
1.02 -0.36 0.0377117
1.02 -0.3 0.0327614
1.02 -0.24 0.0280697
1.02 -0.18 0.0237194
1.02 -0.12 0.0197676
1.02 -0.06 0.016248
1.02 9.71445e-15 0.0131713
1.02 0.06 0.0105306
1.02 0.12 0.00830353
1.02 0.18 0.0064574
1.02 0.24 0.00495277
1.02 0.3 0.00374647
1.02 0.36 0.00279507
1.02 0.42 0.00205658
1.02 0.48 0.00149241
1.02 0.54 0.00106812
1.02 0.6 0.000753951
1.02 0.66 0.000524872
1.02 0.72 0.000360375
1.08 -2.64 0.000258359
1.08 -2.58 0.00037978
1.08 -2.52 0.000550582
1.08 -2.46 0.000787238
1.08 -2.4 0.00111014
1.08 -2.34 0.00154397
1.08 -2.28 0.00211781
1.08 -2.22 0.00286502
1.08 -2.16 0.00382258
1.08 -2.1 0.00503003
1.08 -2.04 0.00652794
1.08 -1.98 0.00835548
1.08 -1.92 0.0105477
1.08 -1.86 0.0131319
1.08 -1.8 0.0161244
1.08 -1.74 0.0195272
1.08 -1.68 0.0233225
1.08 -1.62 0.027473
1.08 -1.56 0.0319174
1.08 -1.5 0.0365708
1.08 -1.44 0.0413264
1.08 -1.38 0.046059
1.08 -1.32 0.0506277
1.08 -1.26 0.0548841
1.08 -1.2 0.0586813
1.08 -1.14 0.0618783
1.08 -1.08 0.0643534
1.08 -1.02 0.0660071
1.08 -0.96 0.0667723
1.08 -0.9 0.0666178
1.08 -0.84 0.065551
1.08 -0.78 0.0636143
1.08 -0.72 0.0608859
1.08 -0.66 0.0574736
1.08 -0.6 0.0535073
1.08 -0.54 0.0491292
1.08 -0.48 0.0444899
1.08 -0.42 0.039735
1.08 -0.36 0.0350002
1.08 -0.3 0.0304058
1.08 -0.24 0.0260515
1.08 -0.18 0.022014
1.08 -0.12 0.0183463
1.08 -0.06 0.0150797
1.08 9.71445e-15 0.0122242
1.08 0.06 0.00977343
1.08 0.12 0.00770651
1.08 0.18 0.00599313
1.08 0.24 0.00459666
1.08 0.3 0.00347711
1.08 0.36 0.0025941
1.08 0.42 0.00190871
1.08 0.48 0.0013851
1.08 0.54 0.000991322
1.08 0.6 0.00069974
1.08 0.66 0.000487132
1.08 0.72 0.000334464
1.14 -2.64 0.000236486
1.14 -2.58 0.000347628
1.14 -2.52 0.000503969
1.14 -2.46 0.00072059
1.14 -2.4 0.00101616
1.14 -2.34 0.00141326
1.14 -2.28 0.00193853
1.14 -2.22 0.00262247
1.14 -2.16 0.00349897
1.14 -2.1 0.0046042
1.14 -2.04 0.00597531
1.14 -1.98 0.00764813
1.14 -1.92 0.00965473
1.14 -1.86 0.0120201
1.14 -1.8 0.0147594
1.14 -1.74 0.0178741
1.14 -1.68 0.0213481
1.14 -1.62 0.0251471
1.14 -1.56 0.0292153
1.14 -1.5 0.0334748
1.14 -1.44 0.0378278
1.14 -1.38 0.0421597
1.14 -1.32 0.0463416
1.14 -1.26 0.0502377
1.14 -1.2 0.0537134
1.14 -1.14 0.0566395
1.14 -1.08 0.0589053
1.14 -1.02 0.0604192
1.14 -0.96 0.0611197
1.14 -0.9 0.0609783
1.14 -0.84 0.0600017
1.14 -0.78 0.0582289
1.14 -0.72 0.0557313
1.14 -0.66 0.0526078
1.14 -0.6 0.0489775
1.14 -0.54 0.0449701
1.14 -0.48 0.0407234
1.14 -0.42 0.0363711
1.14 -0.36 0.0320372
1.14 -0.3 0.0278317
1.14 -0.24 0.023846
1.14 -0.18 0.0201502
1.14 -0.12 0.0167932
1.14 -0.06 0.0138031
1.14 9.71445e-15 0.0111894
1.14 0.06 0.00894601
1.14 0.12 0.00705409
1.14 0.18 0.00548577
1.14 0.24 0.00420752
1.14 0.3 0.00318275
1.14 0.36 0.00237449
1.14 0.42 0.00174711
1.14 0.48 0.00126784
1.14 0.54 0.000907396
1.14 0.6 0.000640502
1.14 0.66 0.000445893
1.14 0.72 0.000306148
1.2 -2.58 0.000313822
1.2 -2.52 0.000454963
1.2 -2.46 0.000650523
1.2 -2.4 0.000917351
1.2 -2.34 0.00127583
1.2 -2.28 0.00175003
1.2 -2.22 0.00236746
1.2 -2.16 0.00315871
1.2 -2.1 0.00415647
1.2 -2.04 0.00539429
1.2 -1.98 0.00690441
1.2 -1.92 0.00871589
1.2 -1.86 0.0108512
1.2 -1.8 0.0133243
1.2 -1.74 0.0161359
1.2 -1.68 0.0192723
1.2 -1.62 0.0227018
1.2 -1.56 0.0263743
1.2 -1.5 0.0302196
1.2 -1.44 0.0341495
1.2 -1.38 0.0380599
1.2 -1.32 0.041835
1.2 -1.26 0.0453529
1.2 -1.2 0.0484904
1.2 -1.14 0.0511324
1.2 -1.08 0.0531772
1.2 -1.02 0.054544
1.2 -0.96 0.0551765
1.2 -0.9 0.0550491
1.2 -0.84 0.0541672
1.2 -0.78 0.0525668
1.2 -0.72 0.0503119
1.2 -0.66 0.0474924
1.2 -0.6 0.0442147
1.2 -0.54 0.0405973
1.2 -0.48 0.0367633
1.2 -0.42 0.0328343
1.2 -0.36 0.0289218
1.2 -0.3 0.0251253
1.2 -0.24 0.0215271
1.2 -0.18 0.0181908
1.2 -0.12 0.0151603
1.2 -0.06 0.0124609
1.2 9.71445e-15 0.0101014
1.2 0.06 0.00807605
1.2 0.12 0.00636813
1.2 0.18 0.00495231
1.2 0.24 0.00379839
1.2 0.3 0.00287325
1.2 0.36 0.00214358
1.2 0.42 0.00157723
1.2 0.48 0.00114456
1.2 0.54 0.000819158
1.2 0.6 0.000578221
1.2 0.66 0.000402537
1.26 -2.58 0.000279414
1.26 -2.52 0.000405081
1.26 -2.46 0.000579191
1.26 -2.4 0.000816757
1.26 -2.34 0.00113594
1.26 -2.28 0.00155814
1.26 -2.22 0.00210788
1.26 -2.16 0.00281235
1.26 -2.1 0.0037007
1.26 -2.04 0.00480278
1.26 -1.98 0.00614729
1.26 -1.92 0.00776016
1.26 -1.86 0.00966153
1.26 -1.8 0.0118633
1.26 -1.74 0.0143666
1.26 -1.68 0.0171592
1.26 -1.62 0.0202128
1.26 -1.56 0.0234824
1.26 -1.5 0.0269057
1.26 -1.44 0.0304049
1.26 -1.38 0.0338864
1.26 -1.32 0.0372481
1.26 -1.26 0.0403801
1.26 -1.2 0.0431734
1.26 -1.14 0.045526
1.26 -1.08 0.0473466
1.26 -1.02 0.0485629
1.26 -0.96 0.0491259
1.26 -0.9 0.0490131
1.26 -0.84 0.0482274
1.26 -0.78 0.0468025
1.26 -0.72 0.0447956
1.26 -0.66 0.0422851
1.26 -0.6 0.0393665
1.26 -0.54 0.036146
1.26 -0.48 0.0327327
1.26 -0.42 0.029234
1.26 -0.36 0.0257502
1.26 -0.3 0.0223703
1.26 -0.24 0.0191666
1.26 -0.18 0.0161962
1.26 -0.12 0.013498
1.26 -0.06 0.0110946
1.26 9.71445e-15 0.00899379
1.26 0.06 0.00719058
1.26 0.12 0.00566983
1.26 0.18 0.00440928
1.26 0.24 0.00338187
1.26 0.3 0.00255818
1.26 0.36 0.00190854
1.26 0.42 0.00140429
1.26 0.48 0.00101906
1.26 0.54 0.000729347
1.26 0.6 0.000514817
1.26 0.66 0.000358399
1.32 -2.58 0.000245355
1.32 -2.52 0.000355705
1.32 -2.46 0.000508595
1.32 -2.4 0.000717205
1.32 -2.34 0.000997478
1.32 -2.28 0.00136821
1.32 -2.22 0.00185093
1.32 -2.16 0.00246957
1.32 -2.1 0.00324968
1.32 -2.04 0.00421738
1.32 -1.98 0.00539809
1.32 -1.92 0.00681428
1.32 -1.86 0.00848387
1.32 -1.8 0.0104173
1.32 -1.74 0.0126156
1.32 -1.68 0.0150677
1.32 -1.62 0.017749
1.32 -1.56 0.0206201
1.32 -1.5 0.0236266
1.32 -1.44 0.0266991
1.32 -1.38 0.0297565
1.32 -1.32 0.0327077
1.32 -1.26 0.035458
1.32 -1.2 0.0379113
1.32 -1.14 0.0399767
1.32 -1.08 0.0415756
1.32 -1.02 0.0426437
1.32 -0.96 0.0431385
1.32 -0.9 0.0430389
1.32 -0.84 0.0423494
1.32 -0.78 0.041098
1.32 -0.72 0.0393356
1.32 -0.66 0.037131
1.32 -0.6 0.0345686
1.32 -0.54 0.0317402
1.32 -0.48 0.0287429
1.32 -0.42 0.0256707
1.32 -0.36 0.0226119
1.32 -0.3 0.0196437
1.32 -0.24 0.0168306
1.32 -0.18 0.014222
1.32 -0.12 0.0118527
1.32 -0.06 0.00974228
1.32 9.71445e-15 0.00789752
1.32 0.06 0.00631408
1.32 0.12 0.00497877
1.32 0.18 0.00387189
1.32 0.24 0.00296967
1.32 0.3 0.0022464
1.32 0.36 0.00167591
1.32 0.42 0.00123311
1.32 0.48 0.000894851
1.32 0.54 0.000640446
1.32 0.6 0.000452069
1.32 0.66 0.000314711
1.38 -2.58 0.00021249
1.38 -2.52 0.000308055
1.38 -2.46 0.000440467
1.38 -2.4 0.000621131
1.38 -2.34 0.000863866
1.38 -2.28 0.00118493
1.38 -2.22 0.00160301
1.38 -2.16 0.00213875
1.38 -2.1 0.00281431
1.38 -2.04 0.00365242
1.38 -1.98 0.00467492
1.38 -1.92 0.00590148
1.38 -1.86 0.0073474
1.38 -1.8 0.00902179
1.38 -1.74 0.0109256
1.38 -1.68 0.0130492
1.38 -1.62 0.0153714
1.38 -1.56 0.017858
1.38 -1.5 0.0204615
1.38 -1.44 0.0231223
1.38 -1.38 0.0257702
1.38 -1.32 0.0283266
1.38 -1.26 0.0307083
1.38 -1.2 0.0328325
1.38 -1.14 0.0346216
1.38 -1.08 0.0360062
1.38 -1.02 0.0369312
1.38 -0.96 0.0373596
1.38 -0.9 0.0372734
1.38 -0.84 0.0366763
1.38 -0.78 0.0355925
1.38 -0.72 0.0340661
1.38 -0.66 0.032157
1.38 -0.6 0.0299375
1.38 -0.54 0.0274883
1.38 -0.48 0.0248925
1.38 -0.42 0.022232
1.38 -0.36 0.0195828
1.38 -0.3 0.0170122
1.38 -0.24 0.014576
1.38 -0.18 0.012317
1.38 -0.12 0.0102649
1.38 -0.06 0.0084372
1.38 9.71445e-15 0.0068396
1.38 0.06 0.00546831
1.38 0.12 0.00431183
1.38 0.18 0.00335317
1.38 0.24 0.00257185
1.38 0.3 0.00194545
1.38 0.36 0.00145141
1.38 0.42 0.00106794
1.38 0.48 0.000774973
1.38 0.54 0.000554653
1.38 0.6 0.000391508
1.38 0.66 0.000272556
1.44 -2.58 0.000181493
1.44 -2.52 0.000263122
1.44 -2.46 0.000376219
1.44 -2.4 0.00053053
1.44 -2.34 0.000737851
1.44 -2.28 0.0010121
1.44 -2.22 0.00136917
1.44 -2.16 0.00182678
1.44 -2.1 0.00240385
1.44 -2.04 0.00311969
1.44 -1.98 0.00399307
1.44 -1.92 0.00504065
1.44 -1.86 0.00627566
1.44 -1.8 0.00770594
1.44 -1.74 0.00933199
1.44 -1.68 0.0111459
1.44 -1.62 0.0131293
1.44 -1.56 0.0152531
1.44 -1.5 0.017477
1.44 -1.44 0.0197498
1.44 -1.38 0.0220113
1.44 -1.32 0.0241944
1.44 -1.26 0.0262291
1.44 -1.2 0.0280437
1.44 -1.14 0.0295717
1.44 -1.08 0.0307541
1.44 -1.02 0.0315444
1.44 -0.96 0.0319105
1.44 -0.9 0.0318368
1.44 -0.84 0.0313267
1.44 -0.78 0.030401
1.44 -0.72 0.0290972
1.44 -0.66 0.0274667
1.44 -0.6 0.025571
1.44 -0.54 0.023479
1.44 -0.48 0.0212616
1.44 -0.42 0.0189891
1.44 -0.36 0.0167265
1.44 -0.3 0.0145308
1.44 -0.24 0.0124499
1.44 -0.18 0.0105203
1.44 -0.12 0.00876768
1.44 -0.06 0.00720653
1.44 9.71445e-15 0.00584198
1.44 0.06 0.00467064
1.44 0.12 0.00368288
1.44 0.18 0.00286411
1.44 0.24 0.00219672
1.44 0.3 0.00166171
1.44 0.36 0.0012397
1.44 0.42 0.000912162
1.44 0.48 0.00066194
1.44 0.54 0.000473749
1.44 0.6 0.000334405
1.5 -2.52 0.000221653
1.5 -2.46 0.000316924
1.5 -2.4 0.000446921
1.5 -2.34 0.000621571
1.5 -2.28 0.000852592
1.5 -2.22 0.00115339
1.5 -2.16 0.00153889
1.5 -2.1 0.00202498
1.5 -2.04 0.00262803
1.5 -1.98 0.00336373
1.5 -1.92 0.00424628
1.5 -1.86 0.00528663
1.5 -1.8 0.00649141
1.5 -1.74 0.00786123
1.5 -1.68 0.00938922
1.5 -1.62 0.0110601
1.5 -1.56 0.0128493
1.5 -1.5 0.0147226
1.5 -1.44 0.0166372
1.5 -1.38 0.0185423
1.5 -1.32 0.0203816
1.5 -1.26 0.0220953
1.5 -1.2 0.023624
1.5 -1.14 0.024911
1.5 -1.08 0.0259074
1.5 -1.02 0.0265732
1.5 -0.96 0.0268811
1.5 -0.9 0.0268192
1.5 -0.84 0.0263895
1.5 -0.78 0.0256099
1.5 -0.72 0.0245115
1.5 -0.66 0.0231376
1.5 -0.6 0.0215408
1.5 -0.54 0.0197784
1.5 -0.48 0.0179107
1.5 -0.42 0.0159965
1.5 -0.36 0.0140903
1.5 -0.3 0.0122408
1.5 -0.24 0.0104877
1.5 -0.18 0.00886232
1.5 -0.12 0.00738589
1.5 -0.06 0.0060708
1.5 9.71445e-15 0.00492126
1.5 0.06 0.00393457
1.5 0.12 0.00310247
1.5 0.18 0.00241271
1.5 0.24 0.00185053
1.5 0.3 0.00139981
1.5 0.36 0.00104433
1.5 0.42 0.000768404
1.5 0.48 0.000557616
1.5 0.54 0.000399086
1.5 0.6 0.000281703
1.56 -2.52 0.000184153
1.56 -2.46 0.000263307
1.56 -2.4 0.00037131
1.56 -2.34 0.000516413
1.56 -2.28 0.000708346
1.56 -2.22 0.000958263
1.56 -2.16 0.00127854
1.56 -2.1 0.0016824
1.56 -2.04 0.00218341
1.56 -1.98 0.00279466
1.56 -1.92 0.00352788
1.56 -1.86 0.00439222
1.56 -1.8 0.00539315
1.56 -1.74 0.00653127
1.56 -1.68 0.0078007
1.56 -1.62 0.00918889
1.56 -1.56 0.0106754
1.56 -1.5 0.0122318
1.56 -1.44 0.0138225
1.56 -1.38 0.0154054
1.56 -1.32 0.0169334
1.56 -1.26 0.018357
1.56 -1.2 0.0196271
1.56 -1.14 0.0206964
1.56 -1.08 0.0215243
1.56 -1.02 0.0220774
1.56 -0.96 0.0223334
1.56 -0.9 0.0222817
1.56 -0.84 0.0219249
1.56 -0.78 0.0212771
1.56 -0.72 0.0203645
1.56 -0.66 0.0192232
1.56 -0.6 0.0178966
1.56 -0.54 0.0164323
1.56 -0.48 0.0148805
1.56 -0.42 0.0132902
1.56 -0.36 0.0117065
1.56 -0.3 0.0101698
1.56 -0.24 0.00871347
1.56 -0.18 0.00736301
1.56 -0.12 0.00613629
1.56 -0.06 0.00504372
1.56 9.71445e-15 0.00408864
1.56 0.06 0.00326892
1.56 0.12 0.0025776
1.56 0.18 0.00200453
1.56 0.24 0.00153745
1.56 0.3 0.00116299
1.56 0.36 0.000867649
1.56 0.42 0.000638404
1.56 0.48 0.000463274
1.56 0.54 0.000331567
1.56 0.6 0.000234042
1.62 -2.52 0.000150895
1.62 -2.46 0.000215754
1.62 -2.4 0.00030425
1.62 -2.34 0.000423147
1.62 -2.28 0.000580415
1.62 -2.22 0.000785197
1.62 -2.16 0.00104763
1.62 -2.1 0.00137856
1.62 -2.04 0.00178907
1.62 -1.98 0.00228995
1.62 -1.92 0.00289074
1.62 -1.86 0.00359898
1.62 -1.8 0.00441916
1.62 -1.74 0.00535173
1.62 -1.68 0.00639191
1.62 -1.62 0.00752939
1.62 -1.56 0.00874739
1.62 -1.5 0.0100228
1.62 -1.44 0.0113261
1.62 -1.38 0.0126232
1.62 -1.32 0.0138752
1.62 -1.26 0.0150417
1.62 -1.2 0.0160825
1.62 -1.14 0.0169586
1.62 -1.08 0.0176369
1.62 -1.02 0.0180902
1.62 -0.96 0.0183
1.62 -0.9 0.0182576
1.62 -0.84 0.0179652
1.62 -0.78 0.0174344
1.62 -0.72 0.0166867
1.62 -0.66 0.0157515
1.62 -0.6 0.0146645
1.62 -0.54 0.0134646
1.62 -0.48 0.0121931
1.62 -0.42 0.0108899
1.62 -0.36 0.00959234
1.62 -0.3 0.00833311
1.62 -0.24 0.00713981
1.62 -0.18 0.00603323
1.62 -0.12 0.00502805
1.62 -0.06 0.0041328
1.62 9.71445e-15 0.00335021
1.62 0.06 0.00267854
1.62 0.12 0.00211208
1.62 0.18 0.00164251
1.62 0.24 0.00125978
1.62 0.3 0.000952956
1.62 0.36 0.00071095
1.62 0.42 0.000523106
1.62 0.48 0.000379606
1.62 0.54 0.000271686
1.68 -2.46 0.000174358
1.68 -2.4 0.000245876
1.68 -2.34 0.000341959
1.68 -2.28 0.000469054
1.68 -2.22 0.000634544
1.68 -2.16 0.000846629
1.68 -2.1 0.00111406
1.68 -2.04 0.00144581
1.68 -1.98 0.00185059
1.68 -1.92 0.0023361
1.68 -1.86 0.00290846
1.68 -1.8 0.00357129
1.68 -1.74 0.00432493
1.68 -1.68 0.00516555
1.68 -1.62 0.00608476
1.68 -1.56 0.00706906
1.68 -1.5 0.00809975
1.68 -1.44 0.00915302
1.68 -1.38 0.0102012
1.68 -1.32 0.011213
1.68 -1.26 0.0121558
1.68 -1.2 0.0129968
1.68 -1.14 0.0137049
1.68 -1.08 0.014253
1.68 -1.02 0.0146193
1.68 -0.96 0.0147889
1.68 -0.9 0.0147547
1.68 -0.84 0.0145184
1.68 -0.78 0.0140893
1.68 -0.72 0.0134851
1.68 -0.66 0.0127294
1.68 -0.6 0.0118509
1.68 -0.54 0.0108813
1.68 -0.48 0.0098537
1.68 -0.42 0.00880051
1.68 -0.36 0.00775191
1.68 -0.3 0.0067343
1.68 -0.24 0.00576993
1.68 -0.18 0.00487565
1.68 -0.12 0.00406335
1.68 -0.06 0.00333987
1.68 9.71445e-15 0.00270744
1.68 0.06 0.00216461
1.68 0.12 0.00170684
1.68 0.18 0.00132737
1.68 0.24 0.00101807
1.68 0.3 0.000770119
1.68 0.36 0.000574543
1.68 0.42 0.000422738
1.68 0.48 0.000306774
1.68 0.54 0.000219559
1.74 -2.46 0.000138969
1.74 -2.4 0.00019597
1.74 -2.34 0.000272549
1.74 -2.28 0.000373851
1.74 -2.22 0.000505749
1.74 -2.16 0.000674785
1.74 -2.1 0.000887938
1.74 -2.04 0.00115236
1.74 -1.98 0.00147497
1.74 -1.92 0.00186194
1.74 -1.86 0.0023181
1.74 -1.8 0.00284643
1.74 -1.74 0.00344707
1.74 -1.68 0.00411709
1.74 -1.62 0.00484969
1.74 -1.56 0.00563423
1.74 -1.5 0.00645571
1.74 -1.44 0.00729518
1.74 -1.38 0.00813062
1.74 -1.32 0.00893703
1.74 -1.26 0.00968851
1.74 -1.2 0.0103588
1.74 -1.14 0.0109232
1.74 -1.08 0.01136
1.74 -1.02 0.011652
1.74 -0.96 0.0117872
1.74 -0.9 0.0117599
1.74 -0.84 0.0115716
1.74 -0.78 0.0112296
1.74 -0.72 0.010748
1.74 -0.66 0.0101457
1.74 -0.6 0.00944548
1.74 -0.54 0.0086727
1.74 -0.48 0.0078536
1.74 -0.42 0.00701424
1.74 -0.36 0.00617847
1.74 -0.3 0.0053674
1.74 -0.24 0.00459878
1.74 -0.18 0.00388602
1.74 -0.12 0.00323862
1.74 -0.06 0.00266195
1.74 9.71445e-15 0.00215791
1.74 0.06 0.00172525
1.74 0.12 0.0013604
1.74 0.18 0.00105795
1.74 0.24 0.000811431
1.74 0.3 0.000613805
1.74 0.36 0.000457925
1.74 0.42 0.000336935
1.74 0.48 0.000244507
1.8 -2.46 0.00010924
1.8 -2.4 0.000154046
1.8 -2.34 0.000214245
1.8 -2.28 0.000293874
1.8 -2.22 0.000397558
1.8 -2.16 0.000530428
1.8 -2.1 0.000697976
1.8 -2.04 0.000905833
1.8 -1.98 0.00115942
1.8 -1.92 0.00146361
1.8 -1.86 0.00182221
1.8 -1.8 0.00223749
1.8 -1.74 0.00270963
1.8 -1.68 0.00323632
1.8 -1.62 0.00381223
1.8 -1.56 0.00442892
1.8 -1.5 0.00507461
1.8 -1.44 0.00573451
1.8 -1.38 0.00639122
1.8 -1.32 0.00702522
1.8 -1.26 0.00761591
1.8 -1.2 0.0081427
1.8 -1.14 0.00858643
1.8 -1.08 0.00892981
1.8 -1.02 0.00915928
1.8 -0.96 0.00926553
1.8 -0.9 0.00924412
1.8 -0.84 0.00909605
1.8 -0.78 0.00882725
1.8 -0.72 0.00844865
1.8 -0.66 0.00797523
1.8 -0.6 0.00742475
1.8 -0.54 0.00681735
1.8 -0.48 0.00617353
1.8 -0.42 0.0055137
1.8 -0.36 0.00485668
1.8 -0.3 0.00421915
1.8 -0.24 0.00361496
1.8 -0.18 0.00305472
1.8 -0.12 0.0025458
1.8 -0.06 0.00209249
1.8 9.71445e-15 0.00169628
1.8 0.06 0.00135618
1.8 0.12 0.00106937
1.8 0.18 0.000831618
1.8 0.24 0.000637842
1.8 0.3 0.00048249
1.8 0.36 0.000359962
1.8 0.42 0.000264858
1.8 0.48 0.0001922
1.86 -2.4 0.000119427
1.86 -2.34 0.000166098
1.86 -2.28 0.000227831
1.86 -2.22 0.000308213
1.86 -2.16 0.000411224
1.86 -2.1 0.000541121
1.86 -2.04 0.000702266
1.86 -1.98 0.000898862
1.86 -1.92 0.0011347
1.86 -1.86 0.00141271
1.86 -1.8 0.00173464
1.86 -1.74 0.0021007
1.86 -1.68 0.002509
1.86 -1.62 0.00295551
1.86 -1.56 0.00343361
1.86 -1.5 0.00393418
1.86 -1.44 0.00444584
1.86 -1.38 0.0049549
1.86 -1.32 0.00544642
1.86 -1.26 0.00590434
1.86 -1.2 0.00631286
1.86 -1.14 0.00665676
1.86 -1.08 0.00692304
1.86 -1.02 0.00710092
1.86 -0.96 0.0071832
1.86 -0.9 0.00716667
1.86 -0.84 0.00705181
1.86 -0.78 0.00684352
1.86 -0.72 0.00655003
1.86 -0.66 0.00618288
1.86 -0.6 0.0057562
1.86 -0.54 0.00528522
1.86 -0.48 0.00478616
1.86 -0.42 0.00427462
1.86 -0.36 0.00376523
1.86 -0.3 0.00327101
1.86 -0.24 0.00280255
1.86 -0.18 0.00236821
1.86 -0.12 0.00197367
1.86 -0.06 0.00162225
1.86 9.71445e-15 0.00131507
1.86 0.06 0.00105141
1.86 0.12 0.000829048
1.86 0.18 0.000644729
1.86 0.24 0.000494501
1.86 0.3 0.00037406
1.86 0.36 0.000279067
1.86 0.42 0.000205335
1.92 -2.4 9.13145e-05
1.92 -2.34 0.000126999
1.92 -2.28 0.000174201
1.92 -2.22 0.000235661
1.92 -2.16 0.000314424
1.92 -2.1 0.000413747
1.92 -2.04 0.000536956
1.92 -1.98 0.000687283
1.92 -1.92 0.000867589
1.92 -1.86 0.00108017
1.92 -1.8 0.00132634
1.92 -1.74 0.00160621
1.92 -1.68 0.00191843
1.92 -1.62 0.00225981
1.92 -1.56 0.00262533
1.92 -1.5 0.00300812
1.92 -1.44 0.0033993
1.92 -1.38 0.00378856
1.92 -1.32 0.00416436
1.92 -1.26 0.00451454
1.92 -1.2 0.00482683
1.92 -1.14 0.00508987
1.92 -1.08 0.00529338
1.92 -1.02 0.00542938
1.92 -0.96 0.0054924
1.92 -0.9 0.00547972
1.92 -0.84 0.00539193
1.92 -0.78 0.00523257
1.92 -0.72 0.0050082
1.92 -0.66 0.00472756
1.92 -0.6 0.00440124
1.92 -0.54 0.00404119
1.92 -0.48 0.00365955
1.92 -0.42 0.00326837
1.92 -0.36 0.00287893
1.92 -0.3 0.00250102
1.92 -0.24 0.00214286
1.92 -0.18 0.00181075
1.92 -0.12 0.00150908
1.92 -0.06 0.00124038
1.92 9.71445e-15 0.00100552
1.92 0.06 0.000803909
1.92 0.12 0.000633893
1.92 0.18 0.000492967
1.92 0.24 0.000378097
1.92 0.3 0.000286011
1.92 0.36 0.000213376
1.92 0.42 0.000157001
1.98 -2.34 9.57706e-05
1.98 -2.28 0.000131366
1.98 -2.22 0.000177713
1.98 -2.16 0.000237109
1.98 -2.1 0.000312005
1.98 -2.04 0.000404922
1.98 -1.98 0.000518279
1.98 -1.92 0.00065426
1.98 -1.86 0.000814554
1.98 -1.8 0.00100018
1.98 -1.74 0.00121124
1.98 -1.68 0.00144667
1.98 -1.62 0.00170412
1.98 -1.56 0.0019798
1.98 -1.5 0.00226843
1.98 -1.44 0.00256344
1.98 -1.38 0.00285697
1.98 -1.32 0.00314036
1.98 -1.26 0.00340441
1.98 -1.2 0.00363994
1.98 -1.14 0.00383824
1.98 -1.08 0.00399176
1.98 -1.02 0.00409435
1.98 -0.96 0.00414181
1.98 -0.9 0.00413226
1.98 -0.84 0.00406605
1.98 -0.78 0.00394593
1.98 -0.72 0.00377668
1.98 -0.66 0.003565
1.98 -0.6 0.00331898
1.98 -0.54 0.00304742
1.98 -0.48 0.00275965
1.98 -0.42 0.00246471
1.98 -0.36 0.00217102
1.98 -0.3 0.00188604
1.98 -0.24 0.00161594
1.98 -0.18 0.00136549
1.98 -0.12 0.00113801
1.98 -0.06 0.000935378
1.98 9.71445e-15 0.00075826
1.98 0.06 0.000606232
1.98 0.12 0.000478024
1.98 0.18 0.000371745
1.98 0.24 0.000285126
1.98 0.3 0.00021568
1.98 0.36 0.000160908
2.04 -2.34 7.12276e-05
2.04 -2.28 9.77e-05
2.04 -2.22 0.000132171
2.04 -2.16 0.000176347
2.04 -2.1 0.000232051
2.04 -2.04 0.000301151
2.04 -1.98 0.000385463
2.04 -1.92 0.000486593
2.04 -1.86 0.000605814
2.04 -1.8 0.000743874
2.04 -1.74 0.000900851
2.04 -1.68 0.00107594
2.04 -1.62 0.00126742
2.04 -1.56 0.00147243
2.04 -1.5 0.00168712
2.04 -1.44 0.00190651
2.04 -1.38 0.00212484
2.04 -1.32 0.00233559
2.04 -1.26 0.00253196
2.04 -1.2 0.00270715
2.04 -1.14 0.00285464
2.04 -1.08 0.00296881
2.04 -1.02 0.00304508
2.04 -0.96 0.0030804
2.04 -0.9 0.00307328
2.04 -0.84 0.00302405
2.04 -0.78 0.00293469
2.04 -0.72 0.00280886
2.04 -0.66 0.00265144
2.04 -0.6 0.00246846
2.04 -0.54 0.00226649
2.04 -0.48 0.00205246
2.04 -0.42 0.00183308
2.04 -0.36 0.00161466
2.04 -0.3 0.0014027
2.04 -0.24 0.00120184
2.04 -0.18 0.00101557
2.04 -0.12 0.000846362
2.04 -0.06 0.000695671
2.04 9.71445e-15 0.000563939
2.04 0.06 0.000450874
2.04 0.12 0.000355523
2.04 0.18 0.000276481
2.04 0.24 0.000212056
2.04 0.3 0.00016041
2.1 -2.28 7.16648e-05
2.1 -2.22 9.69496e-05
2.1 -2.16 0.000129351
2.1 -2.1 0.000170211
2.1 -2.04 0.000220899
2.1 -1.98 0.00028274
2.1 -1.92 0.000356921
2.1 -1.86 0.000444374
2.1 -1.8 0.000545643
2.1 -1.74 0.000660783
2.1 -1.68 0.000789221
2.1 -1.62 0.00092967
2.1 -1.56 0.00108005
2.1 -1.5 0.00123751
2.1 -1.44 0.00139845
2.1 -1.38 0.00155858
2.1 -1.32 0.00171319
2.1 -1.26 0.00185724
2.1 -1.2 0.00198573
2.1 -1.14 0.00209393
2.1 -1.08 0.00217766
2.1 -1.02 0.0022336
2.1 -0.96 0.00225951
2.1 -0.9 0.00225431
2.1 -0.84 0.00221817
2.1 -0.78 0.00215264
2.1 -0.72 0.00206034
2.1 -0.66 0.00194487
2.1 -0.6 0.00181063
2.1 -0.54 0.0016625
2.1 -0.48 0.00150551
2.1 -0.42 0.00134459
2.1 -0.36 0.00118436
2.1 -0.3 0.0010289
2.1 -0.24 0.000881556
2.1 -0.18 0.000744929
2.1 -0.12 0.000620825
2.1 -0.06 0.000510285
2.1 9.71445e-15 0.000413661
2.1 0.06 0.000330724
2.1 0.12 0.000260778
2.1 0.18 0.000202801
2.1 0.24 0.000155546
2.1 0.3 0.000117662
2.16 -2.28 5.18446e-05
2.16 -2.22 7.01364e-05
2.16 -2.16 9.35768e-05
2.16 -2.1 0.000123135
2.16 -2.04 0.000159805
2.16 -1.98 0.000204541
2.16 -1.92 0.000258208
2.16 -1.86 0.000321472
2.16 -1.8 0.000394733
2.16 -1.74 0.000478027
2.16 -1.68 0.000570944
2.16 -1.62 0.00067255
2.16 -1.56 0.000781342
2.16 -1.5 0.000895248
2.16 -1.44 0.00101168
2.16 -1.38 0.00112752
2.16 -1.32 0.00123938
2.16 -1.26 0.00134359
2.16 -1.2 0.00143653
2.16 -1.14 0.00151481
2.16 -1.08 0.00157539
2.16 -1.02 0.00161586
2.16 -0.96 0.00163459
2.16 -0.9 0.00163083
2.16 -0.84 0.0016047
2.16 -0.78 0.00155728
2.16 -0.72 0.0014905
2.16 -0.66 0.00140697
2.16 -0.6 0.00130986
2.16 -0.54 0.0012027
2.16 -0.48 0.00108913
2.16 -0.42 0.000972718
2.16 -0.36 0.000856802
2.16 -0.3 0.000744338
2.16 -0.24 0.000637739
2.16 -0.18 0.000538906
2.16 -0.12 0.000449124
2.16 -0.06 0.000369155
2.16 9.71445e-15 0.000299255
2.16 0.06 0.000239256
2.16 0.12 0.000188655
2.16 0.18 0.000146712
2.16 0.24 0.000112527
2.22 -2.22 5.00414e-05
2.22 -2.16 6.67659e-05
2.22 -2.1 8.78548e-05
2.22 -2.04 0.000114018
2.22 -1.98 0.000145937
2.22 -1.92 0.000184228
2.22 -1.86 0.000229366
2.22 -1.8 0.000281636
2.22 -1.74 0.000341065
2.22 -1.68 0.000407359
2.22 -1.62 0.000479854
2.22 -1.56 0.000557477
2.22 -1.5 0.000638749
2.22 -1.44 0.000721817
2.22 -1.38 0.000804473
2.22 -1.32 0.000884277
2.22 -1.26 0.000958628
2.22 -1.2 0.00102494
2.22 -1.14 0.00108079
2.22 -1.08 0.00112401
2.22 -1.02 0.00115289
2.22 -0.96 0.00116626
2.22 -0.9 0.00116357
2.22 -0.84 0.00114493
2.22 -0.78 0.0011111
2.22 -0.72 0.00106345
2.22 -0.66 0.00100385
2.22 -0.6 0.000934564
2.22 -0.54 0.000858106
2.22 -0.48 0.000777076
2.22 -0.42 0.000694021
2.22 -0.36 0.000611318
2.22 -0.3 0.000531075
2.22 -0.24 0.00045502
2.22 -0.18 0.000384502
2.22 -0.12 0.000320443
2.22 -0.06 0.000263387
2.22 9.71445e-15 0.000213513
2.22 0.06 0.000170706
2.22 0.12 0.000134603
2.22 0.18 0.000104676
2.28 -2.16 4.69818e-05
2.28 -2.1 6.18219e-05
2.28 -2.04 8.02326e-05
2.28 -1.98 0.000102693
2.28 -1.92 0.000129638
2.28 -1.86 0.0001614
2.28 -1.8 0.00019818
2.28 -1.74 0.000240001
2.28 -1.68 0.000286649
2.28 -1.62 0.000337663
2.28 -1.56 0.000392285
2.28 -1.5 0.000449476
2.28 -1.44 0.000507929
2.28 -1.38 0.000566091
2.28 -1.32 0.000622247
2.28 -1.26 0.000674563
2.28 -1.2 0.000721233
2.28 -1.14 0.000760527
2.28 -1.08 0.000790946
2.28 -1.02 0.000811268
2.28 -0.96 0.000820669
2.28 -0.9 0.000818777
2.28 -0.84 0.000805658
2.28 -0.78 0.000781861
2.28 -0.72 0.00074833
2.28 -0.66 0.000706385
2.28 -0.6 0.000657634
2.28 -0.54 0.000603828
2.28 -0.48 0.000546812
2.28 -0.42 0.000488369
2.28 -0.36 0.000430173
2.28 -0.3 0.000373707
2.28 -0.24 0.000320188
2.28 -0.18 0.000270566
2.28 -0.12 0.000225488
2.28 -0.06 0.00018534
2.28 9.71445e-15 0.000150244
2.28 0.06 0.000120122
2.28 0.12 9.47176e-05
2.34 -2.16 3.26056e-05
2.34 -2.1 4.29051e-05
2.34 -2.04 5.56822e-05
2.34 -1.98 7.12701e-05
2.34 -1.92 8.99692e-05
2.34 -1.86 0.000112012
2.34 -1.8 0.000137539
2.34 -1.74 0.000166563
2.34 -1.68 0.000198937
2.34 -1.62 0.000234339
2.34 -1.56 0.000272248
2.34 -1.5 0.000311938
2.34 -1.44 0.000352507
2.34 -1.38 0.000392869
2.34 -1.32 0.000431841
2.34 -1.26 0.000468152
2.34 -1.2 0.000500541
2.34 -1.14 0.00052781
2.34 -1.08 0.000548921
2.34 -1.02 0.000563027
2.34 -0.96 0.000569551
2.34 -0.9 0.000568241
2.34 -0.84 0.000559134
2.34 -0.78 0.000542618
2.34 -0.72 0.000519346
2.34 -0.66 0.000490237
2.34 -0.6 0.000456404
2.34 -0.54 0.000419063
2.34 -0.48 0.00037949
2.34 -0.42 0.000338931
2.34 -0.36 0.000298542
2.34 -0.3 0.000259356
2.34 -0.24 0.000222212
2.34 -0.18 0.000187773
2.34 -0.12 0.000156491
2.34 -0.06 0.000128627
2.34 9.71445e-15 0.000104271
2.34 0.06 8.33649e-05
2.4 -2.1 2.93671e-05
2.4 -2.04 3.81124e-05
2.4 -1.98 4.87822e-05
2.4 -1.92 6.15802e-05
2.4 -1.86 7.66686e-05
2.4 -1.8 9.41415e-05
2.4 -1.74 0.000114006
2.4 -1.68 0.000136167
2.4 -1.62 0.000160398
2.4 -1.56 0.000186343
2.4 -1.5 0.000213511
2.4 -1.44 0.000241278
2.4 -1.38 0.000268905
2.4 -1.32 0.000295579
2.4 -1.26 0.000320435
2.4 -1.2 0.000342602
2.4 -1.14 0.000361271
2.4 -1.08 0.000375716
2.4 -1.02 0.000385369
2.4 -0.96 0.000389841
2.4 -0.9 0.000388943
2.4 -0.84 0.00038271
2.4 -0.78 0.000371401
2.4 -0.72 0.000355474
2.4 -0.66 0.000335554
2.4 -0.6 0.000312393
2.4 -0.54 0.000286837
2.4 -0.48 0.000259749
2.4 -0.42 0.000231984
2.4 -0.36 0.000204342
2.4 -0.3 0.000177519
2.4 -0.24 0.000152097
2.4 -0.18 0.000128524
2.4 -0.12 0.000107113
2.4 -0.06 8.80401e-05
2.4 9.71445e-15 7.13701e-05
2.4 0.06 5.70603e-05
2.46 -2.04 2.5728e-05
2.46 -1.98 3.29309e-05
2.46 -1.92 4.15707e-05
2.46 -1.86 5.17555e-05
2.46 -1.8 6.35502e-05
2.46 -1.74 7.69613e-05
2.46 -1.68 9.19196e-05
2.46 -1.62 0.000108277
2.46 -1.56 0.000125793
2.46 -1.5 0.000144134
2.46 -1.44 0.000162876
2.46 -1.38 0.000181529
2.46 -1.32 0.000199534
2.46 -1.26 0.000216309
2.46 -1.2 0.000231276
2.46 -1.14 0.000243876
2.46 -1.08 0.00025363
2.46 -1.02 0.000260148
2.46 -0.96 0.000263165
2.46 -0.9 0.000262555
2.46 -0.84 0.000258351
2.46 -0.78 0.000250718
2.46 -0.72 0.000239966
2.46 -0.66 0.000226517
2.46 -0.6 0.000210885
2.46 -0.54 0.000193629
2.46 -0.48 0.000175345
2.46 -0.42 0.000156604
2.46 -0.36 0.000137944
2.46 -0.3 0.000119835
2.46 -0.24 0.000102675
2.46 -0.18 8.67617e-05
2.46 -0.12 7.23066e-05
2.46 -0.06 5.94323e-05
2.46 9.71445e-15 4.81782e-05
2.52 -1.98 2.19245e-05
2.52 -1.92 2.76767e-05
2.52 -1.86 3.4458e-05
2.52 -1.8 4.23108e-05
2.52 -1.74 5.12387e-05
2.52 -1.68 6.11986e-05
2.52 -1.62 7.20893e-05
2.52 -1.56 8.37502e-05
2.52 -1.5 9.59596e-05
2.52 -1.44 0.00010844
2.52 -1.38 0.000120856
2.52 -1.32 0.000132846
2.52 -1.26 0.000144017
2.52 -1.2 0.000153978
2.52 -1.14 0.00016237
2.52 -1.08 0.000168862
2.52 -1.02 0.000173201
2.52 -0.96 0.000175209
2.52 -0.9 0.000174806
2.52 -0.84 0.000172004
2.52 -0.78 0.000166923
2.52 -0.72 0.000159764
2.52 -0.66 0.000150811
2.52 -0.6 0.000140401
2.52 -0.54 0.000128915
2.52 -0.48 0.000116741
2.52 -0.42 0.000104263
2.52 -0.36 9.18386e-05
2.52 -0.3 7.9784e-05
2.52 -0.24 6.8358e-05
2.52 -0.18 5.77642e-05
2.52 -0.12 4.81408e-05
2.58 -1.92 1.81734e-05
2.58 -1.86 2.26258e-05
2.58 -1.8 2.77824e-05
2.58 -1.74 3.3645e-05
2.58 -1.68 4.01847e-05
2.58 -1.62 4.73352e-05
2.58 -1.56 5.49927e-05
2.58 -1.5 6.30108e-05
2.58 -1.44 7.12043e-05
2.58 -1.38 7.93587e-05
2.58 -1.32 8.72297e-05
2.58 -1.26 9.45642e-05
2.58 -1.2 0.000101107
2.58 -1.14 0.000106615
2.58 -1.08 0.000110879
2.58 -1.02 0.000113729
2.58 -0.96 0.000115048
2.58 -0.9 0.000114782
2.58 -0.84 0.000112944
2.58 -0.78 0.000109606
2.58 -0.72 0.000104905
2.58 -0.66 9.90265e-05
2.58 -0.6 9.21922e-05
2.58 -0.54 8.46495e-05
2.58 -0.48 7.66549e-05
2.58 -0.42 6.84623e-05
2.58 -0.36 6.03048e-05
2.58 -0.3 5.23883e-05
2.58 -0.24 4.48862e-05
2.58 -0.18 3.79293e-05
2.64 -1.86 1.46527e-05
2.64 -1.8 1.79919e-05
2.64 -1.74 2.17887e-05
2.64 -1.68 2.60236e-05
2.64 -1.62 3.06547e-05
2.64 -1.56 3.56135e-05
2.64 -1.5 4.08058e-05
2.64 -1.44 4.61125e-05
2.64 -1.38 5.13928e-05
2.64 -1.32 5.64903e-05
2.64 -1.26 6.12401e-05
2.64 -1.2 6.54774e-05
2.64 -1.14 6.90444e-05
2.64 -1.08 7.18061e-05
2.64 -1.02 7.36509e-05
2.64 -0.96 7.4505e-05
2.64 -0.9 7.43332e-05
2.64 -0.84 7.3142e-05
2.64 -0.78 7.09813e-05
2.64 -0.72 6.79374e-05
2.64 -0.66 6.41294e-05
2.64 -0.6 5.97039e-05
2.64 -0.54 5.48189e-05
2.64 -0.48 4.96424e-05
2.64 -0.42 4.43365e-05
2.64 -0.36 3.90534e-05
2.64 -0.3 3.39271e-05
2.64 -0.24 2.90684e-05
2.7 -1.8 1.14914e-05
2.7 -1.74 1.39164e-05
2.7 -1.68 1.66212e-05
2.7 -1.62 1.95792e-05
2.7 -1.56 2.27465e-05
2.7 -1.5 2.60626e-05
2.7 -1.44 2.94521e-05
2.7 -1.38 3.28244e-05
2.7 -1.32 3.60806e-05
2.7 -1.26 3.91141e-05
2.7 -1.2 4.18204e-05
2.7 -1.14 4.40988e-05
2.7 -1.08 4.58627e-05
2.7 -1.02 4.7041e-05
2.7 -0.96 4.7586e-05
2.7 -0.9 4.74765e-05
2.7 -0.84 4.67157e-05
2.7 -0.78 4.53358e-05
2.7 -0.72 4.33916e-05
2.7 -0.66 4.09594e-05
2.7 -0.6 3.81327e-05
2.7 -0.54 3.50127e-05
2.7 -0.48 3.17066e-05
2.7 -0.42 2.83178e-05
2.7 -0.36 2.49433e-05
2.7 -0.3 2.16693e-05
2.76 -1.74 8.76617e-06
2.76 -1.68 1.047e-05
2.76 -1.62 1.23333e-05
2.76 -1.56 1.43285e-05
2.76 -1.5 1.64174e-05
2.76 -1.44 1.85524e-05
2.76 -1.38 2.06769e-05
2.76 -1.32 2.2728e-05
2.76 -1.26 2.46388e-05
2.76 -1.2 2.63435e-05
2.76 -1.14 2.77787e-05
2.76 -1.08 2.88898e-05
2.76 -1.02 2.96322e-05
2.76 -0.96 2.99756e-05
2.76 -0.9 2.99064e-05
2.76 -0.84 2.94273e-05
2.76 -0.78 2.8558e-05
2.76 -0.72 2.73332e-05
2.76 -0.66 2.58011e-05
2.76 -0.6 2.40206e-05
2.76 -0.54 2.20551e-05
2.76 -0.48 1.99726e-05
2.76 -0.42 1.7838e-05
2.82 -1.68 6.50463e-06
2.82 -1.62 7.66222e-06
2.82 -1.56 8.90175e-06
2.82 -1.5 1.01995e-05
2.82 -1.44 1.15259e-05
2.82 -1.38 1.28458e-05
2.82 -1.32 1.412e-05
2.82 -1.26 1.53072e-05
2.82 -1.2 1.63662e-05
2.82 -1.14 1.72578e-05
2.82 -1.08 1.79481e-05
2.82 -1.02 1.84094e-05
2.82 -0.96 1.86228e-05
2.82 -0.9 1.85798e-05
2.82 -0.84 1.82821e-05
2.82 -0.78 1.7742e-05
2.82 -0.72 1.69811e-05
2.82 -0.66 1.60292e-05
2.82 -0.6 1.49231e-05
2.82 -0.54 1.37021e-05
2.82 -0.48 1.24082e-05
2.88 -1.62 4.6948e-06
2.88 -1.56 5.45429e-06
2.88 -1.5 6.24948e-06
2.88 -1.44 7.06222e-06
2.88 -1.38 7.87087e-06
2.88 -1.32 8.6516e-06
2.88 -1.26 9.37912e-06
2.88 -1.2 1.0028e-05
2.88 -1.14 1.05743e-05
2.88 -1.08 1.09972e-05
2.88 -1.02 1.12799e-05
2.88 -0.96 1.14106e-05
2.88 -0.9 1.13843e-05
2.88 -0.84 1.12019e-05
2.88 -0.78 1.0871e-05
2.88 -0.72 1.04047e-05
2.88 -0.66 9.82155e-06
2.88 -0.6 9.1437e-06
2.94 -1.5 3.77652e-06
2.94 -1.44 4.26767e-06
2.94 -1.38 4.75635e-06
2.94 -1.32 5.2282e-06
2.94 -1.26 5.66782e-06
2.94 -1.2 6.05988e-06
2.94 -1.14 6.39011e-06
2.94 -1.08 6.64564e-06
2.94 -1.02 6.81637e-06
2.94 -0.96 6.89541e-06
2.94 -0.9 6.87956e-06
2.94 -0.84 6.76927e-06
2.94 -0.78 6.56929e-06
2.94 -0.72 6.28758e-06
3 -1.44 2.54353e-06
3 -1.38 2.8348e-06
3 -1.32 3.11596e-06
3 -1.26 3.37795e-06
3 -1.2 3.61168e-06
3 -1.14 3.80843e-06
3 -1.08 3.96076e-06
3 -1.02 4.06252e-06
3 -0.96 4.10965e-06
3 -0.9 4.10015e-06
3.06 -1.32 1.83158e-06
3.06 -1.26 1.98559e-06
3.06 -1.2 2.12293e-06
3.06 -1.14 2.23862e-06
3.06 -1.08 2.32814e-06
3.06 -1.02 2.38797e-06
