3430 0.06 0.06 0.364947 -12 -12
-0.54 -0.36 9.3448e-06
-0.54 -0.3 8.60383e-06
-0.54 -0.24 7.81273e-06
-0.54 -0.18 6.99682e-06
-0.54 -0.12 6.18003e-06
-0.54 -0.06 5.3835e-06
-0.54 9.71445e-15 4.62523e-06
-0.54 0.06 3.91912e-06
-0.48 -0.6 1.89689e-05
-0.48 -0.54 1.84589e-05
-0.48 -0.48 1.77159e-05
-0.48 -0.42 1.67689e-05
-0.48 -0.36 1.56543e-05
-0.48 -0.3 1.44131e-05
-0.48 -0.24 1.30879e-05
-0.48 -0.18 1.17211e-05
-0.48 -0.12 1.03527e-05
-0.48 -0.06 9.01843e-06
-0.48 9.71445e-15 7.7482e-06
-0.48 0.06 6.56528e-06
-0.48 0.12 5.48654e-06
-0.42 -0.78 3.12995e-05
-0.42 -0.72 3.17493e-05
-0.42 -0.66 3.17628e-05
-0.42 -0.6 3.13396e-05
-0.42 -0.54 3.04974e-05
-0.42 -0.48 2.92695e-05
-0.42 -0.42 2.7705e-05
-0.42 -0.36 2.58638e-05
-0.42 -0.3 2.38128e-05
-0.42 -0.24 2.16233e-05
-0.42 -0.18 1.93651e-05
-0.42 -0.12 1.71045e-05
-0.42 -0.06 1.49001e-05
-0.42 9.71445e-15 1.28014e-05
-0.42 0.06 1.0847e-05
-0.42 0.12 9.06476e-06
-0.42 0.18 7.47118e-06
-0.36 -0.96 4.49695e-05
-0.36 -0.9 4.75498e-05
-0.36 -0.84 4.95874e-05
-0.36 -0.78 5.10012e-05
-0.36 -0.72 5.17341e-05
-0.36 -0.66 5.17564e-05
-0.36 -0.6 5.10674e-05
-0.36 -0.54 4.96946e-05
-0.36 -0.48 4.76938e-05
-0.36 -0.42 4.51445e-05
-0.36 -0.36 4.2144e-05
-0.36 -0.3 3.88025e-05
-0.36 -0.24 3.52345e-05
-0.36 -0.18 3.15551e-05
-0.36 -0.12 2.78712e-05
-0.36 -0.06 2.4279e-05
-0.36 9.71445e-15 2.08591e-05
-0.36 0.06 1.76748e-05
-0.36 0.12 1.47705e-05
-0.36 0.18 1.2174e-05
-0.36 0.24 9.89593e-06
-0.3 -1.08 6.20097e-05
-0.3 -1.02 6.74077e-05
-0.3 -0.96 7.22695e-05
-0.3 -0.9 7.64158e-05
-0.3 -0.84 7.96904e-05
-0.3 -0.78 8.19618e-05
-0.3 -0.72 8.31407e-05
-0.3 -0.66 8.31767e-05
-0.3 -0.6 8.20684e-05
-0.3 -0.54 7.98618e-05
-0.3 -0.48 7.66472e-05
-0.3 -0.42 7.25503e-05
-0.3 -0.36 6.77282e-05
-0.3 -0.3 6.23578e-05
-0.3 -0.24 5.66245e-05
-0.3 -0.18 5.0711e-05
-0.3 -0.12 4.47907e-05
-0.3 -0.06 3.9018e-05
-0.3 9.71445e-15 3.35224e-05
-0.3 0.06 2.84046e-05
-0.3 0.12 2.37374e-05
-0.3 0.18 1.95642e-05
-0.3 0.24 1.59034e-05
-0.3 0.3 1.27497e-05
-0.24 -1.2 7.97886e-05
-0.24 -1.14 8.91695e-05
-0.24 -1.08 9.82827e-05
-0.24 -1.02 0.00010684
-0.24 -0.96 0.000114545
-0.24 -0.9 0.000121117
-0.24 -0.84 0.000126307
-0.24 -0.78 0.000129908
-0.24 -0.72 0.000131776
-0.24 -0.66 0.000131832
-0.24 -0.6 0.000130076
-0.24 -0.54 0.000126579
-0.24 -0.48 0.000121483
-0.24 -0.42 0.00011499
-0.24 -0.36 0.000107348
-0.24 -0.3 9.88354e-05
-0.24 -0.24 8.97482e-05
-0.24 -0.18 8.03752e-05
-0.24 -0.12 7.09926e-05
-0.24 -0.06 6.18432e-05
-0.24 9.71445e-15 5.31319e-05
-0.24 0.06 4.50208e-05
-0.24 0.12 3.76231e-05
-0.24 0.18 3.1009e-05
-0.24 0.24 2.52065e-05
-0.24 0.3 2.0208e-05
-0.24 0.36 1.5978e-05
-0.18 -1.26 0.00011007
-0.18 -1.2 0.000124724
-0.18 -1.14 0.000139388
-0.18 -1.08 0.000153636
-0.18 -1.02 0.000167011
-0.18 -0.96 0.000179056
-0.18 -0.9 0.00018933
-0.18 -0.84 0.000197442
-0.18 -0.78 0.000203072
-0.18 -0.72 0.000205991
-0.18 -0.66 0.000206079
-0.18 -0.6 0.000203332
-0.18 -0.54 0.000197867
-0.18 -0.48 0.000189901
-0.18 -0.42 0.000179752
-0.18 -0.36 0.000167805
-0.18 -0.3 0.000154498
-0.18 -0.24 0.000140293
-0.18 -0.18 0.000125641
-0.18 -0.12 0.000110974
-0.18 -0.06 9.66724e-05
-0.18 9.71445e-15 8.30558e-05
-0.18 0.06 7.03755e-05
-0.18 0.12 5.88125e-05
-0.18 0.18 4.8473e-05
-0.18 0.24 3.94021e-05
-0.18 0.3 3.15889e-05
-0.18 0.36 2.49766e-05
-0.18 0.42 1.94769e-05
-0.12 -1.38 0.000126783
-0.12 -1.32 0.000147697
-0.12 -1.26 0.000169695
-0.12 -1.2 0.000192289
-0.12 -1.14 0.000214895
-0.12 -1.08 0.000236861
-0.12 -1.02 0.000257481
-0.12 -0.96 0.000276052
-0.12 -0.9 0.00029189
-0.12 -0.84 0.000304396
-0.12 -0.78 0.000313074
-0.12 -0.72 0.000317576
-0.12 -0.66 0.000317713
-0.12 -0.6 0.00031348
-0.12 -0.54 0.00030505
-0.12 -0.48 0.000292773
-0.12 -0.42 0.000277123
-0.12 -0.36 0.000258706
-0.12 -0.3 0.000238191
-0.12 -0.24 0.000216292
-0.12 -0.18 0.000193703
-0.12 -0.12 0.00017109
-0.12 -0.06 0.000149039
-0.12 9.71445e-15 0.000128047
-0.12 0.06 0.000108499
-0.12 0.12 9.06712e-05
-0.12 0.18 7.47303e-05
-0.12 0.24 6.07469e-05
-0.12 0.3 4.87008e-05
-0.12 0.36 3.85067e-05
-0.12 0.42 3.00278e-05
-0.12 0.48 2.30942e-05
-0.06 -1.44 0.000163204
-0.06 -1.38 0.000192775
-0.06 -1.32 0.000224573
-0.06 -1.26 0.000258023
-0.06 -1.2 0.000292379
-0.06 -1.14 0.000326753
-0.06 -1.08 0.00036015
-0.06 -1.02 0.000391505
-0.06 -0.96 0.00041974
-0.06 -0.9 0.000443819
-0.06 -0.84 0.000462837
-0.06 -0.78 0.000476029
-0.06 -0.72 0.000482876
-0.06 -0.66 0.000483087
-0.06 -0.6 0.000476653
-0.06 -0.54 0.000463836
-0.06 -0.48 0.000445166
-0.06 -0.42 0.000421368
-0.06 -0.36 0.000393366
-0.06 -0.3 0.000362174
-0.06 -0.24 0.000328874
-0.06 -0.18 0.000294529
-0.06 -0.12 0.000260144
-0.06 -0.06 0.000226617
-0.06 9.71445e-15 0.000194696
-0.06 0.06 0.000164974
-0.06 0.12 0.000137866
-0.06 0.18 0.000113629
-0.06 0.24 9.23667e-05
-0.06 0.3 7.40499e-05
-0.06 0.36 5.85501e-05
-0.06 0.42 4.56577e-05
-0.06 0.48 3.51149e-05
-0.06 0.54 2.66353e-05
9.71445e-15 -1.5 0.000204353
9.71445e-15 -1.44 0.000244742
9.71445e-15 -1.38 0.000289087
9.71445e-15 -1.32 0.000336772
9.71445e-15 -1.26 0.000386931
9.71445e-15 -1.2 0.000438454
9.71445e-15 -1.14 0.000490003
9.71445e-15 -1.08 0.000540085
9.71445e-15 -1.02 0.000587105
9.71445e-15 -0.96 0.000629442
9.71445e-15 -0.9 0.00066556
9.71445e-15 -0.84 0.000694075
9.71445e-15 -0.78 0.000713865
9.71445e-15 -0.72 0.000724122
9.71445e-15 -0.66 0.000724441
9.71445e-15 -0.6 0.000714795
9.71445e-15 -0.54 0.000695577
9.71445e-15 -0.48 0.000667576
9.71445e-15 -0.42 0.000631888
9.71445e-15 -0.36 0.000589892
9.71445e-15 -0.3 0.000543123
9.71445e-15 -0.24 0.00049318
9.71445e-15 -0.18 0.00044168
9.71445e-15 -0.12 0.000390117
9.71445e-15 -0.06 0.000339835
9.71445e-15 9.71445e-15 0.000291967
9.71445e-15 0.06 0.000247395
9.71445e-15 0.12 0.000206745
9.71445e-15 0.18 0.0001704
9.71445e-15 0.24 0.000138514
9.71445e-15 0.3 0.000111046
9.71445e-15 0.36 8.78021e-05
9.71445e-15 0.42 6.84692e-05
9.71445e-15 0.48 5.26588e-05
9.71445e-15 0.54 3.99423e-05
9.71445e-15 0.6 2.98809e-05
0.06 -1.56 0.00024889
0.06 -1.5 0.000302238
0.06 -1.44 0.000361976
0.06 -1.38 0.000427557
0.06 -1.32 0.000498088
0.06 -1.26 0.000572274
0.06 -1.2 0.000648469
0.06 -1.14 0.000724707
0.06 -1.08 0.000798778
0.06 -1.02 0.000868323
0.06 -0.96 0.00093095
0.06 -0.9 0.000984364
0.06 -0.84 0.00102653
0.06 -0.78 0.0010558
0.06 -0.72 0.00107098
0.06 -0.66 0.00107144
0.06 -0.6 0.00105717
0.06 -0.54 0.00102875
0.06 -0.48 0.000987337
0.06 -0.42 0.000934557
0.06 -0.36 0.000872456
0.06 -0.3 0.000803275
0.06 -0.24 0.000729416
0.06 -0.18 0.00065324
0.06 -0.12 0.000576983
0.06 -0.06 0.000502619
0.06 9.71445e-15 0.000431822
0.06 0.06 0.0003659
0.06 0.12 0.000305777
0.06 0.18 0.000252021
0.06 0.24 0.000204861
0.06 0.3 0.000164238
0.06 0.36 0.000129859
0.06 0.42 0.000101266
0.06 0.48 7.78826e-05
0.06 0.54 5.90752e-05
0.06 0.6 4.41942e-05
0.12 -1.68 0.000236182
0.12 -1.62 0.000294858
0.12 -1.56 0.000363048
0.12 -1.5 0.000440867
0.12 -1.44 0.000528
0.12 -1.38 0.000623673
0.12 -1.32 0.000726544
0.12 -1.26 0.00083476
0.12 -1.2 0.000945908
0.12 -1.14 0.00105711
0.12 -1.08 0.00116517
0.12 -1.02 0.0012666
0.12 -0.96 0.00135794
0.12 -0.9 0.00143586
0.12 -0.84 0.00149739
0.12 -0.78 0.00154007
0.12 -0.72 0.00156221
0.12 -0.66 0.0015629
0.12 -0.6 0.00154208
0.12 -0.54 0.00150061
0.12 -0.48 0.00144021
0.12 -0.42 0.00136322
0.12 -0.36 0.00127261
0.12 -0.3 0.00117171
0.12 -0.24 0.00106397
0.12 -0.18 0.000952866
0.12 -0.12 0.000841621
0.12 -0.06 0.000733146
0.12 9.71445e-15 0.000629885
0.12 0.06 0.000533722
0.12 0.12 0.000446025
0.12 0.18 0.000367614
0.12 0.24 0.000298825
0.12 0.3 0.000239567
0.12 0.36 0.000189422
0.12 0.42 0.000147713
0.12 0.48 0.000113603
0.12 0.54 8.6171e-05
0.12 0.6 6.44643e-05
0.12 0.66 4.75621e-05
0.18 -1.74 0.000268424
0.18 -1.68 0.000339777
0.18 -1.62 0.000424189
0.18 -1.56 0.000522285
0.18 -1.5 0.000634235
0.18 -1.44 0.000759597
0.18 -1.38 0.000897222
0.18 -1.32 0.00104523
0.18 -1.26 0.0012009
0.18 -1.2 0.00136079
0.18 -1.14 0.00152078
0.18 -1.08 0.00167622
0.18 -1.02 0.00182215
0.18 -0.96 0.00195356
0.18 -0.9 0.00206566
0.18 -0.84 0.00215417
0.18 -0.78 0.00221559
0.18 -0.72 0.00224744
0.18 -0.66 0.0022484
0.18 -0.6 0.00221842
0.18 -0.54 0.0021588
0.18 -0.48 0.00207189
0.18 -0.42 0.00196116
0.18 -0.36 0.00183082
0.18 -0.3 0.00168563
0.18 -0.24 0.00153065
0.18 -0.18 0.00137079
0.18 -0.12 0.00121077
0.18 -0.06 0.00105473
0.18 9.71445e-15 0.000906169
0.18 0.06 0.000767824
0.18 0.12 0.000641666
0.18 0.18 0.000528859
0.18 0.24 0.000429892
0.18 0.3 0.000344646
0.18 0.36 0.000272503
0.18 0.42 0.0002125
0.18 0.48 0.000163434
0.18 0.54 0.000123969
0.18 0.6 9.27395e-05
0.18 0.66 6.84247e-05
0.18 0.72 4.979e-05
0.24 -1.74 0.000380851
0.24 -1.68 0.000482094
0.24 -1.62 0.000601855
0.24 -1.56 0.000741049
0.24 -1.5 0.00089988
0.24 -1.44 0.00107774
0.24 -1.38 0.00127301
0.24 -1.32 0.001483
0.24 -1.26 0.00170387
0.24 -1.2 0.00193075
0.24 -1.14 0.00215776
0.24 -1.08 0.00237829
0.24 -1.02 0.00258535
0.24 -0.96 0.00277179
0.24 -0.9 0.00293084
0.24 -0.84 0.00305641
0.24 -0.78 0.00314357
0.24 -0.72 0.00318873
0.24 -0.66 0.00319011
0.24 -0.6 0.00314765
0.24 -0.54 0.00306303
0.24 -0.48 0.00293971
0.24 -0.42 0.00278256
0.24 -0.36 0.00259765
0.24 -0.3 0.00239168
0.24 -0.24 0.00217175
0.24 -0.18 0.00194496
0.24 -0.12 0.00171791
0.24 -0.06 0.0014965
0.24 9.71445e-15 0.00128569
0.24 0.06 0.00108943
0.24 0.12 0.000910414
0.24 0.18 0.000750372
0.24 0.24 0.000609954
0.24 0.3 0.000489001
0.24 0.36 0.000386641
0.24 0.42 0.000301509
0.24 0.48 0.000231888
0.24 0.54 0.00017589
0.24 0.6 0.000131583
0.24 0.66 9.70835e-05
0.24 0.72 7.06451e-05
0.3 -1.8 0.000415237
0.3 -1.74 0.000532943
0.3 -1.68 0.000674607
0.3 -1.62 0.000842206
0.3 -1.56 0.00103697
0.3 -1.5 0.00125925
0.3 -1.44 0.00150813
0.3 -1.38 0.0017814
0.3 -1.32 0.00207524
0.3 -1.26 0.00238432
0.3 -1.2 0.00270179
0.3 -1.14 0.00301944
0.3 -1.08 0.00332807
0.3 -1.02 0.00361778
0.3 -0.96 0.00387868
0.3 -0.9 0.00410127
0.3 -0.84 0.00427699
0.3 -0.78 0.00439893
0.3 -0.72 0.00446215
0.3 -0.66 0.0044641
0.3 -0.6 0.00440462
0.3 -0.54 0.00428622
0.3 -0.48 0.00411367
0.3 -0.42 0.00389378
0.3 -0.36 0.00363494
0.3 -0.3 0.00334676
0.3 -0.24 0.00303902
0.3 -0.18 0.00272167
0.3 -0.12 0.00240392
0.3 -0.06 0.00209409
0.3 9.71445e-15 0.00179914
0.3 0.06 0.00152446
0.3 0.12 0.00127399
0.3 0.18 0.00105002
0.3 0.24 0.000853532
0.3 0.3 0.000684275
0.3 0.36 0.000541044
0.3 0.42 0.000421912
0.3 0.48 0.000324487
0.3 0.54 0.000246131
0.3 0.6 0.000184128
0.3 0.66 0.000135853
0.3 0.72 9.88558e-05
0.3 0.78 7.09461e-05
0.36 -1.86 0.000440364
0.36 -1.8 0.000573067
0.36 -1.74 0.000735515
0.36 -1.68 0.000931036
0.36 -1.62 0.00116232
0.36 -1.56 0.00143114
0.36 -1.5 0.0017379
0.36 -1.44 0.00208137
0.36 -1.38 0.0024585
0.36 -1.32 0.00286402
0.36 -1.26 0.00329061
0.36 -1.2 0.00372877
0.36 -1.14 0.00416716
0.36 -1.08 0.00459307
0.36 -1.02 0.00499296
0.36 -0.96 0.00535302
0.36 -0.9 0.00566014
0.36 -0.84 0.00590268
0.36 -0.78 0.00607095
0.36 -0.72 0.00615822
0.36 -0.66 0.00616091
0.36 -0.6 0.00607887
0.36 -0.54 0.00591544
0.36 -0.48 0.0056773
0.36 -0.42 0.00537382
0.36 -0.36 0.00501667
0.36 -0.3 0.0046189
0.36 -0.24 0.00419419
0.36 -0.18 0.0037562
0.36 -0.12 0.00331768
0.36 -0.06 0.00289009
0.36 9.71445e-15 0.002483
0.36 0.06 0.00210394
0.36 0.12 0.00175822
0.36 0.18 0.00144914
0.36 0.24 0.00117797
0.36 0.3 0.000944373
0.36 0.36 0.000746702
0.36 0.42 0.000582286
0.36 0.48 0.000447828
0.36 0.54 0.000339685
0.36 0.6 0.000254118
0.36 0.66 0.00018749
0.36 0.72 0.000136432
0.36 0.78 9.7913e-05
0.42 -1.92 0.000454259
0.42 -1.86 0.000599397
0.42 -1.8 0.000780028
0.42 -1.74 0.00100113
0.42 -1.68 0.00126727
0.42 -1.62 0.00158209
0.42 -1.56 0.00194798
0.42 -1.5 0.0023655
0.42 -1.44 0.00283303
0.42 -1.38 0.00334638
0.42 -1.32 0.00389835
0.42 -1.26 0.00447897
0.42 -1.2 0.00507533
0.42 -1.14 0.00567209
0.42 -1.08 0.00625181
0.42 -1.02 0.0067961
0.42 -0.96 0.00728612
0.42 -0.9 0.00770426
0.42 -0.84 0.0080344
0.42 -0.78 0.00826345
0.42 -0.72 0.00838223
0.42 -0.66 0.00838585
0.42 -0.6 0.00827413
0.42 -0.54 0.00805175
0.42 -0.48 0.00772752
0.42 -0.42 0.00731455
0.42 -0.36 0.00682836
0.42 -0.3 0.00628693
0.42 -0.24 0.00570882
0.42 -0.18 0.00511267
0.42 -0.12 0.00451581
0.42 -0.06 0.00393381
0.42 9.71445e-15 0.00337971
0.42 0.06 0.00286374
0.42 0.12 0.00239319
0.42 0.18 0.00197249
0.42 0.24 0.00160338
0.42 0.3 0.00128541
0.42 0.36 0.00101636
0.42 0.42 0.000792567
0.42 0.48 0.000609556
0.42 0.54 0.00046236
0.42 0.6 0.000345887
0.42 0.66 0.000255201
0.42 0.72 0.000185702
0.42 0.78 0.000133273
0.42 0.84 9.43304e-05
0.48 -1.98 0.000455805
0.48 -1.92 0.00060981
0.48 -1.86 0.000804644
0.48 -1.8 0.00104713
0.48 -1.74 0.00134396
0.48 -1.68 0.00170121
0.48 -1.62 0.00212385
0.48 -1.56 0.00261501
0.48 -1.5 0.00317552
0.48 -1.44 0.00380317
0.48 -1.38 0.00449228
0.48 -1.32 0.00523328
0.48 -1.26 0.00601269
0.48 -1.2 0.00681327
0.48 -1.14 0.00761434
0.48 -1.08 0.00839262
0.48 -1.02 0.00912322
0.48 -0.96 0.00978111
0.48 -0.9 0.0103425
0.48 -0.84 0.0107856
0.48 -0.78 0.0110931
0.48 -0.72 0.0112525
0.48 -0.66 0.0112574
0.48 -0.6 0.0111074
0.48 -0.54 0.0108089
0.48 -0.48 0.0103737
0.48 -0.42 0.00981923
0.48 -0.36 0.00916653
0.48 -0.3 0.00843974
0.48 -0.24 0.00766368
0.48 -0.18 0.0068634
0.48 -0.12 0.00606212
0.48 -0.06 0.00528084
0.48 9.71445e-15 0.00453701
0.48 0.06 0.00384433
0.48 0.12 0.0032127
0.48 0.18 0.00264792
0.48 0.24 0.0021524
0.48 0.3 0.00172558
0.48 0.36 0.00136438
0.48 0.42 0.00106396
0.48 0.48 0.000818284
0.48 0.54 0.000620686
0.48 0.6 0.000464329
0.48 0.66 0.00034259
0.48 0.72 0.000249291
0.48 0.78 0.000178909
0.48 0.84 0.000126632
0.54 -1.98 0.000603471
0.54 -1.92 0.000807376
0.54 -1.86 0.00106532
0.54 -1.8 0.00138637
0.54 -1.74 0.00177937
0.54 -1.68 0.00225235
0.54 -1.62 0.00281193
0.54 -1.56 0.0034622
0.54 -1.5 0.00420429
0.54 -1.44 0.00503532
0.54 -1.38 0.00594764
0.54 -1.32 0.00692875
0.54 -1.26 0.00796068
0.54 -1.2 0.00902056
0.54 -1.14 0.0100811
0.54 -1.08 0.0111116
0.54 -1.02 0.0120788
0.54 -0.96 0.01295
0.54 -0.9 0.0136932
0.54 -0.84 0.0142797
0.54 -0.78 0.014687
0.54 -0.72 0.0148981
0.54 -0.66 0.0149045
0.54 -0.6 0.0147059
0.54 -0.54 0.0143106
0.54 -0.48 0.0137345
0.54 -0.42 0.0130003
0.54 -0.36 0.0121363
0.54 -0.3 0.011174
0.54 -0.24 0.0101466
0.54 -0.18 0.00908696
0.54 -0.12 0.00802614
0.54 -0.06 0.00699172
0.54 9.71445e-15 0.00600692
0.54 0.06 0.00508984
0.54 0.12 0.00425356
0.54 0.18 0.00350577
0.54 0.24 0.00284971
0.54 0.3 0.00228464
0.54 0.36 0.0018064
0.54 0.42 0.00140866
0.54 0.48 0.00108339
0.54 0.54 0.000821777
0.54 0.6 0.000614765
0.54 0.66 0.000453582
0.54 0.72 0.000330056
0.54 0.78 0.000236871
0.54 0.84 0.000167659
0.54 0.9 0.000117038
0.6 -2.04 0.000580896
0.6 -1.98 0.000787999
0.6 -1.92 0.00105425
0.6 -1.86 0.00139108
0.6 -1.8 0.00181028
0.6 -1.74 0.00232344
0.6 -1.68 0.00294106
0.6 -1.62 0.00367172
0.6 -1.56 0.00452084
0.6 -1.5 0.0054899
0.6 -1.44 0.006575
0.6 -1.38 0.0077663
0.6 -1.32 0.00904737
0.6 -1.26 0.0103949
0.6 -1.2 0.0117789
0.6 -1.14 0.0131637
0.6 -1.08 0.0145093
0.6 -1.02 0.0157724
0.6 -0.96 0.0169099
0.6 -0.9 0.0178801
0.6 -0.84 0.0186463
0.6 -0.78 0.0191779
0.6 -0.72 0.0194536
0.6 -0.66 0.019462
0.6 -0.6 0.0192026
0.6 -0.54 0.0186864
0.6 -0.48 0.0179342
0.6 -0.42 0.0169756
0.6 -0.36 0.0158473
0.6 -0.3 0.0145906
0.6 -0.24 0.0132492
0.6 -0.18 0.0118655
0.6 -0.12 0.0104803
0.6 -0.06 0.00912964
0.6 9.71445e-15 0.00784372
0.6 0.06 0.0066462
0.6 0.12 0.00555419
0.6 0.18 0.00457772
0.6 0.24 0.00372111
0.6 0.3 0.00298322
0.6 0.36 0.00235878
0.6 0.42 0.00183938
0.6 0.48 0.00141466
0.6 0.54 0.00107306
0.6 0.6 0.000802746
0.6 0.66 0.000592276
0.6 0.72 0.000430977
0.6 0.78 0.000309301
0.6 0.84 0.000218925
0.6 0.9 0.000152825
0.66 -2.1 0.000543893
0.66 -2.04 0.000748093
0.66 -1.98 0.00101481
0.66 -1.92 0.00135769
0.66 -1.86 0.00179147
0.66 -1.8 0.00233135
0.66 -1.74 0.00299221
0.66 -1.68 0.0037876
0.66 -1.62 0.00472857
0.66 -1.56 0.00582212
0.66 -1.5 0.00707001
0.66 -1.44 0.00846743
0.66 -1.38 0.0100017
0.66 -1.32 0.0116515
0.66 -1.26 0.0133867
0.66 -1.2 0.0151691
0.66 -1.14 0.0169527
0.66 -1.08 0.0186854
0.66 -1.02 0.0203121
0.66 -0.96 0.0217768
0.66 -0.9 0.0230266
0.66 -0.84 0.0240132
0.66 -0.78 0.0246979
0.66 -0.72 0.0250528
0.66 -0.66 0.0250637
0.66 -0.6 0.0247297
0.66 -0.54 0.0240651
0.66 -0.48 0.0230961
0.66 -0.42 0.0218617
0.66 -0.36 0.0204085
0.66 -0.3 0.0187903
0.66 -0.24 0.0170625
0.66 -0.18 0.0152808
0.66 -0.12 0.0134968
0.66 -0.06 0.0117574
0.66 9.71445e-15 0.0101013
0.66 0.06 0.00855911
0.66 0.12 0.00715282
0.66 0.18 0.00589538
0.66 0.24 0.00479216
0.66 0.3 0.00384186
0.66 0.36 0.00303768
0.66 0.42 0.00236882
0.66 0.48 0.00182184
0.66 0.54 0.00138191
0.66 0.6 0.00103379
0.66 0.66 0.000762748
0.66 0.72 0.000555026
0.66 0.78 0.000398326
0.66 0.84 0.000281935
0.66 0.9 0.000196813
0.72 -2.1 0.000690812
0.72 -2.04 0.000950172
0.72 -1.98 0.00128894
0.72 -1.92 0.00172445
0.72 -1.86 0.0022754
0.72 -1.8 0.00296108
0.72 -1.74 0.00380043
0.72 -1.68 0.00481074
0.72 -1.62 0.00600582
0.72 -1.56 0.0073948
0.72 -1.5 0.00897982
0.72 -1.44 0.0107547
0.72 -1.38 0.0127033
0.72 -1.32 0.0147988
0.72 -1.26 0.0170029
0.72 -1.2 0.0192668
0.72 -1.14 0.021532
0.72 -1.08 0.0237327
0.72 -1.02 0.025799
0.72 -0.96 0.0276595
0.72 -0.9 0.0292465
0.72 -0.84 0.0304998
0.72 -0.78 0.0313693
0.72 -0.72 0.0318203
0.72 -0.66 0.0318338
0.72 -0.6 0.0314098
0.72 -0.54 0.0305655
0.72 -0.48 0.0293348
0.72 -0.42 0.0277671
0.72 -0.36 0.0259217
0.72 -0.3 0.023866
0.72 -0.24 0.0216717
0.72 -0.18 0.0194084
0.72 -0.12 0.0171428
0.72 -0.06 0.0149334
0.72 9.71445e-15 0.0128299
0.72 0.06 0.0108713
0.72 0.12 0.00908496
0.72 0.18 0.00748783
0.72 0.24 0.00608668
0.72 0.3 0.00487967
0.72 0.36 0.00385825
0.72 0.42 0.00300869
0.72 0.48 0.00231398
0.72 0.54 0.0017552
0.72 0.6 0.00131305
0.72 0.66 0.000968788
0.72 0.72 0.000704954
0.72 0.78 0.00050592
0.72 0.84 0.000358095
0.72 0.9 0.000249976
0.72 0.96 0.000172103
0.78 -2.16 0.000620505
0.78 -2.1 0.000865359
0.78 -2.04 0.00119025
0.78 -1.98 0.0016146
0.78 -1.92 0.00216015
0.78 -1.86 0.00285028
0.78 -1.8 0.00370925
0.78 -1.74 0.00476075
0.78 -1.68 0.00602628
0.78 -1.62 0.00752335
0.78 -1.56 0.00926325
0.78 -1.5 0.0112487
0.78 -1.44 0.0134721
0.78 -1.38 0.015913
0.78 -1.32 0.018538
0.78 -1.26 0.0212989
0.78 -1.2 0.0241348
0.78 -1.14 0.0269724
0.78 -1.08 0.0297292
0.78 -1.02 0.0323173
0.78 -0.96 0.0346482
0.78 -0.9 0.0366363
0.78 -0.84 0.0382056
0.78 -0.78 0.0392952
0.78 -0.72 0.0398599
0.78 -0.66 0.0398772
0.78 -0.6 0.0393463
0.78 -0.54 0.0382883
0.78 -0.48 0.0367471
0.78 -0.42 0.0347824
0.78 -0.36 0.0324712
0.78 -0.3 0.0298965
0.78 -0.24 0.0271475
0.78 -0.18 0.0243125
0.78 -0.12 0.0214743
0.78 -0.06 0.0187065
0.78 9.71445e-15 0.0160716
0.78 0.06 0.0136181
0.78 0.12 0.0113805
0.78 0.18 0.00937978
0.78 0.24 0.00762454
0.78 0.3 0.00611264
0.78 0.36 0.0048331
0.78 0.42 0.00376893
0.78 0.48 0.00289865
0.78 0.54 0.00219867
0.78 0.6 0.00164482
0.78 0.66 0.00121356
0.78 0.72 0.000883079
0.78 0.78 0.000633754
0.78 0.84 0.000448573
0.78 0.9 0.000313136
0.78 0.96 0.000215588
0.84 -2.16 0.000766604
0.84 -2.1 0.00106911
0.84 -2.04 0.00147049
0.84 -1.98 0.00199477
0.84 -1.92 0.00266876
0.84 -1.86 0.00352142
0.84 -1.8 0.00458264
0.84 -1.74 0.00588165
0.84 -1.68 0.00744512
0.84 -1.62 0.00929474
0.84 -1.56 0.0114443
0.84 -1.5 0.0138972
0.84 -1.44 0.016644
0.84 -1.38 0.0196599
0.84 -1.32 0.0229027
0.84 -1.26 0.0263137
0.84 -1.2 0.0298173
0.84 -1.14 0.0333232
0.84 -1.08 0.0367291
0.84 -1.02 0.0399267
0.84 -0.96 0.0428057
0.84 -0.9 0.0452624
0.84 -0.84 0.0472017
0.84 -0.78 0.0485475
0.84 -0.72 0.0492451
0.84 -0.66 0.0492666
0.84 -0.6 0.04861
0.84 -0.54 0.0473036
0.84 -0.48 0.045399
0.84 -0.42 0.0429726
0.84 -0.36 0.0401161
0.84 -0.3 0.0369353
0.84 -0.24 0.033539
0.84 -0.18 0.0300367
0.84 -0.12 0.0265301
0.84 -0.06 0.0231109
0.84 9.71445e-15 0.0198556
0.84 0.06 0.0168242
0.84 0.12 0.01406
0.84 0.18 0.0115883
0.84 0.24 0.00941973
0.84 0.3 0.00755176
0.84 0.36 0.00597103
0.84 0.42 0.00465628
0.84 0.48 0.00358112
0.84 0.54 0.00271635
0.84 0.6 0.00203207
0.84 0.66 0.0014993
0.84 0.72 0.00109099
0.84 0.78 0.000782972
0.84 0.84 0.000554187
0.84 0.9 0.000386867
0.84 0.96 0.000266348
0.9 -2.22 0.000660576
0.9 -2.16 0.000934086
0.9 -2.1 0.00130268
0.9 -2.04 0.00179173
0.9 -1.98 0.00243055
0.9 -1.92 0.00325177
0.9 -1.86 0.00429072
0.9 -1.8 0.00558374
0.9 -1.74 0.00716658
0.9 -1.68 0.00907164
0.9 -1.62 0.0113253
0.9 -1.56 0.0139445
0.9 -1.5 0.0169334
0.9 -1.44 0.0202801
0.9 -1.38 0.0239548
0.9 -1.32 0.027906
0.9 -1.26 0.0320625
0.9 -1.2 0.0363317
0.9 -1.14 0.0406031
0.9 -1.08 0.0447532
0.9 -1.02 0.0486494
0.9 -0.96 0.0521578
0.9 -0.9 0.0551504
0.9 -0.84 0.0575134
0.9 -0.78 0.0591528
0.9 -0.72 0.0600034
0.9 -0.66 0.0600297
0.9 -0.6 0.0592302
0.9 -0.54 0.0576375
0.9 -0.48 0.0553175
0.9 -0.42 0.0523603
0.9 -0.36 0.0488804
0.9 -0.3 0.0450048
0.9 -0.24 0.0408666
0.9 -0.18 0.036599
0.9 -0.12 0.0323262
0.9 -0.06 0.0281598
0.9 9.71445e-15 0.0241934
0.9 0.06 0.0205
0.9 0.12 0.0171315
0.9 0.18 0.0141199
0.9 0.24 0.0114777
0.9 0.3 0.00920161
0.9 0.36 0.00727558
0.9 0.42 0.00567356
0.9 0.48 0.00436345
0.9 0.54 0.00330976
0.9 0.6 0.00247603
0.9 0.66 0.00182682
0.9 0.72 0.00132934
0.9 0.78 0.000954029
0.9 0.84 0.000675258
0.9 0.9 0.000471382
0.9 0.96 0.000324534
0.9 1.02 0.000220365
0.96 -2.22 0.000793827
0.96 -2.16 0.00112251
0.96 -2.1 0.00156544
0.96 -2.04 0.00215316
0.96 -1.98 0.00292086
0.96 -1.92 0.00390774
0.96 -1.86 0.00515627
0.96 -1.8 0.00671013
0.96 -1.74 0.00861215
0.96 -1.68 0.0109016
0.96 -1.62 0.0136098
0.96 -1.56 0.0167574
0.96 -1.5 0.0203491
0.96 -1.44 0.0243709
0.96 -1.38 0.028787
0.96 -1.32 0.0335352
0.96 -1.26 0.03853
0.96 -1.2 0.0436603
0.96 -1.14 0.0487937
0.96 -1.08 0.0537806
0.96 -1.02 0.058463
0.96 -0.96 0.0626786
0.96 -0.9 0.0662751
0.96 -0.84 0.0691153
0.96 -0.78 0.0710855
0.96 -0.72 0.0721075
0.96 -0.66 0.0721385
0.96 -0.6 0.0711777
0.96 -0.54 0.0692645
0.96 -0.48 0.0664756
0.96 -0.42 0.0629228
0.96 -0.36 0.0587406
0.96 -0.3 0.0540829
0.96 -0.24 0.0491099
0.96 -0.18 0.0439814
0.96 -0.12 0.0388469
0.96 -0.06 0.0338404
0.96 9.71445e-15 0.0290737
0.96 0.06 0.0246352
0.96 0.12 0.0205872
0.96 0.18 0.0169682
0.96 0.24 0.013793
0.96 0.3 0.0110577
0.96 0.36 0.00874316
0.96 0.42 0.00681801
0.96 0.48 0.00524365
0.96 0.54 0.00397742
0.96 0.6 0.00297548
0.96 0.66 0.00219535
0.96 0.72 0.00159749
0.96 0.78 0.00114646
0.96 0.84 0.000811471
0.96 0.9 0.00056647
0.96 0.96 0.000389998
0.96 1.02 0.000264816
1.02 -2.28 0.000656213
1.02 -2.22 0.000940848
1.02 -2.16 0.00133039
1.02 -2.1 0.00185537
1.02 -2.04 0.00255194
1.02 -1.98 0.0034618
1.02 -1.92 0.00463144
1.02 -1.86 0.0061112
1.02 -1.8 0.00795286
1.02 -1.74 0.0102072
1.02 -1.68 0.0129205
1.02 -1.62 0.0161304
1.02 -1.56 0.0198608
1.02 -1.5 0.0241178
1.02 -1.44 0.0288846
1.02 -1.38 0.0341184
1.02 -1.32 0.0397461
1.02 -1.26 0.0456659
1.02 -1.2 0.0517461
1.02 -1.14 0.0578302
1.02 -1.08 0.0637411
1.02 -1.02 0.0692901
1.02 -0.96 0.0742867
1.02 -0.9 0.0785498
1.02 -0.84 0.0819156
1.02 -0.78 0.0842509
1.02 -0.72 0.0854619
1.02 -0.66 0.085499
1.02 -0.6 0.0843596
1.02 -0.54 0.0820923
1.02 -0.48 0.0787872
1.02 -0.42 0.0745762
1.02 -0.36 0.0696189
1.02 -0.3 0.0640988
1.02 -0.24 0.058205
1.02 -0.18 0.0521268
1.02 -0.12 0.0460412
1.02 -0.06 0.0401074
1.02 9.71445e-15 0.0344582
1.02 0.06 0.0291974
1.02 0.12 0.0244001
1.02 0.18 0.0201107
1.02 0.24 0.0163473
1.02 0.3 0.0131056
1.02 0.36 0.0103624
1.02 0.42 0.00808066
1.02 0.48 0.00621478
1.02 0.54 0.00471404
1.02 0.6 0.00352653
1.02 0.66 0.00260193
1.02 0.72 0.00189334
1.02 0.78 0.0013588
1.02 0.84 0.000961757
1.02 0.9 0.000671383
1.02 0.96 0.000462229
1.02 1.02 0.000313861
1.08 -2.28 0.000767049
1.08 -2.22 0.00109977
1.08 -2.16 0.0015551
1.08 -2.1 0.00216875
1.08 -2.04 0.002983
1.08 -1.98 0.00404651
1.08 -1.92 0.00541374
1.08 -1.86 0.00714339
1.08 -1.8 0.00929617
1.08 -1.74 0.0119313
1.08 -1.68 0.0151029
1.08 -1.62 0.018855
1.08 -1.56 0.0232154
1.08 -1.5 0.0281914
1.08 -1.44 0.0337637
1.08 -1.38 0.0398813
1.08 -1.32 0.0464598
1.08 -1.26 0.0533791
1.08 -1.2 0.0604865
1.08 -1.14 0.0675979
1.08 -1.08 0.0745075
1.08 -1.02 0.0809933
1.08 -0.96 0.0868345
1.08 -0.9 0.0918179
1.08 -0.84 0.0957515
1.08 -0.78 0.0984818
1.08 -0.72 0.0998966
1.08 -0.66 0.0999404
1.08 -0.6 0.098609
1.08 -0.54 0.0959583
1.08 -0.48 0.0920952
1.08 -0.42 0.0871724
1.08 -0.36 0.0813781
1.08 -0.3 0.0749261
1.08 -0.24 0.0680362
1.08 -0.18 0.0609317
1.08 -0.12 0.0538182
1.08 -0.06 0.046882
1.08 9.71445e-15 0.0402785
1.08 0.06 0.0341292
1.08 0.12 0.0285217
1.08 0.18 0.0235075
1.08 0.24 0.0191085
1.08 0.3 0.0153194
1.08 0.36 0.0121127
1.08 0.42 0.00944561
1.08 0.48 0.00726451
1.08 0.54 0.0055103
1.08 0.6 0.00412222
1.08 0.66 0.00304143
1.08 0.72 0.00221315
1.08 0.78 0.00158831
1.08 0.84 0.00112421
1.08 0.9 0.000784784
1.08 0.96 0.000540307
1.08 1.02 0.000366874
1.14 -2.28 0.00088428
1.14 -2.22 0.00126785
1.14 -2.16 0.00179277
1.14 -2.1 0.00250024
1.14 -2.04 0.00343893
1.14 -1.98 0.00466495
1.14 -1.92 0.0062412
1.14 -1.86 0.0082352
1.14 -1.8 0.010717
1.14 -1.74 0.0137549
1.14 -1.68 0.0174112
1.14 -1.62 0.0217368
1.14 -1.56 0.0267635
1.14 -1.5 0.0325003
1.14 -1.44 0.0389243
1.14 -1.38 0.0459765
1.14 -1.32 0.0535609
1.14 -1.26 0.0615381
1.14 -1.2 0.0697312
1.14 -1.14 0.077929
1.14 -1.08 0.0858947
1.14 -1.02 0.0933723
1.14 -0.96 0.100107
1.14 -0.9 0.105851
1.14 -0.84 0.110386
1.14 -0.78 0.113534
1.14 -0.72 0.115166
1.14 -0.66 0.115215
1.14 -0.6 0.11368
1.14 -0.54 0.110624
1.14 -0.48 0.106171
1.14 -0.42 0.100496
1.14 -0.36 0.0938165
1.14 -0.3 0.0863777
1.14 -0.24 0.0784357
1.14 -0.18 0.0702442
1.14 -0.12 0.062044
1.14 -0.06 0.0540477
1.14 9.71445e-15 0.046435
1.14 0.06 0.0393458
1.14 0.12 0.0328811
1.14 0.18 0.0271004
1.14 0.24 0.0220291
1.14 0.3 0.0176608
1.14 0.36 0.013964
1.14 0.42 0.0108893
1.14 0.48 0.00837485
1.14 0.54 0.00635254
1.14 0.6 0.00475229
1.14 0.66 0.00350629
1.14 0.72 0.00255141
1.14 0.78 0.00183106
1.14 0.84 0.00129604
1.14 0.9 0.000904726
1.14 0.96 0.000622889
1.14 1.02 0.000422951
1.2 -2.34 0.000691625
1.2 -2.28 0.00100543
1.2 -2.22 0.00144155
1.2 -2.16 0.00203839
1.2 -2.1 0.00284277
1.2 -2.04 0.00391002
1.2 -1.98 0.00530408
1.2 -1.92 0.00709619
1.2 -1.86 0.00936345
1.2 -1.8 0.0121852
1.2 -1.74 0.0156392
1.2 -1.68 0.0197964
1.2 -1.62 0.0247146
1.2 -1.56 0.0304302
1.2 -1.5 0.0369528
1.2 -1.44 0.0442564
1.2 -1.38 0.0522755
1.2 -1.32 0.0608979
1.2 -1.26 0.0699686
1.2 -1.2 0.0792845
1.2 -1.14 0.088606
1.2 -1.08 0.0976628
1.2 -1.02 0.106165
1.2 -0.96 0.113821
1.2 -0.9 0.120352
1.2 -0.84 0.125509
1.2 -0.78 0.129087
1.2 -0.72 0.130943
1.2 -0.66 0.131
1.2 -0.6 0.129254
1.2 -0.54 0.12578
1.2 -0.48 0.120716
1.2 -0.42 0.114264
1.2 -0.36 0.106669
1.2 -0.3 0.0982109
1.2 -0.24 0.0891809
1.2 -0.18 0.0798676
1.2 -0.12 0.070543
1.2 -0.06 0.0614519
1.2 9.71445e-15 0.0527963
1.2 0.06 0.0447358
1.2 0.12 0.0373853
1.2 0.18 0.030813
1.2 0.24 0.025047
1.2 0.3 0.0200801
1.2 0.36 0.015877
1.2 0.42 0.012381
1.2 0.48 0.00952211
1.2 0.54 0.00722278
1.2 0.6 0.0054033
1.2 0.66 0.00398662
1.2 0.72 0.00290093
1.2 0.78 0.00208193
1.2 0.84 0.00147359
1.2 0.9 0.00102868
1.2 0.96 0.000708217
1.2 1.02 0.000480893
1.26 -2.34 0.000775555
1.26 -2.28 0.00112746
1.26 -2.22 0.00161649
1.26 -2.16 0.00228578
1.26 -2.1 0.00318776
1.26 -2.04 0.0043846
1.26 -1.98 0.00594781
1.26 -1.92 0.00795751
1.26 -1.86 0.0104998
1.26 -1.8 0.0136641
1.26 -1.74 0.0175374
1.26 -1.68 0.0221993
1.26 -1.62 0.0277142
1.26 -1.56 0.0341235
1.26 -1.5 0.0414372
1.26 -1.44 0.0496279
1.26 -1.38 0.0586196
1.26 -1.32 0.0682895
1.26 -1.26 0.0784601
1.26 -1.2 0.0889057
1.26 -1.14 0.0993596
1.26 -1.08 0.109515
1.26 -1.02 0.119049
1.26 -0.96 0.127635
1.26 -0.9 0.134959
1.26 -0.84 0.140741
1.26 -0.78 0.144755
1.26 -0.72 0.146835
1.26 -0.66 0.146897
1.26 -0.6 0.144941
1.26 -0.54 0.141045
1.26 -0.48 0.135366
1.26 -0.42 0.128131
1.26 -0.36 0.119616
1.26 -0.3 0.11013
1.26 -0.24 0.100004
1.26 -0.18 0.0895602
1.26 -0.12 0.0791056
1.26 -0.06 0.0689106
1.26 9.71445e-15 0.059204
1.26 0.06 0.0501655
1.26 0.12 0.0419229
1.26 0.18 0.0345529
1.26 0.24 0.0280868
1.26 0.3 0.0225173
1.26 0.36 0.0178038
1.26 0.42 0.0138837
1.26 0.48 0.0106779
1.26 0.54 0.00809942
1.26 0.6 0.00605907
1.26 0.66 0.0044705
1.26 0.72 0.00325303
1.26 0.78 0.00233458
1.26 0.84 0.00165244
1.26 0.9 0.00115352
1.26 0.96 0.000794177
1.26 1.02 0.000539254
1.26 1.08 0.000361126
1.32 -2.34 0.000857739
1.32 -2.28 0.00124693
1.32 -2.22 0.00178776
1.32 -2.16 0.00252799
1.32 -2.1 0.00352552
1.32 -2.04 0.00484911
1.32 -1.98 0.00657803
1.32 -1.92 0.00880056
1.32 -1.86 0.0116124
1.32 -1.8 0.0151118
1.32 -1.74 0.0193954
1.32 -1.68 0.0245514
1.32 -1.62 0.0306503
1.32 -1.56 0.0377392
1.32 -1.5 0.0458281
1.32 -1.44 0.0548854
1.32 -1.38 0.0648305
1.32 -1.32 0.075524
1.32 -1.26 0.0867729
1.32 -1.2 0.0983273
1.32 -1.14 0.109888
1.32 -1.08 0.121119
1.32 -1.02 0.131664
1.32 -0.96 0.141158
1.32 -0.9 0.149257
1.32 -0.84 0.155653
1.32 -0.78 0.160091
1.32 -0.72 0.162392
1.32 -0.66 0.162462
1.32 -0.6 0.160299
1.32 -0.54 0.15599
1.32 -0.48 0.14971
1.32 -0.42 0.141707
1.32 -0.36 0.132289
1.32 -0.3 0.1218
1.32 -0.24 0.1106
1.32 -0.18 0.0990506
1.32 -0.12 0.0874871
1.32 -0.06 0.0762113
1.32 9.71445e-15 0.0654762
1.32 0.06 0.0554807
1.32 0.12 0.0463641
1.32 0.18 0.0382139
1.32 0.24 0.0310631
1.32 0.3 0.0249031
1.32 0.36 0.0196904
1.32 0.42 0.0153548
1.32 0.48 0.0118092
1.32 0.54 0.00895746
1.32 0.6 0.00670106
1.32 0.66 0.0049441
1.32 0.72 0.00359771
1.32 0.78 0.00258195
1.32 0.84 0.00182749
1.32 0.9 0.00127574
1.32 0.96 0.00087831
1.32 1.02 0.000596389
1.32 1.08 0.000399394
1.38 -2.34 0.000935581
1.38 -2.28 0.00136007
1.38 -2.22 0.00195001
1.38 -2.16 0.00275739
1.38 -2.1 0.0038455
1.38 -2.04 0.00528921
1.38 -1.98 0.00717494
1.38 -1.92 0.00959922
1.38 -1.86 0.0126661
1.38 -1.8 0.0164831
1.38 -1.74 0.0211556
1.38 -1.68 0.0267792
1.38 -1.62 0.033432
1.38 -1.56 0.0411635
1.38 -1.5 0.0499872
1.38 -1.44 0.0598671
1.38 -1.38 0.0707143
1.38 -1.32 0.0823787
1.38 -1.26 0.0946486
1.38 -1.2 0.107251
1.38 -1.14 0.119859
1.38 -1.08 0.132111
1.38 -1.02 0.143611
1.38 -0.96 0.15397
1.38 -0.9 0.162803
1.38 -0.84 0.16978
1.38 -0.78 0.174619
1.38 -0.72 0.177131
1.38 -0.66 0.177207
1.38 -0.6 0.174846
1.38 -0.54 0.170145
1.38 -0.48 0.163296
1.38 -0.42 0.154568
1.38 -0.36 0.144294
1.38 -0.3 0.132852
1.38 -0.24 0.120638
1.38 -0.18 0.108039
1.38 -0.12 0.0954262
1.38 -0.06 0.0831277
1.38 9.71445e-15 0.0714192
1.38 0.06 0.0605157
1.38 0.12 0.0505724
1.38 0.18 0.0416813
1.38 0.24 0.0338819
1.38 0.3 0.0271631
1.38 0.36 0.0214774
1.38 0.42 0.0167481
1.38 0.48 0.0128808
1.38 0.54 0.00977048
1.38 0.6 0.00730924
1.38 0.66 0.00539282
1.38 0.72 0.00392417
1.38 0.78 0.00281628
1.38 0.84 0.00199337
1.38 0.9 0.00139151
1.38 0.96 0.000958029
1.38 1.02 0.000650519
1.38 1.08 0.000435639
1.44 -2.4 0.000682807
1.44 -2.34 0.00100645
1.44 -2.28 0.00146311
1.44 -2.22 0.00209772
1.44 -2.16 0.00296629
1.44 -2.1 0.00413679
1.44 -2.04 0.00568992
1.44 -1.98 0.0077185
1.44 -1.92 0.0103265
1.44 -1.86 0.0136258
1.44 -1.8 0.0177319
1.44 -1.74 0.0227582
1.44 -1.68 0.0288083
1.44 -1.62 0.0359648
1.44 -1.56 0.0442823
1.44 -1.5 0.0537738
1.44 -1.44 0.0644022
1.44 -1.38 0.0760709
1.44 -1.32 0.0886195
1.44 -1.26 0.101818
1.44 -1.2 0.115375
1.44 -1.14 0.12894
1.44 -1.08 0.142118
1.44 -1.02 0.154492
1.44 -0.96 0.165633
1.44 -0.9 0.175137
1.44 -0.84 0.182641
1.44 -0.78 0.187849
1.44 -0.72 0.190549
1.44 -0.66 0.190629
1.44 -0.6 0.188091
1.44 -0.54 0.183035
1.44 -0.48 0.175665
1.44 -0.42 0.166277
1.44 -0.36 0.155227
1.44 -0.3 0.142918
1.44 -0.24 0.129777
1.44 -0.18 0.116223
1.44 -0.12 0.102656
1.44 -0.06 0.089426
1.44 9.71445e-15 0.0768293
1.44 0.06 0.0651006
1.44 0.12 0.0544035
1.44 0.18 0.0448395
1.44 0.24 0.0364488
1.44 0.3 0.029221
1.44 0.36 0.0231044
1.44 0.42 0.018017
1.44 0.48 0.0138568
1.44 0.54 0.0105107
1.44 0.6 0.00786297
1.44 0.66 0.0058014
1.44 0.72 0.00422149
1.44 0.78 0.0030296
1.44 0.84 0.00214438
1.44 0.9 0.00149692
1.44 0.96 0.00103061
1.44 1.02 0.000699794
1.44 1.08 0.000468641
1.5 -2.4 0.000724444
1.5 -2.34 0.00106782
1.5 -2.28 0.00155231
1.5 -2.22 0.00222564
1.5 -2.16 0.00314711
1.5 -2.1 0.00438904
1.5 -2.04 0.00603686
1.5 -1.98 0.00818909
1.5 -1.92 0.0109561
1.5 -1.86 0.0144565
1.5 -1.8 0.0188131
1.5 -1.74 0.0241461
1.5 -1.68 0.0305645
1.5 -1.62 0.0381579
1.5 -1.56 0.046982
1.5 -1.5 0.0570525
1.5 -1.44 0.0683295
1.5 -1.38 0.0807093
1.5 -1.32 0.0940233
1.5 -1.26 0.108027
1.5 -1.2 0.122409
1.5 -1.14 0.136801
1.5 -1.08 0.150784
1.5 -1.02 0.16391
1.5 -0.96 0.175733
1.5 -0.9 0.185817
1.5 -0.84 0.193777
1.5 -0.78 0.199303
1.5 -0.72 0.202168
1.5 -0.66 0.202254
1.5 -0.6 0.199559
1.5 -0.54 0.194195
1.5 -0.48 0.186377
1.5 -0.42 0.176415
1.5 -0.36 0.16469
1.5 -0.3 0.151631
1.5 -0.24 0.13769
1.5 -0.18 0.12331
1.5 -0.12 0.108915
1.5 -0.06 0.0948781
1.5 9.71445e-15 0.0815143
1.5 0.06 0.0690693
1.5 0.12 0.057721
1.5 0.18 0.0475734
1.5 0.24 0.0386708
1.5 0.3 0.0310026
1.5 0.36 0.024513
1.5 0.42 0.0191155
1.5 0.48 0.0147016
1.5 0.54 0.0111516
1.5 0.6 0.00834239
1.5 0.66 0.00615513
1.5 0.72 0.00447886
1.5 0.78 0.00321433
1.5 0.84 0.00227514
1.5 0.9 0.0015882
1.5 0.96 0.00109345
1.5 1.02 0.000742467
1.5 1.08 0.000497212
1.56 -2.4 0.000758049
1.56 -2.34 0.00111735
1.56 -2.28 0.00162432
1.56 -2.22 0.00232887
1.56 -2.16 0.00329313
1.56 -2.1 0.00459265
1.56 -2.04 0.00631687
1.56 -1.98 0.00856892
1.56 -1.92 0.0114643
1.56 -1.86 0.015127
1.56 -1.8 0.0196857
1.56 -1.74 0.0252662
1.56 -1.68 0.0319825
1.56 -1.62 0.0399278
1.56 -1.56 0.0491616
1.56 -1.5 0.0596993
1.56 -1.44 0.0714991
1.56 -1.38 0.084453
1.56 -1.32 0.0983845
1.56 -1.26 0.113038
1.56 -1.2 0.128088
1.56 -1.14 0.143147
1.56 -1.08 0.157778
1.56 -1.02 0.171514
1.56 -0.96 0.183885
1.56 -0.9 0.194436
1.56 -0.84 0.202765
1.56 -0.78 0.208547
1.56 -0.72 0.211545
1.56 -0.66 0.211636
1.56 -0.6 0.208817
1.56 -0.54 0.203202
1.56 -0.48 0.195023
1.56 -0.42 0.184598
1.56 -0.36 0.172331
1.56 -0.3 0.158666
1.56 -0.24 0.144077
1.56 -0.18 0.12903
1.56 -0.12 0.113968
1.56 -0.06 0.0992791
1.56 9.71445e-15 0.0852954
1.56 0.06 0.0722739
1.56 0.12 0.0603984
1.56 0.18 0.0497801
1.56 0.24 0.040465
1.56 0.3 0.0324409
1.56 0.36 0.0256502
1.56 0.42 0.0200024
1.56 0.48 0.0153836
1.56 0.54 0.0116688
1.56 0.6 0.00872941
1.56 0.66 0.00644061
1.56 0.72 0.00468666
1.56 0.78 0.00336344
1.56 0.84 0.00238067
1.56 0.9 0.00166187
1.56 0.96 0.00114417
1.56 1.02 0.000776909
1.56 1.08 0.00052028
1.62 -2.4 0.000782308
1.62 -2.34 0.00115312
1.62 -2.28 0.00167632
1.62 -2.22 0.0024034
1.62 -2.16 0.00339855
1.62 -2.1 0.00473963
1.62 -2.04 0.00651902
1.62 -1.98 0.00884326
1.62 -1.92 0.0118313
1.62 -1.86 0.0156113
1.62 -1.8 0.0203156
1.62 -1.74 0.0260746
1.62 -1.68 0.0330061
1.62 -1.62 0.0412053
1.62 -1.56 0.050735
1.62 -1.5 0.0616101
1.62 -1.44 0.073787
1.62 -1.38 0.0871558
1.62 -1.32 0.101533
1.62 -1.26 0.116656
1.62 -1.2 0.132188
1.62 -1.14 0.147729
1.62 -1.08 0.162828
1.62 -1.02 0.177005
1.62 -0.96 0.18977
1.62 -0.9 0.200657
1.62 -0.84 0.209255
1.62 -0.78 0.215221
1.62 -0.72 0.218315
1.62 -0.66 0.218409
1.62 -0.6 0.2155
1.62 -0.54 0.209706
1.62 -0.48 0.201265
1.62 -0.42 0.190507
1.62 -0.36 0.177847
1.62 -0.3 0.163743
1.62 -0.24 0.148688
1.62 -0.18 0.13316
1.62 -0.12 0.117615
1.62 -0.06 0.102457
1.62 9.71445e-15 0.0880249
1.62 0.06 0.0745871
1.62 0.12 0.0623311
1.62 0.18 0.0513733
1.62 0.24 0.0417602
1.62 0.3 0.0334791
1.62 0.36 0.0264712
1.62 0.42 0.0206425
1.62 0.48 0.015876
1.62 0.54 0.0120422
1.62 0.6 0.00900879
1.62 0.66 0.00664675
1.62 0.72 0.00483664
1.62 0.78 0.00347109
1.62 0.84 0.00245685
1.62 0.9 0.00171505
1.62 0.96 0.00118078
1.62 1.02 0.000801772
1.62 1.08 0.000536933
1.68 -2.4 0.000796246
1.68 -2.34 0.00117367
1.68 -2.28 0.0017062
1.68 -2.22 0.00244624
1.68 -2.16 0.00345912
1.68 -2.1 0.00482408
1.68 -2.04 0.00663516
1.68 -1.98 0.00900089
1.68 -1.92 0.0120421
1.68 -1.86 0.0158895
1.68 -1.8 0.0206778
1.68 -1.74 0.0265392
1.68 -1.68 0.0335942
1.68 -1.62 0.0419396
1.68 -1.56 0.0516395
1.68 -1.5 0.0627079
1.68 -1.44 0.0751012
1.68 -1.38 0.0887094
1.68 -1.32 0.103341
1.68 -1.26 0.118734
1.68 -1.2 0.134544
1.68 -1.14 0.150363
1.68 -1.08 0.16573
1.68 -1.02 0.18016
1.68 -0.96 0.193151
1.68 -0.9 0.204232
1.68 -0.84 0.212985
1.68 -0.78 0.219056
1.68 -0.72 0.222206
1.68 -0.66 0.222301
1.68 -0.6 0.219342
1.68 -0.54 0.213445
1.68 -0.48 0.204852
1.68 -0.42 0.193902
1.68 -0.36 0.181015
1.68 -0.3 0.166662
1.68 -0.24 0.151338
1.68 -0.18 0.135533
1.68 -0.12 0.11971
1.68 -0.06 0.104282
1.68 9.71445e-15 0.089593
1.68 0.06 0.075916
1.68 0.12 0.0634413
1.68 0.18 0.052289
1.68 0.24 0.0425045
1.68 0.3 0.0340755
1.68 0.36 0.026943
1.68 0.42 0.0210104
1.68 0.48 0.0161588
1.68 0.54 0.0122568
1.68 0.6 0.00916927
1.68 0.66 0.00676517
1.68 0.72 0.00492283
1.68 0.78 0.00353296
1.68 0.84 0.00250062
1.68 0.9 0.00174563
1.68 0.96 0.00120181
1.68 1.02 0.000816057
1.68 1.08 0.000546502
1.74 -2.4 0.00079929
1.74 -2.34 0.00117816
1.74 -2.28 0.00171273
1.74 -2.22 0.00245561
1.74 -2.16 0.00347236
1.74 -2.1 0.00484251
1.74 -2.04 0.00666061
1.74 -1.98 0.00903534
1.74 -1.92 0.0120882
1.74 -1.86 0.0159503
1.74 -1.8 0.020757
1.74 -1.74 0.026641
1.74 -1.68 0.0337231
1.74 -1.62 0.0421004
1.74 -1.56 0.0518372
1.74 -1.5 0.0629477
1.74 -1.44 0.0753893
1.74 -1.38 0.0890488
1.74 -1.32 0.103738
1.74 -1.26 0.119188
1.74 -1.2 0.135059
1.74 -1.14 0.150938
1.74 -1.08 0.166364
1.74 -1.02 0.180848
1.74 -0.96 0.19389
1.74 -0.9 0.205015
1.74 -0.84 0.213799
1.74 -0.78 0.219896
1.74 -0.72 0.223055
1.74 -0.66 0.223152
1.74 -0.6 0.220182
1.74 -0.54 0.214262
1.74 -0.48 0.205636
1.74 -0.42 0.194643
1.74 -0.36 0.181708
1.74 -0.3 0.167301
1.74 -0.24 0.151916
1.74 -0.18 0.136053
1.74 -0.12 0.12017
1.74 -0.06 0.104682
1.74 9.71445e-15 0.089936
1.74 0.06 0.0762066
1.74 0.12 0.0636846
1.74 0.18 0.0524894
1.74 0.24 0.042667
1.74 0.3 0.0342062
1.74 0.36 0.027046
1.74 0.42 0.0210909
1.74 0.48 0.0162208
1.74 0.54 0.0123037
1.74 0.6 0.00920439
1.74 0.66 0.0067911
1.74 0.72 0.00494171
1.74 0.78 0.00354648
1.74 0.84 0.00251019
1.74 0.9 0.00175231
1.74 0.96 0.00120642
1.74 1.02 0.000819177
1.8 -2.46 0.00052948
1.8 -2.4 0.000791332
1.8 -2.34 0.00116642
1.8 -2.28 0.00169565
1.8 -2.22 0.00243113
1.8 -2.16 0.00343774
1.8 -2.1 0.0047943
1.8 -2.04 0.00659418
1.8 -1.98 0.00894522
1.8 -1.92 0.0119677
1.8 -1.86 0.0157913
1.8 -1.8 0.0205499
1.8 -1.74 0.0263753
1.8 -1.68 0.0333867
1.8 -1.62 0.0416806
1.8 -1.56 0.0513201
1.8 -1.5 0.0623207
1.8 -1.44 0.074638
1.8 -1.38 0.0881613
1.8 -1.32 0.102704
1.8 -1.26 0.118001
1.8 -1.2 0.133713
1.8 -1.14 0.149433
1.8 -1.08 0.164706
1.8 -1.02 0.179046
1.8 -0.96 0.191959
1.8 -0.9 0.202971
1.8 -0.84 0.211668
1.8 -0.78 0.217702
1.8 -0.72 0.220833
1.8 -0.66 0.220929
1.8 -0.6 0.217986
1.8 -0.54 0.212124
1.8 -0.48 0.203586
1.8 -0.42 0.192703
1.8 -0.36 0.179897
1.8 -0.3 0.165632
1.8 -0.24 0.150403
1.8 -0.18 0.134696
1.8 -0.12 0.118971
1.8 -0.06 0.103638
1.8 9.71445e-15 0.0890403
1.8 0.06 0.0754472
1.8 0.12 0.06305
1.8 0.18 0.0519655
1.8 0.24 0.0422418
1.8 0.3 0.0338652
1.8 0.36 0.0267766
1.8 0.42 0.0208805
1.8 0.48 0.0160591
1.8 0.54 0.0121811
1.8 0.6 0.00911268
1.8 0.66 0.00672337
1.8 0.72 0.00489241
1.8 0.78 0.00351113
1.8 0.84 0.00248519
1.8 0.9 0.00173483
1.8 0.96 0.0011944
1.8 1.02 0.00081102
1.86 -2.46 0.000517001
1.86 -2.4 0.000772671
1.86 -2.34 0.00113891
1.86 -2.28 0.00165566
1.86 -2.22 0.00237383
1.86 -2.16 0.00335666
1.86 -2.1 0.00468123
1.86 -2.04 0.00643876
1.86 -1.98 0.00873432
1.86 -1.92 0.0116855
1.86 -1.86 0.0154189
1.86 -1.8 0.0200656
1.86 -1.74 0.0257537
1.86 -1.68 0.0325995
1.86 -1.62 0.0406983
1.86 -1.56 0.05011
1.86 -1.5 0.0608508
1.86 -1.44 0.0728786
1.86 -1.38 0.0860831
1.86 -1.32 0.100283
1.86 -1.26 0.115218
1.86 -1.2 0.130559
1.86 -1.14 0.145909
1.86 -1.08 0.160823
1.86 -1.02 0.174822
1.86 -0.96 0.187432
1.86 -0.9 0.198188
1.86 -0.84 0.206678
1.86 -0.78 0.212572
1.86 -0.72 0.215626
1.86 -0.66 0.21572
1.86 -0.6 0.212847
1.86 -0.54 0.207124
1.86 -0.48 0.198786
1.86 -0.42 0.18816
1.86 -0.36 0.175654
1.86 -0.3 0.161727
1.86 -0.24 0.146856
1.86 -0.18 0.13152
1.86 -0.12 0.116166
1.86 -0.06 0.101194
1.86 9.71445e-15 0.0869409
1.86 0.06 0.0736677
1.86 0.12 0.0615637
1.86 0.18 0.0507407
1.86 0.24 0.0412455
1.86 0.3 0.0330667
1.86 0.36 0.026145
1.86 0.42 0.0203883
1.86 0.48 0.0156804
1.86 0.54 0.0118939
1.86 0.6 0.00889779
1.86 0.66 0.00656489
1.86 0.72 0.00477707
1.86 0.78 0.00342835
1.86 0.84 0.0024266
1.86 0.9 0.00169395
1.86 0.96 0.00116625
1.86 1.02 0.000791895
1.92 -2.46 0.000497868
1.92 -2.4 0.000744084
1.92 -2.34 0.00109677
1.92 -2.28 0.00159442
1.92 -2.22 0.002286
1.92 -2.16 0.0032325
1.92 -2.1 0.00450803
1.92 -2.04 0.0062005
1.92 -1.98 0.00841123
1.92 -1.92 0.0112532
1.92 -1.86 0.0148486
1.92 -1.8 0.0193233
1.92 -1.74 0.0248006
1.92 -1.68 0.0313933
1.92 -1.62 0.0391923
1.92 -1.56 0.0482564
1.92 -1.5 0.0585994
1.92 -1.44 0.0701813
1.92 -1.38 0.0828983
1.92 -1.32 0.0965718
1.92 -1.26 0.110956
1.92 -1.2 0.125729
1.92 -1.14 0.140512
1.92 -1.08 0.154873
1.92 -1.02 0.168357
1.92 -0.96 0.180496
1.92 -0.9 0.190854
1.92 -0.84 0.199033
1.92 -0.78 0.204706
1.92 -0.72 0.207649
1.92 -0.66 0.207739
1.92 -0.6 0.204971
1.92 -0.54 0.199462
1.92 -0.48 0.19143
1.92 -0.42 0.1812
1.92 -0.36 0.169156
1.92 -0.3 0.155743
1.92 -0.24 0.141422
1.92 -0.18 0.126654
1.92 -0.12 0.111868
1.92 -0.06 0.0974505
1.92 9.71445e-15 0.083724
1.92 0.06 0.0709422
1.92 0.12 0.0592853
1.92 0.18 0.0488635
1.92 0.24 0.0397198
1.92 0.3 0.0318429
1.92 0.36 0.0251777
1.92 0.42 0.0196339
1.92 0.48 0.0151002
1.92 0.54 0.0114539
1.92 0.6 0.00856851
1.92 0.66 0.00632197
1.92 0.72 0.00460031
1.92 0.78 0.0033015
1.92 0.84 0.00233681
1.92 0.9 0.00163127
1.92 0.96 0.00112309
1.92 1.02 0.000762595
1.98 -2.46 0.000472858
1.98 -2.4 0.000706708
1.98 -2.34 0.00104168
1.98 -2.28 0.00151432
1.98 -2.22 0.00217115
1.98 -2.16 0.00307011
1.98 -2.1 0.0042816
1.98 -2.04 0.00588901
1.98 -1.98 0.00798861
1.98 -1.92 0.0106879
1.98 -1.86 0.0141025
1.98 -1.8 0.0183524
1.98 -1.74 0.0235547
1.98 -1.68 0.0298162
1.98 -1.62 0.0372233
1.98 -1.56 0.0458319
1.98 -1.5 0.0556561
1.98 -1.44 0.0666563
1.98 -1.38 0.0787335
1.98 -1.32 0.0917206
1.98 -1.26 0.105382
1.98 -1.2 0.119414
1.98 -1.14 0.133452
1.98 -1.08 0.147093
1.98 -1.02 0.159899
1.98 -0.96 0.171431
1.98 -0.9 0.181266
1.98 -0.84 0.189033
1.98 -0.78 0.194421
1.98 -0.72 0.197217
1.98 -0.66 0.197303
1.98 -0.6 0.194675
1.98 -0.54 0.189439
1.98 -0.48 0.181815
1.98 -0.42 0.172096
1.98 -0.36 0.160659
1.98 -0.3 0.147919
1.98 -0.24 0.134319
1.98 -0.18 0.120292
1.98 -0.12 0.106248
1.98 -0.06 0.0925549
1.98 9.71445e-15 0.0795184
1.98 0.06 0.0673788
1.98 0.12 0.0563075
1.98 0.18 0.0464082
1.98 0.24 0.0377245
1.98 0.3 0.0302436
1.98 0.36 0.0239131
1.98 0.42 0.0186475
1.98 0.48 0.0143417
1.98 0.54 0.0108785
1.98 0.6 0.00813816
1.98 0.66 0.00600437
1.98 0.72 0.00436921
1.98 0.78 0.00313566
1.98 0.84 0.00221942
1.98 0.9 0.00154931
1.98 0.96 0.00106667
1.98 1.02 0.00072429
2.04 -2.46 0.000442932
2.04 -2.4 0.000661978
2.04 -2.34 0.000975743
2.04 -2.28 0.00141847
2.04 -2.22 0.00203373
2.04 -2.16 0.00287579
2.04 -2.1 0.00401059
2.04 -2.04 0.00551633
2.04 -1.98 0.00748304
2.04 -1.92 0.0100115
2.04 -1.86 0.0132101
2.04 -1.8 0.0171909
2.04 -1.74 0.0220639
2.04 -1.68 0.0279292
2.04 -1.62 0.0348675
2.04 -1.56 0.0429311
2.04 -1.5 0.0521331
2.04 -1.44 0.0624375
2.04 -1.38 0.0737503
2.04 -1.32 0.0859159
2.04 -1.26 0.0987121
2.04 -1.2 0.111855
2.04 -1.14 0.125006
2.04 -1.08 0.137782
2.04 -1.02 0.149779
2.04 -0.96 0.160579
2.04 -0.9 0.169794
2.04 -0.84 0.177069
2.04 -0.78 0.182118
2.04 -0.72 0.184736
2.04 -0.66 0.184814
2.04 -0.6 0.182352
2.04 -0.54 0.17745
2.04 -0.48 0.170306
2.04 -0.42 0.161205
2.04 -0.36 0.150491
2.04 -0.3 0.138557
2.04 -0.24 0.125817
2.04 -0.18 0.112677
2.04 -0.12 0.099524
2.04 -0.06 0.0866977
2.04 9.71445e-15 0.0744856
2.04 0.06 0.0631143
2.04 0.12 0.0527438
2.04 0.18 0.0434714
2.04 0.24 0.0353367
2.04 0.3 0.0283294
2.04 0.36 0.0223994
2.04 0.42 0.0174673
2.04 0.48 0.0134341
2.04 0.54 0.01019
2.04 0.6 0.00762305
2.04 0.66 0.0056244
2.04 0.72 0.00409268
2.04 0.78 0.00293717
2.04 0.84 0.00207896
2.04 0.9 0.00145126
2.04 0.96 0.000999165
2.04 1.02 0.000678446
2.1 -2.46 0.000409197
2.1 -2.4 0.00061156
2.1 -2.34 0.00090143
2.1 -2.28 0.00131042
2.1 -2.22 0.00187883
2.1 -2.16 0.00265674
2.1 -2.1 0.00370514
2.1 -2.04 0.00509617
2.1 -1.98 0.00691305
2.1 -1.92 0.00924889
2.1 -1.86 0.0122038
2.1 -1.8 0.0158815
2.1 -1.74 0.0203835
2.1 -1.68 0.0258018
2.1 -1.62 0.0322119
2.1 -1.56 0.0396609
2.1 -1.5 0.0481626
2.1 -1.44 0.0576822
2.1 -1.38 0.0681332
2.1 -1.32 0.0793722
2.1 -1.26 0.091194
2.1 -1.2 0.103336
2.1 -1.14 0.115484
2.1 -1.08 0.127289
2.1 -1.02 0.13837
2.1 -0.96 0.14835
2.1 -0.9 0.156862
2.1 -0.84 0.163583
2.1 -0.78 0.168247
2.1 -0.72 0.170666
2.1 -0.66 0.170739
2.1 -0.6 0.168463
2.1 -0.54 0.163934
2.1 -0.48 0.157335
2.1 -0.42 0.148926
2.1 -0.36 0.139028
2.1 -0.3 0.128003
2.1 -0.24 0.116235
2.1 -0.18 0.104095
2.1 -0.12 0.0919434
2.1 -0.06 0.0800938
2.1 9.71445e-15 0.0688125
2.1 0.06 0.0583069
2.1 0.12 0.0487267
2.1 0.18 0.0401602
2.1 0.24 0.0326451
2.1 0.3 0.0261717
2.1 0.36 0.0206934
2.1 0.42 0.0161368
2.1 0.48 0.0124108
2.1 0.54 0.00941388
2.1 0.6 0.00704246
2.1 0.66 0.00519601
2.1 0.72 0.00378095
2.1 0.78 0.00271348
2.1 0.84 0.00192062
2.1 0.9 0.00134072
2.1 0.96 0.000923064
2.16 -2.4 0.000557213
2.16 -2.34 0.000821328
2.16 -2.28 0.00119398
2.16 -2.22 0.00171187
2.16 -2.16 0.00242067
2.16 -2.1 0.00337588
2.16 -2.04 0.00464327
2.16 -1.98 0.00629872
2.16 -1.92 0.00842698
2.16 -1.86 0.0111193
2.16 -1.8 0.0144702
2.16 -1.74 0.0185721
2.16 -1.68 0.023509
2.16 -1.62 0.0293492
2.16 -1.56 0.0361367
2.16 -1.5 0.0438828
2.16 -1.44 0.0525561
2.16 -1.38 0.0620785
2.16 -1.32 0.0723185
2.16 -1.26 0.08309
2.16 -1.2 0.0941532
2.16 -1.14 0.105222
2.16 -1.08 0.115977
2.16 -1.02 0.126074
2.16 -0.96 0.135167
2.16 -0.9 0.142922
2.16 -0.84 0.149045
2.16 -0.78 0.153294
2.16 -0.72 0.155499
2.16 -0.66 0.155566
2.16 -0.6 0.153494
2.16 -0.54 0.149366
2.16 -0.48 0.143354
2.16 -0.42 0.135691
2.16 -0.36 0.126674
2.16 -0.3 0.116629
2.16 -0.24 0.105906
2.16 -0.18 0.0948454
2.16 -0.12 0.0837731
2.16 -0.06 0.0729761
2.16 9.71445e-15 0.0626974
2.16 0.06 0.0531257
2.16 0.12 0.0443964
2.16 0.18 0.0365912
2.16 0.24 0.0297443
2.16 0.3 0.023846
2.16 0.36 0.0188546
2.16 0.42 0.0147029
2.16 0.48 0.0113079
2.16 0.54 0.00857728
2.16 0.6 0.00641665
2.16 0.66 0.00473423
2.16 0.72 0.00344496
2.16 0.78 0.00247235
2.16 0.84 0.00174994
2.16 0.9 0.00122158
2.16 0.96 0.000841032
2.22 -2.4 0.000500716
2.22 -2.34 0.000738055
2.22 -2.28 0.00107293
2.22 -2.22 0.00153831
2.22 -2.16 0.00217525
2.22 -2.1 0.0030336
2.22 -2.04 0.00417246
2.22 -1.98 0.00566014
2.22 -1.92 0.00757256
2.22 -1.86 0.009992
2.22 -1.8 0.0130031
2.22 -1.74 0.0166891
2.22 -1.68 0.0211255
2.22 -1.62 0.0263735
2.22 -1.56 0.0324731
2.22 -1.5 0.0394336
2.22 -1.44 0.0472271
2.22 -1.38 0.0557844
2.22 -1.32 0.0649856
2.22 -1.26 0.0746653
2.22 -1.2 0.0846072
2.22 -1.14 0.0945543
2.22 -1.08 0.104219
2.22 -1.02 0.113292
2.22 -0.96 0.121462
2.22 -0.9 0.128431
2.22 -0.84 0.133934
2.22 -0.78 0.137752
2.22 -0.72 0.139732
2.22 -0.66 0.139793
2.22 -0.6 0.137932
2.22 -0.54 0.134223
2.22 -0.48 0.12882
2.22 -0.42 0.121934
2.22 -0.36 0.11383
2.22 -0.3 0.104804
2.22 -0.24 0.0951678
2.22 -0.18 0.0852295
2.22 -0.12 0.0752792
2.22 -0.06 0.0655771
2.22 9.71445e-15 0.0563403
2.22 0.06 0.0477393
2.22 0.12 0.0398948
2.22 0.18 0.0328815
2.22 0.24 0.0267287
2.22 0.3 0.0214282
2.22 0.36 0.0169429
2.22 0.42 0.0132123
2.22 0.48 0.0101614
2.22 0.54 0.00770758
2.22 0.6 0.00576605
2.22 0.66 0.00425421
2.22 0.72 0.00309569
2.22 0.78 0.00222168
2.22 0.84 0.0015725
2.22 0.9 0.00109772
2.22 0.96 0.000755754
2.28 -2.4 0.000443761
2.28 -2.34 0.000654107
2.28 -2.28 0.000950896
2.28 -2.22 0.00136334
2.28 -2.16 0.00192783
2.28 -2.1 0.00268854
2.28 -2.04 0.00369791
2.28 -1.98 0.00501635
2.28 -1.92 0.00671128
2.28 -1.86 0.00885546
2.28 -1.8 0.0115241
2.28 -1.74 0.0147909
2.28 -1.68 0.0187228
2.28 -1.62 0.0233739
2.28 -1.56 0.0287796
2.28 -1.5 0.0349482
2.28 -1.44 0.0418557
2.28 -1.38 0.0494393
2.28 -1.32 0.0575945
2.28 -1.26 0.0661723
2.28 -1.2 0.0749837
2.28 -1.14 0.0837996
2.28 -1.08 0.0923645
2.28 -1.02 0.100406
2.28 -0.96 0.107646
2.28 -0.9 0.113823
2.28 -0.84 0.1187
2.28 -0.78 0.122084
2.28 -0.72 0.123838
2.28 -0.66 0.123893
2.28 -0.6 0.122243
2.28 -0.54 0.118957
2.28 -0.48 0.114168
2.28 -0.42 0.108064
2.28 -0.36 0.100883
2.28 -0.3 0.0928842
2.28 -0.24 0.0843428
2.28 -0.18 0.0755355
2.28 -0.12 0.0667174
2.28 -0.06 0.0581184
2.28 9.71445e-15 0.0499319
2.28 0.06 0.0423093
2.28 0.12 0.0353573
2.28 0.18 0.0291417
2.28 0.24 0.0236884
2.28 0.3 0.018991
2.28 0.36 0.0150158
2.28 0.42 0.0117095
2.28 0.48 0.00900567
2.28 0.54 0.00683091
2.28 0.6 0.00511021
2.28 0.66 0.00377036
2.28 0.72 0.0027436
2.28 0.78 0.00196898
2.28 0.84 0.00139364
2.28 0.9 0.000972868
2.28 0.96 0.000669799
2.34 -2.4 0.000387886
2.34 -2.34 0.00057174
2.34 -2.28 0.000831151
2.34 -2.22 0.00119166
2.34 -2.16 0.00168507
2.34 -2.1 0.00235001
2.34 -2.04 0.00323227
2.34 -1.98 0.00438464
2.34 -1.92 0.00586618
2.34 -1.86 0.00774036
2.34 -1.8 0.0100729
2.34 -1.74 0.0129284
2.34 -1.68 0.0163651
2.34 -1.62 0.0204306
2.34 -1.56 0.0251554
2.34 -1.5 0.0305476
2.34 -1.44 0.0365853
2.34 -1.38 0.0432138
2.34 -1.32 0.0503422
2.34 -1.26 0.0578404
2.34 -1.2 0.0655416
2.34 -1.14 0.0732469
2.34 -1.08 0.0807337
2.34 -1.02 0.0877623
2.34 -0.96 0.0940921
2.34 -0.9 0.0994904
2.34 -0.84 0.103753
2.34 -0.78 0.106711
2.34 -0.72 0.108245
2.34 -0.66 0.108292
2.34 -0.6 0.106849
2.34 -0.54 0.103976
2.34 -0.48 0.0997912
2.34 -0.42 0.0944569
2.34 -0.36 0.0881798
2.34 -0.3 0.0811873
2.34 -0.24 0.0737228
2.34 -0.18 0.0660234
2.34 -0.12 0.058316
2.34 -0.06 0.0508001
2.34 9.71445e-15 0.0436447
2.34 0.06 0.0369818
2.34 0.12 0.0309052
2.34 0.18 0.0254718
2.34 0.24 0.0207055
2.34 0.3 0.0165996
2.34 0.36 0.013125
2.34 0.42 0.010235
2.34 0.48 0.00787164
2.34 0.54 0.00597079
2.34 0.6 0.00446674
2.34 0.66 0.00329558
2.34 0.72 0.00239811
2.34 0.78 0.00172104
2.34 0.84 0.00121816
2.34 0.9 0.000850359
2.4 -2.4 0.00033438
2.4 -2.34 0.000492876
2.4 -2.28 0.000716505
2.4 -2.22 0.0010273
2.4 -2.16 0.00145263
2.4 -2.1 0.00202585
2.4 -2.04 0.00278643
2.4 -1.98 0.00377986
2.4 -1.92 0.00505699
2.4 -1.86 0.00667268
2.4 -1.8 0.00868359
2.4 -1.74 0.0111451
2.4 -1.68 0.0141077
2.4 -1.62 0.0176126
2.4 -1.56 0.0216856
2.4 -1.5 0.0263338
2.4 -1.44 0.0315388
2.4 -1.38 0.0372533
2.4 -1.32 0.0433983
2.4 -1.26 0.0498617
2.4 -1.2 0.0565009
2.4 -1.14 0.0631435
2.4 -1.08 0.0695979
2.4 -1.02 0.0756562
2.4 -0.96 0.0811124
2.4 -0.9 0.0857675
2.4 -0.84 0.089442
2.4 -0.78 0.0919922
2.4 -0.72 0.093314
2.4 -0.66 0.0933549
2.4 -0.6 0.0921113
2.4 -0.54 0.089635
2.4 -0.48 0.0860267
2.4 -0.42 0.0814282
2.4 -0.36 0.0760156
2.4 -0.3 0.0699889
2.4 -0.24 0.0635531
2.4 -0.18 0.0569166
2.4 -0.12 0.0502719
2.4 -0.06 0.0437925
2.4 9.71445e-15 0.0376243
2.4 0.06 0.0318802
2.4 0.12 0.0266422
2.4 0.18 0.0219585
2.4 0.24 0.0178494
2.4 0.3 0.0143099
2.4 0.36 0.0113145
2.4 0.42 0.0088232
2.4 0.48 0.0067858
2.4 0.54 0.00514719
2.4 0.6 0.00385058
2.4 0.66 0.00284101
2.4 0.72 0.00206732
2.4 0.78 0.00148365
2.4 0.84 0.00105013
2.4 0.9 0.000733071
2.46 -2.4 0.000284296
2.46 -2.34 0.000419047
2.46 -2.28 0.000609185
2.46 -2.22 0.000873418
2.46 -2.16 0.00123505
2.46 -2.1 0.0017224
2.46 -2.04 0.00236906
2.46 -1.98 0.0032137
2.46 -1.92 0.00429955
2.46 -1.86 0.00567325
2.46 -1.8 0.00738288
2.46 -1.74 0.00947561
2.46 -1.68 0.0119945
2.46 -1.62 0.0149743
2.46 -1.56 0.0184374
2.46 -1.5 0.0223893
2.46 -1.44 0.0268146
2.46 -1.38 0.0316732
2.46 -1.32 0.0368976
2.46 -1.26 0.0423933
2.46 -1.2 0.0480376
2.46 -1.14 0.0536858
2.46 -1.08 0.0591728
2.46 -1.02 0.0643246
2.46 -0.96 0.0689629
2.46 -0.9 0.07292
2.46 -0.84 0.0760451
2.46 -0.78 0.0782127
2.46 -0.72 0.0793375
2.46 -0.66 0.0793714
2.46 -0.6 0.0783137
2.46 -0.54 0.0762089
2.46 -0.48 0.0731404
2.46 -0.42 0.0692317
2.46 -0.36 0.0646302
2.46 -0.3 0.0595049
2.46 -0.24 0.0540337
2.46 -0.18 0.0483908
2.46 -0.12 0.0427417
2.46 -0.06 0.0372334
2.46 9.71445e-15 0.0319888
2.46 0.06 0.0271052
2.46 0.12 0.0226515
2.46 0.18 0.0186694
2.46 0.24 0.0151759
2.46 0.3 0.0121664
2.46 0.36 0.00961973
2.46 0.42 0.00750154
2.46 0.48 0.00576941
2.46 0.54 0.00437623
2.46 0.6 0.00327381
2.46 0.66 0.00241547
2.46 0.72 0.00175765
2.46 0.78 0.00126141
2.46 0.84 0.000892836
2.52 -2.4 0.000238389
2.52 -2.34 0.000351383
2.52 -2.28 0.000510815
2.52 -2.22 0.000732377
2.52 -2.16 0.00103562
2.52 -2.1 0.00144428
2.52 -2.04 0.00198651
2.52 -1.98 0.00269474
2.52 -1.92 0.00360529
2.52 -1.86 0.00475713
2.52 -1.8 0.00619068
2.52 -1.74 0.00794563
2.52 -1.68 0.0100578
2.52 -1.62 0.0125564
2.52 -1.56 0.0154602
2.52 -1.5 0.0187741
2.52 -1.44 0.0224848
2.52 -1.38 0.0265585
2.52 -1.32 0.0309397
2.52 -1.26 0.0355479
2.52 -1.2 0.0402809
2.52 -1.14 0.0450165
2.52 -1.08 0.0496176
2.52 -1.02 0.0539376
2.52 -0.96 0.0578277
2.52 -0.9 0.0611456
2.52 -0.84 0.0637649
2.52 -0.78 0.0655833
2.52 -0.72 0.066526
2.52 -0.66 0.0665547
2.52 -0.6 0.0656683
2.52 -0.54 0.0639027
2.52 -0.48 0.0613302
2.52 -0.42 0.0580518
2.52 -0.36 0.0541943
2.52 -0.3 0.0498969
2.52 -0.24 0.0453091
2.52 -0.18 0.0405772
2.52 -0.12 0.0358404
2.52 -0.06 0.0312211
2.52 9.71445e-15 0.0268234
2.52 0.06 0.0227286
2.52 0.12 0.0189939
2.52 0.18 0.0156548
2.52 0.24 0.0127253
2.52 0.3 0.0102019
2.52 0.36 0.00806643
2.52 0.42 0.0062903
2.52 0.48 0.00483782
2.52 0.54 0.00366957
2.52 0.6 0.0027452
2.52 0.66 0.00202543
2.52 0.72 0.00147385
2.52 0.78 0.00105773
2.52 0.84 0.000748665
2.58 -2.34 0.000290592
2.58 -2.28 0.000422446
2.58 -2.22 0.000605682
2.58 -2.16 0.000856455
2.58 -2.1 0.00119442
2.58 -2.04 0.00164286
2.58 -1.98 0.00222857
2.58 -1.92 0.00298158
2.58 -1.86 0.00393414
2.58 -1.8 0.00511976
2.58 -1.74 0.00657105
2.58 -1.68 0.0083178
2.58 -1.62 0.0103842
2.58 -1.56 0.0127857
2.58 -1.5 0.015526
2.58 -1.44 0.018595
2.58 -1.38 0.0219641
2.58 -1.32 0.0255873
2.58 -1.26 0.0293981
2.58 -1.2 0.033312
2.58 -1.14 0.0372289
2.58 -1.08 0.041034
2.58 -1.02 0.0446062
2.58 -0.96 0.0478232
2.58 -0.9 0.0505677
2.58 -0.84 0.052734
2.58 -0.78 0.054238
2.58 -0.72 0.0550173
2.58 -0.66 0.0550408
2.58 -0.6 0.0543075
2.58 -0.54 0.0528481
2.58 -0.48 0.0507201
2.58 -0.42 0.0480091
2.58 -0.36 0.0448185
2.58 -0.3 0.0412645
2.58 -0.24 0.0374702
2.58 -0.18 0.0335572
2.58 -0.12 0.0296399
2.58 -0.06 0.0258199
2.58 9.71445e-15 0.022183
2.58 0.06 0.0187964
2.58 0.12 0.015708
2.58 0.18 0.0129466
2.58 0.24 0.0105238
2.58 0.3 0.00843694
2.58 0.36 0.00667086
2.58 0.42 0.00520206
2.58 0.48 0.00400088
2.58 0.54 0.00303475
2.58 0.6 0.00227026
2.58 0.66 0.00167504
2.58 0.72 0.00121887
2.58 0.78 0.000874741
2.58 0.84 0.000619148
2.64 -2.34 0.000237018
2.64 -2.28 0.00034456
2.64 -2.22 0.000494015
2.64 -2.16 0.000698555
2.64 -2.1 0.000974208
2.64 -2.04 0.00133996
2.64 -1.98 0.00181769
2.64 -1.92 0.00243186
2.64 -1.86 0.0032088
2.64 -1.8 0.00417583
2.64 -1.74 0.00535958
2.64 -1.68 0.00678428
2.64 -1.62 0.00846969
2.64 -1.56 0.0104284
2.64 -1.5 0.0126636
2.64 -1.44 0.0151667
2.64 -1.38 0.0179146
2.64 -1.32 0.0208698
2.64 -1.26 0.023978
2.64 -1.2 0.0271706
2.64 -1.14 0.030365
2.64 -1.08 0.0334688
2.64 -1.02 0.0363823
2.64 -0.96 0.0390064
2.64 -0.9 0.0412447
2.64 -0.84 0.0430114
2.64 -0.78 0.044238
2.64 -0.72 0.0448737
2.64 -0.66 0.0448933
2.64 -0.6 0.0442954
2.64 -0.54 0.0431043
2.64 -0.48 0.0413693
2.64 -0.42 0.0391577
2.64 -0.36 0.0365554
2.64 -0.3 0.033657
2.64 -0.24 0.0305622
2.64 -0.18 0.0273706
2.64 -0.12 0.0241754
2.64 -0.06 0.0210594
2.64 9.71445e-15 0.0180932
2.64 0.06 0.015331
2.64 0.12 0.012812
2.64 0.18 0.0105596
2.64 0.24 0.00858358
2.64 0.3 0.00688151
2.64 0.36 0.00544103
2.64 0.42 0.004243
2.64 0.48 0.00326324
2.64 0.54 0.00247524
2.64 0.6 0.00185172
2.64 0.66 0.00136621
2.64 0.72 0.000994156
2.64 0.78 0.000713472
2.7 -2.34 0.000190662
2.7 -2.28 0.000277173
2.7 -2.22 0.000397393
2.7 -2.16 0.000561934
2.7 -2.1 0.000783672
2.7 -2.04 0.00107789
2.7 -1.98 0.0014622
2.7 -1.92 0.00195626
2.7 -1.86 0.00258124
2.7 -1.8 0.00335913
2.7 -1.74 0.00431135
2.7 -1.68 0.00545744
2.7 -1.62 0.00681315
2.7 -1.56 0.00838887
2.7 -1.5 0.0101869
2.7 -1.44 0.0122004
2.7 -1.38 0.0144108
2.7 -1.32 0.016788
2.7 -1.26 0.0192884
2.7 -1.2 0.0218566
2.7 -1.14 0.0244264
2.7 -1.08 0.0269228
2.7 -1.02 0.0292668
2.7 -0.96 0.0313776
2.7 -0.9 0.0331779
2.7 -0.84 0.0345993
2.7 -0.78 0.0355861
2.7 -0.72 0.0360974
2.7 -0.66 0.0361129
2.7 -0.6 0.0356322
2.7 -0.54 0.0346742
2.7 -0.48 0.0332783
2.7 -0.42 0.0314993
2.7 -0.36 0.0294061
2.7 -0.3 0.0270744
2.7 -0.24 0.0245849
2.7 -0.18 0.0220175
2.7 -0.12 0.0194472
2.7 -0.06 0.0169408
2.7 9.71445e-15 0.0145545
2.7 0.06 0.0123326
2.7 0.12 0.0103062
2.7 0.18 0.00849441
2.7 0.24 0.00690483
2.7 0.3 0.00553564
2.7 0.36 0.00437687
2.7 0.42 0.00341316
2.7 0.48 0.00262504
2.7 0.54 0.00199113
2.7 0.6 0.00148956
2.7 0.66 0.00109901
2.7 0.72 0.000799722
2.7 0.78 0.000573929
2.76 -2.28 0.000219898
2.76 -2.22 0.000315278
2.76 -2.16 0.000445817
2.76 -2.1 0.000621737
2.76 -2.04 0.000855167
2.76 -1.98 0.00116005
2.76 -1.92 0.00155203
2.76 -1.86 0.00204788
2.76 -1.8 0.00266501
2.76 -1.74 0.00342045
2.76 -1.68 0.00432973
2.76 -1.62 0.00540533
2.76 -1.56 0.00665541
2.76 -1.5 0.00808191
2.76 -1.44 0.00967934
2.76 -1.38 0.0114331
2.76 -1.32 0.0133191
2.76 -1.26 0.0153027
2.76 -1.2 0.0173402
2.76 -1.14 0.019379
2.76 -1.08 0.0213595
2.76 -1.02 0.0232193
2.76 -0.96 0.0248938
2.76 -0.9 0.0263222
2.76 -0.84 0.02745
2.76 -0.78 0.0282328
2.76 -0.72 0.0286386
2.76 -0.66 0.0286506
2.76 -0.6 0.0282691
2.76 -0.54 0.0275093
2.76 -0.48 0.0264016
2.76 -0.42 0.0249906
2.76 -0.36 0.0233298
2.76 -0.3 0.0214798
2.76 -0.24 0.0195048
2.76 -0.18 0.0174678
2.76 -0.12 0.0154287
2.76 -0.06 0.0134403
2.76 9.71445e-15 0.0115471
2.76 0.06 0.00978428
2.76 0.12 0.00817657
2.76 0.18 0.00673916
2.76 0.24 0.00547806
2.76 0.3 0.00439177
2.76 0.36 0.00347246
2.76 0.42 0.00270787
2.76 0.48 0.00208261
2.76 0.54 0.0015797
2.76 0.6 0.00118176
2.76 0.66 0.000871921
2.76 0.72 0.000634469
2.82 -2.28 0.000172062
2.82 -2.22 0.000246694
2.82 -2.16 0.000348836
2.82 -2.1 0.000486486
2.82 -2.04 0.000669131
2.82 -1.98 0.000907699
2.82 -1.92 0.00121439
2.82 -1.86 0.00160239
2.82 -1.8 0.00208527
2.82 -1.74 0.00267635
2.82 -1.68 0.00338782
2.82 -1.62 0.00422943
2.82 -1.56 0.00520759
2.82 -1.5 0.00632379
2.82 -1.44 0.00757368
2.82 -1.38 0.00894598
2.82 -1.32 0.0104216
2.82 -1.26 0.0119738
2.82 -1.2 0.0135681
2.82 -1.14 0.0151634
2.82 -1.08 0.0167131
2.82 -1.02 0.0181683
2.82 -0.96 0.0194784
2.82 -0.9 0.020596
2.82 -0.84 0.0214787
2.82 -0.78 0.0220909
2.82 -0.72 0.0224086
2.82 -0.66 0.0224181
2.82 -0.6 0.0221195
2.82 -0.54 0.0215249
2.82 -0.48 0.0206582
2.82 -0.42 0.0195542
2.82 -0.36 0.0182546
2.82 -0.3 0.016807
2.82 -0.24 0.0152617
2.82 -0.18 0.0136679
2.82 -0.12 0.0120723
2.82 -0.06 0.0105165
2.82 9.71445e-15 0.00903512
2.82 0.06 0.00765579
2.82 0.12 0.00639783
2.82 0.18 0.0052731
2.82 0.24 0.00428638
2.82 0.3 0.00343636
2.82 0.36 0.00271707
2.82 0.42 0.00211879
2.82 0.48 0.00162955
2.82 0.54 0.00123605
2.82 0.6 0.000924679
2.82 0.66 0.000682241
2.88 -2.28 0.000132782
2.88 -2.22 0.000190375
2.88 -2.16 0.000269198
2.88 -2.1 0.00037542
2.88 -2.04 0.000516372
2.88 -1.98 0.000700477
2.88 -1.92 0.000937152
2.88 -1.86 0.00123657
2.88 -1.8 0.00160922
2.88 -1.74 0.00206536
2.88 -1.68 0.00261441
2.88 -1.62 0.00326389
2.88 -1.56 0.00401874
2.88 -1.5 0.00488008
2.88 -1.44 0.00584463
2.88 -1.38 0.00690365
2.88 -1.32 0.00804241
2.88 -1.26 0.00924016
2.88 -1.2 0.0104705
2.88 -1.14 0.0117017
2.88 -1.08 0.0128976
2.88 -1.02 0.0140205
2.88 -0.96 0.0150314
2.88 -0.9 0.0158941
2.88 -0.84 0.0165751
2.88 -0.78 0.0170477
2.88 -0.72 0.0172926
2.88 -0.66 0.0173001
2.88 -0.6 0.0170698
2.88 -0.54 0.016611
2.88 -0.48 0.0159421
2.88 -0.42 0.01509
2.88 -0.36 0.0140871
2.88 -0.3 0.0129701
2.88 -0.24 0.0117774
2.88 -0.18 0.0105476
2.88 -0.12 0.00931627
2.88 -0.06 0.00811555
2.88 9.71445e-15 0.00697238
2.88 0.06 0.00590797
2.88 0.12 0.00493722
2.88 0.18 0.0040693
2.88 0.24 0.00330781
2.88 0.3 0.00265186
2.88 0.36 0.00209677
2.88 0.42 0.00163509
2.88 0.48 0.00125754
2.88 0.54 0.000953861
2.88 0.6 0.000713576
2.88 0.66 0.000526488
2.94 -2.22 0.000144892
2.94 -2.16 0.000204886
2.94 -2.1 0.000285734
2.94 -2.04 0.000393008
2.94 -1.98 0.000533127
2.94 -1.92 0.000713266
2.94 -1.86 0.000941147
2.94 -1.8 0.00122475
2.94 -1.74 0.00157194
2.94 -1.68 0.00198982
2.94 -1.62 0.00248411
2.94 -1.56 0.00305862
2.94 -1.5 0.00371424
2.94 -1.44 0.00444834
2.94 -1.38 0.0052543
2.94 -1.32 0.00612102
2.94 -1.26 0.00703272
2.94 -1.2 0.00796912
2.94 -1.14 0.00890604
2.94 -1.08 0.00981627
2.94 -1.02 0.010671
2.94 -0.96 0.0114405
2.94 -0.9 0.0120969
2.94 -0.84 0.0126152
2.94 -0.78 0.0129749
2.94 -0.72 0.0131614
2.94 -0.66 0.0131671
2.94 -0.6 0.0129917
2.94 -0.54 0.0126424
2.94 -0.48 0.0121335
2.94 -0.42 0.011485
2.94 -0.36 0.0107217
2.94 -0.3 0.00987148
2.94 -0.24 0.00896386
2.94 -0.18 0.0080277
2.94 -0.12 0.00709059
2.94 -0.06 0.00617675
2.94 9.71445e-15 0.00530669
2.94 0.06 0.00449658
2.94 0.12 0.00375771
2.94 0.18 0.00309711
2.94 0.24 0.00251757
2.94 0.3 0.00201833
2.94 0.36 0.00159585
2.94 0.42 0.00124446
2.94 0.48 0.000957107
2.94 0.54 0.000725982
2.94 0.6 0.000543106
3 -2.22 0.000108762
3 -2.16 0.000153794
3 -2.1 0.000214481
3 -2.04 0.000295006
3 -1.98 0.000400182
3 -1.92 0.000535398
3 -1.86 0.000706451
3 -1.8 0.000919353
3 -1.74 0.00117997
3 -1.68 0.00149363
3 -1.62 0.00186469
3 -1.56 0.00229592
3 -1.5 0.00278803
3 -1.44 0.0033391
3 -1.38 0.0039441
3 -1.32 0.00459469
3 -1.26 0.00527899
3 -1.2 0.00598191
3 -1.14 0.00668518
3 -1.08 0.00736851
3 -1.02 0.00800994
3 -0.96 0.00858762
3 -0.9 0.00908043
3 -0.84 0.00946942
3 -0.78 0.00973944
3 -0.72 0.00987937
3 -0.66 0.00988372
3 -0.6 0.00975209
3 -0.54 0.00948986
3 -0.48 0.00910788
3 -0.42 0.00862098
3 -0.36 0.00804803
3 -0.3 0.00740993
3 -0.24 0.00672854
3 -0.18 0.00602593
3 -0.12 0.00532245
3 -0.06 0.00463643
3 9.71445e-15 0.00398339
3 0.06 0.00337526
3 0.12 0.00282068
3 0.18 0.0023248
3 0.24 0.00188977
3 0.3 0.00151503
3 0.36 0.0011979
3 0.42 0.000934139
3 0.48 0.000718434
3 0.54 0.000544947
3.06 -2.16 0.000113857
3.06 -2.1 0.000158785
3.06 -2.04 0.000218398
3.06 -1.98 0.000296265
3.06 -1.92 0.000396365
3.06 -1.86 0.000523005
3.06 -1.8 0.000680615
3.06 -1.74 0.000873542
3.06 -1.68 0.00110575
3.06 -1.62 0.00138045
3.06 -1.56 0.00169971
3.06 -1.5 0.00206403
3.06 -1.44 0.00247198
3.06 -1.38 0.00291989
3.06 -1.32 0.00340151
3.06 -1.26 0.00390815
3.06 -1.2 0.00442849
3.06 -1.14 0.00494918
3.06 -1.08 0.00545504
3.06 -1.02 0.00592995
3.06 -0.96 0.00635756
3.06 -0.9 0.00672236
3.06 -0.84 0.00701044
3.06 -0.78 0.00721027
3.06 -0.72 0.00731395
3.06 -0.66 0.0073171
3.06 -0.6 0.00721958
3.06 -0.54 0.00702556
3.06 -0.48 0.00674269
3.06 -0.42 0.00638233
3.06 -0.36 0.0059581
3.06 -0.3 0.00548564
3.06 -0.24 0.00498126
3.06 -0.18 0.00446106
3.06 -0.12 0.00394025
3.06 -0.06 0.00343246
3.06 9.71445e-15 0.00294898
3.06 0.06 0.00249876
3.06 0.12 0.00208819
3.06 0.18 0.00172109
3.06 0.24 0.00139903
3.06 0.3 0.00112159
3.06 0.36 0.000886823
3.06 0.42 0.000691552
3.06 0.48 0.000531868
3.06 0.54 0.000403435
3.12 -2.16 8.31315e-05
3.12 -2.1 0.000115936
3.12 -2.04 0.000159461
3.12 -1.98 0.000216314
3.12 -1.92 0.000289403
3.12 -1.86 0.000381866
3.12 -1.8 0.000496938
3.12 -1.74 0.000637809
3.12 -1.68 0.000807358
3.12 -1.62 0.00100792
3.12 -1.56 0.00124102
3.12 -1.5 0.00150704
3.12 -1.44 0.0018049
3.12 -1.38 0.00213192
3.12 -1.32 0.00248358
3.12 -1.26 0.0028535
3.12 -1.2 0.00323344
3.12 -1.14 0.00361359
3.12 -1.08 0.00398293
3.12 -1.02 0.00432969
3.12 -0.96 0.00464195
3.12 -0.9 0.00490826
3.12 -0.84 0.00511856
3.12 -0.78 0.00526449
3.12 -0.72 0.00534018
3.12 -0.66 0.0053425
3.12 -0.6 0.00527134
3.12 -0.54 0.0051296
3.12 -0.48 0.00492312
3.12 -0.42 0.00465996
3.12 -0.36 0.00435028
3.12 -0.3 0.0040053
3.12 -0.24 0.00363705
3.12 -0.18 0.00325722
3.12 -0.12 0.00287697
3.12 -0.06 0.00250618
3.12 9.71445e-15 0.00215317
3.12 0.06 0.00182447
3.12 0.12 0.00152468
3.12 0.18 0.00125663
3.12 0.24 0.00102149
3.12 0.3 0.000818929
3.12 0.36 0.000647511
3.12 0.42 0.000504932
3.12 0.48 0.000388341
3.18 -2.1 8.34857e-05
3.18 -2.04 0.00011483
3.18 -1.98 0.000155769
3.18 -1.92 0.000208402
3.18 -1.86 0.000274984
3.18 -1.8 0.00035785
3.18 -1.74 0.000459289
3.18 -1.68 0.000581382
3.18 -1.62 0.000725814
3.18 -1.56 0.000893666
3.18 -1.5 0.00108522
3.18 -1.44 0.00129972
3.18 -1.38 0.00153521
3.18 -1.32 0.00178845
3.18 -1.26 0.00205482
3.18 -1.2 0.00232839
3.18 -1.14 0.00260216
3.18 -1.08 0.00286812
3.18 -1.02 0.00311783
3.18 -0.96 0.00334267
3.18 -0.9 0.00353448
3.18 -0.84 0.00368593
3.18 -0.78 0.00379102
3.18 -0.72 0.00384552
3.18 -0.66 0.00384715
3.18 -0.6 0.00379588
3.18 -0.54 0.00369386
3.18 -0.48 0.00354513
3.18 -0.42 0.00335568
3.18 -0.36 0.00313266
3.18 -0.3 0.00288423
3.18 -0.24 0.00261904
3.18 -0.18 0.00234551
3.18 -0.12 0.00207172
3.18 -0.06 0.00180472
3.18 9.71445e-15 0.00155051
3.18 0.06 0.0013138
3.18 0.12 0.00109793
3.18 0.18 0.000904914
3.18 0.24 0.000735578
3.18 0.3 0.000589711
3.18 0.36 0.000466271
3.18 0.42 0.000363603
3.24 -2.1 5.92924e-05
3.24 -2.04 8.15526e-05
3.24 -1.98 0.000110627
3.24 -1.92 0.000148007
3.24 -1.86 0.000195295
3.24 -1.8 0.000254147
3.24 -1.74 0.000326192
3.24 -1.68 0.0004129
3.24 -1.62 0.000515478
3.24 -1.56 0.000634683
3.24 -1.5 0.000770734
3.24 -1.44 0.000923072
3.24 -1.38 0.00109032
3.24 -1.32 0.00127017
3.24 -1.26 0.00145935
3.24 -1.2 0.00165365
3.24 -1.14 0.00184806
3.24 -1.08 0.00203697
3.24 -1.02 0.00221429
3.24 -0.96 0.002374
3.24 -0.9 0.00251022
3.24 -0.84 0.00261777
3.24 -0.78 0.0026924
3.24 -0.72 0.00273111
3.24 -0.66 0.00273228
3.24 -0.6 0.00269587
3.24 -0.54 0.00262339
3.24 -0.48 0.00251779
3.24 -0.42 0.00238322
3.24 -0.36 0.00222482
3.24 -0.3 0.00204841
3.24 -0.24 0.00186007
3.24 -0.18 0.00166581
3.24 -0.12 0.00147135
3.24 -0.06 0.00128172
3.24 9.71445e-15 0.00110119
3.24 0.06 0.000933071
3.24 0.12 0.00077976
3.24 0.18 0.000642672
3.24 0.24 0.000522412
3.24 0.3 0.000418819
3.24 0.36 0.000331151
3.3 -2.04 5.71227e-05
3.3 -1.98 7.74887e-05
3.3 -1.92 0.000103671
3.3 -1.86 0.000136793
3.3 -1.8 0.000178016
3.3 -1.74 0.000228479
3.3 -1.68 0.000289214
3.3 -1.62 0.000361062
3.3 -1.56 0.000444565
3.3 -1.5 0.000539858
3.3 -1.44 0.000646559
3.3 -1.38 0.000763706
3.3 -1.32 0.00088968
3.3 -1.26 0.0010222
3.3 -1.2 0.0011583
3.3 -1.14 0.00129447
3.3 -1.08 0.00142678
3.3 -1.02 0.001551
3.3 -0.96 0.00166286
3.3 -0.9 0.00175826
3.3 -0.84 0.00183359
3.3 -0.78 0.00188586
3.3 -0.72 0.00191299
3.3 -0.66 0.00191382
3.3 -0.6 0.00188832
3.3 -0.54 0.00183754
3.3 -0.48 0.00176358
3.3 -0.42 0.00166931
3.3 -0.36 0.00155837
3.3 -0.3 0.0014348
3.3 -0.24 0.00130288
3.3 -0.18 0.00116681
3.3 -0.12 0.0010306
3.3 -0.06 0.000897773
3.3 9.71445e-15 0.000771319
3.3 0.06 0.000653567
3.3 0.12 0.000546176
3.3 0.18 0.000450155
3.3 0.24 0.000365923
3.3 0.3 0.00029336
3.36 -2.04 3.9461e-05
3.36 -1.98 5.35308e-05
3.36 -1.92 7.16175e-05
3.36 -1.86 9.44994e-05
3.36 -1.8 0.000122977
3.36 -1.74 0.000157837
3.36 -1.68 0.000199794
3.36 -1.62 0.000249428
3.36 -1.56 0.000307115
3.36 -1.5 0.000372943
3.36 -1.44 0.00044665
3.36 -1.38 0.000527581
3.36 -1.32 0.000614601
3.36 -1.26 0.000706147
3.36 -1.2 0.000800173
3.36 -1.14 0.000894248
3.36 -1.08 0.000985647
3.36 -1.02 0.00107146
3.36 -0.96 0.00114873
3.36 -0.9 0.00121463
3.36 -0.84 0.00126668
3.36 -0.78 0.00130279
3.36 -0.72 0.00132152
3.36 -0.66 0.0013221
3.36 -0.6 0.00130449
3.36 -0.54 0.00126942
3.36 -0.48 0.00121832
3.36 -0.42 0.00115319
3.36 -0.36 0.00107655
3.36 -0.3 0.000991189
3.36 -0.24 0.000900049
3.36 -0.18 0.000806058
3.36 -0.12 0.000711954
3.36 -0.06 0.000620196
3.36 9.71445e-15 0.000532837
3.36 0.06 0.000451494
3.36 0.12 0.000377305
3.36 0.18 0.000310977
3.36 0.24 0.000252786
3.42 -1.98 3.64716e-05
3.42 -1.92 4.87948e-05
3.42 -1.86 6.4384e-05
3.42 -1.8 8.37866e-05
3.42 -1.74 0.000107538
3.42 -1.68 0.000136125
3.42 -1.62 0.000169941
3.42 -1.56 0.000209244
3.42 -1.5 0.000254092
3.42 -1.44 0.000304314
3.42 -1.38 0.000359451
3.42 -1.32 0.000418744
3.42 -1.26 0.00048111
3.42 -1.2 0.000545172
3.42 -1.14 0.000609269
3.42 -1.08 0.00067154
3.42 -1.02 0.000730004
3.42 -0.96 0.00078265
3.42 -0.9 0.000827559
3.42 -0.84 0.00086301
3.42 -0.78 0.000887622
3.42 -0.72 0.000900372
3.42 -0.66 0.000900769
3.42 -0.6 0.000888776
3.42 -0.54 0.00086488
3.42 -0.48 0.000830063
3.42 -0.42 0.000785687
3.42 -0.36 0.000733476
3.42 -0.3 0.000675319
3.42 -0.24 0.00061322
3.42 -0.18 0.000549184
3.42 -0.12 0.000485073
3.42 -0.06 0.000422553
3.42 9.71445e-15 0.000363033
3.42 0.06 0.000307612
3.42 0.12 0.000257068
3.42 0.18 0.000211876
3.48 -1.92 3.27879e-05
3.48 -1.86 4.32633e-05
3.48 -1.8 5.63007e-05
3.48 -1.74 7.22606e-05
3.48 -1.68 9.14694e-05
3.48 -1.62 0.000114193
3.48 -1.56 0.000140602
3.48 -1.5 0.00017074
3.48 -1.44 0.000204486
3.48 -1.38 0.000241536
3.48 -1.32 0.000281378
3.48 -1.26 0.000323288
3.48 -1.2 0.000366333
3.48 -1.14 0.0004094
3.48 -1.08 0.000451247
3.48 -1.02 0.000490532
3.48 -0.96 0.00052591
3.48 -0.9 0.000556082
3.48 -0.84 0.000579908
3.48 -0.78 0.00059644
3.48 -0.72 0.000605018
3.48 -0.66 0.00060528
3.48 -0.6 0.000597216
3.48 -0.54 0.000581156
3.48 -0.48 0.000557765
3.48 -0.42 0.00052795
3.48 -0.36 0.000492864
3.48 -0.3 0.000453781
3.48 -0.24 0.00041206
3.48 -0.18 0.000369026
3.48 -0.12 0.000325946
3.48 -0.06 0.000283937
3.48 9.71445e-15 0.000243944
3.48 0.06 0.000206703
3.48 0.12 0.000172739
3.54 -1.92 2.17291e-05
3.54 -1.86 2.86714e-05
3.54 -1.8 3.7312e-05
3.54 -1.74 4.78889e-05
3.54 -1.68 6.06186e-05
3.54 -1.62 7.56784e-05
3.54 -1.56 9.31795e-05
3.54 -1.5 0.000113152
3.54 -1.44 0.000135517
3.54 -1.38 0.000160071
3.54 -1.32 0.000186476
3.54 -1.26 0.000214248
3.54 -1.2 0.000242775
3.54 -1.14 0.000271318
3.54 -1.08 0.000299051
3.54 -1.02 0.000325083
3.54 -0.96 0.000348528
3.54 -0.9 0.00036853
3.54 -0.84 0.000384318
3.54 -0.78 0.000395277
3.54 -0.72 0.000400956
3.54 -0.66 0.000401131
3.54 -0.6 0.000395787
3.54 -0.54 0.000385148
3.54 -0.48 0.000369643
3.54 -0.42 0.000349884
3.54 -0.36 0.000326628
3.54 -0.3 0.000300731
3.54 -0.24 0.000273078
3.54 -0.18 0.000244562
3.54 -0.12 0.000216011
3.54 -0.06 0.00018817
3.54 9.71445e-15 0.000161666
3.6 -1.86 1.87401e-05
3.6 -1.8 2.43875e-05
3.6 -1.74 3.13003e-05
3.6 -1.68 3.96209e-05
3.6 -1.62 4.94638e-05
3.6 -1.56 6.09035e-05
3.6 -1.5 7.39573e-05
3.6 -1.44 8.85748e-05
3.6 -1.38 0.000104624
3.6 -1.32 0.000121881
3.6 -1.26 0.000140035
3.6 -1.2 0.00015868
3.6 -1.14 0.000177337
3.6 -1.08 0.000195462
3.6 -1.02 0.00021248
3.6 -0.96 0.000227801
3.6 -0.9 0.000240872
3.6 -0.84 0.000251195
3.6 -0.78 0.000258355
3.6 -0.72 0.000262071
3.6 -0.66 0.000262183
3.6 -0.6 0.00025869
3.6 -0.54 0.000251737
3.6 -0.48 0.0002416
3.6 -0.42 0.000228689
3.6 -0.36 0.000213489
3.6 -0.3 0.00019656
3.6 -0.24 0.000178486
3.6 -0.18 0.000159847
3.6 -0.12 0.000141186
3.6 -0.06 0.000122991
3.66 -1.8 1.57206e-05
3.66 -1.74 2.01771e-05
3.66 -1.68 2.55408e-05
3.66 -1.62 3.18857e-05
3.66 -1.56 3.92596e-05
3.66 -1.5 4.76751e-05
3.66 -1.44 5.70981e-05
3.66 -1.38 6.74431e-05
3.66 -1.32 7.85683e-05
3.66 -1.26 9.02706e-05
3.66 -1.2 0.00010229
3.66 -1.14 0.000114315
3.66 -1.08 0.000126
3.66 -1.02 0.000136969
3.66 -0.96 0.000146848
3.66 -0.9 0.000155273
3.66 -0.84 0.000161926
3.66 -0.78 0.000166542
3.66 -0.72 0.000168937
3.66 -0.66 0.00016901
3.66 -0.6 0.000166758
3.66 -0.54 0.000162274
3.66 -0.48 0.000155743
3.66 -0.42 0.000147418
3.66 -0.36 0.000137621
3.66 -0.3 0.000126708
3.66 -0.24 0.000115058
3.66 -0.18 0.000103042
3.66 -0.12 9.1013e-05
3.72 -1.74 1.28279e-05
3.72 -1.68 1.6238e-05
3.72 -1.62 2.02719e-05
3.72 -1.56 2.496e-05
3.72 -1.5 3.03098e-05
3.72 -1.44 3.6301e-05
3.72 -1.38 4.2878e-05
3.72 -1.32 4.99512e-05
3.72 -1.26 5.73907e-05
3.72 -1.2 6.50315e-05
3.72 -1.14 7.26778e-05
3.72 -1.08 8.01059e-05
3.72 -1.02 8.70804e-05
3.72 -0.96 9.336e-05
3.72 -0.9 9.87177e-05
3.72 -0.84 0.000102947
3.72 -0.78 0.000105883
3.72 -0.72 0.000107405
3.72 -0.66 0.00010745
3.72 -0.6 0.000106019
3.72 -0.54 0.000103169
3.72 -0.48 9.90148e-05
3.72 -0.42 9.37234e-05
3.72 -0.36 8.74947e-05
3.72 -0.3 8.05564e-05
3.72 -0.24 7.31492e-05
3.78 -1.68 1.01816e-05
3.78 -1.62 1.2711e-05
3.78 -1.56 1.56505e-05
3.78 -1.5 1.90052e-05
3.78 -1.44 2.27618e-05
3.78 -1.38 2.68857e-05
3.78 -1.32 3.13208e-05
3.78 -1.26 3.59856e-05
3.78 -1.2 4.07767e-05
3.78 -1.14 4.55706e-05
3.78 -1.08 5.02287e-05
3.78 -1.02 5.46012e-05
3.78 -0.96 5.85397e-05
3.78 -0.9 6.18988e-05
3.78 -0.84 6.45503e-05
3.78 -0.78 6.63912e-05
3.78 -0.72 6.73455e-05
3.78 -0.66 6.73742e-05
3.78 -0.6 6.64769e-05
3.78 -0.54 6.46896e-05
3.78 -0.48 6.20855e-05
3.78 -0.42 5.87668e-05
3.78 -0.36 5.48612e-05
3.84 -1.62 7.86056e-06
3.84 -1.56 9.67845e-06
3.84 -1.5 1.1753e-05
3.84 -1.44 1.4076e-05
3.84 -1.38 1.66262e-05
3.84 -1.32 1.93689e-05
3.84 -1.26 2.22538e-05
3.84 -1.2 2.52167e-05
3.84 -1.14 2.81813e-05
3.84 -1.08 3.10617e-05
3.84 -1.02 3.37661e-05
3.84 -0.96 3.62014e-05
3.84 -0.9 3.82785e-05
3.84 -0.84 3.99182e-05
3.84 -0.78 4.10566e-05
3.84 -0.72 4.16467e-05
3.84 -0.66 4.16647e-05
3.84 -0.6 4.11098e-05
3.84 -0.54 4.00045e-05
3.84 -0.48 3.83941e-05
3.9 -1.56 5.90297e-06
3.9 -1.5 7.16825e-06
3.9 -1.44 8.585e-06
3.9 -1.38 1.01405e-05
3.9 -1.32 1.18132e-05
3.9 -1.26 1.35727e-05
3.9 -1.2 1.53799e-05
3.9 -1.14 1.71881e-05
3.9 -1.08 1.89448e-05
3.9 -1.02 2.05943e-05
3.9 -0.96 2.20795e-05
3.9 -0.9 2.33461e-05
3.9 -0.84 2.43466e-05
3.9 -0.78 2.50407e-05
3.9 -0.72 2.54008e-05
3.9 -0.66 2.54116e-05
3.96 -1.5 4.31187e-06
3.96 -1.44 5.16404e-06
3.96 -1.38 6.09978e-06
3.96 -1.32 7.1059e-06
3.96 -1.26 8.16427e-06
3.96 -1.2 9.2514e-06
3.96 -1.14 1.03391e-05
3.96 -1.08 1.13958e-05
3.96 -1.02 1.2388e-05
3.96 -0.96 1.32813e-05
3.96 -0.9 1.40433e-05
3.96 -0.84 1.46451e-05
4.02 -1.38 3.6187e-06
4.02 -1.32 4.21563e-06
4.02 -1.26 4.8435e-06
4.02 -1.2 5.48841e-06
4.02 -1.14 6.13371e-06
