3542 0.06 0.06 0.210687 -12 -12
-2.46 0.24 7.92237e-06
-2.46 0.3 6.88154e-06
-2.46 0.36 5.89527e-06
-2.4 -0.18 2.36105e-05
-2.4 -0.12 2.25949e-05
-2.4 -0.06 2.1326e-05
-2.4 9.71445e-15 1.98515e-05
-2.4 0.06 1.82251e-05
-2.4 0.12 1.65018e-05
-2.4 0.18 1.4736e-05
-2.4 0.24 1.29785e-05
-2.4 0.3 1.12733e-05
-2.4 0.36 9.65767e-06
-2.4 0.42 8.15981e-06
-2.4 0.48 6.7995e-06
-2.4 0.54 5.58806e-06
-2.4 0.6 4.52937e-06
-2.4 0.66 3.62077e-06
-2.4 0.72 2.85469e-06
-2.4 0.78 2.21973e-06
-2.4 0.84 1.70228e-06
-2.34 -0.42 3.96028e-05
-2.34 -0.36 4.00569e-05
-2.34 -0.3 3.9959e-05
-2.34 -0.24 3.93139e-05
-2.34 -0.18 3.81474e-05
-2.34 -0.12 3.65063e-05
-2.34 -0.06 3.44558e-05
-2.34 9.71445e-15 3.20738e-05
-2.34 0.06 2.94457e-05
-2.34 0.12 2.66617e-05
-2.34 0.18 2.38091e-05
-2.34 0.24 2.09692e-05
-2.34 0.3 1.82144e-05
-2.34 0.36 1.56038e-05
-2.34 0.42 1.31837e-05
-2.34 0.48 1.09859e-05
-2.34 0.54 9.0287e-06
-2.34 0.6 7.31808e-06
-2.34 0.66 5.85009e-06
-2.34 0.72 4.61226e-06
-2.34 0.78 3.5864e-06
-2.34 0.84 2.75035e-06
-2.34 0.9 2.08023e-06
-2.28 -0.6 5.61247e-05
-2.28 -0.54 5.91744e-05
-2.28 -0.48 6.15333e-05
-2.28 -0.42 6.31058e-05
-2.28 -0.36 6.38297e-05
-2.28 -0.3 6.36738e-05
-2.28 -0.24 6.26458e-05
-2.28 -0.18 6.07866e-05
-2.28 -0.12 5.81725e-05
-2.28 -0.06 5.4905e-05
-2.28 9.71445e-15 5.11093e-05
-2.28 0.06 4.69213e-05
-2.28 0.12 4.24848e-05
-2.28 0.18 3.79393e-05
-2.28 0.24 3.34141e-05
-2.28 0.3 2.90241e-05
-2.28 0.36 2.48644e-05
-2.28 0.42 2.10082e-05
-2.28 0.48 1.75058e-05
-2.28 0.54 1.4387e-05
-2.28 0.6 1.16612e-05
-2.28 0.66 9.32205e-06
-2.28 0.72 7.34958e-06
-2.28 0.78 5.71481e-06
-2.28 0.84 4.38263e-06
-2.28 0.9 3.31478e-06
-2.28 0.96 2.47266e-06
-2.22 -0.72 7.61181e-05
-2.22 -0.66 8.25072e-05
-2.22 -0.6 8.82044e-05
-2.22 -0.54 9.29977e-05
-2.22 -0.48 9.67047e-05
-2.22 -0.42 9.91759e-05
-2.22 -0.36 0.000100313
-2.22 -0.3 0.000100068
-2.22 -0.24 9.84521e-05
-2.22 -0.18 9.55309e-05
-2.22 -0.12 9.14229e-05
-2.22 -0.06 8.62879e-05
-2.22 9.71445e-15 8.03222e-05
-2.22 0.06 7.3741e-05
-2.22 0.12 6.67686e-05
-2.22 0.18 5.96243e-05
-2.22 0.24 5.25129e-05
-2.22 0.3 4.56134e-05
-2.22 0.36 3.90765e-05
-2.22 0.42 3.3016e-05
-2.22 0.48 2.75118e-05
-2.22 0.54 2.26102e-05
-2.22 0.6 1.83266e-05
-2.22 0.66 1.46503e-05
-2.22 0.72 1.15504e-05
-2.22 0.78 8.98121e-06
-2.22 0.84 6.88765e-06
-2.22 0.9 5.20939e-06
-2.22 0.96 3.88598e-06
-2.16 -0.84 9.63315e-05
-2.16 -0.78 0.000107348
-2.16 -0.72 0.000117981
-2.16 -0.66 0.000127884
-2.16 -0.6 0.000136715
-2.16 -0.54 0.000144144
-2.16 -0.48 0.00014989
-2.16 -0.42 0.00015372
-2.16 -0.36 0.000155482
-2.16 -0.3 0.000155104
-2.16 -0.24 0.000152598
-2.16 -0.18 0.000148071
-2.16 -0.12 0.000141703
-2.16 -0.06 0.000133744
-2.16 9.71445e-15 0.000124498
-2.16 0.06 0.000114297
-2.16 0.12 0.00010349
-2.16 0.18 9.2416e-05
-2.16 0.24 8.13937e-05
-2.16 0.3 7.06995e-05
-2.16 0.36 6.05676e-05
-2.16 0.42 5.1174e-05
-2.16 0.48 4.26426e-05
-2.16 0.54 3.50453e-05
-2.16 0.6 2.84057e-05
-2.16 0.66 2.27076e-05
-2.16 0.72 1.79029e-05
-2.16 0.78 1.39207e-05
-2.16 0.84 1.06757e-05
-2.16 0.9 8.07441e-06
-2.16 0.96 6.02318e-06
-2.16 1.02 4.43125e-06
-2.1 -0.96 0.000113761
-2.1 -0.9 0.000130329
-2.1 -0.84 0.000147259
-2.1 -0.78 0.000164099
-2.1 -0.72 0.000180354
-2.1 -0.66 0.000195493
-2.1 -0.6 0.000208992
-2.1 -0.54 0.000220348
-2.1 -0.48 0.000229132
-2.1 -0.42 0.000234988
-2.1 -0.36 0.000237682
-2.1 -0.3 0.000237103
-2.1 -0.24 0.000233274
-2.1 -0.18 0.000226352
-2.1 -0.12 0.000216618
-2.1 -0.06 0.00020445
-2.1 9.71445e-15 0.000190316
-2.1 0.06 0.000174722
-2.1 0.12 0.000158202
-2.1 0.18 0.000141274
-2.1 0.24 0.000124424
-2.1 0.3 0.000108077
-2.1 0.36 9.2588e-05
-2.1 0.42 7.82282e-05
-2.1 0.48 6.51864e-05
-2.1 0.54 5.35729e-05
-2.1 0.6 4.34229e-05
-2.1 0.66 3.47125e-05
-2.1 0.72 2.73677e-05
-2.1 0.78 2.12802e-05
-2.1 0.84 1.63196e-05
-2.1 0.9 1.23432e-05
-2.1 0.96 9.20748e-06
-2.1 1.02 6.77393e-06
-2.1 1.08 4.91502e-06
-2.04 -1.08 0.000125361
-2.04 -1.02 0.00014765
-2.04 -0.96 0.000171512
-2.04 -0.9 0.000196491
-2.04 -0.84 0.000222017
-2.04 -0.78 0.000247407
-2.04 -0.72 0.00027191
-2.04 -0.66 0.000294738
-2.04 -0.6 0.000315088
-2.04 -0.54 0.000332211
-2.04 -0.48 0.000345451
-2.04 -0.42 0.000354281
-2.04 -0.36 0.000358346
-2.04 -0.3 0.000357471
-2.04 -0.24 0.000351699
-2.04 -0.18 0.000341261
-2.04 -0.12 0.000326584
-2.04 -0.06 0.000308241
-2.04 9.71445e-15 0.000286931
-2.04 0.06 0.00026342
-2.04 0.12 0.000238512
-2.04 0.18 0.000212994
-2.04 0.24 0.00018759
-2.04 0.3 0.000162944
-2.04 0.36 0.000139591
-2.04 0.42 0.000117941
-2.04 0.48 9.82792e-05
-2.04 0.54 8.07699e-05
-2.04 0.6 6.5467e-05
-2.04 0.66 5.23346e-05
-2.04 0.72 4.12611e-05
-2.04 0.78 3.20836e-05
-2.04 0.84 2.46045e-05
-2.04 0.9 1.86095e-05
-2.04 0.96 1.38817e-05
-2.04 1.02 1.02127e-05
-2.04 1.08 7.41018e-06
-2.04 1.14 5.30282e-06
-1.98 -1.14 0.000156088
-1.98 -1.08 0.000186404
-1.98 -1.02 0.000219547
-1.98 -0.96 0.000255025
-1.98 -0.9 0.000292169
-1.98 -0.84 0.00033012
-1.98 -0.78 0.000367878
-1.98 -0.72 0.000404316
-1.98 -0.66 0.000438253
-1.98 -0.6 0.000468508
-1.98 -0.54 0.000493975
-1.98 -0.48 0.000513661
-1.98 -0.42 0.000526794
-1.98 -0.36 0.000532836
-1.98 -0.3 0.000531536
-1.98 -0.24 0.000522954
-1.98 -0.18 0.000507435
-1.98 -0.12 0.000485606
-1.98 -0.06 0.000458333
-1.98 9.71445e-15 0.000426643
-1.98 0.06 0.000391689
-1.98 0.12 0.000354654
-1.98 0.18 0.000316707
-1.98 0.24 0.00027893
-1.98 0.3 0.000242287
-1.98 0.36 0.000207561
-1.98 0.42 0.00017537
-1.98 0.48 0.000146135
-1.98 0.54 0.000120099
-1.98 0.6 9.73457e-05
-1.98 0.66 7.78173e-05
-1.98 0.72 6.13523e-05
-1.98 0.78 4.77064e-05
-1.98 0.84 3.65852e-05
-1.98 0.9 2.76712e-05
-1.98 0.96 2.06412e-05
-1.98 1.02 1.51855e-05
-1.98 1.08 1.10185e-05
-1.98 1.14 7.88486e-06
-1.92 -1.2 0.000189041
-1.92 -1.14 0.000228903
-1.92 -1.08 0.000273358
-1.92 -1.02 0.000321961
-1.92 -0.96 0.000373998
-1.92 -0.9 0.000428469
-1.92 -0.84 0.000484125
-1.92 -0.78 0.000539492
-1.92 -0.72 0.00059293
-1.92 -0.66 0.000642697
-1.92 -0.6 0.000687076
-1.92 -0.54 0.000724412
-1.92 -0.48 0.000753291
-1.92 -0.42 0.000772544
-1.92 -0.36 0.000781393
-1.92 -0.3 0.000779493
-1.92 -0.24 0.0007669
-1.92 -0.18 0.000744151
-1.92 -0.12 0.000712148
-1.92 -0.06 0.000672147
-1.92 9.71445e-15 0.000625678
-1.92 0.06 0.000574412
-1.92 0.12 0.000520102
-1.92 0.18 0.000464448
-1.92 0.24 0.000409054
-1.92 0.3 0.000355311
-1.92 0.36 0.000304391
-1.92 0.42 0.000257181
-1.92 0.48 0.000214305
-1.92 0.54 0.000176124
-1.92 0.6 0.000142756
-1.92 0.66 0.00011412
-1.92 0.72 8.99734e-05
-1.92 0.78 6.99604e-05
-1.92 0.84 5.36518e-05
-1.92 0.9 4.05792e-05
-1.92 0.96 3.02703e-05
-1.92 1.02 2.22698e-05
-1.92 1.08 1.61585e-05
-1.92 1.14 1.15632e-05
-1.92 1.2 8.16097e-06
-1.86 -1.32 0.000178898
-1.86 -1.26 0.000222702
-1.86 -1.2 0.000273419
-1.86 -1.14 0.00033107
-1.86 -1.08 0.000395372
-1.86 -1.02 0.00046567
-1.86 -0.96 0.000540923
-1.86 -0.9 0.000619705
-1.86 -0.84 0.000700204
-1.86 -0.78 0.000780285
-1.86 -0.72 0.00085757
-1.86 -0.66 0.000929562
-1.86 -0.6 0.000993735
-1.86 -0.54 0.00104775
-1.86 -0.48 0.0010895
-1.86 -0.42 0.00111736
-1.86 -0.36 0.00113017
-1.86 -0.3 0.00112741
-1.86 -0.24 0.00110921
-1.86 -0.18 0.00107629
-1.86 -0.12 0.00102999
-1.86 -0.06 0.000972152
-1.86 9.71445e-15 0.000904936
-1.86 0.06 0.000830792
-1.86 0.12 0.000752236
-1.86 0.18 0.000671752
-1.86 0.24 0.000591629
-1.86 0.3 0.000513903
-1.86 0.36 0.000440246
-1.86 0.42 0.000371968
-1.86 0.48 0.000309961
-1.86 0.54 0.000254737
-1.86 0.6 0.000206475
-1.86 0.66 0.000165055
-1.86 0.72 0.000130131
-1.86 0.78 0.000101188
-1.86 0.84 7.75993e-05
-1.86 0.9 5.8692e-05
-1.86 0.96 4.37808e-05
-1.86 1.02 3.22093e-05
-1.86 1.08 2.33708e-05
-1.86 1.14 1.67243e-05
-1.86 1.2 1.18036e-05
-1.8 -1.38 0.000202181
-1.8 -1.32 0.000255191
-1.8 -1.26 0.00031767
-1.8 -1.2 0.000390018
-1.8 -1.14 0.000472258
-1.8 -1.08 0.000563977
-1.8 -1.02 0.00066425
-1.8 -0.96 0.00077161
-1.8 -0.9 0.000883989
-1.8 -0.84 0.00099882
-1.8 -0.78 0.00111304
-1.8 -0.72 0.00122329
-1.8 -0.66 0.00132598
-1.8 -0.6 0.00141754
-1.8 -0.54 0.00149457
-1.8 -0.48 0.00155414
-1.8 -0.42 0.00159387
-1.8 -0.36 0.00161214
-1.8 -0.3 0.00160821
-1.8 -0.24 0.00158223
-1.8 -0.18 0.00153529
-1.8 -0.12 0.00146926
-1.8 -0.06 0.00138673
-1.8 9.71445e-15 0.00129086
-1.8 0.06 0.00118509
-1.8 0.12 0.00107304
-1.8 0.18 0.000958223
-1.8 0.24 0.000843939
-1.8 0.3 0.000733057
-1.8 0.36 0.000628001
-1.8 0.42 0.0005306
-1.8 0.48 0.00044214
-1.8 0.54 0.00036337
-1.8 0.6 0.000294524
-1.8 0.66 0.000235446
-1.8 0.72 0.000185628
-1.8 0.78 0.000144339
-1.8 0.84 0.000110692
-1.8 0.9 8.37208e-05
-1.8 0.96 6.24521e-05
-1.8 1.02 4.59457e-05
-1.8 1.08 3.33372e-05
-1.8 1.14 2.38566e-05
-1.8 1.2 1.68373e-05
-1.8 1.26 1.172e-05
-1.74 -1.44 0.000222253
-1.74 -1.38 0.000284438
-1.74 -1.32 0.000359014
-1.74 -1.26 0.00044692
-1.74 -1.2 0.000548697
-1.74 -1.14 0.000664401
-1.74 -1.08 0.000793432
-1.74 -1.02 0.000934508
-1.74 -0.96 0.00108554
-1.74 -0.9 0.00124365
-1.74 -0.84 0.00140518
-1.74 -0.78 0.0015659
-1.74 -0.72 0.001721
-1.74 -0.66 0.00186544
-1.74 -0.6 0.00199425
-1.74 -0.54 0.00210263
-1.74 -0.48 0.00218644
-1.74 -0.42 0.00224233
-1.74 -0.36 0.00226802
-1.74 -0.3 0.0022625
-1.74 -0.24 0.00222596
-1.74 -0.18 0.00215992
-1.74 -0.12 0.00206703
-1.74 -0.06 0.00195093
-1.74 9.71445e-15 0.00181604
-1.74 0.06 0.00166725
-1.74 0.12 0.00150961
-1.74 0.18 0.00134808
-1.74 0.24 0.00118728
-1.74 0.3 0.0010313
-1.74 0.36 0.0008835
-1.74 0.42 0.000746471
-1.74 0.48 0.000622029
-1.74 0.54 0.000511208
-1.74 0.6 0.000414355
-1.74 0.66 0.000331234
-1.74 0.72 0.000261149
-1.74 0.78 0.000203063
-1.74 0.84 0.000155726
-1.74 0.9 0.000117783
-1.74 0.96 8.78603e-05
-1.74 1.02 6.46385e-05
-1.74 1.08 4.69003e-05
-1.74 1.14 3.35623e-05
-1.74 1.2 2.36874e-05
-1.74 1.26 1.64883e-05
-1.68 -1.5 0.000237649
-1.68 -1.44 0.000308379
-1.68 -1.38 0.000394659
-1.68 -1.32 0.000498139
-1.68 -1.26 0.00062011
-1.68 -1.2 0.000761326
-1.68 -1.14 0.000921864
-1.68 -1.08 0.0011009
-1.68 -1.02 0.00129665
-1.68 -0.96 0.00150619
-1.68 -0.9 0.00172557
-1.68 -0.84 0.00194971
-1.68 -0.78 0.0021727
-1.68 -0.72 0.0023879
-1.68 -0.66 0.00258833
-1.68 -0.6 0.00276704
-1.68 -0.54 0.00291743
-1.68 -0.48 0.0030337
-1.68 -0.42 0.00311124
-1.68 -0.36 0.00314693
-1.68 -0.3 0.00313925
-1.68 -0.24 0.00308857
-1.68 -0.18 0.0029969
-1.68 -0.12 0.00286801
-1.68 -0.06 0.00270693
-1.68 9.71445e-15 0.00251976
-1.68 0.06 0.00231332
-1.68 0.12 0.0020946
-1.68 0.18 0.00187048
-1.68 0.24 0.00164736
-1.68 0.3 0.00143094
-1.68 0.36 0.00122586
-1.68 0.42 0.00103574
-1.68 0.48 0.000863079
-1.68 0.54 0.000709306
-1.68 0.6 0.000574926
-1.68 0.66 0.000459593
-1.68 0.72 0.000362346
-1.68 0.78 0.000281754
-1.68 0.84 0.000216073
-1.68 0.9 0.000163426
-1.68 0.96 0.000121906
-1.68 1.02 8.96864e-05
-1.68 1.08 6.50753e-05
-1.68 1.14 4.65682e-05
-1.68 1.2 3.28667e-05
-1.68 1.26 2.28776e-05
-1.68 1.32 1.57056e-05
-1.62 -1.56 0.000247174
-1.62 -1.5 0.000325207
-1.62 -1.44 0.000421998
-1.62 -1.38 0.000540065
-1.62 -1.32 0.000681674
-1.62 -1.26 0.000848583
-1.62 -1.2 0.00104183
-1.62 -1.14 0.00126151
-1.62 -1.08 0.00150652
-1.62 -1.02 0.00177439
-1.62 -0.96 0.00206114
-1.62 -0.9 0.00236133
-1.62 -0.84 0.00266806
-1.62 -0.78 0.00297321
-1.62 -0.72 0.00326769
-1.62 -0.66 0.00354199
-1.62 -0.6 0.00378653
-1.62 -0.54 0.00399234
-1.62 -0.48 0.00415144
-1.62 -0.42 0.00425755
-1.62 -0.36 0.0043064
-1.62 -0.3 0.00429587
-1.62 -0.24 0.00422653
-1.62 -0.18 0.00410109
-1.62 -0.12 0.00392468
-1.62 -0.06 0.00370428
-1.62 9.71445e-15 0.00344815
-1.62 0.06 0.00316565
-1.62 0.12 0.00286633
-1.62 0.18 0.00255963
-1.62 0.24 0.00225433
-1.62 0.3 0.00195816
-1.62 0.36 0.00167751
-1.62 0.42 0.00141735
-1.62 0.48 0.00118107
-1.62 0.54 0.000970642
-1.62 0.6 0.000786753
-1.62 0.66 0.000628927
-1.62 0.72 0.000495849
-1.62 0.78 0.000385564
-1.62 0.84 0.000295684
-1.62 0.9 0.000223639
-1.62 0.96 0.000166822
-1.62 1.02 0.000122731
-1.62 1.08 8.90519e-05
-1.62 1.14 6.37259e-05
-1.62 1.2 4.49762e-05
-1.62 1.26 3.13066e-05
-1.62 1.32 2.14922e-05
-1.56 -1.62 0.000250062
-1.56 -1.56 0.000333594
-1.56 -1.5 0.00043891
-1.56 -1.44 0.000569543
-1.56 -1.38 0.00072889
-1.56 -1.32 0.000920009
-1.56 -1.26 0.00114527
-1.56 -1.2 0.00140608
-1.56 -1.14 0.00170258
-1.56 -1.08 0.00203324
-1.56 -1.02 0.00239477
-1.56 -0.96 0.00278178
-1.56 -0.9 0.00318693
-1.56 -0.84 0.0036009
-1.56 -0.78 0.00401274
-1.56 -0.72 0.00441018
-1.56 -0.66 0.00478037
-1.56 -0.6 0.00511043
-1.56 -0.54 0.00538818
-1.56 -0.48 0.00560291
-1.56 -0.42 0.00574612
-1.56 -0.36 0.00581204
-1.56 -0.3 0.00579783
-1.56 -0.24 0.00570425
-1.56 -0.18 0.00553494
-1.56 -0.12 0.00529688
-1.56 -0.06 0.00499941
-1.56 9.71445e-15 0.00465373
-1.56 0.06 0.00427245
-1.56 0.12 0.00386849
-1.56 0.18 0.00345457
-1.56 0.24 0.0030425
-1.56 0.3 0.00264279
-1.56 0.36 0.00226402
-1.56 0.42 0.00191291
-1.56 0.48 0.00159401
-1.56 0.54 0.00131001
-1.56 0.6 0.00106183
-1.56 0.66 0.00084882
-1.56 0.72 0.000669212
-1.56 0.78 0.000520369
-1.56 0.84 0.000399063
-1.56 0.9 0.00030183
-1.56 0.96 0.000225147
-1.56 1.02 0.000165641
-1.56 1.08 0.000120187
-1.56 1.14 8.60066e-05
-1.56 1.2 6.07013e-05
-1.56 1.26 4.22524e-05
-1.56 1.32 2.90066e-05
-1.56 1.38 1.96393e-05
-1.5 -1.62 0.000332851
-1.5 -1.56 0.000444038
-1.5 -1.5 0.000584227
-1.5 -1.44 0.000758109
-1.5 -1.38 0.000970216
-1.5 -1.32 0.0012246
-1.5 -1.26 0.00152445
-1.5 -1.2 0.00187161
-1.5 -1.14 0.00226628
-1.5 -1.08 0.0027064
-1.5 -1.02 0.00318762
-1.5 -0.96 0.00370276
-1.5 -0.9 0.00424208
-1.5 -0.84 0.00479309
-1.5 -0.78 0.00534129
-1.5 -0.72 0.00587031
-1.5 -0.66 0.006363
-1.5 -0.6 0.00680238
-1.5 -0.54 0.00717205
-1.5 -0.48 0.00745794
-1.5 -0.42 0.0076486
-1.5 -0.36 0.00773625
-1.5 -0.3 0.00771737
-1.5 -0.24 0.00759276
-1.5 -0.18 0.0073675
-1.5 -0.12 0.00705062
-1.5 -0.06 0.00665458
-1.5 9.71445e-15 0.00619449
-1.5 0.06 0.00568696
-1.5 0.12 0.00514929
-1.5 0.18 0.00459832
-1.5 0.24 0.00404982
-1.5 0.3 0.00351779
-1.5 0.36 0.00301361
-1.5 0.42 0.00254623
-1.5 0.48 0.00212175
-1.5 0.54 0.00174374
-1.5 0.6 0.00141337
-1.5 0.66 0.00112985
-1.5 0.72 0.000890778
-1.5 0.78 0.000692649
-1.5 0.84 0.000531181
-1.5 0.9 0.000401758
-1.5 0.96 0.000299691
-1.5 1.02 0.000220481
-1.5 1.08 0.000159978
-1.5 1.14 0.000114482
-1.5 1.2 8.07976e-05
-1.5 1.26 5.62415e-05
-1.5 1.32 3.86102e-05
-1.5 1.38 2.61415e-05
-1.44 -1.68 0.000323044
-1.44 -1.62 0.000436959
-1.44 -1.56 0.000582924
-1.44 -1.5 0.000766965
-1.44 -1.44 0.000995229
-1.44 -1.38 0.00127369
-1.44 -1.32 0.00160763
-1.44 -1.26 0.00200125
-1.44 -1.2 0.00245703
-1.44 -1.14 0.00297512
-1.44 -1.08 0.00355294
-1.44 -1.02 0.0041846
-1.44 -0.96 0.00486093
-1.44 -0.9 0.00556893
-1.44 -0.84 0.00629228
-1.44 -0.78 0.00701194
-1.44 -0.72 0.00770643
-1.44 -0.66 0.00835333
-1.44 -0.6 0.00893008
-1.44 -0.54 0.00941537
-1.44 -0.48 0.00979069
-1.44 -0.42 0.010041
-1.44 -0.36 0.010156
-1.44 -0.3 0.0101313
-1.44 -0.24 0.00996767
-1.44 -0.18 0.00967198
-1.44 -0.12 0.00925597
-1.44 -0.06 0.00873603
-1.44 9.71445e-15 0.0081321
-1.44 0.06 0.00746577
-1.44 0.12 0.0067599
-1.44 0.18 0.00603659
-1.44 0.24 0.00531659
-1.44 0.3 0.0046181
-1.44 0.36 0.00395625
-1.44 0.42 0.00334263
-1.44 0.48 0.00278537
-1.44 0.54 0.00228914
-1.44 0.6 0.00185543
-1.44 0.66 0.00148324
-1.44 0.72 0.00116941
-1.44 0.78 0.000909303
-1.44 0.84 0.000697329
-1.44 0.9 0.000527424
-1.44 0.96 0.000393433
-1.44 1.02 0.000289446
-1.44 1.08 0.000210015
-1.44 1.14 0.00015029
-1.44 1.2 0.00010607
-1.44 1.26 7.38329e-05
-1.44 1.32 5.06867e-05
-1.44 1.38 3.43183e-05
-1.38 -1.74 0.000304965
-1.38 -1.68 0.000418253
-1.38 -1.62 0.000565752
-1.38 -1.56 0.00075474
-1.38 -1.5 0.00099301
-1.38 -1.44 0.00128855
-1.38 -1.38 0.00164907
-1.38 -1.32 0.00208147
-1.38 -1.26 0.00259111
-1.38 -1.2 0.00318119
-1.38 -1.14 0.00385196
-1.38 -1.08 0.0046001
-1.38 -1.02 0.00541803
-1.38 -0.96 0.00629364
-1.38 -0.9 0.0072102
-1.38 -0.84 0.00814684
-1.38 -0.78 0.00907852
-1.38 -0.72 0.00997784
-1.38 -0.66 0.0108154
-1.38 -0.6 0.0115621
-1.38 -0.54 0.0121906
-1.38 -0.48 0.0126763
-1.38 -0.42 0.0130003
-1.38 -0.36 0.0131495
-1.38 -0.3 0.0131175
-1.38 -0.24 0.0129056
-1.38 -0.18 0.0125226
-1.38 -0.12 0.011984
-1.38 -0.06 0.011311
-1.38 9.71445e-15 0.0105289
-1.38 0.06 0.00966629
-1.38 0.12 0.00875224
-1.38 0.18 0.00781574
-1.38 0.24 0.00688359
-1.38 0.3 0.00597918
-1.38 0.36 0.00512227
-1.38 0.42 0.00432784
-1.38 0.48 0.00360637
-1.38 0.54 0.00296383
-1.38 0.6 0.00240232
-1.38 0.66 0.0019204
-1.38 0.72 0.00151408
-1.38 0.78 0.0011773
-1.38 0.84 0.000902866
-1.38 0.9 0.000682873
-1.38 0.96 0.00050939
-1.38 1.02 0.000374755
-1.38 1.08 0.000271918
-1.38 1.14 0.000194586
-1.38 1.2 0.000137334
-1.38 1.26 9.55942e-05
-1.38 1.32 6.56251e-05
-1.38 1.38 4.44331e-05
-1.38 1.44 2.96704e-05
-1.32 -1.8 0.000280039
-1.32 -1.74 0.000389422
-1.32 -1.68 0.000534092
-1.32 -1.62 0.000722427
-1.32 -1.56 0.000963754
-1.32 -1.5 0.00126803
-1.32 -1.44 0.00164543
-1.32 -1.38 0.00210579
-1.32 -1.32 0.00265792
-1.32 -1.26 0.0033087
-1.32 -1.2 0.00406222
-1.32 -1.14 0.00491879
-1.32 -1.08 0.00587409
-1.32 -1.02 0.00691849
-1.32 -0.96 0.00803657
-1.32 -0.9 0.00920714
-1.32 -0.84 0.0104031
-1.32 -0.78 0.0115929
-1.32 -0.72 0.0127411
-1.32 -0.66 0.0138105
-1.32 -0.6 0.0147641
-1.32 -0.54 0.0155664
-1.32 -0.48 0.0161869
-1.32 -0.42 0.0166008
-1.32 -0.36 0.0167911
-1.32 -0.3 0.0167501
-1.32 -0.24 0.0164796
-1.32 -0.18 0.0159907
-1.32 -0.12 0.0153029
-1.32 -0.06 0.0144433
-1.32 9.71445e-15 0.0134447
-1.32 0.06 0.0123431
-1.32 0.12 0.0111762
-1.32 0.18 0.00998036
-1.32 0.24 0.00878988
-1.32 0.3 0.00763514
-1.32 0.36 0.00654085
-1.32 0.42 0.00552641
-1.32 0.48 0.0046051
-1.32 0.54 0.00378467
-1.32 0.6 0.00306761
-1.32 0.66 0.00245226
-1.32 0.72 0.00193338
-1.32 0.78 0.00150335
-1.32 0.84 0.00115289
-1.32 0.9 0.000871991
-1.32 0.96 0.000650461
-1.32 1.02 0.00047854
-1.32 1.08 0.000347219
-1.32 1.14 0.000248475
-1.32 1.2 0.000175365
-1.32 1.26 0.000122068
-1.32 1.32 8.38008e-05
-1.32 1.38 5.67384e-05
-1.32 1.44 3.7888e-05
-1.26 -1.8 0.000352675
-1.26 -1.74 0.000490434
-1.26 -1.68 0.00067262
-1.26 -1.62 0.000909823
-1.26 -1.56 0.00121375
-1.26 -1.5 0.00159693
-1.26 -1.44 0.00207221
-1.26 -1.38 0.00265199
-1.26 -1.32 0.00334736
-1.26 -1.26 0.00416694
-1.26 -1.2 0.00511587
-1.26 -1.14 0.00619461
-1.26 -1.08 0.00739771
-1.26 -1.02 0.0087131
-1.26 -0.96 0.0101212
-1.26 -0.9 0.0115952
-1.26 -0.84 0.0131015
-1.26 -0.78 0.0145998
-1.26 -0.72 0.0160461
-1.26 -0.66 0.017393
-1.26 -0.6 0.0185938
-1.26 -0.54 0.0196045
-1.26 -0.48 0.0203857
-1.26 -0.42 0.0209067
-1.26 -0.36 0.0211465
-1.26 -0.3 0.021095
-1.26 -0.24 0.0207543
-1.26 -0.18 0.0201383
-1.26 -0.12 0.0192723
-1.26 -0.06 0.01819
-1.26 9.71445e-15 0.0169322
-1.26 0.06 0.015545
-1.26 0.12 0.0140751
-1.26 0.18 0.012569
-1.26 0.24 0.0110699
-1.26 0.3 0.0096155
-1.26 0.36 0.00823744
-1.26 0.42 0.00695991
-1.26 0.48 0.00579964
-1.26 0.54 0.00476632
-1.26 0.6 0.00386334
-1.26 0.66 0.00308834
-1.26 0.72 0.00243489
-1.26 0.78 0.0018933
-1.26 0.84 0.00145196
-1.26 0.9 0.00109817
-1.26 0.96 0.000819183
-1.26 1.02 0.00060267
-1.26 1.08 0.00043729
-1.26 1.14 0.000312926
-1.26 1.2 0.000220857
-1.26 1.26 0.000153732
-1.26 1.32 0.000105536
-1.26 1.38 7.14556e-05
-1.26 1.44 4.77149e-05
-1.2 -1.86 0.000310677
-1.2 -1.8 0.000438051
-1.2 -1.74 0.000609158
-1.2 -1.68 0.000835456
-1.2 -1.62 0.00113007
-1.2 -1.56 0.00150755
-1.2 -1.5 0.00198352
-1.2 -1.44 0.00257386
-1.2 -1.38 0.00329401
-1.2 -1.32 0.00415764
-1.2 -1.26 0.00517565
-1.2 -1.2 0.00635438
-1.2 -1.14 0.00769422
-1.2 -1.08 0.00918862
-1.2 -1.02 0.0108223
-1.2 -0.96 0.0125713
-1.2 -0.9 0.0144023
-1.2 -0.84 0.0162731
-1.2 -0.78 0.0181342
-1.2 -0.72 0.0199304
-1.2 -0.66 0.0216034
-1.2 -0.6 0.0230949
-1.2 -0.54 0.0243501
-1.2 -0.48 0.0253206
-1.2 -0.42 0.025968
-1.2 -0.36 0.0262656
-1.2 -0.3 0.0262017
-1.2 -0.24 0.0257785
-1.2 -0.18 0.0250137
-1.2 -0.12 0.0239377
-1.2 -0.06 0.0225932
-1.2 9.71445e-15 0.0210312
-1.2 0.06 0.019308
-1.2 0.12 0.0174824
-1.2 0.18 0.0156118
-1.2 0.24 0.0137498
-1.2 0.3 0.0119433
-1.2 0.36 0.0102316
-1.2 0.42 0.00864467
-1.2 0.48 0.00720356
-1.2 0.54 0.00592019
-1.2 0.6 0.00479853
-1.2 0.66 0.00383594
-1.2 0.72 0.00302433
-1.2 0.78 0.00235164
-1.2 0.84 0.00180344
-1.2 0.9 0.00136403
-1.2 0.96 0.0010175
-1.2 1.02 0.000748562
-1.2 1.08 0.000543143
-1.2 1.14 0.000388679
-1.2 1.2 0.00027432
-1.2 1.26 0.000190946
-1.2 1.32 0.000131086
-1.2 1.38 8.87537e-05
-1.2 1.44 5.92665e-05
-1.14 -1.86 0.000380583
-1.14 -1.8 0.000536619
-1.14 -1.74 0.000746219
-1.14 -1.68 0.00102344
-1.14 -1.62 0.00138434
-1.14 -1.56 0.00184677
-1.14 -1.5 0.00242982
-1.14 -1.44 0.00315301
-1.14 -1.38 0.00403517
-1.14 -1.32 0.00509317
-1.14 -1.26 0.00634021
-1.14 -1.2 0.00778415
-1.14 -1.14 0.00942551
-1.14 -1.08 0.0112561
-1.14 -1.02 0.0132574
-1.14 -0.96 0.0153999
-1.14 -0.9 0.017643
-1.14 -0.84 0.0199347
-1.14 -0.78 0.0222146
-1.14 -0.72 0.0244148
-1.14 -0.66 0.0264641
-1.14 -0.6 0.0282915
-1.14 -0.54 0.0298288
-1.14 -0.48 0.0310178
-1.14 -0.42 0.0318109
-1.14 -0.36 0.0321756
-1.14 -0.3 0.032097
-1.14 -0.24 0.0315788
-1.14 -0.18 0.0306418
-1.14 -0.12 0.0293238
-1.14 -0.06 0.0276765
-1.14 9.71445e-15 0.0257633
-1.14 0.06 0.0236522
-1.14 0.12 0.0214161
-1.14 0.18 0.0191247
-1.14 0.24 0.0168435
-1.14 0.3 0.0146307
-1.14 0.36 0.0125338
-1.14 0.42 0.0105899
-1.14 0.48 0.0088244
-1.14 0.54 0.00725229
-1.14 0.6 0.00587823
-1.14 0.66 0.00469909
-1.14 0.72 0.0037048
-1.14 0.78 0.00288077
-1.14 0.84 0.00220921
-1.14 0.9 0.00167094
-1.14 0.96 0.00124643
-1.14 1.02 0.000916992
-1.14 1.08 0.000665351
-1.14 1.14 0.000476136
-1.14 1.2 0.000336041
-1.14 1.26 0.00023391
-1.14 1.32 0.000160581
-1.14 1.38 0.000108724
-1.14 1.44 7.2602e-05
-1.14 1.5 4.78141e-05
-1.08 -1.92 0.000321622
-1.08 -1.86 0.000459809
-1.08 -1.8 0.000648326
-1.08 -1.74 0.000901559
-1.08 -1.68 0.00123649
-1.08 -1.62 0.00167251
-1.08 -1.56 0.00223122
-1.08 -1.5 0.00293562
-1.08 -1.44 0.00380937
-1.08 -1.38 0.00487514
-1.08 -1.32 0.00615343
-1.08 -1.26 0.00766005
-1.08 -1.2 0.00940452
-1.08 -1.14 0.0113876
-1.08 -1.08 0.0135992
-1.08 -1.02 0.0160172
-1.08 -0.96 0.0186058
-1.08 -0.9 0.0213156
-1.08 -0.84 0.0240845
-1.08 -0.78 0.026839
-1.08 -0.72 0.029497
-1.08 -0.66 0.0319731
-1.08 -0.6 0.0341809
-1.08 -0.54 0.0360383
-1.08 -0.48 0.0374748
-1.08 -0.42 0.0384328
-1.08 -0.36 0.0388735
-1.08 -0.3 0.0387783
-1.08 -0.24 0.0381524
-1.08 -0.18 0.0370203
-1.08 -0.12 0.035428
-1.08 -0.06 0.0334381
-1.08 9.71445e-15 0.0311264
-1.08 0.06 0.0285759
-1.08 0.12 0.0258741
-1.08 0.18 0.0231058
-1.08 0.24 0.0203498
-1.08 0.3 0.0176763
-1.08 0.36 0.0151428
-1.08 0.42 0.0127944
-1.08 0.48 0.0106614
-1.08 0.54 0.00876198
-1.08 0.6 0.00710192
-1.08 0.66 0.0056773
-1.08 0.72 0.00447601
-1.08 0.78 0.00348044
-1.08 0.84 0.0026691
-1.08 0.9 0.00201876
-1.08 0.96 0.00150589
-1.08 1.02 0.00110789
-1.08 1.08 0.000803859
-1.08 1.14 0.000575253
-1.08 1.2 0.000405994
-1.08 1.26 0.000282602
-1.08 1.32 0.000194009
-1.08 1.38 0.000131357
-1.08 1.44 8.77152e-05
-1.08 1.5 5.77674e-05
-1.02 -1.92 0.000383233
-1.02 -1.86 0.00054789
-1.02 -1.8 0.000772519
-1.02 -1.74 0.00107426
-1.02 -1.68 0.00147335
-1.02 -1.62 0.0019929
-1.02 -1.56 0.00265863
-1.02 -1.5 0.00349797
-1.02 -1.44 0.00453909
-1.02 -1.38 0.00580902
-1.02 -1.32 0.00733218
-1.02 -1.26 0.00912741
-1.02 -1.2 0.0112061
-1.02 -1.14 0.013569
-1.02 -1.08 0.0162043
-1.02 -1.02 0.0190854
-1.02 -0.96 0.0221699
-1.02 -0.9 0.0253988
-1.02 -0.84 0.0286982
-1.02 -0.78 0.0319802
-1.02 -0.72 0.0351475
-1.02 -0.66 0.0380979
-1.02 -0.6 0.0407287
-1.02 -0.54 0.0429418
-1.02 -0.48 0.0446535
-1.02 -0.42 0.0457949
-1.02 -0.36 0.0463201
-1.02 -0.3 0.0462068
-1.02 -0.24 0.045461
-1.02 -0.18 0.0441119
-1.02 -0.12 0.0422146
-1.02 -0.06 0.0398435
-1.02 9.71445e-15 0.037089
-1.02 0.06 0.0340499
-1.02 0.12 0.0308306
-1.02 0.18 0.0275319
-1.02 0.24 0.024248
-1.02 0.3 0.0210623
-1.02 0.36 0.0180436
-1.02 0.42 0.0152453
-1.02 0.48 0.0127037
-1.02 0.54 0.0104404
-1.02 0.6 0.00846236
-1.02 0.66 0.00676485
-1.02 0.72 0.00533345
-1.02 0.78 0.00414715
-1.02 0.84 0.00318039
-1.02 0.9 0.00240548
-1.02 0.96 0.00179436
-1.02 1.02 0.00132011
-1.02 1.08 0.000957846
-1.02 1.14 0.000685449
-1.02 1.2 0.000483766
-1.02 1.26 0.000336737
-1.02 1.32 0.000231173
-1.02 1.38 0.00015652
-1.02 1.44 0.000104518
-1.02 1.5 6.88334e-05
-0.96 -1.98 0.000310695
-0.96 -1.92 0.000450369
-0.96 -1.86 0.000643871
-0.96 -1.8 0.00090785
-0.96 -1.74 0.00126245
-0.96 -1.68 0.00173146
-0.96 -1.62 0.00234203
-0.96 -1.56 0.00312436
-0.96 -1.5 0.00411076
-0.96 -1.44 0.00533425
-0.96 -1.38 0.00682667
-0.96 -1.32 0.00861662
-0.96 -1.26 0.0107263
-0.96 -1.2 0.0131692
-0.96 -1.14 0.015946
-0.96 -1.08 0.0190431
-0.96 -1.02 0.0224288
-0.96 -0.96 0.0260536
-0.96 -0.9 0.0298483
-0.96 -0.84 0.0337255
-0.96 -0.78 0.0375826
-0.96 -0.72 0.0413046
-0.96 -0.66 0.0447721
-0.96 -0.6 0.0478635
-0.96 -0.54 0.0504645
-0.96 -0.48 0.0524758
-0.96 -0.42 0.0538175
-0.96 -0.36 0.0544347
-0.96 -0.3 0.0543014
-0.96 -0.24 0.053425
-0.96 -0.18 0.0518397
-0.96 -0.12 0.0496097
-0.96 -0.06 0.0468232
-0.96 9.71445e-15 0.0435863
-0.96 0.06 0.0400147
-0.96 0.12 0.0362315
-0.96 0.18 0.032355
-0.96 0.24 0.0284958
-0.96 0.3 0.0247521
-0.96 0.36 0.0212045
-0.96 0.42 0.0179159
-0.96 0.48 0.0149291
-0.96 0.54 0.0122694
-0.96 0.6 0.00994477
-0.96 0.66 0.00794991
-0.96 0.72 0.00626776
-0.96 0.78 0.00487368
-0.96 0.84 0.00373755
-0.96 0.9 0.00282689
-0.96 0.96 0.0021087
-0.96 1.02 0.00155137
-0.96 1.08 0.00112564
-0.96 1.14 0.000805526
-0.96 1.2 0.000568515
-0.96 1.26 0.000395727
-0.96 1.32 0.000271671
-0.96 1.38 0.000183939
-0.96 1.44 0.000122828
-0.96 1.5 8.08915e-05
-0.9 -1.98 0.000360106
-0.9 -1.92 0.000521995
-0.9 -1.86 0.000746261
-0.9 -1.8 0.00105222
-0.9 -1.74 0.00146323
-0.9 -1.68 0.0020068
-0.9 -1.62 0.00271448
-0.9 -1.56 0.0036212
-0.9 -1.5 0.00476448
-0.9 -1.44 0.00618252
-0.9 -1.38 0.00791231
-0.9 -1.32 0.0099868
-0.9 -1.26 0.0124322
-0.9 -1.2 0.0152635
-0.9 -1.14 0.0184818
-0.9 -1.08 0.0220715
-0.9 -1.02 0.0259957
-0.9 -0.96 0.0301965
-0.9 -0.9 0.0345949
-0.9 -0.84 0.0390885
-0.9 -0.78 0.0435591
-0.9 -0.72 0.0478735
-0.9 -0.66 0.0518921
-0.9 -0.6 0.0554746
-0.9 -0.54 0.0584898
-0.9 -0.48 0.0608207
-0.9 -0.42 0.0623762
-0.9 -0.36 0.0630913
-0.9 -0.3 0.0629374
-0.9 -0.24 0.0619211
-0.9 -0.18 0.0600838
-0.9 -0.12 0.0574991
-0.9 -0.06 0.0542697
-0.9 9.71445e-15 0.0505175
-0.9 0.06 0.0463786
-0.9 0.12 0.0419932
-0.9 0.18 0.0375003
-0.9 0.24 0.0330273
-0.9 0.3 0.0286884
-0.9 0.36 0.0245767
-0.9 0.42 0.0207648
-0.9 0.48 0.0173033
-0.9 0.54 0.0142206
-0.9 0.6 0.0115263
-0.9 0.66 0.00921409
-0.9 0.72 0.00726454
-0.9 0.78 0.00564875
-0.9 0.84 0.00433191
-0.9 0.9 0.00327645
-0.9 0.96 0.00244406
-0.9 1.02 0.00179806
-0.9 1.08 0.00130465
-0.9 1.14 0.000933621
-0.9 1.2 0.000658925
-0.9 1.26 0.000458659
-0.9 1.32 0.000314873
-0.9 1.38 0.000213189
-0.9 1.44 0.000142361
-0.9 1.5 9.37555e-05
-0.84 -2.04 0.000280069
-0.84 -1.98 0.000411633
-0.84 -1.92 0.000596691
-0.84 -1.86 0.000853044
-0.84 -1.8 0.00120278
-0.84 -1.74 0.0016726
-0.84 -1.68 0.00229395
-0.84 -1.62 0.00310289
-0.84 -1.56 0.00413943
-0.84 -1.5 0.00544629
-0.84 -1.44 0.00706716
-0.84 -1.38 0.00904456
-0.84 -1.32 0.011416
-0.84 -1.26 0.0142111
-0.84 -1.2 0.0174475
-0.84 -1.14 0.0211266
-0.84 -1.08 0.0252296
-0.84 -1.02 0.0297155
-0.84 -0.96 0.0345181
-0.84 -0.9 0.0395453
-0.84 -0.84 0.0446821
-0.84 -0.78 0.0497923
-0.84 -0.72 0.0547245
-0.84 -0.66 0.059318
-0.84 -0.6 0.0634133
-0.84 -0.54 0.06686
-0.84 -0.48 0.0695248
-0.84 -0.42 0.0713014
-0.84 -0.36 0.0721187
-0.84 -0.3 0.0719437
-0.84 -0.24 0.0707811
-0.84 -0.18 0.068681
-0.84 -0.12 0.0657275
-0.84 -0.06 0.062036
-0.84 9.71445e-15 0.0577465
-0.84 0.06 0.0530156
-0.84 0.12 0.0480027
-0.84 0.18 0.042866
-0.84 0.24 0.0377534
-0.84 0.3 0.0327932
-0.84 0.36 0.0280935
-0.84 0.42 0.0237364
-0.84 0.48 0.0197793
-0.84 0.54 0.0162552
-0.84 0.6 0.0131757
-0.84 0.66 0.0105326
-0.84 0.72 0.00830405
-0.84 0.78 0.00645703
-0.84 0.84 0.00495182
-0.84 0.9 0.00374527
-0.84 0.96 0.00279378
-0.84 1.02 0.00205538
-0.84 1.08 0.00149135
-0.84 1.14 0.00106722
-0.84 1.2 0.00075322
-0.84 1.26 0.000524297
-0.84 1.32 0.000359929
-0.84 1.38 0.000243697
-0.84 1.44 0.000162731
-0.84 1.5 0.000107172
-0.78 -2.04 0.000315743
-0.78 -1.98 0.000464069
-0.78 -1.92 0.000672696
-0.78 -1.86 0.00096172
-0.78 -1.8 0.00135601
-0.78 -1.74 0.00188566
-0.78 -1.68 0.00258619
-0.78 -1.62 0.00349817
-0.78 -1.56 0.00466672
-0.78 -1.5 0.00614002
-0.78 -1.44 0.00796751
-0.78 -1.38 0.0101967
-0.78 -1.32 0.0128703
-0.78 -1.26 0.0160214
-0.78 -1.2 0.0196701
-0.78 -1.14 0.0238177
-0.78 -1.08 0.0284436
-0.78 -1.02 0.0335007
-0.78 -0.96 0.0389151
-0.78 -0.9 0.0445828
-0.78 -0.84 0.0503742
-0.78 -0.78 0.0561352
-0.78 -0.72 0.0616948
-0.78 -0.66 0.0668741
-0.78 -0.6 0.0714915
-0.78 -0.54 0.0753766
-0.78 -0.48 0.0783808
-0.78 -0.42 0.0803844
-0.78 -0.36 0.0813064
-0.78 -0.3 0.0811077
-0.78 -0.24 0.0797984
-0.78 -0.18 0.0774302
-0.78 -0.12 0.0740999
-0.78 -0.06 0.0699377
-0.78 9.71445e-15 0.0651029
-0.78 0.06 0.0597683
-0.78 0.12 0.054117
-0.78 0.18 0.0483271
-0.78 0.24 0.0425629
-0.78 0.3 0.036971
-0.78 0.36 0.0316723
-0.78 0.42 0.0267602
-0.78 0.48 0.0222989
-0.78 0.54 0.0183262
-0.78 0.6 0.014854
-0.78 0.66 0.0118744
-0.78 0.72 0.00936189
-0.78 0.78 0.00727956
-0.78 0.84 0.0055826
-0.78 0.9 0.00422238
-0.78 0.96 0.00314967
-0.78 1.02 0.00231721
-0.78 1.08 0.00168132
-0.78 1.14 0.00120318
-0.78 1.2 0.000849165
-0.78 1.26 0.000591078
-0.78 1.32 0.000405781
-0.78 1.38 0.000274742
-0.78 1.44 0.000183461
-0.78 1.5 0.000120824
-0.72 -2.04 0.000351073
-0.72 -1.98 0.000515994
-0.72 -1.92 0.000747967
-0.72 -1.86 0.00106931
-0.72 -1.8 0.00150772
-0.72 -1.74 0.00209666
-0.72 -1.68 0.00287553
-0.72 -1.62 0.00388956
-0.72 -1.56 0.00518887
-0.72 -1.5 0.00682706
-0.72 -1.44 0.00885889
-0.72 -1.38 0.0113376
-0.72 -1.32 0.0143102
-0.72 -1.26 0.0178141
-0.72 -1.2 0.0218709
-0.72 -1.14 0.0264828
-0.72 -1.08 0.031626
-0.72 -1.02 0.0372492
-0.72 -0.96 0.0432692
-0.72 -0.9 0.0495711
-0.72 -0.84 0.05601
-0.72 -0.78 0.062416
-0.72 -0.72 0.0685986
-0.72 -0.66 0.0743565
-0.72 -0.6 0.07949
-0.72 -0.54 0.0838105
-0.72 -0.48 0.087151
-0.72 -0.42 0.0893782
-0.72 -0.36 0.0904028
-0.72 -0.3 0.0901832
-0.72 -0.24 0.0887261
-0.72 -0.18 0.0860935
-0.72 -0.12 0.082391
-0.72 -0.06 0.0777636
-0.72 9.71445e-15 0.0723866
-0.72 0.06 0.0664563
-0.72 0.12 0.0601727
-0.72 0.18 0.0537338
-0.72 0.24 0.0473248
-0.72 0.3 0.0411073
-0.72 0.36 0.0352159
-0.72 0.42 0.0297541
-0.72 0.48 0.0247939
-0.72 0.54 0.0203764
-0.72 0.6 0.0165161
-0.72 0.66 0.0132029
-0.72 0.72 0.0104093
-0.72 0.78 0.00809407
-0.72 0.84 0.00620722
-0.72 0.9 0.00469481
-0.72 0.96 0.00350208
-0.72 1.02 0.00257647
-0.72 1.08 0.00186944
-0.72 1.14 0.00133778
-0.72 1.2 0.00094418
-0.72 1.26 0.000657219
-0.72 1.32 0.000451181
-0.72 1.38 0.000305479
-0.72 1.44 0.000203988
-0.72 1.5 0.000134343
-0.66 -2.1 0.000258339
-0.66 -2.04 0.000384987
-0.66 -1.98 0.000565843
-0.66 -1.92 0.000820219
-0.66 -1.86 0.00117263
-0.66 -1.8 0.00165338
-0.66 -1.74 0.00229921
-0.66 -1.68 0.00315334
-0.66 -1.62 0.00426534
-0.66 -1.56 0.00569011
-0.66 -1.5 0.00748652
-0.66 -1.44 0.00971478
-0.66 -1.38 0.0124328
-0.66 -1.32 0.0156926
-0.66 -1.26 0.019535
-0.66 -1.2 0.0239839
-0.66 -1.14 0.0290409
-0.66 -1.08 0.0346815
-0.66 -1.02 0.0408478
-0.66 -0.96 0.0474488
-0.66 -0.9 0.0543598
-0.66 -0.84 0.0614211
-0.66 -0.78 0.0684455
-0.66 -0.72 0.0752244
-0.66 -0.66 0.0815397
-0.66 -0.6 0.0871693
-0.66 -0.54 0.091907
-0.66 -0.48 0.0955691
-0.66 -0.42 0.098013
-0.66 -0.36 0.0991373
-0.66 -0.3 0.0988947
-0.66 -0.24 0.0972985
-0.66 -0.18 0.094411
-0.66 -0.12 0.0903494
-0.66 -0.06 0.0852755
-0.66 9.71445e-15 0.0793798
-0.66 0.06 0.0728757
-0.66 0.12 0.0659849
-0.66 0.18 0.0589252
-0.66 0.24 0.0518969
-0.66 0.3 0.0450789
-0.66 0.36 0.0386178
-0.66 0.42 0.0326285
-0.66 0.48 0.0271892
-0.66 0.54 0.0223452
-0.66 0.6 0.0181116
-0.66 0.66 0.0144784
-0.66 0.72 0.0114149
-0.66 0.78 0.00887602
-0.66 0.84 0.00680689
-0.66 0.9 0.00514837
-0.66 0.96 0.00384039
-0.66 1.02 0.00282536
-0.66 1.08 0.00205004
-0.66 1.14 0.00146703
-0.66 1.2 0.00103539
-0.66 1.26 0.000720698
-0.66 1.32 0.000494768
-0.66 1.38 0.000334991
-0.66 1.44 0.000223695
-0.66 1.5 0.00014732
-0.6 -2.1 0.0002794
-0.6 -2.04 0.000416376
-0.6 -1.98 0.000611971
-0.6 -1.92 0.000887096
-0.6 -1.86 0.00126823
-0.6 -1.8 0.00178818
-0.6 -1.74 0.00248663
-0.6 -1.68 0.00341043
-0.6 -1.62 0.00461306
-0.6 -1.56 0.00615407
-0.6 -1.5 0.00809697
-0.6 -1.44 0.0105068
-0.6 -1.38 0.0134465
-0.6 -1.32 0.0169722
-0.6 -1.26 0.0211276
-0.6 -1.2 0.0259391
-0.6 -1.14 0.0314086
-0.6 -1.08 0.0375088
-0.6 -1.02 0.0441778
-0.6 -0.96 0.0513179
-0.6 -0.9 0.0587918
-0.6 -0.84 0.0664292
-0.6 -0.78 0.0740258
-0.6 -0.72 0.0813582
-0.6 -0.66 0.0881878
-0.6 -0.6 0.094277
-0.6 -0.54 0.0994
-0.6 -0.48 0.103362
-0.6 -0.42 0.106004
-0.6 -0.36 0.10722
-0.6 -0.3 0.106958
-0.6 -0.24 0.105231
-0.6 -0.18 0.102108
-0.6 -0.12 0.0977169
-0.6 -0.06 0.092228
-0.6 9.71445e-15 0.0858523
-0.6 0.06 0.0788173
-0.6 0.12 0.0713652
-0.6 0.18 0.0637293
-0.6 0.24 0.0561283
-0.6 0.3 0.0487539
-0.6 0.36 0.0417668
-0.6 0.42 0.035289
-0.6 0.48 0.0294057
-0.6 0.54 0.0241669
-0.6 0.6 0.0195882
-0.6 0.66 0.0156589
-0.6 0.72 0.0123457
-0.6 0.78 0.00959959
-0.6 0.84 0.00736185
-0.6 0.9 0.00556807
-0.6 0.96 0.00415353
-0.6 1.02 0.00305574
-0.6 1.08 0.00221717
-0.6 1.14 0.00158665
-0.6 1.2 0.00111981
-0.6 1.26 0.000779466
-0.6 1.32 0.000535106
-0.6 1.38 0.000362306
-0.6 1.44 0.000241932
-0.6 1.5 0.000159333
-0.54 -2.1 0.000298024
-0.54 -2.04 0.000444132
-0.54 -1.98 0.000652766
-0.54 -1.92 0.000946231
-0.54 -1.86 0.00135277
-0.54 -1.8 0.00190738
-0.54 -1.74 0.00265241
-0.54 -1.68 0.00363777
-0.54 -1.62 0.00492056
-0.54 -1.56 0.00656434
-0.54 -1.5 0.00863679
-0.54 -1.44 0.0112072
-0.54 -1.38 0.014343
-0.54 -1.32 0.0181036
-0.54 -1.26 0.022536
-0.54 -1.2 0.0276684
-0.54 -1.14 0.0335027
-0.54 -1.08 0.0400092
-0.54 -1.02 0.0471229
-0.54 -0.96 0.0547391
-0.54 -0.9 0.0627115
-0.54 -0.84 0.0708576
-0.54 -0.78 0.0789611
-0.54 -0.72 0.0867824
-0.54 -0.66 0.0940664
-0.54 -0.6 0.100562
-0.54 -0.54 0.106026
-0.54 -0.48 0.110253
-0.54 -0.42 0.113071
-0.54 -0.36 0.114366
-0.54 -0.3 0.114088
-0.54 -0.24 0.112245
-0.54 -0.18 0.108915
-0.54 -0.12 0.104231
-0.54 -0.06 0.0983768
-0.54 9.71445e-15 0.0915755
-0.54 0.06 0.084072
-0.54 0.12 0.0761231
-0.54 0.18 0.0679775
-0.54 0.24 0.05987
-0.54 0.3 0.052004
-0.54 0.36 0.0445512
-0.54 0.42 0.0376415
-0.54 0.48 0.0313661
-0.54 0.54 0.0257779
-0.54 0.6 0.020894
-0.54 0.66 0.0167028
-0.54 0.72 0.0131687
-0.54 0.78 0.0102395
-0.54 0.84 0.00785258
-0.54 0.9 0.00593925
-0.54 0.96 0.00443042
-0.54 1.02 0.00325945
-0.54 1.08 0.00236499
-0.54 1.14 0.00169242
-0.54 1.2 0.00119446
-0.54 1.26 0.000831433
-0.54 1.32 0.000570779
-0.54 1.38 0.000386458
-0.54 1.44 0.000258061
-0.54 1.5 0.000169955
-0.48 -2.16 0.000207493
-0.48 -2.1 0.000313522
-0.48 -2.04 0.000467229
-0.48 -1.98 0.000686714
-0.48 -1.92 0.000995438
-0.48 -1.86 0.00142312
-0.48 -1.8 0.00200658
-0.48 -1.74 0.00279035
-0.48 -1.68 0.00382696
-0.48 -1.62 0.00517644
-0.48 -1.56 0.0069057
-0.48 -1.5 0.00908593
-0.48 -1.44 0.01179
-0.48 -1.38 0.0150889
-0.48 -1.32 0.019045
-0.48 -1.26 0.023708
-0.48 -1.2 0.0291072
-0.48 -1.14 0.035245
-0.48 -1.08 0.0420899
-0.48 -1.02 0.0495734
-0.48 -0.96 0.0575857
-0.48 -0.9 0.0659728
-0.48 -0.84 0.0745423
-0.48 -0.78 0.0830675
-0.48 -0.72 0.0912954
-0.48 -0.66 0.098958
-0.48 -0.6 0.105791
-0.48 -0.54 0.11154
-0.48 -0.48 0.115987
-0.48 -0.42 0.118951
-0.48 -0.36 0.120313
-0.48 -0.3 0.120021
-0.48 -0.24 0.118082
-0.48 -0.18 0.114579
-0.48 -0.12 0.109652
-0.48 -0.06 0.103493
-0.48 9.71445e-15 0.0963376
-0.48 0.06 0.0884441
-0.48 0.12 0.0800819
-0.48 0.18 0.0715127
-0.48 0.24 0.0629833
-0.48 0.3 0.0547085
-0.48 0.36 0.046868
-0.48 0.42 0.0395989
-0.48 0.48 0.0329971
-0.48 0.54 0.0271184
-0.48 0.6 0.0219805
-0.48 0.66 0.0175714
-0.48 0.72 0.0138535
-0.48 0.78 0.010772
-0.48 0.84 0.00826094
-0.48 0.9 0.00624812
-0.48 0.96 0.00466082
-0.48 1.02 0.00342895
-0.48 1.08 0.00248797
-0.48 1.14 0.00178042
-0.48 1.2 0.00125657
-0.48 1.26 0.000874671
-0.48 1.32 0.000600463
-0.48 1.38 0.000406555
-0.48 1.44 0.000271481
-0.48 1.5 0.000178794
-0.42 -2.16 0.000215283
-0.42 -2.1 0.000325293
-0.42 -2.04 0.00048477
-0.42 -1.98 0.000712493
-0.42 -1.92 0.00103281
-0.42 -1.86 0.00147655
-0.42 -1.8 0.00208191
-0.42 -1.74 0.0028951
-0.42 -1.68 0.00397063
-0.42 -1.62 0.00537077
-0.42 -1.56 0.00716496
-0.42 -1.5 0.00942704
-0.42 -1.44 0.0122327
-0.42 -1.38 0.0156553
-0.42 -1.32 0.0197601
-0.42 -1.26 0.024598
-0.42 -1.2 0.0302
-0.42 -1.14 0.0365682
-0.42 -1.08 0.0436701
-0.42 -1.02 0.0514345
-0.42 -0.96 0.0597476
-0.42 -0.9 0.0684495
-0.42 -0.84 0.0773409
-0.42 -0.78 0.086186
-0.42 -0.72 0.0947228
-0.42 -0.66 0.102673
-0.42 -0.6 0.109763
-0.42 -0.54 0.115727
-0.42 -0.48 0.120341
-0.42 -0.42 0.123417
-0.42 -0.36 0.124831
-0.42 -0.3 0.124527
-0.42 -0.24 0.122515
-0.42 -0.18 0.118881
-0.42 -0.12 0.113768
-0.42 -0.06 0.107378
-0.42 9.71445e-15 0.0999545
-0.42 0.06 0.0917644
-0.42 0.12 0.0830883
-0.42 0.18 0.0741975
-0.42 0.24 0.065348
-0.42 0.3 0.0567624
-0.42 0.36 0.0486276
-0.42 0.42 0.0410856
-0.42 0.48 0.0342359
-0.42 0.54 0.0281365
-0.42 0.6 0.0228057
-0.42 0.66 0.0182311
-0.42 0.72 0.0143736
-0.42 0.78 0.0111765
-0.42 0.84 0.00857109
-0.42 0.9 0.0064827
-0.42 0.96 0.00483581
-0.42 1.02 0.00355769
-0.42 1.08 0.00258138
-0.42 1.14 0.00184727
-0.42 1.2 0.00130374
-0.42 1.26 0.000907508
-0.42 1.32 0.000623006
-0.42 1.38 0.000421818
-0.42 1.44 0.000281673
-0.42 1.5 0.000185506
-0.36 -2.16 0.000220294
-0.36 -2.1 0.000332869
-0.36 -2.04 0.000496059
-0.36 -1.98 0.000729083
-0.36 -1.92 0.00105686
-0.36 -1.86 0.00151093
-0.36 -1.8 0.00213038
-0.36 -1.74 0.0029625
-0.36 -1.68 0.00406307
-0.36 -1.62 0.00549587
-0.36 -1.56 0.00733175
-0.36 -1.5 0.00964649
-0.36 -1.44 0.0125175
-0.36 -1.38 0.0160198
-0.36 -1.32 0.0202201
-0.36 -1.26 0.0251707
-0.36 -1.2 0.0309031
-0.36 -1.14 0.0374193
-0.36 -1.08 0.0446867
-0.36 -1.02 0.052632
-0.36 -0.96 0.0611385
-0.36 -0.9 0.0700428
-0.36 -0.84 0.0791416
-0.36 -0.78 0.088192
-0.36 -0.72 0.0969275
-0.36 -0.66 0.105064
-0.36 -0.6 0.112319
-0.36 -0.54 0.118422
-0.36 -0.48 0.123142
-0.36 -0.42 0.12629
-0.36 -0.36 0.127738
-0.36 -0.3 0.127427
-0.36 -0.24 0.125369
-0.36 -0.18 0.121649
-0.36 -0.12 0.116417
-0.36 -0.06 0.109878
-0.36 9.71445e-15 0.102282
-0.36 0.06 0.0939009
-0.36 0.12 0.0850223
-0.36 0.18 0.075925
-0.36 0.24 0.0668696
-0.36 0.3 0.0580838
-0.36 0.36 0.0497597
-0.36 0.42 0.0420421
-0.36 0.48 0.0350331
-0.36 0.54 0.0287917
-0.36 0.6 0.0233367
-0.36 0.66 0.0186555
-0.36 0.72 0.0147083
-0.36 0.78 0.0114367
-0.36 0.84 0.0087707
-0.36 0.9 0.00663363
-0.36 0.96 0.0049484
-0.36 1.02 0.00364051
-0.36 1.08 0.00264148
-0.36 1.14 0.00189028
-0.36 1.2 0.00133411
-0.36 1.26 0.000928631
-0.36 1.32 0.000637507
-0.36 1.38 0.00043164
-0.36 1.44 0.00028823
-0.36 1.5 0.000189824
-0.3 -2.16 0.000222323
-0.3 -2.1 0.000335938
-0.3 -2.04 0.00050063
-0.3 -1.98 0.00073581
-0.3 -1.92 0.0010666
-0.3 -1.86 0.00152486
-0.3 -1.8 0.00215001
-0.3 -1.74 0.00298984
-0.3 -1.68 0.00410052
-0.3 -1.62 0.00554656
-0.3 -1.56 0.00739934
-0.3 -1.5 0.00973525
-0.3 -1.44 0.0126328
-0.3 -1.38 0.0161672
-0.3 -1.32 0.0204064
-0.3 -1.26 0.0254029
-0.3 -1.2 0.0311881
-0.3 -1.14 0.0377642
-0.3 -1.08 0.0450989
-0.3 -1.02 0.0531176
-0.3 -0.96 0.0617017
-0.3 -0.9 0.0706877
-0.3 -0.84 0.0798704
-0.3 -0.78 0.0890047
-0.3 -0.72 0.0978207
-0.3 -0.66 0.106033
-0.3 -0.6 0.113353
-0.3 -0.54 0.119514
-0.3 -0.48 0.124276
-0.3 -0.42 0.127453
-0.3 -0.36 0.128916
-0.3 -0.3 0.128601
-0.3 -0.24 0.126525
-0.3 -0.18 0.122769
-0.3 -0.12 0.117488
-0.3 -0.06 0.110891
-0.3 9.71445e-15 0.103224
-0.3 0.06 0.0947665
-0.3 0.12 0.085805
-0.3 0.18 0.0766247
-0.3 0.24 0.0674856
-0.3 0.3 0.0586193
-0.3 0.36 0.0502178
-0.3 0.42 0.0424294
-0.3 0.48 0.0353563
-0.3 0.54 0.0290571
-0.3 0.6 0.023552
-0.3 0.66 0.0188274
-0.3 0.72 0.0148438
-0.3 0.78 0.0115422
-0.3 0.84 0.00885155
-0.3 0.9 0.00669482
-0.3 0.96 0.00499396
-0.3 1.02 0.00367403
-0.3 1.08 0.00266584
-0.3 1.14 0.00190769
-0.3 1.2 0.0013464
-0.3 1.26 0.000937185
-0.3 1.32 0.000643382
-0.3 1.38 0.000435615
-0.3 1.44 0.000290886
-0.3 1.5 0.000191572
-0.24 -2.16 0.00022129
-0.24 -2.1 0.00033437
-0.24 -2.04 0.000498295
-0.24 -1.98 0.000732381
-0.24 -1.92 0.00106163
-0.24 -1.86 0.00151774
-0.24 -1.8 0.00214001
-0.24 -1.74 0.00297591
-0.24 -1.68 0.00408144
-0.24 -1.62 0.00552069
-0.24 -1.56 0.00736485
-0.24 -1.5 0.00969008
-0.24 -1.44 0.0125741
-0.24 -1.38 0.0160921
-0.24 -1.32 0.0203114
-0.24 -1.26 0.0252846
-0.24 -1.2 0.0310427
-0.24 -1.14 0.0375887
-0.24 -1.08 0.0448887
-0.24 -1.02 0.0528701
-0.24 -0.96 0.0614144
-0.24 -0.9 0.0703596
-0.24 -0.84 0.0794985
-0.24 -0.78 0.0885912
-0.24 -0.72 0.0973659
-0.24 -0.66 0.105538
-0.24 -0.6 0.112825
-0.24 -0.54 0.118956
-0.24 -0.48 0.123699
-0.24 -0.42 0.126861
-0.24 -0.36 0.128314
-0.24 -0.3 0.128001
-0.24 -0.24 0.125934
-0.24 -0.18 0.122198
-0.24 -0.12 0.116943
-0.24 -0.06 0.110374
-0.24 9.71445e-15 0.102743
-0.24 0.06 0.0943249
-0.24 0.12 0.0854068
-0.24 0.18 0.0762682
-0.24 0.24 0.0671709
-0.24 0.3 0.0583464
-0.24 0.36 0.0499842
-0.24 0.42 0.0422319
-0.24 0.48 0.0351915
-0.24 0.54 0.0289218
-0.24 0.6 0.0234423
-0.24 0.66 0.0187397
-0.24 0.72 0.0147746
-0.24 0.78 0.0114884
-0.24 0.84 0.00881021
-0.24 0.9 0.00666361
-0.24 0.96 0.00497072
-0.24 1.02 0.00365693
-0.24 1.08 0.0026534
-0.24 1.14 0.0018988
-0.24 1.2 0.00134012
-0.24 1.26 0.00093283
-0.24 1.32 0.000640392
-0.24 1.38 0.000433585
-0.24 1.44 0.000289534
-0.24 1.5 0.000190682
-0.18 -2.16 0.00021723
-0.18 -2.1 0.000328242
-0.18 -2.04 0.000489163
-0.18 -1.98 0.00071895
-0.18 -1.92 0.00104217
-0.18 -1.86 0.00148992
-0.18 -1.8 0.00210076
-0.18 -1.74 0.00292133
-0.18 -1.68 0.00400657
-0.18 -1.62 0.00541948
-0.18 -1.56 0.00722981
-0.18 -1.5 0.00951231
-0.18 -1.44 0.0123434
-0.18 -1.38 0.015797
-0.18 -1.32 0.0199389
-0.18 -1.26 0.0248209
-0.18 -1.2 0.0304734
-0.18 -1.14 0.0368987
-0.18 -1.08 0.0440655
-0.18 -1.02 0.0519006
-0.18 -0.96 0.0602881
-0.18 -0.9 0.0690686
-0.18 -0.84 0.078041
-0.18 -0.78 0.0869653
-0.18 -0.72 0.09558
-0.18 -0.66 0.103604
-0.18 -0.6 0.110757
-0.18 -0.54 0.116776
-0.18 -0.48 0.12143
-0.18 -0.42 0.124534
-0.18 -0.36 0.125962
-0.18 -0.3 0.125655
-0.18 -0.24 0.123626
-0.18 -0.18 0.119957
-0.18 -0.12 0.114798
-0.18 -0.06 0.108351
-0.18 9.71445e-15 0.100859
-0.18 0.06 0.0925957
-0.18 0.12 0.0838396
-0.18 0.18 0.0748693
-0.18 0.24 0.0659398
-0.18 0.3 0.0572763
-0.18 0.36 0.0490677
-0.18 0.42 0.0414574
-0.18 0.48 0.0345463
-0.18 0.54 0.0283914
-0.18 0.6 0.0230124
-0.18 0.66 0.0183961
-0.18 0.72 0.0145038
-0.18 0.78 0.0112777
-0.18 0.84 0.00864878
-0.18 0.9 0.00654142
-0.18 0.96 0.00487959
-0.18 1.02 0.00358988
-0.18 1.08 0.00260477
-0.18 1.14 0.001864
-0.18 1.2 0.00131556
-0.18 1.26 0.000915717
-0.18 1.32 0.000628642
-0.18 1.38 0.000425637
-0.18 1.44 0.000284222
-0.12 -2.16 0.000210318
-0.12 -2.1 0.000317792
-0.12 -2.04 0.000473586
-0.12 -1.98 0.000696063
-0.12 -1.92 0.00100899
-0.12 -1.86 0.00144249
-0.12 -1.8 0.0020339
-0.12 -1.74 0.00282834
-0.12 -1.68 0.00387907
-0.12 -1.62 0.00524692
-0.12 -1.56 0.00699965
-0.12 -1.5 0.0092096
-0.12 -1.44 0.0119506
-0.12 -1.38 0.0152942
-0.12 -1.32 0.0193042
-0.12 -1.26 0.0240308
-0.12 -1.2 0.0295036
-0.12 -1.14 0.0357248
-0.12 -1.08 0.042663
-0.12 -1.02 0.0502484
-0.12 -0.96 0.0583692
-0.12 -0.9 0.0668709
-0.12 -0.84 0.0755566
-0.12 -0.78 0.0841984
-0.12 -0.72 0.0925379
-0.12 -0.66 0.100305
-0.12 -0.6 0.107231
-0.12 -0.54 0.113058
-0.12 -0.48 0.117565
-0.12 -0.42 0.12057
-0.12 -0.36 0.121952
-0.12 -0.3 0.121655
-0.12 -0.24 0.11969
-0.12 -0.18 0.116139
-0.12 -0.12 0.111144
-0.12 -0.06 0.104901
-0.12 9.71445e-15 0.0976485
-0.12 0.06 0.0896476
-0.12 0.12 0.0811719
-0.12 0.18 0.0724865
-0.12 0.24 0.0638404
-0.12 0.3 0.0554534
-0.12 0.36 0.0475059
-0.12 0.42 0.0401378
-0.12 0.48 0.0334464
-0.12 0.54 0.0274877
-0.12 0.6 0.0222798
-0.12 0.66 0.0178105
-0.12 0.72 0.014042
-0.12 0.78 0.0109187
-0.12 0.84 0.00837334
-0.12 0.9 0.0063332
-0.12 0.96 0.00472426
-0.12 1.02 0.00347561
-0.12 1.08 0.00252182
-0.12 1.14 0.00180465
-0.12 1.2 0.00127367
-0.12 1.26 0.000886575
-0.12 1.32 0.000608639
-0.12 1.38 0.000412086
-0.12 1.44 0.000275178
-0.06 -2.22 0.000131078
-0.06 -2.16 0.000200822
-0.06 -2.1 0.000303448
-0.06 -2.04 0.000452212
-0.06 -1.98 0.000664648
-0.06 -1.92 0.000963443
-0.06 -1.86 0.00137738
-0.06 -1.8 0.00194209
-0.06 -1.74 0.00270069
-0.06 -1.68 0.00370395
-0.06 -1.62 0.00501014
-0.06 -1.56 0.00668376
-0.06 -1.5 0.00879378
-0.06 -1.44 0.0114111
-0.06 -1.38 0.0146037
-0.06 -1.32 0.0184329
-0.06 -1.26 0.0229462
-0.06 -1.2 0.0281717
-0.06 -1.14 0.0341121
-0.06 -1.08 0.0407371
-0.06 -1.02 0.0479806
-0.06 -0.96 0.0557347
-0.06 -0.9 0.0638518
-0.06 -0.84 0.0721463
-0.06 -0.78 0.0803974
-0.06 -0.72 0.0883604
-0.06 -0.66 0.0957779
-0.06 -0.6 0.102391
-0.06 -0.54 0.107956
-0.06 -0.48 0.112258
-0.06 -0.42 0.115126
-0.06 -0.36 0.116448
-0.06 -0.3 0.116163
-0.06 -0.24 0.114288
-0.06 -0.18 0.110896
-0.06 -0.12 0.106126
-0.06 -0.06 0.100166
-0.06 9.71445e-15 0.0932404
-0.06 0.06 0.0856013
-0.06 0.12 0.0775072
-0.06 0.18 0.0692142
-0.06 0.24 0.0609585
-0.06 0.3 0.0529499
-0.06 0.36 0.045361
-0.06 0.42 0.0383262
-0.06 0.48 0.031937
-0.06 0.54 0.0262468
-0.06 0.6 0.0212743
-0.06 0.66 0.0170066
-0.06 0.72 0.0134081
-0.06 0.78 0.0104259
-0.06 0.84 0.00799548
-0.06 0.9 0.00604734
-0.06 0.96 0.00451096
-0.06 1.02 0.00331873
-0.06 1.08 0.00240802
-0.06 1.14 0.00172319
-0.06 1.2 0.00121619
-0.06 1.26 0.00084655
-0.06 1.32 0.000581162
-0.06 1.38 0.000393485
-0.06 1.44 0.000262754
9.71445e-15 -2.22 0.000123442
9.71445e-15 -2.16 0.00018912
9.71445e-15 -2.1 0.000285768
9.71445e-15 -2.04 0.000425867
9.71445e-15 -1.98 0.000625921
9.71445e-15 -1.92 0.000907316
9.71445e-15 -1.86 0.00129713
9.71445e-15 -1.8 0.00182892
9.71445e-15 -1.74 0.00254332
9.71445e-15 -1.68 0.00348812
9.71445e-15 -1.62 0.00471822
9.71445e-15 -1.56 0.00629432
9.71445e-15 -1.5 0.00828143
9.71445e-15 -1.44 0.0107462
9.71445e-15 -1.38 0.0137528
9.71445e-15 -1.32 0.0173589
9.71445e-15 -1.26 0.0216092
9.71445e-15 -1.2 0.0265302
9.71445e-15 -1.14 0.0321243
9.71445e-15 -1.08 0.0383636
9.71445e-15 -1.02 0.0451849
9.71445e-15 -0.96 0.0524872
9.71445e-15 -0.9 0.0601311
9.71445e-15 -0.84 0.0679424
9.71445e-15 -0.78 0.0757123
9.71445e-15 -0.72 0.0832125
9.71445e-15 -0.66 0.0901979
9.71445e-15 -0.6 0.0964246
9.71445e-15 -0.54 0.101666
9.71445e-15 -0.48 0.105717
9.71445e-15 -0.42 0.108419
9.71445e-15 -0.36 0.109663
9.71445e-15 -0.3 0.109396
9.71445e-15 -0.24 0.107629
9.71445e-15 -0.18 0.104435
9.71445e-15 -0.12 0.099943
9.71445e-15 -0.06 0.0943306
9.71445e-15 9.71445e-15 0.0878083
9.71445e-15 0.06 0.0806142
9.71445e-15 0.12 0.0729913
9.71445e-15 0.18 0.0651812
9.71445e-15 0.24 0.0574073
9.71445e-15 0.3 0.0498648
9.71445e-15 0.36 0.0427184
9.71445e-15 0.42 0.036093
9.71445e-15 0.48 0.0300761
9.71445e-15 0.54 0.0247176
9.71445e-15 0.6 0.0200347
9.71445e-15 0.66 0.0160156
9.71445e-15 0.72 0.012627
9.71445e-15 0.78 0.00981838
9.71445e-15 0.84 0.00752966
9.71445e-15 0.9 0.00569498
9.71445e-15 0.96 0.00424818
9.71445e-15 1.02 0.00312536
9.71445e-15 1.08 0.00226772
9.71445e-15 1.14 0.00162279
9.71445e-15 1.2 0.00114533
9.71445e-15 1.26 0.000797229
9.71445e-15 1.32 0.000547295
9.71445e-15 1.38 0.00037056
9.71445e-15 1.44 0.000247443
0.06 -2.22 0.000114652
0.06 -2.16 0.000175654
0.06 -2.1 0.000265418
0.06 -2.04 0.000395542
0.06 -1.98 0.000581348
0.06 -1.92 0.000842708
0.06 -1.86 0.00120476
0.06 -1.8 0.00169868
0.06 -1.74 0.00236221
0.06 -1.68 0.00323973
0.06 -1.62 0.00438223
0.06 -1.56 0.0058461
0.06 -1.5 0.00769174
0.06 -1.44 0.00998096
0.06 -1.38 0.0127736
0.06 -1.32 0.0161227
0.06 -1.26 0.0200703
0.06 -1.2 0.0246411
0.06 -1.14 0.0298368
0.06 -1.08 0.0356318
0.06 -1.02 0.0419672
0.06 -0.96 0.0487496
0.06 -0.9 0.0558495
0.06 -0.84 0.0631044
0.06 -0.78 0.0703209
0.06 -0.72 0.0772871
0.06 -0.66 0.083775
0.06 -0.6 0.0895585
0.06 -0.54 0.0944264
0.06 -0.48 0.0981891
0.06 -0.42 0.100699
0.06 -0.36 0.101854
0.06 -0.3 0.101606
0.06 -0.24 0.0999648
0.06 -0.18 0.0969986
0.06 -0.12 0.0928263
0.06 -0.06 0.0876134
0.06 9.71445e-15 0.0815558
0.06 0.06 0.0748738
0.06 0.12 0.0677937
0.06 0.18 0.0605396
0.06 0.24 0.0533195
0.06 0.3 0.046314
0.06 0.36 0.0396766
0.06 0.42 0.0335228
0.06 0.48 0.0279344
0.06 0.54 0.0229574
0.06 0.6 0.018608
0.06 0.66 0.0148752
0.06 0.72 0.0117279
0.06 0.78 0.00911926
0.06 0.84 0.00699348
0.06 0.9 0.00528945
0.06 0.96 0.00394568
0.06 1.02 0.0029028
0.06 1.08 0.00210624
0.06 1.14 0.00150724
0.06 1.2 0.00106377
0.06 1.26 0.000740459
0.06 1.32 0.000508324
0.06 1.38 0.000344173
0.12 -2.22 0.000105024
0.12 -2.16 0.000160904
0.12 -2.1 0.000243129
0.12 -2.04 0.000362326
0.12 -1.98 0.000532529
0.12 -1.92 0.000771941
0.12 -1.86 0.00110359
0.12 -1.8 0.00155603
0.12 -1.74 0.00216384
0.12 -1.68 0.00296768
0.12 -1.62 0.00401423
0.12 -1.56 0.00535517
0.12 -1.5 0.00704581
0.12 -1.44 0.00914279
0.12 -1.38 0.0117009
0.12 -1.32 0.0147688
0.12 -1.26 0.0183849
0.12 -1.2 0.0225719
0.12 -1.14 0.0273313
0.12 -1.08 0.0326396
0.12 -1.02 0.038443
0.12 -0.96 0.0446558
0.12 -0.9 0.0511595
0.12 -0.84 0.0578051
0.12 -0.78 0.0644158
0.12 -0.72 0.0707969
0.12 -0.66 0.07674
0.12 -0.6 0.0820377
0.12 -0.54 0.0864969
0.12 -0.48 0.0899437
0.12 -0.42 0.0922431
0.12 -0.36 0.0933006
0.12 -0.3 0.0930738
0.12 -0.24 0.0915702
0.12 -0.18 0.0888531
0.12 -0.12 0.0850311
0.12 -0.06 0.080256
0.12 9.71445e-15 0.074707
0.12 0.06 0.0685863
0.12 0.12 0.0621007
0.12 0.18 0.0554557
0.12 0.24 0.0488419
0.12 0.3 0.0424248
0.12 0.36 0.0363447
0.12 0.42 0.0307077
0.12 0.48 0.0255886
0.12 0.54 0.0210295
0.12 0.6 0.0170454
0.12 0.66 0.013626
0.12 0.72 0.010743
0.12 0.78 0.00835347
0.12 0.84 0.0064062
0.12 0.9 0.00484527
0.12 0.96 0.00361434
0.12 1.02 0.00265903
0.12 1.08 0.00192937
0.12 1.14 0.00138067
0.12 1.2 0.000974444
0.12 1.26 0.00067828
0.12 1.32 0.000465637
0.12 1.38 0.000315271
0.18 -2.22 9.4882e-05
0.18 -2.16 0.000145365
0.18 -2.1 0.000219651
0.18 -2.04 0.000327337
0.18 -1.98 0.000481105
0.18 -1.92 0.000697396
0.18 -1.86 0.000997021
0.18 -1.8 0.00140578
0.18 -1.74 0.00195489
0.18 -1.68 0.00268109
0.18 -1.62 0.00362659
0.18 -1.56 0.00483806
0.18 -1.5 0.00636544
0.18 -1.44 0.00825992
0.18 -1.38 0.010571
0.18 -1.32 0.0133427
0.18 -1.26 0.0166096
0.18 -1.2 0.0203921
0.18 -1.14 0.024692
0.18 -1.08 0.0294876
0.18 -1.02 0.0347308
0.18 -0.96 0.0403437
0.18 -0.9 0.0462192
0.18 -0.84 0.0522232
0.18 -0.78 0.0581954
0.18 -0.72 0.0639604
0.18 -0.66 0.0693294
0.18 -0.6 0.0741156
0.18 -0.54 0.0781443
0.18 -0.48 0.0812585
0.18 -0.42 0.083335
0.18 -0.36 0.084291
0.18 -0.3 0.0840858
0.18 -0.24 0.0827276
0.18 -0.18 0.0802724
0.18 -0.12 0.0768202
0.18 -0.06 0.072506
0.18 9.71445e-15 0.0674926
0.18 0.06 0.0619631
0.18 0.12 0.056104
0.18 0.18 0.0501005
0.18 0.24 0.0441253
0.18 0.3 0.0383278
0.18 0.36 0.0328348
0.18 0.42 0.0277425
0.18 0.48 0.0231176
0.18 0.54 0.0189988
0.18 0.6 0.0153994
0.18 0.66 0.0123103
0.18 0.72 0.00970557
0.18 0.78 0.00754677
0.18 0.84 0.00578757
0.18 0.9 0.00437736
0.18 0.96 0.0032653
0.18 1.02 0.00240227
0.18 1.08 0.00174306
0.18 1.14 0.00124734
0.18 1.2 0.000880345
0.18 1.26 0.000612782
0.18 1.32 0.000420672
0.18 1.38 0.000284825
0.24 -2.22 8.45408e-05
0.24 -2.16 0.000129524
0.24 -2.1 0.000195712
0.24 -2.04 0.00029166
0.24 -1.98 0.000428673
0.24 -1.92 0.000621385
0.24 -1.86 0.00088836
0.24 -1.8 0.00125258
0.24 -1.74 0.00174184
0.24 -1.68 0.00238892
0.24 -1.62 0.00323135
0.24 -1.56 0.00431079
0.24 -1.5 0.0056717
0.24 -1.44 0.00735978
0.24 -1.38 0.00941891
0.24 -1.32 0.0118886
0.24 -1.26 0.0147995
0.24 -1.2 0.0181697
0.24 -1.14 0.0220011
0.24 -1.08 0.0262739
0.24 -1.02 0.0309457
0.24 -0.96 0.0359469
0.24 -0.9 0.0411822
0.24 -0.84 0.0465319
0.24 -0.78 0.0518535
0.24 -0.72 0.0569894
0.24 -0.66 0.0617731
0.24 -0.6 0.0660385
0.24 -0.54 0.0696274
0.24 -0.48 0.0724025
0.24 -0.42 0.0742527
0.24 -0.36 0.0751042
0.24 -0.3 0.074921
0.24 -0.24 0.0737113
0.24 -0.18 0.0715238
0.24 -0.12 0.068448
0.24 -0.06 0.0646037
0.24 9.71445e-15 0.0601371
0.24 0.06 0.0552098
0.24 0.12 0.0499894
0.24 0.18 0.0446408
0.24 0.24 0.0393162
0.24 0.3 0.0341509
0.24 0.36 0.0292564
0.24 0.42 0.0247191
0.24 0.48 0.0205982
0.24 0.54 0.0169283
0.24 0.6 0.0137211
0.24 0.66 0.0109687
0.24 0.72 0.00864777
0.24 0.78 0.00672428
0.24 0.84 0.00515679
0.24 0.9 0.0039003
0.24 0.96 0.00290942
0.24 1.02 0.00214047
0.24 1.08 0.00155309
0.24 1.14 0.0011114
0.24 1.2 0.000784397
0.24 1.26 0.000545996
0.24 1.32 0.00037483
0.3 -2.16 0.000113822
0.3 -2.1 0.000171987
0.3 -2.04 0.000256301
0.3 -1.98 0.000376705
0.3 -1.92 0.000546056
0.3 -1.86 0.000780663
0.3 -1.8 0.00110073
0.3 -1.74 0.00153067
0.3 -1.68 0.00209932
0.3 -1.62 0.00283961
0.3 -1.56 0.00378813
0.3 -1.5 0.00498413
0.3 -1.44 0.00646754
0.3 -1.38 0.00827707
0.3 -1.32 0.0104472
0.3 -1.26 0.0130052
0.3 -1.2 0.0159671
0.3 -1.14 0.0193339
0.3 -1.08 0.0230889
0.3 -1.02 0.0271939
0.3 -0.96 0.0315886
0.3 -0.9 0.0361898
0.3 -0.84 0.0408905
0.3 -0.78 0.0455673
0.3 -0.72 0.0500802
0.3 -0.66 0.0542841
0.3 -0.6 0.0580321
0.3 -0.54 0.0611858
0.3 -0.48 0.0636247
0.3 -0.42 0.0652516
0.3 -0.36 0.0659997
0.3 -0.3 0.0658385
0.3 -0.24 0.0647755
0.3 -0.18 0.0628536
0.3 -0.12 0.0601499
0.3 -0.06 0.0567711
0.3 9.71445e-15 0.0528463
0.3 0.06 0.0485163
0.3 0.12 0.0439293
0.3 0.18 0.0392291
0.3 0.24 0.0345498
0.3 0.3 0.0300109
0.3 0.36 0.0257097
0.3 0.42 0.0217222
0.3 0.48 0.0181009
0.3 0.54 0.0148761
0.3 0.6 0.0120576
0.3 0.66 0.00963888
0.3 0.72 0.00759942
0.3 0.78 0.00590914
0.3 0.84 0.0045316
0.3 0.9 0.00342749
0.3 0.96 0.00255673
0.3 1.02 0.00188096
0.3 1.08 0.00136479
0.3 1.14 0.000976662
0.3 1.2 0.000689297
0.3 1.26 0.000479803
0.3 1.32 0.000329389
0.36 -2.16 9.86469e-05
0.36 -2.1 0.000149058
0.36 -2.04 0.000222135
0.36 -1.98 0.000326484
0.36 -1.92 0.000473263
0.36 -1.86 0.00067659
0.36 -1.8 0.00095398
0.36 -1.74 0.00132661
0.36 -1.68 0.00181942
0.36 -1.62 0.00246105
0.36 -1.56 0.00328317
0.36 -1.5 0.00431969
0.36 -1.44 0.00560529
0.36 -1.38 0.00717363
0.36 -1.32 0.00905455
0.36 -1.26 0.0112715
0.36 -1.2 0.0138384
0.36 -1.14 0.0167564
0.36 -1.08 0.0200107
0.36 -1.02 0.0235688
0.36 -0.96 0.0273778
0.36 -0.9 0.0313651
0.36 -0.84 0.0354394
0.36 -0.78 0.0394924
0.36 -0.72 0.0434044
0.36 -0.66 0.0470478
0.36 -0.6 0.0502959
0.36 -0.54 0.0530297
0.36 -0.48 0.0551432
0.36 -0.42 0.0565523
0.36 -0.36 0.0572008
0.36 -0.3 0.0570618
0.36 -0.24 0.0561399
0.36 -0.18 0.0544739
0.36 -0.12 0.0521313
0.36 -0.06 0.0492036
0.36 9.71445e-15 0.0458013
0.36 0.06 0.042049
0.36 0.12 0.038073
0.36 0.18 0.0339988
0.36 0.24 0.029944
0.36 0.3 0.0260097
0.36 0.36 0.0222822
0.36 0.42 0.0188264
0.36 0.48 0.0156879
0.36 0.54 0.0128928
0.36 0.6 0.0104502
0.36 0.66 0.00835391
0.36 0.72 0.00658633
0.36 0.78 0.00512135
0.36 0.84 0.00392752
0.36 0.9 0.00297054
0.36 0.96 0.00221588
0.36 1.02 0.00163022
0.36 1.08 0.00118286
0.36 1.14 0.00084646
0.36 1.2 0.000597414
0.36 1.26 0.000415843
0.36 1.32 0.000285474
0.42 -2.16 8.43219e-05
0.42 -2.1 0.000127412
0.42 -2.04 0.000189874
0.42 -1.98 0.000279072
0.42 -1.92 0.000404531
0.42 -1.86 0.000578335
0.42 -1.8 0.000815446
0.42 -1.74 0.00113396
0.42 -1.68 0.00155522
0.42 -1.62 0.00210365
0.42 -1.56 0.00280635
0.42 -1.5 0.00369236
0.42 -1.44 0.00479132
0.42 -1.38 0.00613184
0.42 -1.32 0.00773958
0.42 -1.26 0.00963459
0.42 -1.2 0.0118288
0.42 -1.14 0.014323
0.42 -1.08 0.0171048
0.42 -1.02 0.0201459
0.42 -0.96 0.0234017
0.42 -0.9 0.0268103
0.42 -0.84 0.0302928
0.42 -0.78 0.0337573
0.42 -0.72 0.0371006
0.42 -0.66 0.040215
0.42 -0.6 0.0429917
0.42 -0.54 0.0453281
0.42 -0.48 0.0471346
0.42 -0.42 0.04834
0.42 -0.36 0.0488942
0.42 -0.3 0.0487747
0.42 -0.24 0.0479873
0.42 -0.18 0.0465634
0.42 -0.12 0.0445604
0.42 -0.06 0.0420574
0.42 9.71445e-15 0.0391499
0.42 0.06 0.035942
0.42 0.12 0.0325438
0.42 0.18 0.0290618
0.42 0.24 0.0255954
0.42 0.3 0.0222328
0.42 0.36 0.0190463
0.42 0.42 0.0160923
0.42 0.48 0.0134096
0.42 0.54 0.0110206
0.42 0.6 0.00893259
0.42 0.66 0.00714073
0.42 0.72 0.00562982
0.42 0.78 0.00437763
0.42 0.84 0.00335713
0.42 0.9 0.00253917
0.42 0.96 0.00189408
0.42 1.02 0.00139346
0.42 1.08 0.00101107
0.42 1.14 0.000723536
0.42 1.2 0.000510649
0.42 1.26 0.000355449
0.48 -2.16 7.10849e-05
0.48 -2.1 0.000107411
0.48 -2.04 0.000160069
0.48 -1.98 0.000235264
0.48 -1.92 0.00034103
0.48 -1.86 0.000487551
0.48 -1.8 0.000687442
0.48 -1.74 0.000955955
0.48 -1.68 0.00131109
0.48 -1.62 0.00177343
0.48 -1.56 0.00236585
0.48 -1.5 0.00311276
0.48 -1.44 0.0040392
0.48 -1.38 0.00516931
0.48 -1.32 0.00652472
0.48 -1.26 0.00812223
0.48 -1.2 0.00997187
0.48 -1.14 0.0120746
0.48 -1.08 0.0144196
0.48 -1.02 0.0169836
0.48 -0.96 0.0197285
0.48 -0.9 0.0226016
0.48 -0.84 0.0255377
0.48 -0.78 0.0284582
0.48 -0.72 0.0312771
0.48 -0.66 0.0339024
0.48 -0.6 0.0362434
0.48 -0.54 0.038213
0.48 -0.48 0.0397361
0.48 -0.42 0.0407515
0.48 -0.36 0.0412187
0.48 -0.3 0.0411183
0.48 -0.24 0.0404542
0.48 -0.18 0.0392538
0.48 -0.12 0.0375658
0.48 -0.06 0.0354559
0.48 9.71445e-15 0.0330046
0.48 0.06 0.0303003
0.48 0.12 0.0274353
0.48 0.18 0.0244998
0.48 0.24 0.0215776
0.48 0.3 0.0187427
0.48 0.36 0.0160566
0.48 0.42 0.0135664
0.48 0.48 0.0113047
0.48 0.54 0.0092906
0.48 0.6 0.00753043
0.48 0.66 0.00601985
0.48 0.72 0.00474609
0.48 0.78 0.00369041
0.48 0.84 0.00283015
0.48 0.9 0.00214055
0.48 0.96 0.00159676
0.48 1.02 0.00117474
0.48 1.08 0.000852366
0.48 1.14 0.000609962
0.48 1.2 0.000430493
0.48 1.26 0.000299655
0.54 -2.16 5.91029e-05
0.54 -2.1 8.93051e-05
0.54 -2.04 0.000133089
0.54 -1.98 0.000195608
0.54 -1.92 0.000283547
0.54 -1.86 0.000405366
0.54 -1.8 0.000571561
0.54 -1.74 0.000794821
0.54 -1.68 0.00109008
0.54 -1.62 0.00147449
0.54 -1.56 0.00196705
0.54 -1.5 0.00258807
0.54 -1.44 0.00335831
0.54 -1.38 0.00429796
0.54 -1.32 0.00542487
0.54 -1.26 0.00675313
0.54 -1.2 0.00829105
0.54 -1.14 0.0100393
0.54 -1.08 0.0119891
0.54 -1.02 0.0141208
0.54 -0.96 0.0164029
0.54 -0.9 0.0187919
0.54 -0.84 0.0212329
0.54 -0.78 0.0236613
0.54 -0.72 0.026005
0.54 -0.66 0.0281879
0.54 -0.6 0.0301339
0.54 -0.54 0.0317718
0.54 -0.48 0.0330381
0.54 -0.42 0.0338824
0.54 -0.36 0.0342708
0.54 -0.3 0.0341876
0.54 -0.24 0.0336351
0.54 -0.18 0.0326372
0.54 -0.12 0.0312336
0.54 -0.06 0.0294795
0.54 9.71445e-15 0.027441
0.54 0.06 0.025193
0.54 0.12 0.0228109
0.54 0.18 0.0203699
0.54 0.24 0.0179404
0.54 0.3 0.0155834
0.54 0.36 0.01335
0.54 0.42 0.0112795
0.54 0.48 0.0093991
0.54 0.54 0.00772448
0.54 0.6 0.00626106
0.54 0.66 0.00500509
0.54 0.72 0.00394609
0.54 0.78 0.00306838
0.54 0.84 0.0023531
0.54 0.9 0.00177975
0.54 0.96 0.00132761
0.54 1.02 0.000976715
0.54 1.08 0.000708689
0.54 1.14 0.000507141
0.54 1.2 0.00035793
0.6 -2.16 4.8465e-05
0.6 -2.1 7.32316e-05
0.6 -2.04 0.000109134
0.6 -1.98 0.000160401
0.6 -1.92 0.000232512
0.6 -1.86 0.000332404
0.6 -1.8 0.000468686
0.6 -1.74 0.000651764
0.6 -1.68 0.000893881
0.6 -1.62 0.00120911
0.6 -1.56 0.00161299
0.6 -1.5 0.00212224
0.6 -1.44 0.00275385
0.6 -1.38 0.00352436
0.6 -1.32 0.00444841
0.6 -1.26 0.00553765
0.6 -1.2 0.00679878
0.6 -1.14 0.00823236
0.6 -1.08 0.00983124
0.6 -1.02 0.0115792
0.6 -0.96 0.0134505
0.6 -0.9 0.0154095
0.6 -0.84 0.017411
0.6 -0.78 0.0194025
0.6 -0.72 0.0213244
0.6 -0.66 0.0231143
0.6 -0.6 0.0247099
0.6 -0.54 0.0260531
0.6 -0.48 0.0270914
0.6 -0.42 0.027784
0.6 -0.36 0.0281026
0.6 -0.3 0.0280342
0.6 -0.24 0.0275813
0.6 -0.18 0.026763
0.6 -0.12 0.0256117
0.6 -0.06 0.0241734
0.6 9.71445e-15 0.0225019
0.6 0.06 0.0206584
0.6 0.12 0.0187051
0.6 0.18 0.0167036
0.6 0.24 0.0147113
0.6 0.3 0.0127786
0.6 0.36 0.0109471
0.6 0.42 0.00924925
0.6 0.48 0.0077074
0.6 0.54 0.00633421
0.6 0.6 0.00513416
0.6 0.66 0.00410419
0.6 0.72 0.00323583
0.6 0.78 0.00251611
0.6 0.84 0.00192956
0.6 0.9 0.00145942
0.6 0.96 0.00108865
0.6 1.02 0.000800911
0.6 1.08 0.000581129
0.6 1.14 0.000415859
0.6 1.2 0.000293505
0.66 -2.16 3.91955e-05
0.66 -2.1 5.92254e-05
0.66 -2.04 8.82606e-05
0.66 -1.98 0.000129723
0.66 -1.92 0.000188041
0.66 -1.86 0.000268829
0.66 -1.8 0.000379045
0.66 -1.74 0.000527107
0.66 -1.68 0.000722917
0.66 -1.62 0.000977851
0.66 -1.56 0.00130449
0.66 -1.5 0.00171633
0.66 -1.44 0.00222715
0.66 -1.38 0.00285028
0.66 -1.32 0.00359761
0.66 -1.26 0.00447852
0.66 -1.2 0.00549844
0.66 -1.14 0.00665783
0.66 -1.08 0.00795091
0.66 -1.02 0.00936457
0.66 -0.96 0.0108779
0.66 -0.9 0.0124623
0.66 -0.84 0.014081
0.66 -0.78 0.0156915
0.66 -0.72 0.0172458
0.66 -0.66 0.0186934
0.66 -0.6 0.0199838
0.66 -0.54 0.0210701
0.66 -0.48 0.0219099
0.66 -0.42 0.02247
0.66 -0.36 0.0227277
0.66 -0.3 0.0226723
0.66 -0.24 0.0223061
0.66 -0.18 0.0216443
0.66 -0.12 0.0207132
0.66 -0.06 0.0195499
0.66 9.71445e-15 0.0181982
0.66 0.06 0.0167073
0.66 0.12 0.0151275
0.66 0.18 0.0135089
0.66 0.24 0.0118976
0.66 0.3 0.0103346
0.66 0.36 0.00885337
0.66 0.42 0.00748023
0.66 0.48 0.00623328
0.66 0.54 0.00512272
0.66 0.6 0.0041522
0.66 0.66 0.00331922
0.66 0.72 0.00261694
0.66 0.78 0.00203488
0.66 0.84 0.00156051
0.66 0.9 0.00118029
0.66 0.96 0.000880435
0.66 1.02 0.000647726
0.66 1.08 0.000469982
0.66 1.14 0.000336321
0.72 -2.1 4.72393e-05
0.72 -2.04 7.03986e-05
0.72 -1.98 0.00010347
0.72 -1.92 0.000149986
0.72 -1.86 0.000214423
0.72 -1.8 0.000302335
0.72 -1.74 0.000420432
0.72 -1.68 0.000576613
0.72 -1.62 0.000779954
0.72 -1.56 0.00104049
0.72 -1.5 0.00136899
0.72 -1.44 0.00177642
0.72 -1.38 0.00227345
0.72 -1.32 0.00286953
0.72 -1.26 0.00357216
0.72 -1.2 0.00438567
0.72 -1.14 0.00531044
0.72 -1.08 0.0063418
0.72 -1.02 0.00746939
0.72 -0.96 0.0086765
0.72 -0.9 0.00994021
0.72 -0.84 0.0112313
0.72 -0.78 0.0125159
0.72 -0.72 0.0137557
0.72 -0.66 0.0149103
0.72 -0.6 0.0159396
0.72 -0.54 0.016806
0.72 -0.48 0.0174758
0.72 -0.42 0.0179225
0.72 -0.36 0.018128
0.72 -0.3 0.0180839
0.72 -0.24 0.0177918
0.72 -0.18 0.0172639
0.72 -0.12 0.0165214
0.72 -0.06 0.0155935
0.72 9.71445e-15 0.0145152
0.72 0.06 0.0133261
0.72 0.12 0.0120661
0.72 0.18 0.0107749
0.72 0.24 0.00948977
0.72 0.3 0.00824304
0.72 0.36 0.00706163
0.72 0.42 0.0059664
0.72 0.48 0.00497179
0.72 0.54 0.00408598
0.72 0.6 0.00331188
0.72 0.66 0.00264749
0.72 0.72 0.00208733
0.72 0.78 0.00162306
0.72 0.84 0.0012447
0.72 0.9 0.000941426
0.72 0.96 0.000702253
0.72 1.02 0.000516643
0.72 1.08 0.000374868
0.78 -2.1 3.71608e-05
0.78 -2.04 5.53796e-05
0.78 -1.98 8.13947e-05
0.78 -1.92 0.000117987
0.78 -1.86 0.000168678
0.78 -1.8 0.000237834
0.78 -1.74 0.000330734
0.78 -1.68 0.000453599
0.78 -1.62 0.000613553
0.78 -1.56 0.000818515
0.78 -1.5 0.00107693
0.78 -1.44 0.00139744
0.78 -1.38 0.00178844
0.78 -1.32 0.00225736
0.78 -1.26 0.00281006
0.78 -1.2 0.00344999
0.78 -1.14 0.0041775
0.78 -1.08 0.00498879
0.78 -1.02 0.00587582
0.78 -0.96 0.00682548
0.78 -0.9 0.00781957
0.78 -0.84 0.00883529
0.78 -0.78 0.00984577
0.78 -0.72 0.010821
0.78 -0.66 0.0117293
0.78 -0.6 0.0125391
0.78 -0.54 0.0132206
0.78 -0.48 0.0137476
0.78 -0.42 0.0140989
0.78 -0.36 0.0142604
0.78 -0.3 0.0142258
0.78 -0.24 0.0139959
0.78 -0.18 0.0135808
0.78 -0.12 0.0129967
0.78 -0.06 0.0122668
0.78 9.71445e-15 0.0114186
0.78 0.06 0.0104831
0.78 0.12 0.0094919
0.78 0.18 0.0084762
0.78 0.24 0.00746523
0.78 0.3 0.00648444
0.78 0.36 0.00555513
0.78 0.42 0.00469356
0.78 0.48 0.00391108
0.78 0.54 0.00321427
0.78 0.6 0.0026053
0.78 0.66 0.00208269
0.78 0.72 0.00164201
0.78 0.78 0.00127679
0.78 0.84 0.000979152
0.78 0.9 0.000740575
0.78 0.96 0.000552433
0.78 1.02 0.000406424
0.78 1.08 0.000294894
0.84 -2.1 2.88315e-05
0.84 -2.04 4.2966e-05
0.84 -1.98 6.31496e-05
0.84 -1.92 9.15398e-05
0.84 -1.86 0.000130869
0.84 -1.8 0.000184523
0.84 -1.74 0.000256597
0.84 -1.68 0.000351923
0.84 -1.62 0.000476024
0.84 -1.56 0.000635041
0.84 -1.5 0.00083553
0.84 -1.44 0.0010842
0.84 -1.38 0.00138755
0.84 -1.32 0.00175137
0.84 -1.26 0.00218016
0.84 -1.2 0.00267667
0.84 -1.14 0.00324107
0.84 -1.08 0.00387055
0.84 -1.02 0.00455872
0.84 -0.96 0.00529552
0.84 -0.9 0.00606675
0.84 -0.84 0.00685485
0.84 -0.78 0.00763875
0.84 -0.72 0.00839538
0.84 -0.66 0.00910014
0.84 -0.6 0.00972848
0.84 -0.54 0.0102571
0.84 -0.48 0.010666
0.84 -0.42 0.0109386
0.84 -0.36 0.011064
0.84 -0.3 0.0110371
0.84 -0.24 0.0108588
0.84 -0.18 0.0105366
0.84 -0.12 0.0100834
0.84 -0.06 0.00951704
0.84 9.71445e-15 0.00885913
0.84 0.06 0.0081332
0.84 0.12 0.0073642
0.84 0.18 0.00657625
0.84 0.24 0.00579191
0.84 0.3 0.00503094
0.84 0.36 0.00430993
0.84 0.42 0.00364148
0.84 0.48 0.00303439
0.84 0.54 0.0024938
0.84 0.6 0.00202131
0.84 0.66 0.00161585
0.84 0.72 0.00127396
0.84 0.78 0.000990586
0.84 0.84 0.000759673
0.84 0.9 0.000574572
0.84 0.96 0.000428604
0.84 1.02 0.000315323
0.9 -2.04 3.28766e-05
0.9 -1.98 4.83214e-05
0.9 -1.92 7.00444e-05
0.9 -1.86 0.000100138
0.9 -1.8 0.000141193
0.9 -1.74 0.000196346
0.9 -1.68 0.000269285
0.9 -1.62 0.000364247
0.9 -1.56 0.00048592
0.9 -1.5 0.000639326
0.9 -1.44 0.000829608
0.9 -1.38 0.00106172
0.9 -1.32 0.0013401
0.9 -1.26 0.00166824
0.9 -1.2 0.00204815
0.9 -1.14 0.00248002
0.9 -1.08 0.00296169
0.9 -1.02 0.00348828
0.9 -0.96 0.00405199
0.9 -0.9 0.00464215
0.9 -0.84 0.00524514
0.9 -0.78 0.00584505
0.9 -0.72 0.00642399
0.9 -0.66 0.00696323
0.9 -0.6 0.00744394
0.9 -0.54 0.00784857
0.9 -0.48 0.00816131
0.9 -0.42 0.00837
0.9 -0.36 0.00846601
0.9 -0.3 0.00844532
0.9 -0.24 0.00830899
0.9 -0.18 0.00806241
0.9 -0.12 0.00771556
0.9 -0.06 0.00728227
0.9 9.71445e-15 0.00677875
0.9 0.06 0.00622337
0.9 0.12 0.00563494
0.9 0.18 0.00503201
0.9 0.24 0.00443181
0.9 0.3 0.00384959
0.9 0.36 0.00329784
0.9 0.42 0.00278638
0.9 0.48 0.00232188
0.9 0.54 0.0019082
0.9 0.6 0.00154668
0.9 0.66 0.00123641
0.9 0.72 0.000974797
0.9 0.78 0.000757986
0.9 0.84 0.000581287
0.9 0.9 0.000439656
0.9 0.96 0.000327958
0.96 -2.04 2.48109e-05
0.96 -1.98 3.64658e-05
0.96 -1.92 5.286e-05
0.96 -1.86 7.55708e-05
0.96 -1.8 0.000106553
0.96 -1.74 0.000148173
0.96 -1.68 0.000203219
0.96 -1.62 0.00027488
0.96 -1.56 0.000366707
0.96 -1.5 0.000482481
0.96 -1.44 0.000626076
0.96 -1.38 0.00080125
0.96 -1.32 0.00101133
0.96 -1.26 0.00125894
0.96 -1.2 0.00154566
0.96 -1.14 0.00187158
0.96 -1.08 0.00223506
0.96 -1.02 0.00263245
0.96 -0.96 0.00305792
0.96 -0.9 0.00350328
0.96 -0.84 0.00395836
0.96 -0.78 0.00441104
0.96 -0.72 0.00484796
0.96 -0.66 0.0052549
0.96 -0.6 0.00561774
0.96 -0.54 0.00592301
0.96 -0.48 0.00615913
0.96 -0.42 0.00631656
0.96 -0.36 0.00638893
0.96 -0.3 0.00637339
0.96 -0.24 0.00627043
0.96 -0.18 0.00608441
0.96 -0.12 0.00582274
0.96 -0.06 0.00549566
0.96 9.71445e-15 0.00511574
0.96 0.06 0.00469655
0.96 0.12 0.0042525
0.96 0.18 0.00379746
0.96 0.24 0.00334456
0.96 0.3 0.00290513
0.96 0.36 0.00248879
0.96 0.42 0.00210279
0.96 0.48 0.00175222
0.96 0.54 0.00144005
0.96 0.6 0.00116721
0.96 0.66 0.000933079
0.96 0.72 0.000735651
0.96 0.78 0.000572019
0.96 0.84 0.000438675
0.96 0.9 0.000331788
1.02 -2.04 1.84664e-05
1.02 -1.98 2.71415e-05
1.02 -1.92 3.93431e-05
1.02 -1.86 5.62462e-05
1.02 -1.8 7.93069e-05
1.02 -1.74 0.000110285
1.02 -1.68 0.000151254
1.02 -1.62 0.000204593
1.02 -1.56 0.000272936
1.02 -1.5 0.000359104
1.02 -1.44 0.000465982
1.02 -1.38 0.000596357
1.02 -1.32 0.000752722
1.02 -1.26 0.00093703
1.02 -1.2 0.00115042
1.02 -1.14 0.001393
1.02 -1.08 0.00166354
1.02 -1.02 0.00195933
1.02 -0.96 0.00227596
1.02 -0.9 0.00260745
1.02 -0.84 0.00294614
1.02 -0.78 0.00328311
1.02 -0.72 0.00360829
1.02 -0.66 0.00391115
1.02 -0.6 0.00418118
1.02 -0.54 0.00440844
1.02 -0.48 0.00458414
1.02 -0.42 0.00470131
1.02 -0.36 0.00475524
1.02 -0.3 0.00474364
1.02 -0.24 0.00466705
1.02 -0.18 0.00452854
1.02 -0.12 0.00433377
1.02 -0.06 0.00409036
1.02 9.71445e-15 0.00380753
1.02 0.06 0.0034956
1.02 0.12 0.00316509
1.02 0.18 0.00282642
1.02 0.24 0.00248928
1.02 0.3 0.00216226
1.02 0.36 0.00185236
1.02 0.42 0.00156508
1.02 0.48 0.00130417
1.02 0.54 0.00107181
1.02 0.6 0.000868754
1.02 0.66 0.000694477
1.02 0.72 0.000547531
1.02 0.78 0.000425751
1.02 0.84 0.000326501
1.02 0.9 0.000246949
1.08 -1.98 1.99235e-05
1.08 -1.92 2.88803e-05
1.08 -1.86 4.12885e-05
1.08 -1.8 5.82157e-05
1.08 -1.74 8.09555e-05
1.08 -1.68 0.000111029
1.08 -1.62 0.000150184
1.08 -1.56 0.000200351
1.08 -1.5 0.000263602
1.08 -1.44 0.000342059
1.08 -1.38 0.000437761
1.08 -1.32 0.000552541
1.08 -1.26 0.000687833
1.08 -1.2 0.000844476
1.08 -1.14 0.00102253
1.08 -1.08 0.00122114
1.08 -1.02 0.00143826
1.08 -0.96 0.00167069
1.08 -0.9 0.00191401
1.08 -0.84 0.00216265
1.08 -0.78 0.00240997
1.08 -0.72 0.00264868
1.08 -0.66 0.00287104
1.08 -0.6 0.00306926
1.08 -0.54 0.00323608
1.08 -0.48 0.00336502
1.08 -0.42 0.00345104
1.08 -0.36 0.00349065
1.08 -0.3 0.00348213
1.08 -0.24 0.0034259
1.08 -0.18 0.00332422
1.08 -0.12 0.00318124
1.08 -0.06 0.00300259
1.08 9.71445e-15 0.00279499
1.08 0.06 0.00256599
1.08 0.12 0.00232333
1.08 0.18 0.00207477
1.08 0.24 0.00182731
1.08 0.3 0.00158723
1.08 0.36 0.00135975
1.08 0.42 0.00114886
1.08 0.48 0.00095734
1.08 0.54 0.000786777
1.08 0.6 0.000637716
1.08 0.66 0.000509789
1.08 0.72 0.000401924
1.08 0.78 0.000312526
1.08 0.84 0.000239673
1.14 -1.98 1.44239e-05
1.14 -1.92 2.09085e-05
1.14 -1.86 2.98916e-05
1.14 -1.8 4.21464e-05
1.14 -1.74 5.86087e-05
1.14 -1.68 8.03817e-05
1.14 -1.62 0.000108728
1.14 -1.56 0.000145048
1.14 -1.5 0.000190841
1.14 -1.44 0.00024764
1.14 -1.38 0.000316928
1.14 -1.32 0.000400024
1.14 -1.26 0.000497965
1.14 -1.2 0.000611373
1.14 -1.14 0.000740285
1.14 -1.08 0.000884063
1.14 -1.02 0.00104125
1.14 -0.96 0.00120953
1.14 -0.9 0.00138569
1.14 -0.84 0.0015657
1.14 -0.78 0.00174475
1.14 -0.72 0.00191756
1.14 -0.66 0.00207855
1.14 -0.6 0.00222206
1.14 -0.54 0.00234282
1.14 -0.48 0.00243619
1.14 -0.42 0.00249847
1.14 -0.36 0.00252711
1.14 -0.3 0.00252096
1.14 -0.24 0.00248024
1.14 -0.18 0.00240664
1.14 -0.12 0.00230314
1.14 -0.06 0.00217378
1.14 9.71445e-15 0.00202349
1.14 0.06 0.00185769
1.14 0.12 0.00168204
1.14 0.18 0.00150206
1.14 0.24 0.00132292
1.14 0.3 0.0011491
1.14 0.36 0.000984423
1.14 0.42 0.000831741
1.14 0.48 0.00069308
1.14 0.54 0.000569601
1.14 0.6 0.000461683
1.14 0.66 0.000369072
1.14 0.72 0.000290982
1.14 0.78 0.000226258
1.2 -1.92 1.4929e-05
1.2 -1.86 2.13431e-05
1.2 -1.8 3.00932e-05
1.2 -1.74 4.18477e-05
1.2 -1.68 5.73941e-05
1.2 -1.62 7.76332e-05
1.2 -1.56 0.000103567
1.2 -1.5 0.000136265
1.2 -1.44 0.000176819
1.2 -1.38 0.000226293
1.2 -1.32 0.000285624
1.2 -1.26 0.000355555
1.2 -1.2 0.000436533
1.2 -1.14 0.000528579
1.2 -1.08 0.000631239
1.2 -1.02 0.000743467
1.2 -0.96 0.00086363
1.2 -0.9 0.000989414
1.2 -0.84 0.00111794
1.2 -0.78 0.00124579
1.2 -0.72 0.00136918
1.2 -0.66 0.00148412
1.2 -0.6 0.00158659
1.2 -0.54 0.00167281
1.2 -0.48 0.00173949
1.2 -0.42 0.00178395
1.2 -0.36 0.00180439
1.2 -0.3 0.00180001
1.2 -0.24 0.00177093
1.2 -0.18 0.00171839
1.2 -0.12 0.00164448
1.2 -0.06 0.00155211
1.2 9.71445e-15 0.00144481
1.2 0.06 0.00132643
1.2 0.12 0.00120101
1.2 0.18 0.0010725
1.2 0.24 0.000944586
1.2 0.3 0.000820483
1.2 0.36 0.000702896
1.2 0.42 0.000593878
1.2 0.48 0.000494869
1.2 0.54 0.000406704
1.2 0.6 0.000329648
1.2 0.66 0.000263524
1.2 0.72 0.000207766
1.26 -1.92 1.05131e-05
1.26 -1.86 1.50299e-05
1.26 -1.8 2.11917e-05
1.26 -1.74 2.94694e-05
1.26 -1.68 4.04171e-05
1.26 -1.62 5.46696e-05
1.26 -1.56 7.29319e-05
1.26 -1.5 9.59579e-05
1.26 -1.44 0.000124516
1.26 -1.38 0.000159356
1.26 -1.32 0.000201137
1.26 -1.26 0.000250383
1.26 -1.2 0.000307408
1.26 -1.14 0.000372227
1.26 -1.08 0.000444521
1.26 -1.02 0.000523553
1.26 -0.96 0.00060817
1.26 -0.9 0.000696748
1.26 -0.84 0.000787254
1.26 -0.78 0.000877286
1.26 -0.72 0.00096418
1.26 -0.66 0.00104512
1.26 -0.6 0.00111728
1.26 -0.54 0.001178
1.26 -0.48 0.00122495
1.26 -0.42 0.00125627
1.26 -0.36 0.00127066
1.26 -0.3 0.00126757
1.26 -0.24 0.00124709
1.26 -0.18 0.0012101
1.26 -0.12 0.00115805
1.26 -0.06 0.001093
1.26 9.71445e-15 0.00101744
1.26 0.06 0.000934075
1.26 0.12 0.000845755
1.26 0.18 0.000755258
1.26 0.24 0.000665181
1.26 0.3 0.000577787
1.26 0.36 0.000494982
1.26 0.42 0.00041821
1.26 0.48 0.000348489
1.26 0.54 0.000286403
1.26 0.6 0.00023214
1.26 0.66 0.000185574
1.32 -1.86 1.04386e-05
1.32 -1.8 1.47182e-05
1.32 -1.74 2.04672e-05
1.32 -1.68 2.80706e-05
1.32 -1.62 3.79696e-05
1.32 -1.56 5.06531e-05
1.32 -1.5 6.66447e-05
1.32 -1.44 8.64797e-05
1.32 -1.38 0.000110676
1.32 -1.32 0.000139694
1.32 -1.26 0.000173898
1.32 -1.2 0.000213501
1.32 -1.14 0.000258519
1.32 -1.08 0.000308729
1.32 -1.02 0.000363623
1.32 -0.96 0.000422387
1.32 -0.9 0.000483905
1.32 -0.84 0.000546766
1.32 -0.78 0.000609291
1.32 -0.72 0.000669648
1.32 -0.66 0.000725864
1.32 -0.6 0.000775976
1.32 -0.54 0.000818152
1.32 -0.48 0.000850753
1.32 -0.42 0.000872504
1.32 -0.36 0.000882509
1.32 -0.3 0.000880361
1.32 -0.24 0.000866141
1.32 -0.18 0.000840438
1.32 -0.12 0.000804289
1.32 -0.06 0.000759121
1.32 9.71445e-15 0.000706636
1.32 0.06 0.000648739
1.32 0.12 0.000587393
1.32 0.18 0.000524544
1.32 0.24 0.000461984
1.32 0.3 0.000401285
1.32 0.36 0.000343776
1.32 0.42 0.000290456
1.32 0.48 0.000242036
1.32 0.54 0.000198914
1.38 -1.86 7.15019e-06
1.38 -1.8 1.00817e-05
1.38 -1.74 1.40197e-05
1.38 -1.68 1.92277e-05
1.38 -1.62 2.60084e-05
1.38 -1.56 3.46964e-05
1.38 -1.5 4.565e-05
1.38 -1.44 5.92368e-05
1.38 -1.38 7.58101e-05
1.38 -1.32 9.56882e-05
1.38 -1.26 0.000119117
1.38 -1.2 0.000146244
1.38 -1.14 0.000177081
1.38 -1.08 0.000211473
1.38 -1.02 0.000249075
1.38 -0.96 0.000289327
1.38 -0.9 0.000331464
1.38 -0.84 0.000374522
1.38 -0.78 0.000417355
1.38 -0.72 0.000458694
1.38 -0.66 0.000497199
1.38 -0.6 0.000531525
1.38 -0.54 0.000560415
1.38 -0.48 0.000582749
1.38 -0.42 0.000597639
1.38 -0.36 0.000604499
1.38 -0.3 0.000603024
1.38 -0.24 0.000593287
1.38 -0.18 0.000575676
1.38 -0.12 0.000550919
1.38 -0.06 0.00051998
1.38 9.71445e-15 0.000484025
1.38 0.06 0.000444371
1.38 0.12 0.000402351
1.38 0.18 0.000359301
1.38 0.24 0.000316446
1.38 0.3 0.000274871
1.38 0.36 0.000235476
1.38 0.42 0.000198957
1.38 0.48 0.00016579
1.44 -1.8 6.81083e-06
1.44 -1.74 9.47112e-06
1.44 -1.68 1.29896e-05
1.44 -1.62 1.75701e-05
1.44 -1.56 2.34394e-05
1.44 -1.5 3.08397e-05
1.44 -1.44 4.00183e-05
1.44 -1.38 5.12149e-05
1.44 -1.32 6.46431e-05
1.44 -1.26 8.04708e-05
1.44 -1.2 9.87972e-05
1.44 -1.14 0.00011963
1.44 -1.08 0.000142864
1.44 -1.02 0.000168264
1.44 -0.96 0.000195457
1.44 -0.9 0.000223927
1.44 -0.84 0.000253013
1.44 -0.78 0.000281951
1.44 -0.72 0.000309876
1.44 -0.66 0.000335884
1.44 -0.6 0.000359078
1.44 -0.54 0.000378589
1.44 -0.48 0.000393683
1.44 -0.42 0.000403748
1.44 -0.36 0.000408375
1.44 -0.3 0.000407378
1.44 -0.24 0.000400801
1.44 -0.18 0.00038891
1.44 -0.12 0.000372182
1.44 -0.06 0.000351275
1.44 9.71445e-15 0.00032699
1.44 0.06 0.000300197
1.44 0.12 0.000271816
1.44 0.18 0.000242732
1.44 0.24 0.000213779
1.44 0.3 0.000185694
1.44 0.36 0.00015908
1.44 0.42 0.000134408
1.5 -1.74 6.31036e-06
1.5 -1.68 8.65456e-06
1.5 -1.62 1.17066e-05
1.5 -1.56 1.56172e-05
1.5 -1.5 2.05476e-05
1.5 -1.44 2.6663e-05
1.5 -1.38 3.41231e-05
1.5 -1.32 4.30701e-05
1.5 -1.26 5.36156e-05
1.5 -1.2 6.58259e-05
1.5 -1.14 7.97057e-05
1.5 -1.08 9.5186e-05
1.5 -1.02 0.000112111
1.5 -0.96 0.000130229
1.5 -0.9 0.000149195
1.5 -0.84 0.000168576
1.5 -0.78 0.000187854
1.5 -0.72 0.000206464
1.5 -0.66 0.000223795
1.5 -0.6 0.000239245
1.5 -0.54 0.000252249
1.5 -0.48 0.000262301
1.5 -0.42 0.000269006
1.5 -0.36 0.000272091
1.5 -0.3 0.000271429
1.5 -0.24 0.000267044
1.5 -0.18 0.00025912
1.5 -0.12 0.000247974
1.5 -0.06 0.000234049
1.5 9.71445e-15 0.000217866
1.5 0.06 0.000200017
1.5 0.12 0.000181103
1.5 0.18 0.000161725
1.5 0.24 0.000142437
1.5 0.3 0.000123722
1.56 -1.74 4.14666e-06
1.56 -1.68 5.68715e-06
1.56 -1.62 7.69261e-06
1.56 -1.56 1.02623e-05
1.56 -1.5 1.35023e-05
1.56 -1.44 1.75209e-05
1.56 -1.38 2.2423e-05
1.56 -1.32 2.83022e-05
1.56 -1.26 3.52318e-05
1.56 -1.2 4.32556e-05
1.56 -1.14 5.23765e-05
1.56 -1.08 6.25489e-05
1.56 -1.02 7.36697e-05
1.56 -0.96 8.55755e-05
1.56 -0.9 9.804e-05
1.56 -0.84 0.000110775
1.56 -0.78 0.000123444
1.56 -0.72 0.00013567
1.56 -0.66 0.000147058
1.56 -0.6 0.000157212
1.56 -0.54 0.000165755
1.56 -0.48 0.000172363
1.56 -0.42 0.00017677
1.56 -0.36 0.000178796
1.56 -0.3 0.000178359
1.56 -0.24 0.00017548
1.56 -0.18 0.000170273
1.56 -0.12 0.000162949
1.56 -0.06 0.000153795
1.56 9.71445e-15 0.000143163
1.56 0.06 0.000131432
1.56 0.12 0.000119007
1.56 0.18 0.000106273
1.62 -1.68 3.68573e-06
1.62 -1.62 4.98549e-06
1.62 -1.56 6.6509e-06
1.62 -1.5 8.75059e-06
1.62 -1.44 1.1355e-05
1.62 -1.38 1.4532e-05
1.62 -1.32 1.83423e-05
1.62 -1.26 2.28333e-05
1.62 -1.2 2.8033e-05
1.62 -1.14 3.39443e-05
1.62 -1.08 4.05366e-05
1.62 -1.02 4.77446e-05
1.62 -0.96 5.54607e-05
1.62 -0.9 6.35376e-05
1.62 -0.84 7.17916e-05
1.62 -0.78 8.00019e-05
1.62 -0.72 8.79263e-05
1.62 -0.66 9.53069e-05
1.62 -0.6 0.000101887
1.62 -0.54 0.000107425
1.62 -0.48 0.000111706
1.62 -0.42 0.00011456
1.62 -0.36 0.000115875
1.62 -0.3 0.000115592
1.62 -0.24 0.000113726
1.62 -0.18 0.00011035
1.62 -0.12 0.000105605
1.62 -0.06 9.9674e-05
1.62 9.71445e-15 9.27823e-05
1.62 0.06 8.51806e-05
1.68 -1.62 3.1866e-06
1.68 -1.56 4.25108e-06
1.68 -1.5 5.59317e-06
1.68 -1.44 7.25777e-06
1.68 -1.38 9.28848e-06
1.68 -1.32 1.17239e-05
1.68 -1.26 1.45944e-05
1.68 -1.2 1.79182e-05
1.68 -1.14 2.16964e-05
1.68 -1.08 2.59102e-05
1.68 -1.02 3.05171e-05
1.68 -0.96 3.54491e-05
1.68 -0.9 4.06118e-05
1.68 -0.84 4.58872e-05
1.68 -0.78 5.11352e-05
1.68 -0.72 5.62006e-05
1.68 -0.66 6.09182e-05
1.68 -0.6 6.51235e-05
1.68 -0.54 6.86636e-05
1.68 -0.48 7.13999e-05
1.68 -0.42 7.3225e-05
1.68 -0.36 7.40644e-05
1.68 -0.3 7.38845e-05
1.68 -0.24 7.26907e-05
1.68 -0.18 7.05339e-05
1.68 -0.12 6.75001e-05
1.68 -0.06 6.37094e-05
1.74 -1.56 2.67983e-06
1.74 -1.5 3.52588e-06
1.74 -1.44 4.57526e-06
1.74 -1.38 5.85539e-06
1.74 -1.32 7.3906e-06
1.74 -1.26 9.20024e-06
1.74 -1.2 1.12955e-05
1.74 -1.14 1.36772e-05
1.74 -1.08 1.63336e-05
1.74 -1.02 1.92377e-05
1.74 -0.96 2.23467e-05
1.74 -0.9 2.56014e-05
1.74 -0.84 2.89268e-05
1.74 -0.78 3.22352e-05
1.74 -0.72 3.54283e-05
1.74 -0.66 3.84023e-05
1.74 -0.6 4.10533e-05
1.74 -0.54 4.32848e-05
1.74 -0.48 4.50097e-05
1.74 -0.42 4.61606e-05
1.74 -0.36 4.66896e-05
1.74 -0.3 4.65761e-05
1.74 -0.24 4.58236e-05
1.74 -0.18 4.44641e-05
1.8 -1.56 1.66612e-06
1.8 -1.5 2.19213e-06
1.8 -1.44 2.84456e-06
1.8 -1.38 3.64045e-06
1.8 -1.32 4.59492e-06
1.8 -1.26 5.72004e-06
1.8 -1.2 7.02272e-06
1.8 -1.14 8.50349e-06
1.8 -1.08 1.01551e-05
1.8 -1.02 1.19606e-05
1.8 -0.96 1.38935e-05
1.8 -0.9 1.59171e-05
1.8 -0.84 1.79846e-05
1.8 -0.78 2.00415e-05
1.8 -0.72 2.20267e-05
1.8 -0.66 2.38757e-05
1.8 -0.6 2.55239e-05
1.8 -0.54 2.69113e-05
1.8 -0.48 2.79837e-05
1.8 -0.42 2.86992e-05
1.86 -1.32 2.81753e-06
1.86 -1.26 3.50741e-06
1.86 -1.2 4.30618e-06
1.86 -1.14 5.21418e-06
1.86 -1.08 6.22686e-06
1.86 -1.02 7.33399e-06
1.86 -0.96 8.51926e-06
1.86 -0.9 9.76003e-06
1.86 -0.84 1.10278e-05
1.86 -0.78 1.22891e-05
1.86 -0.72 1.35064e-05
