2496 0.06 0.06 0.0224418 -12 -12
-3.78 -1.26 9.61702e-07
-3.78 -1.2 1.19222e-06
-3.78 -1.14 1.45765e-06
-3.78 -1.08 1.7577e-06
-3.78 -1.02 2.09037e-06
-3.78 -0.96 2.45185e-06
-3.78 -0.9 2.83628e-06
-3.72 -1.32 1.20924e-06
-3.72 -1.26 1.51998e-06
-3.72 -1.2 1.88427e-06
-3.72 -1.14 2.30383e-06
-3.72 -1.08 2.77805e-06
-3.72 -1.02 3.30381e-06
-3.72 -0.96 3.87512e-06
-3.72 -0.9 4.48274e-06
-3.72 -0.84 5.11434e-06
-3.72 -0.78 5.7547e-06
-3.72 -0.72 6.38631e-06
-3.72 -0.66 6.98976e-06
-3.66 -1.32 1.88493e-06
-3.66 -1.26 2.36929e-06
-3.66 -1.2 2.9372e-06
-3.66 -1.14 3.59114e-06
-3.66 -1.08 4.33034e-06
-3.66 -1.02 5.14996e-06
-3.66 -0.96 6.04048e-06
-3.66 -0.9 6.98757e-06
-3.66 -0.84 7.97209e-06
-3.66 -0.78 8.97031e-06
-3.66 -0.72 9.9547e-06
-3.66 -0.66 1.08954e-05
-3.66 -0.6 1.17611e-05
-3.66 -0.54 1.2521e-05
-3.66 -0.48 1.31467e-05
-3.6 -1.38 2.27372e-06
-3.6 -1.32 2.89782e-06
-3.6 -1.26 3.64244e-06
-3.6 -1.2 4.51546e-06
-3.6 -1.14 5.52085e-06
-3.6 -1.08 6.65728e-06
-3.6 -1.02 7.91725e-06
-3.6 -0.96 9.28621e-06
-3.6 -0.9 1.07423e-05
-3.6 -0.84 1.22559e-05
-3.6 -0.78 1.37906e-05
-3.6 -0.72 1.53041e-05
-3.6 -0.66 1.675e-05
-3.6 -0.6 1.80808e-05
-3.6 -0.54 1.92491e-05
-3.6 -0.48 2.02111e-05
-3.6 -0.42 2.09297e-05
-3.6 -0.36 2.13756e-05
-3.54 -1.44 2.66779e-06
-3.54 -1.38 3.44743e-06
-3.54 -1.32 4.39372e-06
-3.54 -1.26 5.52277e-06
-3.54 -1.2 6.84643e-06
-3.54 -1.14 8.37078e-06
-3.54 -1.08 1.00939e-05
-3.54 -1.02 1.20041e-05
-3.54 -0.96 1.40801e-05
-3.54 -0.9 1.62878e-05
-3.54 -0.84 1.85826e-05
-3.54 -0.78 2.09093e-05
-3.54 -0.72 2.32042e-05
-3.54 -0.66 2.53969e-05
-3.54 -0.6 2.74146e-05
-3.54 -0.54 2.91857e-05
-3.54 -0.48 3.06447e-05
-3.54 -0.42 3.17338e-05
-3.54 -0.36 3.241e-05
-3.54 -0.3 3.26458e-05
-3.54 -0.24 3.24313e-05
-3.54 -0.18 3.17753e-05
-3.48 -1.44 3.98936e-06
-3.48 -1.38 5.15521e-06
-3.48 -1.32 6.57022e-06
-3.48 -1.26 8.2586e-06
-3.48 -1.2 1.0238e-05
-3.48 -1.14 1.25175e-05
-3.48 -1.08 1.50941e-05
-3.48 -1.02 1.79509e-05
-3.48 -0.96 2.10551e-05
-3.48 -0.9 2.43564e-05
-3.48 -0.84 2.77879e-05
-3.48 -0.78 3.12672e-05
-3.48 -0.72 3.46988e-05
-3.48 -0.66 3.79779e-05
-3.48 -0.6 4.09951e-05
-3.48 -0.54 4.36438e-05
-3.48 -0.48 4.58253e-05
-3.48 -0.42 4.74536e-05
-3.48 -0.36 4.84652e-05
-3.48 -0.3 4.88178e-05
-3.48 -0.24 4.84971e-05
-3.48 -0.18 4.75161e-05
-3.48 -0.12 4.59147e-05
-3.42 -1.5 4.49043e-06
-3.42 -1.44 5.88359e-06
-3.42 -1.38 7.603e-06
-3.42 -1.32 9.68988e-06
-3.42 -1.26 1.21799e-05
-3.42 -1.2 1.50993e-05
-3.42 -1.14 1.84612e-05
-3.42 -1.08 2.2261e-05
-3.42 -1.02 2.64744e-05
-3.42 -0.96 3.10525e-05
-3.42 -0.9 3.59212e-05
-3.42 -0.84 4.09823e-05
-3.42 -0.78 4.61137e-05
-3.42 -0.72 5.11745e-05
-3.42 -0.66 5.60106e-05
-3.42 -0.6 6.04604e-05
-3.42 -0.54 6.4367e-05
-3.42 -0.48 6.75841e-05
-3.42 -0.42 6.99858e-05
-3.42 -0.36 7.14776e-05
-3.42 -0.3 7.19976e-05
-3.42 -0.24 7.15245e-05
-3.42 -0.18 7.00778e-05
-3.42 -0.12 6.77161e-05
-3.42 -0.06 6.45352e-05
-3.42 9.71445e-15 6.06575e-05
-3.36 -1.5 6.53155e-06
-3.36 -1.44 8.55796e-06
-3.36 -1.38 1.10589e-05
-3.36 -1.32 1.40945e-05
-3.36 -1.26 1.77164e-05
-3.36 -1.2 2.19626e-05
-3.36 -1.14 2.68527e-05
-3.36 -1.08 3.23799e-05
-3.36 -1.02 3.85083e-05
-3.36 -0.96 4.51673e-05
-3.36 -0.9 5.22492e-05
-3.36 -0.84 5.96106e-05
-3.36 -0.78 6.70744e-05
-3.36 -0.72 7.4436e-05
-3.36 -0.66 8.14702e-05
-3.36 -0.6 8.7943e-05
-3.36 -0.54 9.36248e-05
-3.36 -0.48 9.83046e-05
-3.36 -0.42 0.000101798
-3.36 -0.36 0.000103968
-3.36 -0.3 0.000104724
-3.36 -0.24 0.000104036
-3.36 -0.18 0.000101932
-3.36 -0.12 9.84962e-05
-3.36 -0.06 9.38697e-05
-3.36 9.71445e-15 8.82291e-05
-3.36 0.06 8.17898e-05
-3.3 -1.56 7.05284e-06
-3.3 -1.5 9.36983e-06
-3.3 -1.44 1.22769e-05
-3.3 -1.38 1.58648e-05
-3.3 -1.32 2.02194e-05
-3.3 -1.26 2.54151e-05
-3.3 -1.2 3.15067e-05
-3.3 -1.14 3.85215e-05
-3.3 -1.08 4.64511e-05
-3.3 -1.02 5.52422e-05
-3.3 -0.96 6.47948e-05
-3.3 -0.9 7.49543e-05
-3.3 -0.84 8.55145e-05
-3.3 -0.78 9.62226e-05
-3.3 -0.72 0.000106783
-3.3 -0.66 0.000116873
-3.3 -0.6 0.00012616
-3.3 -0.54 0.000134309
-3.3 -0.48 0.000141023
-3.3 -0.42 0.000146035
-3.3 -0.36 0.000149148
-3.3 -0.3 0.000150233
-3.3 -0.24 0.000149246
-3.3 -0.18 0.000146226
-3.3 -0.12 0.000141299
-3.3 -0.06 0.000134661
-3.3 9.71445e-15 0.000126571
-3.3 0.06 0.000117332
-3.3 0.12 0.000107272
-3.3 0.18 9.67262e-05
-3.24 -1.56 9.97866e-06
-3.24 -1.5 1.32569e-05
-3.24 -1.44 1.73699e-05
-3.24 -1.38 2.24462e-05
-3.24 -1.32 2.86073e-05
-3.24 -1.26 3.59581e-05
-3.24 -1.2 4.4577e-05
-3.24 -1.14 5.45013e-05
-3.24 -1.08 6.57208e-05
-3.24 -1.02 7.81591e-05
-3.24 -0.96 9.16745e-05
-3.24 -0.9 0.000106049
-3.24 -0.84 0.000120991
-3.24 -0.78 0.000136141
-3.24 -0.72 0.000151081
-3.24 -0.66 0.000165357
-3.24 -0.6 0.000178495
-3.24 -0.54 0.000190027
-3.24 -0.48 0.000199524
-3.24 -0.42 0.000206617
-3.24 -0.36 0.000211019
-3.24 -0.3 0.000212554
-3.24 -0.24 0.000211157
-3.24 -0.18 0.000206886
-3.24 -0.12 0.000199915
-3.24 -0.06 0.000190522
-3.24 9.71445e-15 0.000179078
-3.24 0.06 0.000166004
-3.24 0.12 0.000151772
-3.24 0.18 0.000136851
-3.24 0.24 0.000121702
-3.18 -1.62 1.03368e-05
-3.18 -1.56 1.39242e-05
-3.18 -1.5 1.84984e-05
-3.18 -1.44 2.42377e-05
-3.18 -1.38 3.1321e-05
-3.18 -1.32 3.9918e-05
-3.18 -1.26 5.01757e-05
-3.18 -1.2 6.22019e-05
-3.18 -1.14 7.60517e-05
-3.18 -1.08 9.1705e-05
-3.18 -1.02 0.000109063
-3.18 -0.96 0.000127921
-3.18 -0.9 0.000147979
-3.18 -0.84 0.000168829
-3.18 -0.78 0.000189968
-3.18 -0.72 0.000210817
-3.18 -0.66 0.000230738
-3.18 -0.6 0.000249068
-3.18 -0.54 0.000265164
-3.18 -0.48 0.000278414
-3.18 -0.42 0.000288311
-3.18 -0.36 0.000294455
-3.18 -0.3 0.000296596
-3.18 -0.24 0.000294646
-3.18 -0.18 0.000288687
-3.18 -0.12 0.000278959
-3.18 -0.06 0.000265856
-3.18 9.71445e-15 0.000249882
-3.18 0.06 0.000231643
-3.18 0.12 0.000211782
-3.18 0.18 0.000190962
-3.18 0.24 0.000169822
-3.18 0.3 0.000148947
-3.12 -1.62 1.42258e-05
-3.12 -1.56 1.91626e-05
-3.12 -1.5 2.54579e-05
-3.12 -1.44 3.33563e-05
-3.12 -1.38 4.31045e-05
-3.12 -1.32 5.4936e-05
-3.12 -1.26 6.90522e-05
-3.12 -1.2 8.56037e-05
-3.12 -1.14 0.000104662
-3.12 -1.08 0.000126207
-3.12 -1.02 0.000150093
-3.12 -0.96 0.000176047
-3.12 -0.9 0.00020365
-3.12 -0.84 0.000232343
-3.12 -0.78 0.000261436
-3.12 -0.72 0.000290129
-3.12 -0.66 0.000317543
-3.12 -0.6 0.000342774
-3.12 -0.54 0.000364917
-3.12 -0.48 0.000383157
-3.12 -0.42 0.000396775
-3.12 -0.36 0.000405233
-3.12 -0.3 0.000408181
-3.12 -0.24 0.000405497
-3.12 -0.18 0.000397293
-3.12 -0.12 0.000383909
-3.12 -0.06 0.00036587
-3.12 9.71445e-15 0.000343892
-3.12 0.06 0.000318788
-3.12 0.12 0.000291455
-3.12 0.18 0.000262803
-3.12 0.24 0.000233712
-3.12 0.3 0.000204983
-3.12 0.36 0.000177313
-3.06 -1.62 1.93085e-05
-3.06 -1.56 2.60091e-05
-3.06 -1.5 3.45535e-05
-3.06 -1.44 4.52739e-05
-3.06 -1.38 5.85049e-05
-3.06 -1.32 7.45639e-05
-3.06 -1.26 9.37242e-05
-3.06 -1.2 0.000116188
-3.06 -1.14 0.000142059
-3.06 -1.08 0.000171298
-3.06 -1.02 0.00020372
-3.06 -0.96 0.000238946
-3.06 -0.9 0.000276413
-3.06 -0.84 0.000315359
-3.06 -0.78 0.000354845
-3.06 -0.72 0.000393791
-3.06 -0.66 0.000431
-3.06 -0.6 0.000465241
-3.06 -0.54 0.000495303
-3.06 -0.48 0.000520055
-3.06 -0.42 0.000538544
-3.06 -0.36 0.00055002
-3.06 -0.3 0.000554019
-3.06 -0.24 0.000550377
-3.06 -0.18 0.000539244
-3.06 -0.12 0.000521071
-3.06 -0.06 0.000496599
-3.06 9.71445e-15 0.000466759
-3.06 0.06 0.00043269
-3.06 0.12 0.000395592
-3.06 0.18 0.000356704
-3.06 0.24 0.000317215
-3.06 0.3 0.000278221
-3.06 0.36 0.000240667
-3.06 0.42 0.000205319
-3 -1.68 1.89243e-05
-3 -1.62 2.58471e-05
-3 -1.56 3.48168e-05
-3 -1.5 4.6255e-05
-3 -1.44 6.0606e-05
-3 -1.38 7.83177e-05
-3 -1.32 9.98139e-05
-3 -1.26 0.000125463
-3 -1.2 0.000155535
-3 -1.14 0.000190163
-3 -1.08 0.000229307
-3 -1.02 0.000272707
-3 -0.96 0.000319865
-3 -0.9 0.000370019
-3 -0.84 0.000422153
-3 -0.78 0.000475011
-3 -0.72 0.00052714
-3 -0.66 0.000576956
-3 -0.6 0.000622788
-3 -0.54 0.000663032
-3 -0.48 0.000696168
-3 -0.42 0.00072091
-3 -0.36 0.000736266
-3 -0.3 0.000741625
-3 -0.24 0.000736755
-3 -0.18 0.000721855
-3 -0.12 0.000697528
-3 -0.06 0.000664759
-3 9.71445e-15 0.000624826
-3 0.06 0.000579213
-3 0.12 0.000529554
-3 0.18 0.000477491
-3 0.24 0.000424632
-3 0.3 0.000372437
-3 0.36 0.000322167
-3 0.42 0.000274849
-3 0.48 0.000231257
-2.94 -1.68 2.49846e-05
-2.94 -1.62 3.41244e-05
-2.94 -1.56 4.59666e-05
-2.94 -1.5 6.10676e-05
-2.94 -1.44 8.00141e-05
-2.94 -1.38 0.000103398
-2.94 -1.32 0.000131778
-2.94 -1.26 0.00016564
-2.94 -1.2 0.000205344
-2.94 -1.14 0.00025106
-2.94 -1.08 0.000302741
-2.94 -1.02 0.000360039
-2.94 -0.96 0.000422298
-2.94 -0.9 0.000488511
-2.94 -0.84 0.000557339
-2.94 -0.78 0.000627125
-2.94 -0.72 0.000695948
-2.94 -0.66 0.000761715
-2.94 -0.6 0.000822234
-2.94 -0.54 0.000875354
-2.94 -0.48 0.000919104
-2.94 -0.42 0.000951767
-2.94 -0.36 0.000972057
-2.94 -0.3 0.000979128
-2.94 -0.24 0.000972689
-2.94 -0.18 0.000953019
-2.94 -0.12 0.000920909
-2.94 -0.06 0.000877635
-2.94 9.71445e-15 0.000824918
-2.94 0.06 0.000764701
-2.94 0.12 0.000699131
-2.94 0.18 0.000630401
-2.94 0.24 0.000560618
-2.94 0.3 0.000491704
-2.94 0.36 0.000425336
-2.94 0.42 0.000362868
-2.94 0.48 0.000305315
-2.94 0.54 0.000253363
-2.88 -1.68 3.25323e-05
-2.88 -1.62 4.44328e-05
-2.88 -1.56 5.98528e-05
-2.88 -1.5 7.95154e-05
-2.88 -1.44 0.000104185
-2.88 -1.38 0.000134633
-2.88 -1.32 0.000171587
-2.88 -1.26 0.000215678
-2.88 -1.2 0.000267376
-2.88 -1.14 0.000326902
-2.88 -1.08 0.000394195
-2.88 -1.02 0.000468804
-2.88 -0.96 0.000549869
-2.88 -0.9 0.000636082
-2.88 -0.84 0.000725703
-2.88 -0.78 0.000816573
-2.88 -0.72 0.000906184
-2.88 -0.66 0.000991817
-2.88 -0.6 0.00107062
-2.88 -0.54 0.00113979
-2.88 -0.48 0.00119675
-2.88 -0.42 0.00123929
-2.88 -0.36 0.00126571
-2.88 -0.3 0.00127491
-2.88 -0.24 0.00126653
-2.88 -0.18 0.00124091
-2.88 -0.12 0.00119911
-2.88 -0.06 0.00114276
-2.88 9.71445e-15 0.00107411
-2.88 0.06 0.000995709
-2.88 0.12 0.000910327
-2.88 0.18 0.000820843
-2.88 0.24 0.000729977
-2.88 0.3 0.000640243
-2.88 0.36 0.000553824
-2.88 0.42 0.000472487
-2.88 0.48 0.00039755
-2.88 0.54 0.000329901
-2.88 0.6 0.000270001
-2.82 -1.68 4.17776e-05
-2.82 -1.62 5.70602e-05
-2.82 -1.56 7.68625e-05
-2.82 -1.5 0.000102113
-2.82 -1.44 0.000133794
-2.82 -1.38 0.000172894
-2.82 -1.32 0.00022035
-2.82 -1.26 0.000276971
-2.82 -1.2 0.000343362
-2.82 -1.14 0.000419806
-2.82 -1.08 0.000506221
-2.82 -1.02 0.000602034
-2.82 -0.96 0.000706137
-2.82 -0.9 0.000816852
-2.82 -0.84 0.000931943
-2.82 -0.78 0.00104864
-2.82 -0.72 0.00116371
-2.82 -0.66 0.00127368
-2.82 -0.6 0.00137488
-2.82 -0.54 0.00146371
-2.82 -0.48 0.00153686
-2.82 -0.42 0.00159148
-2.82 -0.36 0.00162541
-2.82 -0.3 0.00163723
-2.82 -0.24 0.00162646
-2.82 -0.18 0.00159357
-2.82 -0.12 0.00153988
-2.82 -0.06 0.00146753
-2.82 9.71445e-15 0.00137937
-2.82 0.06 0.00127868
-2.82 0.12 0.00116903
-2.82 0.18 0.00105412
-2.82 0.24 0.000937429
-2.82 0.3 0.000822193
-2.82 0.36 0.000711217
-2.82 0.42 0.000606763
-2.82 0.48 0.000510529
-2.82 0.54 0.000423656
-2.82 0.6 0.000346732
-2.82 0.66 0.000279877
-2.76 -1.74 3.8209e-05
-2.76 -1.68 5.29132e-05
-2.76 -1.62 7.2269e-05
-2.76 -1.56 9.73492e-05
-2.76 -1.5 0.00012933
-2.76 -1.44 0.000169455
-2.76 -1.38 0.000218977
-2.76 -1.32 0.000279081
-2.76 -1.26 0.000350797
-2.76 -1.2 0.000434881
-2.76 -1.14 0.000531703
-2.76 -1.08 0.000641148
-2.76 -1.02 0.000762499
-2.76 -0.96 0.000894352
-2.76 -0.9 0.00103458
-2.76 -0.84 0.00118034
-2.76 -0.78 0.00132813
-2.76 -0.72 0.00147388
-2.76 -0.66 0.00161318
-2.76 -0.6 0.00174134
-2.76 -0.54 0.00185385
-2.76 -0.48 0.0019465
-2.76 -0.42 0.00201566
-2.76 -0.36 0.00205864
-2.76 -0.3 0.00207361
-2.76 -0.24 0.00205999
-2.76 -0.18 0.00201833
-2.76 -0.12 0.00195032
-2.76 -0.06 0.00185869
-2.76 9.71445e-15 0.00174702
-2.76 0.06 0.0016195
-2.76 0.12 0.00148064
-2.76 0.18 0.00133508
-2.76 0.24 0.00118729
-2.76 0.3 0.00104134
-2.76 0.36 0.000900788
-2.76 0.42 0.000768489
-2.76 0.48 0.000646603
-2.76 0.54 0.000536576
-2.76 0.6 0.000439153
-2.76 0.66 0.000354473
-2.76 0.72 0.000282194
-2.7 -1.74 4.7728e-05
-2.7 -1.68 6.60955e-05
-2.7 -1.62 9.02735e-05
-2.7 -1.56 0.000121601
-2.7 -1.5 0.00016155
-2.7 -1.44 0.000211672
-2.7 -1.38 0.00027353
-2.7 -1.32 0.000348611
-2.7 -1.26 0.000438194
-2.7 -1.2 0.000543219
-2.7 -1.14 0.000664164
-2.7 -1.08 0.000800879
-2.7 -1.02 0.000952451
-2.7 -0.96 0.00111716
-2.7 -0.9 0.00129233
-2.7 -0.84 0.0014744
-2.7 -0.78 0.00165901
-2.7 -0.72 0.0018411
-2.7 -0.66 0.00201507
-2.7 -0.6 0.00217516
-2.7 -0.54 0.00231569
-2.7 -0.48 0.00243145
-2.7 -0.42 0.00251786
-2.7 -0.36 0.00257151
-2.7 -0.3 0.00259022
-2.7 -0.24 0.00257321
-2.7 -0.18 0.00252116
-2.7 -0.12 0.00243618
-2.7 -0.06 0.00232174
-2.7 9.71445e-15 0.00218225
-2.7 0.06 0.00202297
-2.7 0.12 0.00184952
-2.7 0.18 0.00166769
-2.7 0.24 0.00148308
-2.7 0.3 0.00130078
-2.7 0.36 0.0011252
-2.7 0.42 0.000959937
-2.7 0.48 0.000807694
-2.7 0.54 0.000670255
-2.7 0.6 0.000548561
-2.7 0.66 0.000442784
-2.7 0.72 0.000352494
-2.64 -1.74 5.87987e-05
-2.64 -1.68 8.1427e-05
-2.64 -1.62 0.000111214
-2.64 -1.56 0.000149808
-2.64 -1.5 0.000199022
-2.64 -1.44 0.000260771
-2.64 -1.38 0.000336981
-2.64 -1.32 0.000429477
-2.64 -1.26 0.000539834
-2.64 -1.2 0.000669223
-2.64 -1.14 0.000818226
-2.64 -1.08 0.000986655
-2.64 -1.02 0.00117339
-2.64 -0.96 0.00137628
-2.64 -0.9 0.00159209
-2.64 -0.84 0.00181641
-2.64 -0.78 0.00204386
-2.64 -0.72 0.00226817
-2.64 -0.66 0.00248247
-2.64 -0.6 0.0026797
-2.64 -0.54 0.00285285
-2.64 -0.48 0.00299542
-2.64 -0.42 0.00310192
-2.64 -0.36 0.00316801
-2.64 -0.3 0.00319104
-2.64 -0.24 0.00317007
-2.64 -0.18 0.00310592
-2.64 -0.12 0.00300128
-2.64 -0.06 0.0028603
-2.64 9.71445e-15 0.00268847
-2.64 0.06 0.00249218
-2.64 0.12 0.00227853
-2.64 0.18 0.00205454
-2.64 0.24 0.00182709
-2.64 0.3 0.0016025
-2.64 0.36 0.00138619
-2.64 0.42 0.0011826
-2.64 0.48 0.00099505
-2.64 0.54 0.00082573
-2.64 0.6 0.0006758
-2.64 0.66 0.000545498
-2.64 0.72 0.000434259
-2.64 0.78 0.000340958
-2.58 -1.74 7.14423e-05
-2.58 -1.68 9.89363e-05
-2.58 -1.62 0.000135126
-2.58 -1.56 0.000182022
-2.58 -1.5 0.000241819
-2.58 -1.44 0.000316843
-2.58 -1.38 0.000409437
-2.58 -1.32 0.000521817
-2.58 -1.26 0.000655913
-2.58 -1.2 0.000813129
-2.58 -1.14 0.00099417
-2.58 -1.08 0.0011988
-2.58 -1.02 0.00142571
-2.58 -0.96 0.00167224
-2.58 -0.9 0.00193443
-2.58 -0.84 0.00220698
-2.58 -0.78 0.00248332
-2.58 -0.72 0.00275585
-2.58 -0.66 0.00301628
-2.58 -0.6 0.00325591
-2.58 -0.54 0.0034663
-2.58 -0.48 0.00363953
-2.58 -0.42 0.00376887
-2.58 -0.36 0.0038492
-2.58 -0.3 0.0038772
-2.58 -0.24 0.00385173
-2.58 -0.18 0.00377383
-2.58 -0.12 0.00364666
-2.58 -0.06 0.00347535
-2.58 9.71445e-15 0.00326653
-2.58 0.06 0.00302812
-2.58 0.12 0.00276846
-2.58 0.18 0.00249631
-2.58 0.24 0.00221997
-2.58 0.3 0.00194709
-2.58 0.36 0.00168427
-2.58 0.42 0.0014369
-2.58 0.48 0.00120901
-2.58 0.54 0.00100328
-2.58 0.6 0.000821119
-2.58 0.66 0.000662786
-2.58 0.72 0.000527639
-2.58 0.78 0.000414271
-2.58 0.84 0.00032079
-2.52 -1.74 8.5611e-05
-2.52 -1.68 0.000118557
-2.52 -1.62 0.000161928
-2.52 -1.56 0.00021812
-2.52 -1.5 0.000289776
-2.52 -1.44 0.000379682
-2.52 -1.38 0.000490644
-2.52 -1.32 0.000625318
-2.52 -1.26 0.000785997
-2.52 -1.2 0.000974391
-2.52 -1.14 0.00119133
-2.52 -1.08 0.00143657
-2.52 -1.02 0.00170845
-2.52 -0.96 0.00200387
-2.52 -0.9 0.00231808
-2.52 -0.84 0.00264469
-2.52 -0.78 0.00297585
-2.52 -0.72 0.00330244
-2.52 -0.66 0.00361448
-2.52 -0.6 0.00390165
-2.52 -0.54 0.00415374
-2.52 -0.48 0.00436133
-2.52 -0.42 0.00451638
-2.52 -0.36 0.0046126
-2.52 -0.3 0.00464615
-2.52 -0.24 0.00461561
-2.52 -0.18 0.00452222
-2.52 -0.12 0.00436986
-2.52 -0.06 0.00416458
-2.52 9.71445e-15 0.00391441
-2.52 0.06 0.00362861
-2.52 0.12 0.00331754
-2.52 0.18 0.0029914
-2.52 0.24 0.00266024
-2.52 0.3 0.00233324
-2.52 0.36 0.00201829
-2.52 0.42 0.00172187
-2.52 0.48 0.00144878
-2.52 0.54 0.00120226
-2.52 0.6 0.000983964
-2.52 0.66 0.000794242
-2.52 0.72 0.000632282
-2.52 0.78 0.000496435
-2.52 0.84 0.000384416
-2.46 -1.74 0.000101179
-2.46 -1.68 0.000140118
-2.46 -1.62 0.000191373
-2.46 -1.56 0.000257785
-2.46 -1.5 0.000342474
-2.46 -1.44 0.000448726
-2.46 -1.38 0.000579862
-2.46 -1.32 0.000739029
-2.46 -1.26 0.000928937
-2.46 -1.2 0.00115158
-2.46 -1.14 0.00140799
-2.46 -1.08 0.00169781
-2.46 -1.02 0.00201913
-2.46 -0.96 0.00236829
-2.46 -0.9 0.00273963
-2.46 -0.84 0.00312561
-2.46 -0.78 0.00351697
-2.46 -0.72 0.00390298
-2.46 -0.66 0.0042718
-2.46 -0.6 0.0046112
-2.46 -0.54 0.00490909
-2.46 -0.48 0.00515449
-2.46 -0.42 0.00533766
-2.46 -0.36 0.00545145
-2.46 -0.3 0.0054911
-2.46 -0.24 0.00545502
-2.46 -0.18 0.00534466
-2.46 -0.12 0.00516454
-2.46 -0.06 0.00492195
-2.46 9.71445e-15 0.00462621
-2.46 0.06 0.00428855
-2.46 0.12 0.00392084
-2.46 0.18 0.0035354
-2.46 0.24 0.00314404
-2.46 0.3 0.00275757
-2.46 0.36 0.00238535
-2.46 0.42 0.002035
-2.46 0.48 0.00171226
-2.46 0.54 0.00142088
-2.46 0.6 0.00116291
-2.46 0.66 0.000938671
-2.46 0.72 0.000747265
-2.46 0.78 0.000586708
-2.46 0.84 0.000454317
-2.46 0.9 0.000346966
-2.4 -1.74 0.000117935
-2.4 -1.68 0.000163323
-2.4 -1.62 0.000223065
-2.4 -1.56 0.000300479
-2.4 -1.5 0.00039919
-2.4 -1.44 0.000523039
-2.4 -1.38 0.000675896
-2.4 -1.32 0.000861413
-2.4 -1.26 0.00108277
-2.4 -1.2 0.0013423
-2.4 -1.14 0.00164117
-2.4 -1.08 0.00197895
-2.4 -1.02 0.00235354
-2.4 -0.96 0.0027605
-2.4 -0.9 0.00319334
-2.4 -0.84 0.00364328
-2.4 -0.78 0.00409945
-2.4 -0.72 0.00454935
-2.4 -0.66 0.00497923
-2.4 -0.6 0.0053748
-2.4 -0.54 0.00572214
-2.4 -0.48 0.00600808
-2.4 -0.42 0.00622164
-2.4 -0.36 0.00635423
-2.4 -0.3 0.00640043
-2.4 -0.24 0.00635837
-2.4 -0.18 0.00622977
-2.4 -0.12 0.00601985
-2.4 -0.06 0.00573707
-2.4 9.71445e-15 0.00539236
-2.4 0.06 0.00499878
-2.4 0.12 0.00457016
-2.4 0.18 0.0041209
-2.4 0.24 0.0036647
-2.4 0.3 0.00321422
-2.4 0.36 0.00278037
-2.4 0.42 0.00237202
-2.4 0.48 0.00199582
-2.4 0.54 0.00165621
-2.4 0.6 0.00135549
-2.4 0.66 0.00109412
-2.4 0.72 0.000871018
-2.4 0.78 0.000683871
-2.4 0.84 0.000529559
-2.4 0.9 0.000404427
-2.34 -1.74 0.000135578
-2.34 -1.68 0.000187753
-2.34 -1.62 0.000256434
-2.34 -1.56 0.000345427
-2.34 -1.5 0.000458902
-2.34 -1.44 0.000601283
-2.34 -1.38 0.000777005
-2.34 -1.32 0.000990274
-2.34 -1.26 0.00124474
-2.34 -1.2 0.00154308
-2.34 -1.14 0.00188666
-2.34 -1.08 0.002275
-2.34 -1.02 0.0027056
-2.34 -0.96 0.00317343
-2.34 -0.9 0.00367104
-2.34 -0.84 0.00418828
-2.34 -0.78 0.0047127
-2.34 -0.72 0.00522986
-2.34 -0.66 0.00572409
-2.34 -0.6 0.00617878
-2.34 -0.54 0.0065781
-2.34 -0.48 0.00690679
-2.34 -0.42 0.00715231
-2.34 -0.36 0.0073047
-2.34 -0.3 0.00735778
-2.34 -0.24 0.00730946
-2.34 -0.18 0.00716163
-2.34 -0.12 0.00692032
-2.34 -0.06 0.00659524
-2.34 9.71445e-15 0.00619903
-2.34 0.06 0.0057465
-2.34 0.12 0.00525381
-2.34 0.18 0.00473731
-2.34 0.24 0.00421287
-2.34 0.3 0.003695
-2.34 0.36 0.00319626
-2.34 0.42 0.00272683
-2.34 0.48 0.00229436
-2.34 0.54 0.00190396
-2.34 0.6 0.00155825
-2.34 0.66 0.00125779
-2.34 0.72 0.00100131
-2.34 0.78 0.000786175
-2.34 0.84 0.000608777
-2.34 0.9 0.000464926
-2.34 0.96 0.000350188
-2.28 -1.74 0.000153716
-2.28 -1.68 0.000212871
-2.28 -1.62 0.000290742
-2.28 -1.56 0.000391639
-2.28 -1.5 0.000520298
-2.28 -1.44 0.000681727
-2.28 -1.38 0.000880958
-2.28 -1.32 0.00112276
-2.28 -1.26 0.00141127
-2.28 -1.2 0.00174953
-2.28 -1.14 0.00213906
-2.28 -1.08 0.00257936
-2.28 -1.02 0.00306756
-2.28 -0.96 0.003598
-2.28 -0.9 0.00416217
-2.28 -0.84 0.00474861
-2.28 -0.78 0.00534318
-2.28 -0.72 0.00592954
-2.28 -0.66 0.00648989
-2.28 -0.6 0.00700541
-2.28 -0.54 0.00745815
-2.28 -0.48 0.00783083
-2.28 -0.42 0.00810918
-2.28 -0.36 0.00828195
-2.28 -0.3 0.00834214
-2.28 -0.24 0.00828737
-2.28 -0.18 0.00811977
-2.28 -0.12 0.00784614
-2.28 -0.06 0.00747758
-2.28 9.71445e-15 0.00702837
-2.28 0.06 0.00651529
-2.28 0.12 0.00595669
-2.28 0.18 0.00537109
-2.28 0.24 0.00477647
-2.28 0.3 0.00418935
-2.28 0.36 0.00362388
-2.28 0.42 0.00309163
-2.28 0.48 0.00260131
-2.28 0.54 0.00215869
-2.28 0.6 0.00176672
-2.28 0.66 0.00142607
-2.28 0.72 0.00113527
-2.28 0.78 0.000891355
-2.28 0.84 0.000690223
-2.28 0.9 0.000527126
-2.28 0.96 0.000397038
-2.22 -1.74 0.000171885
-2.22 -1.68 0.000238034
-2.22 -1.62 0.000325107
-2.22 -1.56 0.000437931
-2.22 -1.5 0.000581796
-2.22 -1.44 0.000762306
-2.22 -1.38 0.000985085
-2.22 -1.32 0.00125547
-2.22 -1.26 0.00157809
-2.22 -1.2 0.00195632
-2.22 -1.14 0.00239191
-2.22 -1.08 0.00288424
-2.22 -1.02 0.00343015
-2.22 -0.96 0.00402327
-2.22 -0.9 0.00465414
-2.22 -0.84 0.00530989
-2.22 -0.78 0.00597474
-2.22 -0.72 0.00663044
-2.22 -0.66 0.007257
-2.22 -0.6 0.00783343
-2.22 -0.54 0.00833971
-2.22 -0.48 0.00875645
-2.22 -0.42 0.00906772
-2.22 -0.36 0.00926091
-2.22 -0.3 0.00932822
-2.22 -0.24 0.00926696
-2.22 -0.18 0.00907952
-2.22 -0.12 0.00877356
-2.22 -0.06 0.00836146
-2.22 9.71445e-15 0.00785911
-2.22 0.06 0.00728541
-2.22 0.12 0.00666079
-2.22 0.18 0.00600598
-2.22 0.24 0.00534108
-2.22 0.3 0.00468453
-2.22 0.36 0.00405223
-2.22 0.42 0.00345706
-2.22 0.48 0.0029088
-2.22 0.54 0.00241384
-2.22 0.6 0.00197555
-2.22 0.66 0.00159463
-2.22 0.72 0.00126945
-2.22 0.78 0.000996711
-2.22 0.84 0.000771806
-2.22 0.9 0.000589431
-2.22 0.96 0.000443969
-2.16 -1.74 0.000189559
-2.16 -1.68 0.000262512
-2.16 -1.62 0.000358538
-2.16 -1.56 0.000482962
-2.16 -1.5 0.000641621
-2.16 -1.44 0.000840687
-2.16 -1.38 0.00108637
-2.16 -1.32 0.00138457
-2.16 -1.26 0.00174036
-2.16 -1.2 0.00215748
-2.16 -1.14 0.00263788
-2.16 -1.08 0.00318083
-2.16 -1.02 0.00378286
-2.16 -0.96 0.00443697
-2.16 -0.9 0.0051327
-2.16 -0.84 0.00585588
-2.16 -0.78 0.0065891
-2.16 -0.72 0.00731228
-2.16 -0.66 0.0080032
-2.16 -0.6 0.00863904
-2.16 -0.54 0.00919725
-2.16 -0.48 0.00965687
-2.16 -0.42 0.0100002
-2.16 -0.36 0.0102133
-2.16 -0.3 0.0102875
-2.16 -0.24 0.0102199
-2.16 -0.18 0.0100132
-2.16 -0.12 0.00967575
-2.16 -0.06 0.00922131
-2.16 9.71445e-15 0.00866722
-2.16 0.06 0.00803459
-2.16 0.12 0.00734572
-2.16 0.18 0.00662361
-2.16 0.24 0.00589035
-2.16 0.3 0.00516627
-2.16 0.36 0.00446892
-2.16 0.42 0.00381255
-2.16 0.48 0.00320793
-2.16 0.54 0.00266204
-2.16 0.6 0.0021787
-2.16 0.66 0.00175861
-2.16 0.72 0.0014
-2.16 0.78 0.00109919
-2.16 0.84 0.000851167
-2.16 0.9 0.000650046
-2.16 0.96 0.000489623
-2.16 1.02 0.000363717
-2.1 -1.74 0.000206179
-2.1 -1.68 0.000285526
-2.1 -1.62 0.000389972
-2.1 -1.56 0.000525307
-2.1 -1.5 0.000697878
-2.1 -1.44 0.000914395
-2.1 -1.38 0.00118162
-2.1 -1.32 0.00150596
-2.1 -1.26 0.00189293
-2.1 -1.2 0.00234666
-2.1 -1.14 0.00286912
-2.1 -1.08 0.00345971
-2.1 -1.02 0.00411453
-2.1 -0.96 0.00482599
-2.1 -0.9 0.00558265
-2.1 -0.84 0.00636924
-2.1 -0.78 0.00716679
-2.1 -0.72 0.00795331
-2.1 -0.66 0.0087048
-2.1 -0.6 0.00939651
-2.1 -0.54 0.0100036
-2.1 -0.48 0.0105035
-2.1 -0.42 0.0108769
-2.1 -0.36 0.0111087
-2.1 -0.3 0.0111895
-2.1 -0.24 0.0111159
-2.1 -0.18 0.010891
-2.1 -0.12 0.0105241
-2.1 -0.06 0.0100297
-2.1 9.71445e-15 0.00942711
-2.1 0.06 0.00873896
-2.1 0.12 0.00798966
-2.1 0.18 0.00720429
-2.1 0.24 0.00640678
-2.1 0.3 0.00561922
-2.1 0.36 0.00486071
-2.1 0.42 0.00414685
-2.1 0.48 0.00348917
-2.1 0.54 0.00289542
-2.1 0.6 0.00236971
-2.1 0.66 0.00191279
-2.1 0.72 0.00152275
-2.1 0.78 0.00119557
-2.1 0.84 0.00092579
-2.1 0.9 0.000707035
-2.1 0.96 0.000532543
-2.1 1.02 0.000395604
-2.04 -1.74 0.000221174
-2.04 -1.68 0.000306288
-2.04 -1.62 0.000418331
-2.04 -1.56 0.000563503
-2.04 -1.5 0.00074863
-2.04 -1.44 0.000980898
-2.04 -1.38 0.00126756
-2.04 -1.32 0.00161547
-2.04 -1.26 0.00203061
-2.04 -1.2 0.00251731
-2.04 -1.14 0.00307776
-2.04 -1.08 0.0037113
-2.04 -1.02 0.00441371
-2.04 -0.96 0.00517697
-2.04 -0.9 0.00598871
-2.04 -0.84 0.00683248
-2.04 -0.78 0.00768797
-2.04 -0.72 0.00853169
-2.04 -0.66 0.00933795
-2.04 -0.6 0.0100797
-2.04 -0.54 0.0107311
-2.04 -0.48 0.0112674
-2.04 -0.42 0.0116678
-2.04 -0.36 0.0119164
-2.04 -0.3 0.0120031
-2.04 -0.24 0.0119243
-2.04 -0.18 0.0116831
-2.04 -0.12 0.0112894
-2.04 -0.06 0.010759
-2.04 9.71445e-15 0.0101127
-2.04 0.06 0.0093745
-2.04 0.12 0.00857076
-2.04 0.18 0.00772812
-2.04 0.24 0.00687263
-2.04 0.3 0.00602785
-2.04 0.36 0.00521423
-2.04 0.42 0.0044484
-2.04 0.48 0.00374286
-2.04 0.54 0.003106
-2.04 0.6 0.00254205
-2.04 0.66 0.00205187
-2.04 0.72 0.00163348
-2.04 0.78 0.00128252
-2.04 0.84 0.00099312
-2.04 0.9 0.000758449
-2.04 0.96 0.000571275
-2.04 1.02 0.000424377
-2.04 1.08 0.000310915
-1.98 -1.74 0.000233994
-1.98 -1.68 0.000324048
-1.98 -1.62 0.000442585
-1.98 -1.56 0.000596178
-1.98 -1.5 0.000792027
-1.98 -1.44 0.00103775
-1.98 -1.38 0.00134104
-1.98 -1.32 0.00170914
-1.98 -1.26 0.00214831
-1.98 -1.2 0.00266325
-1.98 -1.14 0.00325622
-1.98 -1.08 0.00392647
-1.98 -1.02 0.00466964
-1.98 -0.96 0.00547706
-1.98 -0.9 0.00633583
-1.98 -0.84 0.00722857
-1.98 -0.78 0.00813372
-1.98 -0.72 0.00902637
-1.98 -0.66 0.00987916
-1.98 -0.6 0.0106642
-1.98 -0.54 0.0113532
-1.98 -0.48 0.0119205
-1.98 -0.42 0.0123444
-1.98 -0.36 0.0126075
-1.98 -0.3 0.0126991
-1.98 -0.24 0.0126156
-1.98 -0.18 0.0123603
-1.98 -0.12 0.011944
-1.98 -0.06 0.0113829
-1.98 9.71445e-15 0.010699
-1.98 0.06 0.00991794
-1.98 0.12 0.0090676
-1.98 0.18 0.00817626
-1.98 0.24 0.00727114
-1.98 0.3 0.00637731
-1.98 0.36 0.00551647
-1.98 0.42 0.0047063
-1.98 0.48 0.00395991
-1.98 0.54 0.00328606
-1.98 0.6 0.00268941
-1.98 0.66 0.00217086
-1.98 0.72 0.00172819
-1.98 0.78 0.00135687
-1.98 0.84 0.0010507
-1.98 0.9 0.000802427
-1.98 0.96 0.000604394
-1.98 1.02 0.000448975
-1.98 1.08 0.000328943
-1.92 -1.74 0.000244159
-1.92 -1.68 0.00033812
-1.92 -1.62 0.000461808
-1.92 -1.56 0.000622065
-1.92 -1.5 0.000826431
-1.92 -1.44 0.00108284
-1.92 -1.38 0.00139929
-1.92 -1.32 0.00178337
-1.92 -1.26 0.00224165
-1.92 -1.2 0.00277891
-1.92 -1.14 0.00339764
-1.92 -1.08 0.00409701
-1.92 -1.02 0.0048724
-1.92 -0.96 0.00571499
-1.92 -0.9 0.00661109
-1.92 -0.84 0.00754255
-1.92 -0.78 0.00848693
-1.92 -0.72 0.00941841
-1.92 -0.66 0.0103084
-1.92 -0.6 0.0111273
-1.92 -0.54 0.0118463
-1.92 -0.48 0.0124384
-1.92 -0.42 0.0128805
-1.92 -0.36 0.0131549
-1.92 -0.3 0.0132506
-1.92 -0.24 0.0131636
-1.92 -0.18 0.0128973
-1.92 -0.12 0.0124626
-1.92 -0.06 0.0118772
-1.92 9.71445e-15 0.0111636
-1.92 0.06 0.0103488
-1.92 0.12 0.00946152
-1.92 0.18 0.00853133
-1.92 0.24 0.00758691
-1.92 0.3 0.00665433
-1.92 0.36 0.00575613
-1.92 0.42 0.00491069
-1.92 0.48 0.00413186
-1.92 0.54 0.00342879
-1.92 0.6 0.00280624
-1.92 0.66 0.00226513
-1.92 0.72 0.00180323
-1.92 0.78 0.0014158
-1.92 0.84 0.00109633
-1.92 0.9 0.000837276
-1.92 0.96 0.000630648
-1.92 1.02 0.000468481
-1.92 1.08 0.000343229
-1.86 -1.74 0.000251263
-1.86 -1.68 0.000347958
-1.86 -1.62 0.000475241
-1.86 -1.56 0.000640169
-1.86 -1.5 0.000850477
-1.86 -1.44 0.00111434
-1.86 -1.38 0.00143999
-1.86 -1.32 0.00183524
-1.86 -1.26 0.00230684
-1.86 -1.2 0.00285978
-1.86 -1.14 0.00349648
-1.86 -1.08 0.00421619
-1.86 -1.02 0.0050142
-1.86 -0.96 0.00588126
-1.86 -0.9 0.00680339
-1.86 -0.84 0.00776194
-1.86 -0.78 0.00873384
-1.86 -0.72 0.00969225
-1.86 -0.66 0.0106083
-1.86 -0.6 0.0114511
-1.86 -0.54 0.0121909
-1.86 -0.48 0.0128002
-1.86 -0.42 0.013255
-1.86 -0.36 0.0135376
-1.86 -0.3 0.0136361
-1.86 -0.24 0.0135465
-1.86 -0.18 0.0132725
-1.86 -0.12 0.0128253
-1.86 -0.06 0.0122227
-1.86 9.71445e-15 0.0114884
-1.86 0.06 0.0106499
-1.86 0.12 0.00973667
-1.86 0.18 0.00877948
-1.86 0.24 0.00780761
-1.86 0.3 0.00684788
-1.86 0.36 0.00592358
-1.86 0.42 0.00505359
-1.86 0.48 0.00425207
-1.86 0.54 0.00352853
-1.86 0.6 0.00288787
-1.86 0.66 0.00233102
-1.86 0.72 0.00185571
-1.86 0.78 0.001457
-1.86 0.84 0.00112822
-1.86 0.9 0.000861627
-1.86 0.96 0.000648986
-1.86 1.02 0.000482108
-1.86 1.08 0.000353213
-1.8 -1.74 0.000255017
-1.8 -1.68 0.000353157
-1.8 -1.62 0.000482345
-1.8 -1.56 0.000649739
-1.8 -1.5 0.000863185
-1.8 -1.44 0.00113099
-1.8 -1.38 0.00146152
-1.8 -1.32 0.00186268
-1.8 -1.26 0.0023413
-1.8 -1.2 0.00290251
-1.8 -1.14 0.00354873
-1.8 -1.08 0.0042792
-1.8 -1.02 0.00508916
-1.8 -0.96 0.00596913
-1.8 -0.9 0.00690506
-1.8 -0.84 0.00787799
-1.8 -0.78 0.00886443
-1.8 -0.72 0.00983722
-1.8 -0.66 0.0107667
-1.8 -0.6 0.0116222
-1.8 -0.54 0.0123732
-1.8 -0.48 0.0129914
-1.8 -0.42 0.0134533
-1.8 -0.36 0.01374
-1.8 -0.3 0.0138399
-1.8 -0.24 0.0137489
-1.8 -0.18 0.0134708
-1.8 -0.12 0.013017
-1.8 -0.06 0.0124054
-1.8 9.71445e-15 0.0116601
-1.8 0.06 0.010809
-1.8 0.12 0.00988214
-1.8 0.18 0.00891075
-1.8 0.24 0.00792432
-1.8 0.3 0.00695019
-1.8 0.36 0.00601207
-1.8 0.42 0.00512911
-1.8 0.48 0.00431564
-1.8 0.54 0.00358129
-1.8 0.6 0.002931
-1.8 0.66 0.00236588
-1.8 0.72 0.00188344
-1.8 0.78 0.00147876
-1.8 0.84 0.00114509
-1.8 0.9 0.000874513
-1.8 0.96 0.000658687
-1.8 1.02 0.000489312
-1.8 1.08 0.000358493
-1.8 1.14 0.00025904
-1.74 -1.74 0.00025527
-1.74 -1.68 0.000353508
-1.74 -1.62 0.000482826
-1.74 -1.56 0.000650385
-1.74 -1.5 0.00086404
-1.74 -1.44 0.00113212
-1.74 -1.38 0.00146298
-1.74 -1.32 0.00186454
-1.74 -1.26 0.00234363
-1.74 -1.2 0.00290539
-1.74 -1.14 0.00355226
-1.74 -1.08 0.00428347
-1.74 -1.02 0.00509421
-1.74 -0.96 0.00597504
-1.74 -0.9 0.00691194
-1.74 -0.84 0.00788584
-1.74 -0.78 0.00887327
-1.74 -0.72 0.00984704
-1.74 -0.66 0.0107775
-1.74 -0.6 0.0116338
-1.74 -0.54 0.0123855
-1.74 -0.48 0.0130043
-1.74 -0.42 0.0134667
-1.74 -0.36 0.0137537
-1.74 -0.3 0.0138537
-1.74 -0.24 0.0137625
-1.74 -0.18 0.0134842
-1.74 -0.12 0.0130299
-1.74 -0.06 0.0124177
-1.74 9.71445e-15 0.0116718
-1.74 0.06 0.0108197
-1.74 0.12 0.00989201
-1.74 0.18 0.00891963
-1.74 0.24 0.0079322
-1.74 0.3 0.00695709
-1.74 0.36 0.00601803
-1.74 0.42 0.0051342
-1.74 0.48 0.00431993
-1.74 0.54 0.00358485
-1.74 0.6 0.00293391
-1.74 0.66 0.00236824
-1.74 0.72 0.00188531
-1.74 0.78 0.00148024
-1.74 0.84 0.00114623
-1.74 0.9 0.000875385
-1.74 0.96 0.000659344
-1.74 1.02 0.0004898
-1.74 1.08 0.000358849
-1.74 1.14 0.000259297
-1.68 -1.68 0.000348995
-1.68 -1.62 0.000476663
-1.68 -1.56 0.000642083
-1.68 -1.5 0.000853012
-1.68 -1.44 0.00111767
-1.68 -1.38 0.0014443
-1.68 -1.32 0.00184073
-1.68 -1.26 0.00231372
-1.68 -1.2 0.00286831
-1.68 -1.14 0.00350692
-1.68 -1.08 0.00422879
-1.68 -1.02 0.00502919
-1.68 -0.96 0.00589878
-1.68 -0.9 0.00682372
-1.68 -0.84 0.00778518
-1.68 -0.78 0.00876
-1.68 -0.72 0.00972134
-1.68 -0.66 0.0106399
-1.68 -0.6 0.0114852
-1.68 -0.54 0.0122274
-1.68 -0.48 0.0128383
-1.68 -0.42 0.0132948
-1.68 -0.36 0.0135781
-1.68 -0.3 0.0136768
-1.68 -0.24 0.0135868
-1.68 -0.18 0.0133121
-1.68 -0.12 0.0128636
-1.68 -0.06 0.0122592
-1.68 9.71445e-15 0.0115228
-1.68 0.06 0.0106816
-1.68 0.12 0.00976574
-1.68 0.18 0.00880576
-1.68 0.24 0.00783093
-1.68 0.3 0.00686827
-1.68 0.36 0.00594122
-1.68 0.42 0.00506867
-1.68 0.48 0.00426478
-1.68 0.54 0.0035391
-1.68 0.6 0.00289646
-1.68 0.66 0.002338
-1.68 0.72 0.00186125
-1.68 0.78 0.00146135
-1.68 0.84 0.0011316
-1.68 0.9 0.000864211
-1.68 0.96 0.000650927
-1.68 1.02 0.000483548
-1.68 1.08 0.000354268
-1.68 1.14 0.000255988
-1.62 -1.68 0.000339807
-1.62 -1.62 0.000464107
-1.62 -1.56 0.000625174
-1.62 -1.5 0.000830551
-1.62 -1.44 0.00108823
-1.62 -1.38 0.00140626
-1.62 -1.32 0.00179225
-1.62 -1.26 0.00225279
-1.62 -1.2 0.00279278
-1.62 -1.14 0.00341459
-1.62 -1.08 0.0041174
-1.62 -1.02 0.00489675
-1.62 -0.96 0.00574346
-1.62 -0.9 0.00664402
-1.62 -0.84 0.00758016
-1.62 -0.78 0.00852929
-1.62 -0.72 0.00946528
-1.62 -0.66 0.0103597
-1.62 -0.6 0.0111828
-1.62 -0.54 0.0119054
-1.62 -0.48 0.0125003
-1.62 -0.42 0.0129446
-1.62 -0.36 0.0132205
-1.62 -0.3 0.0133166
-1.62 -0.24 0.0132291
-1.62 -0.18 0.0129616
-1.62 -0.12 0.0125248
-1.62 -0.06 0.0119365
-1.62 9.71445e-15 0.0112193
-1.62 0.06 0.0104004
-1.62 0.12 0.00950859
-1.62 0.18 0.00857386
-1.62 0.24 0.00762471
-1.62 0.3 0.00668745
-1.62 0.36 0.0057848
-1.62 0.42 0.00493519
-1.62 0.48 0.00415247
-1.62 0.54 0.00344589
-1.62 0.6 0.00282021
-1.62 0.66 0.00227642
-1.62 0.72 0.00181223
-1.62 0.78 0.00142286
-1.62 0.84 0.0011018
-1.62 0.9 0.000841447
-1.62 0.96 0.000633787
-1.62 1.02 0.000470813
-1.62 1.08 0.000344937
-1.62 1.14 0.000249247
-1.56 -1.68 0.000326312
-1.56 -1.62 0.000445674
-1.56 -1.56 0.000600339
-1.56 -1.5 0.000797563
-1.56 -1.44 0.00104501
-1.56 -1.38 0.0013504
-1.56 -1.32 0.00172107
-1.56 -1.26 0.00216333
-1.56 -1.2 0.00268184
-1.56 -1.14 0.00327897
-1.56 -1.08 0.00395389
-1.56 -1.02 0.00470223
-1.56 -0.96 0.00551535
-1.56 -0.9 0.00638011
-1.56 -0.84 0.00727902
-1.56 -0.78 0.00819042
-1.56 -0.72 0.00908935
-1.56 -0.66 0.00994827
-1.56 -0.6 0.0107387
-1.56 -0.54 0.0114325
-1.56 -0.48 0.0120039
-1.56 -0.42 0.0124305
-1.56 -0.36 0.0126955
-1.56 -0.3 0.0127878
-1.56 -0.24 0.0127038
-1.56 -0.18 0.0124468
-1.56 -0.12 0.0120273
-1.56 -0.06 0.0114624
-1.56 9.71445e-15 0.0107736
-1.56 0.06 0.00998731
-1.56 0.12 0.00913095
-1.56 0.18 0.00823335
-1.56 0.24 0.00732193
-1.56 0.3 0.00642189
-1.56 0.36 0.00555506
-1.56 0.42 0.00473916
-1.56 0.48 0.00398757
-1.56 0.54 0.003309
-1.56 0.6 0.00270822
-1.56 0.66 0.00218601
-1.56 0.72 0.00174025
-1.56 0.78 0.00136634
-1.56 0.84 0.00105802
-1.56 0.9 0.000808024
-1.56 0.96 0.000608614
-1.56 1.02 0.000452113
-1.56 1.08 0.000331241
-1.56 1.14 0.000239345
-1.5 -1.68 0.000309041
-1.5 -1.62 0.000422095
-1.5 -1.56 0.000568569
-1.5 -1.5 0.000755358
-1.5 -1.44 0.000989714
-1.5 -1.38 0.00127896
-1.5 -1.32 0.00163001
-1.5 -1.26 0.00204885
-1.5 -1.2 0.00253994
-1.5 -1.14 0.00310541
-1.5 -1.08 0.00374469
-1.5 -1.02 0.00445338
-1.5 -0.96 0.00522349
-1.5 -0.9 0.00604251
-1.5 -0.84 0.00689388
-1.5 -0.78 0.0077571
-1.5 -0.72 0.00860843
-1.5 -0.66 0.00942182
-1.5 -0.6 0.0101704
-1.5 -0.54 0.0108275
-1.5 -0.48 0.0113686
-1.5 -0.42 0.0117728
-1.5 -0.36 0.0120236
-1.5 -0.3 0.0121111
-1.5 -0.24 0.0120315
-1.5 -0.18 0.0117881
-1.5 -0.12 0.0113909
-1.5 -0.06 0.0108557
-1.5 9.71445e-15 0.0102036
-1.5 0.06 0.00945871
-1.5 0.12 0.00864778
-1.5 0.18 0.00779761
-1.5 0.24 0.00693445
-1.5 0.3 0.00608204
-1.5 0.36 0.00526105
-1.5 0.42 0.00448839
-1.5 0.48 0.00377653
-1.5 0.54 0.00313392
-1.5 0.6 0.00256489
-1.5 0.66 0.00207034
-1.5 0.72 0.00164817
-1.5 0.78 0.00129405
-1.5 0.84 0.00100205
-1.5 0.9 0.000765273
-1.5 0.96 0.00057641
-1.5 1.02 0.00042819
-1.5 1.08 0.000313712
-1.5 1.14 0.000226679
-1.44 -1.62 0.000394258
-1.44 -1.56 0.000531084
-1.44 -1.5 0.000705551
-1.44 -1.44 0.000924452
-1.44 -1.38 0.00119462
-1.44 -1.32 0.00152252
-1.44 -1.26 0.00191376
-1.44 -1.2 0.00237245
-1.44 -1.14 0.0029007
-1.44 -1.08 0.00349773
-1.44 -1.02 0.00415978
-1.44 -0.96 0.00487906
-1.44 -0.9 0.0056441
-1.44 -0.84 0.00643935
-1.44 -0.78 0.00724562
-1.44 -0.72 0.0080408
-1.44 -0.66 0.00880061
-1.44 -0.6 0.00949974
-1.44 -0.54 0.0101136
-1.44 -0.48 0.010619
-1.44 -0.42 0.0109965
-1.44 -0.36 0.0112308
-1.44 -0.3 0.0113125
-1.44 -0.24 0.0112381
-1.44 -0.18 0.0110108
-1.44 -0.12 0.0106398
-1.44 -0.06 0.01014
-1.44 9.71445e-15 0.00953078
-1.44 0.06 0.00883512
-1.44 0.12 0.00807759
-1.44 0.18 0.00728352
-1.44 0.24 0.00647721
-1.44 0.3 0.005681
-1.44 0.36 0.00491418
-1.44 0.42 0.00419243
-1.44 0.48 0.00352754
-1.44 0.54 0.00292729
-1.44 0.6 0.00239577
-1.44 0.66 0.00193382
-1.44 0.72 0.00153949
-1.44 0.78 0.00120872
-1.44 0.84 0.000935974
-1.44 0.9 0.000714809
-1.44 0.96 0.000538405
-1.44 1.02 0.000399957
-1.44 1.08 0.000293025
-1.44 1.14 0.000211735
-1.38 -1.62 0.000363205
-1.38 -1.56 0.000489246
-1.38 -1.5 0.000649975
-1.38 -1.44 0.000851634
-1.38 -1.38 0.00110052
-1.38 -1.32 0.00140259
-1.38 -1.26 0.001763
-1.38 -1.2 0.00218558
-1.38 -1.14 0.00267215
-1.38 -1.08 0.00322224
-1.38 -1.02 0.00383208
-1.38 -0.96 0.00449474
-1.38 -0.9 0.00519949
-1.38 -0.84 0.00593207
-1.38 -0.78 0.00667485
-1.38 -0.72 0.00740739
-1.38 -0.66 0.00810734
-1.38 -0.6 0.00875149
-1.38 -0.54 0.00931686
-1.38 -0.48 0.00978251
-1.38 -0.42 0.0101302
-1.38 -0.36 0.0103461
-1.38 -0.3 0.0104214
-1.38 -0.24 0.0103529
-1.38 -0.18 0.0101435
-1.38 -0.12 0.00980172
-1.38 -0.06 0.00934113
-1.38 9.71445e-15 0.00878007
-1.38 0.06 0.0081391
-1.38 0.12 0.00744126
-1.38 0.18 0.0067097
-1.38 0.24 0.00596698
-1.38 0.3 0.00523349
-1.38 0.36 0.00452707
-1.38 0.42 0.0038622
-1.38 0.48 0.00324964
-1.38 0.54 0.00269668
-1.38 0.6 0.00220705
-1.38 0.66 0.00178149
-1.38 0.72 0.00141822
-1.38 0.78 0.00111351
-1.38 0.84 0.000862248
-1.38 0.9 0.000658504
-1.38 0.96 0.00049599
-1.38 1.02 0.000368451
-1.38 1.08 0.000269944
-1.38 1.14 0.000195054
-1.32 -1.56 0.000444511
-1.32 -1.5 0.000590537
-1.32 -1.44 0.00077375
-1.32 -1.38 0.00099988
-1.32 -1.32 0.00127434
-1.32 -1.26 0.00160179
-1.32 -1.2 0.00198573
-1.32 -1.14 0.00242786
-1.32 -1.08 0.00292758
-1.32 -1.02 0.00348168
-1.32 -0.96 0.00408372
-1.32 -0.9 0.00472401
-1.32 -0.84 0.00538962
-1.32 -0.78 0.00606451
-1.32 -0.72 0.00673009
-1.32 -0.66 0.00736597
-1.32 -0.6 0.00795127
-1.32 -0.54 0.00846496
-1.32 -0.48 0.00888806
-1.32 -0.42 0.009204
-1.32 -0.36 0.00940017
-1.32 -0.3 0.00946852
-1.32 -0.24 0.00940628
-1.32 -0.18 0.00921598
-1.32 -0.12 0.00890545
-1.32 -0.06 0.00848713
-1.32 9.71445e-15 0.00797716
-1.32 0.06 0.0073949
-1.32 0.12 0.00676084
-1.32 0.18 0.00609626
-1.32 0.24 0.0054214
-1.32 0.3 0.00475497
-1.32 0.36 0.00411313
-1.32 0.42 0.00350902
-1.32 0.48 0.00295253
-1.32 0.54 0.00245009
-1.32 0.6 0.00200525
-1.32 0.66 0.0016186
-1.32 0.72 0.00128854
-1.32 0.78 0.00101168
-1.32 0.84 0.0007834
-1.32 0.9 0.000598291
-1.32 0.96 0.000450639
-1.32 1.02 0.000334756
-1.32 1.08 0.000245262
-1.32 1.14 0.000177219
-1.26 -1.56 0.000398314
-1.26 -1.5 0.000529165
-1.26 -1.44 0.000693345
-1.26 -1.38 0.000895971
-1.26 -1.32 0.0011419
-1.26 -1.26 0.00143533
-1.26 -1.2 0.00177934
-1.26 -1.14 0.00217554
-1.26 -1.08 0.00262334
-1.26 -1.02 0.00311985
-1.26 -0.96 0.00365932
-1.26 -0.9 0.00423312
-1.26 -0.84 0.00482954
-1.26 -0.78 0.00543424
-1.26 -0.72 0.00603067
-1.26 -0.66 0.00660052
-1.26 -0.6 0.00712485
-1.26 -0.54 0.00758528
-1.26 -0.48 0.00796434
-1.26 -0.42 0.00824747
-1.26 -0.36 0.0084232
-1.26 -0.3 0.00848442
-1.26 -0.24 0.00842867
-1.26 -0.18 0.00825817
-1.26 -0.12 0.00797987
-1.26 -0.06 0.0076051
-1.26 9.71445e-15 0.00714814
-1.26 0.06 0.00662637
-1.26 0.12 0.00605826
-1.26 0.18 0.00546269
-1.26 0.24 0.00485794
-1.26 0.3 0.00426077
-1.26 0.36 0.00368566
-1.26 0.42 0.00314433
-1.26 0.48 0.00264567
-1.26 0.54 0.00219548
-1.26 0.6 0.00179684
-1.26 0.66 0.00145038
-1.26 0.72 0.00115462
-1.26 0.78 0.000906544
-1.26 0.84 0.000701985
-1.26 0.9 0.000536113
-1.26 0.96 0.000403808
-1.26 1.02 0.00029997
-1.26 1.08 0.00021977
-1.26 1.14 0.000158802
-1.2 -1.56 0.000352013
-1.2 -1.5 0.000467656
-1.2 -1.44 0.000612751
-1.2 -1.38 0.000791823
-1.2 -1.32 0.00100916
-1.2 -1.26 0.00126849
-1.2 -1.2 0.00157252
-1.2 -1.14 0.00192264
-1.2 -1.08 0.00231839
-1.2 -1.02 0.00275718
-1.2 -0.96 0.00323397
-1.2 -0.9 0.00374106
-1.2 -0.84 0.00426815
-1.2 -0.78 0.00480256
-1.2 -0.72 0.00532963
-1.2 -0.66 0.00583327
-1.2 -0.6 0.00629664
-1.2 -0.54 0.00670354
-1.2 -0.48 0.00703857
-1.2 -0.42 0.00728874
-1.2 -0.36 0.00744401
-1.2 -0.3 0.00749817
-1.2 -0.24 0.00744892
-1.2 -0.18 0.00729826
-1.2 -0.12 0.00705227
-1.2 -0.06 0.00672103
-1.2 9.71445e-15 0.00631724
-1.2 0.06 0.00585608
-1.2 0.12 0.00535403
-1.2 0.18 0.00482767
-1.2 0.24 0.00429322
-1.2 0.3 0.0037655
-1.2 0.36 0.00325724
-1.2 0.42 0.00277883
-1.2 0.48 0.00233812
-1.2 0.54 0.00194027
-1.2 0.6 0.00158798
-1.2 0.66 0.00128178
-1.2 0.72 0.0010204
-1.2 0.78 0.000801169
-1.2 0.84 0.000620386
-1.2 0.9 0.000473792
-1.2 0.96 0.000356868
-1.2 1.02 0.000265102
-1.2 1.08 0.000194224
-1.2 1.14 0.000140342
-1.14 -1.5 0.000407614
-1.14 -1.44 0.00053408
-1.14 -1.38 0.00069016
-1.14 -1.32 0.000879596
-1.14 -1.26 0.00110563
-1.14 -1.2 0.00137062
-1.14 -1.14 0.00167579
-1.14 -1.08 0.00202073
-1.14 -1.02 0.00240318
-1.14 -0.96 0.00281876
-1.14 -0.9 0.00326074
-1.14 -0.84 0.00372016
-1.14 -0.78 0.00418595
-1.14 -0.72 0.00464536
-1.14 -0.66 0.00508434
-1.14 -0.6 0.00548822
-1.14 -0.54 0.00584286
-1.14 -0.48 0.00613489
-1.14 -0.42 0.00635294
-1.14 -0.36 0.00648826
-1.14 -0.3 0.00653549
-1.14 -0.24 0.00649256
-1.14 -0.18 0.00636124
-1.14 -0.12 0.00614684
-1.14 -0.06 0.00585811
-1.14 9.71445e-15 0.00550617
-1.14 0.06 0.00510423
-1.14 0.12 0.00466662
-1.14 0.18 0.00420784
-1.14 0.24 0.00374202
-1.14 0.3 0.00328205
-1.14 0.36 0.00283905
-1.14 0.42 0.00242206
-1.14 0.48 0.00203792
-1.14 0.54 0.00169116
-1.14 0.6 0.0013841
-1.14 0.66 0.00111721
-1.14 0.72 0.000889394
-1.14 0.78 0.000698307
-1.14 0.84 0.000540734
-1.14 0.9 0.000412962
-1.14 0.96 0.000311049
-1.14 1.02 0.000231065
-1.14 1.08 0.000169288
-1.14 1.14 0.000122323
-1.08 -1.5 0.000350395
-1.08 -1.44 0.000459109
-1.08 -1.38 0.000593279
-1.08 -1.32 0.000756128
-1.08 -1.26 0.000950429
-1.08 -1.2 0.00117822
-1.08 -1.14 0.00144056
-1.08 -1.08 0.00173708
-1.08 -1.02 0.00206584
-1.08 -0.96 0.00242308
-1.08 -0.9 0.00280302
-1.08 -0.84 0.00319795
-1.08 -0.78 0.00359835
-1.08 -0.72 0.0039933
-1.08 -0.66 0.00437063
-1.08 -0.6 0.00471784
-1.08 -0.54 0.00502269
-1.08 -0.48 0.00527372
-1.08 -0.42 0.00546118
-1.08 -0.36 0.00557752
-1.08 -0.3 0.0056181
-1.08 -0.24 0.00558119
-1.08 -0.18 0.00546829
-1.08 -0.12 0.00528397
-1.08 -0.06 0.00503581
-1.08 9.71445e-15 0.00473325
-1.08 0.06 0.00438773
-1.08 0.12 0.00401157
-1.08 0.18 0.00361719
-1.08 0.24 0.00321675
-1.08 0.3 0.00282135
-1.08 0.36 0.00244052
-1.08 0.42 0.00208206
-1.08 0.48 0.00175186
-1.08 0.54 0.00145377
-1.08 0.6 0.00118981
-1.08 0.66 0.000960391
-1.08 0.72 0.000764546
-1.08 0.78 0.000600282
-1.08 0.84 0.000464829
-1.08 0.9 0.000354995
-1.08 0.96 0.000267387
-1.08 1.02 0.00019863
-1.08 1.08 0.000145525
-1.08 1.14 0.000105152
-1.02 -1.44 0.000389237
-1.02 -1.38 0.000502992
-1.02 -1.32 0.000641057
-1.02 -1.26 0.000805781
-1.02 -1.2 0.00099891
-1.02 -1.14 0.00122133
-1.02 -1.08 0.00147272
-1.02 -1.02 0.00175146
-1.02 -0.96 0.00205429
-1.02 -0.9 0.00237642
-1.02 -0.84 0.00271125
-1.02 -0.78 0.00305075
-1.02 -0.72 0.00338557
-1.02 -0.66 0.00370545
-1.02 -0.6 0.00399985
-1.02 -0.54 0.00425828
-1.02 -0.48 0.0044711
-1.02 -0.42 0.00463007
-1.02 -0.36 0.00472873
-1.02 -0.3 0.00476309
-1.02 -0.24 0.00473178
-1.02 -0.18 0.00463604
-1.02 -0.12 0.00447986
-1.02 -0.06 0.00426943
-1.02 9.71445e-15 0.00401293
-1.02 0.06 0.00371996
-1.02 0.12 0.00340105
-1.02 0.18 0.00306671
-1.02 0.24 0.00272721
-1.02 0.3 0.00239196
-1.02 0.36 0.00206909
-1.02 0.42 0.0017652
-1.02 0.48 0.00148526
-1.02 0.54 0.00123252
-1.02 0.6 0.00100873
-1.02 0.66 0.000814235
-1.02 0.72 0.000648196
-1.02 0.78 0.000508928
-1.02 0.84 0.000394091
-1.02 0.9 0.000300971
-1.02 0.96 0.000226694
-1.02 1.02 0.0001684
-1.02 1.08 0.000123377
-1.02 1.14 8.91497e-05
-0.96 -1.44 0.000325464
-0.96 -1.38 0.00042058
-0.96 -1.32 0.00053602
-0.96 -1.26 0.000673756
-0.96 -1.2 0.000835257
-0.96 -1.14 0.00102122
-0.96 -1.08 0.00123142
-0.96 -1.02 0.0014645
-0.96 -0.96 0.00171774
-0.96 -0.9 0.00198706
-0.96 -0.84 0.00226704
-0.96 -0.78 0.00255091
-0.96 -0.72 0.00283085
-0.96 -0.66 0.00309834
-0.96 -0.6 0.00334452
-0.96 -0.54 0.00356062
-0.96 -0.48 0.00373854
-0.96 -0.42 0.00387144
-0.96 -0.36 0.00395396
-0.96 -0.3 0.00398271
-0.96 -0.24 0.00395651
-0.96 -0.18 0.0038765
-0.96 -0.12 0.0037459
-0.96 -0.06 0.0035699
-0.96 9.71445e-15 0.00335543
-0.96 0.06 0.00311051
-0.96 0.12 0.00284378
-0.96 0.18 0.00256424
-0.96 0.24 0.00228038
-0.96 0.3 0.00200006
-0.96 0.36 0.0017301
-0.96 0.42 0.00147601
-0.96 0.48 0.00124191
-0.96 0.54 0.00103059
-0.96 0.6 0.000843457
-0.96 0.66 0.000680827
-0.96 0.72 0.000541999
-0.96 0.78 0.000425544
-0.96 0.84 0.000329521
-0.96 0.9 0.000251658
-0.96 0.96 0.00018955
-0.96 1.02 0.000140809
-0.96 1.08 0.000103163
-0.96 1.14 7.45438e-05
-0.9 -1.38 0.000346837
-0.9 -1.32 0.00044204
-0.9 -1.26 0.000555631
-0.9 -1.2 0.000688802
-0.9 -1.14 0.000842162
-0.9 -1.08 0.00101552
-0.9 -1.02 0.00120771
-0.9 -0.96 0.00141656
-0.9 -0.9 0.00163867
-0.9 -0.84 0.00186955
-0.9 -0.78 0.00210363
-0.9 -0.72 0.00233452
-0.9 -0.66 0.00255512
-0.9 -0.6 0.00275811
-0.9 -0.54 0.0029363
-0.9 -0.48 0.00308308
-0.9 -0.42 0.00319265
-0.9 -0.36 0.00326069
-0.9 -0.3 0.00328441
-0.9 -0.24 0.00326283
-0.9 -0.18 0.00319683
-0.9 -0.12 0.00308908
-0.9 -0.06 0.00294397
-0.9 9.71445e-15 0.0027671
-0.9 0.06 0.00256513
-0.9 0.12 0.0023452
-0.9 0.18 0.00211463
-0.9 0.24 0.00188056
-0.9 0.3 0.0016494
-0.9 0.36 0.00142676
-0.9 0.42 0.0012172
-0.9 0.48 0.00102416
-0.9 0.54 0.000849884
-0.9 0.6 0.000695577
-0.9 0.66 0.000561452
-0.9 0.72 0.000446964
-0.9 0.78 0.000350931
-0.9 0.84 0.000271744
-0.9 0.9 0.000207533
-0.9 0.96 0.000156317
-0.9 1.02 0.000116121
-0.9 1.08 8.50757e-05
-0.9 1.14 6.14729e-05
-0.84 -1.32 0.000359524
-0.84 -1.26 0.000451906
-0.84 -1.2 0.000560226
-0.84 -1.14 0.000684957
-0.84 -1.08 0.000825949
-0.84 -1.02 0.000982281
-0.84 -0.96 0.00115213
-0.84 -0.9 0.00133278
-0.84 -0.84 0.00152057
-0.84 -0.78 0.00171097
-0.84 -0.72 0.00189873
-0.84 -0.66 0.00207814
-0.84 -0.6 0.00224325
-0.84 -0.54 0.0023882
-0.84 -0.48 0.00250752
-0.84 -0.42 0.00259668
-0.84 -0.36 0.00265202
-0.84 -0.3 0.0026713
-0.84 -0.24 0.00265372
-0.84 -0.18 0.00260006
-0.84 -0.12 0.00251247
-0.84 -0.06 0.00239442
-0.84 9.71445e-15 0.00225058
-0.84 0.06 0.00208629
-0.84 0.12 0.0019074
-0.84 0.18 0.0017199
-0.84 0.24 0.00152951
-0.84 0.3 0.00134148
-0.84 0.36 0.00116042
-0.84 0.42 0.000989991
-0.84 0.48 0.00083298
-0.84 0.54 0.000691241
-0.84 0.6 0.000565725
-0.84 0.66 0.000456649
-0.84 0.72 0.000363531
-0.84 0.78 0.000285424
-0.84 0.84 0.000221019
-0.84 0.9 0.000168794
-0.84 0.96 0.000127136
-0.84 1.02 9.44445e-05
-0.84 1.08 6.91941e-05
-0.84 1.14 4.99985e-05
-0.78 -1.32 0.000288394
-0.78 -1.26 0.0003625
-0.78 -1.2 0.000449385
-0.78 -1.14 0.000549437
-0.78 -1.08 0.00066254
-0.78 -1.02 0.000787926
-0.78 -0.96 0.000924177
-0.78 -0.9 0.00106909
-0.78 -0.84 0.00121971
-0.78 -0.78 0.00137245
-0.78 -0.72 0.00152307
-0.78 -0.66 0.00166699
-0.78 -0.6 0.00179943
-0.78 -0.54 0.00191567
-0.78 -0.48 0.00201144
-0.78 -0.42 0.00208293
-0.78 -0.36 0.00212732
-0.78 -0.3 0.0021428
-0.78 -0.24 0.00212871
-0.78 -0.18 0.00208564
-0.78 -0.12 0.00201537
-0.78 -0.06 0.00192069
-0.78 9.71445e-15 0.00180531
-0.78 0.06 0.00167351
-0.78 0.12 0.00153004
-0.78 0.18 0.00137962
-0.78 0.24 0.0012269
-0.78 0.3 0.00107609
-0.78 0.36 0.000930833
-0.78 0.42 0.000794119
-0.78 0.48 0.000668174
-0.78 0.54 0.000554475
-0.78 0.6 0.000453803
-0.78 0.66 0.0003663
-0.78 0.72 0.000291607
-0.78 0.78 0.000228953
-0.78 0.84 0.00017729
-0.78 0.9 0.000135398
-0.78 0.96 0.000101983
-0.78 1.02 7.57585e-05
-0.78 1.08 5.55046e-05
-0.78 1.14 4.01057e-05
-0.72 -1.26 0.000286783
-0.72 -1.2 0.000355519
-0.72 -1.14 0.000434677
-0.72 -1.08 0.000524147
-0.72 -1.02 0.000623352
-0.72 -0.96 0.000731144
-0.72 -0.9 0.000845781
-0.72 -0.84 0.000964945
-0.72 -0.78 0.00108576
-0.72 -0.72 0.00120493
-0.72 -0.66 0.00131879
-0.72 -0.6 0.00142357
-0.72 -0.54 0.00151555
-0.72 -0.48 0.0015913
-0.72 -0.42 0.00164785
-0.72 -0.36 0.00168298
-0.72 -0.3 0.00169522
-0.72 -0.24 0.00168408
-0.72 -0.18 0.00165001
-0.72 -0.12 0.0015944
-0.72 -0.06 0.00151951
-0.72 9.71445e-15 0.0014282
-0.72 0.06 0.00132397
-0.72 0.12 0.00121045
-0.72 0.18 0.00109146
-0.72 0.24 0.000970633
-0.72 0.3 0.000851319
-0.72 0.36 0.000736408
-0.72 0.42 0.000628248
-0.72 0.48 0.000528612
-0.72 0.54 0.000438658
-0.72 0.6 0.000359015
-0.72 0.66 0.000289788
-0.72 0.72 0.000230696
-0.72 0.78 0.000181129
-0.72 0.84 0.000140257
-0.72 0.9 0.000107116
-0.72 0.96 8.06809e-05
-0.72 1.02 5.99345e-05
-0.72 1.08 4.3911e-05
-0.66 -1.2 0.000277394
-0.66 -1.14 0.000339157
-0.66 -1.08 0.000408963
-0.66 -1.02 0.000486373
-0.66 -0.96 0.000570474
-0.66 -0.9 0.000659922
-0.66 -0.84 0.000752905
-0.66 -0.78 0.000847176
-0.66 -0.72 0.000940149
-0.66 -0.66 0.00102899
-0.66 -0.6 0.00111074
-0.66 -0.54 0.00118251
-0.66 -0.48 0.00124161
-0.66 -0.42 0.00128574
-0.66 -0.36 0.00131314
-0.66 -0.3 0.00132269
-0.66 -0.24 0.001314
-0.66 -0.18 0.00128742
-0.66 -0.12 0.00124404
-0.66 -0.06 0.0011856
-0.66 9.71445e-15 0.00111436
-0.66 0.06 0.00103303
-0.66 0.12 0.000944451
-0.66 0.18 0.000851608
-0.66 0.24 0.000757333
-0.66 0.3 0.000664238
-0.66 0.36 0.00057458
-0.66 0.42 0.000490191
-0.66 0.48 0.000412449
-0.66 0.54 0.000342266
-0.66 0.6 0.00028012
-0.66 0.66 0.000226107
-0.66 0.72 0.000180001
-0.66 0.78 0.000141326
-0.66 0.84 0.000109436
-0.66 0.9 8.35772e-05
-0.66 0.96 6.29516e-05
-0.66 1.02 4.67639e-05
-0.66 1.08 3.42613e-05
-0.6 -1.14 0.00026099
-0.6 -1.08 0.000314708
-0.6 -1.02 0.000374276
-0.6 -0.96 0.000438993
-0.6 -0.9 0.000507828
-0.6 -0.84 0.00057938
-0.6 -0.78 0.000651925
-0.6 -0.72 0.00072347
-0.6 -0.66 0.000791834
-0.6 -0.6 0.000854736
-0.6 -0.54 0.000909975
-0.6 -0.48 0.000955444
-0.6 -0.42 0.00098941
-0.6 -0.36 0.00101049
-0.6 -0.3 0.00101784
-0.6 -0.24 0.00101115
-0.6 -0.18 0.000990699
-0.6 -0.12 0.000957317
-0.6 -0.06 0.000912349
-0.6 9.71445e-15 0.000857533
-0.6 0.06 0.000794939
-0.6 0.12 0.00072678
-0.6 0.18 0.000655333
-0.6 0.24 0.000582786
-0.6 0.3 0.000511147
-0.6 0.36 0.000442153
-0.6 0.42 0.000377214
-0.6 0.48 0.000317389
-0.6 0.54 0.000263383
-0.6 0.6 0.000215559
-0.6 0.66 0.000173995
-0.6 0.72 0.000138515
-0.6 0.78 0.000108754
-0.6 0.84 8.42143e-05
-0.6 0.9 6.43149e-05
-0.6 0.96 4.84429e-05
-0.6 1.02 3.59861e-05
-0.6 1.08 2.63649e-05
-0.54 -1.08 0.000238847
-0.54 -1.02 0.000284056
-0.54 -0.96 0.000333173
-0.54 -0.9 0.000385415
-0.54 -0.84 0.000439719
-0.54 -0.78 0.000494776
-0.54 -0.72 0.000549077
-0.54 -0.66 0.000600961
-0.54 -0.6 0.000648702
-0.54 -0.54 0.000690623
-0.54 -0.48 0.000725133
-0.54 -0.42 0.000750912
-0.54 -0.36 0.000766913
-0.54 -0.3 0.000772488
-0.54 -0.24 0.000767411
-0.54 -0.18 0.000751889
-0.54 -0.12 0.000726552
-0.54 -0.06 0.000692426
-0.54 9.71445e-15 0.000650821
-0.54 0.06 0.000603318
-0.54 0.12 0.000551589
-0.54 0.18 0.000497365
-0.54 0.24 0.000442305
-0.54 0.3 0.000387934
-0.54 0.36 0.000335571
-0.54 0.42 0.000286285
-0.54 0.48 0.000240882
-0.54 0.54 0.000199894
-0.54 0.6 0.000163598
-0.54 0.66 0.000132054
-0.54 0.72 0.000105126
-0.54 0.78 8.25387e-05
-0.54 0.84 6.39141e-05
-0.54 0.9 4.88117e-05
-0.54 0.96 3.67657e-05
-0.54 1.02 2.73115e-05
-0.54 1.08 2.00096e-05
-0.48 -1.02 0.000212619
-0.48 -0.96 0.000249385
-0.48 -0.9 0.000288487
-0.48 -0.84 0.000329134
-0.48 -0.78 0.000370347
-0.48 -0.72 0.000410993
-0.48 -0.66 0.000449826
-0.48 -0.6 0.000485567
-0.48 -0.54 0.00051694
-0.48 -0.48 0.000542776
-0.48 -0.42 0.00056207
-0.48 -0.36 0.000574049
-0.48 -0.3 0.000578223
-0.48 -0.24 0.000574422
-0.48 -0.18 0.000562802
-0.48 -0.12 0.000543836
-0.48 -0.06 0.000518292
-0.48 9.71445e-15 0.000487148
-0.48 0.06 0.000451592
-0.48 0.12 0.000412872
-0.48 0.18 0.000372286
-0.48 0.24 0.000331074
-0.48 0.3 0.000290376
-0.48 0.36 0.000251181
-0.48 0.42 0.000214288
-0.48 0.48 0.000180305
-0.48 0.54 0.000149622
-0.48 0.6 0.000122456
-0.48 0.66 9.88445e-05
-0.48 0.72 7.86884e-05
-0.48 0.78 6.17811e-05
-0.48 0.84 4.78406e-05
-0.48 0.9 3.65364e-05
-0.48 0.96 2.75197e-05
-0.48 1.02 2.0443e-05
-0.42 -0.96 0.000184103
-0.42 -0.9 0.000212969
-0.42 -0.84 0.000242975
-0.42 -0.78 0.0002734
-0.42 -0.72 0.000303405
-0.42 -0.66 0.000332074
-0.42 -0.6 0.000358461
-0.42 -0.54 0.000381617
-0.42 -0.48 0.000400691
-0.42 -0.42 0.000414932
-0.42 -0.36 0.000423778
-0.42 -0.3 0.000426861
-0.42 -0.24 0.000424054
-0.42 -0.18 0.000415474
-0.42 -0.12 0.000401478
-0.42 -0.06 0.000382615
-0.42 9.71445e-15 0.000359629
-0.42 0.06 0.000333376
-0.42 0.12 0.000304792
-0.42 0.18 0.000274831
-0.42 0.24 0.000244408
-0.42 0.3 0.000214364
-0.42 0.36 0.000185428
-0.42 0.42 0.000158195
-0.42 0.48 0.000133106
-0.42 0.54 0.000110455
-0.42 0.6 9.04005e-05
-0.42 0.66 7.29695e-05
-0.42 0.72 5.80904e-05
-0.42 0.78 4.56091e-05
-0.42 0.84 3.53173e-05
-0.42 0.9 2.69721e-05
-0.42 0.96 2.03156e-05
-0.42 1.02 1.50916e-05
-0.36 -0.9 0.00015506
-0.36 -0.84 0.000176907
-0.36 -0.78 0.000199058
-0.36 -0.72 0.000220903
-0.36 -0.66 0.000241779
-0.36 -0.6 0.000260985
-0.36 -0.54 0.00027785
-0.36 -0.48 0.000291736
-0.36 -0.42 0.000302104
-0.36 -0.36 0.000308539
-0.36 -0.3 0.000310785
-0.36 -0.24 0.000308744
-0.36 -0.18 0.0003025
-0.36 -0.12 0.000292306
-0.36 -0.06 0.000278574
-0.36 9.71445e-15 0.000261839
-0.36 0.06 0.000242725
-0.36 0.12 0.000221915
-0.36 0.18 0.000200097
-0.36 0.24 0.000177946
-0.36 0.3 0.000156073
-0.36 0.36 0.000135007
-0.36 0.42 0.000115178
-0.36 0.48 9.69103e-05
-0.36 0.54 8.04209e-05
-0.36 0.6 6.58188e-05
-0.36 0.66 5.31274e-05
-0.36 0.72 4.22941e-05
-0.36 0.78 3.32071e-05
-0.36 0.84 2.5714e-05
-0.36 0.9 1.96378e-05
-0.36 0.96 1.47915e-05
-0.36 1.02 1.0988e-05
-0.3 -0.84 0.000127031
-0.3 -0.78 0.000142938
-0.3 -0.72 0.000158625
-0.3 -0.66 0.000173612
-0.3 -0.6 0.000187408
-0.3 -0.54 0.000199515
-0.3 -0.48 0.000209486
-0.3 -0.42 0.000216934
-0.3 -0.36 0.000221557
-0.3 -0.3 0.000223168
-0.3 -0.24 0.000221701
-0.3 -0.18 0.000217215
-0.3 -0.12 0.000209897
-0.3 -0.06 0.000200037
-0.3 9.71445e-15 0.000188018
-0.3 0.06 0.000174293
-0.3 0.12 0.00015935
-0.3 0.18 0.000143686
-0.3 0.24 0.00012778
-0.3 0.3 0.000112072
-0.3 0.36 9.69441e-05
-0.3 0.42 8.27061e-05
-0.3 0.48 6.95896e-05
-0.3 0.54 5.77476e-05
-0.3 0.6 4.72625e-05
-0.3 0.66 3.81496e-05
-0.3 0.72 3.03703e-05
-0.3 0.78 2.38449e-05
-0.3 0.84 1.84644e-05
-0.3 0.9 1.41015e-05
-0.3 0.96 1.06213e-05
-0.24 -0.78 0.000101228
-0.24 -0.72 0.000112338
-0.24 -0.66 0.000122954
-0.24 -0.6 0.000132721
-0.24 -0.54 0.000141297
-0.24 -0.48 0.00014836
-0.24 -0.42 0.000153632
-0.24 -0.36 0.000156905
-0.24 -0.3 0.000158047
-0.24 -0.24 0.000157009
-0.24 -0.18 0.000153833
-0.24 -0.12 0.000148649
-0.24 -0.06 0.000141666
-0.24 9.71445e-15 0.000133155
-0.24 0.06 0.000123435
-0.24 0.12 0.000112853
-0.24 0.18 0.000101758
-0.24 0.24 9.04931e-05
-0.24 0.3 7.93697e-05
-0.24 0.36 6.86565e-05
-0.24 0.42 5.85726e-05
-0.24 0.48 4.92829e-05
-0.24 0.54 4.08972e-05
-0.24 0.6 3.34715e-05
-0.24 0.66 2.70174e-05
-0.24 0.72 2.15082e-05
-0.24 0.78 1.68871e-05
-0.24 0.84 1.30765e-05
-0.24 0.9 9.98661e-06
-0.24 0.96 7.52207e-06
-0.18 -0.72 7.84639e-05
-0.18 -0.66 8.58788e-05
-0.18 -0.6 9.27021e-05
-0.18 -0.54 9.86916e-05
-0.18 -0.48 0.000103624
-0.18 -0.42 0.000107306
-0.18 -0.36 0.000109594
-0.18 -0.3 0.000110391
-0.18 -0.24 0.000109665
-0.18 -0.18 0.000107447
-0.18 -0.12 0.000103827
-0.18 -0.06 9.89487e-05
-0.18 9.71445e-15 9.30044e-05
-0.18 0.06 8.62158e-05
-0.18 0.12 7.88227e-05
-0.18 0.18 7.10744e-05
-0.18 0.24 6.32066e-05
-0.18 0.3 5.54367e-05
-0.18 0.36 4.79542e-05
-0.18 0.42 4.09113e-05
-0.18 0.48 3.44226e-05
-0.18 0.54 2.85652e-05
-0.18 0.6 2.33786e-05
-0.18 0.66 1.88708e-05
-0.18 0.72 1.50229e-05
-0.18 0.78 1.17951e-05
-0.18 0.84 9.1335e-06
-0.18 0.9 6.97531e-06
-0.12 -0.6 6.38593e-05
-0.12 -0.54 6.79854e-05
-0.12 -0.48 7.13824e-05
-0.12 -0.42 7.39205e-05
-0.12 -0.36 7.54959e-05
-0.12 -0.3 7.60447e-05
-0.12 -0.24 7.55445e-05
-0.12 -0.18 7.40162e-05
-0.12 -0.12 7.15229e-05
-0.12 -0.06 6.81628e-05
-0.12 9.71445e-15 6.40678e-05
-0.12 0.06 5.93908e-05
-0.12 0.12 5.42986e-05
-0.12 0.18 4.89611e-05
-0.12 0.24 4.3541e-05
-0.12 0.3 3.81885e-05
-0.12 0.36 3.30337e-05
-0.12 0.42 2.81823e-05
-0.12 0.48 2.37127e-05
-0.12 0.54 1.96777e-05
-0.12 0.6 1.61047e-05
-0.12 0.66 1.29996e-05
-0.12 0.72 1.03487e-05
-0.12 0.78 8.12521e-06
-0.12 0.84 6.2918e-06
-0.12 0.9 4.8051e-06
-0.06 -0.54 4.6189e-05
-0.06 -0.48 4.84971e-05
-0.06 -0.42 5.02215e-05
-0.06 -0.36 5.12917e-05
-0.06 -0.3 5.16644e-05
-0.06 -0.24 5.13247e-05
-0.06 -0.18 5.02861e-05
-0.06 -0.12 4.85923e-05
-0.06 -0.06 4.63097e-05
-0.06 9.71445e-15 4.35276e-05
-0.06 0.06 4.03497e-05
-0.06 0.12 3.68905e-05
-0.06 0.18 3.3264e-05
-0.06 0.24 2.95816e-05
-0.06 0.3 2.59451e-05
-0.06 0.36 2.24429e-05
-0.06 0.42 1.91469e-05
-0.06 0.48 1.61103e-05
-0.06 0.54 1.3369e-05
-0.06 0.6 1.09415e-05
-0.06 0.66 8.83187e-06
-0.06 0.72 7.03088e-06
-0.06 0.78 5.52026e-06
-0.06 0.84 4.27464e-06
9.71445e-15 -0.42 3.36514e-05
9.71445e-15 -0.36 3.43684e-05
9.71445e-15 -0.3 3.46181e-05
9.71445e-15 -0.24 3.43906e-05
9.71445e-15 -0.18 3.36947e-05
9.71445e-15 -0.12 3.25597e-05
9.71445e-15 -0.06 3.10302e-05
9.71445e-15 9.71445e-15 2.91661e-05
9.71445e-15 0.06 2.70367e-05
9.71445e-15 0.12 2.47188e-05
9.71445e-15 0.18 2.22888e-05
9.71445e-15 0.24 1.98214e-05
9.71445e-15 0.3 1.73848e-05
9.71445e-15 0.36 1.50381e-05
9.71445e-15 0.42 1.28295e-05
9.71445e-15 0.48 1.07949e-05
9.71445e-15 0.54 8.958e-06
9.71445e-15 0.6 7.33145e-06
9.71445e-15 0.66 5.91787e-06
9.71445e-15 0.72 4.7111e-06
9.71445e-15 0.78 3.69891e-06
9.71445e-15 0.84 2.86426e-06
0.06 -0.3 2.28774e-05
0.06 -0.24 2.27268e-05
0.06 -0.18 2.22672e-05
0.06 -0.12 2.15171e-05
0.06 -0.06 2.05062e-05
0.06 9.71445e-15 1.92743e-05
0.06 0.06 1.78673e-05
0.06 0.12 1.63353e-05
0.06 0.18 1.47295e-05
0.06 0.24 1.30989e-05
0.06 0.3 1.14887e-05
0.06 0.36 9.93792e-06
0.06 0.42 8.47841e-06
0.06 0.48 7.13376e-06
0.06 0.54 5.91989e-06
0.06 0.6 4.84494e-06
0.06 0.66 3.91081e-06
0.06 0.72 3.11333e-06
0.06 0.78 2.44442e-06
0.12 -0.12 1.40241e-05
0.12 -0.06 1.33653e-05
0.12 9.71445e-15 1.25623e-05
0.12 0.06 1.16453e-05
0.12 0.12 1.06468e-05
0.12 0.18 9.60017e-06
0.12 0.24 8.53741e-06
0.12 0.3 7.48796e-06
0.12 0.36 6.47726e-06
0.12 0.42 5.52595e-06
0.12 0.48 4.64953e-06
0.12 0.54 3.85837e-06
0.12 0.6 3.1578e-06
0.12 0.66 2.54891e-06
0.12 0.72 2.02916e-06
0.12 0.78 1.59317e-06
0.18 9.71445e-15 8.07509e-06
0.18 0.06 7.48567e-06
0.18 0.12 6.84386e-06
0.18 0.18 6.17106e-06
0.18 0.24 5.48794e-06
0.18 0.3 4.81334e-06
0.18 0.36 4.16363e-06
0.18 0.42 3.55209e-06
0.18 0.48 2.98876e-06
0.18 0.54 2.48015e-06
0.18 0.6 2.02987e-06
0.18 0.66 1.63845e-06
0.18 0.72 1.30436e-06
0.24 0.24 3.47914e-06
0.24 0.3 3.05147e-06
0.24 0.36 2.6396e-06
0.24 0.42 2.25192e-06
0.24 0.48 1.89477e-06
0.24 0.54 1.57237e-06
0.24 0.6 1.28686e-06
0.24 0.66 1.03874e-06
