2843 0.06 0.06 0.12672 -12 -12
-2.64 -0.54 0.0003272
-2.64 -0.48 0.00031411
-2.64 -0.42 0.000297397
-2.64 -0.36 0.000277703
-2.64 -0.3 0.000255749
-2.64 -0.24 0.000232293
-2.64 -0.18 0.000208087
-2.64 -0.12 0.000183842
-2.64 -0.06 0.00016019
-2.64 9.71445e-15 0.000137661
-2.64 0.06 0.000116677
-2.64 0.12 9.75305e-05
-2.64 0.18 8.04054e-05
-2.64 0.24 6.53761e-05
-2.64 0.3 5.24254e-05
-2.64 0.36 4.14623e-05
-2.64 0.42 3.23411e-05
-2.58 -0.78 0.000490935
-2.58 -0.72 0.000498119
-2.58 -0.66 0.000498467
-2.58 -0.6 0.000491951
-2.58 -0.54 0.00047885
-2.58 -0.48 0.00045969
-2.58 -0.42 0.00043523
-2.58 -0.36 0.000406409
-2.58 -0.3 0.000374278
-2.58 -0.24 0.000339954
-2.58 -0.18 0.000304533
-2.58 -0.12 0.00026905
-2.58 -0.06 0.000234435
-2.58 9.71445e-15 0.000201467
-2.58 0.06 0.000170753
-2.58 0.12 0.000142732
-2.58 0.18 0.00011767
-2.58 0.24 9.56758e-05
-2.58 0.3 7.67231e-05
-2.58 0.36 6.06793e-05
-2.58 0.42 4.73305e-05
-2.58 0.48 3.6411e-05
-2.58 0.54 2.76256e-05
-2.58 0.6 2.06717e-05
-2.58 0.66 1.52559e-05
-2.52 -0.96 0.000624315
-2.52 -0.9 0.000660306
-2.52 -0.84 0.000688778
-2.52 -0.78 0.000708604
-2.52 -0.72 0.000718969
-2.52 -0.66 0.000719467
-2.52 -0.6 0.000710063
-2.52 -0.54 0.000691157
-2.52 -0.48 0.000663501
-2.52 -0.42 0.000628202
-2.52 -0.36 0.000586603
-2.52 -0.3 0.000540228
-2.52 -0.24 0.000490678
-2.52 -0.18 0.000439548
-2.52 -0.12 0.000388339
-2.52 -0.06 0.000338376
-2.52 9.71445e-15 0.000290787
-2.52 0.06 0.000246457
-2.52 0.12 0.000206016
-2.52 0.18 0.000169843
-2.52 0.24 0.000138096
-2.52 0.3 0.00011074
-2.52 0.36 8.75822e-05
-2.52 0.42 6.83153e-05
-2.52 0.48 5.25544e-05
-2.52 0.54 3.98735e-05
-2.52 0.6 2.98372e-05
-2.52 0.66 2.20199e-05
-2.52 0.72 1.60273e-05
-2.52 0.78 1.15052e-05
-2.52 0.84 8.14554e-06
-2.46 -1.08 0.000762168
-2.46 -1.02 0.000828736
-2.46 -0.96 0.000888728
-2.46 -0.9 0.000939964
-2.46 -0.84 0.000980488
-2.46 -0.78 0.00100871
-2.46 -0.72 0.00102348
-2.46 -0.66 0.00102417
-2.46 -0.6 0.0010108
-2.46 -0.54 0.000983875
-2.46 -0.48 0.000944513
-2.46 -0.42 0.00089426
-2.46 -0.36 0.000835042
-2.46 -0.3 0.000769029
-2.46 -0.24 0.000698497
-2.46 -0.18 0.000625706
-2.46 -0.12 0.000552809
-2.46 -0.06 0.000481684
-2.46 9.71445e-15 0.000413944
-2.46 0.06 0.000350841
-2.46 0.12 0.00029327
-2.46 0.18 0.000241776
-2.46 0.24 0.000196584
-2.46 0.3 0.000157642
-2.46 0.36 0.000124675
-2.46 0.42 9.72482e-05
-2.46 0.48 7.48121e-05
-2.46 0.54 5.67613e-05
-2.46 0.6 4.2474e-05
-2.46 0.66 3.13457e-05
-2.46 0.72 2.2815e-05
-2.46 0.78 1.63779e-05
-2.46 0.84 1.15953e-05
-2.46 0.9 8.09651e-06
-2.46 0.96 5.57569e-06
-2.4 -1.2 0.00086824
-2.4 -1.14 0.000970568
-2.4 -1.08 0.00107005
-2.4 -1.02 0.00116351
-2.4 -0.96 0.00124773
-2.4 -0.9 0.00131967
-2.4 -0.84 0.00137657
-2.4 -0.78 0.00141618
-2.4 -0.72 0.00143692
-2.4 -0.66 0.00143789
-2.4 -0.6 0.00141912
-2.4 -0.54 0.00138132
-2.4 -0.48 0.00132605
-2.4 -0.42 0.0012555
-2.4 -0.36 0.00117236
-2.4 -0.3 0.00107968
-2.4 -0.24 0.000980662
-2.4 -0.18 0.000878471
-2.4 -0.12 0.000776118
-2.4 -0.06 0.000676267
-2.4 9.71445e-15 0.00058116
-2.4 0.06 0.000492566
-2.4 0.12 0.000411738
-2.4 0.18 0.000339442
-2.4 0.24 0.000275995
-2.4 0.3 0.000221322
-2.4 0.36 0.000175039
-2.4 0.42 0.000136532
-2.4 0.48 0.000105033
-2.4 0.54 7.96907e-05
-2.4 0.6 5.96314e-05
-2.4 0.66 4.40077e-05
-2.4 0.72 3.20313e-05
-2.4 0.78 2.29938e-05
-2.4 0.84 1.62793e-05
-2.4 0.9 1.13671e-05
-2.4 0.96 7.82806e-06
-2.4 1.02 5.31676e-06
-2.4 1.08 3.56142e-06
-2.34 -1.32 0.000922944
-2.34 -1.26 0.00106068
-2.34 -1.2 0.00120222
-2.34 -1.14 0.00134391
-2.34 -1.08 0.00148166
-2.34 -1.02 0.00161106
-2.34 -0.96 0.00172769
-2.34 -0.9 0.00182729
-2.34 -0.84 0.00190608
-2.34 -0.78 0.00196092
-2.34 -0.72 0.00198964
-2.34 -0.66 0.00199099
-2.34 -0.6 0.001965
-2.34 -0.54 0.00191265
-2.34 -0.48 0.00183613
-2.34 -0.42 0.00173843
-2.34 -0.36 0.00162331
-2.34 -0.3 0.00149499
-2.34 -0.24 0.00135788
-2.34 -0.18 0.00121638
-2.34 -0.12 0.00107466
-2.34 -0.06 0.0009364
-2.34 9.71445e-15 0.000804709
-2.34 0.06 0.000682035
-2.34 0.12 0.000570116
-2.34 0.18 0.000470012
-2.34 0.24 0.000382159
-2.34 0.3 0.000306456
-2.34 0.36 0.00024237
-2.34 0.42 0.00018905
-2.34 0.48 0.000145436
-2.34 0.54 0.000110344
-2.34 0.6 8.25691e-05
-2.34 0.66 6.09358e-05
-2.34 0.72 4.43524e-05
-2.34 0.78 3.18385e-05
-2.34 0.84 2.25413e-05
-2.34 0.9 1.57396e-05
-2.34 0.96 1.08392e-05
-2.34 1.02 7.3619e-06
-2.34 1.08 4.93137e-06
-2.34 1.14 3.25792e-06
-2.28 -1.44 0.000915499
-2.28 -1.38 0.00108165
-2.28 -1.32 0.0012604
-2.28 -1.26 0.00144849
-2.28 -1.2 0.00164178
-2.28 -1.14 0.00183526
-2.28 -1.08 0.00202339
-2.28 -1.02 0.00220012
-2.28 -0.96 0.00235939
-2.28 -0.9 0.00249541
-2.28 -0.84 0.002603
-2.28 -0.78 0.00267789
-2.28 -0.72 0.00271711
-2.28 -0.66 0.00271894
-2.28 -0.6 0.00268346
-2.28 -0.54 0.00261198
-2.28 -0.48 0.00250746
-2.28 -0.42 0.00237405
-2.28 -0.36 0.00221685
-2.28 -0.3 0.0020416
-2.28 -0.24 0.00185436
-2.28 -0.18 0.00166112
-2.28 -0.12 0.00146759
-2.28 -0.06 0.00127877
-2.28 9.71445e-15 0.00109894
-2.28 0.06 0.000931403
-2.28 0.12 0.000778566
-2.28 0.18 0.000641862
-2.28 0.24 0.000521887
-2.28 0.3 0.000418505
-2.28 0.36 0.000330986
-2.28 0.42 0.000258173
-2.28 0.48 0.000198611
-2.28 0.54 0.000150689
-2.28 0.6 0.000112759
-2.28 0.66 8.32156e-05
-2.28 0.72 6.05689e-05
-2.28 0.78 4.34794e-05
-2.28 0.84 3.0783e-05
-2.28 0.9 2.14945e-05
-2.28 0.96 1.48023e-05
-2.28 1.02 1.00536e-05
-2.28 1.08 6.73442e-06
-2.28 1.14 4.44909e-06
-2.22 -1.5 0.00102929
-2.22 -1.44 0.00123304
-2.22 -1.38 0.00145682
-2.22 -1.32 0.00169757
-2.22 -1.26 0.00195091
-2.22 -1.2 0.00221125
-2.22 -1.14 0.00247184
-2.22 -1.08 0.0027252
-2.22 -1.02 0.00296324
-2.22 -0.96 0.00317776
-2.22 -0.9 0.00336096
-2.22 -0.84 0.00350586
-2.22 -0.78 0.00360675
-2.22 -0.72 0.00365953
-2.22 -0.66 0.00366205
-2.22 -0.6 0.00361421
-2.22 -0.54 0.00351798
-2.22 -0.48 0.00337719
-2.22 -0.42 0.0031975
-2.22 -0.36 0.00298577
-2.22 -0.3 0.00274974
-2.22 -0.24 0.00249754
-2.22 -0.18 0.00223728
-2.22 -0.12 0.00197664
-2.22 -0.06 0.0017223
-2.22 9.71445e-15 0.00148011
-2.22 0.06 0.00125447
-2.22 0.12 0.00104861
-2.22 0.18 0.000864494
-2.22 0.24 0.000702906
-2.22 0.3 0.000563662
-2.22 0.36 0.000445785
-2.22 0.42 0.000347724
-2.22 0.48 0.000267499
-2.22 0.54 0.000202957
-2.22 0.6 0.00015187
-2.22 0.66 0.00011208
-2.22 0.72 8.15782e-05
-2.22 0.78 5.85612e-05
-2.22 0.84 4.14606e-05
-2.22 0.9 2.89501e-05
-2.22 0.96 1.99365e-05
-2.22 1.02 1.35407e-05
-2.22 1.08 9.07029e-06
-2.22 1.14 5.99225e-06
-2.22 1.2 3.90437e-06
-2.16 -1.62 0.000913955
-2.16 -1.56 0.00112561
-2.16 -1.5 0.00136723
-2.16 -1.44 0.00163788
-2.16 -1.38 0.00193516
-2.16 -1.32 0.00225496
-2.16 -1.26 0.00259147
-2.16 -1.2 0.00293727
-2.16 -1.14 0.00328348
-2.16 -1.08 0.00361998
-2.16 -1.02 0.00393614
-2.16 -0.96 0.00422111
-2.16 -0.9 0.00446447
-2.16 -0.84 0.00465697
-2.16 -0.78 0.00479098
-2.16 -0.72 0.00486111
-2.16 -0.66 0.00486449
-2.16 -0.6 0.00480087
-2.16 -0.54 0.00467307
-2.16 -0.48 0.00448611
-2.16 -0.42 0.00424741
-2.16 -0.36 0.00396613
-2.16 -0.3 0.00365259
-2.16 -0.24 0.00331758
-2.16 -0.18 0.00297191
-2.16 -0.12 0.00262563
-2.16 -0.06 0.00228784
-2.16 9.71445e-15 0.00196607
-2.16 0.06 0.00166637
-2.16 0.12 0.00139292
-2.16 0.18 0.00114834
-2.16 0.24 0.000933693
-2.16 0.3 0.000748731
-2.16 0.36 0.000592165
-2.16 0.42 0.000461896
-2.16 0.48 0.000355329
-2.16 0.54 0.000269596
-2.16 0.6 0.000201735
-2.16 0.66 0.000148881
-2.16 0.72 0.000108364
-2.16 0.78 7.77897e-05
-2.16 0.84 5.5074e-05
-2.16 0.9 3.84553e-05
-2.16 0.96 2.64825e-05
-2.16 1.02 1.79868e-05
-2.16 1.08 1.20485e-05
-2.16 1.14 7.95976e-06
-2.16 1.2 5.1863e-06
-2.1 -1.68 0.000958848
-2.1 -1.62 0.00119737
-2.1 -1.56 0.00147466
-2.1 -1.5 0.0017912
-2.1 -1.44 0.00214579
-2.1 -1.38 0.00253524
-2.1 -1.32 0.00295416
-2.1 -1.26 0.00339505
-2.1 -1.2 0.00384807
-2.1 -1.14 0.0043016
-2.1 -1.08 0.00474253
-2.1 -1.02 0.00515674
-2.1 -0.96 0.00553004
-2.1 -0.9 0.00584887
-2.1 -0.84 0.00610106
-2.1 -0.78 0.00627661
-2.1 -0.72 0.00636848
-2.1 -0.66 0.00637284
-2.1 -0.6 0.00628962
-2.1 -0.54 0.00612206
-2.1 -0.48 0.0058771
-2.1 -0.42 0.00556444
-2.1 -0.36 0.00519596
-2.1 -0.3 0.00478518
-2.1 -0.24 0.00434633
-2.1 -0.18 0.00389342
-2.1 -0.12 0.0034398
-2.1 -0.06 0.00299725
-2.1 9.71445e-15 0.00257574
-2.1 0.06 0.00218306
-2.1 0.12 0.00182483
-2.1 0.18 0.00150442
-2.1 0.24 0.00122322
-2.1 0.3 0.000980911
-2.1 0.36 0.000775784
-2.1 0.42 0.000605116
-2.1 0.48 0.000465516
-2.1 0.54 0.00035319
-2.1 0.6 0.000264289
-2.1 0.66 0.000195046
-2.1 0.72 0.000141966
-2.1 0.78 0.00010191
-2.1 0.84 7.21505e-05
-2.1 0.9 5.03799e-05
-2.1 0.96 3.46946e-05
-2.1 1.02 2.3564e-05
-2.1 1.08 1.57846e-05
-2.1 1.14 1.0428e-05
-2.1 1.2 6.79454e-06
-2.04 -1.74 0.000978477
-2.04 -1.68 0.0012389
-2.04 -1.62 0.00154708
-2.04 -1.56 0.00190536
-2.04 -1.5 0.00231435
-2.04 -1.44 0.00277249
-2.04 -1.38 0.00327569
-2.04 -1.32 0.00381704
-2.04 -1.26 0.00438666
-2.04 -1.2 0.00497201
-2.04 -1.14 0.00555802
-2.04 -1.08 0.00612766
-2.04 -1.02 0.00666283
-2.04 -0.96 0.00714522
-2.04 -0.9 0.00755716
-2.04 -0.84 0.00788294
-2.04 -0.78 0.00810981
-2.04 -0.72 0.00822856
-2.04 -0.66 0.00823423
-2.04 -0.6 0.0081266
-2.04 -0.54 0.00791024
-2.04 -0.48 0.00759375
-2.04 -0.42 0.0071897
-2.04 -0.36 0.00671358
-2.04 -0.3 0.00618284
-2.04 -0.24 0.00561578
-2.04 -0.18 0.00503062
-2.04 -0.12 0.00444449
-2.04 -0.06 0.00387267
-2.04 9.71445e-15 0.00332803
-2.04 0.06 0.00282071
-2.04 0.12 0.00235784
-2.04 0.18 0.00194383
-2.04 0.24 0.00158049
-2.04 0.3 0.0012674
-2.04 0.36 0.00100237
-2.04 0.42 0.000781865
-2.04 0.48 0.000601473
-2.04 0.54 0.000456353
-2.04 0.6 0.000341483
-2.04 0.66 0.000252014
-2.04 0.72 0.000183431
-2.04 0.78 0.000131677
-2.04 0.84 9.32252e-05
-2.04 0.9 6.50946e-05
-2.04 0.96 4.48274e-05
-2.04 1.02 3.04467e-05
-2.04 1.08 2.03947e-05
-2.04 1.14 1.34738e-05
-2.04 1.2 8.77903e-06
-1.98 -1.8 0.000971254
-1.98 -1.74 0.00124689
-1.98 -1.68 0.00157876
-1.98 -1.62 0.00197147
-1.98 -1.56 0.00242804
-1.98 -1.5 0.00294924
-1.98 -1.44 0.00353307
-1.98 -1.38 0.00417429
-1.98 -1.32 0.00486404
-1.98 -1.26 0.00559002
-1.98 -1.2 0.00633589
-1.98 -1.14 0.00708268
-1.98 -1.08 0.0078086
-1.98 -1.02 0.00849064
-1.98 -0.96 0.00910531
-1.98 -0.9 0.00963027
-1.98 -0.84 0.0100455
-1.98 -0.78 0.0103345
-1.98 -0.72 0.0104857
-1.98 -0.66 0.010493
-1.98 -0.6 0.0103559
-1.98 -0.54 0.0100801
-1.98 -0.48 0.0096767
-1.98 -0.42 0.00916185
-1.98 -0.36 0.00855516
-1.98 -0.3 0.00787884
-1.98 -0.24 0.00715624
-1.98 -0.18 0.00641059
-1.98 -0.12 0.00566368
-1.98 -0.06 0.00493498
-1.98 9.71445e-15 0.004241
-1.98 0.06 0.00359445
-1.98 0.12 0.0030046
-1.98 0.18 0.00247704
-1.98 0.24 0.00201405
-1.98 0.3 0.00161508
-1.98 0.36 0.00127733
-1.98 0.42 0.000996337
-1.98 0.48 0.000766475
-1.98 0.54 0.000581537
-1.98 0.6 0.000435153
-1.98 0.66 0.000321146
-1.98 0.72 0.000233749
-1.98 0.78 0.000167797
-1.98 0.84 0.000118797
-1.98 0.9 8.29514e-05
-1.98 0.96 5.71249e-05
-1.98 1.02 3.87984e-05
-1.98 1.08 2.59895e-05
-1.98 1.14 1.71698e-05
-1.98 1.2 1.11873e-05
-1.92 -1.86 0.00093776
-1.92 -1.8 0.00122065
-1.92 -1.74 0.0015671
-1.92 -1.68 0.00198418
-1.92 -1.62 0.00247774
-1.92 -1.56 0.00305154
-1.92 -1.5 0.00370658
-1.92 -1.44 0.00444035
-1.92 -1.38 0.00524626
-1.92 -1.32 0.0061132
-1.92 -1.26 0.00702547
-1.92 -1.2 0.00796301
-1.92 -1.14 0.00890147
-1.92 -1.08 0.00981385
-1.92 -1.02 0.010671
-1.92 -0.96 0.0114434
-1.92 -0.9 0.0121032
-1.92 -0.84 0.0126251
-1.92 -0.78 0.0129885
-1.92 -0.72 0.0131784
-1.92 -0.66 0.0131876
-1.92 -0.6 0.0130153
-1.92 -0.54 0.0126686
-1.92 -0.48 0.0121618
-1.92 -0.42 0.0115147
-1.92 -0.36 0.0107522
-1.92 -0.3 0.00990219
-1.92 -0.24 0.00899396
-1.92 -0.18 0.0080568
-1.92 -0.12 0.0071181
-1.92 -0.06 0.00620233
-1.92 9.71445e-15 0.00533005
-1.92 0.06 0.00451747
-1.92 0.12 0.00377621
-1.92 0.18 0.00311317
-1.92 0.24 0.00253125
-1.92 0.3 0.00202982
-1.92 0.36 0.00160536
-1.92 0.42 0.00125219
-1.92 0.48 0.000963308
-1.92 0.54 0.000730864
-1.92 0.6 0.000546905
-1.92 0.66 0.000403618
-1.92 0.72 0.000293775
-1.92 0.78 0.000210887
-1.92 0.84 0.000149305
-1.92 0.9 0.000104252
-1.92 0.96 7.17947e-05
-1.92 1.02 4.87618e-05
-1.92 1.08 3.26636e-05
-1.92 1.14 2.15789e-05
-1.92 1.2 1.40601e-05
-1.86 -1.92 0.000880693
-1.86 -1.86 0.00116238
-1.86 -1.8 0.00151304
-1.86 -1.74 0.00194246
-1.86 -1.68 0.00245942
-1.86 -1.62 0.00307122
-1.86 -1.56 0.00378248
-1.86 -1.5 0.00459441
-1.86 -1.44 0.00550389
-1.86 -1.38 0.00650285
-1.86 -1.32 0.00757749
-1.86 -1.26 0.00870818
-1.86 -1.2 0.00987036
-1.86 -1.14 0.0110336
-1.86 -1.08 0.0121645
-1.86 -1.02 0.0132269
-1.86 -0.96 0.0141844
-1.86 -0.9 0.0150022
-1.86 -0.84 0.015649
-1.86 -0.78 0.0160995
-1.86 -0.72 0.0163351
-1.86 -0.66 0.0163463
-1.86 -0.6 0.0161327
-1.86 -0.54 0.0157031
-1.86 -0.48 0.0150749
-1.86 -0.42 0.0142728
-1.86 -0.36 0.0133277
-1.86 -0.3 0.012274
-1.86 -0.24 0.0111483
-1.86 -0.18 0.00998661
-1.86 -0.12 0.00882307
-1.86 -0.06 0.00768794
-1.86 9.71445e-15 0.0066067
-1.86 0.06 0.00559957
-1.86 0.12 0.00468072
-1.86 0.18 0.00385886
-1.86 0.24 0.00313756
-1.86 0.3 0.00251602
-1.86 0.36 0.00198988
-1.86 0.42 0.00155212
-1.86 0.48 0.00119404
-1.86 0.54 0.000905933
-1.86 0.6 0.000677904
-1.86 0.66 0.000500293
-1.86 0.72 0.00036414
-1.86 0.78 0.000261399
-1.86 0.84 0.000185066
-1.86 0.9 0.000129223
-1.86 0.96 8.8991e-05
-1.86 1.02 6.04419e-05
-1.86 1.08 4.04871e-05
-1.86 1.14 2.67476e-05
-1.86 1.2 1.74279e-05
-1.8 -1.98 0.000804525
-1.8 -1.92 0.00107664
-1.8 -1.86 0.00142099
-1.8 -1.8 0.00184968
-1.8 -1.74 0.00237463
-1.8 -1.68 0.0030066
-1.8 -1.62 0.00375454
-1.8 -1.56 0.00462404
-1.8 -1.5 0.00561661
-1.8 -1.44 0.00672845
-1.8 -1.38 0.00794962
-1.8 -1.32 0.00926338
-1.8 -1.26 0.0106457
-1.8 -1.2 0.0120664
-1.8 -1.14 0.0134884
-1.8 -1.08 0.0148709
-1.8 -1.02 0.0161698
-1.8 -0.96 0.0173403
-1.8 -0.9 0.01834
-1.8 -0.84 0.0191306
-1.8 -0.78 0.0196814
-1.8 -0.72 0.0199695
-1.8 -0.66 0.019983
-1.8 -0.6 0.0197221
-1.8 -0.54 0.0191968
-1.8 -0.48 0.0184288
-1.8 -0.42 0.0174483
-1.8 -0.36 0.0162929
-1.8 -0.3 0.0150049
-1.8 -0.24 0.0136287
-1.8 -0.18 0.0122085
-1.8 -0.12 0.0107861
-1.8 -0.06 0.00939838
-1.8 9.71445e-15 0.00807662
-1.8 0.06 0.0068454
-1.8 0.12 0.00572212
-1.8 0.18 0.0047174
-1.8 0.24 0.00383563
-1.8 0.3 0.00307581
-1.8 0.36 0.00243259
-1.8 0.42 0.00189745
-1.8 0.48 0.00145969
-1.8 0.54 0.00110749
-1.8 0.6 0.000828728
-1.8 0.66 0.0006116
-1.8 0.72 0.000445155
-1.8 0.78 0.000319556
-1.8 0.84 0.000226241
-1.8 0.9 0.000157974
-1.8 0.96 0.00010879
-1.8 1.02 7.38894e-05
-1.8 1.08 4.94948e-05
-1.8 1.14 3.26987e-05
-1.8 1.2 2.13055e-05
-1.74 -2.04 0.000714877
-1.74 -1.98 0.000970004
-1.74 -1.92 0.00129808
-1.74 -1.86 0.00171326
-1.74 -1.8 0.00223012
-1.74 -1.74 0.00286305
-1.74 -1.68 0.003625
-1.74 -1.62 0.00452677
-1.74 -1.56 0.00557513
-1.74 -1.5 0.00677185
-1.74 -1.44 0.00811238
-1.74 -1.38 0.00958473
-1.74 -1.32 0.0111687
-1.74 -1.26 0.0128353
-1.74 -1.2 0.0145482
-1.74 -1.14 0.0162626
-1.74 -1.08 0.0179296
-1.74 -1.02 0.0194956
-1.74 -0.96 0.020907
-1.74 -0.9 0.0221123
-1.74 -0.84 0.0230655
-1.74 -0.78 0.0237295
-1.74 -0.72 0.0240768
-1.74 -0.66 0.0240932
-1.74 -0.6 0.0237786
-1.74 -0.54 0.0231453
-1.74 -0.48 0.0222193
-1.74 -0.42 0.0210371
-1.74 -0.36 0.0196441
-1.74 -0.3 0.0180911
-1.74 -0.24 0.0164318
-1.74 -0.18 0.0147195
-1.74 -0.12 0.0130046
-1.74 -0.06 0.0113315
-1.74 9.71445e-15 0.00973786
-1.74 0.06 0.00825336
-1.74 0.12 0.00689906
-1.74 0.18 0.00568769
-1.74 0.24 0.00462455
-1.74 0.3 0.00370844
-1.74 0.36 0.00293293
-1.74 0.42 0.00228773
-1.74 0.48 0.00175993
-1.74 0.54 0.00133528
-1.74 0.6 0.000999183
-1.74 0.66 0.000737397
-1.74 0.72 0.000536717
-1.74 0.78 0.000385283
-1.74 0.84 0.000272776
-1.74 0.9 0.000190467
-1.74 0.96 0.000131166
-1.74 1.02 8.9087e-05
-1.74 1.08 5.96752e-05
-1.74 1.14 3.94241e-05
-1.74 1.2 2.56876e-05
-1.68 -2.1 0.000617879
-1.68 -2.04 0.000850071
-1.68 -1.98 0.00115344
-1.68 -1.92 0.00154356
-1.68 -1.86 0.00203725
-1.68 -1.8 0.00265186
-1.68 -1.74 0.00340448
-1.68 -1.68 0.00431057
-1.68 -1.62 0.00538279
-1.68 -1.56 0.00662941
-1.68 -1.5 0.00805246
-1.68 -1.44 0.00964648
-1.68 -1.38 0.0113973
-1.68 -1.32 0.0132807
-1.68 -1.26 0.0152626
-1.68 -1.2 0.0172994
-1.68 -1.14 0.0193382
-1.68 -1.08 0.0213201
-1.68 -1.02 0.0231824
-1.68 -0.96 0.0248607
-1.68 -0.9 0.0262939
-1.68 -0.84 0.0274276
-1.68 -0.78 0.0282171
-1.68 -0.72 0.0286298
-1.68 -0.66 0.0286497
-1.68 -0.6 0.0282752
-1.68 -0.54 0.0275224
-1.68 -0.48 0.0264211
-1.68 -0.42 0.0250154
-1.68 -0.36 0.0233589
-1.68 -0.3 0.0215122
-1.68 -0.24 0.0195391
-1.68 -0.18 0.0175032
-1.68 -0.12 0.0154639
-1.68 -0.06 0.0134743
-1.68 9.71445e-15 0.0115794
-1.68 0.06 0.00981414
-1.68 0.12 0.0082037
-1.68 0.18 0.00676327
-1.68 0.24 0.00549909
-1.68 0.3 0.00440972
-1.68 0.36 0.00348757
-1.68 0.42 0.00272037
-1.68 0.48 0.00209275
-1.68 0.54 0.0015878
-1.68 0.6 0.00118814
-1.68 0.66 0.000876849
-1.68 0.72 0.00063822
-1.68 0.78 0.000458147
-1.68 0.84 0.000324362
-1.68 0.9 0.000226486
-1.68 0.96 0.000155971
-1.68 1.02 0.000105934
-1.68 1.08 7.09607e-05
-1.68 1.14 4.68792e-05
-1.68 1.2 3.05453e-05
-1.62 -2.1 0.000724625
-1.62 -2.04 0.000996932
-1.62 -1.98 0.00135271
-1.62 -1.92 0.00181023
-1.62 -1.86 0.00238921
-1.62 -1.8 0.00311001
-1.62 -1.74 0.00399263
-1.62 -1.68 0.00505532
-1.62 -1.62 0.00631278
-1.62 -1.56 0.00777466
-1.62 -1.5 0.00944357
-1.62 -1.44 0.0113131
-1.62 -1.38 0.0133663
-1.62 -1.32 0.0155752
-1.62 -1.26 0.0178996
-1.62 -1.2 0.0202879
-1.62 -1.14 0.0226793
-1.62 -1.08 0.0250036
-1.62 -1.02 0.0271874
-1.62 -0.96 0.0291556
-1.62 -0.9 0.0308367
-1.62 -0.84 0.0321663
-1.62 -0.78 0.0330918
-1.62 -0.72 0.033576
-1.62 -0.66 0.0335995
-1.62 -0.6 0.0331601
-1.62 -0.54 0.0322772
-1.62 -0.48 0.0309859
-1.62 -0.42 0.0293371
-1.62 -0.36 0.0273943
-1.62 -0.3 0.0252286
-1.62 -0.24 0.0229148
-1.62 -0.18 0.0205273
-1.62 -0.12 0.0181354
-1.62 -0.06 0.0158023
-1.62 9.71445e-15 0.0135799
-1.62 0.06 0.0115097
-1.62 0.12 0.00962098
-1.62 0.18 0.00793164
-1.62 0.24 0.00644905
-1.62 0.3 0.00517156
-1.62 0.36 0.00409014
-1.62 0.42 0.00319034
-1.62 0.48 0.0024543
-1.62 0.54 0.00186212
-1.62 0.6 0.00139339
-1.62 0.66 0.00102833
-1.62 0.72 0.000748483
-1.62 0.78 0.0005373
-1.62 0.84 0.0003804
-1.62 0.9 0.000265614
-1.62 0.96 0.000182917
-1.62 1.02 0.000124235
-1.62 1.08 8.32201e-05
-1.62 1.14 5.49791e-05
-1.62 1.2 3.5822e-05
-1.56 -2.16 0.000600823
-1.56 -2.1 0.000838124
-1.56 -2.04 0.00115308
-1.56 -1.98 0.0015646
-1.56 -1.92 0.00209381
-1.56 -1.86 0.00276347
-1.56 -1.8 0.00359718
-1.56 -1.74 0.00461805
-1.56 -1.68 0.00584716
-1.56 -1.62 0.0073017
-1.56 -1.56 0.00899266
-1.56 -1.5 0.010923
-1.56 -1.44 0.0130853
-1.56 -1.38 0.0154602
-1.56 -1.32 0.018015
-1.56 -1.26 0.0207034
-1.56 -1.2 0.0234661
-1.56 -1.14 0.0262317
-1.56 -1.08 0.0289206
-1.56 -1.02 0.0314464
-1.56 -0.96 0.0337228
-1.56 -0.9 0.035667
-1.56 -0.84 0.0372048
-1.56 -0.78 0.0382753
-1.56 -0.72 0.0388359
-1.56 -0.66 0.0388621
-1.56 -0.6 0.0383549
-1.56 -0.54 0.0373331
-1.56 -0.48 0.0358394
-1.56 -0.42 0.0339325
-1.56 -0.36 0.0316855
-1.56 -0.3 0.0291807
-1.56 -0.24 0.0265045
-1.56 -0.18 0.0237426
-1.56 -0.12 0.0209763
-1.56 -0.06 0.0182776
-1.56 9.71445e-15 0.0157072
-1.56 0.06 0.0133127
-1.56 0.12 0.0111281
-1.56 0.18 0.00917417
-1.56 0.24 0.00745937
-1.56 0.3 0.00598173
-1.56 0.36 0.00473082
-1.56 0.42 0.00369007
-1.56 0.48 0.00283876
-1.56 0.54 0.00215381
-1.56 0.6 0.00161167
-1.56 0.66 0.00118941
-1.56 0.72 0.000865716
-1.56 0.78 0.000621456
-1.56 0.84 0.000439983
-1.56 0.9 0.000307222
-1.56 0.96 0.000211571
-1.56 1.02 0.000143697
-1.56 1.08 9.62556e-05
-1.56 1.14 6.35914e-05
-1.56 1.2 4.1434e-05
-1.5 -2.22 0.000484577
-1.5 -2.16 0.000685391
-1.5 -2.1 0.000956099
-1.5 -2.04 0.00131539
-1.5 -1.98 0.00178483
-1.5 -1.92 0.00238849
-1.5 -1.86 0.00315241
-1.5 -1.8 0.00410349
-1.5 -1.74 0.00526804
-1.5 -1.68 0.00667015
-1.5 -1.62 0.00832929
-1.5 -1.56 0.0102582
-1.5 -1.5 0.0124603
-1.5 -1.44 0.0149268
-1.5 -1.38 0.017636
-1.5 -1.32 0.0205505
-1.5 -1.26 0.0236173
-1.5 -1.2 0.0267688
-1.5 -1.14 0.0299239
-1.5 -1.08 0.0329905
-1.5 -1.02 0.0358721
-1.5 -0.96 0.0384692
-1.5 -0.9 0.040687
-1.5 -0.84 0.0424412
-1.5 -0.78 0.0436627
-1.5 -0.72 0.0443015
-1.5 -0.66 0.0443324
-1.5 -0.6 0.0437525
-1.5 -0.54 0.042588
-1.5 -0.48 0.040884
-1.5 -0.42 0.0387085
-1.5 -0.36 0.0361451
-1.5 -0.3 0.0332876
-1.5 -0.24 0.0302346
-1.5 -0.18 0.0270844
-1.5 -0.12 0.0239287
-1.5 -0.06 0.02085
-1.5 9.71445e-15 0.0179178
-1.5 0.06 0.0151864
-1.5 0.12 0.0126943
-1.5 0.18 0.0104654
-1.5 0.24 0.00850919
-1.5 0.3 0.00682352
-1.5 0.36 0.00539666
-1.5 0.42 0.00420948
-1.5 0.48 0.00323829
-1.5 0.54 0.00245695
-1.5 0.6 0.0018385
-1.5 0.66 0.00135683
-1.5 0.72 0.000987577
-1.5 0.78 0.000708935
-1.5 0.84 0.000501916
-1.5 0.9 0.000350463
-1.5 0.96 0.000241348
-1.5 1.02 0.000163922
-1.5 1.08 0.000109804
-1.5 1.14 7.2541e-05
-1.5 1.2 4.72653e-05
-1.44 -2.22 0.000545181
-1.44 -2.16 0.000771106
-1.44 -2.1 0.00107567
-1.44 -2.04 0.00147989
-1.44 -1.98 0.00200804
-1.44 -1.92 0.00268723
-1.44 -1.86 0.00354668
-1.44 -1.8 0.00461667
-1.44 -1.74 0.00592689
-1.44 -1.68 0.00750434
-1.44 -1.62 0.00937109
-1.44 -1.56 0.0115413
-1.44 -1.5 0.0140187
-1.44 -1.44 0.0167939
-1.44 -1.38 0.0198418
-1.44 -1.32 0.0231206
-1.44 -1.26 0.0265711
-1.44 -1.2 0.0301167
-1.44 -1.14 0.0336661
-1.44 -1.08 0.037117
-1.44 -1.02 0.0403589
-1.44 -0.96 0.0432805
-1.44 -0.9 0.0457757
-1.44 -0.84 0.0477494
-1.44 -0.78 0.0491232
-1.44 -0.72 0.0498425
-1.44 -0.66 0.0498764
-1.44 -0.6 0.0492253
-1.44 -0.54 0.047914
-1.44 -0.48 0.0459966
-1.44 -0.42 0.0435495
-1.44 -0.36 0.0406656
-1.44 -0.3 0.0374509
-1.44 -0.24 0.0340162
-1.44 -0.18 0.0304715
-1.44 -0.12 0.0269214
-1.44 -0.06 0.0234577
-1.44 9.71445e-15 0.0201589
-1.44 0.06 0.0170856
-1.44 0.12 0.014282
-1.44 0.18 0.0117743
-1.44 0.24 0.00957346
-1.44 0.3 0.00767703
-1.44 0.36 0.0060716
-1.44 0.42 0.00473591
-1.44 0.48 0.00364332
-1.44 0.54 0.00276422
-1.44 0.6 0.00206844
-1.44 0.66 0.00152651
-1.44 0.72 0.00111108
-1.44 0.78 0.000797587
-1.44 0.84 0.000564682
-1.44 0.9 0.000394295
-1.44 0.96 0.000271534
-1.44 1.02 0.000184422
-1.44 1.08 0.000123536
-1.44 1.14 8.16138e-05
-1.44 1.2 5.3177e-05
-1.38 -2.28 0.000421813
-1.38 -2.22 0.000604936
-1.38 -2.16 0.000855624
-1.38 -2.1 0.00119356
-1.38 -2.04 0.00164209
-1.38 -1.98 0.00222811
-1.38 -1.92 0.00298172
-1.38 -1.86 0.00393542
-1.38 -1.8 0.00512265
-1.38 -1.74 0.00657651
-1.38 -1.68 0.00832685
-1.38 -1.62 0.0103981
-1.38 -1.56 0.0128061
-1.38 -1.5 0.015555
-1.38 -1.44 0.0186344
-1.38 -1.38 0.0220165
-1.38 -1.32 0.0256548
-1.38 -1.26 0.0294833
-1.38 -1.2 0.0334176
-1.38 -1.14 0.0373563
-1.38 -1.08 0.041185
-1.38 -1.02 0.0447817
-1.38 -0.96 0.0480234
-1.38 -0.9 0.0507923
-1.38 -0.84 0.0529824
-1.38 -0.78 0.0545074
-1.38 -0.72 0.0553049
-1.38 -0.66 0.0553433
-1.38 -0.6 0.0546201
-1.38 -0.54 0.0531652
-1.38 -0.48 0.0510385
-1.38 -0.42 0.048323
-1.38 -0.36 0.045123
-1.38 -0.3 0.0415556
-1.38 -0.24 0.0377443
-1.38 -0.18 0.0338115
-1.38 -0.12 0.0298717
-1.38 -0.06 0.0260289
-1.38 9.71445e-15 0.022368
-1.38 0.06 0.0189582
-1.38 0.12 0.0158473
-1.38 0.18 0.0130647
-1.38 0.24 0.0106227
-1.38 0.3 0.00851839
-1.38 0.36 0.0067371
-1.38 0.42 0.00525497
-1.38 0.48 0.00404262
-1.38 0.54 0.00306718
-1.38 0.6 0.00229515
-1.38 0.66 0.00169382
-1.38 0.72 0.00123286
-1.38 0.78 0.000885014
-1.38 0.84 0.000626575
-1.38 0.9 0.000437504
-1.38 0.96 0.000301294
-1.38 1.02 0.000204635
-1.38 1.08 0.000137076
-1.38 1.14 9.05589e-05
-1.38 1.2 5.90048e-05
-1.32 -2.28 0.000461615
-1.32 -2.22 0.000662013
-1.32 -2.16 0.000936347
-1.32 -2.1 0.00130618
-1.32 -2.04 0.00179703
-1.32 -1.98 0.00243835
-1.32 -1.92 0.00326304
-1.32 -1.86 0.00430671
-1.32 -1.8 0.00560602
-1.32 -1.74 0.00719696
-1.32 -1.68 0.00911246
-1.32 -1.62 0.0113792
-1.32 -1.56 0.0140144
-1.32 -1.5 0.0170226
-1.32 -1.44 0.0203923
-1.32 -1.38 0.0240936
-1.32 -1.32 0.0280754
-1.32 -1.26 0.032265
-1.32 -1.2 0.0365704
-1.32 -1.14 0.0408807
-1.32 -1.08 0.0450705
-1.32 -1.02 0.0490068
-1.32 -0.96 0.0525549
-1.32 -0.9 0.0555848
-1.32 -0.84 0.0579812
-1.32 -0.78 0.0596498
-1.32 -0.72 0.0605232
-1.32 -0.66 0.060565
-1.32 -0.6 0.0597732
-1.32 -0.54 0.0581818
-1.32 -0.48 0.0558541
-1.32 -0.42 0.0528821
-1.32 -0.36 0.0493802
-1.32 -0.3 0.0454764
-1.32 -0.24 0.0413055
-1.32 -0.18 0.0370015
-1.32 -0.12 0.0326903
-1.32 -0.06 0.0284846
-1.32 9.71445e-15 0.0244785
-1.32 0.06 0.0207471
-1.32 0.12 0.0173425
-1.32 0.18 0.0142974
-1.32 0.24 0.0116249
-1.32 0.3 0.00932208
-1.32 0.36 0.00737271
-1.32 0.42 0.00575082
-1.32 0.48 0.004424
-1.32 0.54 0.00335659
-1.32 0.6 0.00251169
-1.32 0.66 0.00185363
-1.32 0.72 0.00134918
-1.32 0.78 0.000968516
-1.32 0.84 0.000685696
-1.32 0.9 0.000478787
-1.32 0.96 0.000329718
-1.32 1.02 0.000223944
-1.32 1.08 0.000150009
-1.32 1.14 9.91029e-05
-1.32 1.2 6.4572e-05
-1.26 -2.34 0.000342629
-1.26 -2.28 0.000498226
-1.26 -2.22 0.000714514
-1.26 -2.16 0.00101061
-1.26 -2.1 0.00140977
-1.26 -2.04 0.00193955
-1.26 -1.98 0.00263173
-1.26 -1.92 0.00352184
-1.26 -1.86 0.00464824
-1.26 -1.8 0.00605063
-1.26 -1.74 0.0077677
-1.26 -1.68 0.00983516
-1.26 -1.62 0.0122817
-1.26 -1.56 0.0151259
-1.26 -1.5 0.0183727
-1.26 -1.44 0.0220097
-1.26 -1.38 0.0260042
-1.26 -1.32 0.0303019
-1.26 -1.26 0.034824
-1.26 -1.2 0.0394706
-1.26 -1.14 0.0441227
-1.26 -1.08 0.0486451
-1.26 -1.02 0.0528937
-1.26 -0.96 0.0567231
-1.26 -0.9 0.0599933
-1.26 -0.84 0.0625796
-1.26 -0.78 0.0643804
-1.26 -0.72 0.0653232
-1.26 -0.66 0.0653681
-1.26 -0.6 0.0645138
-1.26 -0.54 0.0627962
-1.26 -0.48 0.0602836
-1.26 -0.42 0.0570759
-1.26 -0.36 0.0532962
-1.26 -0.3 0.0490829
-1.26 -0.24 0.0445814
-1.26 -0.18 0.0399359
-1.26 -0.12 0.035283
-1.26 -0.06 0.0307434
-1.26 9.71445e-15 0.02642
-1.26 0.06 0.0223925
-1.26 0.12 0.0187179
-1.26 0.18 0.0154312
-1.26 0.24 0.0125469
-1.26 0.3 0.0100614
-1.26 0.36 0.00795738
-1.26 0.42 0.00620691
-1.26 0.48 0.00477483
-1.26 0.54 0.0036228
-1.26 0.6 0.00271088
-1.26 0.66 0.00200063
-1.26 0.72 0.00145618
-1.26 0.78 0.00104532
-1.26 0.84 0.000740077
-1.26 0.9 0.00051676
-1.26 0.96 0.000355865
-1.26 1.02 0.000241704
-1.26 1.08 0.000161905
-1.26 1.14 0.000106963
-1.2 -2.34 0.000364719
-1.2 -2.28 0.000530347
-1.2 -2.22 0.00076058
-1.2 -2.16 0.00107576
-1.2 -2.1 0.00150065
-1.2 -2.04 0.00206459
-1.2 -1.98 0.0028014
-1.2 -1.92 0.00374889
-1.2 -1.86 0.00494792
-1.2 -1.8 0.00644072
-1.2 -1.74 0.0082685
-1.2 -1.68 0.0104692
-1.2 -1.62 0.0130735
-1.2 -1.56 0.0161011
-1.2 -1.5 0.0195572
-1.2 -1.44 0.0234287
-1.2 -1.38 0.0276807
-1.2 -1.32 0.0322555
-1.2 -1.26 0.0370691
-1.2 -1.2 0.0420154
-1.2 -1.14 0.0469673
-1.2 -1.08 0.0517814
-1.2 -1.02 0.0563037
-1.2 -0.96 0.0603801
-1.2 -0.9 0.0638612
-1.2 -0.84 0.0666142
-1.2 -0.78 0.0685309
-1.2 -0.72 0.0695347
-1.2 -0.66 0.0695823
-1.2 -0.6 0.0686732
-1.2 -0.54 0.0668447
-1.2 -0.48 0.0641702
-1.2 -0.42 0.0607557
-1.2 -0.36 0.0567323
-1.2 -0.3 0.0522474
-1.2 -0.24 0.0474557
-1.2 -0.18 0.0425105
-1.2 -0.12 0.0375577
-1.2 -0.06 0.0327255
-1.2 9.71445e-15 0.0281233
-1.2 0.06 0.0238362
-1.2 0.12 0.0199247
-1.2 0.18 0.0164261
-1.2 0.24 0.0133558
-1.2 0.3 0.0107101
-1.2 0.36 0.00847039
-1.2 0.42 0.00660707
-1.2 0.48 0.00508268
-1.2 0.54 0.00385637
-1.2 0.6 0.00288566
-1.2 0.66 0.00212961
-1.2 0.72 0.00155006
-1.2 0.78 0.00111272
-1.2 0.84 0.00078779
-1.2 0.9 0.000550076
-1.2 0.96 0.000378808
-1.2 1.02 0.000257287
-1.2 1.08 0.000172343
-1.2 1.14 0.000113859
-1.14 -2.4 0.000259704
-1.14 -2.34 0.000382898
-1.14 -2.28 0.000556778
-1.14 -2.22 0.000798489
-1.14 -2.16 0.00112938
-1.14 -2.1 0.00157544
-1.14 -2.04 0.00216748
-1.14 -1.98 0.00294101
-1.14 -1.92 0.00393574
-1.14 -1.86 0.00519454
-1.14 -1.8 0.00676171
-1.14 -1.74 0.00868066
-1.14 -1.68 0.010991
-1.14 -1.62 0.0137251
-1.14 -1.56 0.0169036
-1.14 -1.5 0.020532
-1.14 -1.44 0.0245964
-1.14 -1.38 0.0290605
-1.14 -1.32 0.0338632
-1.14 -1.26 0.0389165
-1.14 -1.2 0.0441097
-1.14 -1.14 0.0493082
-1.14 -1.08 0.0543622
-1.14 -1.02 0.05911
-1.14 -0.96 0.0633891
-1.14 -0.9 0.0670436
-1.14 -0.84 0.0699337
-1.14 -0.78 0.071947
-1.14 -0.72 0.0730004
-1.14 -0.66 0.0730503
-1.14 -0.6 0.072096
-1.14 -0.54 0.0701759
-1.14 -0.48 0.0673685
-1.14 -0.42 0.063784
-1.14 -0.36 0.0595601
-1.14 -0.3 0.0548516
-1.14 -0.24 0.0498209
-1.14 -0.18 0.0446293
-1.14 -0.12 0.0394294
-1.14 -0.06 0.0343567
-1.14 9.71445e-15 0.0295248
-1.14 0.06 0.0250241
-1.14 0.12 0.0209178
-1.14 0.18 0.0172449
-1.14 0.24 0.0140215
-1.14 0.3 0.0112439
-1.14 0.36 0.00889259
-1.14 0.42 0.00693635
-1.14 0.48 0.00533602
-1.14 0.54 0.00404856
-1.14 0.6 0.00302949
-1.14 0.66 0.00223575
-1.14 0.72 0.00162731
-1.14 0.78 0.00116817
-1.14 0.84 0.000827051
-1.14 0.9 0.000577489
-1.14 0.96 0.000397691
-1.14 1.02 0.00027011
-1.14 1.08 0.000180932
-1.14 1.14 0.000119533
-1.08 -2.4 0.000268899
-1.08 -2.34 0.000396459
-1.08 -2.28 0.000576488
-1.08 -2.22 0.000826762
-1.08 -2.16 0.00116938
-1.08 -2.1 0.00163124
-1.08 -2.04 0.00224424
-1.08 -1.98 0.00304516
-1.08 -1.92 0.0040751
-1.08 -1.86 0.0053785
-1.08 -1.8 0.00700106
-1.08 -1.74 0.00898808
-1.08 -1.68 0.0113801
-1.08 -1.62 0.014211
-1.08 -1.56 0.0175021
-1.08 -1.5 0.021259
-1.08 -1.44 0.0254674
-1.08 -1.38 0.0300898
-1.08 -1.32 0.0350622
-1.08 -1.26 0.0402942
-1.08 -1.2 0.0456717
-1.08 -1.14 0.051054
-1.08 -1.08 0.0562868
-1.08 -1.02 0.0612031
-1.08 -0.96 0.0656337
-1.08 -0.9 0.0694175
-1.08 -0.84 0.0724108
-1.08 -0.78 0.0744951
-1.08 -0.72 0.0755849
-1.08 -0.66 0.0756369
-1.08 -0.6 0.0746486
-1.08 -0.54 0.0726608
-1.08 -0.48 0.0697537
-1.08 -0.42 0.0660426
-1.08 -0.36 0.0616693
-1.08 -0.3 0.0567939
-1.08 -0.24 0.0515847
-1.08 -0.18 0.0462095
-1.08 -0.12 0.0408258
-1.08 -0.06 0.0355733
-1.08 9.71445e-15 0.0305703
-1.08 0.06 0.02591
-1.08 0.12 0.0216584
-1.08 0.18 0.0178555
-1.08 0.24 0.014518
-1.08 0.3 0.011642
-1.08 0.36 0.00920748
-1.08 0.42 0.00718193
-1.08 0.48 0.00552501
-1.08 0.54 0.00419188
-1.08 0.6 0.00313677
-1.08 0.66 0.00231494
-1.08 0.72 0.00168494
-1.08 0.78 0.00120953
-1.08 0.84 0.000856334
-1.08 0.9 0.000597938
-1.08 0.96 0.000411776
-1.08 1.02 0.000279673
-1.08 1.08 0.000187341
-1.08 1.14 0.000123765
-1.02 -2.46 0.000183685
-1.02 -2.4 0.000274593
-1.02 -2.34 0.000404854
-1.02 -2.28 0.000588701
-1.02 -2.22 0.00084426
-1.02 -2.16 0.00119414
-1.02 -2.1 0.00166578
-1.02 -2.04 0.00229177
-1.02 -1.98 0.00310964
-1.02 -1.92 0.00416142
-1.02 -1.86 0.00549235
-1.02 -1.8 0.00714938
-1.02 -1.74 0.00917837
-1.02 -1.68 0.0116213
-1.02 -1.62 0.0145119
-1.02 -1.56 0.0178727
-1.02 -1.5 0.0217092
-1.02 -1.44 0.0260068
-1.02 -1.38 0.0307269
-1.02 -1.32 0.0358043
-1.02 -1.26 0.0411481
-1.02 -1.2 0.0466385
-1.02 -1.14 0.0521357
-1.02 -1.08 0.0574787
-1.02 -1.02 0.0624992
-1.02 -0.96 0.0670239
-1.02 -0.9 0.0708882
-1.02 -0.84 0.0739447
-1.02 -0.78 0.0760723
-1.02 -0.72 0.0771851
-1.02 -0.66 0.0772392
-1.02 -0.6 0.0762294
-1.02 -0.54 0.0741993
-1.02 -0.48 0.0712307
-1.02 -0.42 0.0674405
-1.02 -0.36 0.0629746
-1.02 -0.3 0.0579958
-1.02 -0.24 0.052677
-1.02 -0.18 0.0471885
-1.02 -0.12 0.0416901
-1.02 -0.06 0.0363265
-1.02 9.71445e-15 0.0312179
-1.02 0.06 0.0264587
-1.02 0.12 0.0221168
-1.02 0.18 0.0182334
-1.02 0.24 0.0148253
-1.02 0.3 0.0118885
-1.02 0.36 0.00940247
-1.02 0.42 0.00733402
-1.02 0.48 0.00564201
-1.02 0.54 0.00428068
-1.02 0.6 0.00320316
-1.02 0.66 0.00236396
-1.02 0.72 0.00172063
-1.02 0.78 0.00123516
-1.02 0.84 0.00087447
-1.02 0.9 0.000610603
-1.02 0.96 0.000420495
-1.02 1.02 0.000285594
-1.02 1.08 0.000191309
-0.96 -2.46 0.000184996
-0.96 -2.4 0.000276554
-0.96 -2.34 0.000407744
-0.96 -2.28 0.000592904
-0.96 -2.22 0.000850299
-0.96 -2.16 0.00120266
-0.96 -2.1 0.00167766
-0.96 -2.04 0.00230811
-0.96 -1.98 0.00313184
-0.96 -1.92 0.00419114
-0.96 -1.86 0.00553157
-0.96 -1.8 0.00720044
-0.96 -1.74 0.00924389
-0.96 -1.68 0.0117042
-0.96 -1.62 0.0146157
-0.96 -1.56 0.0180005
-0.96 -1.5 0.0218643
-0.96 -1.44 0.0261926
-0.96 -1.38 0.0309462
-0.96 -1.32 0.0360604
-0.96 -1.26 0.0414417
-0.96 -1.2 0.0469718
-0.96 -1.14 0.0525074
-0.96 -1.08 0.0578897
-0.96 -1.02 0.0629457
-0.96 -0.96 0.0675023
-0.96 -0.9 0.0713939
-0.96 -0.84 0.0744719
-0.96 -0.78 0.0766153
-0.96 -0.72 0.0777372
-0.96 -0.66 0.0777897
-0.96 -0.6 0.0767743
-0.96 -0.54 0.0747291
-0.96 -0.48 0.0717395
-0.96 -0.42 0.0679225
-0.96 -0.36 0.0634246
-0.96 -0.3 0.0584107
-0.96 -0.24 0.0530537
-0.96 -0.18 0.0475251
-0.96 -0.12 0.0419879
-0.96 -0.06 0.0365858
-0.96 9.71445e-15 0.0314407
-0.96 0.06 0.0266478
-0.96 0.12 0.022275
-0.96 0.18 0.0183638
-0.96 0.24 0.0149313
-0.96 0.3 0.0119735
-0.96 0.36 0.00946958
-0.96 0.42 0.0073864
-0.96 0.48 0.00568228
-0.96 0.54 0.00431126
-0.96 0.6 0.00322606
-0.96 0.66 0.00238082
-0.96 0.72 0.00173289
-0.96 0.78 0.00124396
-0.96 0.84 0.000880711
-0.96 0.9 0.000614961
-0.96 0.96 0.000423496
-0.96 1.02 0.000287637
-0.96 1.08 0.000192672
-0.9 -2.46 0.000183757
-0.9 -2.4 0.000274701
-0.9 -2.34 0.00040501
-0.9 -2.28 0.000588928
-0.9 -2.22 0.000844593
-0.9 -2.16 0.0011946
-0.9 -2.1 0.00166643
-0.9 -2.04 0.00229266
-0.9 -1.98 0.00311086
-0.9 -1.92 0.00416302
-0.9 -1.86 0.0054945
-0.9 -1.8 0.00715214
-0.9 -1.74 0.00918195
-0.9 -1.68 0.0116258
-0.9 -1.62 0.0145176
-0.9 -1.56 0.0178795
-0.9 -1.5 0.0217176
-0.9 -1.44 0.0260169
-0.9 -1.38 0.0307388
-0.9 -1.32 0.0358184
-0.9 -1.26 0.041164
-0.9 -1.2 0.0466567
-0.9 -1.14 0.0521561
-0.9 -1.08 0.0575011
-0.9 -1.02 0.0625233
-0.9 -0.96 0.0670497
-0.9 -0.9 0.0709156
-0.9 -0.84 0.0739734
-0.9 -0.78 0.0761019
-0.9 -0.72 0.077215
-0.9 -0.66 0.0772694
-0.9 -0.6 0.0762588
-0.9 -0.54 0.0742285
-0.9 -0.48 0.0712587
-0.9 -0.42 0.067467
-0.9 -0.36 0.0629992
-0.9 -0.3 0.0580185
-0.9 -0.24 0.0526974
-0.9 -0.18 0.0472069
-0.9 -0.12 0.0417065
-0.9 -0.06 0.0363407
-0.9 9.71445e-15 0.03123
-0.9 0.06 0.026469
-0.9 0.12 0.0221255
-0.9 0.18 0.0182406
-0.9 0.24 0.014831
-0.9 0.3 0.0118931
-0.9 0.36 0.00940615
-0.9 0.42 0.0073369
-0.9 0.48 0.0056442
-0.9 0.54 0.00428233
-0.9 0.6 0.00320441
-0.9 0.66 0.00236488
-0.9 0.72 0.0017213
-0.9 0.78 0.00123564
-0.9 0.84 0.000874813
-0.9 0.9 0.000610838
-0.9 0.96 0.000420659
-0.9 1.02 0.000285706
-0.9 1.08 0.000191383
-0.84 -2.46 0.000180014
-0.84 -2.4 0.00026911
-0.84 -2.34 0.000396765
-0.84 -2.28 0.000576942
-0.84 -2.22 0.000827405
-0.84 -2.16 0.00117029
-0.84 -2.1 0.00163251
-0.84 -2.04 0.00224599
-0.84 -1.98 0.00304754
-0.84 -1.92 0.00407831
-0.84 -1.86 0.00538265
-0.84 -1.8 0.00700656
-0.84 -1.74 0.00899506
-0.84 -1.68 0.011389
-0.84 -1.62 0.0142221
-0.84 -1.56 0.0175158
-0.84 -1.5 0.0212757
-0.84 -1.44 0.0254874
-0.84 -1.38 0.030113
-0.84 -1.32 0.0350894
-0.84 -1.26 0.0403259
-0.84 -1.2 0.0457073
-0.84 -1.14 0.0510936
-0.84 -1.08 0.0563309
-0.84 -1.02 0.0612511
-0.84 -0.96 0.0656853
-0.84 -0.9 0.0694721
-0.84 -0.84 0.0724671
-0.84 -0.78 0.0745529
-0.84 -0.72 0.075644
-0.84 -0.66 0.0756957
-0.84 -0.6 0.0747072
-0.84 -0.54 0.0727177
-0.84 -0.48 0.0698077
-0.84 -0.42 0.0660938
-0.84 -0.36 0.0617171
-0.84 -0.3 0.0568381
-0.84 -0.24 0.0516251
-0.84 -0.18 0.0462452
-0.84 -0.12 0.0408577
-0.84 -0.06 0.0356007
-0.84 9.71445e-15 0.0305943
-0.84 0.06 0.0259302
-0.84 0.12 0.0216753
-0.84 0.18 0.0178694
-0.84 0.24 0.0145293
-0.84 0.3 0.0116511
-0.84 0.36 0.00921458
-0.84 0.42 0.00718755
-0.84 0.48 0.00552929
-0.84 0.54 0.00419517
-0.84 0.6 0.00313921
-0.84 0.66 0.00231674
-0.84 0.72 0.00168625
-0.84 0.78 0.00121048
-0.84 0.84 0.000857003
-0.84 0.9 0.000598408
-0.84 0.96 0.000412094
-0.84 1.02 0.000279891
-0.78 -2.52 0.000114747
-0.78 -2.46 0.000173927
-0.78 -2.4 0.000260005
-0.78 -2.34 0.000383349
-0.78 -2.28 0.000557426
-0.78 -2.22 0.000799418
-0.78 -2.16 0.0011307
-0.78 -2.1 0.00157728
-0.78 -2.04 0.00217
-0.78 -1.98 0.00294444
-0.78 -1.92 0.00394037
-0.78 -1.86 0.00520062
-0.78 -1.8 0.00676959
-0.78 -1.74 0.00869079
-0.78 -1.68 0.0110039
-0.78 -1.62 0.0137412
-0.78 -1.56 0.0169234
-0.78 -1.5 0.0205561
-0.78 -1.44 0.0246254
-0.78 -1.38 0.0290947
-0.78 -1.32 0.0339025
-0.78 -1.26 0.038962
-0.78 -1.2 0.0441611
-0.78 -1.14 0.0493659
-0.78 -1.08 0.054426
-0.78 -1.02 0.0591794
-0.78 -0.96 0.0634634
-0.78 -0.9 0.0671222
-0.78 -0.84 0.0700163
-0.78 -0.78 0.0720309
-0.78 -0.72 0.0730857
-0.78 -0.66 0.0731353
-0.78 -0.6 0.0721807
-0.78 -0.54 0.0702575
-0.78 -0.48 0.0674465
-0.78 -0.42 0.0638582
-0.78 -0.36 0.0596294
-0.78 -0.3 0.0549155
-0.78 -0.24 0.0498792
-0.78 -0.18 0.0446816
-0.78 -0.12 0.0394755
-0.78 -0.06 0.0343969
-0.78 9.71445e-15 0.0295595
-0.78 0.06 0.0250532
-0.78 0.12 0.0209421
-0.78 0.18 0.017265
-0.78 0.24 0.0140379
-0.78 0.3 0.0112571
-0.78 0.36 0.00890301
-0.78 0.42 0.0069444
-0.78 0.48 0.00534231
-0.78 0.54 0.00405328
-0.78 0.6 0.00303302
-0.78 0.66 0.00223836
-0.78 0.72 0.0016292
-0.78 0.78 0.00116953
-0.78 0.84 0.000828009
-0.78 0.9 0.000578165
-0.78 0.96 0.000398159
-0.78 1.02 0.000270425
-0.72 -2.52 0.000109342
-0.72 -2.46 0.000165735
-0.72 -2.4 0.000247758
-0.72 -2.34 0.000365292
-0.72 -2.28 0.00053117
-0.72 -2.22 0.000761763
-0.72 -2.16 0.00107744
-0.72 -2.1 0.00150299
-0.72 -2.04 0.00206779
-0.72 -1.98 0.00280573
-0.72 -1.92 0.00375475
-0.72 -1.86 0.00495567
-0.72 -1.8 0.00645071
-0.72 -1.74 0.00828145
-0.72 -1.68 0.0104856
-0.72 -1.62 0.0130939
-0.72 -1.56 0.0161262
-0.72 -1.5 0.0195877
-0.72 -1.44 0.0234654
-0.72 -1.38 0.0277243
-0.72 -1.32 0.0323057
-0.72 -1.26 0.0371269
-0.72 -1.2 0.0420809
-0.72 -1.14 0.0470408
-0.72 -1.08 0.0518623
-0.72 -1.02 0.0563916
-0.72 -0.96 0.0604737
-0.72 -0.9 0.0639603
-0.72 -0.84 0.0667181
-0.72 -0.78 0.0686383
-0.72 -0.72 0.069643
-0.72 -0.66 0.0696909
-0.72 -0.6 0.0687806
-0.72 -0.54 0.0669479
-0.72 -0.48 0.06427
-0.72 -0.42 0.0608506
-0.72 -0.36 0.0568209
-0.72 -0.3 0.0523287
-0.72 -0.24 0.0475296
-0.72 -0.18 0.0425771
-0.72 -0.12 0.0376158
-0.72 -0.06 0.0327768
-0.72 9.71445e-15 0.028167
-0.72 0.06 0.0238731
-0.72 0.12 0.0199556
-0.72 0.18 0.0164517
-0.72 0.24 0.0133766
-0.72 0.3 0.0107268
-0.72 0.36 0.00848368
-0.72 0.42 0.00661729
-0.72 0.48 0.00509067
-0.72 0.54 0.00386236
-0.72 0.6 0.00289016
-0.72 0.66 0.00213294
-0.72 0.72 0.00155248
-0.72 0.78 0.00111445
-0.72 0.84 0.000789011
-0.72 0.9 0.000550928
-0.72 0.96 0.000379405
-0.66 -2.52 0.000102759
-0.66 -2.46 0.000155758
-0.66 -2.4 0.000232843
-0.66 -2.34 0.000343302
-0.66 -2.28 0.000499192
-0.66 -2.22 0.000715906
-0.66 -2.16 0.00101258
-0.66 -2.1 0.00141251
-0.66 -2.04 0.00194331
-0.66 -1.98 0.00263683
-0.66 -1.92 0.0035287
-0.66 -1.86 0.00465734
-0.66 -1.8 0.00606236
-0.66 -1.74 0.00778291
-0.66 -1.68 0.00985434
-0.66 -1.62 0.0123056
-0.66 -1.56 0.0151553
-0.66 -1.5 0.0184085
-0.66 -1.44 0.0220527
-0.66 -1.38 0.0260553
-0.66 -1.32 0.0303609
-0.66 -1.26 0.0348918
-0.66 -1.2 0.0395477
-0.66 -1.14 0.0442089
-0.66 -1.08 0.0487401
-0.66 -1.02 0.0529967
-0.66 -0.96 0.056833
-0.66 -0.9 0.0601098
-0.66 -0.84 0.0627016
-0.66 -0.78 0.0645063
-0.66 -0.72 0.0654502
-0.66 -0.66 0.0654955
-0.66 -0.6 0.0646398
-0.66 -0.54 0.0629178
-0.66 -0.48 0.060401
-0.66 -0.42 0.0571874
-0.66 -0.36 0.0534004
-0.66 -0.3 0.0491786
-0.66 -0.24 0.0446682
-0.66 -0.18 0.040014
-0.66 -0.12 0.0353514
-0.66 -0.06 0.0308036
-0.66 9.71445e-15 0.0264713
-0.66 0.06 0.0224359
-0.66 0.12 0.0187543
-0.66 0.18 0.0154613
-0.66 0.24 0.0125713
-0.66 0.3 0.010081
-0.66 0.36 0.00797296
-0.66 0.42 0.00621894
-0.66 0.48 0.00478421
-0.66 0.54 0.00362983
-0.66 0.6 0.00271617
-0.66 0.66 0.00200453
-0.66 0.72 0.00145902
-0.66 0.78 0.00104736
-0.66 0.84 0.000741513
-0.66 0.9 0.000517761
-0.66 0.96 0.000356564
-0.6 -2.52 9.52454e-05
-0.6 -2.46 0.000144369
-0.6 -2.4 0.000215817
-0.6 -2.34 0.0003182
-0.6 -2.28 0.000462691
-0.6 -2.22 0.000663559
-0.6 -2.16 0.000938544
-0.6 -2.1 0.00130923
-0.6 -2.04 0.00180122
-0.6 -1.98 0.00244403
-0.6 -1.92 0.0032707
-0.6 -1.86 0.0043168
-0.6 -1.8 0.00561908
-0.6 -1.74 0.00721384
-0.6 -1.68 0.00913378
-0.6 -1.62 0.0114058
-0.6 -1.56 0.0140472
-0.6 -1.5 0.0170625
-0.6 -1.44 0.0204403
-0.6 -1.38 0.0241502
-0.6 -1.32 0.0281409
-0.6 -1.26 0.0323404
-0.6 -1.2 0.0366561
-0.6 -1.14 0.0409763
-0.6 -1.08 0.0451763
-0.6 -1.02 0.0491218
-0.6 -0.96 0.0526777
-0.6 -0.9 0.0557147
-0.6 -0.84 0.0581172
-0.6 -0.78 0.0597898
-0.6 -0.72 0.0606646
-0.6 -0.66 0.0607063
-0.6 -0.6 0.0599135
-0.6 -0.54 0.0583172
-0.6 -0.48 0.0559845
-0.6 -0.42 0.0530059
-0.6 -0.36 0.0494958
-0.6 -0.3 0.0455827
-0.6 -0.24 0.0414021
-0.6 -0.18 0.0370881
-0.6 -0.12 0.0327666
-0.6 -0.06 0.0285513
-0.6 9.71445e-15 0.0245359
-0.6 0.06 0.0207953
-0.6 0.12 0.017383
-0.6 0.18 0.0143308
-0.6 0.24 0.0116521
-0.6 0.3 0.00934394
-0.6 0.36 0.00738998
-0.6 0.42 0.00576419
-0.6 0.48 0.0044344
-0.6 0.54 0.00336442
-0.6 0.6 0.00251757
-0.6 0.66 0.00185797
-0.6 0.72 0.00135233
-0.6 0.78 0.000970775
-0.6 0.84 0.000687292
-0.6 0.9 0.000479905
-0.54 -2.58 5.6652e-05
-0.54 -2.52 8.70677e-05
-0.54 -2.46 0.000131973
-0.54 -2.4 0.000197289
-0.54 -2.34 0.000290879
-0.54 -2.28 0.000422967
-0.54 -2.22 0.000606582
-0.54 -2.16 0.00085796
-0.54 -2.1 0.00119682
-0.54 -2.04 0.00164657
-0.54 -1.98 0.0022342
-0.54 -1.92 0.00298989
-0.54 -1.86 0.00394615
-0.54 -1.8 0.00513664
-0.54 -1.74 0.00659446
-0.54 -1.68 0.00834959
-0.54 -1.62 0.0104265
-0.54 -1.56 0.0128412
-0.54 -1.5 0.0155976
-0.54 -1.44 0.0186854
-0.54 -1.38 0.0220766
-0.54 -1.32 0.0257246
-0.54 -1.26 0.0295638
-0.54 -1.2 0.0335087
-0.54 -1.14 0.0374581
-0.54 -1.08 0.0412975
-0.54 -1.02 0.0449044
-0.54 -0.96 0.0481552
-0.54 -0.9 0.0509315
-0.54 -0.84 0.0531275
-0.54 -0.78 0.0546562
-0.54 -0.72 0.055456
-0.54 -0.66 0.0554943
-0.54 -0.6 0.0547695
-0.54 -0.54 0.0533105
-0.54 -0.48 0.0511772
-0.54 -0.42 0.0484546
-0.54 -0.36 0.0452459
-0.54 -0.3 0.0416689
-0.54 -0.24 0.0378474
-0.54 -0.18 0.0339036
-0.54 -0.12 0.0299535
-0.54 -0.06 0.0260998
-0.54 9.71445e-15 0.0224294
-0.54 0.06 0.0190099
-0.54 0.12 0.0158905
-0.54 0.18 0.0131003
-0.54 0.24 0.0106517
-0.54 0.3 0.00854168
-0.54 0.36 0.00675544
-0.54 0.42 0.0052693
-0.54 0.48 0.00405367
-0.54 0.54 0.00307556
-0.54 0.6 0.0023014
-0.54 0.66 0.00169845
-0.54 0.72 0.00123623
-0.54 0.78 0.000887425
-0.54 0.84 0.000628282
-0.54 0.9 0.000438704
-0.48 -2.58 5.10759e-05
-0.48 -2.52 7.84978e-05
-0.48 -2.46 0.000118984
-0.48 -2.4 0.000177872
-0.48 -2.34 0.000262246
-0.48 -2.28 0.000381339
-0.48 -2.22 0.000546882
-0.48 -2.16 0.000773511
-0.48 -2.1 0.00107902
-0.48 -2.04 0.00148451
-0.48 -1.98 0.00201431
-0.48 -1.92 0.00269561
-0.48 -1.86 0.00355771
-0.48 -1.8 0.00463111
-0.48 -1.74 0.00594534
-0.48 -1.68 0.0075278
-0.48 -1.62 0.00940031
-0.48 -1.56 0.0115772
-0.48 -1.5 0.0140624
-0.48 -1.44 0.0168462
-0.48 -1.38 0.0199035
-0.48 -1.32 0.0231928
-0.48 -1.26 0.0266541
-0.48 -1.2 0.0302106
-0.48 -1.14 0.0337713
-0.48 -1.08 0.0372326
-0.48 -1.02 0.0404847
-0.48 -0.96 0.0434156
-0.48 -0.9 0.0459187
-0.48 -0.84 0.0478983
-0.48 -0.78 0.0492763
-0.48 -0.72 0.0499978
-0.48 -0.66 0.0500321
-0.48 -0.6 0.0493784
-0.48 -0.54 0.0480638
-0.48 -0.48 0.0461405
-0.48 -0.42 0.0436852
-0.48 -0.36 0.0407923
-0.48 -0.3 0.0375676
-0.48 -0.24 0.0341223
-0.48 -0.18 0.0305667
-0.48 -0.12 0.0270054
-0.48 -0.06 0.0235308
-0.48 9.71445e-15 0.0202218
-0.48 0.06 0.017139
-0.48 0.12 0.0143265
-0.48 0.18 0.0118109
-0.48 0.24 0.00960328
-0.48 0.3 0.00770092
-0.48 0.36 0.00609053
-0.48 0.42 0.00475072
-0.48 0.48 0.00365465
-0.48 0.54 0.00277287
-0.48 0.6 0.00207488
-0.48 0.66 0.00153127
-0.48 0.72 0.00111455
-0.48 0.78 0.000800082
-0.48 0.84 0.000566449
-0.42 -2.58 4.54162e-05
-0.42 -2.52 6.9799e-05
-0.42 -2.46 0.000105798
-0.42 -2.4 0.000158159
-0.42 -2.34 0.000233187
-0.42 -2.28 0.000339077
-0.42 -2.22 0.000486282
-0.42 -2.16 0.000687799
-0.42 -2.1 0.000959451
-0.42 -2.04 0.00132
-0.42 -1.98 0.00179108
-0.42 -1.92 0.00239687
-0.42 -1.86 0.0031635
-0.42 -1.8 0.00411787
-0.42 -1.74 0.00528656
-0.42 -1.68 0.00669353
-0.42 -1.62 0.00835858
-0.42 -1.56 0.0102943
-0.42 -1.5 0.012504
-0.42 -1.44 0.0149793
-0.42 -1.38 0.017698
-0.42 -1.32 0.0206228
-0.42 -1.26 0.0237001
-0.42 -1.2 0.026863
-0.42 -1.14 0.0300288
-0.42 -1.08 0.0331065
-0.42 -1.02 0.0359981
-0.42 -0.96 0.038604
-0.42 -0.9 0.0408295
-0.42 -0.84 0.04259
-0.42 -0.78 0.0438161
-0.42 -0.72 0.0444573
-0.42 -0.66 0.0444878
-0.42 -0.6 0.0439065
-0.42 -0.54 0.0427371
-0.42 -0.48 0.0410275
-0.42 -0.42 0.0388447
-0.42 -0.36 0.0362723
-0.42 -0.3 0.0334048
-0.42 -0.24 0.0303409
-0.42 -0.18 0.0271794
-0.42 -0.12 0.0240126
-0.42 -0.06 0.0209234
-0.42 9.71445e-15 0.0179806
-0.42 0.06 0.0152397
-0.42 0.12 0.012739
-0.42 0.18 0.0105022
-0.42 0.24 0.00853912
-0.42 0.3 0.00684754
-0.42 0.36 0.00541562
-0.42 0.42 0.00422423
-0.42 0.48 0.00324967
-0.42 0.54 0.00246557
-0.42 0.6 0.00184497
-0.42 0.66 0.00136158
-0.42 0.72 0.000991035
-0.42 0.78 0.00071142
-0.42 0.84 0.000503674
-0.36 -2.58 3.98278e-05
-0.36 -2.52 6.12108e-05
-0.36 -2.46 9.27811e-05
-0.36 -2.4 0.0001387
-0.36 -2.34 0.000204495
-0.36 -2.28 0.00029736
-0.36 -2.22 0.000426443
-0.36 -2.16 0.000603168
-0.36 -2.1 0.000841401
-0.36 -2.04 0.00115759
-0.36 -1.98 0.00157071
-0.36 -1.92 0.00210198
-0.36 -1.86 0.00277424
-0.36 -1.8 0.00361123
-0.36 -1.74 0.00463607
-0.36 -1.68 0.00587003
-0.36 -1.62 0.00733015
-0.36 -1.56 0.00902769
-0.36 -1.5 0.0109656
-0.36 -1.44 0.0131363
-0.36 -1.38 0.0155204
-0.36 -1.32 0.0180851
-0.36 -1.26 0.0207843
-0.36 -1.2 0.0235575
-0.36 -1.14 0.0263343
-0.36 -1.08 0.0290332
-0.36 -1.02 0.0315691
-0.36 -0.96 0.0338545
-0.36 -0.9 0.0358064
-0.36 -0.84 0.0373502
-0.36 -0.78 0.0384247
-0.36 -0.72 0.0389871
-0.36 -0.66 0.0390142
-0.36 -0.6 0.0385043
-0.36 -0.54 0.0374789
-0.36 -0.48 0.0359792
-0.36 -0.42 0.0340648
-0.36 -0.36 0.0318089
-0.36 -0.3 0.0292942
-0.36 -0.24 0.0266077
-0.36 -0.18 0.0238354
-0.36 -0.12 0.0210582
-0.36 -0.06 0.0183489
-0.36 9.71445e-15 0.0157685
-0.36 0.06 0.0133646
-0.36 0.12 0.0111714
-0.36 0.18 0.00920987
-0.36 0.24 0.00748841
-0.36 0.3 0.00600501
-0.36 0.36 0.00474928
-0.36 0.42 0.00370449
-0.36 0.48 0.00284983
-0.36 0.54 0.00216222
-0.36 0.6 0.00161794
-0.36 0.66 0.00119406
-0.36 0.72 0.000869104
-0.36 0.78 0.000623888
-0.3 -2.58 3.44477e-05
-0.3 -2.52 5.29417e-05
-0.3 -2.46 8.02467e-05
-0.3 -2.4 0.000119963
-0.3 -2.34 0.00017687
-0.3 -2.28 0.000257186
-0.3 -2.22 0.000368839
-0.3 -2.16 0.000521689
-0.3 -2.1 0.000727736
-0.3 -2.04 0.00100121
-0.3 -1.98 0.00135852
-0.3 -1.92 0.001818
-0.3 -1.86 0.00239948
-0.3 -1.8 0.00312335
-0.3 -1.74 0.0040098
-0.3 -1.68 0.00507696
-0.3 -1.62 0.00633987
-0.3 -1.56 0.00780813
-0.3 -1.5 0.00948418
-0.3 -1.44 0.0113616
-0.3 -1.38 0.0134238
-0.3 -1.32 0.0156421
-0.3 -1.26 0.0179762
-0.3 -1.2 0.0203753
-0.3 -1.14 0.0227764
-0.3 -1.08 0.0251109
-0.3 -1.02 0.0273042
-0.3 -0.96 0.0292808
-0.3 -0.9 0.0309689
-0.3 -0.84 0.0323042
-0.3 -0.78 0.0332341
-0.3 -0.72 0.0337203
-0.3 -0.66 0.0337435
-0.3 -0.6 0.0333026
-0.3 -0.54 0.0324158
-0.3 -0.48 0.0311188
-0.3 -0.42 0.0294632
-0.3 -0.36 0.0275122
-0.3 -0.3 0.0253372
-0.3 -0.24 0.0230132
-0.3 -0.18 0.0206152
-0.3 -0.12 0.0182134
-0.3 -0.06 0.0158701
-0.3 9.71445e-15 0.0136382
-0.3 0.06 0.0115591
-0.3 0.12 0.00966235
-0.3 0.18 0.00796579
-0.3 0.24 0.00647683
-0.3 0.3 0.00519378
-0.3 0.36 0.00410768
-0.3 0.42 0.00320404
-0.3 0.48 0.00246484
-0.3 0.54 0.0018701
-0.3 0.6 0.00139939
-0.3 0.66 0.00103275
-0.3 0.72 0.000751692
-0.24 -2.58 2.93845e-05
-0.24 -2.52 4.51605e-05
-0.24 -2.46 6.84519e-05
-0.24 -2.4 0.00010233
-0.24 -2.34 0.000150873
-0.24 -2.28 0.000219386
-0.24 -2.22 0.000314626
-0.24 -2.16 0.000445006
-0.24 -2.1 0.000620763
-0.24 -2.04 0.000854043
-0.24 -1.98 0.00115883
-0.24 -1.92 0.00155079
-0.24 -1.86 0.00204678
-0.24 -1.8 0.0026643
-0.24 -1.74 0.0034204
-0.24 -1.68 0.00433076
-0.24 -1.62 0.00540807
-0.24 -1.56 0.00666049
-0.24 -1.5 0.00809019
-0.24 -1.44 0.00969171
-0.24 -1.38 0.0114507
-0.24 -1.32 0.013343
-0.24 -1.26 0.0153342
-0.24 -1.2 0.0173804
-0.24 -1.14 0.0194288
-0.24 -1.08 0.0214203
-0.24 -1.02 0.023291
-0.24 -0.96 0.024977
-0.24 -0.9 0.0264171
-0.24 -0.84 0.0275559
-0.24 -0.78 0.028349
-0.24 -0.72 0.0287642
-0.24 -0.66 0.0287836
-0.24 -0.6 0.0284079
-0.24 -0.54 0.0276512
-0.24 -0.48 0.0265449
-0.24 -0.42 0.0251325
-0.24 -0.36 0.0234682
-0.24 -0.3 0.021613
-0.24 -0.24 0.0196308
-0.24 -0.18 0.0175852
-0.24 -0.12 0.0155363
-0.24 -0.06 0.0135374
-0.24 9.71445e-15 0.0116336
-0.24 0.06 0.00986018
-0.24 0.12 0.00824216
-0.24 0.18 0.00679494
-0.24 0.24 0.00552485
-0.24 0.3 0.00443042
-0.24 0.36 0.00350392
-0.24 0.42 0.0027331
-0.24 0.48 0.00210255
-0.24 0.54 0.00159525
-0.24 0.6 0.0011937
-0.24 0.66 0.000880943
-0.24 0.72 0.000641201
-0.18 -2.58 2.47208e-05
-0.18 -2.52 3.79931e-05
-0.18 -2.46 5.75884e-05
-0.18 -2.4 8.60895e-05
-0.18 -2.34 0.000126928
-0.18 -2.28 0.000184568
-0.18 -2.22 0.00026469
-0.18 -2.16 0.000374378
-0.18 -2.1 0.000522247
-0.18 -2.04 0.000718501
-0.18 -1.98 0.000974919
-0.18 -1.92 0.00130467
-0.18 -1.86 0.00172195
-0.18 -1.8 0.00224145
-0.18 -1.74 0.00287755
-0.18 -1.68 0.00364346
-0.18 -1.62 0.00454977
-0.18 -1.56 0.00560339
-0.18 -1.5 0.00680617
-0.18 -1.44 0.00815353
-0.18 -1.38 0.00963337
-0.18 -1.32 0.0112253
-0.18 -1.26 0.0129006
-0.18 -1.2 0.0146218
-0.18 -1.14 0.0163454
-0.18 -1.08 0.0180207
-0.18 -1.02 0.0195944
-0.18 -0.96 0.0210131
-0.18 -0.9 0.0222246
-0.18 -0.84 0.0231828
-0.18 -0.78 0.0238497
-0.18 -0.72 0.024199
-0.18 -0.66 0.0242157
-0.18 -0.6 0.0238993
-0.18 -0.54 0.0232627
-0.18 -0.48 0.022332
-0.18 -0.42 0.0211438
-0.18 -0.36 0.0197436
-0.18 -0.3 0.0181827
-0.18 -0.24 0.0165152
-0.18 -0.18 0.0147944
-0.18 -0.12 0.0130705
-0.18 -0.06 0.011389
-0.18 9.71445e-15 0.00978729
-0.18 0.06 0.00829527
-0.18 0.12 0.00693402
-0.18 0.18 0.00571649
-0.18 0.24 0.00464798
-0.18 0.3 0.00372727
-0.18 0.36 0.00294784
-0.18 0.42 0.00229934
-0.18 0.48 0.00176886
-0.18 0.54 0.00134207
-0.18 0.6 0.00100424
-0.18 0.66 0.000741133
-0.12 -2.58 2.05114e-05
-0.12 -2.52 3.15239e-05
-0.12 -2.46 4.77828e-05
-0.12 -2.4 7.14307e-05
-0.12 -2.34 0.000105316
-0.12 -2.28 0.000153141
-0.12 -2.22 0.000219621
-0.12 -2.16 0.000310633
-0.12 -2.1 0.000433325
-0.12 -2.04 0.000596164
-0.12 -1.98 0.000808917
-0.12 -1.92 0.00108252
-0.12 -1.86 0.00142875
-0.12 -1.8 0.00185979
-0.12 -1.74 0.00238759
-0.12 -1.68 0.00302309
-0.12 -1.62 0.00377506
-0.12 -1.56 0.00464928
-0.12 -1.5 0.00564726
-0.12 -1.44 0.00676521
-0.12 -1.38 0.00799308
-0.12 -1.32 0.00931395
-0.12 -1.26 0.010704
-0.12 -1.2 0.0121322
-0.12 -1.14 0.0135623
-0.12 -1.08 0.0149523
-0.12 -1.02 0.0162581
-0.12 -0.96 0.0174351
-0.12 -0.9 0.0184404
-0.12 -0.84 0.0192354
-0.12 -0.78 0.0197888
-0.12 -0.72 0.0200785
-0.12 -0.66 0.0200925
-0.12 -0.6 0.0198299
-0.12 -0.54 0.0193017
-0.12 -0.48 0.0185295
-0.12 -0.42 0.0175436
-0.12 -0.36 0.0163818
-0.12 -0.3 0.0150867
-0.12 -0.24 0.0137031
-0.12 -0.18 0.0122753
-0.12 -0.12 0.010845
-0.12 -0.06 0.00944979
-0.12 9.71445e-15 0.00812079
-0.12 0.06 0.0068828
-0.12 0.12 0.00575335
-0.12 0.18 0.00474313
-0.12 0.24 0.00385655
-0.12 0.3 0.00309261
-0.12 0.36 0.00244591
-0.12 0.42 0.00190782
-0.12 0.48 0.00146767
-0.12 0.54 0.00111355
-0.12 0.6 0.000833251
-0.06 -2.58 1.6785e-05
-0.06 -2.52 2.57968e-05
-0.06 -2.46 3.91018e-05
-0.06 -2.4 5.84534e-05
-0.06 -2.34 8.61828e-05
-0.06 -2.28 0.000125319
-0.06 -2.22 0.000179722
-0.06 -2.16 0.000254199
-0.06 -2.1 0.000354599
-0.06 -2.04 0.000487854
-0.06 -1.98 0.000661955
-0.06 -1.92 0.000885849
-0.06 -1.86 0.00116918
-0.06 -1.8 0.00152191
-0.06 -1.74 0.00195383
-0.06 -1.68 0.00247386
-0.06 -1.62 0.00308923
-0.06 -1.56 0.00380462
-0.06 -1.5 0.00462129
-0.06 -1.44 0.00553614
-0.06 -1.38 0.00654094
-0.06 -1.32 0.00762184
-0.06 -1.26 0.00875932
-0.06 -1.2 0.00992807
-0.06 -1.14 0.0110983
-0.06 -1.08 0.0122358
-0.06 -1.02 0.0133043
-0.06 -0.96 0.0142675
-0.06 -0.9 0.0150901
-0.06 -0.84 0.0157408
-0.06 -0.78 0.0161937
-0.06 -0.72 0.0164308
-0.06 -0.66 0.0164422
-0.06 -0.6 0.0162273
-0.06 -0.54 0.015795
-0.06 -0.48 0.0151632
-0.06 -0.42 0.0143564
-0.06 -0.36 0.0134057
-0.06 -0.3 0.0123458
-0.06 -0.24 0.0112136
-0.06 -0.18 0.0100452
-0.06 -0.12 0.00887466
-0.06 -0.06 0.00773299
-0.06 9.71445e-15 0.00664542
-0.06 0.06 0.00563236
-0.06 0.12 0.00470811
-0.06 0.18 0.00388142
-0.06 0.24 0.00315591
-0.06 0.3 0.00253076
-0.06 0.36 0.00200155
-0.06 0.42 0.00156121
-0.06 0.48 0.00120103
-0.06 0.54 0.000911243
9.71445e-15 -2.58 1.35469e-05
9.71445e-15 -2.52 2.082e-05
9.71445e-15 -2.46 3.15581e-05
9.71445e-15 -2.4 4.71761e-05
9.71445e-15 -2.34 6.95562e-05
9.71445e-15 -2.28 0.000101141
9.71445e-15 -2.22 0.000145049
9.71445e-15 -2.16 0.000205158
9.71445e-15 -2.1 0.000286187
9.71445e-15 -2.04 0.000393732
9.71445e-15 -1.98 0.000534246
9.71445e-15 -1.92 0.000714952
9.71445e-15 -1.86 0.000943621
9.71445e-15 -1.8 0.0012283
9.71445e-15 -1.74 0.00157689
9.71445e-15 -1.68 0.00199659
9.71445e-15 -1.62 0.00249324
9.71445e-15 -1.56 0.00307063
9.71445e-15 -1.5 0.00372976
9.71445e-15 -1.44 0.00446811
9.71445e-15 -1.38 0.00527905
9.71445e-15 -1.32 0.00615138
9.71445e-15 -1.26 0.00706942
9.71445e-15 -1.2 0.00801271
9.71445e-15 -1.14 0.00895714
9.71445e-15 -1.08 0.00987524
9.71445e-15 -1.02 0.0107377
9.71445e-15 -0.96 0.011515
9.71445e-15 -0.9 0.0121788
9.71445e-15 -0.84 0.012704
9.71445e-15 -0.78 0.0130696
9.71445e-15 -0.72 0.0132609
9.71445e-15 -0.66 0.01327
9.71445e-15 -0.6 0.0130967
9.71445e-15 -0.54 0.0127477
9.71445e-15 -0.48 0.0122378
9.71445e-15 -0.42 0.0115867
9.71445e-15 -0.36 0.0108194
9.71445e-15 -0.3 0.00996402
9.71445e-15 -0.24 0.00905024
9.71445e-15 -0.18 0.00810721
9.71445e-15 -0.12 0.00716254
9.71445e-15 -0.06 0.00624111
9.71445e-15 9.71445e-15 0.00536336
9.71445e-15 0.06 0.00454574
9.71445e-15 0.12 0.0037998
9.71445e-15 0.18 0.0031326
9.71445e-15 0.24 0.00254707
9.71445e-15 0.3 0.00204252
9.71445e-15 0.36 0.0016154
9.71445e-15 0.42 0.00126001
9.71445e-15 0.48 0.000969328
0.06 -2.58 1.07831e-05
0.06 -2.52 1.65723e-05
0.06 -2.46 2.51194e-05
0.06 -2.4 3.75517e-05
0.06 -2.34 5.53653e-05
0.06 -2.28 8.0507e-05
0.06 -2.22 0.000115456
0.06 -2.16 0.000163302
0.06 -2.1 0.0002278
0.06 -2.04 0.000313405
0.06 -1.98 0.000425256
0.06 -1.92 0.000569092
0.06 -1.86 0.0007511
0.06 -1.8 0.000977702
0.06 -1.74 0.00125517
0.06 -1.68 0.00158924
0.06 -1.62 0.00198457
0.06 -1.56 0.00244418
0.06 -1.5 0.00296883
0.06 -1.44 0.00355654
0.06 -1.38 0.00420201
0.06 -1.32 0.00489639
0.06 -1.26 0.00562712
0.06 -1.2 0.00637801
0.06 -1.14 0.00712968
0.06 -1.08 0.00786049
0.06 -1.02 0.00854705
0.06 -0.96 0.00916579
0.06 -0.9 0.00969422
0.06 -0.84 0.0101122
0.06 -0.78 0.0104031
0.06 -0.72 0.0105554
0.06 -0.66 0.0105626
0.06 -0.6 0.0104247
0.06 -0.54 0.0101471
0.06 -0.48 0.00974098
0.06 -0.42 0.00922273
0.06 -0.36 0.00861202
0.06 -0.3 0.00793122
0.06 -0.24 0.00720382
0.06 -0.18 0.00645312
0.06 -0.12 0.00570131
0.06 -0.06 0.00496777
0.06 9.71445e-15 0.00426917
0.06 0.06 0.00361831
0.06 0.12 0.00302458
0.06 0.18 0.00249351
0.06 0.24 0.00202743
0.06 0.3 0.00162581
0.06 0.36 0.00128582
0.06 0.42 0.00100295
0.12 -2.58 8.46512e-06
0.12 -2.52 1.30099e-05
0.12 -2.46 1.97198e-05
0.12 -2.4 2.94798e-05
0.12 -2.34 4.34635e-05
0.12 -2.28 6.32014e-05
0.12 -2.22 9.06382e-05
0.12 -2.16 0.000128199
0.12 -2.1 0.000178834
0.12 -2.04 0.000246038
0.12 -1.98 0.000333844
0.12 -1.92 0.000446756
0.12 -1.86 0.000589643
0.12 -1.8 0.00076754
0.12 -1.74 0.00098536
0.12 -1.68 0.00124762
0.12 -1.62 0.00155796
0.12 -1.56 0.00191876
0.12 -1.5 0.00233064
0.12 -1.44 0.002792
0.12 -1.38 0.00329872
0.12 -1.32 0.00384388
0.12 -1.26 0.00441752
0.12 -1.2 0.00500698
0.12 -1.14 0.00559712
0.12 -1.08 0.00617075
0.12 -1.02 0.00670973
0.12 -0.96 0.0071955
0.12 -0.9 0.00761033
0.12 -0.84 0.00793841
0.12 -0.78 0.00816688
0.12 -0.72 0.00828642
0.12 -0.66 0.00829216
0.12 -0.6 0.00818374
0.12 -0.54 0.00796589
0.12 -0.48 0.00764716
0.12 -0.42 0.00724025
0.12 -0.36 0.00676078
0.12 -0.3 0.00622631
0.12 -0.24 0.00565527
0.12 -0.18 0.005066
0.12 -0.12 0.00447576
0.12 -0.06 0.0038999
0.12 9.71445e-15 0.00335145
0.12 0.06 0.00284055
0.12 0.12 0.00237442
0.12 0.18 0.0019575
0.12 0.24 0.0015916
0.12 0.3 0.00127631
0.12 0.36 0.00100942
0.18 -2.58 6.55411e-06
0.18 -2.52 1.00729e-05
0.18 -2.46 1.52681e-05
0.18 -2.4 2.28244e-05
0.18 -2.34 3.36521e-05
0.18 -2.28 4.89331e-05
0.18 -2.22 7.01764e-05
0.18 -2.16 9.92584e-05
0.18 -2.1 0.000138462
0.18 -2.04 0.000190494
0.18 -1.98 0.000258476
0.18 -1.92 0.000345903
0.18 -1.86 0.000456535
0.18 -1.8 0.00059426
0.18 -1.74 0.00076292
0.18 -1.68 0.000965966
0.18 -1.62 0.00120626
0.18 -1.56 0.00148561
0.18 -1.5 0.0018045
0.18 -1.44 0.00216172
0.18 -1.38 0.00255407
0.18 -1.32 0.00297612
0.18 -1.26 0.00342025
0.18 -1.2 0.00387666
0.18 -1.14 0.00433355
0.18 -1.08 0.00477775
0.18 -1.02 0.00519502
0.18 -0.96 0.00557109
0.18 -0.9 0.00589228
0.18 -0.84 0.00614636
0.18 -0.78 0.00632324
0.18 -0.72 0.00641576
0.18 -0.66 0.00642016
0.18 -0.6 0.00633633
0.18 -0.54 0.0061675
0.18 -0.48 0.00592078
0.18 -0.42 0.00560578
0.18 -0.36 0.00523456
0.18 -0.3 0.00482072
0.18 -0.24 0.0043786
0.18 -0.18 0.00392235
0.18 -0.12 0.00346532
0.18 -0.06 0.00301952
0.18 9.71445e-15 0.00259486
0.18 0.06 0.00219927
0.18 0.12 0.00183839
0.18 0.18 0.00151559
0.18 0.24 0.0012323
0.18 0.3 0.000988195
0.24 -2.58 5.00479e-06
0.24 -2.52 7.69176e-06
0.24 -2.46 1.16588e-05
0.24 -2.4 1.74291e-05
0.24 -2.34 2.56966e-05
0.24 -2.28 3.73662e-05
0.24 -2.22 5.35874e-05
0.24 -2.16 7.57939e-05
0.24 -2.1 0.00010573
0.24 -2.04 0.000145463
0.24 -1.98 0.000197376
0.24 -1.92 0.000264132
0.24 -1.86 0.000348611
0.24 -1.8 0.000453788
0.24 -1.74 0.000582566
0.24 -1.68 0.000737621
0.24 -1.62 0.000921107
0.24 -1.56 0.00113442
0.24 -1.5 0.00137792
0.24 -1.44 0.00165069
0.24 -1.38 0.00195028
0.24 -1.32 0.0022726
0.24 -1.26 0.00261174
0.24 -1.2 0.00296024
0.24 -1.14 0.00330913
0.24 -1.08 0.0036483
0.24 -1.02 0.00396694
0.24 -0.96 0.00425414
0.24 -0.9 0.0044994
0.24 -0.84 0.00469337
0.24 -0.78 0.00482843
0.24 -0.72 0.00489914
0.24 -0.66 0.00490251
0.24 -0.6 0.00483843
0.24 -0.54 0.00470961
0.24 -0.48 0.00452118
0.24 -0.42 0.00428061
0.24 -0.36 0.00399713
0.24 -0.3 0.00368115
0.24 -0.24 0.00334354
0.24 -0.18 0.00299513
0.24 -0.12 0.00264617
0.24 -0.06 0.00230571
0.24 9.71445e-15 0.00198145
0.24 0.06 0.0016794
0.24 0.12 0.00140381
0.24 0.18 0.00115732
0.24 0.24 0.000940995
0.3 -2.52 5.79274e-06
0.3 -2.46 8.78038e-06
0.3 -2.4 1.3126e-05
0.3 -2.34 1.93526e-05
0.3 -2.28 2.81408e-05
0.3 -2.22 4.03568e-05
0.3 -2.16 5.70814e-05
0.3 -2.1 7.96267e-05
0.3 -2.04 0.000109549
0.3 -1.98 0.000148645
0.3 -1.92 0.000198923
0.3 -1.86 0.000262543
0.3 -1.8 0.000341751
0.3 -1.74 0.000438739
0.3 -1.68 0.000555514
0.3 -1.62 0.000693692
0.3 -1.56 0.000854345
0.3 -1.5 0.00103774
0.3 -1.44 0.00124317
0.3 -1.38 0.00146879
0.3 -1.32 0.00171149
0.3 -1.26 0.00196694
0.3 -1.2 0.00222938
0.3 -1.14 0.00249216
0.3 -1.08 0.00274758
0.3 -1.02 0.00298757
0.3 -0.96 0.00320385
0.3 -0.9 0.00338857
0.3 -0.84 0.00353467
0.3 -0.78 0.00363636
0.3 -0.72 0.00368957
0.3 -0.66 0.00369214
0.3 -0.6 0.0036439
0.3 -0.54 0.00354685
0.3 -0.48 0.00340491
0.3 -0.42 0.00322375
0.3 -0.36 0.00301028
0.3 -0.3 0.00277229
0.3 -0.24 0.00251804
0.3 -0.18 0.00225567
0.3 -0.12 0.00199286
0.3 -0.06 0.00173645
0.3 9.71445e-15 0.00149227
0.3 0.06 0.00126477
0.3 0.12 0.00105722
0.36 -2.52 4.30261e-06
0.36 -2.46 6.52172e-06
0.36 -2.4 9.74944e-06
0.36 -2.34 1.43744e-05
0.36 -2.28 2.09016e-05
0.36 -2.22 2.99757e-05
0.36 -2.16 4.2398e-05
0.36 -2.1 5.91437e-05
0.36 -2.04 8.13692e-05
0.36 -1.98 0.000110408
0.36 -1.92 0.000147751
0.36 -1.86 0.000195008
0.36 -1.8 0.000253836
0.36 -1.74 0.00032588
0.36 -1.68 0.000412611
0.36 -1.62 0.000515246
0.36 -1.56 0.000634569
0.36 -1.5 0.000770784
0.36 -1.44 0.000923372
0.36 -1.38 0.00109096
0.36 -1.32 0.00127124
0.36 -1.26 0.00146095
0.36 -1.2 0.00165591
0.36 -1.14 0.00185107
0.36 -1.08 0.00204079
0.36 -1.02 0.00221903
0.36 -0.96 0.00237967
0.36 -0.9 0.00251687
0.36 -0.84 0.0026254
0.36 -0.78 0.00270096
0.36 -0.72 0.00274046
0.36 -0.66 0.00274237
0.36 -0.6 0.00270653
0.36 -0.54 0.00263445
0.36 -0.48 0.00252904
0.36 -0.42 0.0023945
0.36 -0.36 0.00223593
0.36 -0.3 0.00205916
0.36 -0.24 0.0018703
0.36 -0.18 0.00167541
0.36 -0.12 0.00148021
0.36 -0.06 0.00128978
0.36 9.71445e-15 0.00110839
0.36 0.06 0.00093941
0.42 -2.52 3.15188e-06
0.42 -2.46 4.77748e-06
0.42 -2.4 7.14196e-06
0.42 -2.34 1.05299e-05
0.42 -2.28 1.53115e-05
0.42 -2.22 2.19588e-05
0.42 -2.16 3.10587e-05
0.42 -2.1 4.33256e-05
0.42 -2.04 5.96069e-05
0.42 -1.98 8.08794e-05
0.42 -1.92 0.000108235
0.42 -1.86 0.000142853
0.42 -1.8 0.000185948
0.42 -1.74 0.000238723
0.42 -1.68 0.000302256
0.42 -1.62 0.000377444
0.42 -1.56 0.000464856
0.42 -1.5 0.000564639
0.42 -1.44 0.000676413
0.42 -1.38 0.000799183
0.42 -1.32 0.000931251
0.42 -1.26 0.00107021
0.42 -1.2 0.00121304
0.42 -1.14 0.00135599
0.42 -1.08 0.00149498
0.42 -1.02 0.00162555
0.42 -0.96 0.00174323
0.42 -0.9 0.00184373
0.42 -0.84 0.00192323
0.42 -0.78 0.00197859
0.42 -0.72 0.00200754
0.42 -0.66 0.00200891
0.42 -0.6 0.00198267
0.42 -0.54 0.00192987
0.42 -0.48 0.00185266
0.42 -0.42 0.00175409
0.42 -0.36 0.00163793
0.42 -0.3 0.00150844
0.42 -0.24 0.00137009
0.42 -0.18 0.00122732
0.42 -0.12 0.00108433
0.42 -0.06 0.000944826
0.48 -2.46 3.45163e-06
0.48 -2.4 5.15993e-06
0.48 -2.34 7.60766e-06
0.48 -2.28 1.10623e-05
0.48 -2.22 1.58648e-05
0.48 -2.16 2.24393e-05
0.48 -2.1 3.13019e-05
0.48 -2.04 4.30648e-05
0.48 -1.98 5.84338e-05
0.48 -1.92 7.81976e-05
0.48 -1.86 0.000103208
0.48 -1.8 0.000134344
0.48 -1.74 0.000172473
0.48 -1.68 0.000218374
0.48 -1.62 0.000272696
0.48 -1.56 0.00033585
0.48 -1.5 0.000407942
0.48 -1.44 0.000488696
0.48 -1.38 0.000577393
0.48 -1.32 0.000672811
0.48 -1.26 0.000773207
0.48 -1.2 0.000876398
0.48 -1.14 0.000979676
0.48 -1.08 0.00108009
0.48 -1.02 0.00117443
0.48 -0.96 0.00125945
0.48 -0.9 0.00133206
0.48 -0.84 0.00138949
0.48 -0.78 0.00142949
0.48 -0.72 0.00145041
0.48 -0.66 0.0014514
0.48 -0.6 0.00143244
0.48 -0.54 0.00139429
0.48 -0.48 0.00133851
0.48 -0.42 0.00126729
0.48 -0.36 0.00118337
0.48 -0.3 0.00108982
0.48 -0.24 0.000989865
0.48 -0.18 0.000886716
0.48 -0.12 0.000783409
0.54 -2.34 5.42084e-06
0.54 -2.28 7.88245e-06
0.54 -2.22 1.13044e-05
0.54 -2.16 1.59891e-05
0.54 -2.1 2.23042e-05
0.54 -2.04 3.06859e-05
0.54 -1.98 4.16371e-05
0.54 -1.92 5.57196e-05
0.54 -1.86 7.35409e-05
0.54 -1.8 9.57271e-05
0.54 -1.74 0.000122895
0.54 -1.68 0.000155603
0.54 -1.62 0.000194309
0.54 -1.56 0.000239309
0.54 -1.5 0.000290679
0.54 -1.44 0.00034822
0.54 -1.38 0.000411421
0.54 -1.32 0.00047941
0.54 -1.26 0.00055095
0.54 -1.2 0.000624477
0.54 -1.14 0.000698071
0.54 -1.08 0.000769617
0.54 -1.02 0.000836841
0.54 -0.96 0.000897423
0.54 -0.9 0.00094916
0.54 -0.84 0.000990085
0.54 -0.78 0.00101858
0.54 -0.72 0.00103348
0.54 -0.66 0.0010342
0.54 -0.6 0.00102068
0.54 -0.54 0.000993506
0.54 -0.48 0.00095375
0.54 -0.42 0.000903009
0.54 -0.36 0.000843213
0.54 -0.3 0.000776551
0.54 -0.24 0.000705325
0.6 -2.22 7.94419e-06
0.6 -2.16 1.12364e-05
0.6 -2.1 1.56744e-05
0.6 -2.04 2.15647e-05
0.6 -1.98 2.92606e-05
0.6 -1.92 3.91572e-05
0.6 -1.86 5.1681e-05
0.6 -1.8 6.72727e-05
0.6 -1.74 8.63651e-05
0.6 -1.68 0.000109352
0.6 -1.62 0.000136551
0.6 -1.56 0.000168174
0.6 -1.5 0.000204274
0.6 -1.44 0.000244714
0.6 -1.38 0.000289128
0.6 -1.32 0.000336906
0.6 -1.26 0.000387186
0.6 -1.2 0.000438852
0.6 -1.14 0.000490577
0.6 -1.08 0.000540851
0.6 -1.02 0.000588091
0.6 -0.96 0.000630666
0.6 -0.9 0.000667028
0.6 -0.84 0.00069579
0.6 -0.78 0.000715813
0.6 -0.72 0.000726279
0.6 -0.66 0.000726792
0.6 -0.6 0.000717287
0.6 -0.54 0.000698191
0.6 -0.48 0.000670255
0.6 -0.42 0.00063459
0.66 -2.04 1.49463e-05
0.66 -1.98 2.02802e-05
0.66 -1.92 2.71397e-05
0.66 -1.86 3.58201e-05
0.66 -1.8 4.66266e-05
0.66 -1.74 5.9859e-05
0.66 -1.68 7.57912e-05
0.66 -1.62 9.46442e-05
0.66 -1.56 0.000116562
0.66 -1.5 0.000141582
0.66 -1.44 0.00016961
0.66 -1.38 0.000200394
0.66 -1.32 0.000233508
0.66 -1.26 0.000268358
0.66 -1.2 0.000304164
0.66 -1.14 0.000340017
0.66 -1.08 0.000374866
0.66 -1.02 0.000407604
0.66 -0.96 0.000437112
0.66 -0.9 0.000462314
0.66 -0.84 0.000482247
0.66 -0.78 0.000496123
0.66 -0.72 0.000503388
0.66 -0.66 0.000503734
0.66 -0.6 0.000497153
0.72 -1.8 3.18725e-05
0.72 -1.74 4.09179e-05
0.72 -1.68 5.18081e-05
0.72 -1.62 6.46955e-05
0.72 -1.56 7.96784e-05
0.72 -1.5 9.67819e-05
0.72 -1.44 0.000115941
0.72 -1.38 0.000136982
0.72 -1.32 0.000159619
0.72 -1.26 0.00018344
0.72 -1.2 0.000207919
0.72 -1.14 0.000232422
0.72 -1.08 0.000256246
0.72 -1.02 0.000278628
0.72 -0.96 0.000298799
0.72 -0.9 0.000316025
0.72 -0.84 0.000329649
