3284 0.06 0.06 0.205844 -12 -12
-1.26 -0.18 2.38428e-06
-1.26 -0.12 2.35084e-06
-1.2 -0.3 4.04454e-06
-1.2 -0.24 4.09972e-06
-1.2 -0.18 4.09854e-06
-1.2 -0.12 4.04105e-06
-1.2 -0.06 3.92958e-06
-1.2 9.71445e-15 3.76872e-06
-1.14 -0.42 6.40217e-06
-1.14 -0.36 6.67164e-06
-1.14 -0.3 6.85699e-06
-1.14 -0.24 6.95058e-06
-1.14 -0.18 6.94858e-06
-1.14 -0.12 6.85108e-06
-1.14 -0.06 6.66213e-06
-1.14 9.71445e-15 6.38933e-06
-1.14 0.06 6.04345e-06
-1.14 0.12 5.63776e-06
-1.08 -0.54 9.45641e-06
-1.08 -0.48 1.01312e-05
-1.08 -0.42 1.07047e-05
-1.08 -0.36 1.11554e-05
-1.08 -0.3 1.14653e-05
-1.08 -0.24 1.16216e-05
-1.08 -0.18 1.16183e-05
-1.08 -0.12 1.14553e-05
-1.08 -0.06 1.11394e-05
-1.08 9.71445e-15 1.06833e-05
-1.08 0.06 1.01051e-05
-1.08 0.12 9.42663e-06
-1.08 0.18 8.67295e-06
-1.08 0.24 7.86985e-06
-1.02 -0.66 1.30339e-05
-1.02 -0.6 1.43559e-05
-1.02 -0.54 1.55944e-05
-1.02 -0.48 1.6707e-05
-1.02 -0.42 1.76531e-05
-1.02 -0.36 1.83961e-05
-1.02 -0.3 1.8907e-05
-1.02 -0.24 1.91651e-05
-1.02 -0.18 1.91597e-05
-1.02 -0.12 1.88909e-05
-1.02 -0.06 1.83698e-05
-1.02 9.71445e-15 1.76176e-05
-1.02 0.06 1.66639e-05
-1.02 0.12 1.55454e-05
-1.02 0.18 1.43024e-05
-1.02 0.24 1.2978e-05
-1.02 0.3 1.16144e-05
-1.02 0.36 1.02512e-05
-0.96 -0.78 1.67635e-05
-0.96 -0.72 1.89819e-05
-0.96 -0.66 2.11984e-05
-0.96 -0.6 2.33483e-05
-0.96 -0.54 2.5363e-05
-0.96 -0.48 2.71725e-05
-0.96 -0.42 2.87109e-05
-0.96 -0.36 2.99196e-05
-0.96 -0.3 3.07508e-05
-0.96 -0.24 3.11704e-05
-0.96 -0.18 3.11613e-05
-0.96 -0.12 3.07242e-05
-0.96 -0.06 2.9877e-05
-0.96 9.71445e-15 2.86534e-05
-0.96 0.06 2.71024e-05
-0.96 0.12 2.52831e-05
-0.96 0.18 2.32614e-05
-0.96 0.24 2.11076e-05
-0.96 0.3 1.88897e-05
-0.96 0.36 1.66725e-05
-0.96 0.42 1.45133e-05
-0.9 -0.84 2.34205e-05
-0.9 -0.78 2.68895e-05
-0.9 -0.72 3.0448e-05
-0.9 -0.66 3.40036e-05
-0.9 -0.6 3.74519e-05
-0.9 -0.54 4.06835e-05
-0.9 -0.48 4.35861e-05
-0.9 -0.42 4.6054e-05
-0.9 -0.36 4.7993e-05
-0.9 -0.3 4.9326e-05
-0.9 -0.24 4.99989e-05
-0.9 -0.18 4.99845e-05
-0.9 -0.12 4.92832e-05
-0.9 -0.06 4.79239e-05
-0.9 9.71445e-15 4.5962e-05
-0.9 0.06 4.34737e-05
-0.9 0.12 4.05554e-05
-0.9 0.18 3.73129e-05
-0.9 0.24 3.38578e-05
-0.9 0.3 3.03002e-05
-0.9 0.36 2.67436e-05
-0.9 0.42 2.32801e-05
-0.9 0.48 1.99865e-05
-0.84 -0.9 3.18281e-05
-0.84 -0.84 3.70517e-05
-0.84 -0.78 4.25397e-05
-0.84 -0.72 4.8169e-05
-0.84 -0.66 5.37937e-05
-0.84 -0.6 5.92494e-05
-0.84 -0.54 6.4361e-05
-0.84 -0.48 6.89538e-05
-0.84 -0.42 7.28574e-05
-0.84 -0.36 7.5925e-05
-0.84 -0.3 7.80335e-05
-0.84 -0.24 7.90981e-05
-0.84 -0.18 7.90754e-05
-0.84 -0.12 7.79664e-05
-0.84 -0.06 7.58159e-05
-0.84 9.71445e-15 7.2712e-05
-0.84 0.06 6.87757e-05
-0.84 0.12 6.41589e-05
-0.84 0.18 5.90292e-05
-0.84 0.24 5.3563e-05
-0.84 0.3 4.79348e-05
-0.84 0.36 4.23084e-05
-0.84 0.42 3.68293e-05
-0.84 0.48 3.16189e-05
-0.84 0.54 2.67727e-05
-0.78 -0.96 4.2073e-05
-0.78 -0.9 4.96602e-05
-0.78 -0.84 5.78102e-05
-0.78 -0.78 6.6373e-05
-0.78 -0.72 7.51564e-05
-0.78 -0.66 8.39316e-05
-0.78 -0.6 9.24443e-05
-0.78 -0.54 0.00010042
-0.78 -0.48 0.000107586
-0.78 -0.42 0.000113676
-0.78 -0.36 0.000118462
-0.78 -0.3 0.000121752
-0.78 -0.24 0.000123413
-0.78 -0.18 0.000123378
-0.78 -0.12 0.000121648
-0.78 -0.06 0.000118293
-0.78 9.71445e-15 0.000113449
-0.78 0.06 0.000107308
-0.78 0.12 0.000100105
-0.78 0.18 9.21006e-05
-0.78 0.24 8.35719e-05
-0.78 0.3 7.47904e-05
-0.78 0.36 6.60119e-05
-0.78 0.42 5.74631e-05
-0.78 0.48 4.93339e-05
-0.78 0.54 4.17722e-05
-0.78 0.6 3.48839e-05
-0.78 0.66 2.87303e-05
-0.72 -1.08 4.45799e-05
-0.72 -1.02 5.40962e-05
-0.72 -0.96 6.47424e-05
-0.72 -0.9 7.64181e-05
-0.72 -0.84 8.8959e-05
-0.72 -0.78 0.000102135
-0.72 -0.72 0.000115651
-0.72 -0.66 0.000129155
-0.72 -0.6 0.000142255
-0.72 -0.54 0.000154528
-0.72 -0.48 0.000165554
-0.72 -0.42 0.000174927
-0.72 -0.36 0.00018229
-0.72 -0.3 0.000187354
-0.72 -0.24 0.000189911
-0.72 -0.18 0.000189856
-0.72 -0.12 0.000187194
-0.72 -0.06 0.000182031
-0.72 9.71445e-15 0.000174577
-0.72 0.06 0.000165127
-0.72 0.12 0.000154043
-0.72 0.18 0.000141725
-0.72 0.24 0.000128601
-0.72 0.3 0.000115089
-0.72 0.36 0.00010158
-0.72 0.42 8.84254e-05
-0.72 0.48 7.5916e-05
-0.72 0.54 6.42797e-05
-0.72 0.6 5.36797e-05
-0.72 0.66 4.42107e-05
-0.72 0.72 3.59121e-05
-0.66 -1.14 5.49888e-05
-0.66 -1.08 6.76568e-05
-0.66 -1.02 8.20999e-05
-0.66 -0.96 9.82564e-05
-0.66 -0.9 0.000115977
-0.66 -0.84 0.000135011
-0.66 -0.78 0.000155007
-0.66 -0.72 0.000175519
-0.66 -0.66 0.000196014
-0.66 -0.6 0.000215896
-0.66 -0.54 0.000234521
-0.66 -0.48 0.000251254
-0.66 -0.42 0.000265482
-0.66 -0.36 0.000276655
-0.66 -0.3 0.000284339
-0.66 -0.24 0.00028822
-0.66 -0.18 0.000288139
-0.66 -0.12 0.000284098
-0.66 -0.06 0.000276262
-0.66 9.71445e-15 0.000264948
-0.66 0.06 0.000250607
-0.66 0.12 0.000233785
-0.66 0.18 0.000215091
-0.66 0.24 0.000195173
-0.66 0.3 0.000174666
-0.66 0.36 0.000154165
-0.66 0.42 0.000134201
-0.66 0.48 0.000115215
-0.66 0.54 9.75549e-05
-0.66 0.6 8.1467e-05
-0.66 0.66 6.70973e-05
-0.66 0.72 5.4502e-05
-0.66 0.78 4.36633e-05
-0.6 -1.2 6.59761e-05
-0.6 -1.14 8.23063e-05
-0.6 -1.08 0.00010127
-0.6 -1.02 0.000122887
-0.6 -0.96 0.000147071
-0.6 -0.9 0.000173593
-0.6 -0.84 0.000202084
-0.6 -0.78 0.000232015
-0.6 -0.72 0.000262718
-0.6 -0.66 0.000293396
-0.6 -0.6 0.000323152
-0.6 -0.54 0.000351029
-0.6 -0.48 0.000376079
-0.6 -0.42 0.000397373
-0.6 -0.36 0.000414102
-0.6 -0.3 0.0004256
-0.6 -0.24 0.000431408
-0.6 -0.18 0.000431286
-0.6 -0.12 0.000425236
-0.6 -0.06 0.000413504
-0.6 9.71445e-15 0.000396576
-0.6 0.06 0.000375109
-0.6 0.12 0.000349927
-0.6 0.18 0.000321951
-0.6 0.24 0.000292137
-0.6 0.3 0.00026144
-0.6 0.36 0.000230755
-0.6 0.42 0.000200871
-0.6 0.48 0.000172452
-0.6 0.54 0.00014602
-0.6 0.6 0.00012194
-0.6 0.66 0.000100432
-0.6 0.72 8.15789e-05
-0.6 0.78 6.53546e-05
-0.54 -1.2 9.73956e-05
-0.54 -1.14 0.000121504
-0.54 -1.08 0.000149496
-0.54 -1.02 0.00018141
-0.54 -0.96 0.000217109
-0.54 -0.9 0.000256262
-0.54 -0.84 0.000298318
-0.54 -0.78 0.000342502
-0.54 -0.72 0.000387829
-0.54 -0.66 0.000433116
-0.54 -0.6 0.000477042
-0.54 -0.54 0.000518206
-0.54 -0.48 0.000555172
-0.54 -0.42 0.000586613
-0.54 -0.36 0.000611306
-0.54 -0.3 0.000628288
-0.54 -0.24 0.000636862
-0.54 -0.18 0.000636679
-0.54 -0.12 0.000627745
-0.54 -0.06 0.000610432
-0.54 9.71445e-15 0.000585438
-0.54 0.06 0.000553742
-0.54 0.12 0.000516573
-0.54 0.18 0.000475268
-0.54 0.24 0.000431262
-0.54 0.3 0.000385949
-0.54 0.36 0.000340647
-0.54 0.42 0.00029653
-0.54 0.48 0.000254579
-0.54 0.54 0.000215561
-0.54 0.6 0.00018001
-0.54 0.66 0.000148259
-0.54 0.72 0.00012043
-0.54 0.78 9.64789e-05
-0.54 0.84 7.62284e-05
-0.48 -1.26 0.000112103
-0.48 -1.2 0.000141801
-0.48 -1.14 0.000176901
-0.48 -1.08 0.000217657
-0.48 -1.02 0.000264121
-0.48 -0.96 0.000316099
-0.48 -0.9 0.000373101
-0.48 -0.84 0.000434336
-0.48 -0.78 0.000498669
-0.48 -0.72 0.00056466
-0.48 -0.66 0.000630592
-0.48 -0.6 0.000694547
-0.48 -0.54 0.000754466
-0.48 -0.48 0.000808304
-0.48 -0.42 0.000854062
-0.48 -0.36 0.000890022
-0.48 -0.3 0.000914739
-0.48 -0.24 0.000927218
-0.48 -0.18 0.000926951
-0.48 -0.12 0.000913953
-0.48 -0.06 0.000888745
-0.48 9.71445e-15 0.000852352
-0.48 0.06 0.000806223
-0.48 0.12 0.000752092
-0.48 0.18 0.000691961
-0.48 0.24 0.000627884
-0.48 0.3 0.000561908
-0.48 0.36 0.000495955
-0.48 0.42 0.000431728
-0.48 0.48 0.000370651
-0.48 0.54 0.000313838
-0.48 0.6 0.000262086
-0.48 0.66 0.000215855
-0.48 0.72 0.000175337
-0.48 0.78 0.000140467
-0.48 0.84 0.000110985
-0.48 0.9 8.64853e-05
-0.42 -1.32 0.000125509
-0.42 -1.26 0.000160972
-0.42 -1.2 0.000203617
-0.42 -1.14 0.000254016
-0.42 -1.08 0.000312538
-0.42 -1.02 0.000379258
-0.42 -0.96 0.000453885
-0.42 -0.9 0.000535746
-0.42 -0.84 0.000623672
-0.42 -0.78 0.000716044
-0.42 -0.72 0.000810799
-0.42 -0.66 0.000905483
-0.42 -0.6 0.000997317
-0.42 -0.54 0.00108336
-0.42 -0.48 0.00116065
-0.42 -0.42 0.00122638
-0.42 -0.36 0.001278
-0.42 -0.3 0.0013135
-0.42 -0.24 0.00133143
-0.42 -0.18 0.00133105
-0.42 -0.12 0.00131237
-0.42 -0.06 0.00127617
-0.42 9.71445e-15 0.00122392
-0.42 0.06 0.00115766
-0.42 0.12 0.00107995
-0.42 0.18 0.000993608
-0.42 0.24 0.000901596
-0.42 0.3 0.000806867
-0.42 0.36 0.000712162
-0.42 0.42 0.000619932
-0.42 0.48 0.000532225
-0.42 0.54 0.000450652
-0.42 0.6 0.00037633
-0.42 0.66 0.000309954
-0.42 0.72 0.00025177
-0.42 0.78 0.000201699
-0.42 0.84 0.000159364
-0.42 0.9 0.000124185
-0.42 0.96 9.54409e-05
-0.36 -1.38 0.000136683
-0.36 -1.32 0.000177745
-0.36 -1.26 0.000227965
-0.36 -1.2 0.000288358
-0.36 -1.14 0.000359737
-0.36 -1.08 0.000442611
-0.36 -1.02 0.000537097
-0.36 -0.96 0.000642795
-0.36 -0.9 0.00075872
-0.36 -0.84 0.000883235
-0.36 -0.78 0.00101405
-0.36 -0.72 0.00114824
-0.36 -0.66 0.00128231
-0.36 -0.6 0.00141238
-0.36 -0.54 0.00153424
-0.36 -0.48 0.00164371
-0.36 -0.42 0.00173677
-0.36 -0.36 0.00180987
-0.36 -0.3 0.00186015
-0.36 -0.24 0.00188554
-0.36 -0.18 0.001885
-0.36 -0.12 0.00185856
-0.36 -0.06 0.00180731
-0.36 9.71445e-15 0.00173329
-0.36 0.06 0.00163946
-0.36 0.12 0.00152942
-0.36 0.18 0.00140712
-0.36 0.24 0.00127682
-0.36 0.3 0.00114266
-0.36 0.36 0.00100854
-0.36 0.42 0.000877936
-0.36 0.48 0.000753735
-0.36 0.54 0.000638203
-0.36 0.6 0.000532959
-0.36 0.66 0.000438948
-0.36 0.72 0.000356554
-0.36 0.78 0.000285645
-0.36 0.84 0.00022569
-0.36 0.9 0.00017587
-0.36 0.96 0.000135163
-0.36 1.02 0.00010245
-0.3 -1.44 0.000144786
-0.3 -1.38 0.000190906
-0.3 -1.32 0.000248258
-0.3 -1.26 0.000318404
-0.3 -1.2 0.000402753
-0.3 -1.14 0.000502451
-0.3 -1.08 0.000618204
-0.3 -1.02 0.000750175
-0.3 -0.96 0.000897805
-0.3 -0.9 0.00105971
-0.3 -0.84 0.00123362
-0.3 -0.78 0.00141634
-0.3 -0.72 0.00160378
-0.3 -0.66 0.00179105
-0.3 -0.6 0.00197268
-0.3 -0.54 0.00214291
-0.3 -0.48 0.00229579
-0.3 -0.42 0.00242578
-0.3 -0.36 0.00252791
-0.3 -0.3 0.00259813
-0.3 -0.24 0.00263358
-0.3 -0.18 0.00263282
-0.3 -0.12 0.00259587
-0.3 -0.06 0.0025243
-0.3 9.71445e-15 0.00242093
-0.3 0.06 0.00228988
-0.3 0.12 0.00213615
-0.3 0.18 0.00196535
-0.3 0.24 0.00178338
-0.3 0.3 0.00159599
-0.3 0.36 0.00140866
-0.3 0.42 0.00122622
-0.3 0.48 0.00105275
-0.3 0.54 0.000891397
-0.3 0.6 0.000744393
-0.3 0.66 0.000613086
-0.3 0.72 0.000498008
-0.3 0.78 0.000398965
-0.3 0.84 0.000315225
-0.3 0.9 0.000245641
-0.3 0.96 0.000188785
-0.3 1.02 0.000143094
-0.24 -1.44 0.000199444
-0.24 -1.38 0.000262976
-0.24 -1.32 0.00034198
-0.24 -1.26 0.000438607
-0.24 -1.2 0.000554803
-0.24 -1.14 0.000692134
-0.24 -1.08 0.000851592
-0.24 -1.02 0.00103338
-0.24 -0.96 0.00123674
-0.24 -0.9 0.00145977
-0.24 -0.84 0.00169933
-0.24 -0.78 0.00195103
-0.24 -0.72 0.00220923
-0.24 -0.66 0.00246721
-0.24 -0.6 0.00271742
-0.24 -0.54 0.0029519
-0.24 -0.48 0.00316249
-0.24 -0.42 0.00334157
-0.24 -0.36 0.00348225
-0.24 -0.3 0.00357898
-0.24 -0.24 0.00362781
-0.24 -0.18 0.00362677
-0.24 -0.12 0.00357588
-0.24 -0.06 0.00347726
-0.24 9.71445e-15 0.00333489
-0.24 0.06 0.00315434
-0.24 0.12 0.0029426
-0.24 0.18 0.00270732
-0.24 0.24 0.00245664
-0.24 0.3 0.00219851
-0.24 0.36 0.00194046
-0.24 0.42 0.00168915
-0.24 0.48 0.00145018
-0.24 0.54 0.00122792
-0.24 0.6 0.00102541
-0.24 0.66 0.000844542
-0.24 0.72 0.000686016
-0.24 0.78 0.00054958
-0.24 0.84 0.000434228
-0.24 0.9 0.000338375
-0.24 0.96 0.000260056
-0.24 1.02 0.000197116
-0.24 1.08 0.000147354
-0.18 -1.5 0.000202675
-0.18 -1.44 0.000270962
-0.18 -1.38 0.000357276
-0.18 -1.32 0.000464609
-0.18 -1.26 0.000595886
-0.18 -1.2 0.00075375
-0.18 -1.14 0.000940322
-0.18 -1.08 0.00115696
-0.18 -1.02 0.00140394
-0.18 -0.96 0.00168021
-0.18 -0.9 0.00198323
-0.18 -0.84 0.0023087
-0.18 -0.78 0.00265064
-0.18 -0.72 0.00300141
-0.18 -0.66 0.0033519
-0.18 -0.6 0.00369186
-0.18 -0.54 0.00401041
-0.18 -0.48 0.00429651
-0.18 -0.42 0.00453983
-0.18 -0.36 0.00473092
-0.18 -0.3 0.00486234
-0.18 -0.24 0.0049287
-0.18 -0.18 0.00492728
-0.18 -0.12 0.00485815
-0.18 -0.06 0.00472414
-0.18 9.71445e-15 0.00453073
-0.18 0.06 0.00428542
-0.18 0.12 0.00399779
-0.18 0.18 0.00367812
-0.18 0.24 0.00333755
-0.18 0.3 0.00298687
-0.18 0.36 0.00263628
-0.18 0.42 0.00229486
-0.18 0.48 0.00197019
-0.18 0.54 0.00166823
-0.18 0.6 0.00139311
-0.18 0.66 0.00114739
-0.18 0.72 0.000932009
-0.18 0.78 0.000746652
-0.18 0.84 0.000589933
-0.18 0.9 0.000459709
-0.18 0.96 0.000353307
-0.18 1.02 0.000267798
-0.18 1.08 0.000200193
-0.18 1.14 0.0001476
-0.12 -1.56 0.000200338
-0.12 -1.5 0.000271566
-0.12 -1.44 0.000363065
-0.12 -1.38 0.000478718
-0.12 -1.32 0.000622537
-0.12 -1.26 0.000798438
-0.12 -1.2 0.00100996
-0.12 -1.14 0.00125995
-0.12 -1.08 0.00155022
-0.12 -1.02 0.00188116
-0.12 -0.96 0.00225132
-0.12 -0.9 0.00265735
-0.12 -0.84 0.00309347
-0.12 -0.78 0.00355164
-0.12 -0.72 0.00402165
-0.12 -0.66 0.00449128
-0.12 -0.6 0.00494678
-0.12 -0.54 0.00537359
-0.12 -0.48 0.00575692
-0.12 -0.42 0.00608297
-0.12 -0.36 0.00633902
-0.12 -0.3 0.00651508
-0.12 -0.24 0.00660401
-0.12 -0.18 0.00660213
-0.12 -0.12 0.0065095
-0.12 -0.06 0.00632993
-0.12 9.71445e-15 0.00607074
-0.12 0.06 0.00574212
-0.12 0.12 0.00535667
-0.12 0.18 0.00492839
-0.12 0.24 0.00447201
-0.12 0.3 0.00400214
-0.12 0.36 0.00353239
-0.12 0.42 0.00307492
-0.12 0.48 0.00263989
-0.12 0.54 0.00223528
-0.12 0.6 0.00186663
-0.12 0.66 0.0015374
-0.12 0.72 0.0012488
-0.12 0.78 0.00100045
-0.12 0.84 0.000790463
-0.12 0.9 0.000615967
-0.12 0.96 0.000473397
-0.12 1.02 0.000358824
-0.12 1.08 0.000268241
-0.12 1.14 0.000197771
-0.06 -1.56 0.000264745
-0.06 -1.5 0.000358876
-0.06 -1.44 0.000479785
-0.06 -1.38 0.000632622
-0.06 -1.32 0.00082268
-0.06 -1.26 0.00105513
-0.06 -1.2 0.00133465
-0.06 -1.14 0.00166501
-0.06 -1.08 0.00204861
-0.06 -1.02 0.00248593
-0.06 -0.96 0.00297513
-0.06 -0.9 0.00351164
-0.06 -0.84 0.00408798
-0.06 -0.78 0.00469349
-0.06 -0.72 0.00531462
-0.06 -0.66 0.00593522
-0.06 -0.6 0.00653711
-0.06 -0.54 0.00710112
-0.06 -0.48 0.00760777
-0.06 -0.42 0.00803855
-0.06 -0.36 0.00837701
-0.06 -0.3 0.00860963
-0.06 -0.24 0.0087271
-0.06 -0.18 0.00872462
-0.06 -0.12 0.00860218
-0.06 -0.06 0.00836492
-0.06 9.71445e-15 0.00802246
-0.06 0.06 0.00758822
-0.06 0.12 0.00707872
-0.06 0.18 0.00651284
-0.06 0.24 0.00590974
-0.06 0.3 0.00528876
-0.06 0.36 0.00466801
-0.06 0.42 0.00406346
-0.06 0.48 0.00348859
-0.06 0.54 0.00295389
-0.06 0.6 0.00246676
-0.06 0.66 0.00203166
-0.06 0.72 0.00165029
-0.06 0.78 0.00132208
-0.06 0.84 0.0010446
-0.06 0.9 0.000814005
-0.06 0.96 0.000625596
-0.06 1.02 0.000474187
-0.06 1.08 0.00035448
-0.06 1.14 0.000261353
-0.06 1.2 0.00019004
9.71445e-15 -1.62 0.000251045
9.71445e-15 -1.56 0.00034505
9.71445e-15 -1.5 0.000467734
9.71445e-15 -1.44 0.000625326
9.71445e-15 -1.38 0.00082452
9.71445e-15 -1.32 0.00107222
9.71445e-15 -1.26 0.00137518
9.71445e-15 -1.2 0.00173947
9.71445e-15 -1.14 0.00217007
9.71445e-15 -1.08 0.00266999
9.71445e-15 -1.02 0.00323998
9.71445e-15 -0.96 0.00387759
9.71445e-15 -0.9 0.00457688
9.71445e-15 -0.84 0.00532799
9.71445e-15 -0.78 0.00611714
9.71445e-15 -0.72 0.00692667
9.71445e-15 -0.66 0.00773546
9.71445e-15 -0.6 0.00851999
9.71445e-15 -0.54 0.00925517
9.71445e-15 -0.48 0.00991546
9.71445e-15 -0.42 0.0104768
9.71445e-15 -0.36 0.0109179
9.71445e-15 -0.3 0.0112212
9.71445e-15 -0.24 0.0113743
9.71445e-15 -0.18 0.011371
9.71445e-15 -0.12 0.0112115
9.71445e-15 -0.06 0.0109024
9.71445e-15 9.71445e-15 0.0104559
9.71445e-15 0.06 0.00988989
9.71445e-15 0.12 0.009226
9.71445e-15 0.18 0.00848826
9.71445e-15 0.24 0.00770233
9.71445e-15 0.3 0.00689303
9.71445e-15 0.36 0.00608393
9.71445e-15 0.42 0.00529601
9.71445e-15 0.48 0.00454681
9.71445e-15 0.54 0.00384991
9.71445e-15 0.6 0.00321501
9.71445e-15 0.66 0.0026479
9.71445e-15 0.72 0.00215088
9.71445e-15 0.78 0.00172312
9.71445e-15 0.84 0.00136145
9.71445e-15 0.9 0.00106092
9.71445e-15 0.96 0.000815357
9.71445e-15 1.02 0.000618018
9.71445e-15 1.08 0.000462004
9.71445e-15 1.14 0.000340628
9.71445e-15 1.2 0.000247688
0.06 -1.62 0.000322698
0.06 -1.56 0.000443529
0.06 -1.5 0.000601232
0.06 -1.44 0.000803796
0.06 -1.38 0.00105985
0.06 -1.32 0.00137825
0.06 -1.26 0.00176766
0.06 -1.2 0.00223596
0.06 -1.14 0.00278941
0.06 -1.08 0.00343208
0.06 -1.02 0.00416469
0.06 -0.96 0.0049843
0.06 -0.9 0.00588316
0.06 -0.84 0.00684873
0.06 -0.78 0.00786313
0.06 -0.72 0.00890366
0.06 -0.66 0.00994331
0.06 -0.6 0.0109518
0.06 -0.54 0.0118965
0.06 -0.48 0.0127455
0.06 -0.42 0.0134672
0.06 -0.36 0.0140341
0.06 -0.3 0.0144237
0.06 -0.24 0.0146206
0.06 -0.18 0.0146165
0.06 -0.12 0.0144115
0.06 -0.06 0.0140139
0.06 9.71445e-15 0.0134401
0.06 0.06 0.0127127
0.06 0.12 0.0118592
0.06 0.18 0.0109111
0.06 0.24 0.00990062
0.06 0.3 0.00886032
0.06 0.36 0.00782039
0.06 0.42 0.00680763
0.06 0.48 0.00584452
0.06 0.54 0.00494867
0.06 0.6 0.00413263
0.06 0.66 0.00340367
0.06 0.72 0.00276474
0.06 0.78 0.00221491
0.06 0.84 0.00175003
0.06 0.9 0.00136371
0.06 0.96 0.00104806
0.06 1.02 0.000794412
0.06 1.08 0.000593871
0.06 1.14 0.000437847
0.06 1.2 0.000318379
0.06 1.26 0.000228328
0.12 -1.68 0.000293554
0.12 -1.62 0.000409097
0.12 -1.56 0.000562287
0.12 -1.5 0.000762204
0.12 -1.44 0.00101901
0.12 -1.38 0.00134362
0.12 -1.32 0.00174727
0.12 -1.26 0.00224097
0.12 -1.2 0.00283463
0.12 -1.14 0.00353629
0.12 -1.08 0.00435097
0.12 -1.02 0.00527982
0.12 -0.96 0.00631879
0.12 -0.9 0.00745834
0.12 -0.84 0.00868235
0.12 -0.78 0.00996833
0.12 -0.72 0.0112875
0.12 -0.66 0.0126056
0.12 -0.6 0.013884
0.12 -0.54 0.015082
0.12 -0.48 0.0161578
0.12 -0.42 0.017073
0.12 -0.36 0.0177916
0.12 -0.3 0.0182858
0.12 -0.24 0.0185354
0.12 -0.18 0.0185301
0.12 -0.12 0.0182701
0.12 -0.06 0.0177662
0.12 9.71445e-15 0.0170387
0.12 0.06 0.0161164
0.12 0.12 0.0150344
0.12 0.18 0.0138324
0.12 0.24 0.0125516
0.12 0.3 0.0112328
0.12 0.36 0.00991431
0.12 0.42 0.00863031
0.12 0.48 0.00740937
0.12 0.54 0.00627374
0.12 0.6 0.00523906
0.12 0.66 0.00431499
0.12 0.72 0.00350502
0.12 0.78 0.00280796
0.12 0.84 0.00221859
0.12 0.9 0.00172883
0.12 0.96 0.00132868
0.12 1.02 0.00100711
0.12 1.08 0.000752866
0.12 1.14 0.000555082
0.12 1.2 0.000403624
0.12 1.26 0.00028946
0.18 -1.68 0.000367037
0.18 -1.62 0.000511505
0.18 -1.56 0.000703029
0.18 -1.5 0.000953005
0.18 -1.44 0.0012741
0.18 -1.38 0.00167995
0.18 -1.32 0.00218463
0.18 -1.26 0.00280188
0.18 -1.2 0.00354419
0.18 -1.14 0.0044215
0.18 -1.08 0.00544014
0.18 -1.02 0.00660137
0.18 -0.96 0.00790056
0.18 -0.9 0.00932536
0.18 -0.84 0.0108557
0.18 -0.78 0.0124637
0.18 -0.72 0.014113
0.18 -0.66 0.0157609
0.18 -0.6 0.0173594
0.18 -0.54 0.0188572
0.18 -0.48 0.0202028
0.18 -0.42 0.0213466
0.18 -0.36 0.0222452
0.18 -0.3 0.022863
0.18 -0.24 0.023175
0.18 -0.18 0.0231684
0.18 -0.12 0.0228435
0.18 -0.06 0.0222134
0.18 9.71445e-15 0.0213039
0.18 0.06 0.0201506
0.18 0.12 0.018798
0.18 0.18 0.0172949
0.18 0.24 0.0156934
0.18 0.3 0.0140444
0.18 0.36 0.012396
0.18 0.42 0.0107906
0.18 0.48 0.00926407
0.18 0.54 0.00784414
0.18 0.6 0.00655058
0.18 0.66 0.00539508
0.18 0.72 0.00438236
0.18 0.78 0.00351082
0.18 0.84 0.00277394
0.18 0.9 0.0021616
0.18 0.96 0.00166127
0.18 1.02 0.00125921
0.18 1.08 0.000941334
0.18 1.14 0.000694021
0.18 1.2 0.000504663
0.18 1.26 0.000361918
0.24 -1.68 0.000452604
0.24 -1.62 0.000630751
0.24 -1.56 0.000866934
0.24 -1.5 0.00117519
0.24 -1.44 0.00157113
0.24 -1.38 0.00207159
0.24 -1.32 0.00269396
0.24 -1.26 0.00345513
0.24 -1.2 0.0043704
0.24 -1.14 0.00545229
0.24 -1.08 0.00670838
0.24 -1.02 0.00814043
0.24 -0.96 0.00974247
0.24 -0.9 0.0114993
0.24 -0.84 0.0133866
0.24 -0.78 0.0153694
0.24 -0.72 0.0174034
0.24 -0.66 0.0194355
0.24 -0.6 0.0214065
0.24 -0.54 0.0232535
0.24 -0.48 0.0249127
0.24 -0.42 0.0263229
0.24 -0.36 0.0274314
0.24 -0.3 0.0281933
0.24 -0.24 0.0285779
0.24 -0.18 0.0285695
0.24 -0.12 0.0281687
0.24 -0.06 0.0273921
0.24 9.71445e-15 0.0262704
0.24 0.06 0.0248485
0.24 0.12 0.0231802
0.24 0.18 0.0213269
0.24 0.24 0.0193521
0.24 0.3 0.0173186
0.24 0.36 0.0152858
0.24 0.42 0.0133062
0.24 0.48 0.0114238
0.24 0.54 0.00967287
0.24 0.6 0.00807774
0.24 0.66 0.00665283
0.24 0.72 0.00540409
0.24 0.78 0.00432931
0.24 0.84 0.00342066
0.24 0.9 0.00266556
0.24 0.96 0.00204859
0.24 1.02 0.00155277
0.24 1.08 0.00116079
0.24 1.14 0.000855826
0.24 1.2 0.000622315
0.24 1.26 0.000446292
0.24 1.32 0.000315662
0.3 -1.74 0.000389555
0.3 -1.68 0.000550446
0.3 -1.62 0.000767113
0.3 -1.56 0.00105435
0.3 -1.5 0.00142924
0.3 -1.44 0.00191077
0.3 -1.38 0.00251943
0.3 -1.32 0.00327634
0.3 -1.26 0.00420208
0.3 -1.2 0.00531525
0.3 -1.14 0.00663096
0.3 -1.08 0.00815867
0.3 -1.02 0.00990027
0.3 -0.96 0.0118486
0.3 -0.9 0.0139852
0.3 -0.84 0.0162805
0.3 -0.78 0.0186919
0.3 -0.72 0.0211656
0.3 -0.66 0.0236372
0.3 -0.6 0.0260342
0.3 -0.54 0.0282805
0.3 -0.48 0.0302982
0.3 -0.42 0.0320137
0.3 -0.36 0.0333617
0.3 -0.3 0.0342882
0.3 -0.24 0.034756
0.3 -0.18 0.0347459
0.3 -0.12 0.0342583
0.3 -0.06 0.0333137
0.3 9.71445e-15 0.0319498
0.3 0.06 0.0302203
0.3 0.12 0.0281913
0.3 0.18 0.0259376
0.3 0.24 0.0235358
0.3 0.3 0.0210627
0.3 0.36 0.0185904
0.3 0.42 0.0161828
0.3 0.48 0.0138934
0.3 0.54 0.011764
0.3 0.6 0.00982395
0.3 0.66 0.00809112
0.3 0.72 0.00657236
0.3 0.78 0.00526522
0.3 0.84 0.00416014
0.3 0.9 0.0032418
0.3 0.96 0.00249146
0.3 1.02 0.00188847
0.3 1.08 0.00141173
0.3 1.14 0.00104084
0.3 1.2 0.000756843
0.3 1.26 0.000542776
0.3 1.32 0.000383903
0.36 -1.74 0.000467257
0.36 -1.68 0.000660242
0.36 -1.62 0.000920128
0.36 -1.56 0.00126465
0.36 -1.5 0.00171431
0.36 -1.44 0.0022919
0.36 -1.38 0.00302196
0.36 -1.32 0.00392984
0.36 -1.26 0.00504023
0.36 -1.2 0.00637547
0.36 -1.14 0.00795359
0.36 -1.08 0.00978607
0.36 -1.02 0.011875
0.36 -0.96 0.0142119
0.36 -0.9 0.0167749
0.36 -0.84 0.0195279
0.36 -0.78 0.0224203
0.36 -0.72 0.0253873
0.36 -0.66 0.0283519
0.36 -0.6 0.0312272
0.36 -0.54 0.0339215
0.36 -0.48 0.0363418
0.36 -0.42 0.0383994
0.36 -0.36 0.0400162
0.36 -0.3 0.0411276
0.36 -0.24 0.0416887
0.36 -0.18 0.0416766
0.36 -0.12 0.0410919
0.36 -0.06 0.0399585
0.36 9.71445e-15 0.0383227
0.36 0.06 0.0362481
0.36 0.12 0.0338147
0.36 0.18 0.0311113
0.36 0.24 0.0282304
0.36 0.3 0.025264
0.36 0.36 0.0222986
0.36 0.42 0.0194108
0.36 0.48 0.0166646
0.36 0.54 0.0141105
0.36 0.6 0.0117835
0.36 0.66 0.00970502
0.36 0.72 0.00788332
0.36 0.78 0.00631543
0.36 0.84 0.00498992
0.36 0.9 0.00388842
0.36 0.96 0.00298842
0.36 1.02 0.00226515
0.36 1.08 0.00169332
0.36 1.14 0.00124846
0.36 1.2 0.000907809
0.36 1.26 0.000651043
0.36 1.32 0.000460479
0.42 -1.74 0.000552754
0.42 -1.68 0.000781055
0.42 -1.62 0.00108849
0.42 -1.56 0.00149606
0.42 -1.5 0.00202799
0.42 -1.44 0.00271128
0.42 -1.38 0.00357493
0.42 -1.32 0.00464891
0.42 -1.26 0.00596248
0.42 -1.2 0.00754208
0.42 -1.14 0.00940895
0.42 -1.08 0.0115767
0.42 -1.02 0.0140479
0.42 -0.96 0.0168124
0.42 -0.9 0.0198444
0.42 -0.84 0.0231011
0.42 -0.78 0.0265227
0.42 -0.72 0.0300326
0.42 -0.66 0.0335396
0.42 -0.6 0.036941
0.42 -0.54 0.0401286
0.42 -0.48 0.0429915
0.42 -0.42 0.0454259
0.42 -0.36 0.0473382
0.42 -0.3 0.0486531
0.42 -0.24 0.049317
0.42 -0.18 0.0493028
0.42 -0.12 0.0486111
0.42 -0.06 0.0472702
0.42 9.71445e-15 0.045335
0.42 0.06 0.0428805
0.42 0.12 0.0400023
0.42 0.18 0.0368038
0.42 0.24 0.033396
0.42 0.3 0.0298869
0.42 0.36 0.0263789
0.42 0.42 0.0229626
0.42 0.48 0.0197139
0.42 0.54 0.0166925
0.42 0.6 0.0139396
0.42 0.66 0.0114808
0.42 0.72 0.00932579
0.42 0.78 0.00747106
0.42 0.84 0.00590294
0.42 0.9 0.00459991
0.42 0.96 0.00353523
0.42 1.02 0.00267963
0.42 1.08 0.00200316
0.42 1.14 0.00147689
0.42 1.2 0.00107392
0.42 1.26 0.000770167
0.42 1.32 0.000544738
0.42 1.38 0.000379992
0.48 -1.8 0.000450128
0.48 -1.74 0.000644912
0.48 -1.68 0.000911271
0.48 -1.62 0.00126995
0.48 -1.56 0.0017455
0.48 -1.5 0.00236609
0.48 -1.44 0.00316329
0.48 -1.38 0.00417095
0.48 -1.32 0.00542401
0.48 -1.26 0.00695659
0.48 -1.2 0.00879952
0.48 -1.14 0.0109776
0.48 -1.08 0.0135066
0.48 -1.02 0.01639
0.48 -0.96 0.0196152
0.48 -0.9 0.0231528
0.48 -0.84 0.0269526
0.48 -0.78 0.0309445
0.48 -0.72 0.0350396
0.48 -0.66 0.0391314
0.48 -0.6 0.0431
0.48 -0.54 0.0468188
0.48 -0.48 0.0501585
0.48 -0.42 0.0529994
0.48 -0.36 0.0552302
0.48 -0.3 0.0567644
0.48 -0.24 0.0575392
0.48 -0.18 0.0575227
0.48 -0.12 0.0567156
0.48 -0.06 0.0551512
0.48 9.71445e-15 0.052893
0.48 0.06 0.0500297
0.48 0.12 0.0466713
0.48 0.18 0.0429397
0.48 0.24 0.0389636
0.48 0.3 0.0348697
0.48 0.36 0.0307769
0.48 0.42 0.026791
0.48 0.48 0.0230007
0.48 0.54 0.0194755
0.48 0.6 0.0162635
0.48 0.66 0.013395
0.48 0.72 0.0108805
0.48 0.78 0.00871667
0.48 0.84 0.00688711
0.48 0.9 0.00536677
0.48 0.96 0.0041246
0.48 1.02 0.00312635
0.48 1.08 0.00233711
0.48 1.14 0.00172313
0.48 1.2 0.00125296
0.48 1.26 0.000898568
0.48 1.32 0.000635555
0.48 1.38 0.000443346
0.54 -1.8 0.000517958
0.54 -1.74 0.000742087
0.54 -1.68 0.00104858
0.54 -1.62 0.00146132
0.54 -1.56 0.00200851
0.54 -1.5 0.00272264
0.54 -1.44 0.00363993
0.54 -1.38 0.00479944
0.54 -1.32 0.00624133
0.54 -1.26 0.00800481
0.54 -1.2 0.0101254
0.54 -1.14 0.0126317
0.54 -1.08 0.0155419
0.54 -1.02 0.0188597
0.54 -0.96 0.0225711
0.54 -0.9 0.0266414
0.54 -0.84 0.0310138
0.54 -0.78 0.0356076
0.54 -0.72 0.0403198
0.54 -0.66 0.0450279
0.54 -0.6 0.0495941
0.54 -0.54 0.0538731
0.54 -0.48 0.057717
0.54 -0.42 0.0609849
0.54 -0.36 0.0635527
0.54 -0.3 0.0653175
0.54 -0.24 0.0662087
0.54 -0.18 0.0661898
0.54 -0.12 0.0652608
0.54 -0.06 0.0634612
0.54 9.71445e-15 0.0608628
0.54 0.06 0.0575687
0.54 0.12 0.0537031
0.54 0.18 0.04941
0.54 0.24 0.0448346
0.54 0.3 0.0401235
0.54 0.36 0.0354141
0.54 0.42 0.0308276
0.54 0.48 0.0264665
0.54 0.54 0.0224099
0.54 0.6 0.0187143
0.54 0.66 0.0154133
0.54 0.72 0.0125201
0.54 0.78 0.0100301
0.54 0.84 0.00792493
0.54 0.9 0.00617551
0.54 0.96 0.00474613
0.54 1.02 0.00359745
0.54 1.08 0.00268929
0.54 1.14 0.00198277
0.54 1.2 0.00144176
0.54 1.26 0.00103397
0.54 1.32 0.000731317
0.54 1.38 0.00051015
0.6 -1.8 0.000587807
0.6 -1.74 0.00084216
0.6 -1.68 0.00119001
0.6 -1.62 0.00165839
0.6 -1.56 0.00227938
0.6 -1.5 0.00308983
0.6 -1.44 0.00413088
0.6 -1.38 0.00544675
0.6 -1.32 0.00708306
0.6 -1.26 0.00908432
0.6 -1.2 0.011491
0.6 -1.14 0.0143354
0.6 -1.08 0.0176379
0.6 -1.02 0.0214031
0.6 -0.96 0.0256152
0.6 -0.9 0.0302347
0.6 -0.84 0.0351966
0.6 -0.78 0.0404095
0.6 -0.72 0.0457571
0.6 -0.66 0.0510998
0.6 -0.6 0.0562829
0.6 -0.54 0.061139
0.6 -0.48 0.0655011
0.6 -0.42 0.0692098
0.6 -0.36 0.0721227
0.6 -0.3 0.0741265
0.6 -0.24 0.075138
0.6 -0.18 0.0751163
0.6 -0.12 0.0740631
0.6 -0.06 0.0720205
0.6 9.71445e-15 0.069071
0.6 0.06 0.0653321
0.6 0.12 0.0609468
0.6 0.18 0.056073
0.6 0.24 0.0508809
0.6 0.3 0.0455348
0.6 0.36 0.0401901
0.6 0.42 0.0349854
0.6 0.48 0.0300361
0.6 0.54 0.0254322
0.6 0.6 0.0212382
0.6 0.66 0.0174919
0.6 0.72 0.0142085
0.6 0.78 0.0113828
0.6 0.84 0.00899366
0.6 0.9 0.00700834
0.6 0.96 0.00538619
0.6 1.02 0.00408258
0.6 1.08 0.00305198
0.6 1.14 0.00225016
0.6 1.2 0.00163622
0.6 1.26 0.0011734
0.6 1.32 0.000829946
0.6 1.38 0.000578948
0.66 -1.8 0.000657913
0.66 -1.74 0.00094261
0.66 -1.68 0.00133192
0.66 -1.62 0.00185619
0.66 -1.56 0.00255122
0.66 -1.5 0.00345832
0.66 -1.44 0.0046235
0.66 -1.38 0.00609629
0.66 -1.32 0.00792776
0.66 -1.26 0.0101678
0.66 -1.2 0.0128614
0.66 -1.14 0.0160449
0.66 -1.08 0.0197417
0.66 -1.02 0.0239557
0.66 -0.96 0.02867
0.66 -0.9 0.0338402
0.66 -0.84 0.0393943
0.66 -0.78 0.0452292
0.66 -0.72 0.0512144
0.66 -0.66 0.0571951
0.66 -0.6 0.0629955
0.66 -0.54 0.0684303
0.66 -0.48 0.0733131
0.66 -0.42 0.0774641
0.66 -0.36 0.0807256
0.66 -0.3 0.0829673
0.66 -0.24 0.0840991
0.66 -0.18 0.0840753
0.66 -0.12 0.0828957
0.66 -0.06 0.0806088
0.66 9.71445e-15 0.0773092
0.66 0.06 0.073124
0.66 0.12 0.068215
0.66 0.18 0.0627615
0.66 0.24 0.0569497
0.66 0.3 0.0509654
0.66 0.36 0.0449836
0.66 0.42 0.0391579
0.66 0.48 0.0336179
0.66 0.54 0.0284654
0.66 0.6 0.0237712
0.66 0.66 0.0195782
0.66 0.72 0.0159032
0.66 0.78 0.0127403
0.66 0.84 0.0100663
0.66 0.9 0.00784418
0.66 0.96 0.00602859
0.66 1.02 0.00456954
0.66 1.08 0.00341598
0.66 1.14 0.00251854
0.66 1.2 0.00183134
0.66 1.26 0.00131336
0.66 1.32 0.000928932
0.66 1.38 0.000647997
0.66 1.44 0.000445814
0.72 -1.86 0.000499942
0.72 -1.8 0.000726262
0.72 -1.74 0.00104052
0.72 -1.68 0.0014703
0.72 -1.62 0.00204898
0.72 -1.56 0.00281626
0.72 -1.5 0.00381759
0.72 -1.44 0.00510383
0.72 -1.38 0.00672966
0.72 -1.32 0.0087514
0.72 -1.26 0.0112241
0.72 -1.2 0.0141975
0.72 -1.14 0.0177118
0.72 -1.08 0.0217921
0.72 -1.02 0.0264444
0.72 -0.96 0.0316483
0.72 -0.9 0.037356
0.72 -0.84 0.0434868
0.72 -0.78 0.0499278
0.72 -0.72 0.0565349
0.72 -0.66 0.0631362
0.72 -0.6 0.0695397
0.72 -0.54 0.0755394
0.72 -0.48 0.0809288
0.72 -0.42 0.0855109
0.72 -0.36 0.0891107
0.72 -0.3 0.0915856
0.72 -0.24 0.0928358
0.72 -0.18 0.0928089
0.72 -0.12 0.0915074
0.72 -0.06 0.0889837
0.72 9.71445e-15 0.0853387
0.72 0.06 0.0807207
0.72 0.12 0.0753016
0.72 0.18 0.0692805
0.72 0.24 0.0628649
0.72 0.3 0.0562599
0.72 0.36 0.0496564
0.72 0.42 0.0432257
0.72 0.48 0.0371106
0.72 0.54 0.0314223
0.72 0.6 0.0262405
0.72 0.66 0.0216119
0.72 0.72 0.017555
0.72 0.78 0.0140639
0.72 0.84 0.0111121
0.72 0.9 0.00865906
0.72 0.96 0.00665481
0.72 1.02 0.00504416
0.72 1.08 0.00377084
0.72 1.14 0.00278017
0.72 1.2 0.00202159
0.72 1.26 0.00144979
0.72 1.32 0.00102543
0.72 1.38 0.000715314
0.72 1.44 0.000492124
0.78 -1.86 0.000544286
0.78 -1.8 0.00079068
0.78 -1.74 0.00113283
0.78 -1.68 0.00160071
0.78 -1.62 0.00223077
0.78 -1.56 0.00306608
0.78 -1.5 0.0041562
0.78 -1.44 0.00555654
0.78 -1.38 0.00732656
0.78 -1.32 0.00952765
0.78 -1.26 0.0122197
0.78 -1.2 0.015457
0.78 -1.14 0.019283
0.78 -1.08 0.0237254
0.78 -1.02 0.0287902
0.78 -0.96 0.0344556
0.78 -0.9 0.0406695
0.78 -0.84 0.047344
0.78 -0.78 0.054356
0.78 -0.72 0.0615493
0.78 -0.66 0.0687369
0.78 -0.6 0.075708
0.78 -0.54 0.0822405
0.78 -0.48 0.088107
0.78 -0.42 0.093097
0.78 -0.36 0.0970154
0.78 -0.3 0.0997107
0.78 -0.24 0.101072
0.78 -0.18 0.101043
0.78 -0.12 0.0996248
0.78 -0.06 0.096877
0.78 9.71445e-15 0.0929103
0.78 0.06 0.0878805
0.78 0.12 0.0819814
0.78 0.18 0.0754265
0.78 0.24 0.0684423
0.78 0.3 0.061251
0.78 0.36 0.0540616
0.78 0.42 0.0470602
0.78 0.48 0.0404024
0.78 0.54 0.03421
0.78 0.6 0.0285679
0.78 0.66 0.0235292
0.78 0.72 0.0191124
0.78 0.78 0.0153114
0.78 0.84 0.0120977
0.78 0.9 0.00942712
0.78 0.96 0.00724516
0.78 1.02 0.00549166
0.78 1.08 0.00410529
0.78 1.14 0.0030268
0.78 1.2 0.00220091
0.78 1.26 0.00157839
0.78 1.32 0.0011164
0.78 1.38 0.000778768
0.78 1.44 0.000535778
0.84 -1.86 0.000584425
0.84 -1.8 0.000848983
0.84 -1.74 0.00121636
0.84 -1.68 0.00171876
0.84 -1.62 0.00239527
0.84 -1.56 0.00329215
0.84 -1.5 0.00446271
0.84 -1.44 0.00596634
0.84 -1.38 0.00786688
0.84 -1.32 0.0102302
0.84 -1.26 0.0131207
0.84 -1.2 0.0165968
0.84 -1.14 0.020705
0.84 -1.08 0.025475
0.84 -1.02 0.030913
0.84 -0.96 0.0369966
0.84 -0.9 0.0436688
0.84 -0.84 0.0508354
0.84 -0.78 0.0583646
0.84 -0.72 0.066088
0.84 -0.66 0.0738051
0.84 -0.6 0.0812911
0.84 -0.54 0.0883046
0.84 -0.48 0.0946051
0.84 -0.42 0.0999622
0.84 -0.36 0.10417
0.84 -0.3 0.107063
0.84 -0.24 0.108524
0.84 -0.18 0.108493
0.84 -0.12 0.106972
0.84 -0.06 0.104021
0.84 9.71445e-15 0.0997618
0.84 0.06 0.0943605
0.84 0.12 0.0880273
0.84 0.18 0.0809883
0.84 0.24 0.0734892
0.84 0.3 0.0657675
0.84 0.36 0.0580481
0.84 0.42 0.0505306
0.84 0.48 0.0433818
0.84 0.54 0.0367326
0.84 0.6 0.0306749
0.84 0.66 0.0252642
0.84 0.72 0.0205217
0.84 0.78 0.0164405
0.84 0.84 0.0129897
0.84 0.9 0.0101223
0.84 0.96 0.0077794
0.84 1.02 0.00589663
0.84 1.08 0.00440805
0.84 1.14 0.00324998
0.84 1.2 0.00236323
0.84 1.26 0.00169478
0.84 1.32 0.00119872
0.84 1.38 0.00083619
0.84 1.44 0.000575282
0.9 -1.86 0.000618896
0.9 -1.8 0.000899062
0.9 -1.74 0.0012881
0.9 -1.68 0.00182015
0.9 -1.62 0.00253654
0.9 -1.56 0.00348635
0.9 -1.5 0.00472595
0.9 -1.44 0.00631827
0.9 -1.38 0.00833092
0.9 -1.32 0.0108337
0.9 -1.26 0.0138946
0.9 -1.2 0.0175757
0.9 -1.14 0.0219263
0.9 -1.08 0.0269776
0.9 -1.02 0.0327365
0.9 -0.96 0.0391789
0.9 -0.9 0.0462446
0.9 -0.84 0.0538339
0.9 -0.78 0.0618072
0.9 -0.72 0.0699864
0.9 -0.66 0.078158
0.9 -0.6 0.0860859
0.9 -0.54 0.0935132
0.9 -0.48 0.100185
0.9 -0.42 0.105858
0.9 -0.36 0.110313
0.9 -0.3 0.113378
0.9 -0.24 0.114925
0.9 -0.18 0.114892
0.9 -0.12 0.113281
0.9 -0.06 0.110157
0.9 9.71445e-15 0.105646
0.9 0.06 0.0999267
0.9 0.12 0.0932194
0.9 0.18 0.085765
0.9 0.24 0.0778235
0.9 0.3 0.0696463
0.9 0.36 0.0614718
0.9 0.42 0.053511
0.9 0.48 0.0459408
0.9 0.54 0.038899
0.9 0.6 0.0324843
0.9 0.66 0.0267543
0.9 0.72 0.0217322
0.9 0.78 0.0174103
0.9 0.84 0.013756
0.9 0.9 0.0107194
0.9 0.96 0.00823827
0.9 1.02 0.00624441
0.9 1.08 0.00466806
0.9 1.14 0.00344166
0.9 1.2 0.00250263
0.9 1.26 0.00179474
0.9 1.32 0.00126942
0.9 1.38 0.000885512
0.9 1.44 0.000609214
0.96 -1.86 0.000646394
0.96 -1.8 0.000939009
0.96 -1.74 0.00134533
0.96 -1.68 0.00190101
0.96 -1.62 0.00264922
0.96 -1.56 0.00364125
0.96 -1.5 0.00493589
0.96 -1.44 0.00659896
0.96 -1.38 0.00870105
0.96 -1.32 0.011315
0.96 -1.26 0.014512
0.96 -1.2 0.0183565
0.96 -1.14 0.0229004
0.96 -1.08 0.0281759
0.96 -1.02 0.034191
0.96 -0.96 0.0409194
0.96 -0.9 0.0482991
0.96 -0.84 0.0562257
0.96 -0.78 0.0645534
0.96 -0.72 0.0730959
0.96 -0.66 0.0816308
0.96 -0.6 0.0899106
0.96 -0.54 0.0976678
0.96 -0.48 0.104636
0.96 -0.42 0.110561
0.96 -0.36 0.115214
0.96 -0.3 0.118415
0.96 -0.24 0.120031
0.96 -0.18 0.119996
0.96 -0.12 0.118314
0.96 -0.06 0.115051
0.96 9.71445e-15 0.110339
0.96 0.06 0.104367
0.96 0.12 0.0973607
0.96 0.18 0.0895755
0.96 0.24 0.0812807
0.96 0.3 0.0727406
0.96 0.36 0.0642027
0.96 0.42 0.0558883
0.96 0.48 0.0479818
0.96 0.54 0.0406272
0.96 0.6 0.0339273
0.96 0.66 0.0279429
0.96 0.72 0.0226977
0.96 0.78 0.0181838
0.96 0.84 0.0143672
0.96 0.9 0.0111956
0.96 0.96 0.00860426
0.96 1.02 0.00652179
0.96 1.08 0.00487545
0.96 1.14 0.00359458
0.96 1.2 0.00261381
0.96 1.26 0.00187448
0.96 1.32 0.00132581
0.96 1.38 0.000924856
0.96 1.44 0.000636284
1.02 -1.86 0.000665835
1.02 -1.8 0.00096725
1.02 -1.74 0.00138579
1.02 -1.68 0.00195817
1.02 -1.62 0.00272889
1.02 -1.56 0.00375074
1.02 -1.5 0.00508434
1.02 -1.44 0.00679737
1.02 -1.38 0.00896269
1.02 -1.32 0.0116553
1.02 -1.26 0.0149484
1.02 -1.2 0.0189085
1.02 -1.14 0.0235889
1.02 -1.08 0.0290234
1.02 -1.02 0.0352191
1.02 -0.96 0.0421499
1.02 -0.9 0.0497514
1.02 -0.84 0.0579166
1.02 -0.78 0.0664949
1.02 -0.72 0.0752943
1.02 -0.66 0.0840858
1.02 -0.6 0.0926144
1.02 -0.54 0.100604
1.02 -0.48 0.107783
1.02 -0.42 0.113885
1.02 -0.36 0.118679
1.02 -0.3 0.121975
1.02 -0.24 0.12364
1.02 -0.18 0.123605
1.02 -0.12 0.121872
1.02 -0.06 0.11851
1.02 9.71445e-15 0.113656
1.02 0.06 0.107505
1.02 0.12 0.100288
1.02 0.18 0.0922696
1.02 0.24 0.0837244
1.02 0.3 0.0749276
1.02 0.36 0.0661334
1.02 0.42 0.057569
1.02 0.48 0.0494246
1.02 0.54 0.0418486
1.02 0.6 0.0349477
1.02 0.66 0.0287832
1.02 0.72 0.0233801
1.02 0.78 0.0187306
1.02 0.84 0.0147993
1.02 0.9 0.0115323
1.02 0.96 0.008863
1.02 1.02 0.00671794
1.02 1.08 0.00502209
1.02 1.14 0.00370267
1.02 1.2 0.00269239
1.02 1.26 0.00193086
1.02 1.32 0.00136567
1.02 1.38 0.000952666
1.02 1.44 0.000655419
1.08 -1.86 0.000676429
1.08 -1.8 0.000982637
1.08 -1.74 0.00140784
1.08 -1.68 0.00198932
1.08 -1.62 0.00277234
1.08 -1.56 0.00381038
1.08 -1.5 0.00516525
1.08 -1.44 0.00690553
1.08 -1.38 0.00910521
1.08 -1.32 0.0118406
1.08 -1.26 0.0151861
1.08 -1.2 0.0192093
1.08 -1.14 0.0239642
1.08 -1.08 0.0294854
1.08 -1.02 0.0357791
1.08 -0.96 0.0428207
1.08 -0.9 0.0505429
1.08 -0.84 0.0588379
1.08 -0.78 0.0675528
1.08 -0.72 0.0764922
1.08 -0.66 0.0854239
1.08 -0.6 0.0940877
1.08 -0.54 0.102205
1.08 -0.48 0.109498
1.08 -0.42 0.115697
1.08 -0.36 0.120568
1.08 -0.3 0.123916
1.08 -0.24 0.125607
1.08 -0.18 0.125571
1.08 -0.12 0.12381
1.08 -0.06 0.120395
1.08 9.71445e-15 0.115466
1.08 0.06 0.109216
1.08 0.12 0.101884
1.08 0.18 0.093738
1.08 0.24 0.0850577
1.08 0.3 0.07612
1.08 0.36 0.0671854
1.08 0.42 0.0584847
1.08 0.48 0.0502106
1.08 0.54 0.0425148
1.08 0.6 0.0355039
1.08 0.66 0.0292411
1.08 0.72 0.0237522
1.08 0.78 0.0190284
1.08 0.84 0.0150347
1.08 0.9 0.0117158
1.08 0.96 0.00900403
1.08 1.02 0.00682489
1.08 1.08 0.005102
1.08 1.14 0.00376157
1.08 1.2 0.00273524
1.08 1.26 0.00196159
1.08 1.32 0.00138742
1.08 1.38 0.000967815
1.08 1.44 0.000665846
1.14 -1.86 0.000677741
1.14 -1.8 0.000984545
1.14 -1.74 0.00141059
1.14 -1.68 0.00199319
1.14 -1.62 0.00277772
1.14 -1.56 0.00381785
1.14 -1.5 0.00517524
1.14 -1.44 0.00691896
1.14 -1.38 0.00912298
1.14 -1.32 0.0118637
1.14 -1.26 0.0152159
1.14 -1.2 0.0192469
1.14 -1.14 0.0240109
1.14 -1.08 0.0295426
1.14 -1.02 0.0358493
1.14 -0.96 0.0429036
1.14 -0.9 0.0506414
1.14 -0.84 0.0589524
1.14 -0.78 0.0676838
1.14 -0.72 0.0766405
1.14 -0.66 0.0855905
1.14 -0.6 0.0942711
1.14 -0.54 0.102405
1.14 -0.48 0.10971
1.14 -0.42 0.115924
1.14 -0.36 0.120803
1.14 -0.3 0.124158
1.14 -0.24 0.125853
1.14 -0.18 0.125817
1.14 -0.12 0.124052
1.14 -0.06 0.12063
1.14 9.71445e-15 0.115691
1.14 0.06 0.109428
1.14 0.12 0.102083
1.14 0.18 0.0939204
1.14 0.24 0.0852235
1.14 0.3 0.076269
1.14 0.36 0.067317
1.14 0.42 0.058599
1.14 0.48 0.0503085
1.14 0.54 0.0425979
1.14 0.6 0.0355726
1.14 0.66 0.0292983
1.14 0.72 0.0237986
1.14 0.78 0.0190656
1.14 0.84 0.0150639
1.14 0.9 0.0117385
1.14 0.96 0.00902157
1.14 1.02 0.00683815
1.14 1.08 0.00511189
1.14 1.14 0.00376894
1.14 1.2 0.00274056
1.14 1.26 0.0019654
1.14 1.32 0.00139013
1.14 1.38 0.000969713
1.14 1.44 0.000667145
1.2 -1.86 0.00066973
1.2 -1.8 0.000972913
1.2 -1.74 0.0013939
1.2 -1.68 0.00196962
1.2 -1.62 0.00274488
1.2 -1.56 0.00377269
1.2 -1.5 0.00511413
1.2 -1.44 0.00683716
1.2 -1.38 0.00901507
1.2 -1.32 0.0117235
1.2 -1.26 0.0150359
1.2 -1.2 0.019019
1.2 -1.14 0.0237271
1.2 -1.08 0.0291933
1.2 -1.02 0.0354252
1.2 -0.96 0.0423969
1.2 -0.9 0.0500423
1.2 -0.84 0.0582552
1.2 -0.78 0.066884
1.2 -0.72 0.0757352
1.2 -0.66 0.0845786
1.2 -0.6 0.0931557
1.2 -0.54 0.101194
1.2 -0.48 0.108414
1.2 -0.42 0.114551
1.2 -0.36 0.119375
1.2 -0.3 0.12269
1.2 -0.24 0.124364
1.2 -0.18 0.124328
1.2 -0.12 0.122583
1.2 -0.06 0.119204
1.2 9.71445e-15 0.114323
1.2 0.06 0.108135
1.2 0.12 0.100875
1.2 0.18 0.0928097
1.2 0.24 0.0842158
1.2 0.3 0.0753666
1.2 0.36 0.0665202
1.2 0.42 0.0579052
1.2 0.48 0.0497136
1.2 0.54 0.042094
1.2 0.6 0.0351524
1.2 0.66 0.0289516
1.2 0.72 0.0235173
1.2 0.78 0.0188401
1.2 0.84 0.0148859
1.2 0.9 0.0115999
1.2 0.96 0.00891497
1.2 1.02 0.00675731
1.2 1.08 0.00505148
1.2 1.14 0.00372436
1.2 1.2 0.00270816
1.2 1.26 0.00194216
1.2 1.32 0.00137368
1.2 1.38 0.000958242
1.2 1.44 0.000659259
1.26 -1.86 0.000652716
1.26 -1.8 0.000948189
1.26 -1.74 0.0013585
1.26 -1.68 0.00191959
1.26 -1.62 0.00267514
1.26 -1.56 0.00367683
1.26 -1.5 0.00498415
1.26 -1.44 0.00666344
1.26 -1.38 0.00878609
1.26 -1.32 0.0114256
1.26 -1.26 0.0146539
1.26 -1.2 0.018536
1.26 -1.14 0.0231241
1.26 -1.08 0.0284516
1.26 -1.02 0.0345251
1.26 -0.96 0.0413193
1.26 -0.9 0.0487712
1.26 -0.84 0.0567755
1.26 -0.78 0.0651847
1.26 -0.72 0.0738105
1.26 -0.66 0.0824295
1.26 -0.6 0.0907899
1.26 -0.54 0.0986222
1.26 -0.48 0.105659
1.26 -0.42 0.111642
1.26 -0.36 0.116342
1.26 -0.3 0.119572
1.26 -0.24 0.121205
1.26 -0.18 0.12117
1.26 -0.12 0.119471
1.26 -0.06 0.116175
1.26 9.71445e-15 0.111418
1.26 0.06 0.105387
1.26 0.12 0.0983124
1.26 0.18 0.0904521
1.26 0.24 0.0820753
1.26 0.3 0.0734519
1.26 0.36 0.0648308
1.26 0.42 0.0564349
1.26 0.48 0.0484507
1.26 0.54 0.0410244
1.26 0.6 0.0342591
1.26 0.66 0.0282163
1.26 0.72 0.0229194
1.26 0.78 0.0183615
1.26 0.84 0.0145076
1.26 0.9 0.011305
1.26 0.96 0.00868835
1.26 1.02 0.00658561
1.26 1.08 0.00492314
1.26 1.14 0.00362974
1.26 1.2 0.00263935
1.26 1.26 0.00189283
1.26 1.32 0.00133878
1.26 1.38 0.000933897
1.26 1.44 0.000642506
1.32 -1.86 0.000627383
1.32 -1.8 0.000911396
1.32 -1.74 0.00130577
1.32 -1.68 0.00184511
1.32 -1.62 0.00257132
1.32 -1.56 0.00353418
1.32 -1.5 0.00479076
1.32 -1.44 0.00640491
1.32 -1.38 0.00844517
1.32 -1.32 0.0109823
1.32 -1.26 0.0140853
1.32 -1.2 0.0178166
1.32 -1.14 0.022227
1.32 -1.08 0.0273473
1.32 -1.02 0.0331856
1.32 -0.96 0.0397161
1.32 -0.9 0.0468787
1.32 -0.84 0.0545721
1.32 -0.78 0.0626549
1.32 -0.72 0.0709463
1.32 -0.66 0.0792306
1.32 -0.6 0.0872663
1.32 -0.54 0.0947961
1.32 -0.48 0.101559
1.32 -0.42 0.107309
1.32 -0.36 0.111826
1.32 -0.3 0.114933
1.32 -0.24 0.116502
1.32 -0.18 0.116468
1.32 -0.12 0.114834
1.32 -0.06 0.111668
1.32 9.71445e-15 0.107094
1.32 0.06 0.101298
1.32 0.12 0.0944974
1.32 0.18 0.0869413
1.32 0.24 0.078891
1.32 0.3 0.0706019
1.32 0.36 0.0623149
1.32 0.42 0.0542446
1.32 0.48 0.0465708
1.32 0.54 0.0394327
1.32 0.6 0.0329297
1.32 0.66 0.0271212
1.32 0.72 0.0220303
1.32 0.78 0.0176491
1.32 0.84 0.0139447
1.32 0.9 0.0108664
1.32 0.96 0.00835128
1.32 1.02 0.00633003
1.32 1.08 0.00473207
1.32 1.14 0.00348889
1.32 1.2 0.00253694
1.32 1.26 0.00181935
1.32 1.32 0.00128683
1.32 1.38 0.000897662
1.32 1.44 0.000617574
1.38 -1.86 0.000594748
1.38 -1.8 0.000863983
1.38 -1.74 0.00123786
1.38 -1.68 0.00174912
1.38 -1.62 0.00243759
1.38 -1.56 0.00335034
1.38 -1.5 0.00454155
1.38 -1.44 0.00607171
1.38 -1.38 0.0080058
1.38 -1.32 0.0104109
1.38 -1.26 0.0133526
1.38 -1.2 0.01689
1.38 -1.14 0.0210707
1.38 -1.08 0.0259251
1.38 -1.02 0.0314594
1.38 -0.96 0.0376501
1.38 -0.9 0.0444401
1.38 -0.84 0.0517332
1.38 -0.78 0.0593954
1.38 -0.72 0.0672558
1.38 -0.66 0.0751094
1.38 -0.6 0.0827269
1.38 -0.54 0.0898652
1.38 -0.48 0.096276
1.38 -0.42 0.101728
1.38 -0.36 0.10601
1.38 -0.3 0.108955
1.38 -0.24 0.110442
1.38 -0.18 0.11041
1.38 -0.12 0.108861
1.38 -0.06 0.105859
1.38 9.71445e-15 0.101524
1.38 0.06 0.0960278
1.38 0.12 0.0895821
1.38 0.18 0.0824193
1.38 0.24 0.0747879
1.38 0.3 0.0669296
1.38 0.36 0.0590737
1.38 0.42 0.0514231
1.38 0.48 0.044148
1.38 0.54 0.0373817
1.38 0.6 0.0312167
1.38 0.66 0.0257105
1.38 0.72 0.0208845
1.38 0.78 0.016731
1.38 0.84 0.0132192
1.38 0.9 0.0103012
1.38 0.96 0.0079169
1.38 1.02 0.00600082
1.38 1.08 0.00448591
1.38 1.14 0.00330741
1.38 1.2 0.00240497
1.38 1.26 0.00172473
1.38 1.32 0.0012199
1.38 1.38 0.000850967
1.38 1.44 0.00058545
1.44 -1.86 0.000556065
1.44 -1.8 0.000807783
1.44 -1.74 0.00115733
1.44 -1.68 0.00163535
1.44 -1.62 0.00227904
1.44 -1.56 0.00313239
1.44 -1.5 0.00424615
1.44 -1.44 0.0056768
1.44 -1.38 0.0074851
1.44 -1.32 0.00973373
1.44 -1.26 0.012484
1.44 -1.2 0.0157913
1.44 -1.14 0.0197001
1.44 -1.08 0.0242388
1.44 -1.02 0.0294129
1.44 -0.96 0.0352013
1.44 -0.9 0.0415496
1.44 -0.84 0.0483683
1.44 -0.78 0.0555324
1.44 -0.72 0.062881
1.44 -0.66 0.0702237
1.44 -0.6 0.077346
1.44 -0.54 0.0840193
1.44 -0.48 0.0900142
1.44 -0.42 0.0951111
1.44 -0.36 0.0991147
1.44 -0.3 0.101868
1.44 -0.24 0.103258
1.44 -0.18 0.103228
1.44 -0.12 0.10178
1.44 -0.06 0.0989727
1.44 9.71445e-15 0.0949206
1.44 0.06 0.0897814
1.44 0.12 0.0837554
1.44 0.18 0.0770583
1.44 0.24 0.069923
1.44 0.3 0.0625759
1.44 0.36 0.0552311
1.44 0.42 0.0480783
1.44 0.48 0.0412765
1.44 0.54 0.0349501
1.44 0.6 0.0291864
1.44 0.66 0.0240381
1.44 0.72 0.0195259
1.44 0.78 0.0156426
1.44 0.84 0.0123594
1.44 0.9 0.00963109
1.44 0.96 0.0074019
1.44 1.02 0.00561049
1.44 1.08 0.00419415
1.44 1.14 0.00309226
1.44 1.2 0.00224855
1.44 1.26 0.00161254
1.44 1.32 0.00114055
1.44 1.38 0.000795611
1.44 1.44 0.000547366
1.5 -1.86 0.000512748
1.5 -1.8 0.00074486
1.5 -1.74 0.00106718
1.5 -1.68 0.00150797
1.5 -1.62 0.0021015
1.5 -1.56 0.00288839
1.5 -1.5 0.00391539
1.5 -1.44 0.0052346
1.5 -1.38 0.00690205
1.5 -1.32 0.00897554
1.5 -1.26 0.0115115
1.5 -1.2 0.0145612
1.5 -1.14 0.0181656
1.5 -1.08 0.0223506
1.5 -1.02 0.0271217
1.5 -0.96 0.0324592
1.5 -0.9 0.0383131
1.5 -0.84 0.0446007
1.5 -0.78 0.0512065
1.5 -0.72 0.0579827
1.5 -0.66 0.0647531
1.5 -0.6 0.0713211
1.5 -0.54 0.0774742
1.5 -0.48 0.0830023
1.5 -0.42 0.0877021
1.5 -0.36 0.0913934
1.5 -0.3 0.0939321
1.5 -0.24 0.095214
1.5 -0.18 0.095187
1.5 -0.12 0.093852
1.5 -0.06 0.0912633
1.5 9.71445e-15 0.0875263
1.5 0.06 0.0827878
1.5 0.12 0.0772311
1.5 0.18 0.0710553
1.5 0.24 0.064476
1.5 0.3 0.0577013
1.5 0.36 0.0509287
1.5 0.42 0.0443332
1.5 0.48 0.0380613
1.5 0.54 0.0322275
1.5 0.6 0.0269128
1.5 0.66 0.0221656
1.5 0.72 0.0180048
1.5 0.78 0.0144242
1.5 0.84 0.0113966
1.5 0.9 0.00888087
1.5 0.96 0.00682528
1.5 1.02 0.00517343
1.5 1.08 0.00386743
1.5 1.14 0.00285138
1.5 1.2 0.00207339
1.5 1.26 0.00148693
1.5 1.32 0.0010517
1.5 1.38 0.000733633
1.5 1.44 0.000504725
1.56 -1.86 0.000466309
1.56 -1.8 0.0006774
1.56 -1.74 0.000970527
1.56 -1.68 0.00137139
1.56 -1.62 0.00191115
1.56 -1.56 0.00262679
1.56 -1.5 0.00356074
1.56 -1.44 0.00476048
1.56 -1.38 0.00627693
1.56 -1.32 0.00816263
1.56 -1.26 0.0104689
1.56 -1.2 0.0132424
1.56 -1.14 0.0165203
1.56 -1.08 0.0203262
1.56 -1.02 0.0246653
1.56 -0.96 0.0295191
1.56 -0.9 0.034843
1.56 -0.84 0.0405613
1.56 -0.78 0.0465688
1.56 -0.72 0.0527312
1.56 -0.66 0.0588886
1.56 -0.6 0.0648616
1.56 -0.54 0.0704572
1.56 -0.48 0.0754842
1.56 -0.42 0.0797588
1.56 -0.36 0.0831156
1.56 -0.3 0.0854242
1.56 -0.24 0.0865902
1.56 -0.18 0.0865658
1.56 -0.12 0.0853517
1.56 -0.06 0.0829973
1.56 9.71445e-15 0.0795985
1.56 0.06 0.0752899
1.56 0.12 0.0702361
1.56 0.18 0.0646201
1.56 0.24 0.058636
1.56 0.3 0.0524751
1.56 0.36 0.046316
1.56 0.42 0.0403179
1.56 0.48 0.034614
1.56 0.54 0.0293085
1.56 0.6 0.0244751
1.56 0.66 0.0201581
1.56 0.72 0.016374
1.56 0.78 0.0131177
1.56 0.84 0.0103645
1.56 0.9 0.00807647
1.56 0.96 0.00620707
1.56 1.02 0.00470483
1.56 1.08 0.00351715
1.56 1.14 0.00259313
1.56 1.2 0.0018856
1.56 1.26 0.00135226
1.56 1.32 0.000956443
1.56 1.38 0.000667187
1.62 -1.8 0.000607579
1.62 -1.74 0.000870494
1.62 -1.68 0.00123002
1.62 -1.62 0.00171418
1.62 -1.56 0.00235603
1.62 -1.5 0.00319374
1.62 -1.44 0.00426977
1.62 -1.38 0.00562992
1.62 -1.32 0.00732127
1.62 -1.26 0.00938987
1.62 -1.2 0.0118775
1.62 -1.14 0.0148173
1.62 -1.08 0.0182312
1.62 -1.02 0.0221229
1.62 -0.96 0.0264766
1.62 -0.9 0.0312514
1.62 -0.84 0.0363805
1.62 -0.78 0.041769
1.62 -0.72 0.0472962
1.62 -0.66 0.0528191
1.62 -0.6 0.0581761
1.62 -0.54 0.0631947
1.62 -0.48 0.0677042
1.62 -0.42 0.0715377
1.62 -0.36 0.0745493
1.62 -0.3 0.0766192
1.62 -0.24 0.0776649
1.62 -0.18 0.0776431
1.62 -0.12 0.076554
1.62 -0.06 0.0744419
1.62 9.71445e-15 0.0713942
1.62 0.06 0.0675296
1.62 0.12 0.0629962
1.62 0.18 0.0579598
1.62 0.24 0.0525923
1.62 0.3 0.0470662
1.62 0.36 0.0415421
1.62 0.42 0.0361622
1.62 0.48 0.0310461
1.62 0.54 0.0262874
1.62 0.6 0.0219525
1.62 0.66 0.0180804
1.62 0.72 0.0146863
1.62 0.78 0.0117656
1.62 0.84 0.00929618
1.62 0.9 0.00724404
1.62 0.96 0.00556732
1.62 1.02 0.00421993
1.62 1.08 0.00315464
1.62 1.14 0.00232585
1.62 1.2 0.00169123
1.62 1.26 0.00121288
1.62 1.32 0.000857856
1.62 1.38 0.00059842
1.68 -1.8 0.00053746
1.68 -1.74 0.000770033
1.68 -1.68 0.00108808
1.68 -1.62 0.00151636
1.68 -1.56 0.00208414
1.68 -1.5 0.00282517
1.68 -1.44 0.00377704
1.68 -1.38 0.00498018
1.68 -1.32 0.00647633
1.68 -1.26 0.00830624
1.68 -1.2 0.0105068
1.68 -1.14 0.0131075
1.68 -1.08 0.0161273
1.68 -1.02 0.0195699
1.68 -0.96 0.0234211
1.68 -0.9 0.0276449
1.68 -0.84 0.0321817
1.68 -0.78 0.0369484
1.68 -0.72 0.041838
1.68 -0.66 0.0467236
1.68 -0.6 0.0514619
1.68 -0.54 0.0559025
1.68 -0.48 0.0598908
1.68 -0.42 0.0632821
1.68 -0.36 0.0659462
1.68 -0.3 0.0677779
1.68 -0.24 0.0687028
1.68 -0.18 0.068683
1.68 -0.12 0.0677194
1.68 -0.06 0.0658515
1.68 9.71445e-15 0.0631555
1.68 0.06 0.0597363
1.68 0.12 0.0557265
1.68 0.18 0.0512709
1.68 0.24 0.0465234
1.68 0.3 0.041635
1.68 0.36 0.036748
1.68 0.42 0.0319888
1.68 0.48 0.0274632
1.68 0.54 0.0232541
1.68 0.6 0.0194191
1.68 0.66 0.0159938
1.68 0.72 0.0129916
1.68 0.78 0.0104078
1.68 0.84 0.00822332
1.68 0.9 0.00640807
1.68 0.96 0.00492488
1.68 1.02 0.00373295
1.68 1.08 0.00279057
1.68 1.14 0.00205744
1.68 1.2 0.00149606
1.68 1.26 0.00107291
1.68 1.32 0.000758867
1.68 1.38 0.000529361
1.74 -1.8 0.000468906
1.74 -1.74 0.00067181
1.74 -1.68 0.000949284
1.74 -1.62 0.00132292
1.74 -1.56 0.0018183
1.74 -1.5 0.0024648
1.74 -1.44 0.00329524
1.74 -1.38 0.00434495
1.74 -1.32 0.00565028
1.74 -1.26 0.00724675
1.74 -1.2 0.00916648
1.74 -1.14 0.0114355
1.74 -1.08 0.01407
1.74 -1.02 0.0170737
1.74 -0.96 0.0204335
1.74 -0.9 0.0241185
1.74 -0.84 0.0280768
1.74 -0.78 0.0322355
1.74 -0.72 0.0365014
1.74 -0.66 0.0407636
1.74 -0.6 0.0448976
1.74 -0.54 0.0487715
1.74 -0.48 0.0522511
1.74 -0.42 0.0552096
1.74 -0.36 0.057534
1.74 -0.3 0.0591316
1.74 -0.24 0.0599389
1.74 -0.18 0.0599216
1.74 -0.12 0.0590809
1.74 -0.06 0.0574516
1.74 9.71445e-15 0.0550986
1.74 0.06 0.0521168
1.74 0.12 0.0486177
1.74 0.18 0.0447307
1.74 0.24 0.0405884
1.74 0.3 0.0363239
1.74 0.36 0.0320604
1.74 0.42 0.0279083
1.74 0.48 0.0239602
1.74 0.54 0.0202876
1.74 0.6 0.016942
1.74 0.66 0.0139536
1.74 0.72 0.0113343
1.74 0.78 0.00908027
1.74 0.84 0.00717443
1.74 0.9 0.00559067
1.74 0.96 0.00429665
1.74 1.02 0.00325675
1.74 1.08 0.00243461
1.74 1.14 0.001795
1.74 1.2 0.00130522
1.74 1.26 0.000936045
1.74 1.32 0.000662059
1.74 1.38 0.000461839
1.8 -1.8 0.000403464
1.8 -1.74 0.000578054
1.8 -1.68 0.000816811
1.8 -1.62 0.00113831
1.8 -1.56 0.00156454
1.8 -1.5 0.00212083
1.8 -1.44 0.0028354
1.8 -1.38 0.00373859
1.8 -1.32 0.00486173
1.8 -1.26 0.00623537
1.8 -1.2 0.00788731
1.8 -1.14 0.00983966
1.8 -1.08 0.0121066
1.8 -1.02 0.0146908
1.8 -0.96 0.017582
1.8 -0.9 0.0207528
1.8 -0.84 0.0241586
1.8 -0.78 0.0277368
1.8 -0.72 0.0314072
1.8 -0.66 0.0350745
1.8 -0.6 0.0386321
1.8 -0.54 0.0419651
1.8 -0.48 0.0449594
1.8 -0.42 0.0475052
1.8 -0.36 0.0495047
1.8 -0.3 0.0508797
1.8 -0.24 0.0515741
1.8 -0.18 0.0515594
1.8 -0.12 0.0508363
1.8 -0.06 0.0494341
1.8 9.71445e-15 0.04741
1.8 0.06 0.0448432
1.8 0.12 0.0418334
1.8 0.18 0.0384882
1.8 0.24 0.0349244
1.8 0.3 0.0312548
1.8 0.36 0.0275863
1.8 0.42 0.0240137
1.8 0.48 0.0206164
1.8 0.54 0.0174565
1.8 0.6 0.0145777
1.8 0.66 0.0120063
1.8 0.72 0.00975258
1.8 0.78 0.00781305
1.8 0.84 0.00617314
1.8 0.9 0.00481045
1.8 0.96 0.00369701
1.8 1.02 0.00280227
1.8 1.08 0.00209485
1.8 1.14 0.00154449
1.8 1.2 0.00112308
1.8 1.26 0.000805416
1.8 1.32 0.000569669
1.86 -1.74 0.000490549
1.86 -1.68 0.000693157
1.86 -1.62 0.000965992
1.86 -1.56 0.0013277
1.86 -1.5 0.00179978
1.86 -1.44 0.00240616
1.86 -1.38 0.00317262
1.86 -1.32 0.00412577
1.86 -1.26 0.0052915
1.86 -1.2 0.00669325
1.86 -1.14 0.00835012
1.86 -1.08 0.0102738
1.86 -1.02 0.012467
1.86 -0.96 0.0149205
1.86 -0.9 0.0176111
1.86 -0.84 0.0205014
1.86 -0.78 0.0235381
1.86 -0.72 0.0266531
1.86 -0.66 0.0297653
1.86 -0.6 0.0327837
1.86 -0.54 0.0356125
1.86 -0.48 0.0381534
1.86 -0.42 0.0403133
1.86 -0.36 0.042011
1.86 -0.3 0.0431778
1.86 -0.24 0.0437668
1.86 -0.18 0.043754
1.86 -0.12 0.04314
1.86 -0.06 0.0419507
1.86 9.71445e-15 0.040233
1.86 0.06 0.0380553
1.86 0.12 0.0355002
1.86 0.18 0.0326621
1.86 0.24 0.0296376
1.86 0.3 0.0265234
1.86 0.36 0.0234101
1.86 0.42 0.0203783
1.86 0.48 0.0174954
1.86 0.54 0.0148139
1.86 0.6 0.012371
1.86 0.66 0.0101888
1.86 0.72 0.00827631
1.86 0.78 0.00663029
1.86 0.84 0.0052387
1.86 0.9 0.00408228
1.86 0.96 0.0031374
1.86 1.02 0.00237806
1.86 1.08 0.00177774
1.86 1.14 0.00131069
1.86 1.2 0.000953066
1.86 1.26 0.000683494
1.86 1.32 0.000483433
1.92 -1.74 0.00041057
1.92 -1.68 0.00058014
1.92 -1.62 0.000808493
1.92 -1.56 0.00111123
1.92 -1.5 0.00150633
1.92 -1.44 0.00201383
1.92 -1.38 0.00265535
1.92 -1.32 0.00345307
1.92 -1.26 0.00442875
1.92 -1.2 0.00560202
1.92 -1.14 0.00698859
1.92 -1.08 0.00859878
1.92 -1.02 0.0104343
1.92 -0.96 0.0124877
1.92 -0.9 0.0147397
1.92 -0.84 0.0171589
1.92 -0.78 0.0197003
1.92 -0.72 0.0223072
1.92 -0.66 0.0249122
1.92 -0.6 0.0274388
1.92 -0.54 0.0298059
1.92 -0.48 0.0319327
1.92 -0.42 0.0337408
1.92 -0.36 0.0351613
1.92 -0.3 0.0361376
1.92 -0.24 0.0366308
1.92 -0.18 0.0366204
1.92 -0.12 0.0361067
1.92 -0.06 0.0351104
1.92 9.71445e-15 0.0336732
1.92 0.06 0.0318503
1.92 0.12 0.0297122
1.92 0.18 0.0273368
1.92 0.24 0.0248053
1.92 0.3 0.0221988
1.92 0.36 0.0195934
1.92 0.42 0.0170559
1.92 0.48 0.0146429
1.92 0.54 0.0123985
1.92 0.6 0.0103539
1.92 0.66 0.00852762
1.92 0.72 0.00692685
1.92 0.78 0.00554923
1.92 0.84 0.00438454
1.92 0.9 0.00341665
1.92 0.96 0.00262584
1.92 1.02 0.00199034
1.92 1.08 0.00148789
1.92 1.14 0.00109699
1.92 1.2 0.000797669
1.92 1.26 0.000572057
1.92 1.32 0.00040461
1.98 -1.74 0.000338903
1.98 -1.68 0.00047888
1.98 -1.62 0.000667368
1.98 -1.56 0.000917264
1.98 -1.5 0.00124341
1.98 -1.44 0.00166233
1.98 -1.38 0.00219187
1.98 -1.32 0.00285036
1.98 -1.26 0.0036557
1.98 -1.2 0.00462418
1.98 -1.14 0.00576879
1.98 -1.08 0.00709784
1.98 -1.02 0.00861302
1.98 -0.96 0.010308
1.98 -0.9 0.012167
1.98 -0.84 0.0141638
1.98 -0.78 0.0162617
1.98 -0.72 0.0184136
1.98 -0.66 0.0205637
1.98 -0.6 0.0226494
1.98 -0.54 0.0246033
1.98 -0.48 0.0263589
1.98 -0.42 0.0278513
1.98 -0.36 0.0290237
1.98 -0.3 0.0298296
1.98 -0.24 0.0302367
1.98 -0.18 0.0302283
1.98 -0.12 0.0298044
1.98 -0.06 0.0289822
1.98 9.71445e-15 0.0277954
1.98 0.06 0.026291
1.98 0.12 0.024526
1.98 0.18 0.0225651
1.98 0.24 0.0204753
1.98 0.3 0.018324
1.98 0.36 0.0161733
1.98 0.42 0.0140788
1.98 0.48 0.0120871
1.98 0.54 0.0102343
1.98 0.6 0.00854667
1.98 0.66 0.00703911
1.98 0.72 0.00571775
1.98 0.78 0.00458066
1.98 0.84 0.00361924
1.98 0.9 0.00282029
1.98 0.96 0.0021675
1.98 1.02 0.00164291
1.98 1.08 0.00122818
1.98 1.14 0.000905508
1.98 1.2 0.000658439
1.98 1.26 0.000472204
2.04 -1.68 0.000389858
2.04 -1.62 0.000543305
2.04 -1.56 0.000746751
2.04 -1.5 0.00101226
2.04 -1.44 0.00135331
2.04 -1.38 0.00178441
2.04 -1.32 0.00232049
2.04 -1.26 0.00297614
2.04 -1.2 0.00376455
2.04 -1.14 0.0046964
2.04 -1.08 0.00577837
2.04 -1.02 0.00701192
2.04 -0.96 0.00839181
2.04 -0.9 0.00990517
2.04 -0.84 0.0115308
2.04 -0.78 0.0132387
2.04 -0.72 0.0149907
2.04 -0.66 0.016741
2.04 -0.6 0.0184389
2.04 -0.54 0.0200297
2.04 -0.48 0.0214589
2.04 -0.42 0.0226738
2.04 -0.36 0.0236284
2.04 -0.3 0.0242845
2.04 -0.24 0.024616
2.04 -0.18 0.0246089
2.04 -0.12 0.0242638
2.04 -0.06 0.0235946
2.04 9.71445e-15 0.0226283
2.04 0.06 0.0214037
2.04 0.12 0.0199667
2.04 0.18 0.0183703
2.04 0.24 0.0166691
2.04 0.3 0.0149176
2.04 0.36 0.0131667
2.04 0.42 0.0114616
2.04 0.48 0.00984012
2.04 0.54 0.00833181
2.04 0.6 0.00695788
2.04 0.66 0.00573054
2.04 0.72 0.00465487
2.04 0.78 0.00372914
2.04 0.84 0.00294645
2.04 0.9 0.00229602
2.04 0.96 0.00176458
2.04 1.02 0.0013375
2.04 1.08 0.000999868
2.04 1.14 0.000737182
2.04 1.2 0.000536037
2.04 1.26 0.000384422
2.1 -1.68 0.000313021
2.1 -1.62 0.000436228
2.1 -1.56 0.000599575
2.1 -1.5 0.000812762
2.1 -1.44 0.00108659
2.1 -1.38 0.00143273
2.1 -1.32 0.00186315
2.1 -1.26 0.00238958
2.1 -1.2 0.0030226
2.1 -1.14 0.00377081
2.1 -1.08 0.00463953
2.1 -1.02 0.00562996
2.1 -0.96 0.00673792
2.1 -0.9 0.00795296
2.1 -0.84 0.00925823
2.1 -0.78 0.0106296
2.1 -0.72 0.0120362
2.1 -0.66 0.0134416
2.1 -0.6 0.0148048
2.1 -0.54 0.0160821
2.1 -0.48 0.0172297
2.1 -0.42 0.018205
2.1 -0.36 0.0189716
2.1 -0.3 0.0194985
2.1 -0.24 0.0197644
2.1 -0.18 0.0197588
2.1 -0.12 0.0194816
2.1 -0.06 0.0189444
2.1 9.71445e-15 0.0181686
2.1 0.06 0.0171853
2.1 0.12 0.0160315
2.1 0.18 0.0147497
2.1 0.24 0.0133839
2.1 0.3 0.0119776
2.1 0.36 0.0105717
2.1 0.42 0.00920263
2.1 0.48 0.00790074
2.1 0.54 0.00668975
2.1 0.6 0.00558659
2.1 0.66 0.00460112
2.1 0.72 0.00373747
2.1 0.78 0.00299417
2.1 0.84 0.00236574
2.1 0.9 0.00184351
2.1 0.96 0.00141681
2.1 1.02 0.0010739
2.1 1.08 0.000802808
2.1 1.14 0.000591893
2.1 1.2 0.000430394
2.1 1.26 0.000308657
2.16 -1.68 0.000247877
2.16 -1.62 0.000345439
2.16 -1.56 0.000474789
2.16 -1.5 0.000643608
2.16 -1.44 0.000860454
2.16 -1.38 0.00113454
2.16 -1.32 0.00147538
2.16 -1.26 0.00189224
2.16 -1.2 0.00239353
2.16 -1.14 0.00298604
2.16 -1.08 0.00367395
2.16 -1.02 0.00445822
2.16 -0.96 0.00533561
2.16 -0.9 0.00629782
2.16 -0.84 0.00733135
2.16 -0.78 0.00841728
2.16 -0.72 0.00953118
2.16 -0.66 0.0106441
2.16 -0.6 0.0117236
2.16 -0.54 0.0127351
2.16 -0.48 0.0136438
2.16 -0.42 0.0144162
2.16 -0.36 0.0150231
2.16 -0.3 0.0154405
2.16 -0.24 0.0156511
2.16 -0.18 0.0156465
2.16 -0.12 0.0154271
2.16 -0.06 0.0150017
2.16 9.71445e-15 0.0143874
2.16 0.06 0.0136086
2.16 0.12 0.0126951
2.16 0.18 0.0116799
2.16 0.24 0.0105984
2.16 0.3 0.00948482
2.16 0.36 0.00837149
2.16 0.42 0.00728736
2.16 0.48 0.00625644
2.16 0.54 0.00529749
2.16 0.6 0.0044239
2.16 0.66 0.00364351
2.16 0.72 0.00295962
2.16 0.78 0.00237102
2.16 0.84 0.00187337
2.16 0.9 0.00145983
2.16 0.96 0.00112194
2.16 1.02 0.000850396
2.16 1.08 0.000635724
2.16 1.14 0.000468704
2.16 1.2 0.000340821
2.22 -1.62 0.000269785
2.22 -1.56 0.000370808
2.22 -1.5 0.000502649
2.22 -1.44 0.000672009
2.22 -1.38 0.000886076
2.22 -1.32 0.00115227
2.22 -1.26 0.00147783
2.22 -1.2 0.00186935
2.22 -1.14 0.00233207
2.22 -1.08 0.00286931
2.22 -1.02 0.00348185
2.22 -0.96 0.00416704
2.22 -0.9 0.00491857
2.22 -0.84 0.00572578
2.22 -0.78 0.00657384
2.22 -0.72 0.00744376
2.22 -0.66 0.00831292
2.22 -0.6 0.00915611
2.22 -0.54 0.00994603
2.22 -0.48 0.0106556
2.22 -0.42 0.0112591
2.22 -0.36 0.0117329
2.22 -0.3 0.0120588
2.22 -0.24 0.0122234
2.22 -0.18 0.0122199
2.22 -0.12 0.0120486
2.22 -0.06 0.0117162
2.22 9.71445e-15 0.0112364
2.22 0.06 0.0106282
2.22 0.12 0.00991479
2.22 0.18 0.009122
2.22 0.24 0.00827727
2.22 0.3 0.00740758
2.22 0.36 0.00653814
2.22 0.42 0.00569143
2.22 0.48 0.00488625
2.22 0.54 0.00413729
2.22 0.6 0.003455
2.22 0.66 0.00284559
2.22 0.72 0.00231142
2.22 0.78 0.00185175
2.22 0.84 0.00146309
2.22 0.9 0.00114011
2.22 0.96 0.000876216
2.22 1.02 0.000664151
2.22 1.08 0.000496495
2.22 1.14 0.000366055
2.22 1.2 0.000266178
2.28 -1.62 0.000207806
2.28 -1.56 0.000285616
2.28 -1.5 0.00038717
2.28 -1.44 0.000517616
2.28 -1.38 0.000682499
2.28 -1.32 0.000887536
2.28 -1.26 0.00113831
2.28 -1.2 0.00143987
2.28 -1.14 0.00179628
2.28 -1.08 0.00221014
2.28 -1.02 0.00268191
2.28 -0.96 0.0032097
2.28 -0.9 0.00378852
2.28 -0.84 0.00441031
2.28 -0.78 0.00506355
2.28 -0.72 0.0057336
2.28 -0.66 0.00640315
2.28 -0.6 0.00705254
2.28 -0.54 0.00766098
2.28 -0.48 0.00820764
2.28 -0.42 0.00867233
2.28 -0.36 0.00903747
2.28 -0.3 0.00928844
2.28 -0.24 0.00941515
2.28 -0.18 0.00941247
2.28 -0.12 0.00928042
2.28 -0.06 0.0090244
2.28 9.71445e-15 0.00865501
2.28 0.06 0.00818644
2.28 0.12 0.00763689
2.28 0.18 0.00702634
2.28 0.24 0.00637569
2.28 0.3 0.00570574
2.28 0.36 0.00503604
2.28 0.42 0.00438384
2.28 0.48 0.00376362
2.28 0.54 0.00318679
2.28 0.6 0.00266126
2.28 0.66 0.00219184
2.28 0.72 0.00178041
2.28 0.78 0.00142631
2.28 0.84 0.00112695
2.28 0.9 0.000878178
2.28 0.96 0.000674919
2.28 1.02 0.000511574
2.28 1.08 0.00038243
2.28 1.14 0.000281958
2.34 -1.56 0.000216977
2.34 -1.5 0.000294121
2.34 -1.44 0.000393219
2.34 -1.38 0.000518479
2.34 -1.32 0.000674243
2.34 -1.26 0.000864749
2.34 -1.2 0.00109383
2.34 -1.14 0.00136459
2.34 -1.08 0.00167895
2.34 -1.02 0.00203739
2.34 -0.96 0.00243831
2.34 -0.9 0.00287805
2.34 -0.84 0.00335038
2.34 -0.78 0.00384662
2.34 -0.72 0.00435566
2.34 -0.66 0.00486428
2.34 -0.6 0.00535759
2.34 -0.54 0.00581988
2.34 -0.48 0.00623504
2.34 -0.42 0.00658813
2.34 -0.36 0.00686546
2.34 -0.3 0.00705616
2.34 -0.24 0.00715248
2.34 -0.18 0.00715041
2.34 -0.12 0.00705007
2.34 -0.06 0.00685567
2.34 9.71445e-15 0.00657489
2.34 0.06 0.00621904
2.34 0.12 0.00580152
2.34 0.18 0.00533767
2.34 0.24 0.0048434
2.34 0.3 0.00433451
2.34 0.36 0.00382575
2.34 0.42 0.00333027
2.34 0.48 0.00285915
2.34 0.54 0.00242092
2.34 0.6 0.00202166
2.34 0.66 0.00166507
2.34 0.72 0.00135252
2.34 0.78 0.00108354
2.34 0.84 0.000856116
2.34 0.9 0.000667127
2.34 0.96 0.000512713
2.34 1.02 0.000388623
2.34 1.08 0.000290519
2.34 1.14 0.000214196
2.4 -1.56 0.000162563
2.4 -1.5 0.000220365
2.4 -1.44 0.000294612
2.4 -1.38 0.000388458
2.4 -1.32 0.000505156
2.4 -1.26 0.000647885
2.4 -1.2 0.00081953
2.4 -1.14 0.00102239
2.4 -1.08 0.00125793
2.4 -1.02 0.00152645
2.4 -0.96 0.00182686
2.4 -0.9 0.00215632
2.4 -0.84 0.00251019
2.4 -0.78 0.002882
2.4 -0.72 0.00326337
2.4 -0.66 0.00364443
2.4 -0.6 0.00401406
2.4 -0.54 0.00436038
2.4 -0.48 0.00467152
2.4 -0.42 0.00493601
2.4 -0.36 0.0051438
2.4 -0.3 0.00528666
2.4 -0.24 0.0053588
2.4 -0.18 0.00535728
2.4 -0.12 0.00528214
2.4 -0.06 0.00513644
2.4 9.71445e-15 0.00492614
2.4 0.06 0.00465944
2.4 0.12 0.00434669
2.4 0.18 0.00399913
2.4 0.24 0.00362882
2.4 0.3 0.00324753
2.4 0.36 0.00286635
2.4 0.42 0.00249514
2.4 0.48 0.00214215
2.4 0.54 0.00181382
2.4 0.6 0.0015147
2.4 0.66 0.00124752
2.4 0.72 0.00101334
2.4 0.78 0.000811813
2.4 0.84 0.000641422
2.4 0.9 0.000499831
2.4 0.96 0.000384139
2.4 1.02 0.00029117
2.4 1.08 0.000217666
2.46 -1.5 0.000162835
2.46 -1.44 0.000217696
2.46 -1.38 0.000287042
2.46 -1.32 0.000373278
2.46 -1.26 0.000478746
2.46 -1.2 0.000605568
2.46 -1.14 0.000755473
2.46 -1.08 0.000929519
2.46 -1.02 0.00112795
2.46 -0.96 0.00134992
2.46 -0.9 0.00159336
2.46 -0.84 0.00185486
2.46 -0.78 0.0021296
2.46 -0.72 0.00241143
2.46 -0.66 0.002693
2.46 -0.6 0.0029661
2.46 -0.54 0.00322202
2.46 -0.48 0.00345192
2.46 -0.42 0.00364733
2.46 -0.36 0.00380092
2.46 -0.3 0.00390648
2.46 -0.24 0.00395977
2.46 -0.18 0.00395862
2.46 -0.12 0.00390308
2.46 -0.06 0.00379547
2.46 9.71445e-15 0.00364005
2.46 0.06 0.00344304
2.46 0.12 0.00321187
2.46 0.18 0.00295508
2.46 0.24 0.00268144
2.46 0.3 0.00239968
2.46 0.36 0.00211802
2.46 0.42 0.00184372
2.46 0.48 0.00158289
2.46 0.54 0.00134028
2.46 0.6 0.00111926
2.46 0.66 0.000921824
2.46 0.72 0.000748795
2.46 0.78 0.000599873
2.46 0.84 0.00047397
2.46 0.9 0.000369342
2.46 0.96 0.000283854
2.46 1.02 0.000215154
2.52 -1.5 0.000118669
2.52 -1.44 0.000158649
2.52 -1.38 0.000209188
2.52 -1.32 0.000272034
2.52 -1.26 0.000348898
2.52 -1.2 0.000441327
2.52 -1.14 0.000550563
2.52 -1.08 0.000677413
2.52 -1.02 0.000822019
2.52 -0.96 0.00098378
2.52 -0.9 0.00116119
2.52 -0.84 0.00135177
2.52 -0.78 0.00155199
2.52 -0.72 0.00175737
2.52 -0.66 0.00196259
2.52 -0.6 0.00216162
2.52 -0.54 0.00234811
2.52 -0.48 0.00251565
2.52 -0.42 0.0026581
2.52 -0.36 0.00277002
2.52 -0.3 0.00284693
2.52 -0.24 0.00288578
2.52 -0.18 0.00288496
2.52 -0.12 0.00284448
2.52 -0.06 0.00276601
2.52 9.71445e-15 0.00265278
2.52 0.06 0.00250918
2.52 0.12 0.00234072
2.52 0.18 0.0021536
2.52 0.24 0.00195416
2.52 0.3 0.00174883
2.52 0.36 0.00154357
2.52 0.42 0.00134366
2.52 0.48 0.00115356
2.52 0.54 0.000976758
2.52 0.6 0.000815679
2.52 0.66 0.000671806
2.52 0.72 0.0005457
2.52 0.78 0.000437171
2.52 0.84 0.000345415
2.52 0.9 0.000269165
2.52 0.96 0.000206865
2.52 1.02 0.000156799
2.58 -1.44 0.000114031
2.58 -1.38 0.000150356
2.58 -1.32 0.000195526
2.58 -1.26 0.000250771
2.58 -1.2 0.000317206
2.58 -1.14 0.00039572
2.58 -1.08 0.000486894
2.58 -1.02 0.000590828
2.58 -0.96 0.000707099
2.58 -0.9 0.000834617
2.58 -0.84 0.000971597
2.58 -0.78 0.00111551
2.58 -0.72 0.00126312
2.58 -0.66 0.00141062
2.58 -0.6 0.00155368
2.58 -0.54 0.00168771
2.58 -0.48 0.00180815
2.58 -0.42 0.00191053
2.58 -0.36 0.00199096
2.58 -0.3 0.00204624
2.58 -0.24 0.00207416
2.58 -0.18 0.00207358
2.58 -0.12 0.00204449
2.58 -0.06 0.00198808
2.58 9.71445e-15 0.0019067
2.58 0.06 0.00180348
2.58 0.12 0.00168241
2.58 0.18 0.00154791
2.58 0.24 0.00140456
2.58 0.3 0.00125698
2.58 0.36 0.00110945
2.58 0.42 0.000965768
2.58 0.48 0.000829133
2.58 0.54 0.000702048
2.58 0.6 0.000586277
2.58 0.66 0.000482864
2.58 0.72 0.000392223
2.58 0.78 0.000314218
2.58 0.84 0.000248269
2.58 0.9 0.000193463
2.58 0.96 0.000148684
2.64 -1.38 0.000106583
2.64 -1.32 0.000138604
2.64 -1.26 0.000177765
2.64 -1.2 0.000224859
2.64 -1.14 0.000280518
2.64 -1.08 0.000345148
2.64 -1.02 0.000418821
2.64 -0.96 0.000501247
2.64 -0.9 0.000591639
2.64 -0.84 0.000688742
2.64 -0.78 0.000790756
2.64 -0.72 0.000895397
2.64 -0.66 0.00099995
2.64 -0.6 0.00110137
2.64 -0.54 0.00119638
2.64 -0.48 0.00128176
2.64 -0.42 0.00135432
2.64 -0.36 0.00141134
2.64 -0.3 0.00145053
2.64 -0.24 0.00147032
2.64 -0.18 0.0014699
2.64 -0.12 0.00144929
2.64 -0.06 0.00140931
2.64 9.71445e-15 0.00135161
2.64 0.06 0.00127845
2.64 0.12 0.00119262
2.64 0.18 0.00109727
2.64 0.24 0.000995661
2.64 0.3 0.000891037
2.64 0.36 0.000786457
2.64 0.42 0.000684608
2.64 0.48 0.000587752
2.64 0.54 0.000497666
2.64 0.6 0.000415599
2.64 0.66 0.00034229
2.64 0.72 0.000278037
2.64 0.78 0.000222742
2.64 0.84 0.000175992
2.64 0.9 0.000137142
2.7 -1.32 9.69016e-05
2.7 -1.26 0.00012428
2.7 -1.2 0.000157206
2.7 -1.14 0.00019612
2.7 -1.08 0.000241304
2.7 -1.02 0.00029281
2.7 -0.96 0.000350438
2.7 -0.9 0.000413636
2.7 -0.84 0.000481519
2.7 -0.78 0.000552841
2.7 -0.72 0.000625999
2.7 -0.66 0.000699095
2.7 -0.6 0.000769997
2.7 -0.54 0.00083643
2.7 -0.48 0.000896116
2.7 -0.42 0.000946851
2.7 -0.36 0.000986712
2.7 -0.3 0.00101412
2.7 -0.24 0.00102795
2.7 -0.18 0.00102766
2.7 -0.12 0.00101325
2.7 -0.06 0.000985298
2.7 9.71445e-15 0.000944958
2.7 0.06 0.000893801
2.7 0.12 0.000833805
2.7 0.18 0.000767136
2.7 0.24 0.0006961
2.7 0.3 0.000622957
2.7 0.36 0.000549837
2.7 0.42 0.00047863
2.7 0.48 0.000410917
2.7 0.54 0.000347936
2.7 0.6 0.000290558
2.7 0.66 0.000239304
2.7 0.72 0.000194385
2.7 0.78 0.000155726
2.7 0.84 0.000123041
2.7 0.9 9.58803e-05
2.76 -1.32 6.68161e-05
2.76 -1.26 8.56951e-05
2.76 -1.2 0.000108398
2.76 -1.14 0.000135229
2.76 -1.08 0.000166383
2.76 -1.02 0.000201902
2.76 -0.96 0.000241633
2.76 -0.9 0.000285212
2.76 -0.84 0.000332019
2.76 -0.78 0.000381194
2.76 -0.72 0.000431636
2.76 -0.66 0.000482042
2.76 -0.6 0.000530933
2.76 -0.54 0.00057674
2.76 -0.48 0.000617886
2.76 -0.42 0.000652879
2.76 -0.36 0.000680356
2.76 -0.3 0.000699256
2.76 -0.24 0.0007088
2.76 -0.18 0.000708599
2.76 -0.12 0.000698659
2.76 -0.06 0.000679384
2.76 9.71445e-15 0.000651568
2.76 0.06 0.000616292
2.76 0.12 0.000574927
2.76 0.18 0.000528957
2.76 0.24 0.000479976
2.76 0.3 0.000429545
2.76 0.36 0.000379127
2.76 0.42 0.000330028
2.76 0.48 0.000283337
2.76 0.54 0.00023991
2.76 0.6 0.000200345
2.76 0.66 0.000165007
2.76 0.72 0.000134033
2.76 0.78 0.000107377
2.76 0.84 8.48393e-05
2.82 -1.26 5.82767e-05
2.82 -1.2 7.3715e-05
2.82 -1.14 9.1961e-05
2.82 -1.08 0.000113149
2.82 -1.02 0.000137302
2.82 -0.96 0.000164322
2.82 -0.9 0.000193954
2.82 -0.84 0.000225787
2.82 -0.78 0.000259229
2.82 -0.72 0.000293535
2.82 -0.66 0.000327813
2.82 -0.6 0.000361057
2.82 -0.54 0.000392207
2.82 -0.48 0.00042019
2.82 -0.42 0.000443984
2.82 -0.36 0.000462677
2.82 -0.3 0.000475525
2.82 -0.24 0.000482014
2.82 -0.18 0.000481877
2.82 -0.12 0.000475115
2.82 -0.06 0.000462009
2.82 9.71445e-15 0.000443095
2.82 0.06 0.00041911
2.82 0.12 0.000390971
2.82 0.18 0.000359716
2.82 0.24 0.000326405
2.82 0.3 0.000292108
2.82 0.36 0.000257823
2.82 0.42 0.000224433
2.82 0.48 0.000192681
2.82 0.54 0.000163148
2.82 0.6 0.000136243
2.82 0.66 0.000112212
2.82 0.72 9.11486e-05
2.82 0.78 7.3021e-05
2.88 -1.2 4.94402e-05
2.88 -1.14 6.16788e-05
2.88 -1.08 7.58875e-05
2.88 -1.02 9.20883e-05
2.88 -0.96 0.00011021
2.88 -0.9 0.000130086
2.88 -0.84 0.000151435
2.88 -0.78 0.000173864
2.88 -0.72 0.000196872
2.88 -0.66 0.00021986
2.88 -0.6 0.000242159
2.88 -0.54 0.000263054
2.88 -0.48 0.000281821
2.88 -0.42 0.000297777
2.88 -0.36 0.000310313
2.88 -0.3 0.000318934
2.88 -0.24 0.000323286
2.88 -0.18 0.000323192
2.88 -0.12 0.000318659
2.88 -0.06 0.000309872
2.88 9.71445e-15 0.00029718
2.88 0.06 0.000281095
2.88 0.12 0.000262226
2.88 0.18 0.000241257
2.88 0.24 0.000218918
2.88 0.3 0.000195916
2.88 0.36 0.00017292
2.88 0.42 0.000150526
2.88 0.48 0.000129232
2.88 0.54 0.000109424
2.88 0.6 9.13783e-05
2.88 0.66 7.52596e-05
2.88 0.72 6.11331e-05
2.94 -1.14 4.07987e-05
2.94 -1.08 5.01986e-05
2.94 -1.02 6.09138e-05
2.94 -0.96 7.29016e-05
2.94 -0.9 8.60484e-05
2.94 -0.84 0.000100171
2.94 -0.78 0.000115008
2.94 -0.72 0.000130227
2.94 -0.66 0.000145434
2.94 -0.6 0.000160183
2.94 -0.54 0.000174003
2.94 -0.48 0.000186419
2.94 -0.42 0.000196973
2.94 -0.36 0.000205267
2.94 -0.3 0.000210967
2.94 -0.24 0.000213845
2.94 -0.18 0.000213784
2.94 -0.12 0.000210785
2.94 -0.06 0.000204971
2.94 9.71445e-15 0.00019658
2.94 0.06 0.000185938
2.94 0.12 0.000173456
2.94 0.18 0.000159588
2.94 0.24 0.00014481
2.94 0.3 0.000129594
2.94 0.36 0.000114383
2.94 0.42 9.95697e-05
2.94 0.48 8.54827e-05
2.94 0.54 7.23811e-05
2.94 0.6 6.04448e-05
2.94 0.66 4.97829e-05
3 -1.08 3.27484e-05
3 -1.02 3.97397e-05
3 -0.96 4.756e-05
3 -0.9 5.6137e-05
3 -0.84 6.53501e-05
3 -0.78 7.50296e-05
3 -0.72 8.49586e-05
3 -0.66 9.48789e-05
3 -0.6 0.000104501
3 -0.54 0.000113517
3 -0.48 0.000121617
3 -0.42 0.000128502
3 -0.36 0.000133913
3 -0.3 0.000137631
3 -0.24 0.00013951
3 -0.18 0.00013947
3 -0.12 0.000137513
3 -0.06 0.000133721
3 9.71445e-15 0.000128244
3 0.06 0.000121304
3 0.12 0.00011316
3 0.18 0.000104112
3 0.24 9.44711e-05
3 0.3 8.45452e-05
3 0.36 7.46217e-05
3 0.42 6.49578e-05
3 0.48 5.57683e-05
3 0.54 4.72202e-05
3 0.6 3.94333e-05
3.06 -1.02 2.55692e-05
3.06 -0.96 3.06006e-05
3.06 -0.9 3.61194e-05
3.06 -0.84 4.20473e-05
3.06 -0.78 4.82749e-05
3.06 -0.72 5.46634e-05
3.06 -0.66 6.10468e-05
3.06 -0.6 6.7238e-05
3.06 -0.54 7.30394e-05
3.06 -0.48 7.82497e-05
3.06 -0.42 8.26815e-05
3.06 -0.36 8.61618e-05
3.06 -0.3 8.85549e-05
3.06 -0.24 8.97637e-05
3.06 -0.18 8.9738e-05
3.06 -0.12 8.84789e-05
3.06 -0.06 8.60383e-05
3.06 9.71445e-15 8.25153e-05
3.06 0.06 7.80487e-05
3.06 0.12 7.28094e-05
3.06 0.18 6.69881e-05
3.06 0.24 6.07848e-05
3.06 0.3 5.43982e-05
3.06 0.36 4.80133e-05
3.06 0.42 4.17952e-05
3.06 0.48 3.58821e-05
3.06 0.54 3.03826e-05
3.12 -0.96 1.94184e-05
3.12 -0.9 2.29206e-05
3.12 -0.84 2.66822e-05
3.12 -0.78 3.06342e-05
3.12 -0.72 3.46879e-05
3.12 -0.66 3.87385e-05
3.12 -0.6 4.26676e-05
3.12 -0.54 4.63487e-05
3.12 -0.48 4.96554e-05
3.12 -0.42 5.24675e-05
3.12 -0.36 5.46757e-05
3.12 -0.3 5.61944e-05
3.12 -0.24 5.69615e-05
3.12 -0.18 5.69453e-05
3.12 -0.12 5.61466e-05
3.12 -0.06 5.45977e-05
3.12 9.71445e-15 5.23621e-05
3.12 0.06 4.95275e-05
3.12 0.12 4.62031e-05
3.12 0.18 4.25088e-05
3.12 0.24 3.85724e-05
3.12 0.3 3.45196e-05
3.12 0.36 3.0468e-05
3.12 0.42 2.65222e-05
3.18 -0.84 1.66991e-05
3.18 -0.78 1.91725e-05
3.18 -0.72 2.17096e-05
3.18 -0.66 2.42445e-05
3.18 -0.6 2.67036e-05
3.18 -0.54 2.90074e-05
3.18 -0.48 3.1077e-05
3.18 -0.42 3.28368e-05
3.18 -0.36 3.42188e-05
3.18 -0.3 3.51692e-05
3.18 -0.24 3.56493e-05
3.18 -0.18 3.56392e-05
3.18 -0.12 3.51394e-05
3.18 -0.06 3.41701e-05
3.18 9.71445e-15 3.27708e-05
3.18 0.06 3.0997e-05
3.18 0.12 2.89163e-05
3.18 0.18 2.66042e-05
3.18 0.24 2.41405e-05
3.18 0.3 2.1604e-05
3.18 0.36 1.90684e-05
3.24 -0.78 1.18342e-05
3.24 -0.72 1.34003e-05
3.24 -0.66 1.49649e-05
3.24 -0.6 1.64828e-05
3.24 -0.54 1.79047e-05
3.24 -0.48 1.91823e-05
3.24 -0.42 2.02684e-05
3.24 -0.36 2.11216e-05
3.24 -0.3 2.17081e-05
3.24 -0.24 2.20044e-05
3.24 -0.18 2.19982e-05
3.24 -0.12 2.16897e-05
3.24 -0.06 2.10914e-05
3.24 9.71445e-15 2.02277e-05
3.24 0.06 1.91329e-05
3.24 0.12 1.78485e-05
3.24 0.18 1.64214e-05
3.24 0.24 1.49006e-05
3.3 -0.72 8.1576e-06
3.3 -0.66 9.11012e-06
3.3 -0.6 1.00341e-05
3.3 -0.54 1.08997e-05
3.3 -0.48 1.16775e-05
3.3 -0.42 1.23386e-05
3.3 -0.36 1.28581e-05
3.3 -0.3 1.32152e-05
3.3 -0.24 1.33954e-05
3.3 -0.18 1.33917e-05
3.3 -0.12 1.32038e-05
3.3 -0.06 1.28397e-05
3.3 9.71445e-15 1.2314e-05
3.3 0.06 1.16474e-05
3.3 0.12 1.08655e-05
3.3 0.18 9.99679e-06
3.36 -0.6 6.02443e-06
3.36 -0.54 6.54421e-06
3.36 -0.48 7.01112e-06
3.36 -0.42 7.40814e-06
3.36 -0.36 7.71995e-06
3.36 -0.3 7.9344e-06
3.36 -0.24 8.04268e-06
3.36 -0.18 8.04039e-06
3.36 -0.12 7.9276e-06
3.36 -0.06 7.70889e-06
3.36 9.71445e-15 7.39329e-06
3.36 0.06 6.99298e-06
3.42 -0.48 4.15158e-06
3.42 -0.42 4.38666e-06
3.42 -0.36 4.57136e-06
3.42 -0.3 4.69829e-06
3.42 -0.24 4.76241e-06
3.42 -0.18 4.76105e-06
3.42 -0.12 4.69424e-06
3.42 -0.06 4.56477e-06
3.48 -0.36 2.66965e-06
3.48 -0.3 2.74382e-06
3.48 -0.24 2.78127e-06
