3796 0.06 0.06 0.515704 -12 -12
-2.4 -0.96 7.03959e-05
-2.4 -0.9 6.86575e-05
-2.4 -0.84 6.60416e-05
-2.4 -0.78 6.26511e-05
-2.4 -0.72 5.86188e-05
-2.4 -0.66 5.40917e-05
-2.4 -0.6 4.92278e-05
-2.4 -0.54 4.41855e-05
-2.4 -0.48 3.9115e-05
-2.4 -0.42 3.41501e-05
-2.4 -0.36 2.94058e-05
-2.4 -0.3 2.49723e-05
-2.4 -0.24 2.09159e-05
-2.4 -0.18 1.72774e-05
-2.4 -0.12 1.40759e-05
-2.4 -0.06 1.131e-05
-2.34 -1.2 0.000108958
-2.34 -1.14 0.000112316
-2.34 -1.08 0.000114187
-2.34 -1.02 0.000114491
-2.34 -0.96 0.00011322
-2.34 -0.9 0.000110424
-2.34 -0.84 0.000106215
-2.34 -0.78 0.000100763
-2.34 -0.72 9.42766e-05
-2.34 -0.66 8.69964e-05
-2.34 -0.6 7.91747e-05
-2.34 -0.54 7.10652e-05
-2.34 -0.48 6.29096e-05
-2.34 -0.42 5.49245e-05
-2.34 -0.36 4.72936e-05
-2.34 -0.3 4.01635e-05
-2.34 -0.24 3.36392e-05
-2.34 -0.18 2.77877e-05
-2.34 -0.12 2.26383e-05
-2.34 -0.06 1.819e-05
-2.34 9.71445e-15 1.44147e-05
-2.34 0.06 1.12659e-05
-2.34 0.12 8.68395e-06
-2.34 0.18 6.60164e-06
-2.28 -1.38 0.000145217
-2.28 -1.32 0.000156038
-2.28 -1.26 0.000165362
-2.28 -1.2 0.000172833
-2.28 -1.14 0.000178158
-2.28 -1.08 0.000181126
-2.28 -1.02 0.000181609
-2.28 -0.96 0.000179592
-2.28 -0.9 0.000175154
-2.28 -0.84 0.00016848
-2.28 -0.78 0.000159832
-2.28 -0.72 0.000149544
-2.28 -0.66 0.000137994
-2.28 -0.6 0.000125587
-2.28 -0.54 0.000112724
-2.28 -0.48 9.97869e-05
-2.28 -0.42 8.71222e-05
-2.28 -0.36 7.50183e-05
-2.28 -0.3 6.37076e-05
-2.28 -0.24 5.33593e-05
-2.28 -0.18 4.40773e-05
-2.28 -0.12 3.59096e-05
-2.28 -0.06 2.88531e-05
-2.28 9.71445e-15 2.28648e-05
-2.28 0.06 1.78702e-05
-2.28 0.12 1.37746e-05
-2.28 0.18 1.04717e-05
-2.28 0.24 7.8514e-06
-2.28 0.3 5.80585e-06
-2.28 0.36 4.2342e-06
-2.22 -1.56 0.000168521
-2.22 -1.5 0.000188758
-2.22 -1.44 0.000208518
-2.22 -1.38 0.000227178
-2.22 -1.32 0.000244108
-2.22 -1.26 0.000258694
-2.22 -1.2 0.000270382
-2.22 -1.14 0.000278712
-2.22 -1.08 0.000283352
-2.22 -1.02 0.000284111
-2.22 -0.96 0.000280956
-2.22 -0.9 0.000274014
-2.22 -0.84 0.000263571
-2.22 -0.78 0.000250045
-2.22 -0.72 0.000233948
-2.22 -0.66 0.00021588
-2.22 -0.6 0.00019647
-2.22 -0.54 0.000176348
-2.22 -0.48 0.000156109
-2.22 -0.42 0.000136295
-2.22 -0.36 0.000117358
-2.22 -0.3 9.96657e-05
-2.22 -0.24 8.34758e-05
-2.22 -0.18 6.89555e-05
-2.22 -0.12 5.61773e-05
-2.22 -0.06 4.51379e-05
-2.22 9.71445e-15 3.57698e-05
-2.22 0.06 2.79563e-05
-2.22 0.12 2.1549e-05
-2.22 0.18 1.63821e-05
-2.22 0.24 1.22829e-05
-2.22 0.3 9.08269e-06
-2.22 0.36 6.62404e-06
-2.22 0.42 4.76448e-06
-2.22 0.48 3.37989e-06
-2.16 -1.68 0.000198824
-2.16 -1.62 0.00022895
-2.16 -1.56 0.000260013
-2.16 -1.5 0.000291234
-2.16 -1.44 0.000321724
-2.16 -1.38 0.000350515
-2.16 -1.32 0.000376637
-2.16 -1.26 0.000399139
-2.16 -1.2 0.000417174
-2.16 -1.14 0.00043003
-2.16 -1.08 0.000437189
-2.16 -1.02 0.000438358
-2.16 -0.96 0.000433486
-2.16 -0.9 0.000422778
-2.16 -0.84 0.00040667
-2.16 -0.78 0.000385795
-2.16 -0.72 0.000360962
-2.16 -0.66 0.000333085
-2.16 -0.6 0.000303135
-2.16 -0.54 0.000272089
-2.16 -0.48 0.000240863
-2.16 -0.42 0.000210291
-2.16 -0.36 0.000181074
-2.16 -0.3 0.000153774
-2.16 -0.24 0.000128796
-2.16 -0.18 0.000106392
-2.16 -0.12 8.66765e-05
-2.16 -0.06 6.96442e-05
-2.16 9.71445e-15 5.51898e-05
-2.16 0.06 4.31342e-05
-2.16 0.12 3.32483e-05
-2.16 0.18 2.52761e-05
-2.16 0.24 1.89513e-05
-2.16 0.3 1.40138e-05
-2.16 0.36 1.02202e-05
-2.16 0.42 7.35119e-06
-2.16 0.48 5.21488e-06
-2.16 0.54 3.64853e-06
-2.1 -1.74 0.000259129
-2.1 -1.68 0.000302552
-2.1 -1.62 0.000348393
-2.1 -1.56 0.000395664
-2.1 -1.5 0.000443171
-2.1 -1.44 0.000489566
-2.1 -1.38 0.000533381
-2.1 -1.32 0.000573127
-2.1 -1.26 0.00060737
-2.1 -1.2 0.000634816
-2.1 -1.14 0.000654376
-2.1 -1.08 0.000665273
-2.1 -1.02 0.00066705
-2.1 -0.96 0.00065964
-2.1 -0.9 0.000643339
-2.1 -0.84 0.000618829
-2.1 -0.78 0.00058706
-2.1 -0.72 0.000549276
-2.1 -0.66 0.000506854
-2.1 -0.6 0.00046128
-2.1 -0.54 0.000414036
-2.1 -0.48 0.000366519
-2.1 -0.42 0.00032
-2.1 -0.36 0.000275541
-2.1 -0.3 0.000233997
-2.1 -0.24 0.000195989
-2.1 -0.18 0.000161895
-2.1 -0.12 0.000131896
-2.1 -0.06 0.000105977
-2.1 9.71445e-15 8.39823e-05
-2.1 0.06 6.56372e-05
-2.1 0.12 5.05941e-05
-2.1 0.18 3.84627e-05
-2.1 0.24 2.88381e-05
-2.1 0.3 2.13249e-05
-2.1 0.36 1.55521e-05
-2.1 0.42 1.11864e-05
-2.1 0.48 7.93548e-06
-2.1 0.54 5.55194e-06
-2.04 -1.86 0.000273678
-2.04 -1.8 0.000328506
-2.04 -1.74 0.000388898
-2.04 -1.68 0.000454066
-2.04 -1.62 0.00052286
-2.04 -1.56 0.000593809
-2.04 -1.5 0.000665104
-2.04 -1.44 0.000734729
-2.04 -1.38 0.00080049
-2.04 -1.32 0.000860138
-2.04 -1.26 0.000911533
-2.04 -1.2 0.000952719
-2.04 -1.14 0.000982077
-2.04 -1.08 0.000998432
-2.04 -1.02 0.00100109
-2.04 -0.96 0.000989979
-2.04 -0.9 0.000965515
-2.04 -0.84 0.000928725
-2.04 -0.78 0.000881048
-2.04 -0.72 0.000824341
-2.04 -0.66 0.000760678
-2.04 -0.6 0.000692283
-2.04 -0.54 0.000621376
-2.04 -0.48 0.000550064
-2.04 -0.42 0.000480249
-2.04 -0.36 0.000413529
-2.04 -0.3 0.00035118
-2.04 -0.24 0.000294135
-2.04 -0.18 0.000242969
-2.04 -0.12 0.000197946
-2.04 -0.06 0.00015905
-2.04 9.71445e-15 0.000126039
-2.04 0.06 9.85067e-05
-2.04 0.12 7.59309e-05
-2.04 0.18 5.77238e-05
-2.04 0.24 4.32797e-05
-2.04 0.3 3.2004e-05
-2.04 0.36 2.33405e-05
-2.04 0.42 1.67883e-05
-2.04 0.48 1.19094e-05
-2.04 0.54 8.33221e-06
-2.04 0.6 5.7494e-06
-1.98 -1.98 0.000269718
-1.98 -1.92 0.00033284
-1.98 -1.86 0.000405084
-1.98 -1.8 0.000486242
-1.98 -1.74 0.000575633
-1.98 -1.68 0.000672086
-1.98 -1.62 0.000773915
-1.98 -1.56 0.000878927
-1.98 -1.5 0.000984463
-1.98 -1.44 0.00108751
-1.98 -1.38 0.00118484
-1.98 -1.32 0.00127313
-1.98 -1.26 0.0013492
-1.98 -1.2 0.00141017
-1.98 -1.14 0.00145363
-1.98 -1.08 0.00147783
-1.98 -1.02 0.00148178
-1.98 -0.96 0.00146531
-1.98 -0.9 0.00142912
-1.98 -0.84 0.00137467
-1.98 -0.78 0.00130409
-1.98 -0.72 0.00122016
-1.98 -0.66 0.00112593
-1.98 -0.6 0.00102469
-1.98 -0.54 0.000919726
-1.98 -0.48 0.000814185
-1.98 -0.42 0.000710838
-1.98 -0.36 0.000612088
-1.98 -0.3 0.000519803
-1.98 -0.24 0.000435368
-1.98 -0.18 0.000359633
-1.98 -0.12 0.000292993
-1.98 -0.06 0.000235419
-1.98 9.71445e-15 0.000186557
-1.98 0.06 0.000145805
-1.98 0.12 0.00011239
-1.98 0.18 8.54408e-05
-1.98 0.24 6.40602e-05
-1.98 0.3 4.73707e-05
-1.98 0.36 3.45474e-05
-1.98 0.42 2.48492e-05
-1.98 0.48 1.76277e-05
-1.98 0.54 1.2333e-05
-1.98 0.6 8.51004e-06
-1.92 -2.04 0.000314682
-1.92 -1.98 0.000393736
-1.92 -1.92 0.000485886
-1.92 -1.86 0.00059135
-1.92 -1.8 0.00070982
-1.92 -1.74 0.000840309
-1.92 -1.68 0.000981115
-1.92 -1.62 0.00112977
-1.92 -1.56 0.00128306
-1.92 -1.5 0.00143712
-1.92 -1.44 0.00158757
-1.92 -1.38 0.00172965
-1.92 -1.32 0.00185854
-1.92 -1.26 0.00196958
-1.92 -1.2 0.00205859
-1.92 -1.14 0.00212202
-1.92 -1.08 0.00215735
-1.92 -1.02 0.00216312
-1.92 -0.96 0.00213908
-1.92 -0.9 0.00208623
-1.92 -0.84 0.00200675
-1.92 -0.78 0.00190373
-1.92 -0.72 0.0017812
-1.92 -0.66 0.00164364
-1.92 -0.6 0.00149584
-1.92 -0.54 0.00134264
-1.92 -0.48 0.00118855
-1.92 -0.42 0.0010377
-1.92 -0.36 0.000893523
-1.92 -0.3 0.000758809
-1.92 -0.24 0.000635556
-1.92 -0.18 0.000524996
-1.92 -0.12 0.000427713
-1.92 -0.06 0.000343665
-1.92 9.71445e-15 0.000272338
-1.92 0.06 0.000212849
-1.92 0.12 0.000164066
-1.92 0.18 0.000124727
-1.92 0.24 9.35162e-05
-1.92 0.3 6.91523e-05
-1.92 0.36 5.04323e-05
-1.92 0.42 3.62751e-05
-1.92 0.48 2.57332e-05
-1.92 0.54 1.80039e-05
-1.92 0.6 1.2423e-05
-1.92 0.66 8.45437e-06
-1.86 -2.1 0.000357118
-1.86 -2.04 0.000453061
-1.86 -1.98 0.00056688
-1.86 -1.92 0.000699543
-1.86 -1.86 0.00085139
-1.86 -1.8 0.00102195
-1.86 -1.74 0.00120983
-1.86 -1.68 0.00141255
-1.86 -1.62 0.00162657
-1.86 -1.56 0.00184728
-1.86 -1.5 0.00206909
-1.86 -1.44 0.00228568
-1.86 -1.38 0.00249023
-1.86 -1.32 0.00267582
-1.86 -1.26 0.00283569
-1.86 -1.2 0.00296379
-1.86 -1.14 0.00305516
-1.86 -1.08 0.00310602
-1.86 -1.02 0.00311431
-1.86 -0.96 0.00307972
-1.86 -0.9 0.00300367
-1.86 -0.84 0.00288919
-1.86 -0.78 0.00274089
-1.86 -0.72 0.00256445
-1.86 -0.66 0.00236642
-1.86 -0.6 0.00215365
-1.86 -0.54 0.00193305
-1.86 -0.48 0.00171122
-1.86 -0.42 0.00149401
-1.86 -0.36 0.00128645
-1.86 -0.3 0.0010925
-1.86 -0.24 0.000915033
-1.86 -0.18 0.00075586
-1.86 -0.12 0.000615793
-1.86 -0.06 0.000494791
-1.86 9.71445e-15 0.000392098
-1.86 0.06 0.000306446
-1.86 0.12 0.000236215
-1.86 0.18 0.000179574
-1.86 0.24 0.000134639
-1.86 0.3 9.95616e-05
-1.86 0.36 7.26103e-05
-1.86 0.42 5.22268e-05
-1.86 0.48 3.70492e-05
-1.86 0.54 2.59209e-05
-1.86 0.6 1.78861e-05
-1.86 0.66 1.21721e-05
-1.8 -2.16 0.00039421
-1.8 -2.1 0.000507088
-1.8 -2.04 0.000643321
-1.8 -1.98 0.000804948
-1.8 -1.92 0.000993321
-1.8 -1.86 0.00120894
-1.8 -1.8 0.00145113
-1.8 -1.74 0.00171789
-1.8 -1.68 0.00200575
-1.8 -1.62 0.00230966
-1.8 -1.56 0.00262305
-1.8 -1.5 0.00293802
-1.8 -1.44 0.00324557
-1.8 -1.38 0.00353605
-1.8 -1.32 0.00379954
-1.8 -1.26 0.00402658
-1.8 -1.2 0.0042085
-1.8 -1.14 0.00433816
-1.8 -1.08 0.0044104
-1.8 -1.02 0.00442219
-1.8 -0.96 0.00437309
-1.8 -0.9 0.00426504
-1.8 -0.84 0.0041025
-1.8 -0.78 0.00389194
-1.8 -0.72 0.00364142
-1.8 -0.66 0.00336015
-1.8 -0.6 0.00305806
-1.8 -0.54 0.00274486
-1.8 -0.48 0.00242983
-1.8 -0.42 0.00212142
-1.8 -0.36 0.00182669
-1.8 -0.3 0.00155129
-1.8 -0.24 0.0012993
-1.8 -0.18 0.00107329
-1.8 -0.12 0.000874402
-1.8 -0.06 0.00070257
-1.8 9.71445e-15 0.000556756
-1.8 0.06 0.000435138
-1.8 0.12 0.000335411
-1.8 0.18 0.000254988
-1.8 0.24 0.000191183
-1.8 0.3 0.000141372
-1.8 0.36 0.000103103
-1.8 0.42 7.41596e-05
-1.8 0.48 5.26079e-05
-1.8 0.54 3.68066e-05
-1.8 0.6 2.53972e-05
-1.8 0.66 1.72839e-05
-1.8 0.72 1.16005e-05
-1.74 -2.22 0.00042327
-1.74 -2.16 0.000552066
-1.74 -2.1 0.000710143
-1.74 -2.04 0.000900939
-1.74 -1.98 0.00112727
-1.74 -1.92 0.00139109
-1.74 -1.86 0.00169304
-1.74 -1.8 0.00203222
-1.74 -1.74 0.00240582
-1.74 -1.68 0.00280892
-1.74 -1.62 0.00323455
-1.74 -1.56 0.0036734
-1.74 -1.5 0.00411449
-1.74 -1.44 0.00454522
-1.74 -1.38 0.00495198
-1.74 -1.32 0.005321
-1.74 -1.26 0.0056389
-1.74 -1.2 0.00589374
-1.74 -1.14 0.00607537
-1.74 -1.08 0.00617647
-1.74 -1.02 0.00619303
-1.74 -0.96 0.00612417
-1.74 -0.9 0.00597291
-1.74 -0.84 0.00574534
-1.74 -0.78 0.0054504
-1.74 -0.72 0.00509959
-1.74 -0.66 0.00470575
-1.74 -0.6 0.00428261
-1.74 -0.54 0.00384398
-1.74 -0.48 0.00340285
-1.74 -0.42 0.00297093
-1.74 -0.36 0.00255817
-1.74 -0.3 0.00217248
-1.74 -0.24 0.0018196
-1.74 -0.18 0.00150307
-1.74 -0.12 0.00122455
-1.74 -0.06 0.000983919
-1.74 9.71445e-15 0.000779702
-1.74 0.06 0.000609388
-1.74 0.12 0.000469723
-1.74 0.18 0.000357095
-1.74 0.24 0.000267737
-1.74 0.3 0.000197983
-1.74 0.36 0.000144387
-1.74 0.42 0.000103855
-1.74 0.48 7.36742e-05
-1.74 0.54 5.15453e-05
-1.74 0.6 3.55673e-05
-1.74 0.66 2.42049e-05
-1.74 0.72 1.62459e-05
-1.68 -2.28 0.000442075
-1.68 -2.22 0.000584621
-1.68 -2.16 0.000762505
-1.68 -2.1 0.000980838
-1.68 -2.04 0.00124436
-1.68 -1.98 0.00155698
-1.68 -1.92 0.00192134
-1.68 -1.86 0.00233841
-1.68 -1.8 0.00280688
-1.68 -1.74 0.00332288
-1.68 -1.68 0.00387964
-1.68 -1.62 0.00446748
-1.68 -1.56 0.00507366
-1.68 -1.5 0.00568292
-1.68 -1.44 0.00627775
-1.68 -1.38 0.00683957
-1.68 -1.32 0.00734923
-1.68 -1.26 0.0077884
-1.68 -1.2 0.00814033
-1.68 -1.14 0.00839119
-1.68 -1.08 0.00853084
-1.68 -1.02 0.0085537
-1.68 -0.96 0.00845864
-1.68 -0.9 0.00824974
-1.68 -0.84 0.00793534
-1.68 -0.78 0.00752806
-1.68 -0.72 0.00704347
-1.68 -0.66 0.00649947
-1.68 -0.6 0.0059151
-1.68 -0.54 0.00530923
-1.68 -0.48 0.00469997
-1.68 -0.42 0.00410335
-1.68 -0.36 0.00353331
-1.68 -0.3 0.00300063
-1.68 -0.24 0.00251318
-1.68 -0.18 0.00207603
-1.68 -0.12 0.00169133
-1.68 -0.06 0.00135897
-1.68 9.71445e-15 0.00107691
-1.68 0.06 0.00084167
-1.68 0.12 0.000648773
-1.68 0.18 0.000493214
-1.68 0.24 0.000369796
-1.68 0.3 0.000273449
-1.68 0.36 0.000199429
-1.68 0.42 0.000143444
-1.68 0.48 0.000101757
-1.68 0.54 7.11936e-05
-1.68 0.6 4.91252e-05
-1.68 0.66 3.34312e-05
-1.68 0.72 2.24385e-05
-1.68 0.78 1.48534e-05
-1.62 -2.34 0.000449102
-1.62 -2.28 0.000602195
-1.62 -2.22 0.000796372
-1.62 -2.16 0.00103869
-1.62 -2.1 0.00133611
-1.62 -2.04 0.00169507
-1.62 -1.98 0.00212091
-1.62 -1.92 0.00261726
-1.62 -1.86 0.00318537
-1.62 -1.8 0.0038235
-1.62 -1.74 0.00452642
-1.62 -1.68 0.00528488
-1.62 -1.62 0.00608561
-1.62 -1.56 0.00691133
-1.62 -1.5 0.00774124
-1.62 -1.44 0.00855159
-1.62 -1.38 0.00931682
-1.62 -1.32 0.0100112
-1.62 -1.26 0.0106093
-1.62 -1.2 0.0110887
-1.62 -1.14 0.0114305
-1.62 -1.08 0.0116208
-1.62 -1.02 0.0116518
-1.62 -0.96 0.0115223
-1.62 -0.9 0.0112378
-1.62 -0.84 0.0108095
-1.62 -0.78 0.0102547
-1.62 -0.72 0.00959457
-1.62 -0.66 0.00885365
-1.62 -0.6 0.00805759
-1.62 -0.54 0.00723224
-1.62 -0.48 0.00640232
-1.62 -0.42 0.00558963
-1.62 -0.36 0.00481308
-1.62 -0.3 0.00408744
-1.62 -0.24 0.00342348
-1.62 -0.18 0.00282796
-1.62 -0.12 0.00230391
-1.62 -0.06 0.0018512
-1.62 9.71445e-15 0.00146698
-1.62 0.06 0.00114653
-1.62 0.12 0.000883765
-1.62 0.18 0.000671852
-1.62 0.24 0.000503734
-1.62 0.3 0.000372496
-1.62 0.36 0.000271661
-1.62 0.42 0.000195399
-1.62 0.48 0.000138614
-1.62 0.54 9.698e-05
-1.62 0.6 6.69185e-05
-1.62 0.66 4.55401e-05
-1.62 0.72 3.0566e-05
-1.62 0.78 2.02332e-05
-1.56 -2.4 0.000443784
-1.56 -2.34 0.000603357
-1.56 -2.28 0.000809031
-1.56 -2.22 0.0010699
-1.56 -2.16 0.00139544
-1.56 -2.1 0.00179503
-1.56 -2.04 0.0022773
-1.56 -1.98 0.00284938
-1.56 -1.92 0.00351624
-1.56 -1.86 0.00427946
-1.56 -1.8 0.00513681
-1.56 -1.74 0.00608117
-1.56 -1.68 0.00710012
-1.56 -1.62 0.0081759
-1.56 -1.56 0.00928525
-1.56 -1.5 0.0104002
-1.56 -1.44 0.0114888
-1.56 -1.38 0.012517
-1.56 -1.32 0.0134498
-1.56 -1.26 0.0142533
-1.56 -1.2 0.0148975
-1.56 -1.14 0.0153567
-1.56 -1.08 0.0156122
-1.56 -1.02 0.015654
-1.56 -0.96 0.01548
-1.56 -0.9 0.0150977
-1.56 -0.84 0.0145224
-1.56 -0.78 0.0137769
-1.56 -0.72 0.0128902
-1.56 -0.66 0.0118947
-1.56 -0.6 0.0108251
-1.56 -0.54 0.00971631
-1.56 -0.48 0.00860134
-1.56 -0.42 0.00750953
-1.56 -0.36 0.00646629
-1.56 -0.3 0.00549135
-1.56 -0.24 0.00459938
-1.56 -0.18 0.00379927
-1.56 -0.12 0.00309527
-1.56 -0.06 0.00248704
-1.56 9.71445e-15 0.00197085
-1.56 0.06 0.00154034
-1.56 0.12 0.00118732
-1.56 0.18 0.000902623
-1.56 0.24 0.000676751
-1.56 0.3 0.000500439
-1.56 0.36 0.000364968
-1.56 0.42 0.000262515
-1.56 0.48 0.000186224
-1.56 0.54 0.00013029
-1.56 0.6 8.99031e-05
-1.56 0.66 6.11819e-05
-1.56 0.72 4.10647e-05
-1.56 0.78 2.7183e-05
-1.56 0.84 1.77464e-05
-1.5 -2.46 0.000426559
-1.5 -2.4 0.000588021
-1.5 -2.34 0.000799454
-1.5 -2.28 0.00107197
-1.5 -2.22 0.00141762
-1.5 -2.16 0.00184897
-1.5 -2.1 0.00237841
-1.5 -2.04 0.00301744
-1.5 -1.98 0.00377548
-1.5 -1.92 0.00465906
-1.5 -1.86 0.00567033
-1.5 -1.8 0.00680635
-1.5 -1.74 0.0080576
-1.5 -1.68 0.00940768
-1.5 -1.62 0.0108332
-1.5 -1.56 0.012303
-1.5 -1.5 0.0137804
-1.5 -1.44 0.0152228
-1.5 -1.38 0.0165852
-1.5 -1.32 0.0178211
-1.5 -1.26 0.0188859
-1.5 -1.2 0.0197394
-1.5 -1.14 0.0203477
-1.5 -1.08 0.0206863
-1.5 -1.02 0.0207418
-1.5 -0.96 0.0205112
-1.5 -0.9 0.0200045
-1.5 -0.84 0.0192424
-1.5 -0.78 0.0182545
-1.5 -0.72 0.0170796
-1.5 -0.66 0.0157605
-1.5 -0.6 0.0143433
-1.5 -0.54 0.0128742
-1.5 -0.48 0.0113968
-1.5 -0.42 0.00995023
-1.5 -0.36 0.00856787
-1.5 -0.3 0.00727612
-1.5 -0.24 0.00609422
-1.5 -0.18 0.0050341
-1.5 -0.12 0.00410127
-1.5 -0.06 0.00329535
-1.5 9.71445e-15 0.00261138
-1.5 0.06 0.00204096
-1.5 0.12 0.0015732
-1.5 0.18 0.00119599
-1.5 0.24 0.000896709
-1.5 0.3 0.000663084
-1.5 0.36 0.000483587
-1.5 0.42 0.000347833
-1.5 0.48 0.000246749
-1.5 0.54 0.000172635
-1.5 0.6 0.000119122
-1.5 0.66 8.10667e-05
-1.5 0.72 5.44109e-05
-1.5 0.78 3.60178e-05
-1.5 0.84 2.35143e-05
-1.44 -2.52 0.000398809
-1.44 -2.46 0.00055743
-1.44 -2.4 0.000768427
-1.44 -2.34 0.00104472
-1.44 -2.28 0.00140084
-1.44 -2.22 0.00185255
-1.44 -2.16 0.00241623
-1.44 -2.1 0.00310812
-1.44 -2.04 0.00394316
-1.44 -1.98 0.00493378
-1.44 -1.92 0.00608844
-1.44 -1.86 0.00740998
-1.44 -1.8 0.0088945
-1.44 -1.74 0.0105296
-1.44 -1.68 0.012294
-1.44 -1.62 0.0141568
-1.44 -1.56 0.0160776
-1.44 -1.5 0.0180081
-1.44 -1.44 0.0198932
-1.44 -1.38 0.0216736
-1.44 -1.32 0.0232886
-1.44 -1.26 0.0246802
-1.44 -1.2 0.0257954
-1.44 -1.14 0.0265902
-1.44 -1.08 0.0270329
-1.44 -1.02 0.0271052
-1.44 -0.96 0.0268041
-1.44 -0.9 0.0261416
-1.44 -0.84 0.0251458
-1.44 -0.78 0.0238549
-1.44 -0.72 0.0223196
-1.44 -0.66 0.0205957
-1.44 -0.6 0.0187438
-1.44 -0.54 0.016824
-1.44 -0.48 0.0148932
-1.44 -0.42 0.013003
-1.44 -0.36 0.0111964
-1.44 -0.3 0.00950838
-1.44 -0.24 0.00796389
-1.44 -0.18 0.00657854
-1.44 -0.12 0.00535952
-1.44 -0.06 0.00430633
-1.44 9.71445e-15 0.00341256
-1.44 0.06 0.00266712
-1.44 0.12 0.00205585
-1.44 0.18 0.00156291
-1.44 0.24 0.00117182
-1.44 0.3 0.000866522
-1.44 0.36 0.000631953
-1.44 0.42 0.00045455
-1.44 0.48 0.000322453
-1.44 0.54 0.000225599
-1.44 0.6 0.000155667
-1.44 0.66 0.000105938
-1.44 0.72 7.11035e-05
-1.44 0.78 4.7068e-05
-1.44 0.84 3.07286e-05
-1.38 -2.58 0.000362681
-1.38 -2.52 0.000513999
-1.38 -2.46 0.000718432
-1.38 -2.4 0.000990374
-1.38 -2.34 0.00134647
-1.38 -2.28 0.00180546
-1.38 -2.22 0.00238763
-1.38 -2.16 0.0031141
-1.38 -2.1 0.00400587
-1.38 -2.04 0.0050821
-1.38 -1.98 0.00635877
-1.38 -1.92 0.00784694
-1.38 -1.86 0.00955015
-1.38 -1.8 0.0114635
-1.38 -1.74 0.013571
-1.38 -1.68 0.015845
-1.38 -1.62 0.0182456
-1.38 -1.56 0.0207214
-1.38 -1.5 0.0232094
-1.38 -1.44 0.0256389
-1.38 -1.38 0.0279336
-1.38 -1.32 0.0300152
-1.38 -1.26 0.0318085
-1.38 -1.2 0.0332457
-1.38 -1.14 0.0342704
-1.38 -1.08 0.0348411
-1.38 -1.02 0.034934
-1.38 -0.96 0.034546
-1.38 -0.9 0.0336925
-1.38 -0.84 0.0324087
-1.38 -0.78 0.0307448
-1.38 -0.72 0.0287661
-1.38 -0.66 0.0265446
-1.38 -0.6 0.0241578
-1.38 -0.54 0.0216834
-1.38 -0.48 0.019195
-1.38 -0.42 0.0167587
-1.38 -0.36 0.0144304
-1.38 -0.3 0.0122547
-1.38 -0.24 0.0102641
-1.38 -0.18 0.00847857
-1.38 -0.12 0.00690751
-1.38 -0.06 0.00555018
-1.38 9.71445e-15 0.00439825
-1.38 0.06 0.00343746
-1.38 0.12 0.00264967
-1.38 0.18 0.00201432
-1.38 0.24 0.00151027
-1.38 0.3 0.00111681
-1.38 0.36 0.000814483
-1.38 0.42 0.000585842
-1.38 0.48 0.000415588
-1.38 0.54 0.000290758
-1.38 0.6 0.000200631
-1.38 0.66 0.000136537
-1.38 0.72 9.16415e-05
-1.38 0.78 6.06623e-05
-1.38 0.84 3.96038e-05
-1.32 -2.58 0.000461012
-1.32 -2.52 0.000653356
-1.32 -2.46 0.000913206
-1.32 -2.4 0.00125888
-1.32 -2.34 0.00171154
-1.32 -2.28 0.00229497
-1.32 -2.22 0.00303495
-1.32 -2.16 0.00395845
-1.32 -2.1 0.0050919
-1.32 -2.04 0.00645994
-1.32 -1.98 0.00808282
-1.32 -1.92 0.00997447
-1.32 -1.86 0.0121395
-1.32 -1.8 0.0145715
-1.32 -1.74 0.0172503
-1.32 -1.68 0.0201407
-1.32 -1.62 0.0231925
-1.32 -1.56 0.026339
-1.32 -1.5 0.0295019
-1.32 -1.44 0.0325904
-1.32 -1.38 0.0355068
-1.32 -1.32 0.0381529
-1.32 -1.26 0.0404323
-1.32 -1.2 0.0422594
-1.32 -1.14 0.0435618
-1.32 -1.08 0.0442868
-1.32 -1.02 0.0444054
-1.32 -0.96 0.0439117
-1.32 -0.9 0.0428273
-1.32 -0.84 0.0411954
-1.32 -0.78 0.0390808
-1.32 -0.72 0.0365652
-1.32 -0.66 0.0337414
-1.32 -0.6 0.0307074
-1.32 -0.54 0.0275623
-1.32 -0.48 0.0243993
-1.32 -0.42 0.0213023
-1.32 -0.36 0.0183427
-1.32 -0.3 0.0155772
-1.32 -0.24 0.013047
-1.32 -0.18 0.0107774
-1.32 -0.12 0.00878028
-1.32 -0.06 0.00705493
-1.32 9.71445e-15 0.00559066
-1.32 0.06 0.00436946
-1.32 0.12 0.00336802
-1.32 0.18 0.00256045
-1.32 0.24 0.00191974
-1.32 0.3 0.00141959
-1.32 0.36 0.00103529
-1.32 0.42 0.000744667
-1.32 0.48 0.000528262
-1.32 0.54 0.000369593
-1.32 0.6 0.000255026
-1.32 0.66 0.000173555
-1.32 0.72 0.000116487
-1.32 0.78 7.71095e-05
-1.32 0.84 5.03413e-05
-1.32 0.9 3.2414e-05
-1.26 -2.64 0.000402199
-1.26 -2.58 0.000577945
-1.26 -2.52 0.000819074
-1.26 -2.46 0.00114485
-1.26 -2.4 0.00157818
-1.26 -2.34 0.00214565
-1.26 -2.28 0.00287708
-1.26 -2.22 0.00380481
-1.26 -2.16 0.00496247
-1.26 -2.1 0.00638348
-1.26 -2.04 0.00809842
-1.26 -1.98 0.010133
-1.26 -1.92 0.0125043
-1.26 -1.86 0.0152186
-1.26 -1.8 0.0182674
-1.26 -1.74 0.0216256
-1.26 -1.68 0.0252493
-1.26 -1.62 0.0290747
-1.26 -1.56 0.0330201
-1.26 -1.5 0.0369851
-1.26 -1.44 0.0408565
-1.26 -1.38 0.044513
-1.26 -1.32 0.0478303
-1.26 -1.26 0.0506881
-1.26 -1.2 0.0529778
-1.26 -1.14 0.0546106
-1.26 -1.08 0.0555199
-1.26 -1.02 0.0556681
-1.26 -0.96 0.0550502
-1.26 -0.9 0.0536906
-1.26 -0.84 0.051644
-1.26 -0.78 0.0489935
-1.26 -0.72 0.0458395
-1.26 -0.66 0.0422996
-1.26 -0.6 0.0384964
-1.26 -0.54 0.0345534
-1.26 -0.48 0.0305881
-1.26 -0.42 0.0267054
-1.26 -0.36 0.0229952
-1.26 -0.3 0.0195284
-1.26 -0.24 0.0163561
-1.26 -0.18 0.013511
-1.26 -0.12 0.0110073
-1.26 -0.06 0.00884435
-1.26 9.71445e-15 0.00700874
-1.26 0.06 0.00547769
-1.26 0.12 0.00422232
-1.26 0.18 0.00320988
-1.26 0.24 0.00240669
-1.26 0.3 0.00177966
-1.26 0.36 0.00129791
-1.26 0.42 0.000933549
-1.26 0.48 0.000662253
-1.26 0.54 0.000463336
-1.26 0.6 0.000319714
-1.26 0.66 0.000217576
-1.26 0.72 0.000146034
-1.26 0.78 9.66668e-05
-1.26 0.84 6.31104e-05
-1.26 0.9 4.06356e-05
-1.2 -2.7 0.000341312
-1.2 -2.64 0.000497286
-1.2 -2.58 0.000714586
-1.2 -2.52 0.00101272
-1.2 -2.46 0.00141551
-1.2 -2.4 0.0019513
-1.2 -2.34 0.00265292
-1.2 -2.28 0.00355723
-1.2 -2.22 0.00470428
-1.2 -2.16 0.00613566
-1.2 -2.1 0.0078926
-1.2 -2.04 0.010013
-1.2 -1.98 0.0125286
-1.2 -1.92 0.0154607
-1.2 -1.86 0.0188165
-1.2 -1.8 0.0225862
-1.2 -1.74 0.0267382
-1.2 -1.68 0.0312188
-1.2 -1.62 0.0359489
-1.2 -1.56 0.0408267
-1.2 -1.5 0.0457287
-1.2 -1.44 0.0505156
-1.2 -1.38 0.055037
-1.2 -1.32 0.0591379
-1.2 -1.26 0.0626717
-1.2 -1.2 0.0655035
-1.2 -1.14 0.0675216
-1.2 -1.08 0.0686461
-1.2 -1.02 0.0688295
-1.2 -0.96 0.0680651
-1.2 -0.9 0.0663829
-1.2 -0.84 0.0638537
-1.2 -0.78 0.060576
-1.2 -0.72 0.056677
-1.2 -0.66 0.0522995
-1.2 -0.6 0.047597
-1.2 -0.54 0.0427221
-1.2 -0.48 0.037819
-1.2 -0.42 0.0330191
-1.2 -0.36 0.0284317
-1.2 -0.3 0.0241451
-1.2 -0.24 0.0202231
-1.2 -0.18 0.0167052
-1.2 -0.12 0.0136097
-1.2 -0.06 0.0109352
-1.2 9.71445e-15 0.00866569
-1.2 0.06 0.00677275
-1.2 0.12 0.00522054
-1.2 0.18 0.00396877
-1.2 0.24 0.00297567
-1.2 0.3 0.0022004
-1.2 0.36 0.00160475
-1.2 0.42 0.00115426
-1.2 0.48 0.00081882
-1.2 0.54 0.000572874
-1.2 0.6 0.000395293
-1.2 0.66 0.000269014
-1.2 0.72 0.000180557
-1.2 0.78 0.000119522
-1.2 0.84 7.80306e-05
-1.2 0.9 5.02428e-05
-1.14 -2.7 0.000416202
-1.14 -2.64 0.000606401
-1.14 -2.58 0.000871379
-1.14 -2.52 0.00123493
-1.14 -2.46 0.00172609
-1.14 -2.4 0.00237945
-1.14 -2.34 0.00323504
-1.14 -2.28 0.00433781
-1.14 -2.22 0.00573649
-1.14 -2.16 0.00748201
-1.14 -2.1 0.00962438
-1.14 -2.04 0.0122101
-1.14 -1.98 0.0152777
-1.14 -1.92 0.018853
-1.14 -1.86 0.0229454
-1.14 -1.8 0.027542
-1.14 -1.74 0.0326051
-1.14 -1.68 0.0380685
-1.14 -1.62 0.0438366
-1.14 -1.56 0.0497841
-1.14 -1.5 0.0557627
-1.14 -1.44 0.0616002
-1.14 -1.38 0.0671124
-1.14 -1.32 0.0721142
-1.14 -1.26 0.0764229
-1.14 -1.2 0.0798756
-1.14 -1.14 0.0823372
-1.14 -1.08 0.0837076
-1.14 -1.02 0.0839316
-1.14 -0.96 0.0829993
-1.14 -0.9 0.0809493
-1.14 -0.84 0.0778645
-1.14 -0.78 0.0738682
-1.14 -0.72 0.0691127
-1.14 -0.66 0.0637755
-1.14 -0.6 0.058041
-1.14 -0.54 0.0520966
-1.14 -0.48 0.0461179
-1.14 -0.42 0.0402641
-1.14 -0.36 0.0346698
-1.14 -0.3 0.0294432
-1.14 -0.24 0.0246605
-1.14 -0.18 0.0203708
-1.14 -0.12 0.0165958
-1.14 -0.06 0.0133347
-1.14 9.71445e-15 0.0105671
-1.14 0.06 0.00825885
-1.14 0.12 0.00636598
-1.14 0.18 0.00483956
-1.14 0.24 0.00362859
-1.14 0.3 0.0026832
-1.14 0.36 0.00195686
-1.14 0.42 0.00140752
-1.14 0.48 0.000998486
-1.14 0.54 0.000698581
-1.14 0.6 0.000482034
-1.14 0.66 0.000328043
-1.14 0.72 0.000220176
-1.14 0.78 0.000145746
-1.14 0.84 9.51522e-05
-1.14 0.9 6.12667e-05
-1.08 -2.76 0.000338828
-1.08 -2.7 0.000500546
-1.08 -2.64 0.000729298
-1.08 -2.58 0.00104797
-1.08 -2.52 0.00148519
-1.08 -2.46 0.00207589
-1.08 -2.4 0.00286167
-1.08 -2.34 0.00389063
-1.08 -2.28 0.00521686
-1.08 -2.22 0.00689898
-1.08 -2.16 0.00899824
-1.08 -2.1 0.0115748
-1.08 -2.04 0.0146847
-1.08 -1.98 0.0183737
-1.08 -1.92 0.0226738
-1.08 -1.86 0.0275952
-1.08 -1.8 0.0331238
-1.08 -1.74 0.0392131
-1.08 -1.68 0.0457834
-1.08 -1.62 0.0527208
-1.08 -1.56 0.0598738
-1.08 -1.5 0.0670634
-1.08 -1.44 0.0740836
-1.08 -1.38 0.0807137
-1.08 -1.32 0.0867282
-1.08 -1.26 0.0919102
-1.08 -1.2 0.0960637
-1.08 -1.14 0.0990242
-1.08 -1.08 0.100672
-1.08 -1.02 0.100942
-1.08 -0.96 0.0998196
-1.08 -0.9 0.0973539
-1.08 -0.84 0.0936449
-1.08 -0.78 0.0888374
-1.08 -0.72 0.0831197
-1.08 -0.66 0.0767003
-1.08 -0.6 0.0698034
-1.08 -0.54 0.0626538
-1.08 -0.48 0.0554638
-1.08 -0.42 0.0484239
-1.08 -0.36 0.0416964
-1.08 -0.3 0.0354099
-1.08 -0.24 0.0296582
-1.08 -0.18 0.0244989
-1.08 -0.12 0.0199593
-1.08 -0.06 0.0160372
-1.08 9.71445e-15 0.0127086
-1.08 0.06 0.00993257
-1.08 0.12 0.00765615
-1.08 0.18 0.00582039
-1.08 0.24 0.00436392
-1.08 0.3 0.00322697
-1.08 0.36 0.00235342
-1.08 0.42 0.00169277
-1.08 0.48 0.00120083
-1.08 0.54 0.000840149
-1.08 0.6 0.000579719
-1.08 0.66 0.00039452
-1.08 0.72 0.000264796
-1.08 0.78 0.000175284
-1.08 0.84 0.000114435
-1.08 0.9 7.36829e-05
-1.08 0.96 4.67907e-05
-1.02 -2.76 0.000401893
-1.02 -2.7 0.000593707
-1.02 -2.64 0.000865037
-1.02 -2.58 0.00124303
-1.02 -2.52 0.00176161
-1.02 -2.46 0.00246228
-1.02 -2.4 0.00339428
-1.02 -2.34 0.00461477
-1.02 -2.28 0.00618789
-1.02 -2.22 0.00818313
-1.02 -2.16 0.0106731
-1.02 -2.1 0.0137291
-1.02 -2.04 0.0174178
-1.02 -1.98 0.0217937
-1.02 -1.92 0.0268938
-1.02 -1.86 0.0327316
-1.02 -1.8 0.039289
-1.02 -1.74 0.0465116
-1.02 -1.68 0.0543048
-1.02 -1.62 0.0625333
-1.02 -1.56 0.0710179
-1.02 -1.5 0.0795461
-1.02 -1.44 0.0878723
-1.02 -1.38 0.0957367
-1.02 -1.32 0.10287
-1.02 -1.26 0.109018
-1.02 -1.2 0.113944
-1.02 -1.14 0.117455
-1.02 -1.08 0.119409
-1.02 -1.02 0.11973
-1.02 -0.96 0.118399
-1.02 -0.9 0.115475
-1.02 -0.84 0.111074
-1.02 -0.78 0.105373
-1.02 -0.72 0.0985905
-1.02 -0.66 0.0909757
-1.02 -0.6 0.0827955
-1.02 -0.54 0.0743155
-1.02 -0.48 0.0657871
-1.02 -0.42 0.0574364
-1.02 -0.36 0.0494571
-1.02 -0.3 0.0420009
-1.02 -0.24 0.0351781
-1.02 -0.18 0.029059
-1.02 -0.12 0.0236742
-1.02 -0.06 0.019022
-1.02 9.71445e-15 0.0150739
-1.02 0.06 0.0117812
-1.02 0.12 0.00908112
-1.02 0.18 0.00690372
-1.02 0.24 0.00517619
-1.02 0.3 0.00382757
-1.02 0.36 0.00279147
-1.02 0.42 0.00200783
-1.02 0.48 0.00142433
-1.02 0.54 0.000996525
-1.02 0.6 0.000687623
-1.02 0.66 0.000467951
-1.02 0.72 0.00031408
-1.02 0.78 0.000207909
-1.02 0.84 0.000135735
-1.02 0.9 8.73969e-05
-1.02 0.96 5.55e-05
-0.96 -2.82 0.000313872
-0.96 -2.76 0.000470145
-0.96 -2.7 0.000694538
-0.96 -2.64 0.00101193
-0.96 -2.58 0.00145412
-0.96 -2.52 0.00206079
-0.96 -2.46 0.00288043
-0.96 -2.4 0.0039707
-0.96 -2.34 0.0053985
-0.96 -2.28 0.00723875
-0.96 -2.22 0.00957282
-0.96 -2.16 0.0124857
-0.96 -2.1 0.0160607
-0.96 -2.04 0.0203757
-0.96 -1.98 0.0254948
-0.96 -1.92 0.031461
-0.96 -1.86 0.0382903
-0.96 -1.8 0.0459611
-0.96 -1.74 0.05441
-0.96 -1.68 0.0635267
-0.96 -1.62 0.0731525
-0.96 -1.56 0.083078
-0.96 -1.5 0.0930547
-0.96 -1.44 0.102796
-0.96 -1.38 0.111995
-0.96 -1.32 0.120341
-0.96 -1.26 0.127532
-0.96 -1.2 0.133294
-0.96 -1.14 0.137401
-0.96 -1.08 0.139687
-0.96 -1.02 0.140062
-0.96 -0.96 0.138506
-0.96 -0.9 0.135085
-0.96 -0.84 0.129936
-0.96 -0.78 0.123268
-0.96 -0.72 0.115333
-0.96 -0.66 0.106426
-0.96 -0.6 0.0968562
-0.96 -0.54 0.0869365
-0.96 -0.48 0.0769595
-0.96 -0.42 0.0671909
-0.96 -0.36 0.0578557
-0.96 -0.3 0.0491336
-0.96 -0.24 0.0411522
-0.96 -0.18 0.0339939
-0.96 -0.12 0.0276945
-0.96 -0.06 0.0222523
-0.96 9.71445e-15 0.0176338
-0.96 0.06 0.013782
-0.96 0.12 0.0106232
-0.96 0.18 0.0080761
-0.96 0.24 0.00605525
-0.96 0.3 0.00447759
-0.96 0.36 0.00326553
-0.96 0.42 0.0023488
-0.96 0.48 0.00166623
-0.96 0.54 0.00116576
-0.96 0.6 0.000804398
-0.96 0.66 0.000547423
-0.96 0.72 0.000367419
-0.96 0.78 0.000243216
-0.96 0.84 0.000158786
-0.96 0.9 0.000102239
-0.96 0.96 6.49256e-05
-0.9 -2.82 0.000362129
-0.9 -2.76 0.000542426
-0.9 -2.7 0.000801323
-0.9 -2.64 0.00116751
-0.9 -2.58 0.00167768
-0.9 -2.52 0.00237763
-0.9 -2.46 0.00332329
-0.9 -2.4 0.00458119
-0.9 -2.34 0.00622848
-0.9 -2.28 0.00835162
-0.9 -2.22 0.0110446
-0.9 -2.16 0.0144052
-0.9 -2.1 0.0185301
-0.9 -2.04 0.0235081
-0.9 -1.98 0.0294143
-0.9 -1.92 0.0362979
-0.9 -1.86 0.0441772
-0.9 -1.8 0.0530271
-0.9 -1.74 0.0627747
-0.9 -1.68 0.0732941
-0.9 -1.62 0.0843991
-0.9 -1.56 0.095851
-0.9 -1.5 0.107361
-0.9 -1.44 0.1186
-0.9 -1.38 0.129213
-0.9 -1.32 0.138843
-0.9 -1.26 0.147139
-0.9 -1.2 0.153786
-0.9 -1.14 0.158524
-0.9 -1.08 0.161164
-0.9 -1.02 0.161595
-0.9 -0.96 0.159801
-0.9 -0.9 0.155853
-0.9 -0.84 0.149913
-0.9 -0.78 0.142219
-0.9 -0.72 0.133064
-0.9 -0.66 0.122787
-0.9 -0.6 0.111748
-0.9 -0.54 0.100303
-0.9 -0.48 0.0887911
-0.9 -0.42 0.0775213
-0.9 -0.36 0.0667506
-0.9 -0.3 0.0566873
-0.9 -0.24 0.047479
-0.9 -0.18 0.0392202
-0.9 -0.12 0.0319522
-0.9 -0.06 0.0256733
-0.9 9.71445e-15 0.0203451
-0.9 0.06 0.0159009
-0.9 0.12 0.0122566
-0.9 0.18 0.0093177
-0.9 0.24 0.00698621
-0.9 0.3 0.00516603
-0.9 0.36 0.0037676
-0.9 0.42 0.00270992
-0.9 0.48 0.0019224
-0.9 0.54 0.00134499
-0.9 0.6 0.000928065
-0.9 0.66 0.000631588
-0.9 0.72 0.000423906
-0.9 0.78 0.000280608
-0.9 0.84 0.000183199
-0.9 0.9 0.000117958
-0.9 0.96 7.49077e-05
-0.84 -2.88 0.000271313
-0.84 -2.82 0.00041206
-0.84 -2.76 0.000617216
-0.84 -2.7 0.000911813
-0.84 -2.64 0.00132849
-0.84 -2.58 0.001909
-0.84 -2.52 0.00270546
-0.84 -2.46 0.00378151
-0.84 -2.4 0.00521284
-0.84 -2.34 0.00708724
-0.84 -2.28 0.0095032
-0.84 -2.22 0.0125676
-0.84 -2.16 0.0163914
-0.84 -2.1 0.0210851
-0.84 -2.04 0.0267497
-0.84 -1.98 0.03347
-0.84 -1.92 0.0413025
-0.84 -1.86 0.0502681
-0.84 -1.8 0.0603385
-0.84 -1.74 0.0714309
-0.84 -1.68 0.0834002
-0.84 -1.62 0.0960356
-0.84 -1.56 0.109068
-0.84 -1.5 0.122164
-0.84 -1.44 0.134952
-0.84 -1.38 0.14703
-0.84 -1.32 0.157987
-0.84 -1.26 0.167427
-0.84 -1.2 0.17499
-0.84 -1.14 0.180383
-0.84 -1.08 0.183386
-0.84 -1.02 0.183876
-0.84 -0.96 0.181835
-0.84 -0.9 0.177344
-0.84 -0.84 0.170584
-0.84 -0.78 0.161829
-0.84 -0.72 0.151411
-0.84 -0.66 0.139718
-0.84 -0.6 0.127156
-0.84 -0.54 0.114132
-0.84 -0.48 0.101034
-0.84 -0.42 0.0882099
-0.84 -0.36 0.0759549
-0.84 -0.3 0.0645038
-0.84 -0.24 0.0540253
-0.84 -0.18 0.0446278
-0.84 -0.12 0.0363579
-0.84 -0.06 0.0292135
-0.84 9.71445e-15 0.0231503
-0.84 0.06 0.0180932
-0.84 0.12 0.0139466
-0.84 0.18 0.0106025
-0.84 0.24 0.00794946
-0.84 0.3 0.00587834
-0.84 0.36 0.0042871
-0.84 0.42 0.00308358
-0.84 0.48 0.00218747
-0.84 0.54 0.00153043
-0.84 0.6 0.00105604
-0.84 0.66 0.000718671
-0.84 0.72 0.000482359
-0.84 0.78 0.000319298
-0.84 0.84 0.000208458
-0.84 0.9 0.000134222
-0.84 0.96 8.52363e-05
-0.78 -2.88 0.000304477
-0.78 -2.82 0.000462429
-0.78 -2.76 0.000692669
-0.78 -2.7 0.00102327
-0.78 -2.64 0.0014909
-0.78 -2.58 0.00214238
-0.78 -2.52 0.00303618
-0.78 -2.46 0.00424378
-0.78 -2.4 0.00585009
-0.78 -2.34 0.00795364
-0.78 -2.28 0.0106649
-0.78 -2.22 0.0141037
-0.78 -2.16 0.0183952
-0.78 -2.1 0.0236623
-0.78 -2.04 0.0300198
-0.78 -1.98 0.0375617
-0.78 -1.92 0.0463518
-0.78 -1.86 0.0564135
-0.78 -1.8 0.0677152
-0.78 -1.74 0.0801632
-0.78 -1.68 0.0935948
-0.78 -1.62 0.107777
-0.78 -1.56 0.1224
-0.78 -1.5 0.137099
-0.78 -1.44 0.151449
-0.78 -1.38 0.165004
-0.78 -1.32 0.177299
-0.78 -1.26 0.187894
-0.78 -1.2 0.196383
-0.78 -1.14 0.202435
-0.78 -1.08 0.205803
-0.78 -1.02 0.206356
-0.78 -0.96 0.204063
-0.78 -0.9 0.199022
-0.78 -0.84 0.191438
-0.78 -0.78 0.181612
-0.78 -0.72 0.169922
-0.78 -0.66 0.156797
-0.78 -0.6 0.142699
-0.78 -0.54 0.128084
-0.78 -0.48 0.113385
-0.78 -0.42 0.0989926
-0.78 -0.36 0.0852398
-0.78 -0.3 0.0723891
-0.78 -0.24 0.0606299
-0.78 -0.18 0.0500836
-0.78 -0.12 0.0408028
-0.78 -0.06 0.0327846
-0.78 9.71445e-15 0.02598
-0.78 0.06 0.0203051
-0.78 0.12 0.0156514
-0.78 0.18 0.0118986
-0.78 0.24 0.00892125
-0.78 0.3 0.00659686
-0.78 0.36 0.00481113
-0.78 0.42 0.00346052
-0.78 0.48 0.00245486
-0.78 0.54 0.00171753
-0.78 0.6 0.00118513
-0.78 0.66 0.000806522
-0.78 0.72 0.000541321
-0.78 0.78 0.000358334
-0.78 0.84 0.000233941
-0.78 0.9 0.00015063
-0.78 0.96 9.56553e-05
-0.72 -2.88 0.000337002
-0.72 -2.82 0.000511824
-0.72 -2.76 0.000766649
-0.72 -2.7 0.00113258
-0.72 -2.64 0.00165016
-0.72 -2.58 0.0023712
-0.72 -2.52 0.0033605
-0.72 -2.46 0.00469709
-0.72 -2.4 0.00647502
-0.72 -2.34 0.00880316
-0.72 -2.28 0.011804
-0.72 -2.22 0.0156103
-0.72 -2.16 0.0203599
-0.72 -2.1 0.0261901
-0.72 -2.04 0.0332265
-0.72 -1.98 0.0415735
-0.72 -1.92 0.051303
-0.72 -1.86 0.0624387
-0.72 -1.8 0.0749477
-0.72 -1.74 0.0887263
-0.72 -1.68 0.103594
-0.72 -1.62 0.119289
-0.72 -1.56 0.135476
-0.72 -1.5 0.151742
-0.72 -1.44 0.167626
-0.72 -1.38 0.182629
-0.72 -1.32 0.196238
-0.72 -1.26 0.207964
-0.72 -1.2 0.21736
-0.72 -1.14 0.224059
-0.72 -1.08 0.22779
-0.72 -1.02 0.228397
-0.72 -0.96 0.225861
-0.72 -0.9 0.22028
-0.72 -0.84 0.211887
-0.72 -0.78 0.201009
-0.72 -0.72 0.188072
-0.72 -0.66 0.173547
-0.72 -0.6 0.157942
-0.72 -0.54 0.141765
-0.72 -0.48 0.125496
-0.72 -0.42 0.109567
-0.72 -0.36 0.0943457
-0.72 -0.3 0.080121
-0.72 -0.24 0.0671061
-0.72 -0.18 0.0554326
-0.72 -0.12 0.045161
-0.72 -0.06 0.0362868
-0.72 9.71445e-15 0.0287555
-0.72 0.06 0.0224739
-0.72 0.12 0.0173234
-0.72 0.18 0.0131696
-0.72 0.24 0.00987415
-0.72 0.3 0.00730162
-0.72 0.36 0.00532507
-0.72 0.42 0.00383021
-0.72 0.48 0.0027171
-0.72 0.54 0.00190096
-0.72 0.6 0.00131171
-0.72 0.66 0.000892669
-0.72 0.72 0.000599148
-0.72 0.78 0.000396608
-0.72 0.84 0.000258929
-0.72 0.9 0.000166721
-0.72 0.96 0.000105873
-0.66 -2.94 0.00023889
-0.66 -2.88 0.000367872
-0.66 -2.82 0.000558714
-0.66 -2.76 0.000836889
-0.66 -2.7 0.00123633
-0.66 -2.64 0.00180131
-0.66 -2.58 0.00258842
-0.66 -2.52 0.00366836
-0.66 -2.46 0.00512733
-0.66 -2.4 0.00706817
-0.66 -2.34 0.00960969
-0.66 -2.28 0.0128854
-0.66 -2.22 0.0170403
-0.66 -2.16 0.0222253
-0.66 -2.1 0.0285893
-0.66 -2.04 0.03627
-0.66 -1.98 0.0453821
-0.66 -1.92 0.0560029
-0.66 -1.86 0.0681591
-0.66 -1.8 0.0818131
-0.66 -1.74 0.0968534
-0.66 -1.68 0.113083
-0.66 -1.62 0.130217
-0.66 -1.56 0.147884
-0.66 -1.5 0.165642
-0.66 -1.44 0.182983
-0.66 -1.38 0.199358
-0.66 -1.32 0.214215
-0.66 -1.26 0.227014
-0.66 -1.2 0.237271
-0.66 -1.14 0.244583
-0.66 -1.08 0.248655
-0.66 -1.02 0.249319
-0.66 -0.96 0.246549
-0.66 -0.9 0.240459
-0.66 -0.84 0.231296
-0.66 -0.78 0.219424
-0.66 -0.72 0.2053
-0.66 -0.66 0.189445
-0.66 -0.6 0.172411
-0.66 -0.54 0.154753
-0.66 -0.48 0.136993
-0.66 -0.42 0.119605
-0.66 -0.36 0.102987
-0.66 -0.3 0.0874604
-0.66 -0.24 0.0732539
-0.66 -0.18 0.0605112
-0.66 -0.12 0.0492979
-0.66 -0.06 0.0396106
-0.66 9.71445e-15 0.0313896
-0.66 0.06 0.0245329
-0.66 0.12 0.0189102
-0.66 0.18 0.0143759
-0.66 0.24 0.0107787
-0.66 0.3 0.00797048
-0.66 0.36 0.00581284
-0.66 0.42 0.00418105
-0.66 0.48 0.00296601
-0.66 0.54 0.00207513
-0.66 0.6 0.00143187
-0.66 0.66 0.000974451
-0.66 0.72 0.000654029
-0.66 0.78 0.000432941
-0.66 0.84 0.000282649
-0.66 0.9 0.000181993
-0.66 0.96 0.000115572
-0.6 -2.94 0.000257189
-0.6 -2.88 0.00039605
-0.6 -2.82 0.000601504
-0.6 -2.76 0.000900991
-0.6 -2.7 0.00133101
-0.6 -2.64 0.0019393
-0.6 -2.58 0.00278671
-0.6 -2.52 0.0039493
-0.6 -2.46 0.0055201
-0.6 -2.4 0.00760953
-0.6 -2.34 0.0103457
-0.6 -2.28 0.0138724
-0.6 -2.22 0.0183455
-0.6 -2.16 0.0239276
-0.6 -2.1 0.0307788
-0.6 -2.04 0.0390485
-0.6 -1.98 0.0488586
-0.6 -1.92 0.0602924
-0.6 -1.86 0.0733799
-0.6 -1.8 0.0880808
-0.6 -1.74 0.104273
-0.6 -1.68 0.121744
-0.6 -1.62 0.140191
-0.6 -1.56 0.159213
-0.6 -1.5 0.178332
-0.6 -1.44 0.196998
-0.6 -1.38 0.214629
-0.6 -1.32 0.230621
-0.6 -1.26 0.244403
-0.6 -1.2 0.255447
-0.6 -1.14 0.263319
-0.6 -1.08 0.2677
-0.6 -1.02 0.268418
-0.6 -0.96 0.265435
-0.6 -0.9 0.258879
-0.6 -0.84 0.249014
-0.6 -0.78 0.236233
-0.6 -0.72 0.221027
-0.6 -0.66 0.203956
-0.6 -0.6 0.185617
-0.6 -0.54 0.166605
-0.6 -0.48 0.147486
-0.6 -0.42 0.128765
-0.6 -0.36 0.110876
-0.6 -0.3 0.0941605
-0.6 -0.24 0.0788647
-0.6 -0.18 0.0651464
-0.6 -0.12 0.0530744
-0.6 -0.06 0.0426449
-0.6 9.71445e-15 0.0337937
-0.6 0.06 0.0264119
-0.6 0.12 0.0203587
-0.6 0.18 0.0154772
-0.6 0.24 0.0116043
-0.6 0.3 0.00858091
-0.6 0.36 0.00625811
-0.6 0.42 0.0045013
-0.6 0.48 0.00319315
-0.6 0.54 0.00223407
-0.6 0.6 0.00154156
-0.6 0.66 0.00104908
-0.6 0.72 0.000704126
-0.6 0.78 0.000466105
-0.6 0.84 0.000304299
-0.6 0.9 0.000195932
-0.6 0.96 0.000124424
-0.54 -2.94 0.000273084
-0.54 -2.88 0.000420531
-0.54 -2.82 0.000638682
-0.54 -2.76 0.000956676
-0.54 -2.7 0.00141329
-0.54 -2.64 0.00205915
-0.54 -2.58 0.0029589
-0.54 -2.52 0.00419339
-0.54 -2.46 0.0058612
-0.54 -2.4 0.0080798
-0.54 -2.34 0.0109851
-0.54 -2.28 0.0147298
-0.54 -2.22 0.0194794
-0.54 -2.16 0.0254064
-0.54 -2.1 0.0326814
-0.54 -2.04 0.0414617
-0.54 -1.98 0.0518778
-0.54 -1.92 0.0640185
-0.54 -1.86 0.0779147
-0.54 -1.8 0.0935233
-0.54 -1.74 0.110717
-0.54 -1.68 0.129269
-0.54 -1.62 0.148855
-0.54 -1.56 0.169052
-0.54 -1.5 0.189352
-0.54 -1.44 0.209173
-0.54 -1.38 0.227891
-0.54 -1.32 0.244876
-0.54 -1.26 0.259505
-0.54 -1.2 0.271231
-0.54 -1.14 0.279592
-0.54 -1.08 0.284246
-0.54 -1.02 0.285005
-0.54 -0.96 0.281838
-0.54 -0.9 0.274879
-0.54 -0.84 0.264403
-0.54 -0.78 0.250832
-0.54 -0.72 0.234685
-0.54 -0.66 0.216562
-0.54 -0.6 0.19709
-0.54 -0.54 0.176902
-0.54 -0.48 0.156602
-0.54 -0.42 0.136723
-0.54 -0.36 0.117729
-0.54 -0.3 0.0999794
-0.54 -0.24 0.0837389
-0.54 -0.18 0.0691723
-0.54 -0.12 0.0563541
-0.54 -0.06 0.0452806
-0.54 9.71445e-15 0.0358826
-0.54 0.06 0.0280443
-0.54 0.12 0.021617
-0.54 0.18 0.0164336
-0.54 0.24 0.0123214
-0.54 0.3 0.00911131
-0.54 0.36 0.00664488
-0.54 0.42 0.0047795
-0.54 0.48 0.00339052
-0.54 0.54 0.00237215
-0.54 0.6 0.00163684
-0.54 0.66 0.00111392
-0.54 0.72 0.00074765
-0.54 0.78 0.000494908
-0.54 0.84 0.000323103
-0.54 0.9 0.000208042
-0.54 0.96 0.000132114
-0.48 -2.94 0.000285976
-0.48 -2.88 0.000440381
-0.48 -2.82 0.000668829
-0.48 -2.76 0.00100183
-0.48 -2.7 0.00148
-0.48 -2.64 0.00215636
-0.48 -2.58 0.00309858
-0.48 -2.52 0.00439134
-0.48 -2.46 0.00613793
-0.48 -2.4 0.00846125
-0.48 -2.34 0.0115036
-0.48 -2.28 0.015425
-0.48 -2.22 0.0203988
-0.48 -2.16 0.0266055
-0.48 -2.1 0.0342241
-0.48 -2.04 0.0434191
-0.48 -1.98 0.0543266
-0.48 -1.92 0.0670406
-0.48 -1.86 0.081592
-0.48 -1.8 0.0979388
-0.48 -1.74 0.115944
-0.48 -1.68 0.135372
-0.48 -1.62 0.155882
-0.48 -1.56 0.177034
-0.48 -1.5 0.19829
-0.48 -1.44 0.219046
-0.48 -1.38 0.238651
-0.48 -1.32 0.256435
-0.48 -1.26 0.271756
-0.48 -1.2 0.284036
-0.48 -1.14 0.292791
-0.48 -1.08 0.297665
-0.48 -1.02 0.29846
-0.48 -0.96 0.295144
-0.48 -0.9 0.287853
-0.48 -0.84 0.276885
-0.48 -0.78 0.262671
-0.48 -0.72 0.245765
-0.48 -0.66 0.226784
-0.48 -0.6 0.206393
-0.48 -0.54 0.185252
-0.48 -0.48 0.163993
-0.48 -0.42 0.143177
-0.48 -0.36 0.123287
-0.48 -0.3 0.104699
-0.48 -0.24 0.0876918
-0.48 -0.18 0.0724372
-0.48 -0.12 0.0590147
-0.48 -0.06 0.0474181
-0.48 9.71445e-15 0.0375764
-0.48 0.06 0.0293681
-0.48 0.12 0.0226375
-0.48 0.18 0.0172095
-0.48 0.24 0.012903
-0.48 0.3 0.00954143
-0.48 0.36 0.00695855
-0.48 0.42 0.00500514
-0.48 0.48 0.00355057
-0.48 0.54 0.00248411
-0.48 0.6 0.00171409
-0.48 0.66 0.0011665
-0.48 0.72 0.000782942
-0.48 0.78 0.000518272
-0.48 0.84 0.000338355
-0.48 0.9 0.000217863
-0.48 0.96 0.000138349
-0.42 -3 0.000189164
-0.42 -2.94 0.000295358
-0.42 -2.88 0.000454828
-0.42 -2.82 0.000690773
-0.42 -2.76 0.0010347
-0.42 -2.7 0.00152855
-0.42 -2.64 0.00222711
-0.42 -2.58 0.00320027
-0.42 -2.52 0.00453539
-0.42 -2.46 0.00633932
-0.42 -2.4 0.00873882
-0.42 -2.34 0.011881
-0.42 -2.28 0.0159312
-0.42 -2.22 0.0210682
-0.42 -2.16 0.0274786
-0.42 -2.1 0.0353468
-0.42 -2.04 0.0448437
-0.42 -1.98 0.0561095
-0.42 -1.92 0.0692402
-0.42 -1.86 0.0842699
-0.42 -1.8 0.101153
-0.42 -1.74 0.119748
-0.42 -1.68 0.139813
-0.42 -1.62 0.160997
-0.42 -1.56 0.182842
-0.42 -1.5 0.204798
-0.42 -1.44 0.226233
-0.42 -1.38 0.246481
-0.42 -1.32 0.264847
-0.42 -1.26 0.280673
-0.42 -1.2 0.293356
-0.42 -1.14 0.302398
-0.42 -1.08 0.307431
-0.42 -1.02 0.308254
-0.42 -0.96 0.304828
-0.42 -0.9 0.297299
-0.42 -0.84 0.28597
-0.42 -0.78 0.271291
-0.42 -0.72 0.253829
-0.42 -0.66 0.234225
-0.42 -0.6 0.213164
-0.42 -0.54 0.19133
-0.42 -0.48 0.169374
-0.42 -0.42 0.147874
-0.42 -0.36 0.127332
-0.42 -0.3 0.108135
-0.42 -0.24 0.0905689
-0.42 -0.18 0.0748145
-0.42 -0.12 0.0609511
-0.42 -0.06 0.0489738
-0.42 9.71445e-15 0.0388091
-0.42 0.06 0.0303316
-0.42 0.12 0.0233802
-0.42 0.18 0.0177742
-0.42 0.24 0.0133264
-0.42 0.3 0.00985444
-0.42 0.36 0.0071869
-0.42 0.42 0.00516935
-0.42 0.48 0.00366704
-0.42 0.54 0.00256562
-0.42 0.6 0.00177034
-0.42 0.66 0.00120477
-0.42 0.72 0.000808627
-0.42 0.78 0.000535278
-0.42 0.84 0.000349458
-0.42 0.9 0.000225011
-0.42 0.96 0.00014289
-0.36 -3 0.000192686
-0.36 -2.94 0.000300856
-0.36 -2.88 0.000463295
-0.36 -2.82 0.000703633
-0.36 -2.76 0.00105397
-0.36 -2.7 0.00155701
-0.36 -2.64 0.00226856
-0.36 -2.58 0.00325985
-0.36 -2.52 0.00461986
-0.36 -2.46 0.00645734
-0.36 -2.4 0.0089015
-0.36 -2.34 0.0121023
-0.36 -2.28 0.0162278
-0.36 -2.22 0.0214604
-0.36 -2.16 0.0279903
-0.36 -2.1 0.0360048
-0.36 -2.04 0.0456783
-0.36 -1.98 0.0571541
-0.36 -1.92 0.0705291
-0.36 -1.86 0.085839
-0.36 -1.8 0.103036
-0.36 -1.74 0.121977
-0.36 -1.68 0.142414
-0.36 -1.62 0.163994
-0.36 -1.56 0.186245
-0.36 -1.5 0.20861
-0.36 -1.44 0.230446
-0.36 -1.38 0.25107
-0.36 -1.32 0.269778
-0.36 -1.26 0.285899
-0.36 -1.2 0.298818
-0.36 -1.14 0.308026
-0.36 -1.08 0.313151
-0.36 -1.02 0.313992
-0.36 -0.96 0.310502
-0.36 -0.9 0.302833
-0.36 -0.84 0.291293
-0.36 -0.78 0.276342
-0.36 -0.72 0.258554
-0.36 -0.66 0.238584
-0.36 -0.6 0.217132
-0.36 -0.54 0.194893
-0.36 -0.48 0.172528
-0.36 -0.42 0.150628
-0.36 -0.36 0.129702
-0.36 -0.3 0.110148
-0.36 -0.24 0.0922547
-0.36 -0.18 0.0762075
-0.36 -0.12 0.0620857
-0.36 -0.06 0.0498853
-0.36 9.71445e-15 0.0395314
-0.36 0.06 0.0308963
-0.36 0.12 0.0238153
-0.36 0.18 0.018105
-0.36 0.24 0.0135746
-0.36 0.3 0.0100378
-0.36 0.36 0.00732066
-0.36 0.42 0.00526554
-0.36 0.48 0.00373532
-0.36 0.54 0.0026134
-0.36 0.6 0.0018033
-0.36 0.66 0.00122721
-0.36 0.72 0.000823678
-0.36 0.78 0.000545242
-0.36 0.84 0.000355966
-0.36 0.9 0.000229198
-0.3 -3 0.000193574
-0.3 -2.94 0.000302242
-0.3 -2.88 0.00046543
-0.3 -2.82 0.000706884
-0.3 -2.76 0.00105883
-0.3 -2.7 0.0015642
-0.3 -2.64 0.00227902
-0.3 -2.58 0.0032749
-0.3 -2.52 0.00464119
-0.3 -2.46 0.00648717
-0.3 -2.4 0.00894261
-0.3 -2.34 0.0121582
-0.3 -2.28 0.0163026
-0.3 -2.22 0.0215594
-0.3 -2.16 0.0281194
-0.3 -2.1 0.0361711
-0.3 -2.04 0.0458888
-0.3 -1.98 0.0574178
-0.3 -1.92 0.0708546
-0.3 -1.86 0.0862352
-0.3 -1.8 0.103511
-0.3 -1.74 0.122539
-0.3 -1.68 0.143072
-0.3 -1.62 0.16475
-0.3 -1.56 0.187105
-0.3 -1.5 0.209572
-0.3 -1.44 0.23151
-0.3 -1.38 0.252229
-0.3 -1.32 0.271025
-0.3 -1.26 0.28722
-0.3 -1.2 0.300197
-0.3 -1.14 0.309446
-0.3 -1.08 0.314598
-0.3 -1.02 0.31544
-0.3 -0.96 0.311937
-0.3 -0.9 0.304229
-0.3 -0.84 0.292635
-0.3 -0.78 0.277617
-0.3 -0.72 0.259746
-0.3 -0.66 0.239684
-0.3 -0.6 0.218134
-0.3 -0.54 0.195793
-0.3 -0.48 0.173323
-0.3 -0.42 0.151323
-0.3 -0.36 0.130299
-0.3 -0.3 0.110656
-0.3 -0.24 0.0926802
-0.3 -0.18 0.076559
-0.3 -0.12 0.062372
-0.3 -0.06 0.0501151
-0.3 9.71445e-15 0.039714
-0.3 0.06 0.0310389
-0.3 0.12 0.0239251
-0.3 0.18 0.0181885
-0.3 0.24 0.0136373
-0.3 0.3 0.0100842
-0.3 0.36 0.00735446
-0.3 0.42 0.00528987
-0.3 0.48 0.00375258
-0.3 0.54 0.00262546
-0.3 0.6 0.00181161
-0.3 0.66 0.00123288
-0.3 0.72 0.000827473
-0.3 0.78 0.000547758
-0.3 0.84 0.000357609
-0.3 0.9 0.000230257
-0.24 -3 0.000191794
-0.24 -2.94 0.000299464
-0.24 -2.88 0.000461153
-0.24 -2.82 0.000700382
-0.24 -2.76 0.00104909
-0.24 -2.7 0.00154981
-0.24 -2.64 0.00225807
-0.24 -2.58 0.00324476
-0.24 -2.52 0.00459849
-0.24 -2.46 0.00642751
-0.24 -2.4 0.00886039
-0.24 -2.34 0.0120462
-0.24 -2.28 0.0161527
-0.24 -2.22 0.0213612
-0.24 -2.16 0.0278606
-0.24 -2.1 0.0358385
-0.24 -2.04 0.0454672
-0.24 -1.98 0.0568894
-0.24 -1.92 0.0702027
-0.24 -1.86 0.0854414
-0.24 -1.8 0.102559
-0.24 -1.74 0.121413
-0.24 -1.68 0.141757
-0.24 -1.62 0.163234
-0.24 -1.56 0.185385
-0.24 -1.5 0.207645
-0.24 -1.44 0.229379
-0.24 -1.38 0.24991
-0.24 -1.32 0.268531
-0.24 -1.26 0.284578
-0.24 -1.2 0.297434
-0.24 -1.14 0.306602
-0.24 -1.08 0.311706
-0.24 -1.02 0.312539
-0.24 -0.96 0.309068
-0.24 -0.9 0.301433
-0.24 -0.84 0.289945
-0.24 -0.78 0.275063
-0.24 -0.72 0.257357
-0.24 -0.66 0.237481
-0.24 -0.6 0.216129
-0.24 -0.54 0.193992
-0.24 -0.48 0.171729
-0.24 -0.42 0.149931
-0.24 -0.36 0.129103
-0.24 -0.3 0.109638
-0.24 -0.24 0.0918278
-0.24 -0.18 0.0758545
-0.24 -0.12 0.0617984
-0.24 -0.06 0.0496547
-0.24 9.71445e-15 0.0393489
-0.24 0.06 0.0307532
-0.24 0.12 0.0237053
-0.24 0.18 0.0180212
-0.24 0.24 0.0135118
-0.24 0.3 0.0099915
-0.24 0.36 0.00728685
-0.24 0.42 0.00524125
-0.24 0.48 0.00371805
-0.24 0.54 0.00260129
-0.24 0.6 0.00179496
-0.24 0.66 0.00122153
-0.24 0.72 0.00081987
-0.24 0.78 0.000542718
-0.24 0.84 0.00035432
-0.24 0.9 0.00022814
-0.18 -3 0.000187419
-0.18 -2.94 0.000292634
-0.18 -2.88 0.000450632
-0.18 -2.82 0.000684401
-0.18 -2.76 0.00102516
-0.18 -2.7 0.00151446
-0.18 -2.64 0.00220656
-0.18 -2.58 0.00317075
-0.18 -2.52 0.00449361
-0.18 -2.46 0.00628086
-0.18 -2.4 0.00865829
-0.18 -2.34 0.0117715
-0.18 -2.28 0.0157841
-0.18 -2.22 0.0208736
-0.18 -2.16 0.0272251
-0.18 -2.1 0.0350208
-0.18 -2.04 0.0444299
-0.18 -1.98 0.0555917
-0.18 -1.92 0.0686019
-0.18 -1.86 0.0834924
-0.18 -1.8 0.10022
-0.18 -1.74 0.118643
-0.18 -1.68 0.138523
-0.18 -1.62 0.159512
-0.18 -1.56 0.181154
-0.18 -1.5 0.202908
-0.18 -1.44 0.224148
-0.18 -1.38 0.244209
-0.18 -1.32 0.262406
-0.18 -1.26 0.278085
-0.18 -1.2 0.290651
-0.18 -1.14 0.299608
-0.18 -1.08 0.304594
-0.18 -1.02 0.30541
-0.18 -0.96 0.302016
-0.18 -0.9 0.294553
-0.18 -0.84 0.283332
-0.18 -0.78 0.268787
-0.18 -0.72 0.251487
-0.18 -0.66 0.232064
-0.18 -0.6 0.211196
-0.18 -0.54 0.189566
-0.18 -0.48 0.167811
-0.18 -0.42 0.146512
-0.18 -0.36 0.126156
-0.18 -0.3 0.107137
-0.18 -0.24 0.0897338
-0.18 -0.18 0.0741242
-0.18 -0.12 0.0603888
-0.18 -0.06 0.048522
-0.18 9.71445e-15 0.0384511
-0.18 0.06 0.030052
-0.18 0.12 0.0231644
-0.18 0.18 0.0176102
-0.18 0.24 0.0132035
-0.18 0.3 0.00976356
-0.18 0.36 0.00712053
-0.18 0.42 0.00512166
-0.18 0.48 0.00363325
-0.18 0.54 0.00254196
-0.18 0.6 0.00175399
-0.18 0.66 0.00119366
-0.18 0.72 0.000801167
-0.18 0.78 0.000530342
-0.18 0.84 0.000346235
-0.18 0.9 0.000222936
-0.12 -3 0.000180624
-0.12 -2.94 0.000282027
-0.12 -2.88 0.000434302
-0.12 -2.82 0.000659599
-0.12 -2.76 0.000988003
-0.12 -2.7 0.00145958
-0.12 -2.64 0.00212658
-0.12 -2.58 0.00305578
-0.12 -2.52 0.00433073
-0.12 -2.46 0.00605315
-0.12 -2.4 0.00834443
-0.12 -2.34 0.0113448
-0.12 -2.28 0.0152121
-0.12 -2.22 0.0201173
-0.12 -2.16 0.0262383
-0.12 -2.1 0.0337517
-0.12 -2.04 0.0428195
-0.12 -1.98 0.0535765
-0.12 -1.92 0.0661148
-0.12 -1.86 0.0804659
-0.12 -1.8 0.0965857
-0.12 -1.74 0.114343
-0.12 -1.68 0.133503
-0.12 -1.62 0.153729
-0.12 -1.56 0.174589
-0.12 -1.5 0.195552
-0.12 -1.44 0.216022
-0.12 -1.38 0.235355
-0.12 -1.32 0.252895
-0.12 -1.26 0.268004
-0.12 -1.2 0.280113
-0.12 -1.14 0.288748
-0.12 -1.08 0.293555
-0.12 -1.02 0.294338
-0.12 -0.96 0.291067
-0.12 -0.9 0.283881
-0.12 -0.84 0.273062
-0.12 -0.78 0.259045
-0.12 -0.72 0.24237
-0.12 -0.66 0.223653
-0.12 -0.6 0.203544
-0.12 -0.54 0.182695
-0.12 -0.48 0.16173
-0.12 -0.42 0.141201
-0.12 -0.36 0.121584
-0.12 -0.3 0.103253
-0.12 -0.24 0.086481
-0.12 -0.18 0.0714372
-0.12 -0.12 0.0581995
-0.12 -0.06 0.0467634
-0.12 9.71445e-15 0.0370577
-0.12 0.06 0.0289626
-0.12 0.12 0.022325
-0.12 0.18 0.0169718
-0.12 0.24 0.0127249
-0.12 0.3 0.00940971
-0.12 0.36 0.00686248
-0.12 0.42 0.00493603
-0.12 0.48 0.00350157
-0.12 0.54 0.00244982
-0.12 0.6 0.00169044
-0.12 0.66 0.0011504
-0.12 0.72 0.000772133
-0.12 0.78 0.000511114
-0.12 0.84 0.000333685
-0.12 0.9 0.000214856
-0.06 -3 0.000171685
-0.06 -2.94 0.000268065
-0.06 -2.88 0.000412803
-0.06 -2.82 0.000626953
-0.06 -2.76 0.000939098
-0.06 -2.7 0.00138733
-0.06 -2.64 0.00202131
-0.06 -2.58 0.00290458
-0.06 -2.52 0.00411638
-0.06 -2.46 0.00575363
-0.06 -2.4 0.00793144
-0.06 -2.34 0.0107833
-0.06 -2.28 0.0144591
-0.06 -2.22 0.0191216
-0.06 -2.16 0.0249397
-0.06 -2.1 0.0320811
-0.06 -2.04 0.0406999
-0.06 -1.98 0.0509251
-0.06 -1.92 0.0628426
-0.06 -1.86 0.0764839
-0.06 -1.8 0.0918062
-0.06 -1.74 0.108683
-0.06 -1.68 0.126895
-0.06 -1.62 0.146121
-0.06 -1.56 0.165948
-0.06 -1.5 0.185874
-0.06 -1.44 0.205331
-0.06 -1.38 0.223709
-0.06 -1.32 0.240378
-0.06 -1.26 0.254742
-0.06 -1.2 0.266252
-0.06 -1.14 0.274454
-0.06 -1.08 0.279025
-0.06 -1.02 0.27977
-0.06 -0.96 0.276665
-0.06 -0.9 0.269829
-0.06 -0.84 0.259545
-0.06 -0.78 0.246224
-0.06 -0.72 0.230375
-0.06 -0.66 0.21258
-0.06 -0.6 0.193469
-0.06 -0.54 0.173654
-0.06 -0.48 0.153724
-0.06 -0.42 0.134212
-0.06 -0.36 0.115566
-0.06 -0.3 0.0981426
-0.06 -0.24 0.0822002
-0.06 -0.18 0.0679019
-0.06 -0.12 0.0553191
-0.06 -0.06 0.0444484
-0.06 9.71445e-15 0.0352233
-0.06 0.06 0.027529
-0.06 0.12 0.0212199
-0.06 0.18 0.0161318
-0.06 0.24 0.0120952
-0.06 0.3 0.00894393
-0.06 0.36 0.00652287
-0.06 0.42 0.00469173
-0.06 0.48 0.00332825
-0.06 0.54 0.00232858
-0.06 0.6 0.00160676
-0.06 0.66 0.00109347
-0.06 0.72 0.000733908
-0.06 0.78 0.000485819
-0.06 0.84 0.000317173
9.71445e-15 -3.06 0.000101661
9.71445e-15 -3 0.000160944
9.71445e-15 -2.94 0.000251298
9.71445e-15 -2.88 0.000386979
9.71445e-15 -2.82 0.000587732
9.71445e-15 -2.76 0.000880356
9.71445e-15 -2.7 0.00130054
9.71445e-15 -2.64 0.00189488
9.71445e-15 -2.58 0.00272285
9.71445e-15 -2.52 0.00385889
9.71445e-15 -2.46 0.00539364
9.71445e-15 -2.4 0.0074353
9.71445e-15 -2.34 0.0101088
9.71445e-15 -2.28 0.0135546
9.71445e-15 -2.22 0.0179253
9.71445e-15 -2.16 0.0233796
9.71445e-15 -2.1 0.0300742
9.71445e-15 -2.04 0.038154
9.71445e-15 -1.98 0.0477392
9.71445e-15 -1.92 0.0589118
9.71445e-15 -1.86 0.0716992
9.71445e-15 -1.8 0.0860627
9.71445e-15 -1.74 0.101884
9.71445e-15 -1.68 0.118956
9.71445e-15 -1.62 0.136981
9.71445e-15 -1.56 0.155566
9.71445e-15 -1.5 0.174245
9.71445e-15 -1.44 0.192487
9.71445e-15 -1.38 0.209713
9.71445e-15 -1.32 0.225342
9.71445e-15 -1.26 0.238804
9.71445e-15 -1.2 0.249595
9.71445e-15 -1.14 0.257287
9.71445e-15 -1.08 0.26157
9.71445e-15 -1.02 0.26227
9.71445e-15 -0.96 0.259354
9.71445e-15 -0.9 0.252948
9.71445e-15 -0.84 0.24331
9.71445e-15 -0.78 0.230821
9.71445e-15 -0.72 0.215963
9.71445e-15 -0.66 0.199285
9.71445e-15 -0.6 0.181365
9.71445e-15 -0.54 0.16279
9.71445e-15 -0.48 0.144108
9.71445e-15 -0.42 0.125817
9.71445e-15 -0.36 0.108336
9.71445e-15 -0.3 0.092003
9.71445e-15 -0.24 0.0770588
9.71445e-15 -0.18 0.063654
9.71445e-15 -0.12 0.0518585
9.71445e-15 -0.06 0.0416681
9.71445e-15 9.71445e-15 0.03302
9.71445e-15 0.06 0.0258072
9.71445e-15 0.12 0.0198924
9.71445e-15 0.18 0.0151227
9.71445e-15 0.24 0.0113385
9.71445e-15 0.3 0.00838446
9.71445e-15 0.36 0.00611474
9.71445e-15 0.42 0.00439821
9.71445e-15 0.48 0.00312006
9.71445e-15 0.54 0.00218291
9.71445e-15 0.6 0.00150625
9.71445e-15 0.66 0.00102506
9.71445e-15 0.72 0.000688
9.71445e-15 0.78 0.000455428
9.71445e-15 0.84 0.000297329
0.06 -3.06 9.3991e-05
0.06 -3 0.000148803
0.06 -2.94 0.000232339
0.06 -2.88 0.000357782
0.06 -2.82 0.000543387
0.06 -2.76 0.000813933
0.06 -2.7 0.00120241
0.06 -2.64 0.00175192
0.06 -2.58 0.00251745
0.06 -2.52 0.00356773
0.06 -2.46 0.00498676
0.06 -2.4 0.00687432
0.06 -2.34 0.00934607
0.06 -2.28 0.012532
0.06 -2.22 0.0165729
0.06 -2.16 0.0216157
0.06 -2.1 0.027805
0.06 -2.04 0.0352756
0.06 -1.98 0.0441377
0.06 -1.92 0.0544671
0.06 -1.86 0.0662899
0.06 -1.8 0.0795704
0.06 -1.74 0.0941979
0.06 -1.68 0.109981
0.06 -1.62 0.126646
0.06 -1.56 0.143829
0.06 -1.5 0.161101
0.06 -1.44 0.177964
0.06 -1.38 0.193892
0.06 -1.32 0.208339
0.06 -1.26 0.220789
0.06 -1.2 0.230766
0.06 -1.14 0.237876
0.06 -1.08 0.241835
0.06 -1.02 0.242484
0.06 -0.96 0.239789
0.06 -0.9 0.233864
0.06 -0.84 0.224954
0.06 -0.78 0.213407
0.06 -0.72 0.199671
0.06 -0.66 0.184249
0.06 -0.6 0.167681
0.06 -0.54 0.150508
0.06 -0.48 0.133235
0.06 -0.42 0.116324
0.06 -0.36 0.100163
0.06 -0.3 0.0850624
0.06 -0.24 0.0712449
0.06 -0.18 0.0588518
0.06 -0.12 0.0479463
0.06 -0.06 0.0385245
0.06 9.71445e-15 0.0305286
0.06 0.06 0.02386
0.06 0.12 0.0183916
0.06 0.18 0.0139818
0.06 0.24 0.0104831
0.06 0.3 0.00775186
0.06 0.36 0.00565343
0.06 0.42 0.00406639
0.06 0.48 0.00288465
0.06 0.54 0.00201821
0.06 0.6 0.00139261
0.06 0.66 0.00094772
0.06 0.72 0.000636093
0.06 0.78 0.00042107
0.06 0.84 0.000274898
0.12 -3.06 8.57061e-05
0.12 -3 0.000135686
0.12 -2.94 0.000211857
0.12 -2.88 0.000326244
0.12 -2.82 0.000495489
0.12 -2.76 0.000742188
0.12 -2.7 0.00109642
0.12 -2.64 0.00159747
0.12 -2.58 0.00229553
0.12 -2.52 0.00325324
0.12 -2.46 0.00454716
0.12 -2.4 0.0062683
0.12 -2.34 0.00852226
0.12 -2.28 0.0114273
0.12 -2.22 0.015112
0.12 -2.16 0.0197103
0.12 -2.1 0.025354
0.12 -2.04 0.0321657
0.12 -1.98 0.040247
0.12 -1.92 0.0496654
0.12 -1.86 0.0604465
0.12 -1.8 0.0725559
0.12 -1.74 0.0858936
0.12 -1.68 0.100286
0.12 -1.62 0.115481
0.12 -1.56 0.13115
0.12 -1.5 0.146899
0.12 -1.44 0.162277
0.12 -1.38 0.176799
0.12 -1.32 0.189974
0.12 -1.26 0.201326
0.12 -1.2 0.210422
0.12 -1.14 0.216906
0.12 -1.08 0.220516
0.12 -1.02 0.221107
0.12 -0.96 0.218651
0.12 -0.9 0.21325
0.12 -0.84 0.205122
0.12 -0.78 0.194596
0.12 -0.72 0.182069
0.12 -0.66 0.168007
0.12 -0.6 0.152901
0.12 -0.54 0.137241
0.12 -0.48 0.121491
0.12 -0.42 0.10607
0.12 -0.36 0.091333
0.12 -0.3 0.0775641
0.12 -0.24 0.0649643
0.12 -0.18 0.053664
0.12 -0.12 0.0437196
0.12 -0.06 0.0351282
0.12 9.71445e-15 0.0278374
0.12 0.06 0.0217567
0.12 0.12 0.0167702
0.12 0.18 0.0127492
0.12 0.24 0.00955903
0.12 0.3 0.00706849
0.12 0.36 0.00515508
0.12 0.42 0.0037079
0.12 0.48 0.00263036
0.12 0.54 0.00184031
0.12 0.6 0.00126985
0.12 0.66 0.000864182
0.12 0.72 0.00058002
0.12 0.78 0.00038395
0.12 0.84 0.000250666
0.18 -3.06 7.70767e-05
0.18 -3 0.000122023
0.18 -2.94 0.000190526
0.18 -2.88 0.000293396
0.18 -2.82 0.000445602
0.18 -2.76 0.00066746
0.18 -2.7 0.000986034
0.18 -2.64 0.00143663
0.18 -2.58 0.0020644
0.18 -2.52 0.0029257
0.18 -2.46 0.00408932
0.18 -2.4 0.0056372
0.18 -2.34 0.0076642
0.18 -2.28 0.0102767
0.18 -2.22 0.0135905
0.18 -2.16 0.0177258
0.18 -2.1 0.0228014
0.18 -2.04 0.028927
0.18 -1.98 0.0361946
0.18 -1.92 0.044665
0.18 -1.86 0.0543603
0.18 -1.8 0.0652502
0.18 -1.74 0.077245
0.18 -1.68 0.0901889
0.18 -1.62 0.103854
0.18 -1.56 0.117945
0.18 -1.5 0.132108
0.18 -1.44 0.145938
0.18 -1.38 0.158998
0.18 -1.32 0.170847
0.18 -1.26 0.181055
0.18 -1.2 0.189235
0.18 -1.14 0.195066
0.18 -1.08 0.198314
0.18 -1.02 0.198844
0.18 -0.96 0.196636
0.18 -0.9 0.191778
0.18 -0.84 0.18447
0.18 -0.78 0.175002
0.18 -0.72 0.163736
0.18 -0.66 0.151091
0.18 -0.6 0.137506
0.18 -0.54 0.123423
0.18 -0.48 0.109258
0.18 -0.42 0.0953906
0.18 -0.36 0.0821369
0.18 -0.3 0.0697542
0.18 -0.24 0.0584234
0.18 -0.18 0.0482607
0.18 -0.12 0.0393174
0.18 -0.06 0.0315913
0.18 9.71445e-15 0.0250347
0.18 0.06 0.0195662
0.18 0.12 0.0150818
0.18 0.18 0.0114655
0.18 0.24 0.00859657
0.18 0.3 0.00635684
0.18 0.36 0.00463604
0.18 0.42 0.00333458
0.18 0.48 0.00236553
0.18 0.54 0.00165502
0.18 0.6 0.00114199
0.18 0.66 0.000777173
0.18 0.72 0.000521619
0.18 0.78 0.00034529
0.24 -3 0.000108228
0.24 -2.94 0.000168987
0.24 -2.88 0.00026023
0.24 -2.82 0.000395228
0.24 -2.76 0.000592001
0.24 -2.7 0.000874568
0.24 -2.64 0.00127422
0.24 -2.58 0.00183101
0.24 -2.52 0.00259495
0.24 -2.46 0.00362703
0.24 -2.4 0.00499993
0.24 -2.34 0.00679776
0.24 -2.28 0.00911494
0.24 -2.22 0.0120541
0.24 -2.16 0.0157218
0.24 -2.1 0.0202238
0.24 -2.04 0.0256569
0.24 -1.98 0.0321027
0.24 -1.92 0.0396156
0.24 -1.86 0.0482148
0.24 -1.8 0.0578734
0.24 -1.74 0.0685128
0.24 -1.68 0.0799936
0.24 -1.62 0.0921133
0.24 -1.56 0.104612
0.24 -1.5 0.117173
0.24 -1.44 0.12944
0.24 -1.38 0.141023
0.24 -1.32 0.151534
0.24 -1.26 0.160587
0.24 -1.2 0.167841
0.24 -1.14 0.173014
0.24 -1.08 0.175896
0.24 -1.02 0.176364
0.24 -0.96 0.174406
0.24 -0.9 0.170099
0.24 -0.84 0.163615
0.24 -0.78 0.155217
0.24 -0.72 0.145225
0.24 -0.66 0.134011
0.24 -0.6 0.121962
0.24 -0.54 0.10947
0.24 -0.48 0.0969068
0.24 -0.42 0.0846069
0.24 -0.36 0.0728521
0.24 -0.3 0.0618683
0.24 -0.24 0.0518186
0.24 -0.18 0.0428047
0.24 -0.12 0.0348724
0.24 -0.06 0.0280201
0.24 9.71445e-15 0.0222047
0.24 0.06 0.0173542
0.24 0.12 0.0133769
0.24 0.18 0.0101693
0.24 0.24 0.00762473
0.24 0.3 0.00563823
0.24 0.36 0.00411196
0.24 0.42 0.00295763
0.24 0.48 0.00209812
0.24 0.54 0.00146792
0.24 0.6 0.0010129
0.24 0.66 0.000689315
0.24 0.72 0.000462655
0.24 0.78 0.000306255
0.3 -3 9.46745e-05
0.3 -2.94 0.000147824
0.3 -2.88 0.000227639
0.3 -2.82 0.000345728
0.3 -2.76 0.000517863
0.3 -2.7 0.000765034
0.3 -2.64 0.00111465
0.3 -2.58 0.0016017
0.3 -2.52 0.00226994
0.3 -2.46 0.00317276
0.3 -2.4 0.0043737
0.3 -2.34 0.00594639
0.3 -2.28 0.00797345
0.3 -2.22 0.0105445
0.3 -2.16 0.0137529
0.3 -2.1 0.0176909
0.3 -2.04 0.0224437
0.3 -1.98 0.0280823
0.3 -1.92 0.0346541
0.3 -1.86 0.0421764
0.3 -1.8 0.0506257
0.3 -1.74 0.0599325
0.3 -1.68 0.069975
0.3 -1.62 0.0805771
0.3 -1.56 0.0915102
0.3 -1.5 0.102499
0.3 -1.44 0.113228
0.3 -1.38 0.123361
0.3 -1.32 0.132555
0.3 -1.26 0.140474
0.3 -1.2 0.146821
0.3 -1.14 0.151347
0.3 -1.08 0.153866
0.3 -1.02 0.154277
0.3 -0.96 0.152563
0.3 -0.9 0.148796
0.3 -0.84 0.143125
0.3 -0.78 0.135779
0.3 -0.72 0.127038
0.3 -0.66 0.117228
0.3 -0.6 0.106688
0.3 -0.54 0.0957595
0.3 -0.48 0.0847708
0.3 -0.42 0.0740102
0.3 -0.36 0.0637281
0.3 -0.3 0.0541204
0.3 -0.24 0.045329
0.3 -0.18 0.037444
0.3 -0.12 0.0305052
0.3 -0.06 0.024511
0.3 9.71445e-15 0.0194237
0.3 0.06 0.0151808
0.3 0.12 0.0117016
0.3 0.18 0.00889573
0.3 0.24 0.00666976
0.3 0.3 0.00493208
0.3 0.36 0.00359698
0.3 0.42 0.0025872
0.3 0.48 0.00183534
0.3 0.54 0.00128408
0.3 0.6 0.000886045
0.3 0.66 0.000602981
0.3 0.72 0.000404713
0.36 -3 8.16794e-05
0.36 -2.94 0.000127532
0.36 -2.88 0.000196391
0.36 -2.82 0.000298273
0.36 -2.76 0.000446778
0.36 -2.7 0.000660022
0.36 -2.64 0.000961638
0.36 -2.58 0.00138185
0.36 -2.52 0.00195837
0.36 -2.46 0.00273728
0.36 -2.4 0.00377337
0.36 -2.34 0.00513019
0.36 -2.28 0.00687897
0.36 -2.22 0.00909709
0.36 -2.16 0.0118651
0.36 -2.1 0.0152626
0.36 -2.04 0.0193629
0.36 -1.98 0.0242277
0.36 -1.92 0.0298973
0.36 -1.86 0.0363873
0.36 -1.8 0.0436768
0.36 -1.74 0.0517057
0.36 -1.68 0.0603697
0.36 -1.62 0.0695168
0.36 -1.56 0.0789494
0.36 -1.5 0.0884297
0.36 -1.44 0.0976866
0.36 -1.38 0.106429
0.36 -1.32 0.11436
0.36 -1.26 0.121194
0.36 -1.2 0.126669
0.36 -1.14 0.130572
0.36 -1.08 0.132745
0.36 -1.02 0.133101
0.36 -0.96 0.131623
0.36 -0.9 0.128371
0.36 -0.84 0.123478
0.36 -0.78 0.117142
0.36 -0.72 0.109601
0.36 -0.66 0.101136
0.36 -0.6 0.0920426
0.36 -0.54 0.0826159
0.36 -0.48 0.0731344
0.36 -0.42 0.0638516
0.36 -0.36 0.0549803
0.36 -0.3 0.0466916
0.36 -0.24 0.0391068
0.36 -0.18 0.0323044
0.36 -0.12 0.0263181
0.36 -0.06 0.0211463
0.36 9.71445e-15 0.0167575
0.36 0.06 0.013097
0.36 0.12 0.0100953
0.36 0.18 0.00767471
0.36 0.24 0.00575431
0.36 0.3 0.00425507
0.36 0.36 0.00310324
0.36 0.42 0.00223208
0.36 0.48 0.00158342
0.36 0.54 0.00110782
0.36 0.6 0.000764416
0.36 0.66 0.000520217
0.36 0.72 0.000349156
0.42 -3 6.94993e-05
0.42 -2.94 0.000108515
0.42 -2.88 0.000167105
0.42 -2.82 0.000253791
0.42 -2.76 0.000380151
0.42 -2.7 0.000561596
0.42 -2.64 0.000818246
0.42 -2.58 0.00117578
0.42 -2.52 0.00166632
0.42 -2.46 0.00232908
0.42 -2.4 0.00321067
0.42 -2.34 0.00436511
0.42 -2.28 0.00585315
0.42 -2.22 0.0077405
0.42 -2.16 0.0100957
0.42 -2.1 0.0129865
0.42 -2.04 0.0164757
0.42 -1.98 0.0206147
0.42 -1.92 0.025439
0.42 -1.86 0.0309608
0.42 -1.8 0.0371637
0.42 -1.74 0.0439958
0.42 -1.68 0.0513677
0.42 -1.62 0.0591505
0.42 -1.56 0.0671767
0.42 -1.5 0.075243
0.42 -1.44 0.0831183
0.42 -1.38 0.0905578
0.42 -1.32 0.0973054
0.42 -1.26 0.10312
0.42 -1.2 0.10778
0.42 -1.14 0.111102
0.42 -1.08 0.112951
0.42 -1.02 0.113253
0.42 -0.96 0.111995
0.42 -0.9 0.109228
0.42 -0.84 0.105066
0.42 -0.78 0.0996727
0.42 -0.72 0.0932573
0.42 -0.66 0.0860548
0.42 -0.6 0.0783168
0.42 -0.54 0.070295
0.42 -0.48 0.0622283
0.42 -0.42 0.0543294
0.42 -0.36 0.0467821
0.42 -0.3 0.0397289
0.42 -0.24 0.0332752
0.42 -0.18 0.027487
0.42 -0.12 0.0223936
0.42 -0.06 0.0179931
0.42 9.71445e-15 0.0142586
0.42 0.06 0.0111439
0.42 0.12 0.00858995
0.42 0.18 0.00653027
0.42 0.24 0.00489616
0.42 0.3 0.00362055
0.42 0.36 0.00264048
0.42 0.42 0.00189923
0.42 0.48 0.00134728
0.42 0.54 0.000942612
0.42 0.6 0.000650427
0.42 0.66 0.000442635
0.48 -3 5.83218e-05
0.48 -2.94 9.10636e-05
0.48 -2.88 0.000140232
0.48 -2.82 0.00021298
0.48 -2.76 0.000319017
0.48 -2.7 0.000471286
0.48 -2.64 0.000686653
0.48 -2.58 0.00098669
0.48 -2.52 0.00139836
0.48 -2.46 0.00195452
0.48 -2.4 0.00269436
0.48 -2.34 0.00366317
0.48 -2.28 0.00491183
0.48 -2.22 0.0064957
0.48 -2.16 0.00847215
0.48 -2.1 0.0108982
0.48 -2.04 0.013826
0.48 -1.98 0.0172994
0.48 -1.92 0.0213481
0.48 -1.86 0.0259819
0.48 -1.8 0.0311868
0.48 -1.74 0.0369202
0.48 -1.68 0.043107
0.48 -1.62 0.0496381
0.48 -1.56 0.0563733
0.48 -1.5 0.0631416
0.48 -1.44 0.0697523
0.48 -1.38 0.0759947
0.48 -1.32 0.0816581
0.48 -1.26 0.0865366
0.48 -1.2 0.0904467
0.48 -1.14 0.0932337
0.48 -1.08 0.0947866
0.48 -1.02 0.0950392
0.48 -0.96 0.0939836
0.48 -0.9 0.0916623
0.48 -0.84 0.0881688
0.48 -0.78 0.0836432
0.48 -0.72 0.0782591
0.48 -0.66 0.0722154
0.48 -0.6 0.0657226
0.48 -0.54 0.0589911
0.48 -0.48 0.0522209
0.48 -0.42 0.0455929
0.48 -0.36 0.0392585
0.48 -0.3 0.0333393
0.48 -0.24 0.027924
0.48 -0.18 0.0230665
0.48 -0.12 0.0187921
0.48 -0.06 0.0150995
0.48 9.71445e-15 0.0119656
0.48 0.06 0.00935182
0.48 0.12 0.00720855
0.48 0.18 0.00548003
0.48 0.24 0.00410879
0.48 0.3 0.00303832
0.48 0.36 0.00221584
0.48 0.42 0.00159381
0.48 0.48 0.00113063
0.48 0.54 0.000791029
0.48 0.6 0.000545826
0.48 0.66 0.000371457
0.54 -3 4.82705e-05
0.54 -2.94 7.53686e-05
0.54 -2.88 0.000116061
0.54 -2.82 0.000176271
0.54 -2.76 0.000264034
0.54 -2.7 0.000390054
0.54 -2.64 0.000568306
0.54 -2.58 0.000816642
0.54 -2.52 0.00115734
0.54 -2.46 0.00161767
0.54 -2.4 0.00222997
0.54 -2.34 0.0030318
0.54 -2.28 0.00406529
0.54 -2.22 0.00537613
0.54 -2.16 0.00701197
0.54 -2.1 0.00901974
0.54 -2.04 0.0114431
0.54 -1.98 0.0143179
0.54 -1.92 0.0176686
0.54 -1.86 0.0215039
0.54 -1.8 0.0258119
0.54 -1.74 0.0305569
0.54 -1.68 0.035677
0.54 -1.62 0.0410828
0.54 -1.56 0.0466571
0.54 -1.5 0.0522598
0.54 -1.44 0.0577301
0.54 -1.38 0.0628969
0.54 -1.32 0.0675837
0.54 -1.26 0.0716223
0.54 -1.2 0.0748584
0.54 -1.14 0.0771648
0.54 -1.08 0.0784494
0.54 -1.02 0.0786595
0.54 -0.96 0.0777857
0.54 -0.9 0.0758637
0.54 -0.84 0.0729729
0.54 -0.78 0.0692276
0.54 -0.72 0.0647715
0.54 -0.66 0.0597686
0.54 -0.6 0.0543946
0.54 -0.54 0.0488237
0.54 -0.48 0.0432205
0.54 -0.42 0.0377345
0.54 -0.36 0.032492
0.54 -0.3 0.0275935
0.54 -0.24 0.0231112
0.54 -0.18 0.0190911
0.54 -0.12 0.0155534
0.54 -0.06 0.0124969
0.54 9.71445e-15 0.0099032
0.54 0.06 0.00773997
0.54 0.12 0.00596606
0.54 0.18 0.00453557
0.54 0.24 0.00340065
0.54 0.3 0.00251463
0.54 0.36 0.00183393
0.54 0.42 0.0013191
0.54 0.48 0.000935755
0.54 0.54 0.000654694
0.54 0.6 0.00045175
0.6 -3 3.94015e-05
0.6 -2.94 6.15216e-05
0.6 -2.88 9.47386e-05
0.6 -2.82 0.000143885
0.6 -2.76 0.000215524
0.6 -2.7 0.000318391
0.6 -2.64 0.000463894
0.6 -2.58 0.000666596
0.6 -2.52 0.000944711
0.6 -2.46 0.00132044
0.6 -2.4 0.00182026
0.6 -2.34 0.00247478
0.6 -2.28 0.00331839
0.6 -2.22 0.00438836
0.6 -2.16 0.00572368
0.6 -2.1 0.00736257
0.6 -2.04 0.00934066
0.6 -1.98 0.0116873
0.6 -1.92 0.0144224
0.6 -1.86 0.017553
0.6 -1.8 0.0210694
0.6 -1.74 0.0249428
0.6 -1.68 0.0291221
0.6 -1.62 0.0335348
0.6 -1.56 0.0380846
0.6 -1.5 0.042658
0.6 -1.44 0.0471236
0.6 -1.38 0.0513405
0.6 -1.32 0.0551667
0.6 -1.26 0.0584627
0.6 -1.2 0.0611044
0.6 -1.14 0.0629876
0.6 -1.08 0.0640358
0.6 -1.02 0.0642073
0.6 -0.96 0.0634935
0.6 -0.9 0.0619256
0.6 -0.84 0.0595659
0.6 -0.78 0.0565085
0.6 -0.72 0.0528709
0.6 -0.66 0.0487879
0.6 -0.6 0.044401
0.6 -0.54 0.0398534
0.6 -0.48 0.0352798
0.6 -0.42 0.0308018
0.6 -0.36 0.0265223
0.6 -0.3 0.0225238
0.6 -0.24 0.0188651
0.6 -0.18 0.0155835
0.6 -0.12 0.0126957
0.6 -0.06 0.010201
0.6 9.71445e-15 0.00808373
0.6 0.06 0.00631797
0.6 0.12 0.00486995
0.6 0.18 0.00370224
0.6 0.24 0.00277583
0.6 0.3 0.00205263
0.6 0.36 0.00149697
0.6 0.42 0.00107674
0.6 0.48 0.000763834
0.6 0.54 0.000534409
0.6 0.6 0.000368752
0.66 -3 3.17205e-05
0.66 -2.94 4.9528e-05
0.66 -2.88 7.62691e-05
0.66 -2.82 0.000115834
0.66 -2.76 0.000173507
0.66 -2.7 0.00025632
0.66 -2.64 0.000373459
0.66 -2.58 0.000536646
0.66 -2.52 0.000760537
0.66 -2.46 0.00106303
0.66 -2.4 0.0014654
0.66 -2.34 0.00199231
0.66 -2.28 0.00267145
0.66 -2.22 0.00353284
0.66 -2.16 0.00460782
0.66 -2.1 0.00592721
0.66 -2.04 0.00751973
0.66 -1.98 0.00940883
0.66 -1.92 0.0116108
0.66 -1.86 0.014131
0.66 -1.8 0.016962
0.66 -1.74 0.0200803
0.66 -1.68 0.0234448
0.66 -1.62 0.0269973
0.66 -1.56 0.0306602
0.66 -1.5 0.0343419
0.66 -1.44 0.0379367
0.66 -1.38 0.041332
0.66 -1.32 0.0444118
0.66 -1.26 0.0470655
0.66 -1.2 0.0491924
0.66 -1.14 0.0507084
0.66 -1.08 0.0515521
0.66 -1.02 0.0516904
0.66 -0.96 0.0511157
0.66 -0.9 0.0498529
0.66 -0.84 0.0479537
0.66 -0.78 0.0454919
0.66 -0.72 0.042564
0.66 -0.66 0.0392767
0.66 -0.6 0.0357449
0.66 -0.54 0.0320838
0.66 -0.48 0.0284019
0.66 -0.42 0.0247969
0.66 -0.36 0.0213519
0.66 -0.3 0.0181328
0.66 -0.24 0.0151874
0.66 -0.18 0.0125454
0.66 -0.12 0.0102208
0.66 -0.06 0.00821231
0.66 9.71445e-15 0.0065078
0.66 0.06 0.00508627
0.66 0.12 0.00392056
0.66 0.18 0.00298051
0.66 0.24 0.00223468
0.66 0.3 0.00165247
0.66 0.36 0.00120514
0.66 0.42 0.000866832
0.66 0.48 0.000614922
0.66 0.54 0.000430223
0.72 -2.94 3.93244e-05
0.72 -2.88 6.05561e-05
0.72 -2.82 9.19707e-05
0.72 -2.76 0.000137762
0.72 -2.7 0.000203513
0.72 -2.64 0.00029652
0.72 -2.58 0.00042609
0.72 -2.52 0.000603852
0.72 -2.46 0.00084403
0.72 -2.4 0.00116351
0.72 -2.34 0.00158187
0.72 -2.28 0.0021211
0.72 -2.22 0.00280503
0.72 -2.16 0.00365855
0.72 -2.1 0.0047061
0.72 -2.04 0.00597053
0.72 -1.98 0.0074705
0.72 -1.92 0.00921877
0.72 -1.86 0.0112199
0.72 -1.8 0.0134676
0.72 -1.74 0.0159434
0.72 -1.68 0.0186148
0.72 -1.62 0.0214354
0.72 -1.56 0.0243437
0.72 -1.5 0.027267
0.72 -1.44 0.0301211
0.72 -1.38 0.032817
0.72 -1.32 0.0352622
0.72 -1.26 0.0373695
0.72 -1.2 0.039058
0.72 -1.14 0.0402615
0.72 -1.08 0.0409316
0.72 -1.02 0.0410413
0.72 -0.96 0.0405853
0.72 -0.9 0.0395826
0.72 -0.84 0.0380744
0.72 -0.78 0.0361201
0.72 -0.72 0.0337951
0.72 -0.66 0.0311849
0.72 -0.6 0.0283808
0.72 -0.54 0.0254741
0.72 -0.48 0.0225507
0.72 -0.42 0.0196883
0.72 -0.36 0.016953
0.72 -0.3 0.0143972
0.72 -0.24 0.0120585
0.72 -0.18 0.00996093
0.72 -0.12 0.00811512
0.72 -0.06 0.00652042
0.72 9.71445e-15 0.00516708
0.72 0.06 0.0040384
0.72 0.12 0.00311285
0.72 0.18 0.00236648
0.72 0.24 0.00177431
0.72 0.3 0.00131203
0.72 0.36 0.000956868
0.72 0.42 0.000688252
0.72 0.48 0.000488237
0.78 -2.94 3.07936e-05
0.78 -2.88 4.74198e-05
0.78 -2.82 7.202e-05
0.78 -2.76 0.000107877
0.78 -2.7 0.000159366
0.78 -2.64 0.000232195
0.78 -2.58 0.000333658
0.78 -2.52 0.000472862
0.78 -2.46 0.000660937
0.78 -2.4 0.000911108
0.78 -2.34 0.00123872
0.78 -2.28 0.00166097
0.78 -2.22 0.00219656
0.78 -2.16 0.00286491
0.78 -2.1 0.00368524
0.78 -2.04 0.00467532
0.78 -1.98 0.00584993
0.78 -1.92 0.00721893
0.78 -1.86 0.00878595
0.78 -1.8 0.0105461
0.78 -1.74 0.0124847
0.78 -1.68 0.0145767
0.78 -1.62 0.0167854
0.78 -1.56 0.0190629
0.78 -1.5 0.0213519
0.78 -1.44 0.0235871
0.78 -1.38 0.0256981
0.78 -1.32 0.027613
0.78 -1.26 0.029263
0.78 -1.2 0.0305852
0.78 -1.14 0.0315275
0.78 -1.08 0.0320524
0.78 -1.02 0.0321382
0.78 -0.96 0.0317813
0.78 -0.9 0.030996
0.78 -0.84 0.0298148
0.78 -0.78 0.0282846
0.78 -0.72 0.0264639
0.78 -0.66 0.0244198
0.78 -0.6 0.0222243
0.78 -0.54 0.0199481
0.78 -0.48 0.0176587
0.78 -0.42 0.0154174
0.78 -0.36 0.0132754
0.78 -0.3 0.011274
0.78 -0.24 0.0094426
0.78 -0.18 0.00780011
0.78 -0.12 0.00635469
0.78 -0.06 0.00510591
0.78 9.71445e-15 0.0040462
0.78 0.06 0.00316235
0.78 0.12 0.00243758
0.78 0.18 0.00185311
0.78 0.24 0.00138942
0.78 0.3 0.00102741
0.78 0.36 0.0007493
0.78 0.42 0.000538952
0.78 0.48 0.000382326
0.84 -2.94 2.37821e-05
0.84 -2.88 3.66229e-05
0.84 -2.82 5.56216e-05
0.84 -2.76 8.33141e-05
0.84 -2.7 0.00012308
0.84 -2.64 0.000179326
0.84 -2.58 0.000257685
0.84 -2.52 0.000365194
0.84 -2.46 0.000510446
0.84 -2.4 0.000703654
0.84 -2.34 0.000956665
0.84 -2.28 0.00128278
0.84 -2.22 0.00169642
0.84 -2.16 0.00221257
0.84 -2.1 0.00284615
0.84 -2.04 0.0036108
0.84 -1.98 0.00451791
0.84 -1.92 0.0055752
0.84 -1.86 0.00678542
0.84 -1.8 0.00814476
0.84 -1.74 0.00964209
0.84 -1.68 0.0112578
0.84 -1.62 0.0129634
0.84 -1.56 0.0147225
0.84 -1.5 0.0164903
0.84 -1.44 0.0182164
0.84 -1.38 0.0198468
0.84 -1.32 0.0213257
0.84 -1.26 0.0226
0.84 -1.2 0.023621
0.84 -1.14 0.0243489
0.84 -1.08 0.0247544
0.84 -1.02 0.0248204
0.84 -0.96 0.0245449
0.84 -0.9 0.0239386
0.84 -0.84 0.0230262
0.84 -0.78 0.0218443
0.84 -0.72 0.0204382
0.84 -0.66 0.0188597
0.84 -0.6 0.0171641
0.84 -0.54 0.0154061
0.84 -0.48 0.013638
0.84 -0.42 0.0119069
0.84 -0.36 0.0102528
0.84 -0.3 0.00870699
0.84 -0.24 0.00729255
0.84 -0.18 0.00602404
0.84 -0.12 0.00490776
0.84 -0.06 0.00394336
0.84 9.71445e-15 0.00312492
0.84 0.06 0.00244229
0.84 0.12 0.00188257
0.84 0.18 0.00143117
0.84 0.24 0.00107305
0.84 0.3 0.000793481
0.84 0.36 0.000578692
0.84 0.42 0.000416238
0.9 -2.88 2.78952e-05
0.9 -2.82 4.2366e-05
0.9 -2.76 6.34599e-05
0.9 -2.7 9.37482e-05
0.9 -2.64 0.000136592
0.9 -2.58 0.000196278
0.9 -2.52 0.000278164
0.9 -2.46 0.0003888
0.9 -2.4 0.000535967
0.9 -2.34 0.000728684
0.9 -2.28 0.000977085
0.9 -2.22 0.00129214
0.9 -2.16 0.00168531
0.9 -2.1 0.00216787
0.9 -2.04 0.00275033
0.9 -1.98 0.00344128
0.9 -1.92 0.00424662
0.9 -1.86 0.00516841
0.9 -1.8 0.00620385
0.9 -1.74 0.00734433
0.9 -1.68 0.0085749
0.9 -1.62 0.0098742
0.9 -1.56 0.011214
0.9 -1.5 0.0125605
0.9 -1.44 0.0138752
0.9 -1.38 0.0151171
0.9 -1.32 0.0162434
0.9 -1.26 0.0172142
0.9 -1.2 0.017992
0.9 -1.14 0.0185465
0.9 -1.08 0.0188551
0.9 -1.02 0.0189057
0.9 -0.96 0.0186955
0.9 -0.9 0.0182337
0.9 -0.84 0.017539
0.9 -0.78 0.0166387
0.9 -0.72 0.0155677
0.9 -0.66 0.0143654
0.9 -0.6 0.0130736
0.9 -0.54 0.0117346
0.9 -0.48 0.010388
0.9 -0.42 0.00906939
0.9 -0.36 0.00780944
0.9 -0.3 0.00663206
0.9 -0.24 0.00555474
0.9 -0.18 0.00458849
0.9 -0.12 0.00373823
0.9 -0.06 0.00300364
0.9 9.71445e-15 0.00238021
0.9 0.06 0.00186029
0.9 0.12 0.00143394
0.9 0.18 0.00109012
0.9 0.24 0.000817334
0.9 0.3 0.000604385
0.9 0.36 0.000440781
0.96 -2.88 2.09556e-05
0.96 -2.82 3.18266e-05
0.96 -2.76 4.76722e-05
0.96 -2.7 7.04267e-05
0.96 -2.64 0.000102611
0.96 -2.58 0.000147447
0.96 -2.52 0.000208965
0.96 -2.46 0.000292076
0.96 -2.4 0.000402634
0.96 -2.34 0.000547405
0.96 -2.28 0.000733998
0.96 -2.22 0.000970683
0.96 -2.16 0.00126603
0.96 -2.1 0.00162857
0.96 -2.04 0.0020661
0.96 -1.98 0.00258514
0.96 -1.92 0.00319016
0.96 -1.86 0.00388259
0.96 -1.8 0.00466043
0.96 -1.74 0.0055172
0.96 -1.68 0.00644172
0.96 -1.62 0.0074177
0.96 -1.56 0.00842421
0.96 -1.5 0.00943564
0.96 -1.44 0.0104234
0.96 -1.38 0.0113563
0.96 -1.32 0.0122026
0.96 -1.26 0.0129317
0.96 -1.2 0.013516
0.96 -1.14 0.0139325
0.96 -1.08 0.0141645
0.96 -1.02 0.0142023
0.96 -0.96 0.0140446
0.96 -0.9 0.0136976
0.96 -0.84 0.0131756
0.96 -0.78 0.0124992
0.96 -0.72 0.0116947
0.96 -0.66 0.0107916
0.96 -0.6 0.00982126
0.96 -0.54 0.00881532
0.96 -0.48 0.00780363
0.96 -0.42 0.00681319
0.96 -0.36 0.00586664
0.96 -0.3 0.00498208
0.96 -0.24 0.00417283
0.96 -0.18 0.00344694
0.96 -0.12 0.00280821
0.96 -0.06 0.0022564
0.96 9.71445e-15 0.00178809
0.96 0.06 0.00139749
0.96 0.12 0.00107721
0.96 0.18 0.000818914
0.96 0.24 0.000613998
0.96 0.3 0.000454033
1.02 -2.88 1.5526e-05
1.02 -2.82 2.35802e-05
1.02 -2.76 3.53206e-05
1.02 -2.7 5.21786e-05
1.02 -2.64 7.60238e-05
1.02 -2.58 0.000109243
1.02 -2.52 0.000154821
1.02 -2.46 0.000216397
1.02 -2.4 0.000298308
1.02 -2.34 0.000405573
1.02 -2.28 0.000543825
1.02 -2.22 0.000719175
1.02 -2.16 0.000938009
1.02 -2.1 0.00120659
1.02 -2.04 0.00153076
1.02 -1.98 0.00191534
1.02 -1.92 0.00236358
1.02 -1.86 0.00287663
1.02 -1.8 0.0034529
1.02 -1.74 0.00408767
1.02 -1.68 0.00477259
1.02 -1.62 0.00549575
1.02 -1.56 0.00624136
1.02 -1.5 0.00699089
1.02 -1.44 0.00772273
1.02 -1.38 0.00841378
1.02 -1.32 0.00904085
1.02 -1.26 0.00958102
1.02 -1.2 0.0100139
1.02 -1.14 0.0103225
1.02 -1.08 0.0104943
1.02 -1.02 0.0105224
1.02 -0.96 0.0104055
1.02 -0.9 0.0101485
1.02 -0.84 0.00976178
1.02 -0.78 0.00926074
1.02 -0.72 0.00866458
1.02 -0.66 0.00799546
1.02 -0.6 0.00727652
1.02 -0.54 0.00653127
1.02 -0.48 0.00578174
1.02 -0.42 0.00504786
1.02 -0.36 0.00434652
1.02 -0.3 0.00369125
1.02 -0.24 0.00309165
1.02 -0.18 0.00255385
1.02 -0.12 0.0020806
1.02 -0.06 0.00167176
1.02 9.71445e-15 0.00132478
1.02 0.06 0.0010354
1.02 0.12 0.000798096
1.02 0.18 0.00060673
1.02 0.24 0.000454911
1.08 -2.82 1.72302e-05
1.08 -2.76 2.5809e-05
1.08 -2.7 3.81274e-05
1.08 -2.64 5.55517e-05
1.08 -2.58 7.98254e-05
1.08 -2.52 0.000113128
1.08 -2.46 0.000158124
1.08 -2.4 0.000217976
1.08 -2.34 0.000296353
1.08 -2.28 0.000397378
1.08 -2.22 0.000525513
1.08 -2.16 0.000685409
1.08 -2.1 0.00088167
1.08 -2.04 0.00111855
1.08 -1.98 0.00139956
1.08 -1.92 0.00172708
1.08 -1.86 0.00210197
1.08 -1.8 0.00252309
1.08 -1.74 0.00298692
1.08 -1.68 0.00348741
1.08 -1.62 0.0040158
1.08 -1.56 0.00456071
1.08 -1.5 0.00510834
1.08 -1.44 0.00564301
1.08 -1.38 0.00614808
1.08 -1.32 0.00660618
1.08 -1.26 0.00700095
1.08 -1.2 0.0073173
1.08 -1.14 0.00754282
1.08 -1.08 0.00766837
1.08 -1.02 0.00768888
1.08 -0.96 0.00760345
1.08 -0.9 0.00741564
1.08 -0.84 0.00713306
1.08 -0.78 0.00676691
1.08 -0.72 0.00633135
1.08 -0.66 0.00584235
1.08 -0.6 0.00531704
1.08 -0.54 0.00477242
1.08 -0.48 0.00422476
1.08 -0.42 0.00368849
1.08 -0.36 0.00317609
1.08 -0.3 0.00269724
1.08 -0.24 0.00225909
1.08 -0.18 0.00186613
1.08 -0.12 0.00152033
1.08 -0.06 0.00122157
1.08 9.71445e-15 0.000968032
1.08 0.06 0.000756572
1.08 0.12 0.000583182
1.08 0.18 0.000443348
1.14 -2.82 1.24174e-05
1.14 -2.76 1.85997e-05
1.14 -2.7 2.74775e-05
1.14 -2.64 4.00342e-05
1.14 -2.58 5.75272e-05
1.14 -2.52 8.1529e-05
1.14 -2.46 0.000113955
1.14 -2.4 0.000157089
1.14 -2.34 0.000213574
1.14 -2.28 0.000286377
1.14 -2.22 0.000378721
1.14 -2.16 0.000493952
1.14 -2.1 0.000635399
1.14 -2.04 0.000806102
1.14 -1.98 0.00100861
1.14 -1.92 0.00124465
1.14 -1.86 0.00151482
1.14 -1.8 0.00181828
1.14 -1.74 0.00215257
1.14 -1.68 0.00251327
1.14 -1.62 0.00289404
1.14 -1.56 0.00328674
1.14 -1.5 0.00368139
1.14 -1.44 0.00406677
1.14 -1.38 0.00443071
1.14 -1.32 0.00476093
1.14 -1.26 0.00504537
1.14 -1.2 0.00527329
1.14 -1.14 0.00543584
1.14 -1.08 0.00552635
1.14 -1.02 0.00554108
1.14 -0.96 0.00547955
1.14 -0.9 0.00534423
1.14 -0.84 0.00514055
1.14 -0.78 0.00487668
1.14 -0.72 0.00456275
1.14 -0.66 0.00421041
1.14 -0.6 0.00383185
1.14 -0.54 0.00343937
1.14 -0.48 0.00304466
1.14 -0.42 0.00265821
1.14 -0.36 0.0022889
1.14 -0.3 0.00194381
1.14 -0.24 0.00162805
1.14 -0.18 0.00134485
1.14 -0.12 0.00109564
1.14 -0.06 0.000880349
1.14 9.71445e-15 0.000697636
1.14 0.06 0.000545238
1.14 0.12 0.000420282
1.2 -2.76 1.32199e-05
1.2 -2.7 1.95299e-05
1.2 -2.64 2.84548e-05
1.2 -2.58 4.08883e-05
1.2 -2.52 5.79476e-05
1.2 -2.46 8.09953e-05
1.2 -2.4 0.000111654
1.2 -2.34 0.0001518
1.2 -2.28 0.000203544
1.2 -2.22 0.000269179
1.2 -2.16 0.00035108
1.2 -2.1 0.000451616
1.2 -2.04 0.000572948
1.2 -1.98 0.00071688
1.2 -1.92 0.000884656
1.2 -1.86 0.00107667
1.2 -1.8 0.00129237
1.2 -1.74 0.00152997
1.2 -1.68 0.00178634
1.2 -1.62 0.00205698
1.2 -1.56 0.00233611
1.2 -1.5 0.00261659
1.2 -1.44 0.0028905
1.2 -1.38 0.00314921
1.2 -1.32 0.00338388
1.2 -1.26 0.00358606
1.2 -1.2 0.00374809
1.2 -1.14 0.0038636
1.2 -1.08 0.00392794
1.2 -1.02 0.0039384
1.2 -0.96 0.00389468
1.2 -0.9 0.00379844
1.2 -0.84 0.00365371
1.2 -0.78 0.00346613
1.2 -0.72 0.00324304
1.2 -0.66 0.00299259
1.2 -0.6 0.00272352
1.2 -0.54 0.00244456
1.2 -0.48 0.00216401
1.2 -0.42 0.00188935
1.2 -0.36 0.00162687
1.2 -0.3 0.00138158
1.2 -0.24 0.00115716
1.2 -0.18 0.000955864
1.2 -0.12 0.000778742
1.2 -0.06 0.000625719
1.2 9.71445e-15 0.000495852
1.2 0.06 0.000387535
1.26 -2.76 9.26706e-06
1.26 -2.7 1.36902e-05
1.26 -2.64 1.99465e-05
1.26 -2.58 2.86625e-05
1.26 -2.52 4.06206e-05
1.26 -2.46 5.67772e-05
1.26 -2.4 7.82679e-05
1.26 -2.34 0.00010641
1.26 -2.28 0.000142684
1.26 -2.22 0.000188694
1.26 -2.16 0.000246106
1.26 -2.1 0.000316578
1.26 -2.04 0.000401632
1.26 -1.98 0.000502529
1.26 -1.92 0.000620133
1.26 -1.86 0.000754745
1.26 -1.8 0.000905945
1.26 -1.74 0.00107249
1.26 -1.68 0.00125221
1.26 -1.62 0.00144192
1.26 -1.56 0.00163759
1.26 -1.5 0.00183422
1.26 -1.44 0.00202621
1.26 -1.38 0.00220757
1.26 -1.32 0.00237206
1.26 -1.26 0.00251381
1.26 -1.2 0.00262738
1.26 -1.14 0.00270835
1.26 -1.08 0.00275344
1.26 -1.02 0.00276079
1.26 -0.96 0.00273014
1.26 -0.9 0.0026627
1.26 -0.84 0.00256121
1.26 -0.78 0.00242975
1.26 -0.72 0.00227335
1.26 -0.66 0.00209777
1.26 -0.6 0.00190917
1.26 -0.54 0.00171362
1.26 -0.48 0.00151696
1.26 -0.42 0.00132441
1.26 -0.36 0.00114042
1.26 -0.3 0.000968482
1.26 -0.24 0.000811154
1.26 -0.18 0.000670056
1.26 -0.12 0.000545892
1.26 -0.06 0.000438622
1.26 9.71445e-15 0.000347586
1.32 -2.7 9.46486e-06
1.32 -2.64 1.37902e-05
1.32 -2.58 1.9816e-05
1.32 -2.52 2.80834e-05
1.32 -2.46 3.92531e-05
1.32 -2.4 5.41106e-05
1.32 -2.34 7.35674e-05
1.32 -2.28 9.86461e-05
1.32 -2.22 0.000130455
1.32 -2.16 0.000170148
1.32 -2.1 0.000218869
1.32 -2.04 0.00027767
1.32 -1.98 0.000347429
1.32 -1.92 0.000428731
1.32 -1.86 0.000521798
1.32 -1.8 0.000626333
1.32 -1.74 0.000741476
1.32 -1.68 0.000865717
1.32 -1.62 0.000996882
1.32 -1.56 0.00113216
1.32 -1.5 0.0012681
1.32 -1.44 0.00140083
1.32 -1.38 0.00152621
1.32 -1.32 0.00163995
1.32 -1.26 0.00173793
1.32 -1.2 0.00181645
1.32 -1.14 0.00187243
1.32 -1.08 0.0019036
1.32 -1.02 0.00190869
1.32 -0.96 0.0018875
1.32 -0.9 0.00184088
1.32 -0.84 0.00177071
1.32 -0.78 0.00167983
1.32 -0.72 0.0015717
1.32 -0.66 0.00145032
1.32 -0.6 0.00131992
1.32 -0.54 0.00118472
1.32 -0.48 0.00104877
1.32 -0.42 0.000915641
1.32 -0.36 0.000788435
1.32 -0.3 0.000669569
1.32 -0.24 0.000560799
1.32 -0.18 0.00046325
1.32 -0.12 0.000377407
1.32 -0.06 0.000303244
1.38 -2.7 6.45362e-06
1.38 -2.64 9.40287e-06
1.38 -2.58 1.35117e-05
1.38 -2.52 1.91488e-05
1.38 -2.46 2.67648e-05
1.38 -2.4 3.68956e-05
1.38 -2.34 5.01626e-05
1.38 -2.28 6.72624e-05
1.38 -2.22 8.89507e-05
1.38 -2.16 0.000116016
1.38 -2.1 0.000149236
1.38 -2.04 0.00018933
1.38 -1.98 0.000236897
1.38 -1.92 0.000292334
1.38 -1.86 0.000355792
1.38 -1.8 0.000427069
1.38 -1.74 0.000505578
1.38 -1.68 0.000590289
1.38 -1.62 0.00067973
1.38 -1.56 0.000771961
1.38 -1.5 0.000864663
1.38 -1.44 0.000955172
1.38 -1.38 0.00104065
1.38 -1.32 0.0011182
1.38 -1.26 0.00118502
1.38 -1.2 0.00123856
1.38 -1.14 0.00127673
1.38 -1.08 0.00129797
1.38 -1.02 0.00130145
1.38 -0.96 0.00128699
1.38 -0.9 0.00125521
1.38 -0.84 0.00120737
1.38 -0.78 0.0011454
1.38 -0.72 0.00107167
1.38 -0.66 0.000988905
1.38 -0.6 0.00089999
1.38 -0.54 0.000807809
1.38 -0.48 0.000715107
1.38 -0.42 0.000624334
1.38 -0.36 0.000537595
1.38 -0.3 0.000456549
1.38 -0.24 0.000382385
1.38 -0.18 0.000315871
1.44 -2.64 6.32323e-06
1.44 -2.58 9.08636e-06
1.44 -2.52 1.28772e-05
1.44 -2.46 1.7999e-05
1.44 -2.4 2.48117e-05
1.44 -2.34 3.37334e-05
1.44 -2.28 4.52324e-05
1.44 -2.22 5.98178e-05
1.44 -2.16 7.80188e-05
1.44 -2.1 0.000100359
1.44 -2.04 0.000127321
1.44 -1.98 0.000159308
1.44 -1.92 0.000196589
1.44 -1.86 0.000239264
1.44 -1.8 0.000287196
1.44 -1.74 0.00033999
1.44 -1.68 0.000396961
1.44 -1.62 0.000457107
1.44 -1.56 0.000519131
1.44 -1.5 0.000581467
1.44 -1.44 0.000642336
1.44 -1.38 0.000699823
1.44 -1.32 0.000751972
1.44 -1.26 0.000796906
1.44 -1.2 0.00083291
1.44 -1.14 0.000858571
1.44 -1.08 0.000872867
1.44 -1.02 0.000875202
1.44 -0.96 0.000865484
1.44 -0.9 0.000844099
1.44 -0.84 0.00081193
1.44 -0.78 0.000770261
1.44 -0.72 0.000720678
1.44 -0.66 0.000665015
1.44 -0.6 0.000605224
1.44 -0.54 0.000543239
1.44 -0.48 0.000480892
1.44 -0.42 0.000419854
1.44 -0.36 0.000361523
1.44 -0.3 0.000307019
1.44 -0.24 0.000257146
1.5 -2.64 4.19385e-06
1.5 -2.58 6.02638e-06
1.5 -2.52 8.54057e-06
1.5 -2.46 1.19375e-05
1.5 -2.4 1.6456e-05
1.5 -2.34 2.2373e-05
1.5 -2.28 2.99999e-05
1.5 -2.22 3.96734e-05
1.5 -2.16 5.17446e-05
1.5 -2.1 6.65614e-05
1.5 -2.04 8.44448e-05
1.5 -1.98 0.000105659
1.5 -1.92 0.000130385
1.5 -1.86 0.000158687
1.5 -1.8 0.000190479
1.5 -1.74 0.000225497
1.5 -1.68 0.000263281
1.5 -1.62 0.000303171
1.5 -1.56 0.000344309
1.5 -1.5 0.000385652
1.5 -1.44 0.000426016
1.5 -1.38 0.000464147
1.5 -1.32 0.000498731
1.5 -1.26 0.000528534
1.5 -1.2 0.000552416
1.5 -1.14 0.000569442
1.5 -1.08 0.000578921
1.5 -1.02 0.000580469
1.5 -0.96 0.00057402
1.5 -0.9 0.000559841
1.5 -0.84 0.000538507
1.5 -0.78 0.000510865
1.5 -0.72 0.000477982
1.5 -0.66 0.000441066
1.5 -0.6 0.000401408
1.5 -0.54 0.000360292
1.5 -0.48 0.000318946
1.5 -0.42 0.000278461
1.5 -0.36 0.000239778
1.56 -2.58 3.94199e-06
1.56 -2.52 5.58665e-06
1.56 -2.46 7.80861e-06
1.56 -2.4 1.07644e-05
1.56 -2.34 1.46348e-05
1.56 -2.28 1.96234e-05
1.56 -2.22 2.59511e-05
1.56 -2.16 3.38474e-05
1.56 -2.1 4.35396e-05
1.56 -2.04 5.52367e-05
1.56 -1.98 6.91134e-05
1.56 -1.92 8.52887e-05
1.56 -1.86 0.000103801
1.56 -1.8 0.000124596
1.56 -1.74 0.000147501
1.56 -1.68 0.000172218
1.56 -1.62 0.000198312
1.56 -1.56 0.000225219
1.56 -1.5 0.000252261
1.56 -1.44 0.00027867
1.56 -1.38 0.00030361
1.56 -1.32 0.000326235
1.56 -1.26 0.000345726
1.56 -1.2 0.000361348
1.56 -1.14 0.000372482
1.56 -1.08 0.000378685
1.56 -1.02 0.000379697
1.56 -0.96 0.000375479
1.56 -0.9 0.000366201
1.56 -0.84 0.000352248
1.56 -0.78 0.000334166
1.56 -0.72 0.000312658
1.56 -0.66 0.00028851
1.56 -0.6 0.00026257
1.56 -0.54 0.000235677
1.56 -0.48 0.000208629
1.62 -2.52 3.6041e-06
1.62 -2.46 5.03755e-06
1.62 -2.4 6.94434e-06
1.62 -2.34 9.44139e-06
1.62 -2.28 1.26598e-05
1.62 -2.22 1.67419e-05
1.62 -2.16 2.18361e-05
1.62 -2.1 2.80885e-05
1.62 -2.04 3.56348e-05
1.62 -1.98 4.45876e-05
1.62 -1.92 5.50219e-05
1.62 -1.86 6.69656e-05
1.62 -1.8 8.03809e-05
1.62 -1.74 9.51572e-05
1.62 -1.68 0.000111102
1.62 -1.62 0.000127936
1.62 -1.56 0.000145294
1.62 -1.5 0.000162743
1.62 -1.44 0.000179778
1.62 -1.38 0.000195866
1.62 -1.32 0.000210463
1.62 -1.26 0.000223038
1.62 -1.2 0.000233116
1.62 -1.14 0.000240299
1.62 -1.08 0.000244298
1.62 -1.02 0.000244953
1.62 -0.96 0.000242231
1.62 -0.9 0.00023625
1.62 -0.84 0.000227246
1.62 -0.78 0.000215583
1.62 -0.72 0.000201704
1.62 -0.66 0.000186128
1.62 -0.6 0.000169392
1.68 -2.4 4.41844e-06
1.68 -2.34 6.00714e-06
1.68 -2.28 8.05488e-06
1.68 -2.22 1.06522e-05
1.68 -2.16 1.38933e-05
1.68 -2.1 1.78717e-05
1.68 -2.04 2.26733e-05
1.68 -1.98 2.83692e-05
1.68 -1.92 3.50084e-05
1.68 -1.86 4.26071e-05
1.68 -1.8 5.11433e-05
1.68 -1.74 6.05456e-05
1.68 -1.68 7.06907e-05
1.68 -1.62 8.14011e-05
1.68 -1.56 9.24465e-05
1.68 -1.5 0.000103547
1.68 -1.44 0.000114385
1.68 -1.38 0.000124623
1.68 -1.32 0.000133909
1.68 -1.26 0.00014191
1.68 -1.2 0.000148323
1.68 -1.14 0.000152895
1.68 -1.08 0.00015544
1.68 -1.02 0.000155855
1.68 -0.96 0.000154123
1.68 -0.9 0.000150316
1.68 -0.84 0.000144589
1.68 -0.78 0.000137166
1.68 -0.72 0.000128338
1.74 -2.16 8.71832e-06
1.74 -2.1 1.12148e-05
1.74 -2.04 1.42278e-05
1.74 -1.98 1.78022e-05
1.74 -1.92 2.19681e-05
1.74 -1.86 2.67368e-05
1.74 -1.8 3.20932e-05
1.74 -1.74 3.79931e-05
1.74 -1.68 4.43592e-05
1.74 -1.62 5.108e-05
1.74 -1.56 5.80115e-05
1.74 -1.5 6.49774e-05
1.74 -1.44 7.17787e-05
1.74 -1.38 7.82029e-05
1.74 -1.32 8.40307e-05
1.74 -1.26 8.90517e-05
1.74 -1.2 9.30745e-05
1.74 -1.14 9.5943e-05
1.74 -1.08 9.75404e-05
1.74 -1.02 9.78009e-05
1.74 -0.96 9.67153e-05
1.8 -1.92 1.3596e-05
1.8 -1.86 1.65472e-05
1.8 -1.8 1.9862e-05
1.8 -1.74 2.35136e-05
1.8 -1.68 2.74537e-05
1.8 -1.62 3.16131e-05
1.8 -1.56 3.59028e-05
1.8 -1.5 4.02137e-05
1.8 -1.44 4.44234e-05
1.8 -1.38 4.83989e-05
1.8 -1.32 5.2006e-05
1.8 -1.26 5.5113e-05
