0 0.2 0.2 66.6659 -10 -10
-8 -2.2 2.79686e-06
-8 -2 4.17241e-06
-8 -1.8 5.30411e-06
-8 -1.6 5.74582e-06
-8 -0.4 3.65056e-06
-7.8 -2.8 4.93554e-06
-7.8 -2.6 7.60513e-06
-7.8 -2.4 1.40845e-05
-7.8 -2.2 2.06685e-05
-7.8 -2 2.80424e-05
-7.8 -1.8 3.29755e-05
-7.8 -1.6 3.57217e-05
-7.8 -1.4 3.2975e-05
-7.8 -1.2 2.59385e-05
-7.8 -1 1.73871e-05
-7.8 -0.8 1.64896e-05
-7.8 -0.6 2.0534e-05
-7.8 -0.4 2.17896e-05
-7.8 -0.2 1.97032e-05
-7.8 -2.05391e-15 1.51823e-05
-7.6 -3.2 7.81837e-06
-7.6 -3 1.65905e-05
-7.6 -2.8 3.18255e-05
-7.6 -2.6 5.2848e-05
-7.6 -2.4 8.03307e-05
-7.6 -2.2 0.000114447
-7.6 -2 0.000151917
-7.6 -1.8 0.000182449
-7.6 -1.6 0.000192719
-7.6 -1.4 0.00017601
-7.6 -1.2 0.000137417
-7.6 -1 0.00010853
-7.6 -0.8 9.90098e-05
-7.6 -0.6 0.000107537
-7.6 -0.4 0.000110829
-7.6 -0.2 0.000100217
-7.6 -2.05391e-15 7.72222e-05
-7.6 0.2 5.07056e-05
-7.4 -3.6 5.56498e-06
-7.4 -3.4 1.62623e-05
-7.4 -3.2 4.04961e-05
-7.4 -3 8.75883e-05
-7.4 -2.8 0.000162619
-7.4 -2.6 0.000265891
-7.4 -2.4 0.000394042
-7.4 -2.2 0.000544693
-7.4 -2 0.000705254
-7.4 -1.8 0.000834421
-7.4 -1.6 0.000874932
-7.4 -1.4 0.000796465
-7.4 -1.2 0.000639685
-7.4 -1 0.000485371
-7.4 -0.8 0.000434244
-7.4 -0.6 0.000468487
-7.4 -0.4 0.000483671
-7.4 -0.2 0.000434929
-7.4 -2.05391e-15 0.000334991
-7.4 0.2 0.000219899
-7.4 0.4 0.000123017
-7.2 -3.8 7.16246e-06
-7.2 -3.6 2.45623e-05
-7.2 -3.4 7.19823e-05
-7.2 -3.2 0.000180161
-7.2 -3 0.000385345
-7.2 -2.8 0.000710823
-7.2 -2.6 0.0011472
-7.2 -2.4 0.00166202
-7.2 -2.2 0.00222938
-7.2 -2 0.0028085
-7.2 -1.8 0.00326372
-7.2 -1.6 0.00339051
-7.2 -1.4 0.00308527
-7.2 -1.2 0.00246096
-7.2 -1 0.0018539
-7.2 -0.8 0.00163372
-7.2 -0.6 0.00173803
-7.2 -0.4 0.00178952
-7.2 -0.2 0.00160912
-7.2 -2.05391e-15 0.001238
-7.2 0.2 0.0008125
-7.2 0.4 0.000454474
-7.2 0.6 0.000216648
-7 -3.8 2.71995e-05
-7 -3.6 9.29919e-05
-7 -3.4 0.00027118
-7 -3.2 0.000677387
-7 -3 0.00144542
-7 -2.8 0.00265334
-7 -2.6 0.00423784
-7 -2.4 0.00602136
-7 -2.2 0.00785159
-7 -2 0.0096063
-7 -1.8 0.0109302
-7 -1.6 0.0112302
-7 -1.4 0.0101588
-7 -1.2 0.00807303
-7 -1 0.00603496
-7 -0.8 0.0052316
-7 -0.6 0.00550842
-7 -0.4 0.00565098
-7 -0.2 0.0050724
-7 -2.05391e-15 0.00390086
-7 0.2 0.00255893
-7 0.4 0.00143102
-7 0.6 0.000682071
-7 0.8 0.00027706
-6.8 -4 2.19315e-05
-6.8 -3.8 8.76519e-05
-6.8 -3.6 0.000299159
-6.8 -3.4 0.000872591
-6.8 -3.2 0.00217281
-6.8 -3 0.00462665
-6.8 -2.8 0.0084589
-6.8 -2.6 0.0133976
-6.8 -2.4 0.0187285
-6.8 -2.2 0.0237932
-6.8 -2 0.0282415
-6.8 -1.8 0.0313702
-6.8 -1.6 0.0317756
-6.8 -1.4 0.028541
-6.8 -1.2 0.0225914
-6.8 -1 0.016773
-6.8 -0.8 0.0143186
-6.8 -0.6 0.0149081
-6.8 -0.4 0.0152364
-6.8 -0.2 0.0136616
-6.8 -2.05391e-15 0.0104983
-6.8 0.2 0.0068709
-6.8 0.4 0.0038409
-6.8 0.6 0.00183023
-6.8 0.8 0.000743325
-6.6 -4.2 1.30362e-05
-6.6 -4 6.06334e-05
-6.6 -3.8 0.000241421
-6.6 -3.6 0.000822014
-6.6 -3.4 0.00239252
-6.6 -3.2 0.00594696
-6.6 -3 0.0126377
-6.6 -2.8 0.023028
-6.6 -2.6 0.036229
-6.6 -2.4 0.0499592
-6.6 -2.2 0.0620084
-6.6 -2 0.0714288
-6.6 -1.8 0.0772478
-6.6 -1.6 0.0769203
-6.6 -1.4 0.068492
-6.6 -1.2 0.0539789
-6.6 -1 0.0398488
-6.6 -0.8 0.0335667
-6.6 -0.6 0.0345468
-6.6 -0.4 0.035132
-6.6 -0.2 0.0314284
-6.6 -2.05391e-15 0.0241221
-6.6 0.2 0.0158018
-6.6 0.4 0.00883142
-6.6 0.6 0.00418642
-6.6 0.8 0.00169979
-6.6 1 0.000588245
-6.4 -4.2 3.11492e-05
-6.4 -4 0.000143767
-6.4 -3.8 0.000570995
-6.4 -3.6 0.00193439
-6.4 -3.4 0.00560925
-6.4 -3.2 0.0139058
-6.4 -3 0.029479
-6.4 -2.8 0.053546
-6.4 -2.6 0.0837676
-6.4 -2.4 0.114239
-6.4 -2.2 0.138961
-6.4 -2 0.155558
-6.4 -1.8 0.163486
-6.4 -1.6 0.159574
-6.4 -1.4 0.140594
-6.4 -1.2 0.110275
-6.4 -1 0.0810875
-6.4 -0.8 0.0676003
-6.4 -0.6 0.068777
-6.4 -0.4 0.0695053
-6.4 -0.2 0.0619853
-6.4 -2.05391e-15 0.0474877
-6.4 0.2 0.0310984
-6.4 0.4 0.0173627
-6.4 0.6 0.0082614
-6.4 0.8 0.00331355
-6.4 1 0.00114637
-6.2 -4.2 6.56398e-05
-6.2 -4 0.000297971
-6.2 -3.8 0.0011628
-6.2 -3.6 0.00390701
-6.2 -3.4 0.0112608
-6.2 -3.2 0.0278023
-6.2 -3 0.0587596
-6.2 -2.8 0.106396
-6.2 -2.6 0.165662
-6.2 -2.4 0.223903
-6.2 -2.2 0.267791
-6.2 -2 0.292025
-6.2 -1.8 0.298057
-6.2 -1.6 0.284445
-6.2 -1.4 0.247492
-6.2 -1.2 0.193158
-6.2 -1 0.141859
-6.2 -0.8 0.117612
-6.2 -0.6 0.118372
-6.2 -0.4 0.118688
-6.2 -0.2 0.105376
-6.2 -2.05391e-15 0.0805663
-6.2 0.2 0.0527721
-6.2 0.4 0.0296122
-6.2 0.6 0.0143239
-6.2 0.8 0.00603305
-6.2 1 0.00241692
-6.2 1.2 0.000912977
-6 -4.4 2.4397e-05
-6 -4.2 0.00012259
-6 -4 0.000538326
-6 -3.8 0.00205849
-6 -3.6 0.00681345
-6 -3.4 0.0194426
-6 -3.2 0.0476836
-6 -3 0.100308
-6 -2.8 0.18094
-6 -2.6 0.280509
-6 -2.4 0.376392
-6 -2.2 0.444082
-6 -2 0.473414
-6 -1.8 0.469767
-6 -1.6 0.437677
-6 -1.4 0.375523
-6 -1.2 0.291766
-6 -1 0.214949
-6 -0.8 0.178555
-6 -0.6 0.178178
-6 -0.4 0.177021
-6 -0.2 0.156344
-6 -2.05391e-15 0.119396
-6 0.2 0.0784787
-6 0.4 0.0446373
-6 0.6 0.0225277
-6 0.8 0.0108746
-6 1 0.00534882
-6 1.2 0.00294572
-6 1.4 0.00148592
-6 1.6 0.000643237
-5.8 -4.4 4.34445e-05
-5.8 -4.2 0.000207589
-5.8 -4 0.000873379
-5.8 -3.8 0.00322349
-5.8 -3.6 0.0103958
-5.8 -3.4 0.0291342
-5.8 -3.2 0.0705851
-5.8 -3 0.147298
-5.8 -2.8 0.264255
-5.8 -2.6 0.407802
-5.8 -2.4 0.54401
-5.8 -2.2 0.635285
-5.8 -2 0.665167
-5.8 -1.8 0.643974
-5.8 -1.6 0.586254
-5.8 -1.4 0.496063
-5.8 -1.2 0.384509
-5.8 -1 0.286208
-5.8 -0.8 0.240872
-5.8 -0.6 0.23948
-5.8 -0.4 0.235844
-5.8 -0.2 0.207441
-5.8 -2.05391e-15 0.15891
-5.8 0.2 0.106015
-5.8 0.4 0.0628794
-5.8 0.6 0.0353682
-5.8 0.8 0.0207992
-5.8 1 0.0128133
-5.8 1.2 0.00739684
-5.8 1.4 0.00384699
-5.8 1.6 0.00172891
-5.8 1.8 0.000672194
-5.8 2 0.000223072
-5.6 -4.4 7.26237e-05
-5.6 -4.2 0.000329251
-5.6 -4 0.00131078
-5.6 -3.8 0.00459797
-5.6 -3.6 0.0142165
-5.6 -3.4 0.0385728
-5.6 -3.2 0.0913599
-5.6 -3 0.187838
-5.6 -2.8 0.333858
-5.6 -2.6 0.51216
-5.6 -2.4 0.679913
-5.6 -2.2 0.788692
-5.6 -2 0.816067
-5.6 -1.8 0.776099
-5.6 -1.6 0.693799
-5.6 -1.4 0.581071
-5.6 -1.2 0.451792
-5.6 -1 0.343706
-5.6 -0.8 0.297551
-5.6 -0.6 0.297324
-5.6 -0.4 0.291471
-5.6 -0.2 0.256698
-5.6 -2.05391e-15 0.199382
-5.6 0.2 0.138149
-5.6 0.4 0.0895539
-5.6 0.6 0.0591015
-5.6 0.8 0.040822
-5.6 1 0.0273125
-5.6 1.2 0.0163668
-5.6 1.4 0.00856749
-5.6 1.6 0.00392291
-5.6 1.8 0.00160774
-5.6 2 0.000626218
-5.6 2.2 0.000232574
-5.4 -4.4 0.000113147
-5.4 -4.2 0.000491852
-5.4 -4 0.00186018
-5.4 -3.8 0.00617234
-5.4 -3.6 0.0180313
-5.4 -3.4 0.0465474
-5.4 -3.2 0.106028
-5.4 -3 0.212108
-5.4 -2.8 0.370551
-5.4 -2.6 0.563026
-5.4 -2.4 0.743923
-5.4 -2.2 0.860571
-5.4 -2 0.886804
-5.4 -1.8 0.837184
-5.4 -1.6 0.742462
-5.4 -1.4 0.620913
-5.4 -1.2 0.489264
-5.4 -1 0.386531
-5.4 -0.8 0.350102
-5.4 -0.6 0.355584
-5.4 -0.4 0.349747
-5.4 -0.2 0.310995
-5.4 -2.05391e-15 0.248136
-5.4 0.2 0.18264
-5.4 0.4 0.132284
-5.4 0.6 0.0993295
-5.4 0.8 0.0743336
-5.4 1 0.0513026
-5.4 1.2 0.0313115
-5.4 1.4 0.0168033
-5.4 1.6 0.0081616
-5.4 1.8 0.00380869
-5.4 2 0.00177808
-5.4 2.2 0.00080439
-5.4 2.4 0.000333429
-5.2 -4.4 0.000160207
-5.2 -4.2 0.000678044
-5.2 -4 0.00247572
-5.2 -3.8 0.0078723
-5.2 -3.6 0.0217911
-5.2 -3.4 0.0531016
-5.2 -3.2 0.114601
-5.2 -3 0.219471
-5.2 -2.8 0.372081
-5.2 -2.6 0.555904
-5.2 -2.4 0.729911
-5.2 -2.2 0.845129
-5.2 -2 0.874847
-5.2 -1.8 0.830053
-5.2 -1.6 0.740182
-5.2 -1.4 0.625842
-5.2 -1.2 0.506349
-5.2 -1 0.421776
-5.2 -0.8 0.403855
-5.2 -0.6 0.420038
-5.2 -0.4 0.417142
-5.2 -0.2 0.376268
-5.2 -2.05391e-15 0.309808
-5.2 0.2 0.242714
-5.2 0.4 0.192228
-5.2 0.6 0.155378
-5.2 0.8 0.120614
-5.2 1 0.0849622
-5.2 1.2 0.0534592
-5.2 1.4 0.0307933
-5.2 1.6 0.0171641
-5.2 1.8 0.00954714
-5.2 2 0.00508823
-5.2 2.2 0.00245653
-5.2 2.4 0.00104701
-5.2 2.6 0.00036984
-5 -4.2 0.000837272
-5 -4 0.00303527
-5 -3.8 0.00937218
-5 -3.6 0.0250345
-5 -3.4 0.0582833
-5 -3.2 0.119394
-5 -3 0.217265
-5 -2.8 0.353451
-5 -2.6 0.514619
-5 -2.4 0.669184
-5 -2.2 0.77738
-5 -2 0.814124
-5 -1.8 0.784359
-5 -1.6 0.711428
-5 -1.4 0.614962
-5 -1.2 0.515771
-5 -1 0.453966
-5 -0.8 0.455961
-5 -0.6 0.484336
-5 -0.4 0.486312
-5 -0.2 0.445094
-5 -2.05391e-15 0.377304
-5 0.2 0.311473
-5 0.4 0.262448
-5 0.6 0.221738
-5 0.8 0.177306
-5 1 0.129972
-5 1.2 0.0885054
-5 1.4 0.0584672
-5 1.6 0.0382254
-5 1.8 0.0237847
-5 2 0.013366
-5 2.2 0.00659125
-5 2.4 0.00284229
-5 2.6 0.00109234
-4.8 -4.2 0.000905615
-4.8 -4 0.00334754
-4.8 -3.8 0.0102426
-4.8 -3.6 0.0269593
-4.8 -3.4 0.061364
-4.8 -3.2 0.121818
-4.8 -3 0.213438
-4.8 -2.8 0.334544
-4.8 -2.6 0.47408
-4.8 -2.4 0.609848
-4.8 -2.2 0.712116
-4.8 -2 0.757923
-4.8 -1.8 0.746068
-4.8 -1.6 0.693176
-4.8 -1.4 0.616359
-4.8 -1.2 0.534676
-4.8 -1 0.485242
-4.8 -0.8 0.494553
-4.8 -0.6 0.529088
-4.8 -0.4 0.536455
-4.8 -0.2 0.499385
-4.8 -2.05391e-15 0.437022
-4.8 0.2 0.379567
-4.8 0.4 0.338083
-4.8 0.6 0.299981
-4.8 0.8 0.253735
-4.8 1 0.202481
-4.8 1.2 0.155589
-4.8 1.4 0.116655
-4.8 1.6 0.0831201
-4.8 1.8 0.0538341
-4.8 2 0.0307267
-4.8 2.2 0.0152682
-4.8 2.4 0.00663915
-4.8 2.6 0.0025897
-4.8 2.8 0.0009461
-4.6 -4.2 0.00084788
-4.6 -4 0.00394493
-4.6 -3.8 0.0108894
-4.6 -3.6 0.0279909
-4.6 -3.4 0.0633535
-4.6 -3.2 0.124941
-4.6 -3 0.216402
-4.6 -2.8 0.333646
-4.6 -2.6 0.465723
-4.6 -2.4 0.595573
-4.6 -2.2 0.700022
-4.6 -2 0.75711
-4.6 -1.8 0.76073
-4.6 -1.6 0.722997
-4.6 -1.4 0.658617
-4.6 -1.2 0.581171
-4.6 -1 0.520951
-4.6 -0.8 0.511905
-4.6 -0.6 0.537891
-4.6 -0.4 0.549391
-4.6 -0.2 0.524886
-4.6 -2.05391e-15 0.481772
-4.6 0.2 0.448557
-4.6 0.4 0.432047
-4.6 0.6 0.415585
-4.6 0.8 0.383886
-4.6 1 0.336464
-4.6 1.2 0.281065
-4.6 1.4 0.222479
-4.6 1.6 0.162563
-4.6 1.8 0.106287
-4.6 2 0.0609408
-4.6 2.2 0.0304504
-4.6 2.4 0.0133922
-4.6 2.6 0.00534902
-4.6 2.8 0.00198262
-4.4 -4.8 0.000401137
-4.4 -4.6 0.00088166
-4.4 -4.4 0.00189359
-4.4 -4.2 0.00373388
-4.4 -4 0.00709724
-4.4 -3.8 0.0140469
-4.4 -3.6 0.0311156
-4.4 -3.4 0.068305
-4.4 -3.2 0.135042
-4.4 -3 0.234899
-4.4 -2.8 0.361878
-4.4 -2.6 0.502232
-4.4 -2.4 0.638593
-4.4 -2.2 0.749835
-4.4 -2 0.814272
-4.4 -1.8 0.823687
-4.4 -1.6 0.789952
-4.4 -1.4 0.728075
-4.4 -1.2 0.645131
-4.4 -1 0.560454
-4.4 -0.8 0.513018
-4.4 -0.6 0.51416
-4.4 -0.4 0.527356
-4.4 -0.2 0.52604
-4.4 -2.05391e-15 0.521474
-4.4 0.2 0.537172
-4.4 0.4 0.573477
-4.4 0.6 0.603132
-4.4 0.8 0.597842
-4.4 1 0.550489
-4.4 1.2 0.472634
-4.4 1.4 0.37797
-4.4 1.6 0.276665
-4.4 1.8 0.180963
-4.4 2 0.104019
-4.4 2.2 0.0523662
-4.4 2.4 0.0234277
-4.4 2.6 0.0096928
-4.4 2.8 0.00395466
-4.4 3 0.00169338
-4.4 3.2 0.000630378
-4.2 -5 0.00075147
-4.2 -4.8 0.00143555
-4.2 -4.6 0.00274575
-4.2 -4.4 0.00537592
-4.2 -4.2 0.0100778
-4.2 -4 0.0171083
-4.2 -3.8 0.0266951
-4.2 -3.6 0.0432342
-4.2 -3.4 0.0800353
-4.2 -3.2 0.151535
-4.2 -3 0.262065
-4.2 -2.8 0.40259
-4.2 -2.6 0.554271
-4.2 -2.4 0.696019
-4.2 -2.2 0.806749
-4.2 -2 0.866598
-4.2 -1.8 0.869334
-4.2 -1.6 0.830802
-4.2 -1.4 0.769101
-4.2 -1.2 0.685774
-4.2 -1 0.587385
-4.2 -0.8 0.509029
-4.2 -0.6 0.484094
-4.2 -0.4 0.49969
-4.2 -0.2 0.530137
-4.2 -2.05391e-15 0.579057
-4.2 0.2 0.662047
-4.2 0.4 0.768727
-4.2 0.6 0.854752
-4.2 0.8 0.874784
-4.2 1 0.816844
-4.2 1.2 0.701998
-4.2 1.4 0.558269
-4.2 1.6 0.406424
-4.2 1.8 0.265483
-4.2 2 0.153323
-4.2 2.2 0.0783276
-4.2 2.4 0.036229
-4.2 2.6 0.01606
-4.2 2.8 0.0074212
-4.2 3 0.00376283
-4.2 3.2 0.00186466
-4.2 3.4 0.000995876
-4 -5.4 0.000561596
-4 -5.2 0.00131498
-4 -5 0.00266453
-4 -4.8 0.00479328
-4 -4.6 0.00812343
-4 -4.4 0.0139394
-4 -4.2 0.0241124
-4 -4 0.0390719
-4 -3.8 0.0567513
-4 -3.6 0.0756589
-4 -3.4 0.105111
-4 -3.2 0.168182
-4 -3 0.276777
-4 -2.8 0.419024
-4 -2.6 0.570327
-4 -2.4 0.705474
-4 -2.2 0.803541
-4 -2 0.848497
-4 -1.8 0.839026
-4 -1.6 0.796136
-4 -1.4 0.741264
-4 -1.2 0.67197
-4 -1 0.58478
-4 -0.8 0.507694
-4 -0.6 0.480688
-4 -0.4 0.50734
-4 -0.2 0.569104
-4 -2.05391e-15 0.666836
-4 0.2 0.809606
-4 0.4 0.976588
-4 0.6 1.10766
-4 0.8 1.1424
-4 1 1.06518
-4 1.2 0.907649
-4 1.4 0.713893
-4 1.6 0.515835
-4 1.8 0.337108
-4 2 0.197141
-4 2.2 0.104118
-4 2.4 0.0517685
-4 2.6 0.0262349
-4 2.8 0.014473
-4 3 0.00848811
-4 3.2 0.0047597
-4 3.4 0.00252741
-4 3.6 0.0011687
-3.8 -5.6 0.000639362
-3.8 -5.4 0.00174715
-3.8 -5.2 0.00408853
-3.8 -5 0.00823059
-3.8 -4.8 0.0144241
-3.8 -4.6 0.0227136
-3.8 -4.4 0.0342586
-3.8 -4.2 0.0524292
-3.8 -4 0.0793303
-3.8 -3.8 0.110715
-3.8 -3.6 0.137837
-3.8 -3.4 0.158448
-3.8 -3.2 0.19247
-3.8 -3 0.270394
-3.8 -2.8 0.389982
-3.8 -2.6 0.521943
-3.8 -2.4 0.637223
-3.8 -2.2 0.715619
-3.8 -2 0.745445
-3.8 -1.8 0.729857
-3.8 -1.6 0.691956
-3.8 -1.4 0.653531
-3.8 -1.2 0.610743
-3.8 -1 0.55728
-3.8 -0.8 0.516918
-3.8 -0.6 0.521973
-3.8 -0.4 0.572277
-3.8 -0.2 0.655575
-3.8 -2.05391e-15 0.778087
-3.8 0.2 0.947624
-3.8 0.4 1.1385
-3.8 0.6 1.28369
-3.8 0.8 1.31522
-3.8 1 1.21511
-3.8 1.2 1.02218
-3.8 1.4 0.793337
-3.8 1.6 0.569428
-3.8 1.8 0.375047
-3.8 2 0.226628
-3.8 2.2 0.129296
-3.8 2.4 0.0743319
-3.8 2.6 0.0454761
-3.8 2.8 0.0291171
-3.8 3 0.0183209
-3.8 3.2 0.0105485
-3.8 3.4 0.00553519
-3.8 3.6 0.00253545
-3.8 3.8 0.0010038
-3.6 -5.6 0.00170037
-3.6 -5.4 0.00465453
-3.6 -5.2 0.0109072
-3.6 -5 0.0219423
-3.6 -4.8 0.0381223
-3.6 -4.6 0.0580733
-3.6 -4.4 0.0804588
-3.6 -4.2 0.107973
-3.6 -4 0.146042
-3.6 -3.8 0.191697
-3.6 -3.6 0.229701
-3.6 -3.4 0.245571
-3.6 -3.2 0.245137
-3.6 -3 0.263681
-3.6 -2.8 0.329276
-3.6 -2.6 0.422379
-3.6 -2.4 0.509803
-3.6 -2.2 0.571064
-3.6 -2 0.597379
-3.6 -1.8 0.592144
-3.6 -1.6 0.572739
-3.6 -1.4 0.555827
-3.6 -1.2 0.541686
-3.6 -1 0.532624
-3.6 -0.8 0.55132
-3.6 -0.6 0.61083
-3.6 -0.4 0.694106
-3.6 -0.2 0.789318
-3.6 -2.05391e-15 0.908117
-3.6 0.2 1.06107
-3.6 0.4 1.22585
-3.6 0.6 1.34215
-3.6 0.8 1.34725
-3.6 1 1.22407
-3.6 1.2 1.01276
-3.6 1.4 0.775059
-3.6 1.6 0.555615
-3.6 1.8 0.376228
-3.6 2 0.246231
-3.6 2.2 0.163684
-3.6 2.4 0.114395
-3.6 2.6 0.0815736
-3.6 2.8 0.0561957
-3.6 3 0.0359324
-3.6 3.2 0.0207559
-3.6 3.4 0.0106852
-3.6 3.6 0.00475424
-3.6 3.8 0.00186281
-3.6 4 0.000629824
-3.4 -5.8 0.00120789
-3.4 -5.6 0.00387497
-3.4 -5.4 0.0106304
-3.4 -5.2 0.024972
-3.4 -5 0.0503361
-3.4 -4.8 0.0873881
-3.4 -4.6 0.13169
-3.4 -4.4 0.175419
-3.4 -4.2 0.214766
-3.4 -4 0.255591
-3.4 -3.8 0.302503
-3.4 -3.6 0.341936
-3.4 -3.4 0.35118
-3.4 -3.2 0.323995
-3.4 -3 0.285071
-3.4 -2.8 0.277991
-3.4 -2.6 0.316664
-3.4 -2.4 0.374655
-3.4 -2.2 0.429269
-3.4 -2 0.470555
-3.4 -1.8 0.494059
-3.4 -1.6 0.501471
-3.4 -1.4 0.501598
-3.4 -1.2 0.508037
-3.4 -1 0.542342
-3.4 -0.8 0.625008
-3.4 -0.6 0.744697
-3.4 -0.4 0.865396
-3.4 -0.2 0.967815
-3.4 -2.05391e-15 1.06282
-3.4 0.2 1.16515
-3.4 0.4 1.26198
-3.4 0.6 1.31044
-3.4 0.8 1.26591
-3.4 1 1.11874
-3.4 1.2 0.905886
-3.4 1.4 0.684854
-3.4 1.6 0.498316
-3.4 1.8 0.363021
-3.4 2 0.277161
-3.4 2.2 0.224439
-3.4 2.4 0.183196
-3.4 2.6 0.141659
-3.4 2.8 0.100054
-3.4 3 0.0635272
-3.4 3.2 0.0359748
-3.4 3.4 0.0180818
-3.4 3.6 0.00800187
-3.4 3.8 0.00300798
-3.4 4 0.00101012
-3.2 -6 0.000626274
-3.2 -5.8 0.00235696
-3.2 -5.6 0.00758008
-3.2 -5.4 0.0208535
-3.2 -5.2 0.0491405
-3.2 -5 0.099382
-3.2 -4.8 0.17301
-3.2 -4.6 0.260578
-3.2 -4.4 0.342948
-3.2 -4.2 0.402649
-3.2 -4 0.437854
-3.2 -3.8 0.460378
-3.2 -3.6 0.472282
-3.2 -3.4 0.456861
-3.2 -3.2 0.403175
-3.2 -3 0.327263
-3.2 -2.8 0.267249
-3.2 -2.6 0.256059
-3.2 -2.4 0.291764
-3.2 -2.2 0.354504
-3.2 -2 0.425838
-3.2 -1.8 0.484675
-3.2 -1.6 0.515584
-3.2 -1.4 0.524405
-3.2 -1.2 0.541596
-3.2 -1 0.607177
-3.2 -0.8 0.738672
-3.2 -0.6 0.908235
-3.2 -0.4 1.06477
-3.2 -0.2 1.17545
-3.2 -2.05391e-15 1.24366
-3.2 0.2 1.28694
-3.2 0.4 1.30291
-3.2 0.6 1.26711
-3.2 0.8 1.15859
-3.2 1 0.982678
-3.2 1.2 0.774967
-3.2 1.4 0.584426
-3.2 1.6 0.447717
-3.2 1.8 0.37354
-3.2 2 0.342314
-3.2 2.2 0.320714
-3.2 2.4 0.283972
-3.2 2.6 0.227325
-3.2 2.8 0.161483
-3.2 3 0.101259
-3.2 3.2 0.0560541
-3.2 3.4 0.0274626
-3.2 3.6 0.0119046
-3.2 3.8 0.00455875
-3.2 4 0.00145855
-3.2 4.2 0.000431649
-3 -6 0.00104852
-3 -5.8 0.00395666
-3 -5.6 0.0127629
-3 -5.4 0.0352282
-3 -5.2 0.0833214
-3 -5 0.169202
-3 -4.8 0.295844
-3 -4.6 0.447328
-3 -4.4 0.58917
-3 -4.2 0.684681
-3 -4 0.717566
-3 -3.8 0.699011
-3 -3.6 0.648642
-3 -3.4 0.573526
-3 -3.2 0.475485
-3 -3 0.370559
-3 -2.8 0.290214
-3 -2.6 0.266088
-3 -2.4 0.310184
-3 -2.2 0.408627
-3 -2 0.529942
-3 -1.8 0.632788
-3 -1.6 0.685679
-3 -1.4 0.691503
-3 -1.2 0.693318
-3 -1 0.748869
-3 -0.8 0.885812
-3 -0.6 1.0765
-3 -0.4 1.25954
-3 -0.2 1.38488
-3 -2.05391e-15 1.44189
-3 0.2 1.44508
-3 0.4 1.3982
-3 0.6 1.28889
-3 0.8 1.11563
-3 1 0.903594
-3 1.2 0.696807
-3 1.4 0.539878
-3 1.6 0.456745
-3 1.8 0.43713
-3 2 0.446378
-3 2.2 0.445279
-3 2.4 0.407218
-3 2.6 0.330494
-3 2.8 0.23498
-3 3 0.146046
-3 3.2 0.0796881
-3 3.4 0.0384603
-3 3.6 0.0165766
-3 3.8 0.00642725
-3 4 0.0022493
-3 4.2 0.00064446
-2.8 -6 0.00151584
-2.8 -5.8 0.00573832
-2.8 -5.6 0.0185734
-2.8 -5.4 0.0514561
-2.8 -5.2 0.122201
-2.8 -5 0.249278
-2.8 -4.8 0.438088
-2.8 -4.6 0.666269
-2.8 -4.4 0.883025
-2.8 -4.2 1.03102
-2.8 -4 1.07738
-2.8 -3.8 1.02673
-2.8 -3.6 0.906459
-2.8 -3.4 0.746751
-2.8 -3.2 0.577621
-2.8 -3 0.4332
-2.8 -2.8 0.347946
-2.8 -2.6 0.349634
-2.8 -2.4 0.45184
-2.8 -2.2 0.638887
-2.8 -2 0.860418
-2.8 -1.8 1.04391
-2.8 -1.6 1.12833
-2.8 -1.4 1.10537
-2.8 -1.2 1.03315
-2.8 -1 1.00261
-2.8 -0.8 1.0758
-2.8 -0.6 1.24269
-2.8 -0.4 1.4351
-2.8 -0.2 1.58113
-2.8 -2.05391e-15 1.64811
-2.8 0.2 1.63891
-2.8 0.4 1.55698
-2.8 0.6 1.39614
-2.8 0.8 1.16778
-2.8 1 0.918034
-2.8 1.2 0.71164
-2.8 1.4 0.593989
-2.8 1.6 0.556995
-2.8 1.8 0.562316
-2.8 2 0.580037
-2.8 2.2 0.579834
-2.8 2.4 0.532752
-2.8 2.6 0.434555
-2.8 2.8 0.31
-2.8 3 0.193037
-2.8 3.2 0.105713
-2.8 3.4 0.051686
-2.8 3.6 0.0229894
-2.8 3.8 0.00942887
-2.8 4 0.00355672
-2.8 4.2 0.00120921
-2.8 4.4 0.000313039
-2.6 -6.2 0.000429287
-2.6 -6 0.0019083
-2.6 -5.8 0.00724799
-2.6 -5.6 0.0235425
-2.6 -5.4 0.0654667
-2.6 -5.2 0.156099
-2.6 -5 0.319841
-2.6 -4.8 0.564993
-2.6 -4.6 0.86478
-2.6 -4.4 1.15584
-2.6 -4.2 1.3645
-2.6 -4 1.44376
-2.6 -3.8 1.38869
-2.6 -3.6 1.22427
-2.6 -3.4 0.992205
-2.6 -3.2 0.748789
-2.6 -3 0.556851
-2.6 -2.8 0.467907
-2.6 -2.6 0.515028
-2.6 -2.4 0.71465
-2.6 -2.2 1.04383
-2.6 -2 1.42308
-2.6 -1.8 1.73139
-2.6 -1.6 1.85977
-2.6 -1.4 1.78058
-2.6 -1.2 1.5749
-2.6 -1 1.38568
-2.6 -0.8 1.32888
-2.6 -0.6 1.42611
-2.6 -0.4 1.60511
-2.6 -0.2 1.76544
-2.6 -2.05391e-15 1.84428
-2.6 0.2 1.82906
-2.6 0.4 1.72385
-2.6 0.6 1.52957
-2.6 0.8 1.26743
-2.6 1 1.00231
-2.6 1.2 0.820692
-2.6 1.4 0.755254
-2.6 1.6 0.749071
-2.6 1.8 0.745397
-2.6 2 0.734218
-2.6 2.2 0.708547
-2.6 2.4 0.642998
-2.6 2.6 0.525988
-2.6 2.8 0.379467
-2.6 3 0.240762
-2.6 3.2 0.135905
-2.6 3.4 0.069738
-2.6 3.6 0.033174
-2.6 3.8 0.0146684
-2.6 4 0.00592018
-2.6 4.2 0.00213328
-2.6 4.4 0.000517129
-2.4 -6.2 0.000478434
-2.4 -6 0.00213203
-2.4 -5.8 0.00811882
-2.4 -5.6 0.0264409
-2.4 -5.4 0.0737278
-2.4 -5.2 0.176297
-2.4 -5 0.362376
-2.4 -4.8 0.642661
-2.4 -4.6 0.989112
-2.4 -4.4 1.33325
-2.4 -4.2 1.59471
-2.4 -4 1.71889
-2.4 -3.8 1.69046
-2.4 -3.6 1.52367
-2.4 -3.4 1.25997
-2.4 -3.2 0.971753
-2.4 -3 0.746228
-2.4 -2.8 0.657179
-2.4 -2.6 0.757232
-2.4 -2.4 1.07212
-2.4 -2.2 1.56792
-2.4 -2 2.13063
-2.4 -1.8 2.58258
-2.4 -1.6 2.75775
-2.4 -1.4 2.60485
-2.4 -1.2 2.23269
-2.4 -1 1.84727
-2.4 -0.8 1.62699
-2.4 -0.6 1.62696
-2.4 -0.4 1.76874
-2.4 -0.2 1.91887
-2.4 -2.05391e-15 1.98322
-2.4 0.2 1.93954
-2.4 0.4 1.80376
-2.4 0.6 1.59266
-2.4 0.8 1.33779
-2.4 1 1.114
-2.4 1.2 1.00402
-2.4 1.4 0.998304
-2.4 1.6 1.00518
-2.4 1.8 0.969542
-2.4 2 0.903666
-2.4 2.2 0.831424
-2.4 2.4 0.740567
-2.4 2.6 0.609966
-2.4 2.8 0.450371
-2.4 3 0.296303
-2.4 3.2 0.175866
-2.4 3.4 0.0960312
-2.4 3.6 0.0487033
-2.4 3.8 0.0226921
-2.4 4 0.00951346
-2.4 4.2 0.00352288
-2.4 4.4 0.000758573
-2.2 -6.2 0.000493887
-2.2 -6 0.00220096
-2.2 -5.8 0.00838008
-2.2 -5.6 0.0272836
-2.2 -5.4 0.0760442
-2.2 -5.2 0.181744
-2.2 -5 0.373442
-2.2 -4.8 0.662498
-2.2 -4.6 1.02174
-2.2 -4.4 1.38505
-2.2 -4.2 1.67628
-2.2 -4 1.8429
-2.2 -3.8 1.86249
-2.2 -3.6 1.73388
-2.2 -3.4 1.4873
-2.2 -3.2 1.1977
-2.2 -3 0.966738
-2.2 -2.8 0.891687
-2.2 -2.6 1.05063
-2.2 -2.4 1.47369
-2.2 -2.2 2.11312
-2.2 -2 2.82712
-2.2 -1.8 3.3926
-2.2 -1.6 3.5962
-2.2 -1.4 3.36649
-2.2 -1.2 2.83637
-2.2 -1 2.26767
-2.2 -0.8 1.89315
-2.2 -0.6 1.79262
-2.2 -0.4 1.87734
-2.2 -0.2 1.98611
-2.2 -2.05391e-15 2.0033
-2.2 0.2 1.90717
-2.2 0.4 1.73646
-2.2 0.6 1.5347
-2.2 0.8 1.34549
-2.2 1 1.23151
-2.2 1.2 1.22558
-2.2 1.4 1.26974
-2.2 1.6 1.27366
-2.2 1.8 1.20008
-2.2 2 1.08041
-2.2 2.2 0.963429
-2.2 2.4 0.850509
-2.2 2.6 0.71071
-2.2 2.8 0.540358
-2.2 3 0.369438
-2.2 3.2 0.229099
-2.2 3.4 0.130657
-2.2 3.6 0.068744
-2.2 3.8 0.0329623
-2.2 4 0.0142002
-2.2 4.2 0.00546917
-2.2 4.4 0.00172168
-2 -6.2 0.0004996
-2 -6 0.00221772
-2 -5.8 0.00840765
-2 -5.6 0.0272447
-2 -5.4 0.0755454
-2 -5.2 0.17955
-2 -5 0.366798
-2 -4.8 0.647079
-2 -4.6 0.993692
-2 -4.4 1.34599
-2 -4.2 1.63914
-2 -4 1.8321
-2 -3.8 1.90268
-2 -3.6 1.83464
-2 -3.4 1.63894
-2 -3.2 1.38132
-2 -3 1.17133
-2 -2.8 1.1311
-2 -2.6 1.35541
-2 -2.4 1.85956
-2 -2.2 2.57665
-2 -2 3.35246
-2 -1.8 3.94942
-2 -1.6 4.13795
-2 -1.4 3.84058
-2 -1.2 3.20343
-2 -1 2.51635
-2 -0.8 2.03833
-2 -0.6 1.85726
-2 -0.4 1.87519
-2 -0.2 1.92091
-2 -2.05391e-15 1.87704
-2 0.2 1.7314
-2 0.4 1.54608
-2 0.6 1.39216
-2 0.8 1.31762
-2 1 1.34
-2 1.2 1.4243
-2 1.4 1.49546
-2 1.6 1.48985
-2 1.8 1.39415
-2 2 1.25191
-2 2.2 1.11833
-2 2.4 0.994833
-2 2.6 0.843134
-2 2.8 0.653131
-2 3 0.455858
-2 3.2 0.288421
-2 3.4 0.167418
-2 3.6 0.089515
-2 3.8 0.0437803
-2 4 0.0195517
-2 4.2 0.00812652
-2 4.4 0.00330033
-2 4.6 0.00116287
-1.8 -6.2 0.000502102
-1.8 -6 0.00221687
-1.8 -5.8 0.00835563
-1.8 -5.6 0.0269049
-1.8 -5.4 0.0740829
-1.8 -5.2 0.174729
-1.8 -5 0.353975
-1.8 -4.8 0.618928
-1.8 -4.6 0.942163
-1.8 -4.4 1.26753
-1.8 -4.2 1.54191
-1.8 -4 1.73924
-1.8 -3.8 1.84416
-1.8 -3.6 1.83043
-1.8 -3.4 1.6899
-1.8 -3.2 1.47649
-1.8 -3 1.30696
-1.8 -2.8 1.32368
-1.8 -2.6 1.61751
-1.8 -2.4 2.16968
-1.8 -2.2 2.88766
-1.8 -2 3.61689
-1.8 -1.8 4.14147
-1.8 -1.6 4.25906
-1.8 -1.4 3.90886
-1.8 -1.2 3.23812
-1.8 -1 2.52722
-1.8 -0.8 2.02276
-1.8 -0.6 1.80043
-1.8 -0.4 1.75798
-1.8 -0.2 1.73711
-1.8 -2.05391e-15 1.64214
-1.8 0.2 1.47836
-1.8 0.4 1.32006
-1.8 0.6 1.24455
-1.8 0.8 1.2805
-1.8 1 1.39619
-1.8 1.2 1.52557
-1.8 1.4 1.60665
-1.8 1.6 1.606
-1.8 1.8 1.52895
-1.8 2 1.4143
-1.8 2.2 1.2963
-1.8 2.4 1.16413
-1.8 2.6 0.985789
-1.8 2.8 0.761867
-1.8 3 0.531162
-1.8 3.2 0.336092
-1.8 3.4 0.19569
-1.8 3.6 0.105963
-1.8 3.8 0.0537963
-1.8 4 0.0262065
-1.8 4.2 0.0127943
-1.8 4.4 0.00633801
-1.8 4.6 0.00291395
-1.8 4.8 0.00131659
-1.8 5 0.000517876
-1.6 -6.2 0.000476889
-1.6 -6 0.0020982
-1.6 -5.8 0.00787836
-1.6 -5.6 0.0252624
-1.6 -5.4 0.0692443
-1.6 -5.2 0.162506
-1.6 -5 0.327414
-1.6 -4.8 0.569032
-1.6 -4.6 0.86061
-1.6 -4.4 1.1508
-1.6 -4.2 1.39512
-1.6 -4 1.5782
-1.6 -3.8 1.69171
-1.6 -3.6 1.70733
-1.6 -3.4 1.60791
-1.6 -3.2 1.4416
-1.6 -3 1.33076
-1.6 -2.8 1.42153
-1.6 -2.6 1.77855
-1.6 -2.4 2.34635
-1.6 -2.2 3.00872
-1.6 -2 3.61493
-1.6 -1.8 3.99222
-1.6 -1.6 3.99988
-1.6 -1.4 3.61625
-1.6 -1.2 2.98206
-1.6 -1 2.33696
-1.6 -0.8 1.88208
-1.6 -0.6 1.66498
-1.6 -0.4 1.58349
-1.6 -0.2 1.50863
-1.6 -2.05391e-15 1.38386
-1.6 0.2 1.23771
-1.6 0.4 1.13797
-1.6 0.6 1.13194
-1.6 0.8 1.21847
-1.6 1 1.35694
-1.6 1.2 1.49359
-1.6 1.4 1.58955
-1.6 1.6 1.63194
-1.6 1.8 1.62554
-1.6 2 1.577
-1.6 2.2 1.48082
-1.6 2.4 1.32122
-1.6 2.6 1.09427
-1.6 2.8 0.826465
-1.6 3 0.565961
-1.6 3.2 0.35443
-1.6 3.4 0.207207
-1.6 3.6 0.116311
-1.6 3.8 0.0650636
-1.6 4 0.0376038
-1.6 4.2 0.0222023
-1.6 4.4 0.012589
-1.6 4.6 0.0064193
-1.6 4.8 0.00294754
-1.6 5 0.00117477
-1.6 5.2 0.000404968
-1.4 -6 0.00178008
-1.4 -5.8 0.00667408
-1.4 -5.6 0.0213685
-1.4 -5.4 0.0584847
-1.4 -5.2 0.137062
-1.4 -5 0.275802
-1.4 -4.8 0.478839
-1.4 -4.6 0.723657
-1.4 -4.4 0.967336
-1.4 -4.2 1.17334
-1.4 -4 1.3302
-1.4 -3.8 1.43211
-1.4 -3.6 1.45513
-1.4 -3.4 1.38599
-1.4 -3.2 1.27427
-1.4 -3 1.24053
-1.4 -2.8 1.40957
-1.4 -2.6 1.80695
-1.4 -2.4 2.35535
-1.4 -2.2 2.92926
-1.4 -2 3.38691
-1.4 -1.8 3.60188
-1.4 -1.6 3.50346
-1.4 -1.4 3.11716
-1.4 -1.2 2.57358
-1.4 -1 2.0561
-1.4 -0.8 1.70467
-1.4 -0.6 1.53186
-1.4 -0.4 1.43758
-1.4 -0.2 1.32616
-1.4 -2.05391e-15 1.18475
-1.4 0.2 1.06591
-1.4 0.4 1.0175
-1.4 0.6 1.0416
-1.4 0.8 1.12091
-1.4 1 1.23796
-1.4 1.2 1.37157
-1.4 1.4 1.5046
-1.4 1.6 1.62516
-1.4 1.8 1.71113
-1.4 2 1.72391
-1.4 2.2 1.62811
-1.4 2.4 1.41931
-1.4 2.6 1.13187
-1.4 2.8 0.822861
-1.4 3 0.547677
-1.4 3.2 0.340086
-1.4 3.4 0.205246
-1.4 3.6 0.127694
-1.4 3.8 0.0851399
-1.4 4 0.058875
-1.4 4.2 0.0391643
-1.4 4.4 0.0236645
-1.4 4.6 0.0126009
-1.4 4.8 0.00587589
-1.4 5 0.00236938
-1.4 5.2 0.000823517
-1.4 5.4 0.000246084
-1.2 -6 0.00131333
-1.2 -5.8 0.0049235
-1.2 -5.6 0.0157656
-1.2 -5.4 0.0431713
-1.2 -5.2 0.101279
-1.2 -5 0.204174
-1.2 -4.8 0.35554
-1.2 -4.6 0.539743
-1.2 -4.4 0.725905
-1.2 -4.2 0.88666
-1.2 -4 1.01119
-1.2 -3.8 1.0926
-1.2 -3.6 1.11438
-1.2 -3.4 1.07523
-1.2 -3.2 1.02961
-1.2 -3 1.08356
-1.2 -2.8 1.31767
-1.2 -2.6 1.7222
-1.2 -2.4 2.21722
-1.2 -2.2 2.68432
-1.2 -2 3.0011
-1.2 -1.8 3.08454
-1.2 -1.6 2.92127
-1.2 -1.4 2.57261
-1.2 -1.2 2.1544
-1.2 -1 1.79446
-1.2 -0.8 1.57385
-1.2 -0.6 1.4703
-1.2 -0.4 1.38422
-1.2 -0.2 1.24783
-1.2 -2.05391e-15 1.08386
-1.2 0.2 0.967259
-1.2 0.4 0.93493
-1.2 0.6 0.959115
-1.2 0.8 1.01417
-1.2 1 1.10474
-1.2 1.2 1.24054
-1.2 1.4 1.41567
-1.2 1.6 1.60136
-1.2 1.8 1.74452
-1.2 2 1.7805
-1.2 2.2 1.66624
-1.2 2.4 1.41258
-1.2 2.6 1.08255
-1.2 2.8 0.755793
-1.2 3 0.491264
-1.2 3.2 0.311656
-1.2 3.4 0.207994
-1.2 3.6 0.153622
-1.2 3.8 0.120871
-1.2 4 0.0930292
-1.2 4.2 0.0656722
-1.2 4.4 0.0411039
-1.2 4.6 0.0224344
-1.2 4.8 0.0106142
-1.2 5 0.00432748
-1.2 5.2 0.00151701
-1.2 5.4 0.000456672
-1 -6 0.00083219
-1 -5.8 0.00312188
-1 -5.6 0.0100075
-1 -5.4 0.0274516
-1 -5.2 0.0645761
-1 -5 0.130726
-1 -4.8 0.229083
-1 -4.6 0.350992
-1 -4.4 0.477972
-1 -4.2 0.59223
-1 -4 0.683753
-1 -3.8 0.744646
-1 -3.6 0.766701
-1 -3.4 0.762558
-1 -3.2 0.788974
-1 -3 0.921907
-1 -2.8 1.19353
-1 -2.6 1.57754
-1 -2.4 2.00115
-1 -2.2 2.35978
-1 -2 2.55758
-1 -1.8 2.5516
-1 -1.6 2.36811
-1 -1.4 2.08583
-1 -1.2 1.80258
-1 -1 1.60351
-1 -0.8 1.52177
-1 -0.6 1.49988
-1 -0.4 1.43502
-1 -0.2 1.27922
-1 -2.05391e-15 1.07816
-1 0.2 0.926025
-1 0.4 0.871282
-1 0.6 0.881098
-1 0.8 0.919704
-1 1 0.994205
-1 1.2 1.1252
-1 1.4 1.30727
-1 1.6 1.50002
-1 1.8 1.64129
-1 2 1.66622
-1 2.2 1.53772
-1 2.4 1.27551
-1 2.6 0.952259
-1 2.8 0.653082
-1 3 0.433069
-1 3.2 0.3016
-1 3.4 0.23473
-1 3.6 0.200166
-1 3.8 0.173221
-1 4 0.141157
-1 4.2 0.103324
-1 4.4 0.0663311
-1 4.6 0.0369172
-1 4.8 0.0177284
-1 5 0.00732556
-1 5.2 0.00260366
-1 5.4 0.000796906
-1 5.6 0.000210629
-0.8 -5.8 0.00169356
-0.8 -5.6 0.00543914
-0.8 -5.4 0.0149631
-0.8 -5.2 0.0353541
-0.8 -5 0.0720516
-0.8 -4.8 0.127541
-0.8 -4.6 0.198331
-0.8 -4.4 0.275507
-0.8 -4.2 0.349233
-0.8 -4 0.411652
-0.8 -3.8 0.456399
-0.8 -3.6 0.483719
-0.8 -3.4 0.517022
-0.8 -3.2 0.604952
-0.8 -3 0.786004
-0.8 -2.8 1.06581
-0.8 -2.6 1.41859
-0.8 -2.4 1.77704
-0.8 -2.2 2.04697
-0.8 -2 2.15604
-0.8 -1.8 2.09362
-0.8 -1.6 1.91202
-0.8 -1.4 1.69724
-0.8 -1.2 1.53543
-0.8 -1 1.48536
-0.8 -0.8 1.53767
-0.8 -0.6 1.59891
-0.8 -0.4 1.56234
-0.8 -0.2 1.39285
-0.8 -2.05391e-15 1.14789
-0.8 0.2 0.933373
-0.8 0.4 0.821787
-0.8 0.6 0.799343
-0.8 0.8 0.822338
-0.8 1 0.881414
-0.8 1.2 0.986554
-0.8 1.4 1.13007
-0.8 1.6 1.27656
-0.8 1.8 1.37522
-0.8 2 1.37637
-0.8 2.2 1.2547
-0.8 2.4 1.03256
-0.8 2.6 0.77612
-0.8 2.8 0.55733
-0.8 3 0.411429
-0.8 3.2 0.328948
-0.8 3.4 0.286321
-0.8 3.6 0.263668
-0.8 3.8 0.240697
-0.8 4 0.203584
-0.8 4.2 0.153104
-0.8 4.4 0.100412
-0.8 4.6 0.0569613
-0.8 4.8 0.0278737
-0.8 5 0.011768
-0.8 5.2 0.00429713
-0.8 5.4 0.00136316
-0.8 5.6 0.000377811
-0.6 -5.6 0.00252899
-0.6 -5.4 0.00698855
-0.6 -5.2 0.0166277
-0.6 -5 0.0342456
-0.6 -4.8 0.0615815
-0.6 -4.6 0.0979552
-0.6 -4.4 0.140123
-0.6 -4.2 0.183546
-0.6 -4 0.223501
-0.6 -3.8 0.257464
-0.6 -3.6 0.293431
-0.6 -3.4 0.357113
-0.6 -3.2 0.478065
-0.6 -3 0.671486
-0.6 -2.8 0.941146
-0.6 -2.6 1.26529
-0.6 -2.4 1.57719
-0.6 -2.2 1.78799
-0.6 -2 1.84055
-0.6 -1.8 1.74479
-0.6 -1.6 1.56988
-0.6 -1.4 1.41012
-0.6 -1.2 1.35059
-0.6 -1 1.42866
-0.6 -0.8 1.59332
-0.6 -0.6 1.72639
-0.6 -0.4 1.72138
-0.6 -0.2 1.54846
-0.6 -2.05391e-15 1.26693
-0.6 0.2 0.985016
-0.6 0.4 0.793681
-0.6 0.6 0.712524
-0.6 0.8 0.704579
-0.6 1 0.73854
-0.6 1.2 0.802945
-0.6 1.4 0.886412
-0.6 1.6 0.966545
-0.6 1.8 1.01261
-0.6 2 0.995309
-0.6 2.2 0.903464
-0.6 2.4 0.760216
-0.6 2.6 0.615558
-0.6 2.8 0.507278
-0.6 3 0.433627
-0.6 3.2 0.381095
-0.6 3.4 0.350573
-0.6 3.6 0.337456
-0.6 3.8 0.319215
-0.6 4 0.277342
-0.6 4.2 0.213239
-0.6 4.4 0.142841
-0.6 4.6 0.0829401
-0.6 4.8 0.0417383
-0.6 5 0.0182586
-0.6 5.2 0.00697572
-0.6 5.4 0.00233915
-0.6 5.6 0.000690643
-0.6 5.8 0.000179563
-0.4 -5.4 0.00280601
-0.4 -5.2 0.00675419
-0.4 -5 0.0141531
-0.4 -4.8 0.026094
-0.4 -4.6 0.0429424
-0.4 -4.4 0.0640138
-0.4 -4.2 0.0877991
-0.4 -4 0.112688
-0.4 -3.8 0.140965
-0.4 -3.6 0.18472
-0.4 -3.4 0.262219
-0.4 -3.2 0.387031
-0.4 -3 0.570787
-0.4 -2.8 0.822005
-0.4 -2.6 1.11957
-0.4 -2.4 1.39642
-0.4 -2.2 1.56889
-0.4 -2 1.59014
-0.4 -1.8 1.4816
-0.4 -1.6 1.32269
-0.4 -1.4 1.21588
-0.4 -1.2 1.24313
-0.4 -1 1.4143
-0.4 -0.8 1.65182
-0.4 -0.6 1.83509
-0.4 -0.4 1.86228
-0.4 -0.2 1.70124
-0.4 -2.05391e-15 1.4038
-0.4 0.2 1.07259
-0.4 0.4 0.804478
-0.4 0.6 0.645607
-0.4 0.8 0.583307
-0.4 1 0.578624
-0.4 1.2 0.599996
-0.4 1.4 0.629046
-0.4 1.6 0.653016
-0.4 1.8 0.659153
-0.4 2 0.637366
-0.4 2.2 0.591055
-0.4 2.4 0.543293
-0.4 2.6 0.515472
-0.4 2.8 0.49763
-0.4 3 0.468925
-0.4 3.2 0.43408
-0.4 3.4 0.414759
-0.4 3.6 0.411787
-0.4 3.8 0.398604
-0.4 4 0.353208
-0.4 4.2 0.277335
-0.4 4.4 0.190553
-0.4 4.6 0.114239
-0.4 4.8 0.0598584
-0.4 5 0.0275045
-0.4 5.2 0.0111135
-0.4 5.4 0.00395029
-0.4 5.6 0.00123202
-0.4 5.8 0.000335501
-0.2 -5.2 0.00240282
-0.2 -5 0.00518809
-0.2 -4.8 0.00995706
-0.2 -4.6 0.0172283
-0.2 -4.4 0.0273336
-0.2 -4.2 0.0403153
-0.2 -4 0.0577098
-0.2 -3.8 0.0855732
-0.2 -3.6 0.133975
-0.2 -3.4 0.211906
-0.2 -3.2 0.327437
-0.2 -3 0.494104
-0.2 -2.8 0.721548
-0.2 -2.6 0.987663
-0.2 -2.4 1.22863
-0.2 -2.2 1.3702
-0.2 -2 1.37621
-0.2 -1.8 1.27547
-0.2 -1.6 1.15113
-0.2 -1.4 1.10345
-0.2 -1.2 1.19583
-0.2 -1 1.41409
-0.2 -0.8 1.68034
-0.2 -0.6 1.88892
-0.2 -0.4 1.94605
-0.2 -0.2 1.81324
-0.2 -2.05391e-15 1.52739
-0.2 0.2 1.17866
-0.2 0.4 0.861671
-0.2 0.6 0.633851
-0.2 0.8 0.503533
-0.2 1 0.444905
-0.2 1.2 0.423221
-0.2 1.4 0.413499
-0.2 1.6 0.404008
-0.2 1.8 0.391276
-0.2 2 0.379296
-0.2 2.2 0.38281
-0.2 2.4 0.414981
-0.2 2.6 0.461654
-0.2 2.8 0.491686
-0.2 3 0.491809
-0.2 3.2 0.477666
-0.2 3.4 0.472776
-0.2 3.6 0.477182
-0.2 3.8 0.466273
-0.2 4 0.418964
-0.2 4.2 0.336451
-0.2 4.4 0.238697
-0.2 4.6 0.149127
-0.2 4.8 0.0820297
-0.2 5 0.0397098
-0.2 5.2 0.0168773
-0.2 5.4 0.00627085
-0.2 5.6 0.00202626
-0.2 5.8 0.000566489
-2.05391e-15 -5 0.00176271
-2.05391e-15 -4.8 0.00359977
-2.05391e-15 -4.6 0.00687408
-2.05391e-15 -4.4 0.01242
-2.05391e-15 -4.2 0.0221691
-2.05391e-15 -4 0.0406767
-2.05391e-15 -3.8 0.0746497
-2.05391e-15 -3.6 0.129953
-2.05391e-15 -3.4 0.210704
-2.05391e-15 -3.2 0.322968
-2.05391e-15 -3 0.479103
-2.05391e-15 -2.8 0.686093
-2.05391e-15 -2.6 0.920527
-2.05391e-15 -2.4 1.1242
-2.05391e-15 -2.2 1.23506
-2.05391e-15 -2 1.22939
-2.05391e-15 -1.8 1.14243
-2.05391e-15 -1.6 1.05511
-2.05391e-15 -1.4 1.05298
-2.05391e-15 -1.2 1.1752
-2.05391e-15 -1 1.39847
-2.05391e-15 -0.8 1.65888
-2.05391e-15 -0.6 1.87122
-2.05391e-15 -0.4 1.95333
-2.05391e-15 -0.2 1.86114
-2.05391e-15 -2.05391e-15 1.61232
-2.05391e-15 0.2 1.27802
-2.05391e-15 0.4 0.946088
-2.05391e-15 0.6 0.679421
-2.05391e-15 0.8 0.495894
-2.05391e-15 1 0.38079
-2.05391e-15 1.2 0.311774
-2.05391e-15 1.4 0.270116
-2.05391e-15 1.6 0.243171
-2.05391e-15 1.8 0.228326
-2.05391e-15 2 0.235521
-2.05391e-15 2.2 0.278364
-2.05391e-15 2.4 0.350406
-2.05391e-15 2.6 0.425377
-2.05391e-15 2.8 0.479715
-2.05391e-15 3 0.507601
-2.05391e-15 3.2 0.519469
-2.05391e-15 3.4 0.5276
-2.05391e-15 3.6 0.531392
-2.05391e-15 3.8 0.516049
-2.05391e-15 4 0.466724
-2.05391e-15 4.2 0.38326
-2.05391e-15 4.4 0.281657
-2.05391e-15 4.6 0.18374
-2.05391e-15 4.8 0.105768
-2.05391e-15 5 0.0534105
-2.05391e-15 5.2 0.0235201
-2.05391e-15 5.4 0.00898181
-2.05391e-15 5.6 0.00296047
-2.05391e-15 5.8 0.000839129
0.2 -4.8 0.000188407
0.2 -4.6 0.0037798
0.2 -4.4 0.00944096
0.2 -4.2 0.0226236
0.2 -4 0.0499407
0.2 -3.8 0.0984442
0.2 -3.6 0.172901
0.2 -3.4 0.274219
0.2 -3.2 0.403814
0.2 -3 0.569142
0.2 -2.8 0.773306
0.2 -2.6 0.990883
0.2 -2.4 1.16557
0.2 -2.2 1.24342
0.2 -2 1.21194
0.2 -1.8 1.114
0.2 -1.6 1.02867
0.2 -1.4 1.02932
0.2 -1.2 1.14204
0.2 -1 1.34217
0.2 -0.8 1.57703
0.2 -0.6 1.7794
0.2 -0.4 1.88108
0.2 -0.2 1.83563
0.2 -2.05391e-15 1.64106
0.2 0.2 1.34545
0.2 0.4 1.02605
0.2 0.6 0.749534
0.2 0.8 0.541182
0.2 1 0.390665
0.2 1.2 0.282049
0.2 1.4 0.207483
0.2 1.6 0.16324
0.2 1.8 0.150521
0.2 2 0.17706
0.2 2.2 0.240802
0.2 2.4 0.324268
0.2 2.6 0.407371
0.2 2.8 0.476793
0.2 3 0.52831
0.2 3.2 0.561799
0.2 3.4 0.577089
0.2 3.6 0.573192
0.2 3.8 0.546798
0.2 4 0.492962
0.2 4.2 0.411317
0.2 4.4 0.311335
0.2 4.6 0.210276
0.2 4.8 0.12511
0.2 5 0.0649469
0.2 5.2 0.0292103
0.2 5.4 0.0113253
0.2 5.6 0.0037722
0.2 5.8 0.00107672
0.4 -4.8 0.000104098
0.4 -4.6 0.00415049
0.4 -4.4 0.0125562
0.4 -4.2 0.0333077
0.4 -4 0.07588
0.4 -3.8 0.150441
0.4 -3.6 0.2616
0.4 -3.4 0.404807
0.4 -3.2 0.571216
0.4 -3 0.758231
0.4 -2.8 0.965909
0.4 -2.6 1.17181
0.4 -2.4 1.32226
0.4 -2.2 1.36573
0.4 -2 1.295
0.4 -1.8 1.15837
0.4 -1.6 1.03596
0.4 -1.4 0.999228
0.4 -1.2 1.07405
0.4 -1 1.2365
0.4 -0.8 1.43847
0.4 -0.6 1.62536
0.4 -0.4 1.74236
0.4 -0.2 1.74382
0.4 -2.05391e-15 1.61142
0.4 0.2 1.37054
0.4 0.4 1.08436
0.4 0.6 0.818983
0.4 0.8 0.606349
0.4 1 0.442045
0.4 1.2 0.313176
0.4 1.4 0.215338
0.4 1.6 0.151743
0.4 1.8 0.133241
0.4 2 0.166675
0.4 2.2 0.236123
0.4 2.4 0.320545
0.4 2.6 0.403828
0.4 2.8 0.477539
0.4 3 0.538631
0.4 3.2 0.581949
0.4 3.4 0.599689
0.4 3.6 0.588146
0.4 3.8 0.550329
0.4 4 0.490786
0.4 4.2 0.411604
0.4 4.4 0.316935
0.4 4.6 0.218628
0.4 4.8 0.132623
0.4 5 0.0699116
0.4 5.2 0.0317967
0.4 5.4 0.0124238
0.4 5.6 0.0041594
0.4 5.8 0.00119117
0.6 -4.8 0.00169376
0.6 -4.6 0.00605212
0.6 -4.4 0.0186037
0.6 -4.2 0.0494847
0.6 -4 0.113028
0.6 -3.8 0.223525
0.6 -3.6 0.385174
0.6 -3.4 0.58473
0.6 -3.2 0.796413
0.6 -3 0.999871
0.6 -2.8 1.19035
0.6 -2.6 1.35892
0.6 -2.4 1.46895
0.6 -2.2 1.47601
0.6 -2 1.37239
0.6 -1.8 1.20299
0.6 -1.6 1.04244
0.6 -1.4 0.959117
0.6 -1.2 0.98496
0.6 -1 1.10389
0.6 -0.8 1.27222
0.6 -0.6 1.44357
0.6 -0.4 1.5737
0.6 -0.2 1.61966
0.6 -2.05391e-15 1.55187
0.6 0.2 1.37551
0.6 0.4 1.1357
0.6 0.6 0.892089
0.6 0.8 0.682657
0.6 1 0.513134
0.6 1.2 0.37551
0.6 1.4 0.266245
0.6 1.6 0.191124
0.6 1.8 0.163535
0.6 2 0.187532
0.6 2.2 0.245764
0.6 2.4 0.318465
0.6 2.6 0.39065
0.6 2.8 0.454973
0.6 3 0.510366
0.6 3.2 0.552431
0.6 3.4 0.570255
0.6 3.6 0.555969
0.6 3.8 0.513009
0.6 4 0.451386
0.6 4.2 0.376918
0.6 4.4 0.291634
0.6 4.6 0.20296
0.6 4.8 0.124192
0.6 5 0.0659171
0.6 5.2 0.0301241
0.6 5.4 0.0118068
0.6 5.6 0.00396013
0.6 5.8 0.0011352
0.8 -4.8 0.00222068
0.8 -4.6 0.00801466
0.8 -4.4 0.0247939
0.8 -4.2 0.0662338
0.8 -4 0.151584
0.8 -3.8 0.299287
0.8 -3.6 0.512729
0.8 -3.4 0.768535
0.8 -3.2 1.0215
0.8 -3 1.22983
0.8 -2.8 1.38056
0.8 -2.6 1.48309
0.8 -2.4 1.53392
0.8 -2.2 1.5079
0.8 -2 1.39418
0.8 -1.8 1.22301
0.8 -1.6 1.0523
0.8 -1.4 0.938591
0.8 -1.2 0.917773
0.8 -1 0.991248
0.8 -0.8 1.1281
0.8 -0.6 1.28874
0.8 -0.4 1.43508
0.8 -0.2 1.52572
0.8 -2.05391e-15 1.52209
0.8 0.2 1.4104
0.8 0.4 1.21604
0.8 0.6 0.990392
0.8 0.8 0.779144
0.8 1 0.601596
0.8 1.2 0.456427
0.8 1.4 0.34088
0.8 1.6 0.263354
0.8 1.8 0.235767
0.8 2 0.248579
0.8 2.2 0.2797
0.8 2.4 0.318369
0.8 2.6 0.359514
0.8 2.8 0.399333
0.8 3 0.437505
0.8 3.2 0.470635
0.8 3.4 0.486663
0.8 3.6 0.474079
0.8 3.8 0.433821
0.8 4 0.376878
0.8 4.2 0.31154
0.8 4.4 0.240012
0.8 4.6 0.166956
0.8 4.8 0.102243
0.8 5 0.0543025
0.8 5.2 0.0248197
0.8 5.4 0.0097242
0.8 5.6 0.00325914
0.8 5.8 0.000933323
1 -4.8 0.00256495
1 -4.6 0.00930851
1 -4.4 0.0290675
1 -4.2 0.0775752
1 -4 0.177742
1 -3.8 0.350917
1 -3.6 0.599568
1 -3.4 0.892772
1 -3.2 1.17097
1 -3 1.3763
1 -2.8 1.48875
1 -2.6 1.53272
1 -2.4 1.53833
1 -2.2 1.50299
1 -2 1.40896
1 -1.8 1.26382
1 -1.6 1.10467
1 -1.4 0.975549
1 -1.2 0.914345
1 -1 0.94391
1 -0.8 1.05595
1 -0.6 1.21794
1 -0.4 1.38996
1 -0.2 1.52561
1 -2.05391e-15 1.57671
1 0.2 1.5146
1 0.4 1.35012
1 0.6 1.12956
1 0.8 0.906234
1 1 0.711987
1 1.2 0.55318
1 1.4 0.430782
1 1.6 0.358177
1 1.8 0.34278
1 2 0.355323
1 2.2 0.360366
1 2.4 0.350392
1 2.6 0.337681
1 2.8 0.33448
1 3 0.344617
1 3.2 0.362697
1 3.4 0.374048
1 3.6 0.364314
1 3.8 0.331426
1 4 0.284461
1 4.2 0.231921
1 4.4 0.176674
1 4.6 0.121912
1 4.8 0.0742162
1 5 0.0392262
1 5.2 0.0178524
1 5.4 0.0069675
1 5.6 0.00232699
1.2 -4.8 0.00256635
1.2 -4.6 0.00934943
1.2 -4.4 0.0293348
1.2 -4.2 0.0785617
1.2 -4 0.180488
1.2 -3.8 0.35706
1.2 -3.6 0.610898
1.2 -3.4 0.909851
1.2 -3.2 1.19143
1.2 -3 1.39365
1.2 -2.8 1.49482
1.2 -2.6 1.52708
1.2 -2.4 1.53806
1.2 -2.2 1.53346
1.2 -2 1.48183
1.2 -1.8 1.36969
1.2 -1.6 1.22211
1.2 -1.4 1.08082
1.2 -1.2 0.98848
1.2 -1 0.985812
1.2 -0.8 1.08771
1.2 -0.6 1.26658
1.2 -0.4 1.47186
1.2 -0.2 1.64601
1.2 -2.05391e-15 1.73338
1.2 0.2 1.69848
1.2 0.4 1.54494
1.2 0.6 1.31591
1.2 0.8 1.0693
1.2 1 0.846521
1.2 1.2 0.663221
1.2 1.4 0.529442
1.2 1.6 0.465866
1.2 1.8 0.469494
1.2 2 0.488814
1.2 2.2 0.476755
1.2 2.4 0.425262
1.2 2.6 0.356632
1.2 2.8 0.300024
1.2 3 0.271334
1.2 3.2 0.266256
1.2 3.4 0.2671
1.2 3.6 0.257154
1.2 3.8 0.231471
1.2 4 0.195715
1.2 4.2 0.156689
1.2 4.4 0.117271
1.2 4.6 0.0797086
1.2 4.8 0.0479104
1.2 5 0.0250528
1.2 5.2 0.0112968
1.2 5.4 0.00437362
1.2 5.6 0.00145046
1.4 -4.8 0.00221059
1.4 -4.6 0.00808229
1.4 -4.4 0.0255427
1.4 -4.2 0.0686727
1.4 -4 0.158616
1.4 -3.8 0.315821
1.4 -3.6 0.544861
1.4 -3.4 0.8205
1.4 -3.2 1.0901
1.4 -3 1.29863
1.4 -2.8 1.42373
1.4 -2.6 1.49199
1.4 -2.4 1.54718
1.4 -2.2 1.59139
1.4 -2 1.58427
1.4 -1.8 1.50232
1.4 -1.6 1.36739
1.4 -1.4 1.2244
1.4 -1.2 1.1221
1.4 -1 1.11246
1.4 -0.8 1.22354
1.4 -0.6 1.42817
1.4 -0.4 1.66501
1.4 -0.2 1.86744
1.4 -2.05391e-15 1.97603
1.4 0.2 1.95205
1.4 0.4 1.79415
1.4 0.6 1.54286
1.4 0.8 1.26013
1.4 1 0.996239
1.4 1.2 0.777574
1.4 1.4 0.627418
1.4 1.6 0.573072
1.4 1.8 0.594032
1.4 2 0.617613
1.4 2.2 0.591156
1.4 2.4 0.509824
1.4 2.6 0.403002
1.4 2.8 0.307695
1.4 3 0.244457
1.4 3.2 0.210637
1.4 3.4 0.191827
1.4 3.6 0.174263
1.4 3.8 0.15142
1.4 4 0.124527
1.4 4.2 0.0970965
1.4 4.4 0.0708955
1.4 4.6 0.047147
1.4 4.8 0.0278016
1.4 5 0.0143004
1.4 5.2 0.0063548
1.4 5.4 0.00242866
1.6 -4.8 0.00163688
1.6 -4.6 0.00601161
1.6 -4.4 0.0191992
1.6 -4.2 0.0520477
1.6 -4 0.121615
1.6 -3.8 0.246062
1.6 -3.6 0.434158
1.6 -3.4 0.674054
1.6 -3.2 0.93096
1.6 -3 1.15968
1.6 -2.8 1.32924
1.6 -2.6 1.44427
1.6 -2.4 1.53417
1.6 -2.2 1.60636
1.6 -2 1.63021
1.6 -1.8 1.58168
1.6 -1.6 1.47687
1.6 -1.4 1.35814
1.6 -1.2 1.27654
1.6 -1 1.28818
1.6 -0.8 1.42266
1.6 -0.6 1.65069
1.6 -0.4 1.90766
1.6 -0.2 2.1254
1.6 -2.05391e-15 2.24357
1.6 0.2 2.21983
1.6 0.4 2.04746
1.6 0.6 1.76578
1.6 0.8 1.44169
1.6 1 1.13326
1.6 1.2 0.876959
1.6 1.4 0.70991
1.6 1.6 0.663154
1.6 1.8 0.69493
1.6 2 0.715928
1.6 2.2 0.673954
1.6 2.4 0.571111
1.6 2.6 0.444053
1.6 2.8 0.33318
1.6 3 0.254885
1.6 3.2 0.200189
1.6 3.4 0.157926
1.6 3.6 0.124392
1.6 3.8 0.0974372
1.6 4 0.0749052
1.6 4.2 0.0557253
1.6 4.4 0.0392638
1.6 4.6 0.0253799
1.6 4.8 0.0146029
1.6 5 0.00735972
1.6 5.2 0.00320945
1.6 5.4 0.00120543
1.8 -4.8 0.00104382
1.8 -4.6 0.00389823
1.8 -4.4 0.0125885
1.8 -4.2 0.034734
1.8 -4 0.0832421
1.8 -3.8 0.174485
1.8 -3.6 0.322659
1.8 -3.4 0.530404
1.8 -3.2 0.779666
1.8 -3 1.03044
1.8 -2.8 1.23696
1.8 -2.6 1.37804
1.8 -2.4 1.47091
1.8 -2.2 1.54002
1.8 -2 1.57935
1.8 -1.8 1.56949
1.8 -1.6 1.51434
1.8 -1.4 1.44433
1.8 -1.2 1.40622
1.8 -1 1.45383
1.8 -0.8 1.61221
1.8 -0.6 1.85042
1.8 -0.4 2.10694
1.8 -0.2 2.31866
1.8 -2.05391e-15 2.4288
1.8 0.2 2.39423
1.8 0.4 2.20548
1.8 0.6 1.90152
1.8 0.8 1.55121
1.8 1 1.21475
1.8 1.2 0.934237
1.8 1.4 0.758063
1.8 1.6 0.718962
1.8 1.8 0.757571
1.8 2 0.774451
1.8 2.2 0.720515
1.8 2.4 0.604981
1.8 2.6 0.470721
1.8 2.8 0.358881
1.8 3 0.278487
1.8 3.2 0.213406
1.8 3.4 0.154111
1.8 3.6 0.1043
1.8 3.8 0.068439
1.8 4 0.0452745
1.8 4.2 0.030387
1.8 4.4 0.0200706
1.8 4.6 0.0124434
1.8 4.8 0.00693028
1.8 5 0.00341999
1.8 5.2 0.00146161
2 -4.6 0.00222125
2 -4.4 0.00738412
2 -4.2 0.0211457
2 -4 0.0532855
2 -3.8 0.118918
2 -3.6 0.235985
2 -3.4 0.416526
2 -3.2 0.652637
2 -3 0.907486
2 -2.8 1.12685
2 -2.6 1.27313
2 -2.4 1.35431
2 -2.2 1.40885
2 -2 1.45654
2 -1.8 1.48531
2 -1.6 1.48473
2 -1.4 1.46826
2 -1.2 1.47359
2 -1 1.54891
2 -0.8 1.71487
2 -0.6 1.94127
2 -0.4 2.17182
2 -0.2 2.3515
2 -2.05391e-15 2.43222
2 0.2 2.37685
2 0.4 2.17852
2 0.6 1.8757
2 0.8 1.53253
2 1 1.20258
2 1.2 0.926053
2 1.4 0.756543
2 1.6 0.728747
2 1.8 0.776627
2 2 0.797622
2 2.2 0.743722
2 2.4 0.626841
2 2.6 0.492931
2 2.8 0.382794
2 3 0.300589
2 3.2 0.227999
2 3.4 0.158275
2 3.6 0.098727
2 3.8 0.0563257
2 4 0.0308294
2 4.2 0.0171554
2 4.4 0.00987212
2 4.6 0.005639
2 4.8 0.00294305
2 5 0.00142456
2.2 -4.6 0.00116186
2.2 -4.4 0.0040794
2.2 -4.2 0.0124716
2.2 -4 0.0338812
2.2 -3.8 0.0816647
2.2 -3.6 0.173966
2.2 -3.4 0.325976
2.2 -3.2 0.535518
2.2 -3 0.771654
2.2 -2.8 0.982019
2.2 -2.6 1.12401
2.2 -2.4 1.19874
2.2 -2.2 1.24862
2.2 -2 1.30853
2.2 -1.8 1.37178
2.2 -1.6 1.41581
2.2 -1.4 1.43816
2.2 -1.2 1.46612
2.2 -1 1.5424
2.2 -0.8 1.68762
2.2 -0.6 1.87626
2.2 -0.4 2.0577
2.2 -0.2 2.18508
2.2 -2.05391e-15 2.22185
2.2 0.2 2.14256
2.2 0.4 1.94717
2.2 0.6 1.67255
2.2 0.8 1.37271
2.2 1 1.08752
2.2 1.2 0.84756
2.2 1.4 0.703248
2.2 1.6 0.69179
2.2 1.8 0.753316
2.2 2 0.788772
2.2 2.2 0.748331
2.2 2.4 0.641242
2.2 2.6 0.512576
2.2 2.8 0.402161
2.2 3 0.314115
2.2 3.2 0.233502
2.2 3.4 0.157208
2.2 3.6 0.0937772
2.2 3.8 0.0497359
2.2 4 0.0240786
2.2 4.2 0.0111448
2.2 4.4 0.00522343
2.2 4.6 0.00252215
2.2 4.8 0.00110534
2.4 -4.6 0.000597815
2.4 -4.4 0.00222291
2.4 -4.2 0.00754308
2.4 -4 0.022133
2.4 -3.8 0.0569186
2.4 -3.6 0.12777
2.4 -3.4 0.249501
2.4 -3.2 0.423425
2.4 -3 0.626148
2.4 -2.8 0.813481
2.4 -2.6 0.946384
2.4 -2.4 1.02326
2.4 -2.2 1.08376
2.4 -2 1.16499
2.4 -1.8 1.25986
2.4 -1.6 1.33651
2.4 -1.4 1.37948
2.4 -1.2 1.40561
2.4 -1 1.45327
2.4 -0.8 1.54844
2.4 -0.6 1.67583
2.4 -0.4 1.79222
2.4 -0.2 1.85789
2.4 -2.05391e-15 1.84797
2.4 0.2 1.75002
2.4 0.4 1.57107
2.4 0.6 1.34458
2.4 0.8 1.1121
2.4 1 0.89763
2.4 1.2 0.717506
2.4 1.4 0.611615
2.4 1.6 0.618073
2.4 1.8 0.691704
2.4 2 0.743072
2.4 2.2 0.721532
2.4 2.4 0.632315
2.4 2.6 0.516224
2.4 2.8 0.409166
2.4 3 0.316235
2.4 3.2 0.228957
2.4 3.4 0.14905
2.4 3.6 0.0855103
2.4 3.8 0.0431585
2.4 4 0.0194348
2.4 4.2 0.00805302
2.4 4.4 0.00317634
2.4 4.6 0.0010465
2.6 -4.6 0.000217348
2.6 -4.4 0.00130512
2.6 -4.2 0.0047337
2.6 -4 0.0147066
2.6 -3.8 0.0395174
2.6 -3.6 0.0918112
2.6 -3.4 0.184259
2.6 -3.2 0.319874
2.6 -3 0.482431
2.6 -2.8 0.638602
2.6 -2.6 0.758083
2.6 -2.4 0.840786
2.6 -2.2 0.92156
2.6 -2 1.03181
2.6 -1.8 1.15979
2.6 -1.6 1.26634
2.6 -1.4 1.32438
2.6 -1.2 1.33843
2.6 -1 1.34086
2.6 -0.8 1.36557
2.6 -0.6 1.41455
2.6 -0.4 1.45712
2.6 -0.2 1.46067
2.6 -2.05391e-15 1.40962
2.6 0.2 1.30224
2.6 0.4 1.14971
2.6 0.6 0.979359
2.6 0.8 0.820206
2.6 1 0.682293
2.6 1.2 0.567805
2.6 1.4 0.50343
2.6 1.6 0.525006
2.6 1.8 0.603215
2.6 2 0.663185
2.6 2.2 0.658372
2.6 2.4 0.591677
2.6 2.6 0.496816
2.6 2.8 0.401257
2.6 3 0.309056
2.6 3.2 0.218715
2.6 3.4 0.13773
2.6 3.6 0.0759837
2.6 3.8 0.0365851
2.6 4 0.0155057
2.6 4.2 0.00589762
2.6 4.4 0.00207546
2.6 4.6 0.000668302
2.8 -4.6 0.000152511
2.8 -4.4 0.00067121
2.8 -4.2 0.00292718
2.8 -4 0.00959904
2.8 -3.8 0.0264783
2.8 -3.6 0.0628173
2.8 -3.4 0.128314
2.8 -3.2 0.226332
2.8 -3 0.346978
2.8 -2.8 0.468285
2.8 -2.6 0.570842
2.8 -2.4 0.658419
2.8 -2.2 0.761284
2.8 -2 0.903411
2.8 -1.8 1.0685
2.8 -1.6 1.21227
2.8 -1.4 1.29591
2.8 -1.2 1.30788
2.8 -1 1.26868
2.8 -0.8 1.21624
2.8 -0.6 1.17522
2.8 -0.4 1.13831
2.8 -0.2 1.08371
2.8 -2.05391e-15 1.00083
2.8 0.2 0.892866
2.8 0.4 0.770962
2.8 0.6 0.653977
2.8 0.8 0.559109
2.8 1 0.485919
2.8 1.2 0.427191
2.8 1.4 0.400072
2.8 1.6 0.435615
2.8 1.8 0.514463
2.8 2 0.577261
2.8 2.2 0.585796
2.8 2.4 0.542563
2.8 2.6 0.472526
2.8 2.8 0.392188
2.8 3 0.303543
2.8 3.2 0.211607
2.8 3.4 0.129683
2.8 3.6 0.0690952
2.8 3.8 0.0319277
2.8 4 0.0128501
2.8 4.2 0.00456489
2.8 4.4 0.0014702
2.8 4.6 0.000348543
3 -4.6 9.70029e-05
3 -4.4 0.000434241
3 -4.2 0.00166375
3 -4 0.00585014
3 -3.8 0.016411
3 -3.6 0.039426
3 -3.4 0.0815347
3 -3.2 0.145802
3 -3 0.22744
3 -2.8 0.314575
3 -2.6 0.397992
3 -2.4 0.485763
3 -2.2 0.605049
3 -2 0.774763
3 -1.8 0.977636
3 -1.6 1.16724
3 -1.4 1.29332
3 -1.2 1.32506
3 -1 1.26477
3 -0.8 1.14574
3 -0.6 1.01191
3 -0.4 0.889855
3 -0.2 0.779828
3 -2.05391e-15 0.67434
3 0.2 0.57312
3 0.4 0.481833
3 0.6 0.40956
3 0.8 0.362348
3 1 0.332917
3 1.2 0.312536
3 1.4 0.316613
3 1.6 0.369879
3 1.8 0.453887
3 2 0.521443
3 2.2 0.543741
3 2.4 0.523562
3 2.6 0.476465
3 2.8 0.407963
3 3 0.318779
3 3.2 0.22055
3 3.4 0.132729
3 3.6 0.0689492
3 3.8 0.0308565
3 4 0.0119198
3 4.2 0.00400264
3 4.4 0.00118812
3.2 -4.4 0.0002435
3.2 -4.2 0.000936813
3.2 -4 0.00312536
3.2 -3.8 0.00907535
3.2 -3.6 0.0220125
3.2 -3.4 0.0460781
3.2 -3.2 0.083735
3.2 -3 0.133641
3.2 -2.8 0.191203
3.2 -2.6 0.254835
3.2 -2.4 0.336228
3.2 -2.2 0.461068
3.2 -2 0.646689
3.2 -1.8 0.87914
3.2 -1.6 1.11356
3.2 -1.4 1.29041
3.2 -1.2 1.35918
3.2 -1 1.3015
3.2 -0.8 1.14084
3.2 -0.6 0.931387
3.2 -0.4 0.729463
3.2 -0.2 0.566021
3.2 -2.05391e-15 0.44348
3.2 0.2 0.353912
3.2 0.4 0.291843
3.2 0.6 0.254701
3.2 0.8 0.237375
3.2 1 0.229899
3.2 1.2 0.230317
3.2 1.4 0.257761
3.2 1.6 0.32793
3.2 1.8 0.419023
3.2 2 0.494104
3.2 2.2 0.533176
3.2 2.4 0.538142
3.2 2.6 0.513192
3.2 2.8 0.452968
3.2 3 0.358068
3.2 3.2 0.247444
3.2 3.4 0.147622
3.2 3.6 0.0756338
3.2 3.8 0.033227
3.2 4 0.0125244
3.2 4.2 0.00406259
3.2 4.4 0.00114289
3.2 4.6 0.000255072
3.4 -4.4 0.000117105
3.4 -4.2 0.000451349
3.4 -4 0.00152314
3.4 -3.8 0.00433619
3.4 -3.6 0.0107642
3.4 -3.4 0.0229031
3.4 -3.2 0.0425603
3.4 -3 0.0701344
3.4 -2.8 0.10516
3.4 -2.6 0.150598
3.4 -2.4 0.220298
3.4 -2.2 0.338809
3.4 -2 0.523886
3.4 -1.8 0.767861
3.4 -1.6 1.03109
3.4 -1.4 1.249
3.4 -1.2 1.35519
3.4 -1 1.31316
3.4 -0.8 1.13729
3.4 -0.6 0.886782
3.4 -0.4 0.634821
3.4 -0.2 0.43414
3.4 -2.05391e-15 0.301371
3.4 0.2 0.226489
3.4 0.4 0.191374
3.4 0.6 0.179037
3.4 0.8 0.175285
3.4 1 0.173283
3.4 1.2 0.181399
3.4 1.4 0.220374
3.4 1.6 0.294935
3.4 1.8 0.383458
3.4 2 0.46073
3.4 2.2 0.515251
3.4 2.4 0.545561
3.4 2.6 0.542544
3.4 2.8 0.491009
3.4 3 0.39226
3.4 3.2 0.271619
3.4 3.4 0.161617
3.4 3.6 0.0823366
3.4 3.8 0.0358738
3.4 4 0.0133676
3.4 4.2 0.00426497
3.4 4.4 0.00113343
3.4 4.6 0.000268511
3.6 -4.2 0.000186133
3.6 -4 0.000639501
3.6 -3.8 0.00184109
3.6 -3.6 0.00460285
3.6 -3.4 0.0100543
3.6 -3.2 0.0193809
3.6 -3 0.0335008
3.6 -2.8 0.0537023
3.6 -2.6 0.0848251
3.6 -2.4 0.140621
3.6 -2.2 0.243148
3.6 -2 0.410746
3.6 -1.8 0.642645
3.6 -1.6 0.906743
3.6 -1.4 1.13931
3.6 -1.2 1.26623
3.6 -1 1.2403
3.6 -0.8 1.0699
3.6 -0.6 0.815619
3.6 -0.4 0.556469
3.6 -0.2 0.352448
3.6 -2.05391e-15 0.227344
3.6 0.2 0.171981
3.6 0.4 0.15739
3.6 0.6 0.156517
3.6 0.8 0.154955
3.6 1 0.152023
3.6 1.2 0.162426
3.6 1.4 0.201994
3.6 1.6 0.265708
3.6 1.8 0.336648
3.6 2 0.403047
3.6 2.2 0.462218
3.6 2.4 0.508678
3.6 2.6 0.522028
3.6 2.8 0.480883
3.6 3 0.387192
3.6 3.2 0.268777
3.6 3.4 0.159887
3.6 3.6 0.0813034
3.6 3.8 0.03531
3.6 4 0.0130957
3.6 4.2 0.00413346
3.6 4.4 0.00111451
3.6 4.6 0.000258893
3.8 -4.2 6.70461e-05
3.8 -4 0.000222837
3.8 -3.8 0.000705962
3.8 -3.6 0.00183296
3.8 -3.4 0.00424083
3.8 -3.2 0.00871957
3.8 -3 0.0163587
3.8 -2.8 0.028897
3.8 -2.6 0.0508239
3.8 -2.4 0.0931067
3.8 -2.2 0.173901
3.8 -2 0.311213
3.8 -1.8 0.509272
3.8 -1.6 0.743896
3.8 -1.4 0.958282
3.8 -1.2 1.08153
3.8 -1 1.06581
3.8 -0.8 0.91668
3.8 -0.6 0.690763
3.8 -0.4 0.462695
3.8 -0.2 0.289303
3.8 -2.05391e-15 0.193432
3.8 0.2 0.162069
3.8 0.4 0.160736
3.8 0.6 0.163943
3.8 0.8 0.16096
3.8 1 0.155551
3.8 1.2 0.165287
3.8 1.4 0.19961
3.8 1.6 0.245483
3.8 1.8 0.289085
3.8 2 0.330465
3.8 2.2 0.376911
3.8 2.4 0.422431
3.8 2.6 0.441483
3.8 2.8 0.411055
3.8 3 0.332628
3.8 3.2 0.231364
3.8 3.4 0.137702
3.8 3.6 0.0699994
3.8 3.8 0.0303714
3.8 4 0.0112359
3.8 4.2 0.00354485
3.8 4.4 0.000956375
3.8 4.6 0.000220484
4 -4 8.5191e-05
4 -3.8 0.000310623
4 -3.6 0.000888393
4 -3.4 0.00231536
4 -3.2 0.00537513
4 -3 0.0112682
4 -2.8 0.0216538
4 -2.6 0.0393791
4 -2.4 0.0710449
4 -2.2 0.129758
4 -2 0.23142
4 -1.8 0.382395
4 -1.6 0.56552
4 -1.4 0.735554
4 -1.2 0.834372
4 -1 0.822518
4 -0.8 0.705031
4 -0.6 0.529404
4 -0.4 0.357775
4 -0.2 0.237231
4 -2.05391e-15 0.184413
4 0.2 0.181294
4 0.4 0.19632
4 0.6 0.206555
4 0.8 0.200893
4 1 0.185505
4 1.2 0.182947
4 1.4 0.204639
4 1.6 0.232784
4 1.8 0.250207
4 2 0.260874
4 2.2 0.280725
4 2.4 0.309658
4 2.6 0.324211
4 2.8 0.302988
4 3 0.245749
4 3.2 0.171146
4 3.4 0.101924
4 3.6 0.0518266
4 3.8 0.0224828
4 4 0.00831773
4 4.2 0.00262665
4 4.4 0.000707739
4 4.6 0.000162752
4.2 -3.8 0.000179842
4.2 -3.6 0.000693419
4.2 -3.4 0.0020344
4.2 -3.2 0.00517295
4.2 -3 0.0115976
4.2 -2.8 0.0230173
4.2 -2.6 0.0410045
4.2 -2.4 0.0679857
4.2 -2.2 0.110316
4.2 -2 0.179078
4.2 -1.8 0.280991
4.2 -1.6 0.405191
4.2 -1.4 0.51972
4.2 -1.2 0.58382
4.2 -1 0.571153
4.2 -0.8 0.487804
4.2 -0.6 0.370026
4.2 -0.4 0.264085
4.2 -0.2 0.204748
4.2 -2.05391e-15 0.20089
4.2 0.2 0.233891
4.2 0.4 0.274791
4.2 0.6 0.296634
4.2 0.8 0.28484
4.2 1 0.247592
4.2 1.2 0.214645
4.2 1.4 0.209867
4.2 1.6 0.218913
4.2 1.8 0.217344
4.2 2 0.203948
4.2 2.2 0.195946
4.2 2.4 0.201978
4.2 2.6 0.206704
4.2 2.8 0.192098
4.2 3 0.155636
4.2 3.2 0.108385
4.2 3.4 0.064565
4.2 3.6 0.0328432
4.2 3.8 0.0142533
4.2 4 0.0052777
4.2 4.2 0.00166704
4.2 4.4 0.000449143
4.2 4.6 0.000103235
4.4 -3.8 0.000177951
4.4 -3.6 0.000779144
4.4 -3.4 0.00243656
4.4 -3.2 0.00648154
4.4 -3 0.0148961
4.4 -2.8 0.0296529
4.4 -2.6 0.051552
4.4 -2.4 0.07976
4.4 -2.2 0.114017
4.4 -2 0.158248
4.4 -1.8 0.217931
4.4 -1.6 0.28873
4.4 -1.4 0.351351
4.4 -1.2 0.381342
4.4 -1 0.365217
4.4 -0.8 0.310895
4.4 -0.6 0.244849
4.4 -0.4 0.199191
4.4 -0.2 0.19749
4.4 -2.05391e-15 0.243209
4.4 0.2 0.318369
4.4 0.4 0.39065
4.4 0.6 0.425197
4.4 0.8 0.403308
4.4 1 0.335953
4.4 1.2 0.260287
4.4 1.4 0.214671
4.4 1.6 0.198996
4.4 1.8 0.184061
4.4 2 0.158548
4.4 2.2 0.133365
4.4 2.4 0.120782
4.4 2.6 0.115777
4.4 2.8 0.105173
4.4 3 0.0845724
4.4 3.2 0.0587468
4.4 3.4 0.0349714
4.4 3.6 0.0177893
4.4 3.8 0.00772449
4.4 4 0.00286191
4.4 4.2 0.00090449
4.4 4.4 0.000243822
4.6 -3.8 0.00027255
4.6 -3.6 0.00100535
4.6 -3.4 0.00324312
4.6 -3.2 0.00885429
4.6 -3 0.0203772
4.6 -2.8 0.0402648
4.6 -2.6 0.0686395
4.6 -2.4 0.101944
4.6 -2.2 0.134582
4.6 -2 0.163698
4.6 -1.8 0.191783
4.6 -1.6 0.220461
4.6 -1.4 0.242441
4.6 -1.2 0.245843
4.6 -1 0.226147
4.6 -0.8 0.192437
4.6 -0.6 0.164394
4.6 -0.4 0.164413
4.6 -0.2 0.208594
4.6 -2.05391e-15 0.297918
4.6 0.2 0.413046
4.6 0.4 0.515234
4.6 0.6 0.561018
4.6 0.8 0.52761
4.6 1 0.429396
4.6 1.2 0.310838
4.6 1.4 0.220165
4.6 1.6 0.174234
4.6 1.8 0.148041
4.6 2 0.119646
4.6 2.2 0.0904868
4.6 2.4 0.0697331
4.6 2.6 0.0588065
4.6 2.8 0.0504093
4.6 3 0.0396614
4.6 3.2 0.0273181
4.6 3.4 0.0162084
4.6 3.6 0.00823614
4.6 3.8 0.00357634
4.6 4 0.00132557
4.6 4.2 0.000419202
4.6 4.4 0.000113082
4.8 -3.8 0.000357609
4.8 -3.6 0.00131888
4.8 -3.4 0.00414792
4.8 -3.2 0.0112509
4.8 -3 0.0258324
4.8 -2.8 0.0507805
4.8 -2.6 0.0857111
4.8 -2.4 0.124975
4.8 -2.2 0.159154
4.8 -2 0.180598
4.8 -1.8 0.188495
4.8 -1.6 0.187402
4.8 -1.4 0.180115
4.8 -1.2 0.165255
4.8 -1 0.143569
4.8 -0.8 0.12326
4.8 -0.6 0.11889
4.8 -0.4 0.147206
4.8 -0.2 0.220829
4.8 -2.05391e-15 0.339754
4.8 0.2 0.482722
4.8 0.4 0.605667
4.8 0.6 0.658753
4.8 0.8 0.616426
4.8 1 0.495836
4.8 1.2 0.346781
4.8 1.4 0.22205
4.8 1.6 0.148202
4.8 1.8 0.111487
4.8 2 0.0847494
4.8 2.2 0.0598187
4.8 2.4 0.0403352
4.8 2.6 0.0286084
4.8 2.8 0.0218277
4.8 3 0.0162918
4.8 3.2 0.0109758
4.8 3.4 0.00644974
4.8 3.6 0.00326414
4.8 3.8 0.00141531
4.8 4 0.000524469
4.8 4.2 0.000165926
4.8 4.4 4.47744e-05
5 -3.8 0.000400399
5 -3.6 0.00147618
5 -3.4 0.00464146
5 -3.2 0.0124523
5 -3 0.0286402
5 -2.8 0.0561811
5 -2.6 0.0945422
5 -2.4 0.137119
5 -2.2 0.172734
5 -2 0.191357
5 -1.8 0.189853
5 -1.6 0.172627
5 -1.4 0.147193
5 -1.2 0.120008
5 -1 0.0966124
5 -0.8 0.0838995
5 -0.6 0.0914498
5 -0.4 0.13202
5 -0.2 0.216644
5 -2.05391e-15 0.345068
5 0.2 0.495749
5 0.4 0.623584
5 0.6 0.677683
5 0.8 0.632364
5 1 0.50568
5 1.2 0.347973
5 1.4 0.211027
5 1.6 0.122755
5 1.8 0.0787136
5 2 0.054984
5 2.2 0.0368768
5 2.4 0.0228799
5 2.6 0.0139187
5 2.8 0.00899207
5 3 0.00604619
5 3.2 0.0038716
5 3.4 0.00222159
5 3.6 0.00111154
5 3.8 0.000479638
5 4 0.000177395
5 4.2 5.60987e-05
5.2 -3.8 0.00038233
5.2 -3.6 0.00140941
5.2 -3.4 0.00443176
5.2 -3.2 0.0118937
5.2 -3 0.0273002
5.2 -2.8 0.0536061
5.2 -2.6 0.0904067
5.2 -2.4 0.131565
5.2 -2.2 0.166485
5.2 -2 0.185051
5.2 -1.8 0.182757
5.2 -1.6 0.162095
5.2 -1.4 0.13042
5.2 -1.2 0.0970279
5.2 -1 0.0710551
5.2 -0.8 0.0600213
5.2 -0.6 0.0700806
5.2 -0.4 0.109998
5.2 -0.2 0.188736
5.2 -2.05391e-15 0.305963
5.2 0.2 0.442333
5.2 0.4 0.557333
5.2 0.6 0.605446
5.2 0.8 0.564062
5.2 1 0.449661
5.2 1.2 0.307039
5.2 1.4 0.181403
5.2 1.6 0.0968889
5.2 1.8 0.052805
5.2 2 0.0324704
5.2 2.2 0.0205361
5.2 2.4 0.0120928
5.2 2.6 0.00665757
5.2 2.8 0.00367087
5.2 3 0.00212567
5.2 3.2 0.00123741
5.2 3.4 0.00067419
5.2 3.6 0.000328319
5.2 3.8 0.000139884
5.2 4 5.14312e-05
5.2 4.2 1.62245e-05
5.4 -3.8 0.000311401
5.4 -3.6 0.00114818
5.4 -3.4 0.00361255
5.4 -3.2 0.00970816
5.4 -3 0.0223187
5.4 -2.8 0.0440347
5.4 -2.6 0.0748266
5.4 -2.4 0.110261
5.4 -2.2 0.142126
5.4 -2 0.161731
5.4 -1.8 0.163613
5.4 -1.6 0.147448
5.4 -1.4 0.118252
5.4 -1.2 0.0849804
5.4 -1 0.0576491
5.4 -0.8 0.0444475
5.4 -0.6 0.0507113
5.4 -0.4 0.0817434
5.4 -0.2 0.143283
5.4 -2.05391e-15 0.234725
5.4 0.2 0.34087
5.4 0.4 0.430112
5.4 0.6 0.467213
5.4 0.8 0.434852
5.4 1 0.346015
5.4 1.2 0.235338
5.4 1.4 0.137362
5.4 1.6 0.0701966
5.4 1.8 0.0338179
5.4 2 0.0176813
5.4 2.2 0.0102123
5.4 2.4 0.00574204
5.4 2.6 0.00297467
5.4 2.8 0.00146616
5.4 3 0.000731638
5.4 3.2 0.000373529
5.4 3.4 0.000185874
5.4 3.6 8.5673e-05
5.4 3.8 3.54825e-05
5.4 4 1.28498e-05
5.6 -3.8 0.000216414
5.6 -3.6 0.000798614
5.6 -3.4 0.002517
5.6 -3.2 0.0067859
5.6 -3 0.0156917
5.6 -2.8 0.031256
5.6 -2.6 0.05399
5.6 -2.4 0.0815327
5.6 -2.2 0.10864
5.6 -2 0.12854
5.6 -1.8 0.135126
5.6 -1.6 0.125574
5.6 -1.4 0.10251
5.6 -1.2 0.0735861
5.6 -1 0.0481082
5.6 -0.8 0.0334507
5.6 -0.6 0.0341666
5.6 -0.4 0.0534667
5.6 -0.2 0.0941109
5.6 -2.05391e-15 0.155133
5.6 0.2 0.226073
5.6 0.4 0.285652
5.6 0.6 0.310314
5.6 0.8 0.288622
5.6 1 0.229374
5.6 1.2 0.155655
5.6 1.4 0.0903217
5.6 1.6 0.045204
5.6 1.8 0.0202466
5.6 2 0.00906471
5.6 2.2 0.00456677
5.6 2.4 0.00241175
5.6 2.6 0.00119478
5.6 2.8 0.000547336
5.6 3 0.000243543
5.6 3.2 0.000109038
5.6 3.4 4.83745e-05
5.6 3.6 2.03448e-05
5.6 3.8 7.99115e-06
5.8 -3.8 0.000128429
5.8 -3.6 0.000474896
5.8 -3.4 0.00150241
5.8 -3.2 0.00407811
5.8 -3 0.00954042
5.8 -2.8 0.0193656
5.8 -2.6 0.0344067
5.8 -2.4 0.0539856
5.8 -2.2 0.0752569
5.8 -2 0.0931474
5.8 -1.8 0.101748
5.8 -1.6 0.0972467
5.8 -1.4 0.0807799
5.8 -1.2 0.0583776
5.8 -1 0.0377158
5.8 -0.8 0.024578
5.8 -0.6 0.0218036
5.8 -0.4 0.0309941
5.8 -0.2 0.053443
5.8 -2.05391e-15 0.0881493
5.8 0.2 0.12876
5.8 0.4 0.16288
5.8 0.6 0.176958
5.8 0.8 0.164505
5.8 1 0.13061
5.8 1.2 0.0885025
5.8 1.4 0.0511987
5.8 1.6 0.0253762
5.8 1.8 0.0109571
5.8 2 0.00439273
5.8 2.2 0.00187757
5.8 2.4 0.000896416
5.8 2.6 0.000417639
5.8 2.8 0.000183769
5.8 3 7.49466e-05
5.8 3.2 2.95034e-05
5.8 3.4 1.13885e-05
6 -3.6 0.000242052
6 -3.4 0.000771695
6 -3.2 0.00212232
6 -3 0.0050709
6 -2.8 0.0106212
6 -2.6 0.0196738
6 -2.4 0.0323881
6 -2.2 0.0473215
6 -2 0.0609335
6 -1.8 0.0685245
6 -1.6 0.0667578
6 -1.4 0.0560978
6 -1.2 0.0407733
6 -1 0.0263025
6 -0.8 0.0167156
6 -0.6 0.0133687
6 -0.4 0.01633
6 -0.2 0.0263944
6 -2.05391e-15 0.0430566
6 0.2 0.0628854
6 0.4 0.0796062
6 0.6 0.0864931
6 0.8 0.0803725
6 1 0.0637624
6 1.2 0.0431599
6 1.4 0.0249228
6 1.6 0.012295
6 1.8 0.00521889
6 2 0.001966
6 2.2 0.000725873
6 2.4 0.000299469
6 2.6 0.000127699
6 2.8 5.46514e-05
6 3 2.10824e-05
6 3.2 7.65984e-06
6.2 -3.6 0.000106261
6.2 -3.4 0.000343751
6.2 -3.2 0.000967605
6.2 -3 0.00239177
6.2 -2.8 0.00523571
6.2 -2.6 0.0101906
6.2 -2.4 0.017589
6.2 -2.2 0.0267133
6.2 -2 0.0353692
6.2 -1.8 0.0405025
6.2 -1.6 0.0399003
6.2 -1.4 0.0337388
6.2 -1.2 0.0246187
6.2 -1 0.0159187
6.2 -0.8 0.010103
6.2 -0.6 0.00772635
6.2 -0.4 0.00809977
6.2 -0.2 0.0115222
6.2 -2.05391e-15 0.0181257
6.2 0.2 0.0263264
6.2 0.4 0.0333125
6.2 0.6 0.0361893
6.2 0.8 0.0336173
6.2 1 0.0266533
6.2 1.2 0.0180244
6.2 1.4 0.0103932
6.2 1.6 0.00510932
6.2 1.8 0.00215457
6.2 2 0.000787302
6.2 2.2 0.000263568
6.2 2.4 6.94307e-05
6.4 -3.4 0.00013444
6.4 -3.2 0.000392407
6.4 -3 0.00101567
6.4 -2.8 0.00233777
6.4 -2.6 0.00476671
6.4 -2.4 0.00853801
6.4 -2.2 0.0133097
6.4 -2 0.0179201
6.4 -1.8 0.0207334
6.4 -1.6 0.020548
6.4 -1.4 0.0174359
6.4 -1.2 0.0127557
6.4 -1 0.00827056
6.4 -0.8 0.00530924
6.4 -0.6 0.0040525
6.4 -0.4 0.00383741
6.4 -0.2 0.00458664
6.4 -2.05391e-15 0.00663237
6.4 0.2 0.00945447
6.4 0.4 0.0119283
6.4 0.6 0.0129495
6.4 0.8 0.0120259
6.4 1 0.00952977
6.4 1.2 0.00644014
6.4 1.4 0.00371059
6.4 1.6 0.00182257
6.4 1.8 0.000763131
6.4 2 0.00027241
6.6 -3.2 0.000143487
6.6 -3 0.000390533
6.6 -2.8 0.00094045
6.6 -2.6 0.00198603
6.6 -2.4 0.00364438
6.6 -2.2 0.00576916
6.6 -2 0.0078396
6.6 -1.8 0.00911669
6.6 -1.6 0.00906611
6.6 -1.4 0.00770688
6.6 -1.2 0.00562885
6.6 -1 0.00368128
6.6 -0.8 0.00240463
6.6 -0.6 0.0018708
6.6 -0.4 0.00169711
6.6 -0.2 0.00172356
6.6 -2.05391e-15 0.0021502
6.6 0.2 0.00292411
6.6 0.4 0.0036552
6.6 0.6 0.00395985
6.6 0.8 0.0036766
6.6 1 0.00291218
6.6 1.2 0.0019669
6.6 1.4 0.00113253
6.6 1.6 0.000555865
6.6 1.8 0.000232559
6.6 2 8.29382e-05
6.8 -3 0.000134974
6.8 -2.8 0.000335931
6.8 -2.6 0.000725426
6.8 -2.4 0.00134994
6.8 -2.2 0.00215485
6.8 -2 0.00294241
6.8 -1.8 0.00343116
6.8 -1.6 0.00341367
6.8 -1.4 0.00290794
6.8 -1.2 0.00212548
6.8 -1 0.00135926
6.8 -0.8 0.000929038
6.8 -0.6 0.000749839
6.8 -0.4 0.000674119
6.8 -0.2 0.000615712
6.8 -2.05391e-15 0.000638813
6.8 0.2 0.000786813
6.8 0.4 0.000960061
6.8 0.6 0.00103423
6.8 0.8 0.000960094
6.8 1 0.000760197
6.8 1.2 0.000513196
6.8 1.4 0.000295334
6.8 1.6 0.000144867
7 -2.8 0.000104931
7 -2.6 0.000229493
7 -2.4 0.000430289
7 -2.2 0.00068984
7 -2 0.000944285
7 -1.8 0.00110266
7 -1.6 0.00109789
7 -1.4 0.000931832
7 -1.2 0.000684338
7 -1 0.000438112
7 -0.8 0.000258826
7 -0.6 0.000255526
7 -0.4 0.000230464
7 -0.2 0.000203635
7 -2.05391e-15 0.000179541
7 0.2 0.000188268
7 0.4 0.000212013
7 0.6 0.000230606
7 0.8 0.000214046
7 1 0.000169427
7 1.2 0.000114334
7 1.4 6.57667e-05
7.2 -2.4 0.000117466
7.2 -2.2 0.000188737
7.2 -2 0.00025867
7.2 -1.8 0.000302264
7.2 -1.6 0.000301072
7.2 -1.4 0.000255589
7.2 -1.2 0.000184885
7.2 -1 0.000120366
7.2 -0.8 7.13007e-05
7.2 -0.6 4.25312e-05
7.2 -0.4 6.86513e-05
7.2 -0.2 5.89382e-05
7.2 -2.05391e-15 4.78481e-05
7.2 0.2 4.1543e-05
7.2 0.4 4.03269e-05
7.2 0.6 4.38691e-05
7.2 0.8 4.07143e-05
7.2 1 3.22199e-05
7.4 -1.8 7.06404e-05
7.4 -1.6 7.03715e-05
7.4 -1.4 5.97423e-05
7.4 -1.2 4.32259e-05
7.4 -0.4 5.69899e-06
7.4 -0.2 1.5045e-05
7.4 -2.05391e-15 1.10071e-05
